0 1202.06 1201.91 1202.2
1 1202.06 1201.91 1202.2
2 1202.06 1201.91 1202.2
3 1202.06 1201.91 1202.2
4 1202.06 1201.91 1202.2
5 1202.06 1201.91 1202.2
6 1202.06 1201.91 1202.2
7 1202.06 1201.91 1202.19
8 1202.06 1201.91 1202.19
9 1202.06 1201.92 1202.19
10 1202.06 1201.92 1202.19
11 1202.06 1201.92 1202.19
12 1202.06 1201.92 1202.18
13 1202.06 1201.93 1202.18
14 1202.06 1201.93 1202.18
15 1202.06 1201.93 1202.17
16 1202.06 1201.94 1202.17
17 1202.06 1201.94 1202.17
18 1202.06 1201.94 1202.16
19 1202.06 1201.95 1202.16
20 1202.06 1201.95 1202.16
21 1202.06 1201.95 1202.15
22 1202.06 1201.96 1202.15
23 1202.06 1201.96 1202.15
24 1202.06 1201.97 1202.14
25 1202.06 1201.97 1202.14
26 1202.06 1201.97 1202.14
27 1202.06 1201.98 1202.13
28 1202.06 1201.98 1202.13
29 1202.06 1201.98 1202.13
30 1202.06 1201.98 1202.13
31 1202.06 1201.99 1202.12
32 1202.06 1201.99 1202.12
33 1202.06 1201.99 1202.12
34 1202.06 1202 1202.11
35 1202.06 1202 1202.11
36 1202.06 1202 1202.11
37 1202.06 1202 1202.11
38 1202.06 1202.01 1202.11
39 1202.06 1202.01 1202.1
40 1202.06 1202.01 1202.1
41 1202.06 1202.01 1202.1
42 1202.06 1202.01 1202.1
43 1202.06 1202.02 1202.1
44 1202.06 1202.02 1202.09
45 1202.06 1202.02 1202.09
46 1202.06 1202.02 1202.09
47 1202.06 1202.02 1202.09
48 1202.06 1202.02 1202.09
49 1202.06 1202.03 1202.09
50 1202.06 1202.03 1202.09
51 1202.06 1202.03 1202.08
52 1202.06 1202.03 1202.08
53 1202.06 1202.03 1202.08
54 1202.06 1202.03 1202.08
55 1202.06 1202.03 1202.08
56 1202.06 1202.03 1202.08
57 1202.06 1202.03 1202.08
58 1202.06 1202.04 1202.08
59 1202.06 1202.04 1202.08
60 1202.06 1202.04 1202.08
61 1202.06 1202.04 1202.07
62 1202.06 1202.04 1202.07
63 1202.06 1202.04 1202.07
64 1202.06 1202.04 1202.07
65 1202.06 1202.04 1202.07
66 1202.06 1202.04 1202.07
67 1202.06 1202.04 1202.07
68 1202.06 1202.04 1202.07
69 1202.06 1202.04 1202.07
70 1202.06 1202.04 1202.07
71 1202.06 1202.05 1202.07
72 1202.06 1202.05 1202.07
73 1202.06 1202.05 1202.07
74 1202.06 1202.05 1202.07
75 1202.06 1202.05 1202.07
76 1202.06 1202.05 1202.07
77 1202.06 1202.05 1202.07
78 1202.06 1202.05 1202.07
79 1202.06 1202.05 1202.07
80 1202.06 1202.05 1202.07
81 1202.06 1202.05 1202.07
82 1202.06 1202.05 1202.07
83 1202.06 1202.05 1202.06
84 1202.06 1202.05 1202.06
85 1202.06 1202.05 1202.06
86 1202.06 1202.05 1202.06
87 1202.06 1202.05 1202.06
88 1202.06 1202.05 1202.06
89 1202.06 1202.05 1202.06
90 1202.06 1202.05 1202.06
91 1202.06 1202.05 1202.06
92 1202.06 1202.05 1202.06
93 1202.06 1202.05 1202.06
94 1202.06 1202.05 1202.06
95 1202.06 1202.05 1202.06
96 1202.06 1202.05 1202.06
97 1202.06 1202.05 1202.06
98 1202.06 1202.05 1202.06
99 1202.06 1202.05 1202.06
100 1202.06 1202.05 1202.06
101 1202.06 1202.05 1202.06
102 1202.06 1202.05 1202.06
103 1202.06 1202.05 1202.06
104 1202.06 1202.05 1202.06
105 1202.06 1202.05 1202.06
106 1202.06 1202.05 1202.06
107 1202.06 1202.05 1202.06
108 1202.06 1202.05 1202.06
109 1202.06 1202.05 1202.06
110 1202.06 1202.05 1202.06
111 1202.06 1202.05 1202.06
112 1202.06 1202.05 1202.06
113 1202.06 1202.06 1202.06
114 1202.06 1202.06 1202.06
115 1202.06 1202.06 1202.06
116 1202.06 1202.06 1202.06
117 1202.06 1202.06 1202.06
118 1202.06 1202.06 1202.06
119 1202.06 1202.06 1202.06
120 1202.06 1202.06 1202.06
121 1202.06 1202.06 1202.06
122 1202.06 1202.06 1202.06
123 1202.06 1202.06 1202.06
124 1202.06 1202.06 1202.06
125 1202.06 1202.06 1202.06
126 1202.06 1202.06 1202.06
127 1202.06 1202.06 1202.06
128 1202.06 1202.06 1202.06
129 1202.06 1202.06 1202.06
130 1202.06 1202.06 1202.06
131 1202.06 1202.06 1202.06
132 1202.06 1202.06 1202.06
133 1202.06 1202.06 1202.06
134 1202.06 1202.06 1202.06
135 1202.06 1202.06 1202.06
136 1202.06 1202.06 1202.06
137 1202.06 1202.06 1202.06
138 1202.06 1202.06 1202.06
139 1202.06 1202.06 1202.06
140 1202.06 1202.06 1202.06
141 1202.06 1202.06 1202.06
142 1202.06 1202.06 1202.06
143 1202.06 1202.06 1202.06
144 1202.06 1202.06 1202.06
145 1202.06 1202.06 1202.06
146 1202.06 1202.06 1202.06
147 1202.06 1202.06 1202.06
148 1202.06 1202.06 1202.06
149 1202.06 1202.06 1202.06
150 1202.06 1202.06 1202.06
151 1202.06 1202.06 1202.06
152 1202.06 1202.06 1202.06
153 1202.06 1202.06 1202.06
154 1202.06 1202.06 1202.06
155 1202.06 1202.06 1202.06
156 1202.06 1202.06 1202.06
157 1202.06 1202.06 1202.06
158 1202.06 1202.06 1202.06
159 1202.06 1202.06 1202.06
160 1202.06 1202.06 1202.06
161 1202.06 1202.06 1202.06
162 1202.06 1202.06 1202.06
163 1202.06 1202.06 1202.06
164 1202.06 1202.06 1202.06
165 1202.06 1202.06 1202.06
166 1202.06 1202.06 1202.06
167 1202.06 1202.06 1202.06
168 1202.06 1202.06 1202.06
169 1202.06 1202.06 1202.06
170 1202.06 1202.06 1202.06
171 1202.06 1202.06 1202.06
172 1202.06 1202.06 1202.06
173 1202.06 1202.06 1202.06
174 1202.06 1202.06 1202.06
175 1202.06 1202.06 1202.06
176 1202.06 1202.06 1202.06
177 1202.06 1202.06 1202.06
178 1202.06 1202.06 1202.06
179 1202.06 1202.06 1202.06
180 1202.06 1202.06 1202.06
181 1202.06 1202.06 1202.06
182 1202.06 1202.06 1202.06
183 1202.06 1202.06 1202.06
184 1202.06 1202.06 1202.06
185 1202.06 1202.06 1202.06
186 1202.06 1202.06 1202.06
187 1202.06 1202.06 1202.06
188 1202.06 1202.06 1202.06
189 1202.06 1202.06 1202.06
190 1202.06 1202.06 1202.06
191 1202.06 1202.06 1202.06
192 1202.06 1202.06 1202.06
193 1202.06 1202.06 1202.06
194 1202.06 1202.06 1202.06
195 1202.06 1202.06 1202.06
196 1202.06 1202.06 1202.06
197 1202.06 1202.06 1202.06
198 1202.06 1202.06 1202.06
199 1202.06 1202.06 1202.06
