-30 0.05 -8.46893e-35
-28.8 0.05 1.46824e-05
-27.6 0.05 6.08242e-05
-26.4 0.05 0.000134772
-25.2 0.05 0.000231522
-24 0.05 0.000345161
-22.8 0.05 0.000468537
-21.6 0.05 0.000593886
-20.4 0.05 0.000713336
-19.2 0.05 0.000819382
-18 0.05 0.00090536
-16.8 0.05 0.000965868
-15.6 0.05 0.000997104
-14.4 0.05 0.000997105
-13.2 0.05 0.000965872
-12 0.05 0.000905369
-10.8 0.05 0.00081938
-9.6 0.05 0.000713289
-8.4 0.05 0.000593841
-7.2 0.05 0.000468506
-6 0.05 0.000345137
-4.8 0.05 0.000231495
-3.6 0.05 0.00013473
-2.4 0.05 6.09326e-05
-1.2 0.05 1.4732e-05
0 0.05 -9.92514e-07
1.2 0.05 1.4732e-05
2.4 0.05 6.09323e-05
3.6 0.05 0.000134729
4.8 0.05 0.000231493
6 0.05 0.000345134
7.2 0.05 0.000468499
8.4 0.05 0.000593833
9.6 0.05 0.000713307
10.8 0.05 0.000819386
12 0.05 0.000905362
13.2 0.05 0.000965867
14.4 0.05 0.000997104
15.6 0.05 0.000997106
16.8 0.05 0.000965872
18 0.05 0.000905366
19.2 0.05 0.000819388
20.4 0.05 0.000713343
21.6 0.05 0.000593892
22.8 0.05 0.000468542
24 0.05 0.000345164
25.2 0.05 0.000231524
26.4 0.05 0.000134773
27.6 0.05 6.08244e-05
28.8 0.05 1.46824e-05
30 0.05 -8.46896e-35
-30 0.100847 -8.25143e-35
-28.8 0.100847 1.3874e-05
-27.6 0.100847 5.97105e-05
-26.4 0.100847 0.000134009
-25.2 0.100847 0.000230978
-24 0.100847 0.000344825
-22.8 0.100847 0.000468467
-21.6 0.100847 0.000594082
-20.4 0.100847 0.000713783
-19.2 0.100847 0.000820053
-18 0.100847 0.000906213
-16.8 0.100847 0.00096685
-15.6 0.100847 0.000998153
-14.4 0.100847 0.000998155
-13.2 0.100847 0.000966858
-12 0.100847 0.000906233
-10.8 0.100847 0.000820044
-9.6 0.100847 0.000713695
-8.4 0.100847 0.00059399
-7.2 0.100847 0.000468407
-6 0.100847 0.000344783
-4.8 0.100847 0.000230902
-3.6 0.100847 0.000133943
-2.4 0.100847 6.00167e-05
-1.2 0.100847 1.37531e-05
0 0.100847 -1.98827e-06
1.2 0.100847 1.3753e-05
2.4 0.100847 6.00161e-05
3.6 0.100847 0.000133941
4.8 0.100847 0.000230898
6 0.100847 0.000344778
7.2 0.100847 0.000468391
8.4 0.100847 0.000593979
9.6 0.100847 0.000713726
10.8 0.100847 0.000820058
12 0.100847 0.000906219
13.2 0.100847 0.000966848
14.4 0.100847 0.000998153
15.6 0.100847 0.000998156
16.8 0.100847 0.000966857
18 0.100847 0.000906224
19.2 0.100847 0.000820066
20.4 0.100847 0.000713796
21.6 0.100847 0.000594094
22.8 0.100847 0.000468477
24 0.100847 0.000344832
25.2 0.100847 0.000230982
26.4 0.100847 0.00013401
27.6 0.100847 5.9711e-05
28.8 0.100847 1.38741e-05
30 0.100847 -8.25148e-35
-30 0.151695 -8.03484e-35
-28.8 0.151695 1.31792e-05
-27.6 0.151695 5.85872e-05
-26.4 0.151695 0.000133194
-25.2 0.151695 0.000230452
-24 0.151695 0.000344493
-22.8 0.151695 0.000468392
-21.6 0.151695 0.00059428
-20.4 0.151695 0.000714231
-19.2 0.151695 0.000820725
-18 0.151695 0.000907068
-16.8 0.151695 0.000967834
-15.6 0.151695 0.000999204
-14.4 0.151695 0.000999206
-13.2 0.151695 0.000967848
-12 0.151695 0.000907099
-10.8 0.151695 0.000820709
-9.6 0.151695 0.000714104
-8.4 0.151695 0.00059414
-7.2 0.151695 0.000468306
-6 0.151695 0.00034443
-4.8 0.151695 0.000230308
-3.6 0.151695 0.000133154
-2.4 0.151695 5.9099e-05
-1.2 0.151695 1.27714e-05
0 0.151695 -2.98725e-06
1.2 0.151695 1.27714e-05
2.4 0.151695 5.9098e-05
3.6 0.151695 0.000133151
4.8 0.151695 0.000230303
6 0.151695 0.00034442
7.2 0.151695 0.000468282
8.4 0.151695 0.000594128
9.6 0.151695 0.000714146
10.8 0.151695 0.00082073
12 0.151695 0.000907079
13.2 0.151695 0.000967832
14.4 0.151695 0.000999203
15.6 0.151695 0.000999209
16.8 0.151695 0.000967845
18 0.151695 0.000907085
19.2 0.151695 0.000820745
20.4 0.151695 0.000714252
21.6 0.151695 0.000594298
22.8 0.151695 0.000468407
24 0.151695 0.000344503
25.2 0.151695 0.000230458
26.4 0.151695 0.000133197
27.6 0.151695 5.8588e-05
28.8 0.151695 1.31793e-05
30 0.151695 -8.03491e-35
-30 0.202542 -7.82356e-35
-28.8 0.202542 1.25559e-05
-27.6 0.202542 5.74757e-05
-26.4 0.202542 0.000132335
-25.2 0.202542 0.000229928
-24 0.202542 0.000344172
-22.8 0.202542 0.000468312
-21.6 0.202542 0.000594477
-20.4 0.202542 0.000714682
-19.2 0.202542 0.000821398
-18 0.202542 0.000907925
-16.8 0.202542 0.00096882
-15.6 0.202542 0.00100026
-14.4 0.202542 0.00100026
-13.2 0.202542 0.000968841
-12 0.202542 0.000907966
-10.8 0.202542 0.000821374
-9.6 0.202542 0.000714517
-8.4 0.202542 0.000594292
-7.2 0.202542 0.000468205
-6 0.202542 0.000344076
-4.8 0.202542 0.000229714
-3.6 0.202542 0.000132364
-2.4 0.202542 5.81793e-05
-1.2 0.202542 1.17871e-05
0 0.202542 -3.98939e-06
1.2 0.202542 1.17871e-05
2.4 0.202542 5.81779e-05
3.6 0.202542 0.00013236
4.8 0.202542 0.000229708
6 0.202542 0.000344061
7.2 0.202542 0.000468173
8.4 0.202542 0.000594279
9.6 0.202542 0.000714568
10.8 0.202542 0.000821402
12 0.202542 0.000907941
13.2 0.202542 0.000968818
14.4 0.202542 0.00100026
15.6 0.202542 0.00100026
16.8 0.202542 0.000968835
18 0.202542 0.000907947
19.2 0.202542 0.000821425
20.4 0.202542 0.000714709
21.6 0.202542 0.000594501
22.8 0.202542 0.000468332
24 0.202542 0.000344186
25.2 0.202542 0.000229936
26.4 0.202542 0.000132338
27.6 0.202542 5.74767e-05
28.8 0.202542 1.2556e-05
30 0.202542 -7.82366e-35
-30 0.25339 -7.61827e-35
-28.8 0.25339 1.1983e-05
-27.6 0.25339 5.63814e-05
-26.4 0.25339 0.000131439
-25.2 0.25339 0.000229397
-24 0.25339 0.000343864
-22.8 0.25339 0.000468231
-21.6 0.25339 0.000594671
-20.4 0.25339 0.000715134
-19.2 0.25339 0.000822073
-18 0.25339 0.000908783
-16.8 0.25339 0.000969809
-15.6 0.25339 0.00100131
-14.4 0.25339 0.00100132
-13.2 0.25339 0.000969838
-12 0.25339 0.000908834
-10.8 0.25339 0.000822041
-9.6 0.25339 0.000714931
-8.4 0.25339 0.000594445
-7.2 0.25339 0.000468104
-6 0.25339 0.000343722
-4.8 0.25339 0.000229119
-3.6 0.25339 0.000131573
-2.4 0.25339 5.72575e-05
-1.2 0.25339 1.08e-05
0 0.25339 -4.99464e-06
1.2 0.25339 1.08e-05
2.4 0.25339 5.72557e-05
3.6 0.25339 0.000131568
4.8 0.25339 0.000229112
6 0.25339 0.000343702
7.2 0.25339 0.000468064
8.4 0.25339 0.000594432
9.6 0.25339 0.000714991
10.8 0.25339 0.000822074
12 0.25339 0.000908805
13.2 0.25339 0.000969807
14.4 0.25339 0.00100131
15.6 0.25339 0.00100132
16.8 0.25339 0.000969828
18 0.25339 0.000908811
19.2 0.25339 0.000822107
20.4 0.25339 0.000715169
21.6 0.25339 0.000594702
22.8 0.25339 0.000468256
24 0.25339 0.000343881
25.2 0.25339 0.000229407
26.4 0.25339 0.000131444
27.6 0.25339 5.63827e-05
28.8 0.25339 1.1983e-05
30 0.25339 -7.61839e-35
-30 0.304237 -7.41868e-35
-28.8 0.304237 1.14479e-05
-27.6 0.304237 5.53055e-05
-26.4 0.304237 0.000130515
-25.2 0.304237 0.000228855
-24 0.304237 0.000343566
-22.8 0.304237 0.000468152
-21.6 0.304237 0.000594862
-20.4 0.304237 0.000715588
-19.2 0.304237 0.00082275
-18 0.304237 0.000909643
-16.8 0.304237 0.000970799
-15.6 0.304237 0.00100237
-14.4 0.304237 0.00100237
-13.2 0.304237 0.000970836
-12 0.304237 0.000909703
-10.8 0.304237 0.000822708
-9.6 0.304237 0.000715348
-8.4 0.304237 0.000594599
-7.2 0.304237 0.000468003
-6 0.304237 0.000343367
-4.8 0.304237 0.000228524
-3.6 0.304237 0.00013078
-2.4 0.304237 5.63337e-05
-1.2 0.304237 9.81021e-06
0 0.304237 -6.00297e-06
1.2 0.304237 9.81015e-06
2.4 0.304237 5.63316e-05
3.6 0.304237 0.000130775
4.8 0.304237 0.000228515
6 0.304237 0.000343341
7.2 0.304237 0.000467955
8.4 0.304237 0.000594586
9.6 0.304237 0.000715416
10.8 0.304237 0.000822748
12 0.304237 0.000909671
13.2 0.304237 0.000970799
14.4 0.304237 0.00100237
15.6 0.304237 0.00100238
16.8 0.304237 0.000970822
18 0.304237 0.000909677
19.2 0.304237 0.000822791
20.4 0.304237 0.00071563
21.6 0.304237 0.000594899
22.8 0.304237 0.000468182
24 0.304237 0.000343587
25.2 0.304237 0.000228867
26.4 0.304237 0.000130521
27.6 0.304237 5.53069e-05
28.8 0.304237 1.14479e-05
30 0.304237 -7.41881e-35
-30 0.355085 -7.2243e-35
-28.8 0.355085 1.09427e-05
-27.6 0.355085 5.42473e-05
-26.4 0.355085 0.000129569
-25.2 0.355085 0.000228298
-24 0.355085 0.000343276
-22.8 0.355085 0.000468076
-21.6 0.355085 0.00059505
-20.4 0.355085 0.000716043
-19.2 0.355085 0.00082343
-18 0.355085 0.000910504
-16.8 0.355085 0.000971791
-15.6 0.355085 0.00100343
-14.4 0.355085 0.00100344
-13.2 0.355085 0.000971838
-12 0.355085 0.000910575
-10.8 0.355085 0.000823377
-9.6 0.355085 0.000715766
-8.4 0.355085 0.000594755
-7.2 0.355085 0.000467901
-6 0.355085 0.000343011
-4.8 0.355085 0.000227928
-3.6 0.355085 0.000129986
-2.4 0.355085 5.54079e-05
-1.2 0.355085 8.81768e-06
0 0.355085 -7.01437e-06
1.2 0.355085 8.81746e-06
2.4 0.355085 5.54054e-05
3.6 0.355085 0.000129981
4.8 0.355085 0.000227917
6 0.355085 0.00034298
7.2 0.355085 0.000467847
8.4 0.355085 0.000594742
9.6 0.355085 0.000715842
10.8 0.355085 0.000823423
12 0.355085 0.000910539
13.2 0.355085 0.000971794
14.4 0.355085 0.00100342
15.6 0.355085 0.00100344
16.8 0.355085 0.000971818
18 0.355085 0.000910544
19.2 0.355085 0.000823478
20.4 0.355085 0.000716091
21.6 0.355085 0.000595094
22.8 0.355085 0.000468111
24 0.355085 0.0003433
25.2 0.355085 0.000228312
26.4 0.355085 0.000129575
27.6 0.355085 5.42489e-05
28.8 0.355085 1.09428e-05
30 0.355085 -7.22445e-35
-30 0.405932 -7.03462e-35
-28.8 0.405932 1.04619e-05
-27.6 0.405932 5.32056e-05
-26.4 0.405932 0.000128603
-25.2 0.405932 0.000227726
-24 0.405932 0.000342993
-22.8 0.405932 0.000468006
-21.6 0.405932 0.000595236
-20.4 0.405932 0.000716497
-19.2 0.405932 0.000824112
-18 0.405932 0.000911368
-16.8 0.405932 0.000972785
-15.6 0.405932 0.00100449
-14.4 0.405932 0.0010045
-13.2 0.405932 0.000972841
-12 0.405932 0.000911447
-10.8 0.405932 0.000824048
-9.6 0.405932 0.000716187
-8.4 0.405932 0.000594912
-7.2 0.405932 0.000467799
-6 0.405932 0.000342655
-4.8 0.405932 0.000227331
-3.6 0.405932 0.000129191
-2.4 0.405932 5.44799e-05
-1.2 0.405932 7.82239e-06
0 0.405932 -8.02886e-06
1.2 0.405932 7.82197e-06
2.4 0.405932 5.44773e-05
3.6 0.405932 0.000129186
4.8 0.405932 0.000227319
6 0.405932 0.000342618
7.2 0.405932 0.000467738
8.4 0.405932 0.000594899
9.6 0.405932 0.00071627
10.8 0.405932 0.000824098
12 0.405932 0.000911409
13.2 0.405932 0.000972791
14.4 0.405932 0.00100449
15.6 0.405932 0.0010045
16.8 0.405932 0.000972816
18 0.405932 0.000911413
19.2 0.405932 0.000824167
20.4 0.405932 0.000716553
21.6 0.405932 0.000595286
22.8 0.405932 0.000468045
24 0.405932 0.00034302
25.2 0.405932 0.000227742
26.4 0.405932 0.00012861
27.6 0.405932 5.32074e-05
28.8 0.405932 1.0462e-05
30 0.405932 -7.03477e-35
-30 0.45678 -6.84915e-35
-28.8 0.45678 1.00015e-05
-27.6 0.45678 5.21792e-05
-26.4 0.45678 0.000127622
-25.2 0.45678 0.000227138
-24 0.45678 0.000342713
-22.8 0.45678 0.000467941
-21.6 0.45678 0.00059542
-20.4 0.45678 0.00071695
-19.2 0.45678 0.000824796
-18 0.45678 0.000912233
-16.8 0.45678 0.00097378
-15.6 0.45678 0.00100555
-14.4 0.45678 0.00100557
-13.2 0.45678 0.000973847
-12 0.45678 0.000912322
-10.8 0.45678 0.00082472
-9.6 0.45678 0.00071661
-8.4 0.45678 0.000595071
-7.2 0.45678 0.000467698
-6 0.45678 0.000342299
-4.8 0.45678 0.000226733
-3.6 0.45678 0.000128394
-2.4 0.45678 5.35499e-05
-1.2 0.45678 6.82432e-06
0 0.45678 -9.04644e-06
1.2 0.45678 6.82366e-06
2.4 0.45678 5.35472e-05
3.6 0.45678 0.000128389
4.8 0.45678 0.00022672
6 0.45678 0.000342255
7.2 0.45678 0.00046763
8.4 0.45678 0.000595057
9.6 0.45678 0.000716699
10.8 0.45678 0.000824775
12 0.45678 0.000912281
13.2 0.45678 0.00097379
14.4 0.45678 0.00100555
15.6 0.45678 0.00100557
16.8 0.45678 0.000973816
18 0.45678 0.000912285
19.2 0.45678 0.000824858
20.4 0.45678 0.000717013
21.6 0.45678 0.000595476
22.8 0.45678 0.000467985
24 0.45678 0.000342744
25.2 0.45678 0.000227156
26.4 0.45678 0.00012763
27.6 0.45678 5.21811e-05
28.8 0.45678 1.00015e-05
30 0.45678 -6.84931e-35
-30 0.507627 -6.66748e-35
-28.8 0.507627 9.55845e-06
-27.6 0.507627 5.11669e-05
-26.4 0.507627 0.000126627
-25.2 0.507627 0.000226535
-24 0.507627 0.000342436
-22.8 0.507627 0.000467882
-21.6 0.507627 0.000595603
-20.4 0.507627 0.000717402
-19.2 0.507627 0.000825483
-18 0.507627 0.000913101
-16.8 0.507627 0.000974777
-15.6 0.507627 0.00100662
-14.4 0.507627 0.00100664
-13.2 0.507627 0.000974856
-12 0.507627 0.000913197
-10.8 0.507627 0.000825393
-9.6 0.507627 0.000717034
-8.4 0.507627 0.000595231
-7.2 0.507627 0.000467596
-6 0.507627 0.000341941
-4.8 0.507627 0.000226135
-3.6 0.507627 0.000127596
-2.4 0.507627 5.26179e-05
-1.2 0.507627 5.82346e-06
0 0.507627 -1.00671e-05
1.2 0.507627 5.82255e-06
2.4 0.507627 5.26151e-05
3.6 0.507627 0.000127592
4.8 0.507627 0.000226119
6 0.507627 0.000341891
7.2 0.507627 0.000467522
8.4 0.507627 0.000595217
9.6 0.507627 0.00071713
10.8 0.507627 0.000825453
12 0.507627 0.000913154
13.2 0.507627 0.000974792
14.4 0.507627 0.00100662
15.6 0.507627 0.00100664
16.8 0.507627 0.000974818
18 0.507627 0.000913159
19.2 0.507627 0.000825551
20.4 0.507627 0.000717472
21.6 0.507627 0.000595666
22.8 0.507627 0.000467932
24 0.507627 0.000342471
25.2 0.507627 0.000226555
26.4 0.507627 0.000126636
27.6 0.507627 5.1169e-05
28.8 0.507627 9.55839e-06
30 0.507627 -6.66765e-35
-30 0.558475 -6.48925e-35
-28.8 0.558475 9.13037e-06
-27.6 0.558475 5.01676e-05
-26.4 0.558475 0.000125621
-25.2 0.558475 0.000225917
-24 0.558475 0.00034216
-22.8 0.558475 0.00046783
-21.6 0.558475 0.000595787
-20.4 0.558475 0.000717852
-19.2 0.558475 0.000826171
-18 0.558475 0.000913972
-16.8 0.558475 0.000975776
-15.6 0.558475 0.00100768
-14.4 0.558475 0.00100771
-13.2 0.558475 0.000975867
-12 0.558475 0.000914075
-10.8 0.558475 0.000826068
-9.6 0.558475 0.00071746
-8.4 0.558475 0.000595392
-7.2 0.558475 0.000467495
-6 0.558475 0.000341584
-4.8 0.558475 0.000225536
-3.6 0.558475 0.000126797
-2.4 0.558475 5.16838e-05
-1.2 0.558475 4.8198e-06
0 0.558475 -1.10909e-05
1.2 0.558475 4.81865e-06
2.4 0.558475 5.16811e-05
3.6 0.558475 0.000126793
4.8 0.558475 0.000225518
6 0.558475 0.000341527
7.2 0.558475 0.000467414
8.4 0.558475 0.000595379
9.6 0.558475 0.000717561
10.8 0.558475 0.000826133
12 0.558475 0.000914029
13.2 0.558475 0.000975796
14.4 0.558475 0.00100768
15.6 0.558475 0.0010077
16.8 0.558475 0.000975821
18 0.558475 0.000914035
19.2 0.558475 0.000826246
20.4 0.558475 0.00071793
21.6 0.558475 0.000595856
22.8 0.558475 0.000467885
24 0.558475 0.000342198
25.2 0.558475 0.000225938
26.4 0.558475 0.000125631
27.6 0.558475 5.01697e-05
28.8 0.558475 9.13028e-06
30 0.558475 -6.48942e-35
-30 0.609322 -6.31414e-35
-28.8 0.609322 8.71542e-06
-27.6 0.609322 4.91801e-05
-26.4 0.609322 0.000124606
-25.2 0.609322 0.000225283
-24 0.609322 0.000341883
-22.8 0.609322 0.000467784
-21.6 0.609322 0.000595971
-20.4 0.609322 0.000718302
-19.2 0.609322 0.00082686
-18 0.609322 0.000914845
-16.8 0.609322 0.000976776
-15.6 0.609322 0.00100875
-14.4 0.609322 0.00100878
-13.2 0.609322 0.00097688
-12 0.609322 0.000914954
-10.8 0.609322 0.000826745
-9.6 0.609322 0.000717888
-8.4 0.609322 0.000595554
-7.2 0.609322 0.000467394
-6 0.609322 0.000341225
-4.8 0.609322 0.000224936
-3.6 0.609322 0.000125997
-2.4 0.609322 5.07476e-05
-1.2 0.609322 3.81334e-06
0 0.609322 -1.21179e-05
1.2 0.609322 3.81196e-06
2.4 0.609322 5.07452e-05
3.6 0.609322 0.000125993
4.8 0.609322 0.000224915
6 0.609322 0.000341162
7.2 0.609322 0.000467307
8.4 0.609322 0.000595541
9.6 0.609322 0.000717995
10.8 0.609322 0.000826813
12 0.609322 0.000914906
13.2 0.609322 0.000976803
14.4 0.609322 0.00100876
15.6 0.609322 0.00100878
16.8 0.609322 0.000976827
18 0.609322 0.000914915
19.2 0.609322 0.000826943
20.4 0.609322 0.000718386
21.6 0.609322 0.000596047
22.8 0.609322 0.000467844
24 0.609322 0.000341925
25.2 0.609322 0.000225307
26.4 0.609322 0.000124616
27.6 0.609322 4.91823e-05
28.8 0.609322 8.71529e-06
30 0.609322 -6.3143e-35
-30 0.660169 -6.14186e-35
-28.8 0.660169 8.31209e-06
-27.6 0.660169 4.82035e-05
-26.4 0.660169 0.000123581
-25.2 0.660169 0.000224636
-24 0.660169 0.000341606
-22.8 0.660169 0.000467744
-21.6 0.660169 0.000596157
-20.4 0.660169 0.000718749
-19.2 0.660169 0.000827551
-18 0.660169 0.000915721
-16.8 0.660169 0.000977779
-15.6 0.660169 0.00100983
-14.4 0.660169 0.00100986
-13.2 0.660169 0.000977895
-12 0.660169 0.000915835
-10.8 0.660169 0.000827423
-9.6 0.660169 0.000718318
-8.4 0.660169 0.000595718
-7.2 0.660169 0.000467293
-6 0.660169 0.000340866
-4.8 0.660169 0.000224336
-3.6 0.660169 0.000125196
-2.4 0.660169 4.98095e-05
-1.2 0.660169 2.80406e-06
0 0.660169 -1.3148e-05
1.2 0.660169 2.8025e-06
2.4 0.660169 4.98074e-05
3.6 0.660169 0.000125192
4.8 0.660169 0.000224312
6 0.660169 0.000340796
7.2 0.660169 0.0004672
8.4 0.660169 0.000595705
9.6 0.660169 0.000718429
10.8 0.660169 0.000827495
12 0.660169 0.000915784
13.2 0.660169 0.000977812
14.4 0.660169 0.00100983
15.6 0.660169 0.00100985
16.8 0.660169 0.000977834
18 0.660169 0.000915797
19.2 0.660169 0.00082764
20.4 0.660169 0.000718842
21.6 0.660169 0.00059624
22.8 0.660169 0.000467809
24 0.660169 0.000341651
25.2 0.660169 0.000224661
26.4 0.660169 0.000123592
27.6 0.660169 4.82058e-05
28.8 0.660169 8.3119e-06
30 0.660169 -6.14202e-35
-30 0.711017 -5.97218e-35
-28.8 0.711017 7.91911e-06
-27.6 0.711017 4.7237e-05
-26.4 0.711017 0.000122548
-25.2 0.711017 0.000223974
-24 0.711017 0.000341326
-22.8 0.711017 0.000467709
-21.6 0.711017 0.000596345
-20.4 0.711017 0.000719196
-19.2 0.711017 0.000828242
-18 0.711017 0.000916599
-16.8 0.711017 0.000978784
-15.6 0.711017 0.0010109
-14.4 0.711017 0.00101094
-13.2 0.711017 0.000978913
-12 0.711017 0.000916718
-10.8 0.711017 0.000828103
-9.6 0.711017 0.000718749
-8.4 0.711017 0.000595883
-7.2 0.711017 0.000467192
-6 0.711017 0.000340506
-4.8 0.711017 0.000223734
-3.6 0.711017 0.000124393
-2.4 0.711017 4.88694e-05
-1.2 0.711017 1.79195e-06
0 0.711017 -1.41812e-05
1.2 0.711017 1.79026e-06
2.4 0.711017 4.88676e-05
3.6 0.711017 0.000124389
4.8 0.711017 0.000223707
6 0.711017 0.00034043
7.2 0.711017 0.000467093
8.4 0.711017 0.00059587
9.6 0.711017 0.000718865
10.8 0.711017 0.000828178
12 0.711017 0.000916665
13.2 0.711017 0.000978824
14.4 0.711017 0.0010109
15.6 0.711017 0.00101092
16.8 0.711017 0.000978844
18 0.711017 0.000916681
19.2 0.711017 0.000828339
20.4 0.711017 0.000719295
21.6 0.711017 0.000596434
22.8 0.711017 0.00046778
24 0.711017 0.000341374
25.2 0.711017 0.000224001
26.4 0.711017 0.00012256
27.6 0.711017 4.72394e-05
28.8 0.711017 7.91887e-06
30 0.711017 -5.97233e-35
-30 0.761864 -5.80487e-35
-28.8 0.761864 7.53545e-06
-27.6 0.761864 4.62797e-05
-26.4 0.761864 0.000121508
-25.2 0.761864 0.000223299
-24 0.761864 0.000341044
-22.8 0.761864 0.00046768
-21.6 0.761864 0.000596535
-20.4 0.761864 0.000719641
-19.2 0.761864 0.000828934
-18 0.761864 0.00091748
-16.8 0.761864 0.000979791
-15.6 0.761864 0.00101197
-14.4 0.761864 0.00101202
-13.2 0.761864 0.000979934
-12 0.761864 0.000917603
-10.8 0.761864 0.000828784
-9.6 0.761864 0.000719183
-8.4 0.761864 0.000596049
-7.2 0.761864 0.000467091
-6 0.761864 0.000340146
-4.8 0.761864 0.000223131
-3.6 0.761864 0.000123589
-2.4 0.761864 4.79272e-05
-1.2 0.761864 7.77021e-07
0 0.761864 -1.52177e-05
1.2 0.761864 7.75246e-07
2.4 0.761864 4.79259e-05
3.6 0.761864 0.000123585
4.8 0.761864 0.000223102
6 0.761864 0.000340063
7.2 0.761864 0.000466987
8.4 0.761864 0.000596036
9.6 0.761864 0.000719303
10.8 0.761864 0.000828863
12 0.761864 0.000917547
13.2 0.761864 0.000979838
14.4 0.761864 0.00101198
15.6 0.761864 0.001012
16.8 0.761864 0.000979856
18 0.761864 0.000917569
19.2 0.761864 0.000829038
20.4 0.761864 0.000719748
21.6 0.761864 0.000596631
22.8 0.761864 0.000467756
24 0.761864 0.000341095
25.2 0.761864 0.000223328
26.4 0.761864 0.00012152
27.6 0.761864 4.62822e-05
28.8 0.761864 7.53515e-06
30 0.761864 -5.80501e-35
-30 0.812712 -5.63975e-35
-28.8 0.812712 7.16022e-06
-27.6 0.812712 4.5331e-05
-26.4 0.812712 0.000120462
-25.2 0.812712 0.00022261
-24 0.812712 0.000340758
-22.8 0.812712 0.000467657
-21.6 0.812712 0.000596728
-20.4 0.812712 0.000720086
-19.2 0.812712 0.000829626
-18 0.812712 0.000918363
-16.8 0.812712 0.0009808
-15.6 0.812712 0.00101305
-14.4 0.812712 0.00101311
-13.2 0.812712 0.000980956
-12 0.812712 0.000918489
-10.8 0.812712 0.000829467
-9.6 0.812712 0.000719618
-8.4 0.812712 0.000596217
-7.2 0.812712 0.000466991
-6 0.812712 0.000339785
-4.8 0.812712 0.000222528
-3.6 0.812712 0.000122784
-2.4 0.812712 4.6983e-05
-1.2 0.812712 -2.40741e-07
0 0.812712 -1.62573e-05
1.2 0.812712 -2.42533e-07
2.4 0.812712 4.69823e-05
3.6 0.812712 0.00012278
4.8 0.812712 0.000222495
6 0.812712 0.000339696
7.2 0.812712 0.000466881
8.4 0.812712 0.000596203
9.6 0.812712 0.000719742
10.8 0.812712 0.000829549
12 0.812712 0.000918431
13.2 0.812712 0.000980854
14.4 0.812712 0.00101306
15.6 0.812712 0.00101308
16.8 0.812712 0.000980871
18 0.812712 0.000918458
19.2 0.812712 0.000829737
20.4 0.812712 0.0007202
21.6 0.812712 0.000596831
22.8 0.812712 0.000467737
24 0.812712 0.000340813
25.2 0.812712 0.000222641
26.4 0.812712 0.000120475
27.6 0.812712 4.53335e-05
28.8 0.812712 7.15985e-06
30 0.812712 -5.63988e-35
-30 0.863559 -5.47665e-35
-28.8 0.863559 6.79264e-06
-27.6 0.863559 4.43902e-05
-26.4 0.863559 0.000119409
-25.2 0.863559 0.000221909
-24 0.863559 0.000340469
-22.8 0.863559 0.000467638
-21.6 0.863559 0.000596924
-20.4 0.863559 0.00072053
-19.2 0.863559 0.000830319
-18 0.863559 0.000919249
-16.8 0.863559 0.000981812
-15.6 0.863559 0.00101413
-14.4 0.863559 0.00101419
-13.2 0.863559 0.000981981
-12 0.863559 0.000919377
-10.8 0.863559 0.000830152
-9.6 0.863559 0.000720054
-8.4 0.863559 0.000596386
-7.2 0.863559 0.000466891
-6 0.863559 0.000339424
-4.8 0.863559 0.000221924
-3.6 0.863559 0.000121977
-2.4 0.863559 4.60368e-05
-1.2 0.863559 -1.26134e-06
0 0.863559 -1.73e-05
1.2 0.863559 -1.26308e-06
2.4 0.863559 4.60367e-05
3.6 0.863559 0.000121973
4.8 0.863559 0.000221888
6 0.863559 0.000339328
7.2 0.863559 0.000466775
8.4 0.863559 0.000596372
9.6 0.863559 0.000720182
10.8 0.863559 0.000830237
12 0.863559 0.000919317
13.2 0.863559 0.000981873
14.4 0.863559 0.00101415
15.6 0.863559 0.00101416
16.8 0.863559 0.000981888
18 0.863559 0.00091935
19.2 0.863559 0.000830437
20.4 0.863559 0.000720652
21.6 0.863559 0.000597034
22.8 0.863559 0.000467724
24 0.863559 0.000340528
25.2 0.863559 0.000221942
26.4 0.863559 0.000119423
27.6 0.863559 4.43928e-05
28.8 0.863559 6.7922e-06
30 0.863559 -5.47677e-35
-30 0.914407 -5.31542e-35
-28.8 0.914407 6.43206e-06
-27.6 0.914407 4.34568e-05
-26.4 0.914407 0.000118351
-25.2 0.914407 0.000221196
-24 0.914407 0.000340176
-22.8 0.914407 0.000467623
-21.6 0.914407 0.000597124
-20.4 0.914407 0.000720974
-19.2 0.914407 0.000831011
-18 0.914407 0.000920136
-16.8 0.914407 0.000982827
-15.6 0.914407 0.00101521
-14.4 0.914407 0.00101528
-13.2 0.914407 0.000983009
-12 0.914407 0.000920267
-10.8 0.914407 0.000830839
-9.6 0.914407 0.000720493
-8.4 0.914407 0.000596556
-7.2 0.914407 0.000466791
-6 0.914407 0.000339062
-4.8 0.914407 0.000221318
-3.6 0.914407 0.000121169
-2.4 0.914407 4.50886e-05
-1.2 0.914407 -2.28477e-06
0 0.914407 -1.8346e-05
1.2 0.914407 -2.28639e-06
2.4 0.914407 4.50892e-05
3.6 0.914407 0.000121166
4.8 0.914407 0.000221279
6 0.914407 0.000338959
7.2 0.914407 0.000466669
8.4 0.914407 0.000596541
9.6 0.914407 0.000720624
10.8 0.914407 0.000830925
12 0.914407 0.000920204
13.2 0.914407 0.000982894
14.4 0.914407 0.00101523
15.6 0.914407 0.00101524
16.8 0.914407 0.000982908
18 0.914407 0.000920245
19.2 0.914407 0.000831136
20.4 0.914407 0.000721103
21.6 0.914407 0.00059724
22.8 0.914407 0.000467714
24 0.914407 0.000340238
25.2 0.914407 0.000221231
26.4 0.914407 0.000118365
27.6 0.914407 4.34593e-05
28.8 0.914407 6.43155e-06
30 0.914407 -5.31552e-35
-30 0.965254 -5.15592e-35
-28.8 0.965254 6.07791e-06
-27.6 0.965254 4.25302e-05
-26.4 0.965254 0.000117287
-25.2 0.965254 0.000220471
-24 0.965254 0.000339878
-22.8 0.965254 0.000467613
-21.6 0.965254 0.000597327
-20.4 0.965254 0.000721418
-19.2 0.965254 0.000831703
-18 0.965254 0.000921025
-16.8 0.965254 0.000983844
-15.6 0.965254 0.0010163
-14.4 0.965254 0.00101638
-13.2 0.965254 0.000984038
-12 0.965254 0.000921159
-10.8 0.965254 0.000831527
-9.6 0.965254 0.000720933
-8.4 0.965254 0.000596727
-7.2 0.965254 0.000466691
-6 0.965254 0.000338699
-4.8 0.965254 0.000220712
-3.6 0.965254 0.00012036
-2.4 0.965254 4.41384e-05
-1.2 0.965254 -3.31105e-06
0 0.965254 -1.93951e-05
1.2 0.965254 -3.31246e-06
2.4 0.965254 4.41397e-05
3.6 0.965254 0.000120357
4.8 0.965254 0.00022067
6 0.965254 0.00033859
7.2 0.965254 0.000466564
8.4 0.965254 0.000596712
9.6 0.965254 0.000721067
10.8 0.965254 0.000831616
12 0.965254 0.000921094
13.2 0.965254 0.000983917
14.4 0.965254 0.00101632
15.6 0.965254 0.00101633
16.8 0.965254 0.00098393
18 0.965254 0.000921141
19.2 0.965254 0.000831836
20.4 0.965254 0.000721554
21.6 0.965254 0.00059745
22.8 0.965254 0.000467709
24 0.965254 0.000339944
25.2 0.965254 0.000220507
26.4 0.965254 0.000117302
27.6 0.965254 4.25327e-05
28.8 0.965254 6.07732e-06
30 0.965254 -5.156e-35
-30 1.0161 -4.99802e-35
-28.8 1.0161 5.72969e-06
-27.6 1.0161 4.16099e-05
-26.4 1.0161 0.000116218
-25.2 1.0161 0.000219734
-24 1.0161 0.000339576
-22.8 1.0161 0.000467606
-21.6 1.0161 0.000597534
-20.4 1.0161 0.000721861
-19.2 1.0161 0.000832395
-18 1.0161 0.000921917
-16.8 1.0161 0.000984864
-15.6 1.0161 0.00101739
-14.4 1.0161 0.00101747
-13.2 1.0161 0.00098507
-12 1.0161 0.000922053
-10.8 1.0161 0.000832217
-9.6 1.0161 0.000721375
-8.4 1.0161 0.000596899
-7.2 1.0161 0.000466592
-6 1.0161 0.000338336
-4.8 1.0161 0.000220105
-3.6 1.0161 0.00011955
-2.4 1.0161 4.31861e-05
-1.2 1.0161 -4.34017e-06
0 1.0161 -2.04474e-05
1.2 1.0161 -4.3413e-06
2.4 1.0161 4.31882e-05
3.6 1.0161 0.000119546
4.8 1.0161 0.000220059
6 1.0161 0.00033822
7.2 1.0161 0.00046646
8.4 1.0161 0.000596884
9.6 1.0161 0.000721511
10.8 1.0161 0.000832308
12 1.0161 0.000921985
13.2 1.0161 0.000984943
14.4 1.0161 0.00101741
15.6 1.0161 0.00101742
16.8 1.0161 0.000984955
18 1.0161 0.000922039
19.2 1.0161 0.000832535
20.4 1.0161 0.000722005
21.6 1.0161 0.000597664
22.8 1.0161 0.000467708
24 1.0161 0.000339645
25.2 1.0161 0.000219772
26.4 1.0161 0.000116233
27.6 1.0161 4.16124e-05
28.8 1.0161 5.72901e-06
30 1.0161 -4.99808e-35
-30 1.06695 -4.84162e-35
-28.8 1.06695 5.38693e-06
-27.6 1.06695 4.06954e-05
-26.4 1.06695 0.000115144
-25.2 1.06695 0.000218986
-24 1.06695 0.000339269
-22.8 1.06695 0.000467603
-21.6 1.06695 0.000597746
-20.4 1.06695 0.000722306
-19.2 1.06695 0.000833087
-18 1.06695 0.00092281
-16.8 1.06695 0.000985887
-15.6 1.06695 0.00101847
-14.4 1.06695 0.00101857
-13.2 1.06695 0.000986104
-12 1.06695 0.000922949
-10.8 1.06695 0.000832908
-9.6 1.06695 0.000721818
-8.4 1.06695 0.000597073
-7.2 1.06695 0.000466493
-6 1.06695 0.000337973
-4.8 1.06695 0.000219497
-3.6 1.06695 0.000118738
-2.4 1.06695 4.22318e-05
-1.2 1.06695 -5.37214e-06
0 1.06695 -2.15029e-05
1.2 1.06695 -5.37291e-06
2.4 1.06695 4.22348e-05
3.6 1.06695 0.000118734
4.8 1.06695 0.000219447
6 1.06695 0.00033785
7.2 1.06695 0.000466355
8.4 1.06695 0.000597057
9.6 1.06695 0.000721957
10.8 1.06695 0.000833001
12 1.06695 0.000922879
13.2 1.06695 0.000985971
14.4 1.06695 0.0010185
15.6 1.06695 0.00101851
16.8 1.06695 0.000985983
18 1.06695 0.000922939
19.2 1.06695 0.000833235
20.4 1.06695 0.000722457
21.6 1.06695 0.000597882
22.8 1.06695 0.000467711
24 1.06695 0.000339341
25.2 1.06695 0.000219026
26.4 1.06695 0.00011516
27.6 1.06695 4.06979e-05
28.8 1.06695 5.38617e-06
30 1.06695 -4.84166e-35
-30 1.1178 -4.68662e-35
-28.8 1.1178 5.04926e-06
-27.6 1.1178 3.97865e-05
-26.4 1.1178 0.000114066
-25.2 1.1178 0.000218227
-24 1.1178 0.000338957
-22.8 1.1178 0.000467604
-21.6 1.1178 0.000597961
-20.4 1.1178 0.00072275
-19.2 1.1178 0.000833778
-18 1.1178 0.000923704
-16.8 1.1178 0.000986912
-15.6 1.1178 0.00101957
-14.4 1.1178 0.00101966
-13.2 1.1178 0.00098714
-12 1.1178 0.000923847
-10.8 1.1178 0.000833602
-9.6 1.1178 0.000722263
-8.4 1.1178 0.000597248
-7.2 1.1178 0.000466394
-6 1.1178 0.000337609
-4.8 1.1178 0.000218888
-3.6 1.1178 0.000117925
-2.4 1.1178 4.12755e-05
-1.2 1.1178 -6.40696e-06
0 1.1178 -2.25616e-05
1.2 1.1178 -6.40728e-06
2.4 1.1178 4.12794e-05
3.6 1.1178 0.000117921
4.8 1.1178 0.000218835
6 1.1178 0.000337479
7.2 1.1178 0.000466251
8.4 1.1178 0.000597231
9.6 1.1178 0.000722404
10.8 1.1178 0.000833696
12 1.1178 0.000923774
13.2 1.1178 0.000987001
14.4 1.1178 0.00101959
15.6 1.1178 0.0010196
16.8 1.1178 0.000987014
18 1.1178 0.000923841
19.2 1.1178 0.000833934
20.4 1.1178 0.000722909
21.6 1.1178 0.000598104
22.8 1.1178 0.000467716
24 1.1178 0.000339033
25.2 1.1178 0.000218269
26.4 1.1178 0.000114082
27.6 1.1178 3.97889e-05
28.8 1.1178 5.0484e-06
30 1.1178 -4.68662e-35
-30 1.16864 -4.53292e-35
-28.8 1.16864 4.7163e-06
-27.6 1.16864 3.88826e-05
-26.4 1.16864 0.000112983
-25.2 1.16864 0.000217457
-24 1.16864 0.000338639
-22.8 1.16864 0.000467607
-21.6 1.16864 0.00059818
-20.4 1.16864 0.000723196
-19.2 1.16864 0.000834469
-18 1.16864 0.0009246
-16.8 1.16864 0.00098794
-15.6 1.16864 0.00102066
-14.4 1.16864 0.00102077
-13.2 1.16864 0.000988178
-12 1.16864 0.000924747
-10.8 1.16864 0.000834297
-9.6 1.16864 0.00072271
-8.4 1.16864 0.000597424
-7.2 1.16864 0.000466296
-6 1.16864 0.000337244
-4.8 1.16864 0.000218277
-3.6 1.16864 0.00011711
-2.4 1.16864 4.03172e-05
-1.2 1.16864 -7.44463e-06
0 1.16864 -2.36235e-05
1.2 1.16864 -7.44443e-06
2.4 1.16864 4.03221e-05
3.6 1.16864 0.000117106
4.8 1.16864 0.000218221
6 1.16864 0.000337108
7.2 1.16864 0.000466148
8.4 1.16864 0.000597407
9.6 1.16864 0.000722853
10.8 1.16864 0.000834392
12 1.16864 0.000924671
13.2 1.16864 0.000988033
14.4 1.16864 0.00102069
15.6 1.16864 0.00102069
16.8 1.16864 0.000988047
18 1.16864 0.000924745
19.2 1.16864 0.000834633
20.4 1.16864 0.000723362
21.6 1.16864 0.00059833
22.8 1.16864 0.000467725
24 1.16864 0.000338719
25.2 1.16864 0.0002175
26.4 1.16864 0.000113
27.6 1.16864 3.88849e-05
28.8 1.16864 4.71535e-06
30 1.16864 -4.53289e-35
-30 1.21949 -4.38043e-35
-28.8 1.21949 4.38775e-06
-27.6 1.21949 3.79834e-05
-26.4 1.21949 0.000111895
-25.2 1.21949 0.000216676
-24 1.21949 0.000338317
-22.8 1.21949 0.000467614
-21.6 1.21949 0.000598404
-20.4 1.21949 0.000723642
-19.2 1.21949 0.00083516
-18 1.21949 0.000925498
-16.8 1.21949 0.000988971
-15.6 1.21949 0.00102176
-14.4 1.21949 0.00102187
-13.2 1.21949 0.000989218
-12 1.21949 0.000925648
-10.8 1.21949 0.000834994
-9.6 1.21949 0.000723159
-8.4 1.21949 0.000597601
-7.2 1.21949 0.000466197
-6 1.21949 0.000336879
-4.8 1.21949 0.000217666
-3.6 1.21949 0.000116295
-2.4 1.21949 3.93568e-05
-1.2 1.21949 -8.48516e-06
0 1.21949 -2.46885e-05
1.2 1.21949 -8.48435e-06
2.4 1.21949 3.93627e-05
3.6 1.21949 0.00011629
4.8 1.21949 0.000217606
6 1.21949 0.000336736
7.2 1.21949 0.000466044
8.4 1.21949 0.000597583
9.6 1.21949 0.000723303
10.8 1.21949 0.00083509
12 1.21949 0.00092557
13.2 1.21949 0.000989068
14.4 1.21949 0.00102179
15.6 1.21949 0.00102179
16.8 1.21949 0.000989083
18 1.21949 0.000925649
19.2 1.21949 0.000835331
20.4 1.21949 0.000723816
21.6 1.21949 0.000598561
22.8 1.21949 0.000467737
24 1.21949 0.0003384
25.2 1.21949 0.000216722
26.4 1.21949 0.000111913
27.6 1.21949 3.79857e-05
28.8 1.21949 4.3867e-06
30 1.21949 -4.38038e-35
-30 1.27034 -4.22909e-35
-28.8 1.27034 4.06331e-06
-27.6 1.27034 3.70887e-05
-26.4 1.27034 0.000110804
-25.2 1.27034 0.000215886
-24 1.27034 0.000337989
-22.8 1.27034 0.000467623
-21.6 1.27034 0.000598632
-20.4 1.27034 0.00072409
-19.2 1.27034 0.000835851
-18 1.27034 0.000926396
-16.8 1.27034 0.000990004
-15.6 1.27034 0.00102286
-14.4 1.27034 0.00102297
-13.2 1.27034 0.000990261
-12 1.27034 0.000926552
-10.8 1.27034 0.000835693
-9.6 1.27034 0.000723609
-8.4 1.27034 0.00059778
-7.2 1.27034 0.0004661
-6 1.27034 0.000336513
-4.8 1.27034 0.000217054
-3.6 1.27034 0.000115477
-2.4 1.27034 3.83943e-05
-1.2 1.27034 -9.52854e-06
0 1.27034 -2.57568e-05
1.2 1.27034 -9.52704e-06
2.4 1.27034 3.84013e-05
3.6 1.27034 0.000115473
4.8 1.27034 0.00021699
6 1.27034 0.000336364
7.2 1.27034 0.000465941
8.4 1.27034 0.00059776
9.6 1.27034 0.000723755
10.8 1.27034 0.00083579
12 1.27034 0.000926471
13.2 1.27034 0.000990104
14.4 1.27034 0.00102289
15.6 1.27034 0.00102289
16.8 1.27034 0.000990121
18 1.27034 0.000926556
19.2 1.27034 0.00083603
20.4 1.27034 0.000724271
21.6 1.27034 0.000598796
22.8 1.27034 0.000467751
24 1.27034 0.000338075
25.2 1.27034 0.000215933
26.4 1.27034 0.000110821
27.6 1.27034 3.70908e-05
28.8 1.27034 4.06215e-06
30 1.27034 -4.229e-35
-30 1.32119 -4.07881e-35
-28.8 1.32119 3.74272e-06
-27.6 1.32119 3.6198e-05
-26.4 1.32119 0.000109708
-25.2 1.32119 0.000215085
-24 1.32119 0.000337655
-22.8 1.32119 0.000467634
-21.6 1.32119 0.000598864
-20.4 1.32119 0.000724539
-19.2 1.32119 0.000836541
-18 1.32119 0.000927296
-16.8 1.32119 0.00099104
-15.6 1.32119 0.00102396
-14.4 1.32119 0.00102408
-13.2 1.32119 0.000991305
-12 1.32119 0.000927457
-10.8 1.32119 0.000836394
-9.6 1.32119 0.000724061
-8.4 1.32119 0.000597959
-7.2 1.32119 0.000466002
-6 1.32119 0.000336147
-4.8 1.32119 0.000216441
-3.6 1.32119 0.000114659
-2.4 1.32119 3.74298e-05
-1.2 1.32119 -1.05748e-05
0 1.32119 -2.68282e-05
1.2 1.32119 -1.05725e-05
2.4 1.32119 3.7438e-05
3.6 1.32119 0.000114654
4.8 1.32119 0.000216373
6 1.32119 0.000335991
7.2 1.32119 0.000465839
8.4 1.32119 0.000597939
9.6 1.32119 0.000724207
10.8 1.32119 0.000836491
12 1.32119 0.000927374
13.2 1.32119 0.000991143
14.4 1.32119 0.00102399
15.6 1.32119 0.00102399
16.8 1.32119 0.000991163
18 1.32119 0.000927463
19.2 1.32119 0.000836728
20.4 1.32119 0.000724728
21.6 1.32119 0.000599035
22.8 1.32119 0.000467768
24 1.32119 0.000337745
25.2 1.32119 0.000215134
26.4 1.32119 0.000109726
27.6 1.32119 3.62001e-05
28.8 1.32119 3.74146e-06
30 1.32119 -4.07868e-35
-30 1.37203 -3.92953e-35
-28.8 1.37203 3.42575e-06
-27.6 1.37203 3.53112e-05
-26.4 1.37203 0.000108608
-25.2 1.37203 0.000214274
-24 1.37203 0.000337316
-22.8 1.37203 0.000467647
-21.6 1.37203 0.000599101
-20.4 1.37203 0.000724989
-19.2 1.37203 0.000837231
-18 1.37203 0.000928197
-16.8 1.37203 0.000992079
-15.6 1.37203 0.00102507
-14.4 1.37203 0.00102519
-13.2 1.37203 0.000992352
-12 1.37203 0.000928365
-10.8 1.37203 0.000837096
-9.6 1.37203 0.000724514
-8.4 1.37203 0.00059814
-7.2 1.37203 0.000465905
-6 1.37203 0.00033578
-4.8 1.37203 0.000215827
-3.6 1.37203 0.000113839
-2.4 1.37203 3.64632e-05
-1.2 1.37203 -1.16239e-05
0 1.37203 -2.79029e-05
1.2 1.37203 -1.16208e-05
2.4 1.37203 3.64726e-05
3.6 1.37203 0.000113833
4.8 1.37203 0.000215755
6 1.37203 0.000335618
7.2 1.37203 0.000465737
8.4 1.37203 0.000598119
9.6 1.37203 0.000724662
10.8 1.37203 0.000837194
12 1.37203 0.000928279
13.2 1.37203 0.000992184
14.4 1.37203 0.0010251
15.6 1.37203 0.0010251
16.8 1.37203 0.000992207
18 1.37203 0.000928371
19.2 1.37203 0.000837426
20.4 1.37203 0.000725186
21.6 1.37203 0.000599278
22.8 1.37203 0.000467787
24 1.37203 0.000337409
25.2 1.37203 0.000214325
26.4 1.37203 0.000108626
27.6 1.37203 3.53131e-05
28.8 1.37203 3.42437e-06
30 1.37203 -3.92937e-35
-30 1.42288 -3.7812e-35
-28.8 1.42288 3.11217e-06
-27.6 1.42288 3.44279e-05
-26.4 1.42288 0.000107503
-25.2 1.42288 0.000213454
-24 1.42288 0.00033697
-22.8 1.42288 0.000467663
-21.6 1.42288 0.000599342
-20.4 1.42288 0.000725441
-19.2 1.42288 0.000837921
-18 1.42288 0.000929098
-16.8 1.42288 0.00099312
-15.6 1.42288 0.00102617
-14.4 1.42288 0.0010263
-13.2 1.42288 0.000993401
-12 1.42288 0.000929275
-10.8 1.42288 0.000837801
-9.6 1.42288 0.00072497
-8.4 1.42288 0.000598322
-7.2 1.42288 0.000465808
-6 1.42288 0.000335413
-4.8 1.42288 0.000215212
-3.6 1.42288 0.000113017
-2.4 1.42288 3.54945e-05
-1.2 1.42288 -1.26759e-05
0 1.42288 -2.89807e-05
1.2 1.42288 -1.26718e-05
2.4 1.42288 3.55052e-05
3.6 1.42288 0.000113012
4.8 1.42288 0.000215136
6 1.42288 0.000335244
7.2 1.42288 0.000465635
8.4 1.42288 0.000598299
9.6 1.42288 0.000725117
10.8 1.42288 0.000837899
12 1.42288 0.000929185
13.2 1.42288 0.000993226
14.4 1.42288 0.0010262
15.6 1.42288 0.00102621
16.8 1.42288 0.000993253
18 1.42288 0.000929281
19.2 1.42288 0.000838125
20.4 1.42288 0.000725646
21.6 1.42288 0.000599526
22.8 1.42288 0.000467808
24 1.42288 0.000337068
25.2 1.42288 0.000213506
26.4 1.42288 0.000107522
27.6 1.42288 3.44297e-05
28.8 1.42288 3.11067e-06
30 1.42288 -3.78099e-35
-30 1.47373 -3.63375e-35
-28.8 1.47373 2.80178e-06
-27.6 1.47373 3.3548e-05
-26.4 1.47373 0.000106395
-25.2 1.47373 0.000212624
-24 1.47373 0.00033662
-22.8 1.47373 0.00046768
-21.6 1.47373 0.000599587
-20.4 1.47373 0.000725895
-19.2 1.47373 0.000838611
-18 1.47373 0.000930001
-16.8 1.47373 0.000994164
-15.6 1.47373 0.00102728
-14.4 1.47373 0.00102742
-13.2 1.47373 0.000994451
-12 1.47373 0.000930186
-10.8 1.47373 0.000838507
-9.6 1.47373 0.000725427
-8.4 1.47373 0.000598506
-7.2 1.47373 0.000465712
-6 1.47373 0.000335045
-4.8 1.47373 0.000214596
-3.6 1.47373 0.000112195
-2.4 1.47373 3.45237e-05
-1.2 1.47373 -1.37307e-05
0 1.47373 -3.00617e-05
1.2 1.47373 -1.37256e-05
2.4 1.47373 3.45357e-05
3.6 1.47373 0.000112188
4.8 1.47373 0.000214516
6 1.47373 0.00033487
7.2 1.47373 0.000465533
8.4 1.47373 0.000598481
9.6 1.47373 0.000725575
10.8 1.47373 0.000838605
12 1.47373 0.000930094
13.2 1.47373 0.000994271
14.4 1.47373 0.00102731
15.6 1.47373 0.00102732
16.8 1.47373 0.000994302
18 1.47373 0.000930191
19.2 1.47373 0.000838823
20.4 1.47373 0.000726107
21.6 1.47373 0.000599779
22.8 1.47373 0.000467831
24 1.47373 0.00033672
25.2 1.47373 0.000212678
26.4 1.47373 0.000106414
27.6 1.47373 3.35495e-05
28.8 1.47373 2.80016e-06
30 1.47373 -3.6335e-35
-30 1.52458 -3.48713e-35
-28.8 1.52458 2.49441e-06
-27.6 1.52458 3.26711e-05
-26.4 1.52458 0.000105283
-25.2 1.52458 0.000211785
-24 1.52458 0.000336263
-22.8 1.52458 0.000467699
-21.6 1.52458 0.000599837
-20.4 1.52458 0.000726351
-19.2 1.52458 0.000839301
-18 1.52458 0.000930904
-16.8 1.52458 0.00099521
-15.6 1.52458 0.0010284
-14.4 1.52458 0.00102854
-13.2 1.52458 0.000995504
-12 1.52458 0.000931099
-10.8 1.52458 0.000839216
-9.6 1.52458 0.000725885
-8.4 1.52458 0.00059869
-7.2 1.52458 0.000465615
-6 1.52458 0.000334677
-4.8 1.52458 0.000213979
-3.6 1.52458 0.00011137
-2.4 1.52458 3.35509e-05
-1.2 1.52458 -1.47884e-05
0 1.52458 -3.11459e-05
1.2 1.52458 -1.47823e-05
2.4 1.52458 3.35642e-05
3.6 1.52458 0.000111364
4.8 1.52458 0.000213894
6 1.52458 0.000334495
7.2 1.52458 0.000465432
8.4 1.52458 0.000598664
9.6 1.52458 0.000726033
10.8 1.52458 0.000839313
12 1.52458 0.000931004
13.2 1.52458 0.000995318
14.4 1.52458 0.00102843
15.6 1.52458 0.00102843
16.8 1.52458 0.000995354
18 1.52458 0.000931103
19.2 1.52458 0.000839521
20.4 1.52458 0.000726571
21.6 1.52458 0.000600036
22.8 1.52458 0.000467856
24 1.52458 0.000336367
25.2 1.52458 0.00021184
26.4 1.52458 0.000105302
27.6 1.52458 3.26724e-05
28.8 1.52458 2.49266e-06
30 1.52458 -3.48683e-35
-30 1.57542 -3.34129e-35
-28.8 1.57542 2.18988e-06
-27.6 1.57542 3.1797e-05
-26.4 1.57542 0.000104166
-25.2 1.57542 0.000210936
-24 1.57542 0.0003359
-22.8 1.57542 0.00046772
-21.6 1.57542 0.000600091
-20.4 1.57542 0.000726809
-19.2 1.57542 0.00083999
-18 1.57542 0.000931808
-16.8 1.57542 0.000996259
-15.6 1.57542 0.00102952
-14.4 1.57542 0.00102966
-13.2 1.57542 0.000996559
-12 1.57542 0.000932015
-10.8 1.57542 0.000839926
-9.6 1.57542 0.000726346
-8.4 1.57542 0.000598876
-7.2 1.57542 0.000465519
-6 1.57542 0.000334308
-4.8 1.57542 0.000213361
-3.6 1.57542 0.000110545
-2.4 1.57542 3.25759e-05
-1.2 1.57542 -1.5849e-05
0 1.57542 -3.22333e-05
1.2 1.57542 -1.58417e-05
2.4 1.57542 3.25906e-05
3.6 1.57542 0.000110537
4.8 1.57542 0.000213272
6 1.57542 0.00033412
7.2 1.57542 0.000465331
8.4 1.57542 0.000598848
9.6 1.57542 0.000726494
10.8 1.57542 0.000840022
12 1.57542 0.000931916
13.2 1.57542 0.000996367
14.4 1.57542 0.00102954
15.6 1.57542 0.00102955
16.8 1.57542 0.000996408
18 1.57542 0.000932015
19.2 1.57542 0.000840219
20.4 1.57542 0.000727037
21.6 1.57542 0.000600297
22.8 1.57542 0.000467882
24 1.57542 0.000336008
25.2 1.57542 0.000210993
26.4 1.57542 0.000104186
27.6 1.57542 3.17982e-05
28.8 1.57542 2.18799e-06
30 1.57542 -3.34094e-35
-30 1.62627 -3.19618e-35
-28.8 1.62627 1.88804e-06
-27.6 1.62627 3.09257e-05
-26.4 1.62627 0.000103046
-25.2 1.62627 0.000210078
-24 1.62627 0.000335532
-22.8 1.62627 0.000467742
-21.6 1.62627 0.00060035
-20.4 1.62627 0.000727269
-19.2 1.62627 0.00084068
-18 1.62627 0.000932713
-16.8 1.62627 0.00099731
-15.6 1.62627 0.00103064
-14.4 1.62627 0.00103078
-13.2 1.62627 0.000997616
-12 1.62627 0.000932932
-10.8 1.62627 0.000840638
-9.6 1.62627 0.000726808
-8.4 1.62627 0.000599062
-7.2 1.62627 0.000465424
-6 1.62627 0.000333939
-4.8 1.62627 0.000212742
-3.6 1.62627 0.000109718
-2.4 1.62627 3.15989e-05
-1.2 1.62627 -1.69124e-05
0 1.62627 -3.33238e-05
1.2 1.62627 -1.69039e-05
2.4 1.62627 3.1615e-05
3.6 1.62627 0.00010971
4.8 1.62627 0.000212649
6 1.62627 0.000333744
7.2 1.62627 0.00046523
8.4 1.62627 0.000599033
9.6 1.62627 0.000726955
10.8 1.62627 0.000840734
12 1.62627 0.00093283
13.2 1.62627 0.000997418
14.4 1.62627 0.00103066
15.6 1.62627 0.00103067
16.8 1.62627 0.000997465
18 1.62627 0.000932928
19.2 1.62627 0.000840917
20.4 1.62627 0.000727505
21.6 1.62627 0.000600563
22.8 1.62627 0.000467909
24 1.62627 0.000335644
25.2 1.62627 0.000210137
26.4 1.62627 0.000103066
27.6 1.62627 3.09266e-05
28.8 1.62627 1.88601e-06
30 1.62627 -3.19578e-35
-30 1.67712 -3.05177e-35
-28.8 1.67712 1.58874e-06
-27.6 1.67712 3.00567e-05
-26.4 1.67712 0.000101922
-25.2 1.67712 0.000209212
-24 1.67712 0.000335158
-22.8 1.67712 0.000467765
-21.6 1.67712 0.000600613
-20.4 1.67712 0.000727731
-19.2 1.67712 0.00084137
-18 1.67712 0.000933619
-16.8 1.67712 0.000998364
-15.6 1.67712 0.00103176
-14.4 1.67712 0.0010319
-13.2 1.67712 0.000998674
-12 1.67712 0.000933851
-10.8 1.67712 0.000841352
-9.6 1.67712 0.000727272
-8.4 1.67712 0.00059925
-7.2 1.67712 0.000465329
-6 1.67712 0.000333569
-4.8 1.67712 0.000212121
-3.6 1.67712 0.000108889
-2.4 1.67712 3.06197e-05
-1.2 1.67712 -1.79787e-05
0 1.67712 -3.44176e-05
1.2 1.67712 -1.79689e-05
2.4 1.67712 3.06373e-05
3.6 1.67712 0.000108881
4.8 1.67712 0.000212024
6 1.67712 0.000333368
7.2 1.67712 0.00046513
8.4 1.67712 0.000599219
9.6 1.67712 0.000727418
10.8 1.67712 0.000841446
12 1.67712 0.000933746
13.2 1.67712 0.000998471
14.4 1.67712 0.00103178
15.6 1.67712 0.00103179
16.8 1.67712 0.000998524
18 1.67712 0.000933842
19.2 1.67712 0.000841615
20.4 1.67712 0.000727976
21.6 1.67712 0.000600833
22.8 1.67712 0.000467938
24 1.67712 0.000335273
25.2 1.67712 0.000209272
26.4 1.67712 0.000101942
27.6 1.67712 3.00574e-05
28.8 1.67712 1.58657e-06
30 1.67712 -3.05131e-35
-30 1.72797 -2.90801e-35
-28.8 1.72797 1.29185e-06
-27.6 1.72797 2.91901e-05
-26.4 1.72797 0.000100793
-25.2 1.72797 0.000208336
-24 1.72797 0.000334777
-22.8 1.72797 0.000467789
-21.6 1.72797 0.000600881
-20.4 1.72797 0.000728196
-19.2 1.72797 0.000842059
-18 1.72797 0.000934525
-16.8 1.72797 0.00099942
-15.6 1.72797 0.00103289
-14.4 1.72797 0.00103303
-13.2 1.72797 0.000999735
-12 1.72797 0.000934772
-10.8 1.72797 0.000842068
-9.6 1.72797 0.000727738
-8.4 1.72797 0.00059944
-7.2 1.72797 0.000465234
-6 1.72797 0.000333199
-4.8 1.72797 0.0002115
-3.6 1.72797 0.000108059
-2.4 1.72797 2.96384e-05
-1.2 1.72797 -1.90479e-05
0 1.72797 -3.55146e-05
1.2 1.72797 -1.90367e-05
2.4 1.72797 2.96575e-05
3.6 1.72797 0.00010805
4.8 1.72797 0.000211399
6 1.72797 0.000332991
7.2 1.72797 0.00046503
8.4 1.72797 0.000599406
9.6 1.72797 0.000727883
10.8 1.72797 0.000842161
12 1.72797 0.000934663
13.2 1.72797 0.000999525
14.4 1.72797 0.0010329
15.6 1.72797 0.00103292
16.8 1.72797 0.000999585
18 1.72797 0.000934756
19.2 1.72797 0.000842314
20.4 1.72797 0.000728449
21.6 1.72797 0.000601108
22.8 1.72797 0.000467968
24 1.72797 0.000334896
25.2 1.72797 0.000208398
26.4 1.72797 0.000100814
27.6 1.72797 2.91905e-05
28.8 1.72797 1.28952e-06
30 1.72797 -2.90748e-35
-30 1.77881 -2.76485e-35
-28.8 1.77881 9.97236e-07
-27.6 1.77881 2.83256e-05
-26.4 1.77881 9.96611e-05
-25.2 1.77881 0.000207451
-24 1.77881 0.000334391
-22.8 1.77881 0.000467815
-21.6 1.77881 0.000601153
-20.4 1.77881 0.000728664
-19.2 1.77881 0.000842749
-18 1.77881 0.000935431
-16.8 1.77881 0.00100048
-15.6 1.77881 0.00103401
-14.4 1.77881 0.00103416
-13.2 1.77881 0.0010008
-12 1.77881 0.000935695
-10.8 1.77881 0.000842786
-9.6 1.77881 0.000728205
-8.4 1.77881 0.00059963
-7.2 1.77881 0.000465139
-6 1.77881 0.000332828
-4.8 1.77881 0.000210878
-3.6 1.77881 0.000107228
-2.4 1.77881 2.86549e-05
-1.2 1.77881 -2.012e-05
0 1.77881 -3.66147e-05
1.2 1.77881 -2.01074e-05
2.4 1.77881 2.86756e-05
3.6 1.77881 0.000107218
4.8 1.77881 0.000210773
6 1.77881 0.000332614
7.2 1.77881 0.000464931
8.4 1.77881 0.000599594
9.6 1.77881 0.000728349
10.8 1.77881 0.000842877
12 1.77881 0.000935583
13.2 1.77881 0.00100058
14.4 1.77881 0.00103403
15.6 1.77881 0.00103405
16.8 1.77881 0.00100065
18 1.77881 0.000935671
19.2 1.77881 0.000843013
20.4 1.77881 0.000728925
21.6 1.77881 0.000601387
22.8 1.77881 0.000467999
24 1.77881 0.000334513
25.2 1.77881 0.000207515
26.4 1.77881 9.96819e-05
27.6 1.77881 2.83256e-05
28.8 1.77881 9.94751e-07
30 1.77881 -2.76426e-35
-30 1.82966 -2.62228e-35
-28.8 1.82966 7.0479e-07
-27.6 1.82966 2.7463e-05
-26.4 1.82966 9.85248e-05
-25.2 1.82966 0.000206558
-24 1.82966 0.000333999
-22.8 1.82966 0.000467841
-21.6 1.82966 0.000601429
-20.4 1.82966 0.000729134
-19.2 1.82966 0.00084344
-18 1.82966 0.000936338
-16.8 1.82966 0.00100154
-15.6 1.82966 0.00103515
-14.4 1.82966 0.00103529
-13.2 1.82966 0.00100186
-12 1.82966 0.000936619
-10.8 1.82966 0.000843506
-9.6 1.82966 0.000728675
-8.4 1.82966 0.000599822
-7.2 1.82966 0.000465045
-6 1.82966 0.000332457
-4.8 1.82966 0.000210255
-3.6 1.82966 0.000106395
-2.4 1.82966 2.76693e-05
-1.2 1.82966 -2.1195e-05
0 1.82966 -3.7718e-05
1.2 1.82966 -2.11809e-05
2.4 1.82966 2.76916e-05
3.6 1.82966 0.000106384
4.8 1.82966 0.000210145
6 1.82966 0.000332237
7.2 1.82966 0.000464831
8.4 1.82966 0.000599783
9.6 1.82966 0.000728817
10.8 1.82966 0.000843595
12 1.82966 0.000936504
13.2 1.82966 0.00100164
14.4 1.82966 0.00103515
15.6 1.82966 0.00103518
16.8 1.82966 0.00100171
18 1.82966 0.000936586
19.2 1.82966 0.000843712
20.4 1.82966 0.000729403
21.6 1.82966 0.00060167
22.8 1.82966 0.000468031
24 1.82966 0.000334125
25.2 1.82966 0.000206623
26.4 1.82966 9.85458e-05
27.6 1.82966 2.74627e-05
28.8 1.82966 7.0214e-07
30 1.82966 -2.62162e-35
-30 1.88051 -2.48024e-35
-28.8 1.88051 4.14399e-07
-27.6 1.88051 2.66021e-05
-26.4 1.88051 9.73846e-05
-25.2 1.88051 0.000205656
-24 1.88051 0.0003336
-22.8 1.88051 0.000467868
-21.6 1.88051 0.00060171
-20.4 1.88051 0.000729607
-19.2 1.88051 0.00084413
-18 1.88051 0.000937245
-16.8 1.88051 0.0010026
-15.6 1.88051 0.00103628
-14.4 1.88051 0.00103643
-13.2 1.88051 0.00100293
-12 1.88051 0.000937546
-10.8 1.88051 0.000844228
-9.6 1.88051 0.000729146
-8.4 1.88051 0.000600014
-7.2 1.88051 0.000464951
-6 1.88051 0.000332085
-4.8 1.88051 0.000209631
-3.6 1.88051 0.00010556
-2.4 1.88051 2.66815e-05
-1.2 1.88051 -2.22728e-05
0 1.88051 -3.88246e-05
1.2 1.88051 -2.22572e-05
2.4 1.88051 2.67055e-05
3.6 1.88051 0.000105549
4.8 1.88051 0.000209516
6 1.88051 0.000331859
7.2 1.88051 0.000464732
8.4 1.88051 0.000599973
9.6 1.88051 0.000729286
10.8 1.88051 0.000844315
12 1.88051 0.000937427
13.2 1.88051 0.0010027
14.4 1.88051 0.00103629
15.6 1.88051 0.00103631
16.8 1.88051 0.00100278
18 1.88051 0.000937502
19.2 1.88051 0.000844411
20.4 1.88051 0.000729884
21.6 1.88051 0.000601958
22.8 1.88051 0.000468063
24 1.88051 0.00033373
25.2 1.88051 0.000205723
26.4 1.88051 9.74057e-05
27.6 1.88051 2.66016e-05
28.8 1.88051 4.11579e-07
30 1.88051 -2.47951e-35
-30 1.93136 -2.33872e-35
-28.8 1.93136 1.25961e-07
-27.6 1.93136 2.57429e-05
-26.4 1.93136 9.62403e-05
-25.2 1.93136 0.000204745
-24 1.93136 0.000333196
-22.8 1.93136 0.000467896
-21.6 1.93136 0.000601996
-20.4 1.93136 0.000730083
-19.2 1.93136 0.000844821
-18 1.93136 0.000938153
-16.8 1.93136 0.00100367
-15.6 1.93136 0.00103742
-14.4 1.93136 0.00103757
-13.2 1.93136 0.001004
-12 1.93136 0.000938475
-10.8 1.93136 0.000844952
-9.6 1.93136 0.000729619
-8.4 1.93136 0.000600209
-7.2 1.93136 0.000464857
-6 1.93136 0.000331713
-4.8 1.93136 0.000209005
-3.6 1.93136 0.000104724
-2.4 1.93136 2.56916e-05
-1.2 1.93136 -2.33536e-05
0 1.93136 -3.99343e-05
1.2 1.93136 -2.33363e-05
2.4 1.93136 2.57173e-05
3.6 1.93136 0.000104712
4.8 1.93136 0.000208887
6 1.93136 0.00033148
7.2 1.93136 0.000464634
8.4 1.93136 0.000600165
9.6 1.93136 0.000729757
10.8 1.93136 0.000845037
12 1.93136 0.000938351
13.2 1.93136 0.00100377
14.4 1.93136 0.00103742
15.6 1.93136 0.00103745
16.8 1.93136 0.00100385
18 1.93136 0.000938418
19.2 1.93136 0.000845111
20.4 1.93136 0.000730369
21.6 1.93136 0.000602251
22.8 1.93136 0.000468097
24 1.93136 0.000333329
25.2 1.93136 0.000204814
26.4 1.93136 9.62616e-05
27.6 1.93136 2.5742e-05
28.8 1.93136 1.22964e-07
30 1.93136 -2.33791e-35
-30 1.9822 -2.19767e-35
-28.8 1.9822 -1.6062e-07
-27.6 1.9822 2.48853e-05
-26.4 1.9822 9.5092e-05
-25.2 1.9822 0.000203826
-24 1.9822 0.000332785
-22.8 1.9822 0.000467924
-21.6 1.9822 0.000602285
-20.4 1.9822 0.000730562
-19.2 1.9822 0.000845512
-18 1.9822 0.000939061
-16.8 1.9822 0.00100473
-15.6 1.9822 0.00103856
-14.4 1.9822 0.00103871
-13.2 1.9822 0.00100507
-12 1.9822 0.000939405
-10.8 1.9822 0.000845677
-9.6 1.9822 0.000730094
-8.4 1.9822 0.000600404
-7.2 1.9822 0.000464764
-6 1.9822 0.00033134
-4.8 1.9822 0.000208379
-3.6 1.9822 0.000103887
-2.4 1.9822 2.46996e-05
-1.2 1.9822 -2.44372e-05
0 1.9822 -4.10472e-05
1.2 1.9822 -2.44182e-05
2.4 1.9822 2.47269e-05
3.6 1.9822 0.000103874
4.8 1.9822 0.000208256
6 1.9822 0.000331101
7.2 1.9822 0.000464536
8.4 1.9822 0.000600357
9.6 1.9822 0.000730229
10.8 1.9822 0.00084576
12 1.9822 0.000939278
13.2 1.9822 0.00100483
14.4 1.9822 0.00103855
15.6 1.9822 0.00103859
16.8 1.9822 0.00100492
18 1.9822 0.000939335
19.2 1.9822 0.000845812
20.4 1.9822 0.000730856
21.6 1.9822 0.000602547
22.8 1.9822 0.000468131
24 1.9822 0.000332922
25.2 1.9822 0.000203896
26.4 1.9822 9.51134e-05
27.6 1.9822 2.4884e-05
28.8 1.9822 -1.638e-07
30 1.9822 -2.19679e-35
-30 2.03305 -2.05707e-35
-28.8 2.03305 -4.45434e-07
-27.6 2.03305 2.40289e-05
-26.4 2.03305 9.39397e-05
-25.2 2.03305 0.000202899
-24 2.03305 0.000332369
-22.8 2.03305 0.000467953
-21.6 2.03305 0.000602579
-20.4 2.03305 0.000731044
-19.2 2.03305 0.000846204
-18 2.03305 0.00093997
-16.8 2.03305 0.0010058
-15.6 2.03305 0.00103971
-14.4 2.03305 0.00103985
-13.2 2.03305 0.00100614
-12 2.03305 0.000940337
-10.8 2.03305 0.000846405
-9.6 2.03305 0.00073057
-8.4 2.03305 0.0006006
-7.2 2.03305 0.000464671
-6 2.03305 0.000330967
-4.8 2.03305 0.000207752
-3.6 2.03305 0.000103048
-2.4 2.03305 2.37053e-05
-1.2 2.03305 -2.55238e-05
0 2.03305 -4.21633e-05
1.2 2.03305 -2.5503e-05
2.4 2.03305 2.37344e-05
3.6 2.03305 0.000103034
4.8 2.03305 0.000207624
6 2.03305 0.000330722
7.2 2.03305 0.000464438
8.4 2.03305 0.000600551
9.6 2.03305 0.000730703
10.8 2.03305 0.000846484
12 2.03305 0.000940206
13.2 2.03305 0.0010059
14.4 2.03305 0.00103969
15.6 2.03305 0.00103974
16.8 2.03305 0.001006
18 2.03305 0.000940252
19.2 2.03305 0.000846513
20.4 2.03305 0.000731346
21.6 2.03305 0.000602848
22.8 2.03305 0.000468166
24 2.03305 0.000332509
25.2 2.03305 0.00020297
26.4 2.03305 9.39611e-05
27.6 2.03305 2.40273e-05
28.8 2.03305 -4.48805e-07
30 2.03305 -2.05611e-35
-30 2.0839 -1.9169e-35
-28.8 2.0839 -7.28567e-07
-27.6 2.0839 2.31738e-05
-26.4 2.0839 9.27832e-05
-25.2 2.0839 0.000201963
-24 2.0839 0.000331946
-22.8 2.0839 0.000467983
-21.6 2.0839 0.000602877
-20.4 2.0839 0.000731529
-19.2 2.0839 0.000846897
-18 2.0839 0.000940878
-16.8 2.0839 0.00100687
-15.6 2.0839 0.00104085
-14.4 2.0839 0.001041
-13.2 2.0839 0.00100722
-12 2.0839 0.000941271
-10.8 2.0839 0.000847134
-9.6 2.0839 0.000731048
-8.4 2.0839 0.000600798
-7.2 2.0839 0.000464578
-6 2.0839 0.000330593
-4.8 2.0839 0.000207123
-3.6 2.0839 0.000102207
-2.4 2.0839 2.27089e-05
-1.2 2.0839 -2.66132e-05
0 2.0839 -4.32826e-05
1.2 2.0839 -2.65907e-05
2.4 2.0839 2.27398e-05
3.6 2.0839 0.000102193
4.8 2.0839 0.000206991
6 2.0839 0.000330342
7.2 2.0839 0.00046434
8.4 2.0839 0.000600746
9.6 2.0839 0.000731179
10.8 2.0839 0.000847211
12 2.0839 0.000941135
13.2 2.0839 0.00100697
14.4 2.0839 0.00104083
15.6 2.0839 0.00104089
16.8 2.0839 0.00100707
18 2.0839 0.00094117
19.2 2.0839 0.000847215
20.4 2.0839 0.00073184
21.6 2.0839 0.000603154
22.8 2.0839 0.000468201
24 2.0839 0.00033209
25.2 2.0839 0.000202036
26.4 2.0839 9.28047e-05
27.6 2.0839 2.31717e-05
28.8 2.0839 -7.32135e-07
30 2.0839 -1.91585e-35
-30 2.13475 -1.77712e-35
-28.8 2.13475 -1.0101e-06
-27.6 2.13475 2.23198e-05
-26.4 2.13475 9.16227e-05
-25.2 2.13475 0.000201018
-24 2.13475 0.000331517
-22.8 2.13475 0.000468012
-21.6 2.13475 0.00060318
-20.4 2.13475 0.000732017
-19.2 2.13475 0.00084759
-18 2.13475 0.000941788
-16.8 2.13475 0.00100794
-15.6 2.13475 0.001042
-14.4 2.13475 0.00104215
-13.2 2.13475 0.0010083
-12 2.13475 0.000942207
-10.8 2.13475 0.000847866
-9.6 2.13475 0.000731529
-8.4 2.13475 0.000600997
-7.2 2.13475 0.000464486
-6 2.13475 0.000330219
-4.8 2.13475 0.000206494
-3.6 2.13475 0.000101365
-2.4 2.13475 2.17102e-05
-1.2 2.13475 -2.77056e-05
0 2.13475 -4.44052e-05
1.2 2.13475 -2.76811e-05
2.4 2.13475 2.1743e-05
3.6 2.13475 0.00010135
4.8 2.13475 0.000206357
6 2.13475 0.000329961
7.2 2.13475 0.000464243
8.4 2.13475 0.000600941
9.6 2.13475 0.000731656
10.8 2.13475 0.000847939
12 2.13475 0.000942067
13.2 2.13475 0.00100804
14.4 2.13475 0.00104198
15.6 2.13475 0.00104204
16.8 2.13475 0.00100815
18 2.13475 0.000942088
19.2 2.13475 0.000847917
20.4 2.13475 0.000732336
21.6 2.13475 0.000603464
22.8 2.13475 0.000468236
24 2.13475 0.000331665
25.2 2.13475 0.000201093
26.4 2.13475 9.16442e-05
27.6 2.13475 2.23173e-05
28.8 2.13475 -1.01387e-06
30 2.13475 -1.77598e-35
-30 2.18559 -1.63771e-35
-28.8 2.18559 -1.29011e-06
-27.6 2.18559 2.14668e-05
-26.4 2.18559 9.04581e-05
-25.2 2.18559 0.000200065
-24 2.18559 0.000331082
-22.8 2.18559 0.000468043
-21.6 2.18559 0.000603486
-20.4 2.18559 0.000732509
-19.2 2.18559 0.000848283
-18 2.18559 0.000942697
-16.8 2.18559 0.00100902
-15.6 2.18559 0.00104316
-14.4 2.18559 0.0010433
-13.2 2.18559 0.00100938
-12 2.18559 0.000943144
-10.8 2.18559 0.000848599
-9.6 2.18559 0.000732011
-8.4 2.18559 0.000601197
-7.2 2.18559 0.000464394
-6 2.18559 0.000329844
-4.8 2.18559 0.000205863
-3.6 2.18559 0.000100522
-2.4 2.18559 2.07094e-05
-1.2 2.18559 -2.88008e-05
0 2.18559 -4.55309e-05
1.2 2.18559 -2.87745e-05
2.4 2.18559 2.07441e-05
3.6 2.18559 0.000100506
4.8 2.18559 0.000205722
6 2.18559 0.00032958
7.2 2.18559 0.000464146
8.4 2.18559 0.000601138
9.6 2.18559 0.000732134
10.8 2.18559 0.000848669
12 2.18559 0.000943
13.2 2.18559 0.00100911
14.4 2.18559 0.00104313
15.6 2.18559 0.00104319
16.8 2.18559 0.00100923
18 2.18559 0.000943006
19.2 2.18559 0.000848621
20.4 2.18559 0.000732837
21.6 2.18559 0.000603778
22.8 2.18559 0.000468272
24 2.18559 0.000331234
25.2 2.18559 0.000200142
26.4 2.18559 9.04795e-05
27.6 2.18559 2.14638e-05
28.8 2.18559 -1.29409e-06
30 2.18559 -1.63648e-35
-30 2.23644 -1.49865e-35
-28.8 2.23644 -1.56866e-06
-27.6 2.23644 2.06146e-05
-26.4 2.23644 8.92893e-05
-25.2 2.23644 0.000199104
-24 2.23644 0.000330641
-22.8 2.23644 0.000468073
-21.6 2.23644 0.000603798
-20.4 2.23644 0.000733004
-19.2 2.23644 0.000848978
-18 2.23644 0.000943607
-16.8 2.23644 0.0010101
-15.6 2.23644 0.00104432
-14.4 2.23644 0.00104446
-13.2 2.23644 0.00101046
-12 2.23644 0.000944084
-10.8 2.23644 0.000849334
-9.6 2.23644 0.000732495
-8.4 2.23644 0.000601399
-7.2 2.23644 0.000464302
-6 2.23644 0.000329469
-4.8 2.23644 0.000205232
-3.6 2.23644 9.96766e-05
-2.4 2.23644 1.97064e-05
-1.2 2.23644 -2.9899e-05
0 2.23644 -4.66598e-05
1.2 2.23644 -2.98707e-05
2.4 2.23644 1.9743e-05
3.6 2.23644 9.96599e-05
4.8 2.23644 0.000205086
6 2.23644 0.000329199
7.2 2.23644 0.000464049
8.4 2.23644 0.000601336
9.6 2.23644 0.000732614
10.8 2.23644 0.000849401
12 2.23644 0.000943935
13.2 2.23644 0.00101019
14.4 2.23644 0.00104428
15.6 2.23644 0.00104435
16.8 2.23644 0.00101031
18 2.23644 0.000943925
19.2 2.23644 0.000849325
20.4 2.23644 0.00073334
21.6 2.23644 0.000604096
22.8 2.23644 0.000468308
24 2.23644 0.000330796
25.2 2.23644 0.000199182
26.4 2.23644 8.93107e-05
27.6 2.23644 2.06112e-05
28.8 2.23644 -1.57286e-06
30 2.23644 -1.49733e-35
-30 2.28729 -1.35991e-35
-28.8 2.28729 -1.84583e-06
-27.6 2.28729 1.97633e-05
-26.4 2.28729 8.81163e-05
-25.2 2.28729 0.000198135
-24 2.28729 0.000330194
-22.8 2.28729 0.000468103
-21.6 2.28729 0.000604113
-20.4 2.28729 0.000733502
-19.2 2.28729 0.000849673
-18 2.28729 0.000944516
-16.8 2.28729 0.00101117
-15.6 2.28729 0.00104548
-14.4 2.28729 0.00104561
-13.2 2.28729 0.00101154
-12 2.28729 0.000945025
-10.8 2.28729 0.000850072
-9.6 2.28729 0.00073298
-8.4 2.28729 0.000601601
-7.2 2.28729 0.000464211
-6 2.28729 0.000329094
-4.8 2.28729 0.000204599
-3.6 2.28729 9.88299e-05
-2.4 2.28729 1.87012e-05
-1.2 2.28729 -3.10001e-05
0 2.28729 -4.7792e-05
1.2 2.28729 -3.09697e-05
2.4 2.28729 1.87397e-05
3.6 2.28729 9.88124e-05
4.8 2.28729 0.000204449
6 2.28729 0.000328817
7.2 2.28729 0.000463953
8.4 2.28729 0.000601536
9.6 2.28729 0.000733096
10.8 2.28729 0.000850134
12 2.28729 0.000944872
13.2 2.28729 0.00101127
14.4 2.28729 0.00104543
15.6 2.28729 0.0010455
16.8 2.28729 0.0010114
18 2.28729 0.000944844
19.2 2.28729 0.00085003
20.4 2.28729 0.000733847
21.6 2.28729 0.000604419
22.8 2.28729 0.000468344
24 2.28729 0.000330353
25.2 2.28729 0.000198214
26.4 2.28729 8.81377e-05
27.6 2.28729 1.97593e-05
28.8 2.28729 -1.85025e-06
30 2.28729 -1.35849e-35
-30 2.33814 -1.22147e-35
-28.8 2.33814 -2.12167e-06
-27.6 2.33814 1.89126e-05
-26.4 2.33814 8.69391e-05
-25.2 2.33814 0.000197158
-24 2.33814 0.00032974
-22.8 2.33814 0.000468134
-21.6 2.33814 0.000604433
-20.4 2.33814 0.000734004
-19.2 2.33814 0.000850369
-18 2.33814 0.000945426
-16.8 2.33814 0.00101225
-15.6 2.33814 0.00104664
-14.4 2.33814 0.00104677
-13.2 2.33814 0.00101263
-12 2.33814 0.000945968
-10.8 2.33814 0.000850811
-9.6 2.33814 0.000733468
-8.4 2.33814 0.000601805
-7.2 2.33814 0.00046412
-6 2.33814 0.000328718
-4.8 2.33814 0.000203966
-3.6 2.33814 9.79817e-05
-2.4 2.33814 1.76937e-05
-1.2 2.33814 -3.21041e-05
0 2.33814 -4.89274e-05
1.2 2.33814 -3.20717e-05
2.4 2.33814 1.77343e-05
3.6 2.33814 9.79634e-05
4.8 2.33814 0.000203811
6 2.33814 0.000328435
7.2 2.33814 0.000463857
8.4 2.33814 0.000601736
9.6 2.33814 0.00073358
10.8 2.33814 0.000850869
12 2.33814 0.00094581
13.2 2.33814 0.00101235
14.4 2.33814 0.00104658
15.6 2.33814 0.00104667
16.8 2.33814 0.00101248
18 2.33814 0.000945763
19.2 2.33814 0.000850736
20.4 2.33814 0.000734358
21.6 2.33814 0.000604746
22.8 2.33814 0.00046838
24 2.33814 0.000329903
25.2 2.33814 0.000197238
26.4 2.33814 8.69604e-05
27.6 2.33814 1.89081e-05
28.8 2.33814 -2.12633e-06
30 2.33814 -1.21996e-35
-30 2.38898 -1.08332e-35
-28.8 2.38898 -2.39626e-06
-27.6 2.38898 1.80624e-05
-26.4 2.38898 8.57577e-05
-25.2 2.38898 0.000196172
-24 2.38898 0.000329281
-22.8 2.38898 0.000468165
-21.6 2.38898 0.000604756
-20.4 2.38898 0.000734509
-19.2 2.38898 0.000851066
-18 2.38898 0.000946337
-16.8 2.38898 0.00101333
-15.6 2.38898 0.0010478
-14.4 2.38898 0.00104794
-13.2 2.38898 0.00101371
-12 2.38898 0.000946913
-10.8 2.38898 0.000851552
-9.6 2.38898 0.000733957
-8.4 2.38898 0.000602011
-7.2 2.38898 0.00046403
-6 2.38898 0.000328341
-4.8 2.38898 0.000203331
-3.6 2.38898 9.7132e-05
-2.4 2.38898 1.66841e-05
-1.2 2.38898 -3.3211e-05
0 2.38898 -5.00659e-05
1.2 2.38898 -3.31765e-05
2.4 2.38898 1.67266e-05
3.6 2.38898 9.71127e-05
4.8 2.38898 0.000203171
6 2.38898 0.000328052
7.2 2.38898 0.000463762
8.4 2.38898 0.000601937
9.6 2.38898 0.000734064
10.8 2.38898 0.000851605
12 2.38898 0.00094675
13.2 2.38898 0.00101343
14.4 2.38898 0.00104774
15.6 2.38898 0.00104783
16.8 2.38898 0.00101357
18 2.38898 0.000946683
19.2 2.38898 0.000851443
20.4 2.38898 0.000734872
21.6 2.38898 0.000605077
22.8 2.38898 0.000468417
24 2.38898 0.000329447
25.2 2.38898 0.000196254
26.4 2.38898 8.57788e-05
27.6 2.38898 1.80574e-05
28.8 2.38898 -2.40115e-06
30 2.38898 -1.0817e-35
-30 2.43983 -9.45428e-36
-28.8 2.43983 -2.66965e-06
-27.6 2.43983 1.72127e-05
-26.4 2.43983 8.45719e-05
-25.2 2.43983 0.000195178
-24 2.43983 0.000328815
-22.8 2.43983 0.000468195
-21.6 2.43983 0.000605084
-20.4 2.43983 0.000735018
-19.2 2.43983 0.000851764
-18 2.43983 0.000947247
-16.8 2.43983 0.00101442
-15.6 2.43983 0.00104897
-14.4 2.43983 0.00104911
-13.2 2.43983 0.00101481
-12 2.43983 0.00094786
-10.8 2.43983 0.000852295
-9.6 2.43983 0.000734448
-8.4 2.43983 0.000602217
-7.2 2.43983 0.000463939
-6 2.43983 0.000327964
-4.8 2.43983 0.000202695
-3.6 2.43983 9.62806e-05
-2.4 2.43983 1.56722e-05
-1.2 2.43983 -3.43209e-05
0 2.43983 -5.12078e-05
1.2 2.43983 -3.42842e-05
2.4 2.43983 1.57168e-05
3.6 2.43983 9.62605e-05
4.8 2.43983 0.000202531
6 2.43983 0.000327668
7.2 2.43983 0.000463666
8.4 2.43983 0.00060214
9.6 2.43983 0.000734551
10.8 2.43983 0.000852343
12 2.43983 0.000947692
13.2 2.43983 0.00101451
14.4 2.43983 0.0010489
15.6 2.43983 0.001049
16.8 2.43983 0.00101466
18 2.43983 0.000947603
19.2 2.43983 0.000852151
20.4 2.43983 0.00073539
21.6 2.43983 0.000605412
22.8 2.43983 0.000468453
24 2.43983 0.000328985
25.2 2.43983 0.000195261
26.4 2.43983 8.4593e-05
27.6 2.43983 1.72072e-05
28.8 2.43983 -2.67478e-06
30 2.43983 -9.43697e-36
-30 2.49068 -8.07779e-36
-28.8 2.49068 -2.94189e-06
-27.6 2.49068 1.63634e-05
-26.4 2.49068 8.33819e-05
-25.2 2.49068 0.000194176
-24 2.49068 0.000328343
-22.8 2.49068 0.000468226
-21.6 2.49068 0.000605417
-20.4 2.49068 0.000735531
-19.2 2.49068 0.000852463
-18 2.49068 0.000948158
-16.8 2.49068 0.0010155
-15.6 2.49068 0.00105015
-14.4 2.49068 0.00105028
-13.2 2.49068 0.0010159
-12 2.49068 0.000948808
-10.8 2.49068 0.000853039
-9.6 2.49068 0.000734941
-8.4 2.49068 0.000602425
-7.2 2.49068 0.00046385
-6 2.49068 0.000327586
-4.8 2.49068 0.000202058
-3.6 2.49068 9.54277e-05
-2.4 2.49068 1.46581e-05
-1.2 2.49068 -3.54337e-05
0 2.49068 -5.23528e-05
1.2 2.49068 -3.53947e-05
2.4 2.49068 1.47048e-05
3.6 2.49068 9.54067e-05
4.8 2.49068 0.000201889
6 2.49068 0.000327285
7.2 2.49068 0.000463572
8.4 2.49068 0.000602344
9.6 2.49068 0.000735039
10.8 2.49068 0.000853083
12 2.49068 0.000948636
13.2 2.49068 0.0010156
14.4 2.49068 0.00105007
15.6 2.49068 0.00105017
16.8 2.49068 0.00101575
18 2.49068 0.000948523
19.2 2.49068 0.000852861
20.4 2.49068 0.000735912
21.6 2.49068 0.000605752
22.8 2.49068 0.00046849
24 2.49068 0.000328517
25.2 2.49068 0.000194261
26.4 2.49068 8.34028e-05
27.6 2.49068 1.63572e-05
28.8 2.49068 -2.94728e-06
30 2.49068 -8.05936e-36
-30 2.54153 -6.70354e-36
-28.8 2.54153 -3.21303e-06
-27.6 2.54153 1.55143e-05
-26.4 2.54153 8.21875e-05
-25.2 2.54153 0.000193166
-24 2.54153 0.000327865
-22.8 2.54153 0.000468257
-21.6 2.54153 0.000605753
-20.4 2.54153 0.000736047
-19.2 2.54153 0.000853163
-18 2.54153 0.000949069
-16.8 2.54153 0.00101659
-15.6 2.54153 0.00105132
-14.4 2.54153 0.00105145
-13.2 2.54153 0.00101699
-12 2.54153 0.000949759
-10.8 2.54153 0.000853786
-9.6 2.54153 0.000735436
-8.4 2.54153 0.000602634
-7.2 2.54153 0.00046376
-6 2.54153 0.000327208
-4.8 2.54153 0.00020142
-3.6 2.54153 9.45732e-05
-2.4 2.54153 1.36417e-05
-1.2 2.54153 -3.65494e-05
0 2.54153 -5.35011e-05
1.2 2.54153 -3.65082e-05
2.4 2.54153 1.36906e-05
3.6 2.54153 9.45513e-05
4.8 2.54153 0.000201246
6 2.54153 0.0003269
7.2 2.54153 0.000463477
8.4 2.54153 0.000602549
9.6 2.54153 0.000735529
10.8 2.54153 0.000853825
12 2.54153 0.000949581
13.2 2.54153 0.00101669
14.4 2.54153 0.00105124
15.6 2.54153 0.00105135
16.8 2.54153 0.00101684
18 2.54153 0.000949443
19.2 2.54153 0.000853571
20.4 2.54153 0.000736437
21.6 2.54153 0.000606096
22.8 2.54153 0.000468526
24 2.54153 0.000328042
25.2 2.54153 0.000193252
26.4 2.54153 8.22082e-05
27.6 2.54153 1.55076e-05
28.8 2.54153 -3.21868e-06
30 2.54153 -6.68397e-36
-30 2.59237 -5.33135e-36
-28.8 2.59237 -3.48314e-06
-27.6 2.59237 1.46654e-05
-26.4 2.59237 8.09887e-05
-25.2 2.59237 0.000192147
-24 2.59237 0.000327381
-22.8 2.59237 0.000468287
-21.6 2.59237 0.000606094
-20.4 2.59237 0.000736567
-19.2 2.59237 0.000853865
-18 2.59237 0.00094998
-16.8 2.59237 0.00101768
-15.6 2.59237 0.0010525
-14.4 2.59237 0.00105262
-13.2 2.59237 0.00101809
-12 2.59237 0.000950711
-10.8 2.59237 0.000854534
-9.6 2.59237 0.000735933
-8.4 2.59237 0.000602845
-7.2 2.59237 0.000463671
-6 2.59237 0.000326829
-4.8 2.59237 0.000200781
-3.6 2.59237 9.37171e-05
-2.4 2.59237 1.26232e-05
-1.2 2.59237 -3.76681e-05
0 2.59237 -5.46526e-05
1.2 2.59237 -3.76246e-05
2.4 2.59237 1.26741e-05
3.6 2.59237 9.36943e-05
4.8 2.59237 0.000200603
6 2.59237 0.000326516
7.2 2.59237 0.000463383
8.4 2.59237 0.000602755
9.6 2.59237 0.00073602
10.8 2.59237 0.000854568
12 2.59237 0.000950528
13.2 2.59237 0.00101778
14.4 2.59237 0.00105241
15.6 2.59237 0.00105252
16.8 2.59237 0.00101793
18 2.59237 0.000950364
19.2 2.59237 0.000854283
20.4 2.59237 0.000736966
21.6 2.59237 0.000606444
22.8 2.59237 0.000468562
24 2.59237 0.000327561
25.2 2.59237 0.000192235
26.4 2.59237 8.10093e-05
27.6 2.59237 1.46581e-05
28.8 2.59237 -3.48905e-06
30 2.59237 -5.3106e-36
-30 2.64322 -3.96106e-36
-28.8 2.64322 -3.75224e-06
-27.6 2.64322 1.38167e-05
-26.4 2.64322 7.97855e-05
-25.2 2.64322 0.000191121
-24 2.64322 0.00032689
-22.8 2.64322 0.000468317
-21.6 2.64322 0.000606439
-20.4 2.64322 0.000737091
-19.2 2.64322 0.000854567
-18 2.64322 0.000950892
-16.8 2.64322 0.00101877
-15.6 2.64322 0.00105368
-14.4 2.64322 0.0010538
-13.2 2.64322 0.00101919
-12 2.64322 0.000951665
-10.8 2.64322 0.000855285
-9.6 2.64322 0.000736432
-8.4 2.64322 0.000603057
-7.2 2.64322 0.000463582
-6 2.64322 0.00032645
-4.8 2.64322 0.000200141
-3.6 2.64322 9.28594e-05
-2.4 2.64322 1.16023e-05
-1.2 2.64322 -3.87897e-05
0 2.64322 -5.58074e-05
1.2 2.64322 -3.87438e-05
2.4 2.64322 1.16555e-05
3.6 2.64322 9.28357e-05
4.8 2.64322 0.000199958
6 2.64322 0.00032613
7.2 2.64322 0.000463289
8.4 2.64322 0.000602962
9.6 2.64322 0.000736513
10.8 2.64322 0.000855312
12 2.64322 0.000951477
13.2 2.64322 0.00101887
14.4 2.64322 0.00105358
15.6 2.64322 0.0010537
16.8 2.64322 0.00101903
18 2.64322 0.000951285
19.2 2.64322 0.000854996
20.4 2.64322 0.0007375
21.6 2.64322 0.000606797
22.8 2.64322 0.000468598
24 2.64322 0.000327074
25.2 2.64322 0.00019121
26.4 2.64322 7.98058e-05
27.6 2.64322 1.38087e-05
28.8 2.64322 -3.75843e-06
30 2.64322 -3.9391e-36
-30 2.69407 -2.5925e-36
-28.8 2.69407 -4.0204e-06
-27.6 2.69407 1.2968e-05
-26.4 2.69407 7.85779e-05
-25.2 2.69407 0.000190087
-24 2.69407 0.000326393
-22.8 2.69407 0.000468347
-21.6 2.69407 0.000606788
-20.4 2.69407 0.000737619
-19.2 2.69407 0.000855271
-18 2.69407 0.000951803
-16.8 2.69407 0.00101986
-15.6 2.69407 0.00105486
-14.4 2.69407 0.00105499
-13.2 2.69407 0.00102029
-12 2.69407 0.000952621
-10.8 2.69407 0.000856037
-9.6 2.69407 0.000736932
-8.4 2.69407 0.00060327
-7.2 2.69407 0.000463494
-6 2.69407 0.00032607
-4.8 2.69407 0.000199499
-3.6 2.69407 9.20001e-05
-2.4 2.69407 1.05793e-05
-1.2 2.69407 -3.99143e-05
0 2.69407 -5.69655e-05
1.2 2.69407 -3.9866e-05
2.4 2.69407 1.06347e-05
3.6 2.69407 9.19755e-05
4.8 2.69407 0.000199312
6 2.69407 0.000325745
7.2 2.69407 0.000463196
8.4 2.69407 0.000603171
9.6 2.69407 0.000737008
10.8 2.69407 0.000856059
12 2.69407 0.000952427
13.2 2.69407 0.00101997
14.4 2.69407 0.00105476
15.6 2.69407 0.00105489
16.8 2.69407 0.00102012
18 2.69407 0.000952206
19.2 2.69407 0.00085571
20.4 2.69407 0.000738037
21.6 2.69407 0.000607153
22.8 2.69407 0.000468634
24 2.69407 0.000326581
25.2 2.69407 0.000190177
26.4 2.69407 7.85979e-05
27.6 2.69407 1.29594e-05
28.8 2.69407 -4.02687e-06
30 2.69407 -2.5693e-36
-30 2.74492 -1.22552e-36
-28.8 2.74492 -4.28766e-06
-27.6 2.74492 1.21192e-05
-26.4 2.74492 7.73657e-05
-25.2 2.74492 0.000189044
-24 2.74492 0.000325891
-22.8 2.74492 0.000468377
-21.6 2.74492 0.000607141
-20.4 2.74492 0.000738151
-19.2 2.74492 0.000855977
-18 2.74492 0.000952715
-16.8 2.74492 0.00102095
-15.6 2.74492 0.00105605
-14.4 2.74492 0.00105617
-13.2 2.74492 0.0010214
-12 2.74492 0.000953579
-10.8 2.74492 0.000856791
-9.6 2.74492 0.000737435
-8.4 2.74492 0.000603485
-7.2 2.74492 0.000463406
-6 2.74492 0.00032569
-4.8 2.74492 0.000198857
-3.6 2.74492 9.11392e-05
-2.4 2.74492 9.55395e-06
-1.2 2.74492 -4.10418e-05
0 2.74492 -5.81268e-05
1.2 2.74492 -4.09911e-05
2.4 2.74492 9.61161e-06
3.6 2.74492 9.11137e-05
4.8 2.74492 0.000198665
6 2.74492 0.000325358
7.2 2.74492 0.000463103
8.4 2.74492 0.00060338
9.6 2.74492 0.000737504
10.8 2.74492 0.000856807
12 2.74492 0.000953379
13.2 2.74492 0.00102107
14.4 2.74492 0.00105594
15.6 2.74492 0.00105607
16.8 2.74492 0.00102122
18 2.74492 0.000953127
19.2 2.74492 0.000856426
20.4 2.74492 0.000738578
21.6 2.74492 0.000607514
22.8 2.74492 0.000468669
24 2.74492 0.000326082
25.2 2.74492 0.000189135
26.4 2.74492 7.73855e-05
27.6 2.74492 1.21099e-05
28.8 2.74492 -4.29441e-06
30 2.74492 -1.20104e-36
-30 2.79576 1.40047e-37
-28.8 2.79576 -4.55406e-06
-27.6 2.79576 1.12703e-05
-26.4 2.79576 7.6149e-05
-25.2 2.79576 0.000187993
-24 2.79576 0.000325381
-22.8 2.79576 0.000468406
-21.6 2.79576 0.000607498
-20.4 2.79576 0.000738686
-19.2 2.79576 0.000856683
-18 2.79576 0.000953627
-16.8 2.79576 0.00102204
-15.6 2.79576 0.00105724
-14.4 2.79576 0.00105736
-13.2 2.79576 0.0010225
-12 2.79576 0.000954539
-10.8 2.79576 0.000857547
-9.6 2.79576 0.000737939
-8.4 2.79576 0.000603701
-7.2 2.79576 0.000463319
-6 2.79576 0.00032531
-4.8 2.79576 0.000198213
-3.6 2.79576 9.02766e-05
-2.4 2.79576 8.52639e-06
-1.2 2.79576 -4.21723e-05
0 2.79576 -5.92913e-05
1.2 2.79576 -4.21191e-05
2.4 2.79576 8.58634e-06
3.6 2.79576 9.02502e-05
4.8 2.79576 0.000198016
6 2.79576 0.000324972
7.2 2.79576 0.00046301
8.4 2.79576 0.000603591
9.6 2.79576 0.000738002
10.8 2.79576 0.000857556
12 2.79576 0.000954333
13.2 2.79576 0.00102217
14.4 2.79576 0.00105712
15.6 2.79576 0.00105726
16.8 2.79576 0.00102232
18 2.79576 0.000954049
19.2 2.79576 0.000857144
20.4 2.79576 0.000739123
21.6 2.79576 0.000607879
22.8 2.79576 0.000468704
24 2.79576 0.000325576
25.2 2.79576 0.000188086
26.4 2.79576 7.61684e-05
27.6 2.79576 1.12603e-05
28.8 2.79576 -4.5611e-06
30 2.79576 1.65832e-37
-30 2.84661 1.50434e-36
-28.8 2.84661 -4.81963e-06
-27.6 2.84661 1.04211e-05
-26.4 2.84661 7.49277e-05
-25.2 2.84661 0.000186934
-24 2.84661 0.000324866
-22.8 2.84661 0.000468435
-21.6 2.84661 0.00060786
-20.4 2.84661 0.000739226
-19.2 2.84661 0.000857391
-18 2.84661 0.000954539
-16.8 2.84661 0.00102314
-15.6 2.84661 0.00105843
-14.4 2.84661 0.00105855
-13.2 2.84661 0.00102361
-12 2.84661 0.0009555
-10.8 2.84661 0.000858304
-9.6 2.84661 0.000738445
-8.4 2.84661 0.000603918
-7.2 2.84661 0.000463232
-6 2.84661 0.000324928
-4.8 2.84661 0.000197568
-3.6 2.84661 8.94124e-05
-2.4 2.84661 7.49658e-06
-1.2 2.84661 -4.33057e-05
0 2.84661 -6.04592e-05
1.2 2.84661 -4.325e-05
2.4 2.84661 7.55885e-06
3.6 2.84661 8.93851e-05
4.8 2.84661 0.000197367
6 2.84661 0.000324585
7.2 2.84661 0.000462918
8.4 2.84661 0.000603803
9.6 2.84661 0.000738501
10.8 2.84661 0.000858307
12 2.84661 0.000955288
13.2 2.84661 0.00102327
14.4 2.84661 0.00105831
15.6 2.84661 0.00105845
16.8 2.84661 0.00102342
18 2.84661 0.000954971
19.2 2.84661 0.000857863
20.4 2.84661 0.000739673
21.6 2.84661 0.000608248
22.8 2.84661 0.000468739
24 2.84661 0.000325064
25.2 2.84661 0.000187028
26.4 2.84661 7.49468e-05
27.6 2.84661 1.04105e-05
28.8 2.84661 -4.82697e-06
30 2.84661 1.53146e-36
-30 2.89746 2.86749e-36
-28.8 2.89746 -5.08442e-06
-27.6 2.89746 9.57175e-06
-26.4 2.89746 7.37018e-05
-25.2 2.89746 0.000185868
-24 2.89746 0.000324344
-22.8 2.89746 0.000468464
-21.6 2.89746 0.000608226
-20.4 2.89746 0.00073977
-19.2 2.89746 0.000858101
-18 2.89746 0.000955451
-16.8 2.89746 0.00102423
-15.6 2.89746 0.00105963
-14.4 2.89746 0.00105975
-13.2 2.89746 0.00102473
-12 2.89746 0.000956463
-10.8 2.89746 0.000859064
-9.6 2.89746 0.000738953
-8.4 2.89746 0.000604136
-7.2 2.89746 0.000463146
-6 2.89746 0.000324547
-4.8 2.89746 0.000196922
-3.6 2.89746 8.85466e-05
-2.4 2.89746 6.46452e-06
-1.2 2.89746 -4.44421e-05
0 2.89746 -6.16304e-05
1.2 2.89746 -4.43839e-05
2.4 2.89746 6.52914e-06
3.6 2.89746 8.85184e-05
4.8 2.89746 0.000196716
6 2.89746 0.000324197
7.2 2.89746 0.000462827
8.4 2.89746 0.000604017
9.6 2.89746 0.000739002
10.8 2.89746 0.00085906
12 2.89746 0.000956246
13.2 2.89746 0.00102438
14.4 2.89746 0.0010595
15.6 2.89746 0.00105965
16.8 2.89746 0.00102452
18 2.89746 0.000955893
19.2 2.89746 0.000858583
20.4 2.89746 0.000740226
21.6 2.89746 0.000608622
22.8 2.89746 0.000468774
24 2.89746 0.000324546
25.2 2.89746 0.000185963
26.4 2.89746 7.37206e-05
27.6 2.89746 9.56035e-06
28.8 2.89746 -5.09207e-06
30 2.89746 2.89599e-36
-30 2.94831 4.22965e-36
-28.8 2.94831 -5.34846e-06
-27.6 2.94831 8.72201e-06
-26.4 2.94831 7.24712e-05
-25.2 2.94831 0.000184793
-24 2.94831 0.000323816
-22.8 2.94831 0.000468492
-21.6 2.94831 0.000608595
-20.4 2.94831 0.000740318
-19.2 2.94831 0.000858812
-18 2.94831 0.000956364
-16.8 2.94831 0.00102533
-15.6 2.94831 0.00106083
-14.4 2.94831 0.00106095
-13.2 2.94831 0.00102584
-12 2.94831 0.000957429
-10.8 2.94831 0.000859825
-9.6 2.94831 0.000739462
-8.4 2.94831 0.000604356
-7.2 2.94831 0.00046306
-6 2.94831 0.000324165
-4.8 2.94831 0.000196275
-3.6 2.94831 8.76791e-05
-2.4 2.94831 5.43021e-06
-1.2 2.94831 -4.55815e-05
0 2.94831 -6.28048e-05
1.2 2.94831 -4.55207e-05
2.4 2.94831 5.49722e-06
3.6 2.94831 8.765e-05
4.8 2.94831 0.000196064
6 2.94831 0.000323809
7.2 2.94831 0.000462735
8.4 2.94831 0.000604231
9.6 2.94831 0.000739505
10.8 2.94831 0.000859814
12 2.94831 0.000957205
13.2 2.94831 0.00102548
14.4 2.94831 0.00106069
15.6 2.94831 0.00106085
16.8 2.94831 0.00102562
18 2.94831 0.000956816
19.2 2.94831 0.000859305
20.4 2.94831 0.000740784
21.6 2.94831 0.000608999
22.8 2.94831 0.000468808
24 2.94831 0.000324022
25.2 2.94831 0.000184889
26.4 2.94831 7.24896e-05
27.6 2.94831 8.70986e-06
28.8 2.94831 -5.35642e-06
30 2.94831 4.25955e-36
-30 2.99915 5.59096e-36
-28.8 2.99915 -5.6118e-06
-27.6 2.99915 7.87185e-06
-26.4 2.99915 7.12359e-05
-25.2 2.99915 0.000183709
-24 2.99915 0.000323282
-22.8 2.99915 0.00046852
-21.6 2.99915 0.000608969
-20.4 2.99915 0.000740871
-19.2 2.99915 0.000859525
-18 2.99915 0.000957277
-16.8 2.99915 0.00102643
-15.6 2.99915 0.00106203
-14.4 2.99915 0.00106215
-13.2 2.99915 0.00102696
-12 2.99915 0.000958396
-10.8 2.99915 0.000860589
-9.6 2.99915 0.000739974
-8.4 2.99915 0.000604578
-7.2 2.99915 0.000462974
-6 2.99915 0.000323782
-4.8 2.99915 0.000195626
-3.6 2.99915 8.68099e-05
-2.4 2.99915 4.39366e-06
-1.2 2.99915 -4.67238e-05
0 2.99915 -6.39827e-05
1.2 2.99915 -4.66604e-05
2.4 2.99915 4.46308e-06
3.6 2.99915 8.67799e-05
4.8 2.99915 0.000195411
6 2.99915 0.00032342
7.2 2.99915 0.000462644
8.4 2.99915 0.000604447
9.6 2.99915 0.000740009
10.8 2.99915 0.00086057
12 2.99915 0.000958165
13.2 2.99915 0.00102659
14.4 2.99915 0.00106189
15.6 2.99915 0.00106205
16.8 2.99915 0.00102673
18 2.99915 0.000957738
19.2 2.99915 0.000860029
20.4 2.99915 0.000741346
21.6 2.99915 0.000609381
22.8 2.99915 0.000468841
24 2.99915 0.000323491
25.2 2.99915 0.000183807
26.4 2.99915 7.12539e-05
27.6 2.99915 7.85894e-06
28.8 2.99915 -5.62008e-06
30 2.99915 5.62228e-36
-30 3.05 6.95152e-36
-28.8 3.05 -5.87446e-06
-27.6 3.05 7.0212e-06
-26.4 3.05 6.99959e-05
-25.2 3.05 0.000182618
-24 3.05 0.000322741
-22.8 3.05 0.000468547
-21.6 3.05 0.000609347
-20.4 3.05 0.000741427
-19.2 3.05 0.000860239
-18 3.05 0.000958189
-16.8 3.05 0.00102753
-15.6 3.05 0.00106323
-14.4 3.05 0.00106335
-13.2 3.05 0.00102808
-12 3.05 0.000959365
-10.8 3.05 0.000861354
-9.6 3.05 0.000740487
-8.4 3.05 0.000604801
-7.2 3.05 0.000462889
-6 3.05 0.000323399
-4.8 3.05 0.000194977
-3.6 3.05 8.5939e-05
-2.4 3.05 3.35487e-06
-1.2 3.05 -4.78691e-05
0 3.05 -6.51638e-05
1.2 3.05 -4.7803e-05
2.4 3.05 3.42674e-06
3.6 3.05 8.59082e-05
4.8 3.05 0.000194757
6 3.05 0.000323031
7.2 3.05 0.000462554
8.4 3.05 0.000604664
9.6 3.05 0.000740514
10.8 3.05 0.000861328
12 3.05 0.000959128
13.2 3.05 0.00102771
14.4 3.05 0.00106309
15.6 3.05 0.00106325
16.8 3.05 0.00102783
18 3.05 0.000958662
19.2 3.05 0.000860755
20.4 3.05 0.000741913
21.6 3.05 0.000609767
22.8 3.05 0.000468875
24 3.05 0.000322954
25.2 3.05 0.000182717
26.4 3.05 7.00134e-05
27.6 3.05 7.00751e-06
28.8 3.05 -5.88306e-06
30 3.05 6.98431e-36
