3060	
	-8.468927007e-35	1.468241926e-05	6.082416993e-05	0.0001347723487	0.0002315219885
	0.0003451607157	0.0004685367777	0.0005938856689	0.0007133358022	0.0008193817573
	0.0009053599093	0.0009658680733	0.0009971043138	0.0009971052327	0.0009658715725
	0.0009053694437	0.000819379826	0.0007132890306	0.0005938406725	0.0004685059516
	0.0003451372193	0.0002314945407	0.0001347300506	6.093255882e-05	1.473204279e-05
	-9.925141021e-07	1.473201324e-05	6.093228476e-05	0.0001347290528	0.0002314925399
	0.0003451344508	0.0004684991189	0.0005938332578	0.0007133066352	0.0008193858695
	0.000905361532	0.000965867257	0.00099710428	0.0009971055866	0.000965871803
	0.0009053655317	0.0008193884102	0.0007133425961	0.0005938917997	0.0004685416781
	0.0003451641397	0.0002315240095	0.0001347732838	6.082444988e-05	1.468244391e-05
	-8.468956646e-35	-8.251426529e-35	1.387404914e-05	5.971045358e-05	0.0001340085743
	0.0002309784603	0.0003448247382	0.0004684670629	0.0005940821421	0.0007137827211
	0.0008200527748	0.0009062130572	0.0009668499835	0.0009981533983	0.0009981546494
	0.0009668581591	0.0009062334105	0.0008200444986	0.0007136949225	0.0005939898811
	0.0004684066454	0.000344783436	0.0002309015526	0.0001339429603	6.00166988e-05
	1.375306661e-05	-1.988270762e-06	1.375304276e-05	6.001613884e-05	0.0001339408772
	0.0002308980198	0.0003447775369	0.000468391236	0.0005939793956	0.0007137255192
	0.0008200579143	0.000906218812	0.0009668481374	0.0009981529104	0.0009981561348
	0.0009668573926	0.0009062243557	0.000820066148	0.0007137963586	0.000594094444
	0.0004684768874	0.0003448315907	0.0002309824923	0.0001340104274	5.971099559e-05
	1.387408997e-05	-8.251482554e-35	-8.034835449e-35	1.317922796e-05	5.858723065e-05
	0.0001331940277	0.0002304519687	0.0003444930154	0.0004683920336	0.0005942798616
	0.0007142311188	0.0008207248604	0.0009070680124	0.0009678341198	0.0009992043927
	0.0009992060489	0.0009678482529	0.0009070988393	0.0008207091142	0.0007141043834
	0.0005941401697	0.0004683063851	0.0003444298192	0.0002303078891	0.0001331543231
	5.909897042e-05	1.277140513e-05	-2.987253589e-06	1.277142195e-05	5.909803605e-05
	0.000133151266	0.0002303031787	0.000344419852	0.0004682824993	0.0005941281096
	0.0007141459942	0.0008207296715	0.0009070788162	0.0009678317753	0.0009992032145
	0.0009992088956	0.0009678452077	0.0009070849841	0.0008207450219	0.0007142516448
	0.000594298365	0.0004684068014	0.0003445032987	0.0002304580025	0.0001331967834
	5.858801824e-05	1.317927841e-05	-8.034914855e-35	-7.823561002e-35	1.255594242e-05
	5.747566555e-05	0.0001323345828	0.0002299279168	0.0003441724396	0.000468312427
	0.0005944767604	0.000714681711	0.0008213981301	0.0009079246596	0.000968820456
	0.001000257229	0.001000259792	0.0009688414729	0.000907965605	0.0008213744569
	0.0007145165571	0.0005942918298	0.0004682054748	0.000344075967	0.0002297136862
	0.0001323642099	5.817927688e-05	1.178705248e-05	-3.989394366e-06	1.178710018e-05
	5.817790409e-05	0.0001323604156	0.0002297078436	0.0003440612257	0.0004681734685
	0.0005942789138	0.0007145679608	0.0008214017549	0.0009079410281	0.000968818234
	0.00100025541	0.001000263713	0.0009688353225	0.000907947277	0.0008214251347
	0.0007147091817	0.0005945014942	0.000468332156	0.0003441861567	0.0002299359436
	0.0001323382246	5.747668248e-05	1.255599609e-05	-7.823660899e-35	-7.618268161e-35
	1.198297119e-05	5.638143666e-05	0.0001314392341	0.0002293970912	0.0003438639679
	0.0004682314027	0.0005946710618	0.0007151343691	0.0008220730915	0.0009087828649
	0.0009698088638	0.001001312001	0.001001316036	0.0009698375396	0.0009088337622
	0.0008220408547	0.0007149310779	0.0005944449002	0.0004681041679	0.0003437216707
	0.0002291189367	0.000131572721	5.725754671e-05	1.07999942e-05	-4.994641605e-06
	1.080002083e-05	5.72557396e-05	0.000131568425	0.000229111852	0.0003437016589
	0.0004680644061	0.0005944315343	0.0007149913745	0.0008220744895	0.0009088052361
	0.0009698074404	0.001001309668	0.001001320567	0.0009698276654	0.0009088111146
	0.0008221069703	0.0007151688475	0.0005947020585	0.0004682561071	0.0003438811223
	0.0002294071025	0.0001314437448	5.638266675e-05	1.198302189e-05	-7.618385723e-35
	-7.418681234e-35	1.144790337e-05	5.530550941e-05	0.0001305153793	0.0002288545537
	0.0003435660483	0.0004681519426	0.0005948621251	0.0007155883418	0.0008227502517
	0.0009096426434	0.0009707991594	0.001002368829	0.001002374856	0.0009708362636
	0.0009097033812	0.000822708488	0.0007153477464	0.0005945993701	0.0004680026382
	0.0003433668297	0.0002285235915	0.0001307799302	5.633374677e-05	9.810210462e-06
	-6.00296943e-06	9.810147347e-06	5.633156188e-05	0.0001307753292	0.0002285150889
	0.0003433411937	0.0004679554508	0.0005945857991	0.0007154162113	0.0008227480771
	0.00090967134	0.0009707993008	0.00100236612	0.001002379494	0.0009708220685
	0.0009096765416	0.0008227910183	0.0007156298892	0.000594899423	0.000468181635
	0.0003435866431	0.0002288665414	0.0001305207411	5.530693642e-05	1.144794509e-05
	-7.41881366e-35	-7.224302313e-35	1.094273638e-05	5.424727272e-05	0.0001295685934
	0.0002282978424	0.0003432764257	0.0004680761983	0.0005950501542	0.00071604274
	0.0008234298787	0.0009105041634	0.0009717911768	0.001003427784	0.001003436306
	0.0009718375162	0.0009105745204	0.0008233774727	0.000715766439	0.0005947552178
	0.0004679010054	0.0003430113972	0.0002279275954	0.0001299858815	5.540786956e-05
	8.817681536e-06	-7.014372514e-06	8.817463521e-06	5.540539322e-05	0.0001299811288
	0.0002279174761	0.0003429798787	0.000467846683	0.000594741591	0.0007158424574
	0.000823422656	0.0009105392841	0.0009717937318	0.001003424873	0.001003440512
	0.00097181836	0.0009105437551	0.0008234775387	0.0007160914107	0.000595093797
	0.0004681108915	0.0003433004628	0.0002283117987	0.0001295747883	5.424888026e-05
	1.094276328e-05	-7.224446793e-35	-7.034616364e-35	1.046194605e-05	5.320559726e-05
	0.0001286030324	0.0002277258609	0.0003429928552	0.0004680055348	0.0005952358012
	0.0007164968014	0.0008241119847	0.0009113676625	0.0009727848199	0.001004488884
	0.001004500423	0.0009728412156	0.0009114472234	0.0008240478897	0.0007161870742
	0.0005949124202	0.0004677993548	0.0003426553536	0.0002273308976	0.0001291905975
	5.447992097e-05	7.822389991e-06	-8.028857827e-06	7.821966484e-06	5.447725307e-05
	0.000129185808	0.0002273189604	0.0003426177601	0.0004677381516	0.0005948988251
	0.0007162701061	0.0008240983269	0.0009114090315	0.0009727906727	0.001004486017
	0.001004503602	0.0009728164285	0.0009114130166	0.0008241665436	0.000716552641
	0.0005952858354	0.0004680452436	0.000343020335	0.0002277417778	0.0001286100424
	5.320736887e-05	1.046195233e-05	-7.034770067e-35	-6.849149976e-35	1.000152367e-05
	5.217922752e-05	0.0001276218209	0.0002271382618	0.000342713339	0.0004679407244
	0.0005954198959	0.0007169499761	0.0008247963961	0.000912233373	0.0009737800749
	0.001005552103	0.001005567227	0.0009738473159	0.0009123215237	0.0008247197971
	0.0007166095963	0.0005950709556	0.0004676977489	0.0003422986935	0.0002267334544
	0.0001283940873	5.354991239e-05	6.824321083e-06	-9.046438202e-06	6.8236605e-06
	5.354715678e-05	0.0001283893431	0.000226719505	0.0003422548795	0.0004676298873
	0.0005950574372	0.0007166991555	0.0008247751644	0.0009122805569	0.0009737900861
	0.00100554961	0.00100556872	0.0009738162423	0.0009122845755	0.0008248578639
	0.0007170130216	0.0005954763689	0.0004679854664	0.0003427442611	0.0002271561303
	0.0001276296282	5.218114675e-05	1.00015035e-05	-6.849310059e-35	-6.667484342e-35
	9.558447275e-06	5.116693263e-05	0.0001266273396	0.0002265351068	0.0003424361778
	0.0004678821276	0.0005956032937	0.0007174019239	0.0008254828314	0.0009131014791
	0.0009747769975	0.001006617403	0.001006636714	0.0009748557958	0.0009131974503
	0.0008253932365	0.0007170339657	0.0005952308056	0.000467596235	0.0003419414187
	0.0002261352283	0.0001275963516	5.261785633e-05	5.823462532e-06	-1.006712833e-05
	5.822552895e-06	5.261511564e-05	0.0001275917079	0.0002261190836	0.0003418912729
	0.0004675219103	0.000595217378	0.0007171296067	0.000825453224	0.0009131538446
	0.0009747919531	0.001006615682	0.001006635817	0.0009748178389	0.0009131586281
	0.0008255512256	0.0007174722058	0.0005956662517	0.0004679319237	0.0003424705416
	0.0002265549167	0.0001266359262	5.116898319e-05	9.558394786e-06	-6.667647981e-35
	-6.489253585e-35	9.13036942e-06	5.016756232e-05	0.0001256214273	0.0002259166773
	0.0003421599545	0.0004678298312	0.0005957867999	0.00071785248	0.0008261709628
	0.0009139721009	0.0009757756908	0.001007684749	0.001007708858	0.0009758666479
	0.0009140750323	0.0008260682381	0.0007174601531	0.0005953919546	0.0004674948498
	0.0003415835345	0.0002255361878	0.0001267973862	5.168376419e-05	4.819804138e-06
	-1.109094254e-05	4.818651719e-06	5.168113736e-05	0.0001267928764	0.0002255176771
	0.000341526972	0.0004674142339	0.0005953786087	0.0007175614618	0.0008261325472
	0.000914028889	0.0009757962651	0.001007684235	0.001007704851	0.000975821305
	0.0009140353024	0.0008262463089	0.0007179300236	0.0005958562864	0.000467884705
	0.0003421977596	0.0002259384171	0.0001256307753	5.016972816e-05	9.130278731e-06
	-6.489418005e-35	-6.314138828e-35	8.715421868e-06	4.918006369e-05	0.0001246055232
	0.0002252833667	0.0003418834965	0.000467783745	0.0005959711366	0.0007183016146
	0.0008268604567	0.000914845295	0.0009767762843	0.001008754121	0.001008783618
	0.0009768798703	0.0009149543008	0.0008267448244	0.000717888135	0.0005955543905
	0.0004673936225	0.0003412250479	0.0002249363063	0.0001259971841	5.074764524e-05
	3.813337396e-06	-1.211789378e-05	3.811964532e-06	5.074522652e-05	0.0001259928235
	0.0002249152712	0.0003411620036	0.0004673068673	0.0005955410991	0.0007179947222
	0.0008268131662	0.0009149056934	0.0009768030171	0.001008755252	0.001008775799
	0.0009768267555	0.0009149146595	0.0008269427886	0.000718386442	0.0005960471924
	0.0004678437223	0.0003419247434	0.0002253070237	0.0001246156142	4.918232905e-05
	8.715287148e-06	-6.314301321e-35	-6.141861586e-35	8.312087762e-06	4.82034815e-05
	0.0001235807665	0.0002246356188	0.0003416058361	0.0004677436682	0.0005961569336
	0.0007187493964	0.000827550998	0.0009157210624	0.000977778917	0.001009825517
	0.001009860942	0.0009778954605	0.0009158352893	0.0008274230139	0.0007183178914
	0.0005957181032	0.0004672925773	0.0003408659658	0.0002243355612	0.0001251957366
	4.980950635e-05	2.804055162e-06	-1.314799315e-05	2.802497836e-06	4.980738508e-05
	0.0001251915262	0.0002243118549	0.0003407963909	0.0004671998174	0.0005957048247
	0.0007184293883	0.0008274951077	0.0009157842685	0.0009778122026	0.001009828699
	0.001009848661	0.0009778343163	0.0009157967031	0.0008276403577	0.0007188415277
	0.0005962395959	0.0004678087764	0.0003416505266	0.0002246611792	0.0001235915817
	4.820583089e-05	8.311903301e-06	-6.142019524e-35	-5.972177675e-35	7.919114712e-06
	4.723695188e-05	0.0001225480682	0.0002239738918	0.0003413261744	0.0004677093337
	0.0005963447304	0.0007191959625	0.0008282423035	0.0009165993594	0.0009787837245
	0.001010898953	0.001010940776	0.0009789134125	0.0009167180326	0.0008281028234
	0.0007187494046	0.0005958830846	0.0004671917346	0.0003405062954	0.0002237339334
	0.0001243930339	4.886935205e-05	1.79195138e-06	-1.418124991e-05	1.790256872e-06
	4.886761279e-05	0.0001243889634	0.0002237074196	0.0003404301535	0.0004670930899
	0.0005958697657	0.0007188654589	0.0008281783953	0.0009166646305	0.0009788238111
	0.001010904537	0.001010923454	0.0009788441123	0.0009166813901	0.0008283387403
	0.0007192954173	0.0005964340333	0.0004677796012	0.0003413743115	0.000224001341
	0.0001225595879	4.723937006e-05	7.918874983e-06	-5.972328505e-35	-5.804871957e-35
	7.535453835e-06	4.627969386e-05	0.0001215081629	0.0002232986383	0.0003410438507
	0.0004676804381	0.0005965349836	0.0007196414962	0.0008289341271	0.0009174801085
	0.0009797908318	0.001011974466	0.001012023066	0.0009799337146	0.0009176025651
	0.0008287842696	0.0007191826587	0.0005960493274	0.0004670911121	0.0003401460435
	0.0002231314061	0.0001235890661	4.792718471e-05	7.77020857e-07	-1.521767157e-05
	7.752456075e-07	4.792590762e-05	0.0001235851157	0.0002231019583	0.0003400633085
	0.0004669866896	0.0005960359049	0.0007193029321	0.0008288630518	0.0009175467981
	0.0009798378263	0.001011982726	0.001012000217	0.0009798562589	0.000917568643
	0.0008290376968	0.0007197482939	0.0005966309579	0.0004677558936	0.0003410954386
	0.0002233279611	0.0001215203668	4.628216572e-05	7.535153536e-06	-5.805013195e-35
	-5.639753926e-35	7.160215838e-06	4.533100036e-05	0.0001204616477	0.0002226102938
	0.0003407583167	0.000467656661	0.0005967280764	0.0007200862093	0.0008296262611
	0.000918363208	0.0009808003485	0.001013052102	0.001013107763	0.0009809563502
	0.0009184889202	0.0008294673701	0.0007196176393	0.0005962168251	0.0004669907255
	0.0003397852167	0.000222527965	0.0001227838227	4.698300487e-05	-2.4074091e-07
	-1.625726414e-05	-2.425331675e-07	4.698226608e-05	0.0001227799655	0.0002224954652
	0.0003396958709	0.0004668806211	0.0005962032276	0.0007197418048	0.0008295491
	0.0009184307911	0.000980854227	0.001013063229	0.001013079	0.0009808708577
	0.000918458359	0.0008297370254	0.0007202003705	0.0005968307502	0.0004677373335
	0.0003408133611	0.0002226414746	0.0001204745147	4.533351089e-05	7.159849908e-06
	-5.639883143e-35	-5.476654043e-35	6.792638648e-06	4.439022989e-05	0.0001194090107
	0.0002219092706	0.0003404691166	0.0004676376782	0.0005969243282	0.00072053033
	0.0008303185349	0.0009192485403	0.0009818123668	0.001014131922	0.001014194823
	0.0009819812976	0.0009193771282	0.0008301521438	0.0007200543337	0.0005963855708
	0.0004668905887	0.0003394238214	0.0002219235974	0.000121977293	4.603681148e-05
	-1.261337869e-06	-1.730003234e-05	-1.263077717e-06	4.603668352e-05	0.0001219734966
	0.0002218879354	0.0003393278538	0.0004667748883	0.00059637172	0.0007201820745
	0.0008302365631	0.0009193166286	0.000981872987	0.001014146011	0.001014159866
	0.000981887994	0.0009193504189	0.0008304365607	0.0007206518765	0.000597033727
	0.0004677235962	0.0003405276243	0.0002219422937	0.0001194225189	4.439276403e-05
	6.792202257e-06	-5.476768843e-35	-5.315420693e-35	6.432063068e-06	4.345679887e-05
	0.0001183506527	0.0002211959554	0.0003401758699	0.0004676231698	0.0005971240034
	0.0007209740938	0.0008310108117	0.0009201359781	0.0009828269608	0.001015213991
	0.001015284213	0.0009830085316	0.0009202672161	0.0008308386107	0.0007204927315
	0.0005965555581	0.0004667907139	0.000339061864	0.0002213182921	0.0001211694662
	4.508860218e-05	-2.284773521e-06	-1.834597983e-05	-2.286387214e-06	4.50891543e-05
	0.0001211656941	0.0002212793648	0.0003389592691	0.0004666694951	0.0005965413696
	0.0007206237388	0.000830925465	0.0009202043275	0.0009828940768	0.001015231046
	0.001015242885	0.0009829077362	0.0009202446934	0.0008311361703	0.0007211030491
	0.0005972401507	0.0004677143611	0.0003402378489	0.0002212308049	0.0001183647795
	4.345934148e-05	6.431551597e-06	-5.315518697e-35	-5.155917667e-35	6.077914151e-06
	4.25301749e-05	0.0001172869044	0.0002204707081	0.0003398782585	0.0004676128255
	0.0005973273201	0.0007214177374	0.0008317029855	0.0009210253893	0.0009838441873
	0.001016298379	0.001016375906	0.0009840380245	0.000921159207	0.000831526792
	0.0007209328241	0.00059672678	0.0004666911119	0.0003386993508	0.0002207120391
	0.0001203603316	4.413837349e-05	-3.311051009e-06	-1.939510943e-05	-3.312461613e-06
	4.413967206e-05	0.000120356544	0.0002206697497	0.0003385901278	0.0004665644445
	0.0005967121642	0.0007210667964	0.0008316158301	0.000921093902	0.0009839174647
	0.001016318317	0.001016328131	0.0009839301361	0.0009211410486	0.0008318357523
	0.0007215541269	0.0005974502376	0.0004677093172	0.0003399437174	0.0002205073684
	0.0001173016264	4.253271067e-05	6.077323151e-06	-5.155996496e-35	-4.998022058e-35
	5.729686721e-06	4.160987087e-05	0.000116218039	0.0002197338626	0.0003395760153
	0.0004676063475	0.0005975344568	0.0007218614941	0.0008323949776	0.0009219166413
	0.0009848640867	0.001017385157	0.001017469884	0.0009850697474	0.0009220531193
	0.0008322167092	0.0007213746055	0.0005968992297	0.0004665917922	0.000338336288
	0.0002201048296	0.0001195498782	4.318612103e-05	-4.340173191e-06	-2.044742325e-05
	-4.341301523e-06	4.318822979e-05	0.0001195460332	0.0002200590872	0.0003382204398
	0.0004664597393	0.0005968840925	0.0007215112474	0.0008323076829	0.0009219853632
	0.0009849431177	0.001017407811	0.001017415677	0.0009849552299	0.0009220393494
	0.000832535231	0.0007220053452	0.0005976641646	0.0004677081658	0.0003396449633
	0.000219772318	0.0001162333325	4.161238426e-05	5.729011869e-06	-4.998079318e-35
	-4.841622516e-35	5.386933965e-06	4.069543977e-05	0.0001151442828	0.0002189857273
	0.0003392689154	0.0004676034526	0.0005977455588	0.0007223055908	0.0008330867326
	0.0009228096032	0.0009858866847	0.001018474399	0.00101856614	0.0009861036712
	0.0009229489675	0.000832908384	0.0007218180716	0.0005970729005	0.0004664927628
	0.0003379726819	0.0002194966559	0.0001187380949	4.223183962e-05	-5.372142703e-06
	-2.150292285e-05	-5.372908115e-06	4.223481995e-05	0.0001187341493	0.0002194473747
	0.0003378502143	0.0004663553813	0.0005970571439	0.0007219570931	0.0008330010475
	0.0009228787185	0.0009859710031	0.001018499526	0.001018505601	0.0009859830398
	0.0009229394629	0.0008332345542	0.0007224569334	0.0005978820761	0.0004677106226
	0.0003393413626	0.0002190259627	0.0001151601233	4.069791497e-05	5.386171018e-06
	-4.841655777e-35	-4.686617762e-35	5.04925833e-06	3.978647027e-05	0.0001140658231
	0.0002182265868	0.0003389567693	0.0004676038729	0.0005979607436	0.0007227502467
	0.0008337782156	0.0009237041482	0.0009869119937	0.001019566172	0.001019664672
	0.0009871397673	0.0009238467618	0.0008336018379	0.000722263221	0.0005972477858
	0.0004663940305	0.0003376085386	0.0002188875109	0.0001179249708	4.127552343e-05
	-6.406962014e-06	-2.256160935e-05	-6.407283032e-06	4.127943456e-05	0.0001179208804
	0.00021883461	0.00033747946	0.0004662513718	0.0005972313081	0.0007224043366
	0.0008336959475	0.000923773972	0.0009870010889	0.001019593464	0.001019597976
	0.0009870135754	0.0009238412599	0.0008339336893	0.0007229091126	0.0005981040884
	0.0004677164185	0.000339032726	0.0002182685872	0.000114082186	3.978889115e-05
	5.04840307e-06	-4.686624554e-35	-4.532915352e-35	4.716304174e-06	3.888258275e-05
	0.0001129828151	0.0002174567034	0.0003386394167	0.0004676073554	0.0005981801048
	0.0007231956715	0.0008344694091	0.0009246001548	0.0009879400147	0.001020660545
	0.001020765484	0.000988178009	0.0009247465088	0.0008342970915	0.0007227100539
	0.0005974238795	0.0004662956009	0.000337243864	0.0002182773884	0.000117110495
	4.031716608e-05	-7.444633477e-06	-2.362348354e-05	-7.444428329e-06	4.03220653e-05
	0.0001171062154	0.0002182207916	0.0003371081847	0.0004661477115	0.000597406576
	0.0007228529823	0.0008343924053	0.0009246711248	0.0009880333449	0.001020689636
	0.001020692871	0.000988046835	0.0009247446166	0.0008346326209	0.000723362095
	0.0005983302947	0.0004677252996	0.0003387188933	0.0002175004543	0.0001129996751
	3.888493287e-05	4.715352368e-06	-4.532893151e-35	-4.380430619e-35	4.387751776e-06
	3.798342597e-05	0.0001118953864	0.0002166763185	0.0003383167219	0.0004676136628
	0.0005984037167	0.0007236420654	0.0008351603106	0.0009254975075	0.0009889707386
	0.00102175758	0.001021868589	0.0009892183711	0.0009256482115	0.0008349941645
	0.0007231585727	0.000597601176	0.0004661974785	0.0003368786637	0.0002176662829
	0.0001162946565	3.93567607e-05	-8.485159371e-06	-2.468854592e-05	-8.484346412e-06
	3.936270353e-05	0.0001162901434	0.0002176059182	0.0003367363959	0.0004660444002
	0.0005975829392	0.0007233030361	0.0008350904423	0.000925570175	0.000989067743
	0.001021788056	0.001021790353	0.0009890828076	0.0009256494155	0.0008353313483
	0.0007238160828	0.0005985607689	0.0004677370273	0.0003383997288	0.0002167218055
	0.0001119127182	3.798568852e-05	4.386699133e-06	-4.380376841e-35	-4.229085767e-35
	4.063312417e-06	3.708867409e-05	0.0001108036422	0.0002158856542	0.0003379885695
	0.0004676225721	0.0005986316369	0.0007240896183	0.0008358509299	0.0009263960976
	0.0009900041478	0.001022857336	0.001022974004	0.0009902608312	0.0009265518701
	0.0008356930754	0.0007236087816	0.0005977796705	0.0004660996668	0.0003365129431
	0.0002170541896	0.0001154774445	3.839430005e-05	-9.528541941e-06	-2.575679679e-05
	-9.527039998e-06	3.840134036e-05	0.0001154726542	0.0002169899887	0.0003363641001
	0.0004659414373	0.0005977603903	0.0007237545052	0.000835790078	0.000926471118
	0.0009901042578	0.001022888745	0.001022890484	0.0009901214739	0.0009265555458
	0.0008360298829	0.0007242712682	0.0005987955683	0.0004677513774	0.0003380751172
	0.0002159328634	0.0001108214202	3.709083192e-05	4.062154552e-06	-4.228997764e-35
	-4.078809105e-35	3.742724283e-06	3.619802408e-05	0.000109707668	0.0002150849147
	0.0003376548614	0.0004676338742	0.0005988639093	0.0007245385103	0.0008365412875
	0.0009272958235	0.0009910402175	0.001023959869	0.001024081748	0.0009913053695
	0.0009274574821	0.0008363938409	0.0007240606858	0.0005979593588	0.0004660021687
	0.0003361467072	0.000216441104	0.0001146588484	3.742977653e-05	-1.057478343e-05
	-2.68282363e-05	-1.057251208e-05	3.74379667e-05	0.0001146537378	0.0002163730026
	0.0003359913035	0.0004658388217	0.000597938923	0.0007242073978	0.0008364913306
	0.0009273739474	0.0009911428669	0.001023991727	0.001023993323	0.0009911628074
	0.0009274629038	0.0008367282464	0.0007247278335	0.000599034737	0.0004677681401
	0.0003377449601	0.0002151338325	0.0001097258665	3.620005969e-05	3.74145669e-06
	-4.078684159e-35	-3.929534376e-35	3.425749054e-06	3.531119347e-05	0.000108607533
	0.0002142742879	0.000337315514	0.0004676473736	0.0005991005664	0.0007249889119
	0.0008372314127	0.0009281965904	0.0009920789167	0.001025065226	0.001025191848
	0.0009923519693	0.000928365043	0.0008370964764	0.0007245142923	0.0005981402378
	0.0004659049862	0.0003357799604	0.0002158270223	0.0001138388579	3.646318233e-05
	-1.16238861e-05	-2.790286454e-05	-1.162076591e-05	3.647257331e-05	0.0001138333848
	0.0002157549594	0.0003356180114	0.0004657365519	0.0005981185319	0.0007246617231
	0.0008371942161	0.0009282786546	0.0009921835506	0.001025097029	0.00102509892
	0.0009922067763	0.0009283713928	0.0008374264693	0.0007251859513	0.0005992783072
	0.0004677871185	0.0003374091737	0.0002143249009	0.0001086261263	3.531308904e-05
	3.424367078e-06	-3.929369702e-35	-3.781200184e-35	3.112169024e-06	3.442791836e-05
	0.0001075032923	0.0002134539462	0.0003369704558	0.0004676628869	0.0005993416311
	0.0007254409842	0.0008379213421	0.0009290983105	0.0009931202096	0.001026173453
	0.00102630433	0.0009934006165	0.0009292745467	0.0008378009955	0.0007249696087
	0.0005983223052	0.0004658081209	0.0003354127069	0.0002152119406	0.0001130174625
	3.549450938e-05	-1.267585227e-05	-2.898068151e-05	-1.267180495e-05	3.550515083e-05
	0.0001130115861	0.0002151358589	0.0003352442286	0.000465634626	0.000598299213
	0.000725117491	0.000837898749	0.0009291852298	0.0009932262928	0.001026204682
	0.001026207325	0.0009932533438	0.0009292809233	0.000838124589	0.0007256457846
	0.0005995263023	0.0004678081285	0.0003370676861	0.0002135062414	0.0001075222546
	3.442965571e-05	3.110667849e-06	-3.780992928e-35	-3.633749495e-35	2.80178466e-06
	3.354795164e-05	0.0001063949889	0.0002126240484	0.0003366196256	0.0004676802428
	0.0005995871181	0.0007258948794	0.0008386111185	0.0009300009029	0.0009941640562
	0.001027284591	0.001027419225	0.0009944513006	0.0009301859855	0.0008385074099
	0.0007254266435	0.0005985055598	0.0004657115738	0.0003350449503	0.0002145958557
	0.0001121946523	3.452374951e-05	-1.373068433e-05	-3.006168724e-05	-1.372563288e-05
	3.453568988e-05	0.000112188333	0.0002145157007	0.0003348699594	0.0004655330419
	0.0005984809632	0.0007255747118	0.0008386049417	0.0009300936623	0.0009942710803
	0.001027314718	0.001027318579	0.0009943024691	0.0009301914124	0.0008388226491
	0.0007261074875	0.0005997787374	0.0004678309977	0.0003367204357	0.0002126780129
	0.0001064142944	3.354951232e-05	2.800159294e-06	-3.633496734e-35	-3.487129197e-35
	2.494412525e-06	3.267106147e-05	0.0001052826554	0.0002117847401	0.000336262971
	0.0004676992806	0.000599837036	0.0007263507411	0.0008393007894	0.000930904293
	0.0009952104134	0.001028398673	0.001028536565	0.0009955040135	0.000931099351
	0.0008392157299	0.0007258854057	0.0005986900014	0.0004656153458	0.0003346766936
	0.0002139787644	0.0001113704175	3.355089444e-05	-1.478838473e-05	-3.114588178e-05
	-1.478225355e-05	3.356418102e-05	0.000111363617	0.0002138944849	0.0003344952072
	0.0004654317976	0.0005986637806	0.0007260333963	0.0008393128048	0.0009310039403
	0.000995317903	0.00102842717	0.001028432721	0.0009953541086	0.0009311027841
	0.0008395206977	0.0007265712056	0.0006000356214	0.0004678555645	0.0003363673696
	0.0002118403613	0.0001053022784	3.267242672e-05	2.492657794e-06	-3.486827945e-35
	-3.341289722e-35	2.189883492e-06	3.179702988e-05	0.0001041663154	0.0002109361553
	0.0003359004469	0.0004677198499	0.0006000913878	0.0007268087051	0.0008399904067
	0.0009318084125	0.0009962592354	0.001029515732	0.001029656383	0.0009965587505
	0.0009320146341	0.0008399259638	0.0007263459046	0.0005988756305	0.0004655194376
	0.0003343079395	0.0002133606635	0.0001105447486	3.257593582e-05	-1.584895604e-05
	-3.223326528e-05	-1.5841671e-05	3.259061484e-05	0.0001105374302	0.0002132722113
	0.000334119975	0.0004653308908	0.0005988476644	0.0007264935555	0.0008400223472
	0.0009319160517	0.000996366754	0.001029542074	0.001029549784	0.000996408216
	0.0009320149685	0.0008402187872	0.0007270370765	0.0006002969578	0.0004678816778
	0.0003360084421	0.0002109934206	0.0001041862303	3.17981807e-05	2.187994039e-06
	-3.340936932e-35	-3.196184708e-35	1.888041211e-06	3.092565158e-05	0.0001030459846
	0.0002100784169	0.0003355320144	0.0004677418099	0.0006003501719	0.0007272688999
	0.0008406800252	0.0009327131991	0.0009973104744	0.001030635792	0.001030778714
	0.0009976155095	0.0009329318253	0.0008406381184	0.00072680815	0.0005990624488
	0.0004654238498	0.0003339386901	0.0002127415501	0.0001097176362	3.159886535e-05
	-1.691240091e-05	-3.332383798e-05	-1.690388943e-05	3.161498201e-05	0.0001097097647
	0.0002126488797	0.0003337442653	0.0004652303195	0.0005990326146	0.0007269552003
	0.000840733576	0.0009328299842	0.0009974176291	0.001030659466	0.001030669796
	0.0009974647432	0.0009329279017	0.0008409169729	0.0007275052304	0.0006005627458
	0.000467909196	0.0003356436136	0.0002101373138	0.0001030661658	3.092656871e-05
	1.886011495e-06	-3.195777274e-35	-3.051770701e-35	1.588740772e-06	3.005673283e-05
	0.0001019216721	0.0002092116374	0.0003351576397	0.0004677650287	0.0006006133834
	0.0007277314467	0.0008413697025	0.0009336185958	0.0009983640812	0.001031758878
	0.001031903591	0.0009986742909	0.0009338509149	0.0008413521991	0.0007272721513
	0.0005992504588	0.000465328583	0.0003335689471	0.0002121214209	0.0001088890711
	3.061967471e-05	-1.79787221e-05	-3.44176003e-05	-1.796891317e-05	3.063727328e-05
	0.0001088806132	0.0002120244898	0.00033336808	0.0004651300818	0.0005992186325
	0.0007274183415	0.0008414464966	0.0009337457256	0.0009984705269	0.001031779383
	0.001031792783	0.000998523641	0.0009338415254	0.0008416153127	0.0007279757901
	0.0006008329811	0.0004679379863	0.00033527285	0.0002092721536	0.0001019420941
	3.005739681e-05	1.586565074e-06	-3.051305468e-35	-2.908006898e-35	1.291847549e-06
	2.919009051e-05	0.0001007933809	0.0002083359205	0.0003347772936	0.0004677893822
	0.0006008810145	0.0007281964604	0.0008420594982	0.0009345245509	0.0009994200055
	0.001032885006	0.00103303105	0.0009997350979	0.0009347718934	0.0008420682095
	0.000727737918	0.0005994396639	0.0004652336379	0.0003331987118	0.000211500273
	0.0001080590447	2.96383557e-05	-1.904792248e-05	-3.551455281e-05	-1.903674668e-05
	2.965747952e-05	0.0001080499684	0.000211399041	0.0003329914206	0.0004650301761
	0.00059940572	0.0007278829897	0.000842161113	0.0009346632638	0.0009995254487
	0.00103290186	0.001032918765	0.0009995848588	0.0009347557866	0.0008423138663
	0.0007284488723	0.0006011076565	0.0004679679243	0.0003348961211	0.0002083980435
	0.0001008140183	2.919048168e-05	1.289519982e-06	-2.90748066e-35	-2.764854908e-35
	9.972361896e-07	2.832555121e-05	9.96611089e-05	0.0002074513606	0.0003343909506
	0.0004678147545	0.0006011530551	0.00072866405	0.0008427494733	0.0009354310177
	0.001000478196	0.001034014192	0.001034161126	0.001000797936	0.0009356947515
	0.0008427861521	0.0007282054594	0.0005996300682	0.0004651390156	0.000332827985
	0.0002108781029	0.0001072275481	2.86549002e-05	-2.012000502e-05	-3.661469627e-05
	-2.010739457e-05	2.867559176e-05	0.0001072178234	0.0002107725328	0.000332614288
	0.000464930601	0.0005995938801	0.0007283491551	0.0008428774277	0.000935582587
	0.001000582398	0.001034026935	0.00103404776	0.001000648346	0.0009356706373
	0.0008430126952	0.0007289245873	0.0006013867626	0.0004679988931	0.0003345134009
	0.0002075150782	9.96819364e-05	2.832564977e-05	9.947507033e-07	-2.76426442e-35
	-2.62227855e-35	7.047897256e-07	2.746295047e-05	9.852484932e-05	0.0002065580446
	0.0003339985882	0.0004678410364	0.0006014294933	0.0007291343186	0.00084343969
	0.0009363379539	0.001001538602	0.001035146447	0.001035293854	0.001001862812
	0.0009366194805	0.0008435060282	0.0007286747845	0.0005998216765	0.0004650447172
	0.0003324567671	0.0002102549073	0.000106394573	2.766930023e-05	-2.119497281e-05
	-3.77180317e-05	-2.118086152e-05	2.76916012e-05	0.0001063841714	0.0002101449643
	0.0003322366829	0.0004648313554	0.0005997831164	0.0007288168476	0.0008435954419
	0.0009365036842	0.001001641381	0.001035154642	0.00103517978	0.001001714051
	0.0009365860341	0.0008437118615	0.0007294030399	0.0006016702884	0.0004680307833
	0.0003341246663	0.0002066233442	9.854584186e-05	2.746273647e-05	7.021401211e-07
	-2.621620528e-35	-2.480243665e-35	4.143987902e-07	2.660213207e-05	9.73845915e-05
	0.0002056560516	0.0003336001867	0.0004678681254	0.0006017103158	0.0007296073645
	0.0008441302112	0.0009372453215	0.001002601172	0.001036281779	0.001036429268
	0.001002929737	0.0009375460719	0.0008442278376	0.0007291459017	0.0006000144944
	0.0004649507441	0.0003320850584	0.0002096306826	0.000105560111	2.668154798e-05
	-2.227282902e-05	-3.882456033e-05	-2.225715234e-05	2.670549924e-05	0.0001055490058
	0.0002095163342	0.0003318586056	0.0004647324388	0.0005999734332	0.0007292860764
	0.0008443151555	0.0009374265447	0.001002702406	0.001036285019	0.001036314836
	0.001002781923	0.0009375019377	0.0008444114284	0.0007298843296	0.0006019582215
	0.0004680634916	0.0003337298966	0.0002057229206	9.740572404e-05	2.660158547e-05
	4.115787316e-07	-2.479514795e-35	-2.338717952e-35	1.259609291e-07	2.57429474e-05
	9.624032117e-05	0.0002047454539	0.0003331957285	0.000467895925	0.0006019955086
	0.0007300832808	0.0008448211006	0.0009381530863	0.001003665855	0.001037420194
	0.001037567402	0.001003998722	0.0009384745181	0.0008449515796	0.0007296188192
	0.000600208528	0.0004648570984	0.0003317128587	0.0002090054249	0.0001047241541
	2.569163579e-05	-2.335357694e-05	-3.993428368e-05	-2.333627191e-05	2.571727752e-05
	0.0001047123203	0.0002088866412	0.0003314800559	0.000464633851	0.0006001648355
	0.0007297568505	0.0008450365676	0.0009383511588	0.001003765482	0.001037418099
	0.001037452935	0.00100385191	0.0009384183131	0.0008451114594	0.0007303685512
	0.0006022505486	0.0004680969213	0.0003333290735	0.0002048138796	9.626156881e-05
	2.574204805e-05	1.22963957e-07	-2.337914891e-35	-2.197670817e-35	-1.606200131e-07
	2.488525488e-05	9.509202097e-05	0.0002038263174	0.0003327851976	0.0004679243447
	0.0006022850567	0.0007305621565	0.0008455124217	0.0009390612178	0.001004732599
	0.001038561694	0.001038708288	0.00100506978	0.0009394048121	0.000845677252
	0.0007300935445	0.0006004037839	0.0004647637821	0.0003313401676	0.00020837913
	0.0001038866941	2.469955622e-05	-2.443721995e-05	-4.104720352e-05	-2.44182252e-05
	2.472692786e-05	0.0001038741087	0.0002082558835	0.0003311010338	0.0004645355922
	0.0006003573288	0.0007302291779	0.000845759676	0.0009392775174	0.001004830621
	0.001038553917	0.001038594083	0.001004923962	0.0009393351287	0.0008458120183
	0.0007308557947	0.0006025472556	0.0004681309812	0.0003329221806	0.0002038962868
	9.511335889e-05	2.488398259e-05	-1.638004675e-07	-2.196790204e-35	-2.057073241e-35
	-4.454344368e-07	2.402891943e-05	9.393967075e-05	0.0002028987018	0.0003323685799
	0.000467953299	0.0006025789451	0.0007310440765	0.0008462042383	0.0009399696888
	0.001005801353	0.001039706279	0.00103985196	0.001006142925	0.0009403369479
	0.0008464048522	0.0007305700846	0.0006006002691	0.000464670798	0.0003309669846
	0.0002077517937	0.0001030477233	2.370530203e-05	-2.552376151e-05	-4.216332193e-05
	-2.550301724e-05	2.373444237e-05	0.0001030343646	0.0002076240591	0.0003307215386
	0.0004644376633	0.0006005509191	0.0007307030662	0.0008464844778	0.0009402056124
	0.001005897837	0.001039692506	0.00103973828	0.001005998029	0.0009402523564
	0.0008465131688	0.0007313461462	0.0006028483283	0.0004681655857	0.0003325092027
	0.0002029702018	9.396107424e-05	2.402725396e-05	-4.488050373e-07	-2.056111699e-35
	-1.916897659e-35	-7.285674736e-07	2.317381201e-05	9.278324789e-05	0.0002019626614
	0.0003319458621	0.0004679827073	0.0006028771583	0.0007315291216	0.0008468966142
	0.0009408784754	0.001006872069	0.001040853946	0.001040998448	0.001007218175
	0.00094127092	0.0008471343767	0.0007310484458	0.0006007979912	0.0004645781492
	0.0003305933088	0.0002071234112	0.0001022072339	2.270886621e-05	-2.661320519e-05
	-4.328264126e-05	-2.659065313e-05	2.273981339e-05	0.0001021930822	0.0002069911656
	0.0003303415697	0.0004643400654	0.0006007456128	0.0007311785223	0.0008472109693
	0.0009411354365	0.001006967144	0.001040833898	0.001040885526	0.001007074061
	0.0009411699714	0.0008472149746	0.0007318396881	0.0006031537523	0.0004682006538
	0.000332090126	0.0002020356786	9.280469233e-05	2.317173312e-05	-7.321349641e-07
	-1.915851798e-35	-1.777117849e-35	-1.01009942e-06	2.23198092e-05	9.162272759e-05
	0.0002010182451	0.0003315170322	0.0004680124939	0.0006031796809	0.0007320173695
	0.0008475896127	0.0009417875563	0.001007944696	0.001042004692	0.001042147782
	0.001008295546	0.000942206724	0.0008478658212	0.0007315286339	0.0006009969578
	0.000464485839	0.0003302191393	0.0002064939777	0.0001013652182	2.171024197e-05
	-2.770555463e-05	-4.440516419e-05	-2.768113804e-05	2.174303353e-05	0.0001013502554
	0.0002063572002	0.0003299611263	0.0004642428005	0.0006009414166	0.0007316555523
	0.0008479391462	0.0009420669835	0.001008038559	0.001041978125	0.001042035819
	0.001008152008	0.0009420879516	0.0008479174992	0.0007323364991	0.0006034635129
	0.0004682361093	0.0003316649376	0.0002010927659	9.164418843e-05	2.231729662e-05
	-1.013870611e-06	-1.775984275e-35	-1.637708838e-35	-1.290106129e-06	2.146679277e-05
	9.045808309e-05	0.0002000654972	0.0003310820787	0.000468042587	0.0006034864978
	0.0007325088945	0.000848283297	0.000942696913	0.001009019185	0.001043158509
	0.001043299992	0.001009375057	0.0009431443565	0.0008485991811	0.0007320106541
	0.0006011971771	0.0004643938717	0.0003298444752	0.0002058634878	0.0001005216685
	2.070942277e-05	-2.880081353e-05	-4.553089372e-05	-2.877447715e-05	2.074409565e-05
	0.0001005058782	0.0002057221599	0.0003295802075	0.0004641458706	0.0006011383376
	0.000732134162	0.0008486690034	0.0009430002479	0.001009112099	0.001043125217
	0.001043189154	0.001009231823	0.0009430062778	0.0008486208054	0.0007328366545
	0.000603777596	0.0004682718804	0.0003312336253	0.0002001415074	9.047953585e-05
	2.146382628e-05	-1.294087881e-06	-1.636484153e-35	-1.498646803e-35	-1.568659358e-06
	2.061464936e-05	8.928928588e-05	0.000199104457	0.0003306409908	0.0004680729189
	0.0006037975942	0.000733003768	0.0008489777296	0.0009436065295	0.001010095489
	0.001044315389	0.001044455107	0.001010456729	0.0009440838148	0.0008493344513
	0.0007324945108	0.0006013986573	0.0004643022515	0.0003294693154	0.0002052319361
	9.967657725e-05	1.970640231e-05	-2.989898568e-05	-4.665983316e-05	-2.987067571e-05
	1.974299291e-05	9.965994473e-05	0.0002050860413	0.0003291988124	0.0004640492788
	0.000601336383	0.000732614356	0.0008494005357	0.0009439352255	0.001010187782
	0.001044275204	0.001044345525	0.001010313458	0.0009439249331	0.000849324956
	0.000733340227	0.0006040959875	0.0004683078992	0.0003307961776	0.0001991819425
	8.931070614e-05	2.061120876e-05	-1.572858571e-06	-1.497327615e-35	-1.359909001e-35
	-1.845827086e-06	1.976327013e-05	8.811630589e-05	0.0001981351599	0.0003301937581
	0.0004681034258	0.0006041129555	0.0007335020588	0.0008496729727	0.0009445163918
	0.001011173561	0.001045475322	0.001045613154	0.001011540581	0.0009450250972
	0.0008500716261	0.0007329802078	0.0006016014068	0.0004642109835	0.0003290936587
	0.0002045993166	9.88299369e-05	1.870117456e-05	-3.100007493e-05	-4.779198616e-05
	-3.0969739e-05	1.873971875e-05	9.88124491e-05	0.0002044488406	0.0003288169401
	0.0004639530283	0.0006015355602	0.0007330961385	0.000850133737	0.0009448719127
	0.001011265627	0.001045428113	0.001045504922	0.001011396867	0.000944843903
	0.0008500300128	0.0007338472863	0.0006044186741	0.0004683441014	0.0003303525834
	0.0001982141058	8.813766926e-05	1.97593353e-05	-1.850250684e-06	-1.358491921e-35
	-1.221473682e-35	-2.121673799e-06	1.891255049e-05	8.693911163e-05	0.000197157637
	0.0003297403705	0.0004681340472	0.000604432568	0.000734003833	0.0008503690878
	0.0009454264882	0.001012253354	0.001046638297	0.001046774158	0.001012626635
	0.000945968203	0.0008508106996	0.0007334677482	0.0006018054341	0.0004641200729
	0.0003287175041	0.0002039656231	9.798173985e-05	1.769373376e-05	-3.210408519e-05
	-4.892735674e-05	-3.207167231e-05	1.77342669e-05	9.796338536e-05	0.0002038105538
	0.0003284345895	0.0004638571229	0.0006017358769	0.0007335795129	0.0008508686013
	0.0009458103072	0.001012345656	0.001046583971	0.001046667337	0.001012482002
	0.000945763175	0.0008507360374	0.0007343578997	0.0006047456426	0.0004683804266
	0.0003299028318	0.0001972380282	8.696039377e-05	1.890810134e-05	-2.126328717e-06
	-1.219955334e-35	-1.083320033e-35	-2.396260747e-06	1.806238977e-05	8.575767035e-05
	0.0001961719157	0.0003292808182	0.0004681647257	0.0006047564181	0.0007345091545
	0.0008510661359	0.0009463368087	0.001013334822	0.0010478043	0.001047938146
	0.001013714913	0.0009469131322	0.0008515516658	0.0007339571347	0.0006020107478
	0.0004640295257	0.0003283408506	0.0002033308492	9.713197853e-05	1.668407443e-05
	-3.32110204e-05	-5.006594925e-05	-3.317648097e-05	1.67266314e-05	9.711274755e-05
	0.0002031711763	0.0003280517598	0.000463761567	0.0006019373406	0.0007340644822
	0.000851605122	0.0009467504074	0.001013427889	0.001047742805	0.001047832757
	0.001013568821	0.0009466827387	0.0008514430906	0.000734872132	0.0006050768807
	0.0004684168172	0.0003294469122	0.0001962537367	8.577884695e-05	1.805740633e-05
	-2.401153919e-06	-1.081697052e-35	-9.454281042e-36	-2.669646183e-06	1.721269103e-05
	8.457194818e-05	0.0001951780198	0.0003288150912	0.0004681954072	0.0006050844934
	0.0007350180852	0.0008517641772	0.0009472473453	0.001014417922	0.001048973318
	0.001049105141	0.001014805439	0.0009478598861	0.0008522945181	0.0007344483691
	0.0006022173565	0.0004639393482	0.0003279636971	0.000202694988	9.62806453e-05
	1.567219138e-05	-3.432088459e-05	-5.120776844e-05	-3.428417031e-05	1.571680661e-05
	9.626052964e-05	0.0002025307033	0.0003276684503	0.0004636663655	0.000602139959
	0.0007345510483	0.0008523432925	0.0009476922129	0.001014512348	0.001048904639
	0.001049001171	0.001014657278	0.0009476025853	0.0008521512326	0.000735390046
	0.0006054123766	0.0004684532189	0.000328984814	0.0001952612546	8.45929949e-05
	1.72071534e-05	-2.67478453e-06	-9.436971456e-36	-8.077787619e-36	-2.941885568e-06
	1.636336076e-05	8.338191018e-05	0.0001941759698	0.0003283431797	0.0004682260401
	0.0006054167817	0.000735530685	0.0008524632713	0.0009481580913	0.001015502609
	0.001050145335	0.001050275166	0.001015898236	0.0009488084665	0.0008530392502
	0.0007349414525	0.0006024252687	0.0004638495471	0.0003275860428	0.0002020580322
	9.542773247e-05	1.465807977e-05	-3.543368178e-05	-5.235281947e-05	-3.539474567e-05
	1.470478723e-05	9.540672554e-05	0.0002018891295	0.0003272846602	0.0004635715239
	0.0006023437397	0.0007350392126	0.0008530831058	0.000948635724	0.001015599054
	0.001050069498	0.001050172564	0.00101574733	0.0009485227077	0.0008528605229
	0.0007359117025	0.0006057521193	0.0004684895802	0.0003285165267	0.000194260602
	8.34028027e-05	1.635724915e-05	-2.947275989e-06	-8.059364989e-36	-6.703536291e-36
	-3.213031774e-06	1.551430874e-05	8.218752052e-05	0.0001931657829	0.0003278650738
	0.0004682565759	0.0006057532721	0.0007360470119	0.0008531634773	0.0009490690416
	0.00101658884	0.001051320334	0.001051448244	0.001016993327	0.0009497588763
	0.0008537858553	0.0007354363857	0.0006026344928	0.0004637601298	0.000327207887
	0.0002014199742	9.457323225e-05	1.364173507e-05	-3.654941603e-05	-5.350110795e-05
	-3.650821238e-05	1.369056835e-05	9.4551329e-05	0.0002012464494	0.000326900389
	0.0004634770479	0.0006025486901	0.000735528976	0.0008538245551	0.0009495809421
	0.001016688032	0.001051237403	0.001051346922	0.001016838935	0.0009494431004
	0.0008535710203	0.0007364371607	0.0006060960985	0.0004685258523	0.0003280420395
	0.0001932517955	8.220823448e-05	1.550760348e-05	-3.218681132e-06	-6.683967583e-36
	-5.331350407e-36	-3.483135254e-06	1.466544776e-05	8.098874247e-05	0.0001921474735
	0.0003273807634	0.0004682869681	0.000606093954	0.0007365671226	0.0008538648533
	0.0009499801926	0.001017676573	0.001052498297	0.001052624395	0.001018090737
	0.0009507111192	0.0008545343269	0.0007359331684	0.000602845037	0.000463671104
	0.0003268292293	0.0002007808061	9.371713671e-05	1.262315318e-05	-3.766809143e-05
	-5.465263997e-05	-3.762457573e-05	1.267414544e-05	9.369433367e-05	0.0002006026569
	0.0003265156365	0.000463382944	0.0006027548177	0.0007360203386	0.0008545676333
	0.0009505278693	0.001017779304	0.001052408378	0.001052524229	0.001017932052
	0.000950363759	0.000854282783	0.0007369664778	0.0006064443048	0.000468561989
	0.0003275613418	0.0001922348491	8.100925351e-05	1.465812931e-05	-3.48905037e-06
	-5.310602837e-36	-3.961059977e-36	-3.75224421e-06	1.381669352e-05	7.978553857e-05
	0.0001911210529	0.0003268902382	0.0004683171729	0.0006064388178	0.0007370910721
	0.000854567457	0.0009508915416	0.001018765768	0.001053679208	0.00105380364
	0.001019190491	0.0009516651999	0.0008552846582	0.0007364318002	0.0006030569095
	0.0004635824778	0.0003264500693	0.0002001405195	9.285943774e-05	1.160233041e-05
	-3.878971202e-05	-5.580742218e-05	-3.8743841e-05	1.165551446e-05	9.283573297e-05
	0.0001999577456	0.0003261304026	0.0004632892191	0.0006029621297	0.0007365132999
	0.0008553123333	0.0009514765088	0.001018872894	0.001053582441	0.001053704467
	0.00101902664	0.0009512846808	0.0008549958684	0.0007374997099	0.0006067967294
	0.0004685979461	0.0003270744226	0.0001912097735	7.980582226e-05	1.380874245e-05
	-3.758431851e-06	-3.939101038e-36	-2.592501268e-36	-4.020404737e-06	1.296796437e-05
	7.857787064e-05	0.00019008653	0.0003263934877	0.0004683471483	0.000606787855
	0.0007376189141	0.0008552713451	0.0009518030874	0.001019856383	0.001054863045
	0.001054985997	0.001020292614	0.0009526211235	0.0008560368427	0.0007369322798
	0.000603270118	0.0004634942598	0.0003260704072	0.0001994991057	9.200012698e-05
	1.057926361e-05	-3.991428184e-05	-5.696546189e-05	-3.986601338e-05	1.06346719e-05
	9.197552006e-05	0.0001993117085	0.0003257446878	0.0004631958805	0.0006031706329
	0.0007370078587	0.0008560586482	0.0009524268644	0.001019968825	0.001054759614
	0.001054887618	0.001020122659	0.0009522058639	0.0008557103333	0.0007380369114
	0.0006071533646	0.0004686336819	0.0003265812705	0.0001901765771	7.859790248e-05
	1.295936142e-05	-4.026871609e-06	-2.569298746e-36	-1.225516423e-36	-4.287660962e-06
	1.211918124e-05	7.736569984e-05	0.0001890439108	0.000325890501	0.0004683768548
	0.0006071410576	0.0007381507011	0.0008559765739	0.0009527148295	0.001020948379
	0.001056049789	0.001056171485	0.001021397131	0.0009535788964	0.0008567908738
	0.0007374346054	0.0006034846699	0.0004634064591	0.0003256902437	0.0001988565553
	9.113919573e-05	9.553950228e-06	-4.104180483e-05	-5.812676718e-05	-4.099109795e-05
	9.611614868e-06	9.111368772e-05	0.0001986645383	0.0003253584928	0.0004631029362
	0.0006033803339	0.0007375040132	0.000856806571	0.000953378941	0.001021067123
	0.001055939915	0.001056073666	0.00102122007	0.0009531273075	0.0008564262337
	0.0007385781357	0.0006075142034	0.0004686691567	0.0003260818741	0.0001891352654
	7.73854553e-05	1.210990726e-05	-4.294413701e-06	-1.201038419e-36	1.400468862e-37
	-4.554055166e-06	1.127026743e-05	7.614898675e-05	0.0001879931993	0.0003253812669
	0.0004684062545	0.0006074984186	0.0007386864844	0.000856683199	0.0009536267686
	0.001022041717	0.00105723942	0.00105736012	0.001022504067	0.0009545385254
	0.0008575467452	0.0007379387748	0.0006037005722	0.000463319085	0.0003253095798
	0.0001982128587	9.027663477e-05	8.52638846e-06	-4.21722848e-05	-5.929134711e-05
	-4.211909964e-05	8.586341248e-06	9.025022824e-05	0.0001980162271	0.0003249718191
	0.0004630103943	0.0006035912388	0.000738001761	0.0008575560947	0.0009543327441
	0.001022167812	0.001057123362	0.001057262589	0.001022318834	0.0009540490119
	0.0008571436252	0.0007391234349	0.0006078792398	0.0004687043328	0.0003255762215
	0.0001880858416	7.616844119e-05	1.126030344e-05	-4.561100335e-06	1.658319442e-37
	1.504335788e-36	-4.819627905e-06	1.04211485e-05	7.492769141e-05	0.0001869343967
	0.000324865774	0.0004684353113	0.0006078599319	0.0007392263144	0.0008573912752
	0.000954538906	0.001023136359	0.001058431915	0.00105855192	0.001023613449
	0.0009555000183	0.0008583044508	0.0007384447852	0.0006039178312	0.0004632321473
	0.0003249284175	0.0001975680055	8.941243417e-05	7.49657745e-06	-4.330572528e-05
	-6.045921203e-05	-4.325002305e-05	7.558849887e-06	8.938513316e-05	0.0001973667664
	0.0003245846688	0.0004629182633	0.0006038033533	0.0007385010993	0.0008583072128
	0.0009552882801	0.001023270917	0.001058309971	0.001058454368	0.001023418916
	0.0009549709782	0.0008578625624	0.0007396728601	0.0006082484685	0.0004687391741
	0.0003250643006	0.0001870283066	7.49468201e-05	1.041047567e-05	-4.826971981e-06
	1.531459128e-36	2.867492508e-36	-5.084418108e-06	9.571752139e-06	7.370177335e-05
	0.0001858675024	0.0003243440103	0.0004684639909	0.0006082255924	0.0007397702407
	0.0008581008567	0.0009554512442	0.001024232268	0.001059627254	0.001059746899
	0.001024725303	0.0009564633834	0.0008590639845	0.0007389526337	0.000604136453
	0.0004631456556	0.0003245467597	0.0001969219852	8.85465829e-05	6.464517557e-06
	-4.444212935e-05	-6.163037401e-05	-4.438387232e-05	6.529140863e-06	8.851839288e-05
	0.0001967161475	0.0003241970452	0.0004628265521	0.0006040166822	0.0007390020247
	0.0008590599186	0.0009562455559	0.001024376461	0.001059499759	0.001059648984
	0.001024520277	0.0009558932084	0.0008585830994	0.0007402264617	0.0006086218851
	0.0004687736465	0.0003245460987	0.0001859626591	7.372055145e-05	9.560351789e-06
	-5.092067483e-06	2.895985003e-36	4.229654649e-36	-5.348463184e-06	8.722008045e-06
	7.247119161e-05	0.0001847925135	0.0003238159634	0.0004684922608	0.0006085953957
	0.0007403183117	0.0008588119972	0.0009563637859	0.001025329406	0.001060825413
	0.001060945072	0.001025839653	0.0009574286299	0.0008598253409	0.000739462317
	0.0006043564429	0.0004630596195	0.0003241646104	0.000196274787	8.767906815e-05
	5.43021074e-06	-4.558149921e-05	-6.280484778e-05	-4.552065067e-05	5.497215875e-06
	8.764999604e-05	0.0001960643613	0.0003238089526	0.0004627352691	0.0006042312302
	0.0007395045335	0.0008598142059	0.0009572045794	0.001025484472	0.00106069274
	0.001060846413	0.001025622881	0.0009568157052	0.0008593052899	0.0007407842889
	0.0006089994864	0.0004688077172	0.0003240216028	0.0001848888956	7.248959418e-05
	8.709861655e-06	-5.356424154e-06	4.259546809e-36	5.590955455e-36	-5.611799104e-06
	7.871847817e-06	7.123590483e-05	0.0001837094252	0.0003232816206	0.0004685200895
	0.0006089693384	0.0007408705755	0.0008595247496	0.0009572765349	0.001026427738
	0.001062026369	0.001062146453	0.001026956526	0.0009583957673	0.0008605885145
	0.0007399738319	0.0006045778058	0.0004629740479	0.0003237819751	0.0001956264007
	8.680987421e-05	4.393661012e-06	-4.672383517e-05	-6.398265241e-05	-4.66603594e-05
	4.463078694e-06	8.677992834e-05	0.0001954113993	0.0003234203969	0.0004626444224
	0.0006044470013	0.0007400086216	0.0008605700684	0.000958165359	0.001026594973
	0.00106188893	0.001062046636	0.001026726694	0.0009577384719	0.0008600291866
	0.0007413463903	0.0006093812697	0.0004688413553	0.0003234907996	0.0001838070106
	7.125390678e-05	7.858937025e-06	-5.620077868e-06	5.622277412e-36	6.951524047e-36
	-5.874460493e-06	7.02120485e-06	6.999587122e-05	0.0001826182308	0.0003227409686
	0.0004685474475	0.000609347418	0.0007414270793	0.0008602391664	0.0009581894953
	0.001027527229	0.0010632301	0.001063351054	0.001028075948	0.0009593648062
	0.0008613535004	0.0007404871751	0.0006048005468	0.0004628889486	0.0003233988603
	0.0001949768181	8.593898058e-05	3.35487437e-06	-4.786913259e-05	-6.516381584e-05
	-4.780299485e-05	3.426735094e-06	8.590817069e-05	0.0001947572552	0.0003230313847
	0.0004625540187	0.0006046639994	0.000740514285	0.0008613275002	0.0009591279038
	0.001027707989	0.001063088341	0.001063249629	0.001027831681	0.0009586615124
	0.0008607548418	0.000741912814	0.0006097672335	0.0004688745309	0.0003229536751
	0.0001827169969	7.001344733e-05	7.007511455e-06	-5.883063146e-06	6.984305554e-36
	