0 538.304 538.214 538.292
1 538.304 538.214 538.292
2 538.304 538.214 538.292
3 538.304 538.214 538.292
4 538.304 538.215 538.292
5 538.304 538.216 538.292
6 538.304 538.216 538.292
7 538.304 538.217 538.292
8 538.304 538.219 538.292
9 538.304 538.22 538.292
10 538.304 538.221 538.292
11 538.304 538.222 538.292
12 538.304 538.224 538.292
13 538.304 538.225 538.292
14 538.304 538.227 538.292
15 538.304 538.229 538.292
16 538.304 538.231 538.292
17 538.304 538.232 538.292
18 538.304 538.234 538.292
19 538.304 538.236 538.292
20 538.304 538.238 538.292
21 538.304 538.24 538.292
22 538.304 538.242 538.292
23 538.304 538.244 538.292
24 538.304 538.245 538.293
25 538.304 538.247 538.293
26 538.304 538.249 538.293
27 538.304 538.251 538.293
28 538.304 538.252 538.293
29 538.304 538.254 538.293
30 538.304 538.256 538.293
31 538.304 538.257 538.293
32 538.304 538.259 538.293
33 538.304 538.261 538.293
34 538.304 538.262 538.294
35 538.304 538.264 538.294
36 538.304 538.265 538.294
37 538.304 538.266 538.294
38 538.304 538.268 538.294
39 538.304 538.269 538.294
40 538.304 538.27 538.294
41 538.304 538.271 538.294
42 538.304 538.272 538.295
43 538.304 538.274 538.295
44 538.304 538.275 538.295
45 538.304 538.276 538.295
46 538.304 538.277 538.295
47 538.304 538.277 538.295
48 538.304 538.278 538.295
49 538.304 538.279 538.295
50 538.304 538.28 538.296
51 538.304 538.281 538.296
52 538.304 538.282 538.296
53 538.304 538.282 538.296
54 538.304 538.283 538.296
55 538.304 538.284 538.296
56 538.304 538.284 538.296
57 538.304 538.285 538.296
58 538.304 538.286 538.297
59 538.304 538.286 538.297
60 538.304 538.287 538.297
61 538.304 538.287 538.297
62 538.304 538.288 538.297
63 538.304 538.288 538.297
64 538.304 538.289 538.297
65 538.304 538.289 538.297
66 538.304 538.29 538.297
67 538.304 538.29 538.298
68 538.304 538.291 538.298
69 538.304 538.291 538.298
70 538.304 538.291 538.298
71 538.304 538.292 538.298
72 538.304 538.292 538.298
73 538.304 538.292 538.298
74 538.304 538.293 538.298
75 538.304 538.293 538.298
76 538.304 538.293 538.298
77 538.304 538.294 538.299
78 538.304 538.294 538.299
79 538.304 538.294 538.299
80 538.304 538.294 538.299
81 538.304 538.295 538.299
82 538.304 538.295 538.299
83 538.304 538.295 538.299
84 538.304 538.295 538.299
85 538.304 538.296 538.299
86 538.304 538.296 538.299
87 538.304 538.296 538.299
88 538.304 538.296 538.299
89 538.304 538.296 538.299
90 538.304 538.296 538.3
91 538.304 538.297 538.3
92 538.304 538.297 538.3
93 538.304 538.297 538.3
94 538.304 538.297 538.3
95 538.304 538.297 538.3
96 538.304 538.297 538.3
97 538.304 538.298 538.3
98 538.304 538.298 538.3
99 538.304 538.298 538.3
100 538.304 538.298 538.3
101 538.304 538.298 538.3
102 538.304 538.298 538.3
103 538.304 538.298 538.3
104 538.304 538.298 538.3
105 538.304 538.299 538.3
106 538.304 538.299 538.3
107 538.304 538.299 538.301
108 538.304 538.299 538.301
109 538.304 538.299 538.301
110 538.304 538.299 538.301
111 538.304 538.299 538.301
112 538.304 538.299 538.301
113 538.304 538.299 538.301
114 538.304 538.299 538.301
115 538.304 538.3 538.301
116 538.304 538.3 538.301
117 538.304 538.3 538.301
118 538.304 538.3 538.301
119 538.304 538.3 538.301
120 538.304 538.3 538.301
121 538.304 538.3 538.301
122 538.304 538.3 538.301
123 538.304 538.3 538.301
124 538.304 538.3 538.301
125 538.304 538.3 538.301
126 538.304 538.3 538.301
127 538.304 538.3 538.301
128 538.304 538.3 538.301
129 538.304 538.3 538.301
130 538.304 538.301 538.301
131 538.304 538.301 538.301
132 538.304 538.301 538.301
133 538.304 538.301 538.302
134 538.304 538.301 538.302
135 538.304 538.301 538.302
136 538.304 538.301 538.302
137 538.304 538.301 538.302
138 538.304 538.301 538.302
139 538.304 538.301 538.302
140 538.304 538.301 538.302
141 538.304 538.301 538.302
142 538.304 538.301 538.302
143 538.304 538.301 538.302
144 538.304 538.301 538.302
145 538.304 538.301 538.302
146 538.304 538.301 538.302
147 538.304 538.301 538.302
148 538.304 538.301 538.302
149 538.304 538.301 538.302
150 538.304 538.301 538.302
151 538.304 538.301 538.302
152 538.304 538.301 538.302
153 538.304 538.302 538.302
154 538.304 538.302 538.302
155 538.304 538.302 538.302
156 538.304 538.302 538.302
157 538.304 538.302 538.302
158 538.304 538.302 538.302
159 538.304 538.302 538.302
160 538.304 538.302 538.302
161 538.304 538.302 538.302
162 538.304 538.302 538.302
163 538.304 538.302 538.302
164 538.304 538.302 538.302
165 538.304 538.302 538.302
166 538.304 538.302 538.302
167 538.304 538.302 538.302
168 538.304 538.302 538.302
169 538.304 538.302 538.302
170 538.304 538.302 538.302
171 538.304 538.302 538.302
172 538.304 538.302 538.302
173 538.304 538.302 538.302
174 538.304 538.302 538.302
175 538.304 538.302 538.302
176 538.304 538.302 538.302
177 538.304 538.302 538.302
178 538.304 538.302 538.302
179 538.304 538.302 538.302
180 538.304 538.302 538.302
181 538.304 538.302 538.302
182 538.304 538.302 538.302
183 538.304 538.302 538.303
184 538.304 538.302 538.303
185 538.304 538.302 538.303
186 538.304 538.302 538.303
187 538.304 538.302 538.303
188 538.304 538.302 538.303
189 538.304 538.302 538.303
190 538.304 538.302 538.303
191 538.304 538.302 538.303
192 538.304 538.302 538.303
193 538.304 538.302 538.303
194 538.304 538.302 538.303
195 538.304 538.302 538.303
196 538.304 538.302 538.303
197 538.304 538.302 538.303
198 538.304 538.303 538.303
199 538.304 538.303 538.303
