-30 0.05 -9.99942e-40
-29.4 0.05 3.55939e-10
-28.8 0.05 1.49592e-09
-28.2 0.05 3.43025e-09
-27.6 0.05 6.11162e-09
-27 0.05 9.48504e-09
-26.4 0.05 1.3495e-08
-25.8 0.05 1.80797e-08
-25.2 0.05 2.31679e-08
-24.6 0.05 2.86796e-08
-24 0.05 3.45277e-08
-23.4 0.05 4.06198e-08
-22.8 0.05 4.68599e-08
-22.2 0.05 5.31495e-08
-21.6 0.05 5.93896e-08
-21 0.05 6.54819e-08
-20.4 0.05 7.13306e-08
-19.8 0.05 7.68427e-08
-19.2 0.05 8.19286e-08
-18.6 0.05 8.6506e-08
-18 0.05 9.05118e-08
-17.4 0.05 9.39144e-08
-16.8 0.05 9.66839e-08
-16.2 0.05 9.86657e-08
-15.6 0.05 9.94541e-08
-15 0.05 9.87679e-08
-14.4 0.05 9.73028e-08
-13.8 0.05 9.57664e-08
-13.2 0.05 9.39143e-08
-12.6 0.05 9.14014e-08
-12 0.05 8.81562e-08
-11.4 0.05 8.42538e-08
-10.8 0.05 7.97872e-08
-10.2 0.05 7.48361e-08
-9.6 0.05 6.94762e-08
-9 0.05 6.37896e-08
-8.4 0.05 5.78651e-08
-7.8 0.05 5.17964e-08
-7.2 0.05 4.56794e-08
-6.6 0.05 3.96106e-08
-6 0.05 3.3686e-08
-5.4 0.05 2.79988e-08
-4.8 0.05 2.26389e-08
-4.2 0.05 1.76906e-08
-3.6 0.05 1.32319e-08
-3 0.05 9.33337e-09
-2.4 0.05 6.05724e-09
-1.8 0.05 3.45528e-09
-1.2 0.05 1.56338e-09
-0.6 0.05 3.98138e-10
0 0.05 -2.67864e-11
0.6 0.05 3.29279e-10
1.2 0.05 1.48885e-09
1.8 0.05 3.4199e-09
2.4 0.05 6.07754e-09
3 0.05 9.4177e-09
3.6 0.05 1.33904e-08
4.2 0.05 1.79352e-08
4.8 0.05 2.29802e-08
5.4 0.05 2.84409e-08
6 0.05 3.42223e-08
6.6 0.05 4.0236e-08
7.2 0.05 4.64348e-08
7.8 0.05 5.28088e-08
8.4 0.05 5.92499e-08
9 0.05 6.54785e-08
9.6 0.05 7.13553e-08
10.2 0.05 7.68533e-08
10.8 0.05 8.19303e-08
11.4 0.05 8.65129e-08
12 0.05 9.05233e-08
12.6 0.05 9.38945e-08
13.2 0.05 9.65727e-08
13.8 0.05 9.85162e-08
14.4 0.05 9.96947e-08
15 0.05 1.0009e-07
15.6 0.05 9.96947e-08
16.2 0.05 9.85161e-08
16.8 0.05 9.65725e-08
17.4 0.05 9.38945e-08
18 0.05 9.05243e-08
18.6 0.05 8.65151e-08
19.2 0.05 8.193e-08
19.8 0.05 7.68416e-08
20.4 0.05 7.13299e-08
21 0.05 6.54818e-08
21.6 0.05 5.93897e-08
22.2 0.05 5.31496e-08
22.8 0.05 4.68599e-08
23.4 0.05 4.06198e-08
24 0.05 3.45277e-08
24.6 0.05 2.86796e-08
25.2 0.05 2.31679e-08
25.8 0.05 1.80797e-08
26.4 0.05 1.3495e-08
27 0.05 9.48504e-09
27.6 0.05 6.11162e-09
28.2 0.05 3.43025e-09
28.8 0.05 1.49592e-09
29.4 0.05 3.55939e-10
30 0.05 -9.99943e-40
-30 0.102632 -1.11264e-39
-29.4 0.102632 3.22339e-10
-28.8 0.102632 1.41207e-09
-28.2 0.102632 3.32371e-09
-27.6 0.102632 6.00963e-09
-27 0.102632 9.39718e-09
-26.4 0.102632 1.342e-08
-25.8 0.102632 1.80152e-08
-25.2 0.102632 2.31139e-08
-24.6 0.102632 2.86372e-08
-24 0.102632 3.44981e-08
-23.4 0.102632 4.06037e-08
-22.8 0.102632 4.68573e-08
-22.2 0.102632 5.31606e-08
-21.6 0.102632 5.94147e-08
-21 0.102632 6.55219e-08
-20.4 0.102632 7.13847e-08
-19.8 0.102632 7.69056e-08
-19.2 0.102632 8.19901e-08
-18.6 0.102632 8.65653e-08
-18 0.102632 9.06055e-08
-17.4 0.102632 9.41141e-08
-16.8 0.102632 9.69972e-08
-16.2 0.102632 9.88713e-08
-15.6 0.102632 9.9116e-08
-15 0.102632 9.75608e-08
-14.4 0.102632 9.52356e-08
-13.8 0.102632 9.31828e-08
-13.2 0.102632 9.12679e-08
-12.6 0.102632 8.89304e-08
-12 0.102632 8.58691e-08
-11.4 0.102632 8.20935e-08
-10.8 0.102632 7.77308e-08
-10.2 0.102632 7.28957e-08
-9.6 0.102632 6.76719e-08
-9 0.102632 6.21345e-08
-8.4 0.102632 5.63655e-08
-7.8 0.102632 5.04548e-08
-7.2 0.102632 4.44966e-08
-6.6 0.102632 3.85855e-08
-6 0.102632 3.28149e-08
-5.4 0.102632 2.72758e-08
-4.8 0.102632 2.20554e-08
-4.2 0.102632 1.72358e-08
-3.6 0.102632 1.28933e-08
-3 0.102632 9.09787e-09
-2.4 0.102632 5.91067e-09
-1.8 0.102632 3.37851e-09
-1.2 0.102632 1.52747e-09
-0.6 0.102632 3.68077e-10
0 0.102632 -7.69977e-11
0.6 0.102632 2.49613e-10
1.2 0.102632 1.38508e-09
1.8 0.102632 3.3022e-09
2.4 0.102632 5.94754e-09
3 0.102632 9.26959e-09
3.6 0.102632 1.32187e-08
4.2 0.102632 1.77373e-08
4.8 0.102632 2.27505e-08
5.4 0.102632 2.81647e-08
6 0.102632 3.38832e-08
6.6 0.102632 3.98451e-08
7.2 0.102632 4.60554e-08
7.8 0.102632 5.25273e-08
8.4 0.102632 5.91139e-08
9 0.102632 6.5482e-08
9.6 0.102632 7.14345e-08
10.2 0.102632 7.69454e-08
10.8 0.102632 8.2014e-08
11.4 0.102632 8.65951e-08
12 0.102632 9.06132e-08
12.6 0.102632 9.39942e-08
13.2 0.102632 9.66798e-08
13.8 0.102632 9.86277e-08
14.4 0.102632 9.98085e-08
15 0.102632 1.00204e-07
15.6 0.102632 9.98083e-08
16.2 0.102632 9.86272e-08
16.8 0.102632 9.66793e-08
17.4 0.102632 9.39954e-08
18 0.102632 9.06178e-08
18.6 0.102632 8.65998e-08
19.2 0.102632 8.20047e-08
19.8 0.102632 7.69051e-08
20.4 0.102632 7.13812e-08
21 0.102632 6.55204e-08
21.6 0.102632 5.94149e-08
22.2 0.102632 5.31611e-08
22.8 0.102632 4.68575e-08
23.4 0.102632 4.06036e-08
24 0.102632 3.4498e-08
24.6 0.102632 2.86372e-08
25.2 0.102632 2.31139e-08
25.8 0.102632 1.80152e-08
26.4 0.102632 1.342e-08
27 0.102632 9.39718e-09
27.6 0.102632 6.00964e-09
28.2 0.102632 3.32371e-09
28.8 0.102632 1.41207e-09
29.4 0.102632 3.22339e-10
30 0.102632 -1.11264e-39
-30 0.155263 -1.15733e-39
-29.4 0.155263 2.9738e-10
-28.8 0.155263 1.34128e-09
-28.2 0.155263 3.2221e-09
-27.6 0.155263 5.90391e-09
-27 0.155263 9.30425e-09
-26.4 0.155263 1.3343e-08
-25.8 0.155263 1.79511e-08
-25.2 0.155263 2.30606e-08
-24.6 0.155263 2.8595e-08
-24 0.155263 3.44682e-08
-23.4 0.155263 4.05869e-08
-22.8 0.155263 4.68541e-08
-22.2 0.155263 5.31716e-08
-21.6 0.155263 5.94412e-08
-21 0.155263 6.55642e-08
-20.4 0.155263 7.14384e-08
-19.8 0.155263 7.69589e-08
-19.2 0.155263 8.20356e-08
-18.6 0.155263 8.66247e-08
-18 0.155263 9.07408e-08
-17.4 0.155263 9.43786e-08
-16.8 0.155263 9.73254e-08
-16.2 0.155263 9.90133e-08
-15.6 0.155263 9.87173e-08
-15 0.155263 9.63533e-08
-14.4 0.155263 9.32286e-08
-13.8 0.155263 9.06622e-08
-13.2 0.155263 8.8606e-08
-12.6 0.155263 8.6394e-08
-12 0.155263 8.35397e-08
-11.4 0.155263 7.99328e-08
-10.8 0.155263 7.56897e-08
-10.2 0.155263 7.09644e-08
-9.6 0.155263 6.58676e-08
-9 0.155263 6.04766e-08
-8.4 0.155263 5.48641e-08
-7.8 0.155263 4.9113e-08
-7.2 0.155263 4.33141e-08
-6.6 0.155263 3.75604e-08
-6 0.155263 3.19437e-08
-5.4 0.155263 2.65525e-08
-4.8 0.155263 2.14713e-08
-4.2 0.155263 1.67803e-08
-3.6 0.155263 1.25549e-08
-3 0.155263 8.86408e-09
-2.4 0.155263 5.76611e-09
-1.8 0.155263 3.30112e-09
-1.2 0.155263 1.48793e-09
-0.6 0.155263 3.35487e-10
0 0.155263 -1.26316e-10
0.6 0.155263 1.73603e-10
1.2 0.155263 1.28486e-09
1.8 0.155263 3.18473e-09
2.4 0.155263 5.81693e-09
3 0.155263 9.12479e-09
3.6 0.155263 1.3056e-08
4.2 0.155263 1.75505e-08
4.8 0.155263 2.25279e-08
5.4 0.155263 2.78898e-08
6 0.155263 3.35496e-08
6.6 0.155263 3.9477e-08
7.2 0.155263 4.57096e-08
7.8 0.155263 5.22683e-08
8.4 0.155263 5.89819e-08
9 0.155263 6.54718e-08
9.6 0.155263 7.15042e-08
10.2 0.155263 7.7043e-08
10.8 0.155263 8.21078e-08
11.4 0.155263 8.66814e-08
12 0.155263 9.07015e-08
12.6 0.155263 9.40912e-08
13.2 0.155263 9.67857e-08
13.8 0.155263 9.87392e-08
14.4 0.155263 9.99225e-08
15 0.155263 1.00319e-07
15.6 0.155263 9.99217e-08
16.2 0.155263 9.8738e-08
16.8 0.155263 9.67859e-08
17.4 0.155263 9.40962e-08
18 0.155263 9.07111e-08
18.6 0.155263 8.66843e-08
19.2 0.155263 8.20791e-08
19.8 0.155263 7.69683e-08
20.4 0.155263 7.14324e-08
21 0.155263 6.55586e-08
21.6 0.155263 5.94398e-08
22.2 0.155263 5.31723e-08
22.8 0.155263 4.68549e-08
23.4 0.155263 4.05871e-08
24 0.155263 3.44681e-08
24.6 0.155263 2.85949e-08
25.2 0.155263 2.30605e-08
25.8 0.155263 1.79512e-08
26.4 0.155263 1.3343e-08
27 0.155263 9.30426e-09
27.6 0.155263 5.90392e-09
28.2 0.155263 3.2221e-09
28.8 0.155263 1.34128e-09
29.4 0.155263 2.9738e-10
30 0.155263 -1.15733e-39
-30 0.207895 -1.18546e-39
-29.4 0.207895 2.76038e-10
-28.8 0.207895 1.27804e-09
-28.2 0.207895 3.12595e-09
-27.6 0.207895 5.7978e-09
-27 0.207895 9.20738e-09
-26.4 0.207895 1.32628e-08
-25.8 0.207895 1.78863e-08
-25.2 0.207895 2.30079e-08
-24.6 0.207895 2.85533e-08
-24 0.207895 3.44381e-08
-23.4 0.207895 4.05694e-08
-22.8 0.207895 4.68504e-08
-22.2 0.207895 5.31834e-08
-21.6 0.207895 5.947e-08
-21 0.207895 6.56077e-08
-20.4 0.207895 7.14864e-08
-19.8 0.207895 7.69993e-08
-19.2 0.207895 8.20727e-08
-18.6 0.207895 8.66991e-08
-18 0.207895 9.0917e-08
-17.4 0.207895 9.4681e-08
-16.8 0.207895 9.7655e-08
-16.2 0.207895 9.91187e-08
-15.6 0.207895 9.82772e-08
-15 0.207895 9.51456e-08
-14.4 0.207895 9.12624e-08
-13.8 0.207895 8.81777e-08
-13.2 0.207895 8.59422e-08
-12.6 0.207895 8.38193e-08
-12 0.207895 8.1169e-08
-11.4 0.207895 7.77565e-08
-10.8 0.207895 7.36566e-08
-10.2 0.207895 6.90455e-08
-9.6 0.207895 6.40685e-08
-9 0.207895 5.88171e-08
-8.4 0.207895 5.33599e-08
-7.8 0.207895 4.77699e-08
-7.2 0.207895 4.21316e-08
-6.6 0.207895 3.65357e-08
-6 0.207895 3.10726e-08
-5.4 0.207895 2.58288e-08
-4.8 0.207895 2.08866e-08
-4.2 0.207895 1.63247e-08
-3.6 0.207895 1.22172e-08
-3 0.207895 8.63179e-09
-2.4 0.207895 5.6224e-09
-1.8 0.207895 3.22275e-09
-1.2 0.207895 1.44608e-09
-0.6 0.207895 3.01134e-10
0 0.207895 -1.74968e-10
0.6 0.207895 1.00182e-10
1.2 0.207895 1.18684e-09
1.8 0.207895 3.06818e-09
2.4 0.207895 5.68747e-09
3 0.207895 8.98419e-09
3.6 0.207895 1.29011e-08
4.2 0.207895 1.7372e-08
4.8 0.207895 2.23106e-08
5.4 0.207895 2.76195e-08
6 0.207895 3.32271e-08
6.6 0.207895 3.91305e-08
7.2 0.207895 4.53907e-08
7.8 0.207895 5.20299e-08
8.4 0.207895 5.88543e-08
9 0.207895 6.54551e-08
9.6 0.207895 7.15671e-08
10.2 0.207895 7.71409e-08
10.8 0.207895 8.2208e-08
11.4 0.207895 8.67733e-08
12 0.207895 9.07907e-08
12.6 0.207895 9.41862e-08
13.2 0.207895 9.68896e-08
13.8 0.207895 9.885e-08
14.4 0.207895 1.00037e-07
15 0.207895 1.00433e-07
15.6 0.207895 1.00035e-07
16.2 0.207895 9.88485e-08
16.8 0.207895 9.68922e-08
17.4 0.207895 9.41966e-08
18 0.207895 9.08042e-08
18.6 0.207895 8.67686e-08
19.2 0.207895 8.21533e-08
19.8 0.207895 7.70313e-08
20.4 0.207895 7.14832e-08
21 0.207895 6.55967e-08
21.6 0.207895 5.94645e-08
22.2 0.207895 5.31832e-08
22.8 0.207895 4.68518e-08
23.4 0.207895 4.05702e-08
24 0.207895 3.44381e-08
24.6 0.207895 2.85531e-08
25.2 0.207895 2.30078e-08
25.8 0.207895 1.78863e-08
26.4 0.207895 1.32628e-08
27 0.207895 9.2074e-09
27.6 0.207895 5.79781e-09
28.2 0.207895 3.12595e-09
28.8 0.207895 1.27804e-09
29.4 0.207895 2.76037e-10
30 0.207895 -1.18547e-39
-30 0.260526 -1.2033e-39
-29.4 0.260526 2.57055e-10
-28.8 0.260526 1.21995e-09
-28.2 0.260526 3.03421e-09
-27.6 0.260526 5.69243e-09
-27 0.260526 9.10797e-09
-26.4 0.260526 1.31795e-08
-25.8 0.260526 1.782e-08
-25.2 0.260526 2.29554e-08
-24.6 0.260526 2.85121e-08
-24 0.260526 3.44077e-08
-23.4 0.260526 4.05512e-08
-22.8 0.260526 4.68468e-08
-22.2 0.260526 5.3197e-08
-21.6 0.260526 5.95009e-08
-21 0.260526 6.56493e-08
-20.4 0.260526 7.15259e-08
-19.8 0.260526 7.70287e-08
-19.2 0.260526 8.21088e-08
-18.6 0.260526 8.67928e-08
-18 0.260526 9.11272e-08
-17.4 0.260526 9.50104e-08
-16.8 0.260526 9.79835e-08
-16.2 0.260526 9.91964e-08
-15.6 0.260526 9.78104e-08
-15 0.260526 9.39376e-08
-14.4 0.260526 8.93223e-08
-13.8 0.260526 8.57204e-08
-13.2 0.260526 8.32789e-08
-12.6 0.260526 8.1217e-08
-12 0.260526 7.87637e-08
-11.4 0.260526 7.55604e-08
-10.8 0.260526 7.1624e-08
-10.2 0.260526 6.71372e-08
-9.6 0.260526 6.22774e-08
-9 0.260526 5.7159e-08
-8.4 0.260526 5.18533e-08
-7.8 0.260526 4.64245e-08
-7.2 0.260526 4.09485e-08
-6.6 0.260526 3.55114e-08
-6 0.260526 3.02017e-08
-5.4 0.260526 2.51047e-08
-4.8 0.260526 2.03015e-08
-4.2 0.260526 1.5869e-08
-3.6 0.260526 1.18804e-08
-3 0.260526 8.40063e-09
-2.4 0.260526 5.4791e-09
-1.8 0.260526 3.14343e-09
-1.2 0.260526 1.40244e-09
-0.6 0.260526 2.65624e-10
0 0.260526 -2.23176e-10
0.6 0.260526 2.84212e-11
1.2 0.260526 1.09055e-09
1.8 0.260526 2.95304e-09
2.4 0.260526 5.56032e-09
3 0.260526 8.84819e-09
3.6 0.260526 1.27526e-08
4.2 0.260526 1.71997e-08
4.8 0.260526 2.20989e-08
5.4 0.260526 2.73575e-08
6 0.260526 3.29198e-08
6.6 0.260526 3.88015e-08
7.2 0.260526 4.50776e-08
7.8 0.260526 5.17812e-08
8.4 0.260526 5.87175e-08
9 0.260526 6.5433e-08
9.6 0.260526 7.16265e-08
10.2 0.260526 7.72392e-08
10.8 0.260526 8.23121e-08
11.4 0.260526 8.68698e-08
12 0.260526 9.0882e-08
12.6 0.260526 9.42802e-08
13.2 0.260526 9.69915e-08
13.8 0.260526 9.89596e-08
14.4 0.260526 1.0015e-07
15 0.260526 1.00548e-07
15.6 0.260526 1.00148e-07
16.2 0.260526 9.89587e-08
16.8 0.260526 9.69981e-08
17.4 0.260526 9.42967e-08
18 0.260526 9.0897e-08
18.6 0.260526 8.68526e-08
19.2 0.260526 8.22272e-08
19.8 0.260526 7.7094e-08
20.4 0.260526 7.15339e-08
21 0.260526 6.56346e-08
21.6 0.260526 5.94889e-08
22.2 0.260526 5.31938e-08
22.8 0.260526 4.68484e-08
23.4 0.260526 4.05531e-08
24 0.260526 3.44083e-08
24.6 0.260526 2.85119e-08
25.2 0.260526 2.29552e-08
25.8 0.260526 1.78199e-08
26.4 0.260526 1.31795e-08
27 0.260526 9.10802e-09
27.6 0.260526 5.69246e-09
28.2 0.260526 3.03421e-09
28.8 0.260526 1.21994e-09
29.4 0.260526 2.57053e-10
30 0.260526 -1.20331e-39
-30 0.313158 -1.21505e-39
-29.4 0.313158 2.39723e-10
-28.8 0.313158 1.16568e-09
-28.2 0.313158 2.94611e-09
-27.6 0.313158 5.58816e-09
-27 0.313158 9.00691e-09
-26.4 0.313158 1.30936e-08
-25.8 0.313158 1.77519e-08
-25.2 0.313158 2.29025e-08
-24.6 0.313158 2.8471e-08
-24 0.313158 3.43773e-08
-23.4 0.313158 4.0533e-08
-22.8 0.313158 4.68442e-08
-22.2 0.313158 5.32126e-08
-21.6 0.313158 5.95324e-08
-21 0.313158 6.56867e-08
-20.4 0.313158 7.15562e-08
-19.8 0.313158 7.70501e-08
-19.2 0.313158 8.21484e-08
-18.6 0.313158 8.69067e-08
-18 0.313158 9.13668e-08
-17.4 0.313158 9.53604e-08
-16.8 0.313158 9.83101e-08
-16.2 0.313158 9.92538e-08
-15.6 0.313158 9.73241e-08
-15 0.313158 9.27294e-08
-14.4 0.313158 8.74013e-08
-13.8 0.313158 8.32828e-08
-13.2 0.313158 8.06171e-08
-12.6 0.313158 7.85936e-08
-12 0.313158 7.63286e-08
-11.4 0.313158 7.33435e-08
-10.8 0.313158 6.95874e-08
-10.2 0.313158 6.52364e-08
-9.6 0.313158 6.04952e-08
-9 0.313158 5.55047e-08
-8.4 0.313158 5.03455e-08
-7.8 0.313158 4.50766e-08
-7.2 0.313158 3.97639e-08
-6.6 0.313158 3.44868e-08
-6 0.313158 2.93309e-08
-5.4 0.313158 2.43806e-08
-4.8 0.313158 1.97161e-08
-4.2 0.313158 1.54135e-08
-3.6 0.313158 1.15443e-08
-3 0.313158 8.17034e-09
-2.4 0.313158 5.33599e-09
-1.8 0.313158 3.06325e-09
-1.2 0.313158 1.3574e-09
-0.6 0.313158 2.29194e-10
0 0.313158 -2.71173e-10
0.6 0.313158 -4.21933e-11
1.2 0.313158 9.95783e-10
1.8 0.313158 2.83977e-09
2.4 0.313158 5.43605e-09
3 0.313158 8.71656e-09
3.6 0.313158 1.26095e-08
4.2 0.313158 1.70333e-08
4.8 0.313158 2.18937e-08
5.4 0.313158 2.71036e-08
6 0.313158 3.26232e-08
6.6 0.313158 3.84925e-08
7.2 0.313158 4.48056e-08
7.8 0.313158 5.15845e-08
8.4 0.313158 5.86017e-08
9 0.313158 6.54065e-08
9.6 0.313158 7.16785e-08
10.2 0.313158 7.73358e-08
10.8 0.313158 8.24196e-08
11.4 0.313158 8.69706e-08
12 0.313158 9.09756e-08
12.6 0.313158 9.43741e-08
13.2 0.313158 9.70918e-08
13.8 0.313158 9.90676e-08
14.4 0.313158 1.00264e-07
15 0.313158 1.00663e-07
15.6 0.313158 1.00261e-07
16.2 0.313158 9.90689e-08
16.8 0.313158 9.71038e-08
17.4 0.313158 9.43966e-08
18 0.313158 9.09895e-08
18.6 0.313158 8.69363e-08
19.2 0.313158 8.23009e-08
19.8 0.313158 7.71565e-08
20.4 0.313158 7.15844e-08
21 0.313158 6.56722e-08
21.6 0.313158 5.95131e-08
22.2 0.313158 5.3204e-08
22.8 0.313158 4.68445e-08
23.4 0.313158 4.05359e-08
24 0.313158 3.4379e-08
24.6 0.313158 2.84711e-08
25.2 0.313158 2.29021e-08
25.8 0.313158 1.77516e-08
26.4 0.313158 1.30935e-08
27 0.313158 9.00697e-09
27.6 0.313158 5.58822e-09
28.2 0.313158 2.94613e-09
28.8 0.313158 1.16567e-09
29.4 0.313158 2.39719e-10
30 0.313158 -1.21508e-39
-30 0.365789 -1.22258e-39
-29.4 0.365789 2.23638e-10
-28.8 0.365789 1.1144e-09
-28.2 0.365789 2.86106e-09
-27.6 0.365789 5.4851e-09
-27 0.365789 8.90478e-09
-26.4 0.365789 1.30054e-08
-25.8 0.365789 1.76819e-08
-25.2 0.365789 2.28486e-08
-24.6 0.365789 2.84296e-08
-24 0.365789 3.43469e-08
-23.4 0.365789 4.05155e-08
-22.8 0.365789 4.68432e-08
-22.2 0.365789 5.32298e-08
-21.6 0.365789 5.9563e-08
-21 0.365789 6.57186e-08
-20.4 0.365789 7.15776e-08
-19.8 0.365789 7.70662e-08
-19.2 0.365789 8.21942e-08
-18.6 0.365789 8.70405e-08
-18 0.365789 9.16319e-08
-17.4 0.365789 9.57271e-08
-16.8 0.365789 9.86353e-08
-16.2 0.365789 9.92955e-08
-15.6 0.365789 9.6823e-08
-15 0.365789 9.15209e-08
-14.4 0.365789 8.54945e-08
-13.8 0.365789 8.08605e-08
-13.2 0.365789 7.79562e-08
-12.6 0.365789 7.5953e-08
-12 0.365789 7.38675e-08
-11.4 0.365789 7.11064e-08
-10.8 0.365789 6.75443e-08
-10.2 0.365789 6.33406e-08
-9.6 0.365789 5.87213e-08
-9 0.365789 5.38555e-08
-8.4 0.365789 4.88382e-08
-7.8 0.365789 4.37265e-08
-7.2 0.365789 3.85774e-08
-6.6 0.365789 3.34615e-08
-6 0.365789 2.84601e-08
-5.4 0.365789 2.36565e-08
-4.8 0.365789 1.91307e-08
-4.2 0.365789 1.49584e-08
-3.6 0.365789 1.12089e-08
-3 0.365789 7.9407e-09
-2.4 0.365789 5.19293e-09
-1.8 0.365789 2.98231e-09
-1.2 0.365789 1.31121e-09
-0.6 0.365789 1.91952e-10
0 0.365789 -3.19147e-10
0.6 0.365789 -1.11956e-10
1.2 0.365789 9.02485e-10
1.8 0.365789 2.72863e-09
2.4 0.365789 5.31489e-09
3 0.365789 8.58918e-09
3.6 0.365789 1.24716e-08
4.2 0.365789 1.68722e-08
4.8 0.365789 2.16941e-08
5.4 0.365789 2.68576e-08
6 0.365789 3.23416e-08
6.6 0.365789 3.8207e-08
7.2 0.365789 4.4555e-08
7.8 0.365789 5.13976e-08
8.4 0.365789 5.84951e-08
9 0.365789 6.53826e-08
9.6 0.365789 7.17262e-08
10.2 0.365789 7.7429e-08
10.8 0.365789 8.25282e-08
11.4 0.365789 8.70752e-08
12 0.365789 9.1072e-08
12.6 0.365789 9.44683e-08
13.2 0.365789 9.71907e-08
13.8 0.365789 9.91741e-08
14.4 0.365789 1.00376e-07
15 0.365789 1.00777e-07
15.6 0.365789 1.00375e-07
16.2 0.365789 9.9179e-08
16.8 0.365789 9.72092e-08
17.4 0.365789 9.44961e-08
18 0.365789 9.10817e-08
18.6 0.365789 8.70198e-08
19.2 0.365789 8.23744e-08
19.8 0.365789 7.72189e-08
20.4 0.365789 7.16346e-08
21 0.365789 6.57095e-08
21.6 0.365789 5.95369e-08
22.2 0.365789 5.32138e-08
22.8 0.365789 4.68405e-08
23.4 0.365789 4.05188e-08
24 0.365789 3.435e-08
24.6 0.365789 2.84306e-08
25.2 0.365789 2.28482e-08
25.8 0.365789 1.76813e-08
26.4 0.365789 1.30052e-08
27 0.365789 8.90481e-09
27.6 0.365789 5.4852e-09
28.2 0.365789 2.86111e-09
28.8 0.365789 1.1144e-09
29.4 0.365789 2.23634e-10
30 0.365789 -1.22265e-39
-30 0.418421 -1.22709e-39
-29.4 0.418421 2.08532e-10
-28.8 0.418421 1.06553e-09
-28.2 0.418421 2.77862e-09
-27.6 0.418421 5.38327e-09
-27 0.418421 8.80196e-09
-26.4 0.418421 1.29153e-08
-25.8 0.418421 1.76099e-08
-25.2 0.418421 2.27934e-08
-24.6 0.418421 2.83876e-08
-24 0.418421 3.43168e-08
-23.4 0.418421 4.04993e-08
-22.8 0.418421 4.68442e-08
-22.2 0.418421 5.32481e-08
-21.6 0.418421 5.95915e-08
-21 0.418421 6.5744e-08
-20.4 0.418421 7.1591e-08
-19.8 0.418421 7.7079e-08
-19.2 0.418421 8.22478e-08
-18.6 0.418421 8.71935e-08
-18 0.418421 9.19195e-08
-17.4 0.418421 9.61081e-08
-16.8 0.418421 9.89595e-08
-16.2 0.418421 9.93249e-08
-15.6 0.418421 9.63106e-08
-15 0.418421 9.03122e-08
-14.4 0.418421 8.35986e-08
-13.8 0.418421 7.845e-08
-13.2 0.418421 7.52958e-08
-12.6 0.418421 7.32976e-08
-12 0.418421 7.13834e-08
-11.4 0.418421 6.88496e-08
-10.8 0.418421 6.54929e-08
-10.2 0.418421 6.14476e-08
-9.6 0.418421 5.69551e-08
-9 0.418421 5.22124e-08
-8.4 0.418421 4.73325e-08
-7.8 0.418421 4.2375e-08
-7.2 0.418421 3.73887e-08
-6.6 0.418421 3.24349e-08
-6 0.418421 2.75891e-08
-5.4 0.418421 2.29327e-08
-4.8 0.418421 1.85457e-08
-4.2 0.418421 1.45037e-08
-3.6 0.418421 1.08742e-08
-3 0.418421 7.71155e-09
-2.4 0.418421 5.04984e-09
-1.8 0.418421 2.90069e-09
-1.2 0.418421 1.26401e-09
-0.6 0.418421 1.53938e-10
0 0.418421 -3.67227e-10
0.6 0.418421 -1.81031e-10
1.2 0.418421 8.10642e-10
1.8 0.418421 2.61978e-09
2.4 0.418421 5.19699e-09
3 0.418421 8.46597e-09
3.6 0.418421 1.23382e-08
4.2 0.418421 1.67157e-08
4.8 0.418421 2.15002e-08
5.4 0.418421 2.66215e-08
6 0.418421 3.20762e-08
6.6 0.418421 3.79416e-08
7.2 0.418421 4.43236e-08
7.8 0.418421 5.12258e-08
8.4 0.418421 5.83952e-08
9 0.418421 6.53599e-08
9.6 0.418421 7.17717e-08
10.2 0.418421 7.75198e-08
10.8 0.418421 8.2637e-08
11.4 0.418421 8.71823e-08
12 0.418421 9.11712e-08
12.6 0.418421 9.45635e-08
13.2 0.418421 9.72889e-08
13.8 0.418421 9.92791e-08
14.4 0.418421 1.00487e-07
15 0.418421 1.00891e-07
15.6 0.418421 1.00488e-07
16.2 0.418421 9.92892e-08
16.8 0.418421 9.73145e-08
17.4 0.418421 9.45952e-08
18 0.418421 9.11736e-08
18.6 0.418421 8.7103e-08
19.2 0.418421 8.24476e-08
19.8 0.418421 7.7281e-08
20.4 0.418421 7.16846e-08
21 0.418421 6.57466e-08
21.6 0.418421 5.95603e-08
22.2 0.418421 5.32232e-08
22.8 0.418421 4.68363e-08
23.4 0.418421 4.0502e-08
24 0.418421 3.43214e-08
24.6 0.418421 2.839e-08
25.2 0.418421 2.27934e-08
25.8 0.418421 1.76092e-08
26.4 0.418421 1.29148e-08
27 0.418421 8.80187e-09
27.6 0.418421 5.38338e-09
28.2 0.418421 2.77871e-09
28.8 0.418421 1.06557e-09
29.4 0.418421 2.08535e-10
30 0.418421 -1.22719e-39
-30 0.471053 -1.22933e-39
-29.4 0.471053 1.94222e-10
-28.8 0.471053 1.01867e-09
-28.2 0.471053 2.69843e-09
-27.6 0.471053 5.28265e-09
-27 0.471053 8.6987e-09
-26.4 0.471053 1.28235e-08
-25.8 0.471053 1.75359e-08
-25.2 0.471053 2.27366e-08
-24.6 0.471053 2.83451e-08
-24 0.471053 3.42873e-08
-23.4 0.471053 4.04847e-08
-22.8 0.471053 4.68471e-08
-22.2 0.471053 5.32668e-08
-21.6 0.471053 5.96168e-08
-21 0.471053 6.57625e-08
-20.4 0.471053 7.15972e-08
-19.8 0.471053 7.70902e-08
-19.2 0.471053 8.23101e-08
-18.6 0.471053 8.73648e-08
-18 0.471053 9.22276e-08
-17.4 0.471053 9.65018e-08
-16.8 0.471053 9.92834e-08
-16.2 0.471053 9.93448e-08
-15.6 0.471053 9.5789e-08
-15 0.471053 8.91032e-08
-14.4 0.471053 8.17113e-08
-13.8 0.471053 7.60485e-08
-13.2 0.471053 7.26352e-08
-12.6 0.471053 7.06292e-08
-12 0.471053 6.88784e-08
-11.4 0.471053 6.65741e-08
-10.8 0.471053 6.34323e-08
-10.2 0.471053 5.95558e-08
-9.6 0.471053 5.51957e-08
-9 0.471053 5.05756e-08
-8.4 0.471053 4.58295e-08
-7.8 0.471053 4.10227e-08
-7.2 0.471053 3.61978e-08
-6.6 0.471053 3.14066e-08
-6 0.471053 2.67174e-08
-5.4 0.471053 2.22089e-08
-4.8 0.471053 1.79612e-08
-4.2 0.471053 1.40496e-08
-3.6 0.471053 1.054e-08
-3 0.471053 7.48279e-09
-2.4 0.471053 4.90667e-09
-1.8 0.471053 2.81846e-09
-1.2 0.471053 1.2159e-09
-0.6 0.471053 1.15172e-10
0 0.471053 -4.155e-10
0.6 0.471053 -2.49517e-10
1.2 0.471053 7.20273e-10
1.8 0.471053 2.51335e-09
2.4 0.471053 5.08243e-09
3 0.471053 8.34664e-09
3.6 0.471053 1.22088e-08
4.2 0.471053 1.65636e-08
4.8 0.471053 2.13128e-08
5.4 0.471053 2.63962e-08
6 0.471053 3.18268e-08
6.6 0.471053 3.76956e-08
7.2 0.471053 4.41114e-08
7.8 0.471053 5.10683e-08
8.4 0.471053 5.8303e-08
9 0.471053 6.53383e-08
9.6 0.471053 7.1815e-08
10.2 0.471053 7.76084e-08
10.8 0.471053 8.27456e-08
11.4 0.471053 8.72913e-08
12 0.471053 9.12727e-08
12.6 0.471053 9.46599e-08
13.2 0.471053 9.73866e-08
13.8 0.471053 9.93828e-08
14.4 0.471053 1.00597e-07
15 0.471053 1.01005e-07
15.6 0.471053 1.00602e-07
16.2 0.471053 9.93994e-08
16.8 0.471053 9.74197e-08
17.4 0.471053 9.46942e-08
18 0.471053 9.12651e-08
18.6 0.471053 8.71859e-08
19.2 0.471053 8.25206e-08
19.8 0.471053 7.73429e-08
20.4 0.471053 7.17344e-08
21 0.471053 6.57833e-08
21.6 0.471053 5.95833e-08
22.2 0.471053 5.32324e-08
22.8 0.471053 4.68321e-08
23.4 0.471053 4.04854e-08
24 0.471053 3.42931e-08
24.6 0.471053 2.83492e-08
25.2 0.471053 2.27375e-08
25.8 0.471053 1.75352e-08
26.4 0.471053 1.28227e-08
27 0.471053 8.69839e-09
27.6 0.471053 5.28271e-09
28.2 0.471053 2.69857e-09
28.8 0.471053 1.01876e-09
29.4 0.471053 1.9424e-10
30 0.471053 -1.22943e-39
-30 0.523684 -1.22984e-39
-29.4 0.523684 1.80573e-10
-28.8 0.523684 9.73529e-10
-28.2 0.523684 2.62024e-09
-27.6 0.523684 5.1832e-09
-27 0.523684 8.59516e-09
-26.4 0.523684 1.27302e-08
-25.8 0.523684 1.74598e-08
-25.2 0.523684 2.26781e-08
-24.6 0.523684 2.8302e-08
-24 0.523684 3.42587e-08
-23.4 0.523684 4.04721e-08
-22.8 0.523684 4.68518e-08
-22.2 0.523684 5.32853e-08
-21.6 0.523684 5.96383e-08
-21 0.523684 6.57742e-08
-20.4 0.523684 7.15972e-08
-19.8 0.523684 7.71012e-08
-19.2 0.523684 8.23819e-08
-18.6 0.523684 8.75535e-08
-18 0.523684 9.25543e-08
-17.4 0.523684 9.6907e-08
-16.8 0.523684 9.96077e-08
-16.2 0.523684 9.93572e-08
-15.6 0.523684 9.52603e-08
-15 0.523684 8.7894e-08
-14.4 0.523684 7.98308e-08
-13.8 0.523684 7.36542e-08
-13.2 0.523684 6.99737e-08
-12.6 0.523684 6.79487e-08
-12 0.523684 6.63544e-08
-11.4 0.523684 6.42807e-08
-10.8 0.523684 6.13619e-08
-10.2 0.523684 5.76638e-08
-9.6 0.523684 5.34421e-08
-9 0.523684 4.89452e-08
-8.4 0.523684 4.43299e-08
-7.8 0.523684 3.96703e-08
-7.2 0.523684 3.50051e-08
-6.6 0.523684 3.03763e-08
-6 0.523684 2.58447e-08
-5.4 0.523684 2.14852e-08
-4.8 0.523684 1.73772e-08
-4.2 0.523684 1.35962e-08
-3.6 0.523684 1.02065e-08
-3 0.523684 7.25437e-09
-2.4 0.523684 4.76339e-09
-1.8 0.523684 2.73563e-09
-1.2 0.523684 1.16693e-09
-0.6 0.523684 7.56528e-11
0 0.523684 -4.64023e-10
0.6 0.523684 -3.17451e-10
1.2 0.523684 6.31431e-10
1.8 0.523684 2.40943e-09
2.4 0.523684 4.97111e-09
3 0.523684 8.23085e-09
3.6 0.523684 1.20831e-08
4.2 0.523684 1.6416e-08
4.8 0.523684 2.11323e-08
5.4 0.523684 2.6182e-08
6 0.523684 3.15934e-08
6.6 0.523684 3.74688e-08
7.2 0.523684 4.39178e-08
7.8 0.523684 5.0925e-08
8.4 0.523684 5.82185e-08
9 0.523684 6.53185e-08
9.6 0.523684 7.18566e-08
10.2 0.523684 7.76949e-08
10.8 0.523684 8.28538e-08
11.4 0.523684 8.74017e-08
12 0.523684 9.13762e-08
12.6 0.523684 9.47576e-08
13.2 0.523684 9.74843e-08
13.8 0.523684 9.94854e-08
14.4 0.523684 1.00706e-07
15 0.523684 1.01118e-07
15.6 0.523684 1.00715e-07
16.2 0.523684 9.95097e-08
16.8 0.523684 9.75249e-08
17.4 0.523684 9.47929e-08
18 0.523684 9.13564e-08
18.6 0.523684 8.72685e-08
19.2 0.523684 8.25934e-08
19.8 0.523684 7.74046e-08
20.4 0.523684 7.17839e-08
21 0.523684 6.58197e-08
21.6 0.523684 5.96059e-08
22.2 0.523684 5.32413e-08
22.8 0.523684 4.68278e-08
23.4 0.523684 4.0469e-08
24 0.523684 3.4265e-08
24.6 0.523684 2.8308e-08
25.2 0.523684 2.26804e-08
25.8 0.523684 1.74594e-08
26.4 0.523684 1.27291e-08
27 0.523684 8.59452e-09
27.6 0.523684 5.18314e-09
28.2 0.523684 2.62041e-09
28.8 0.523684 9.73674e-10
29.4 0.523684 1.80618e-10
30 0.523684 -1.22986e-39
-30 0.576316 -1.22897e-39
-29.4 0.576316 1.67491e-10
-28.8 0.576316 9.29876e-10
-28.2 0.576316 2.54385e-09
-27.6 0.576316 5.08487e-09
-27 0.576316 8.49141e-09
-26.4 0.576316 1.26354e-08
-25.8 0.576316 1.73817e-08
-25.2 0.576316 2.2618e-08
-24.6 0.576316 2.82584e-08
-24 0.576316 3.4231e-08
-23.4 0.576316 4.04615e-08
-22.8 0.576316 4.68582e-08
-22.2 0.576316 5.3303e-08
-21.6 0.576316 5.96553e-08
-21 0.576316 6.5779e-08
-20.4 0.576316 7.15916e-08
-19.8 0.576316 7.71129e-08
-19.2 0.576316 8.24632e-08
-18.6 0.576316 8.77589e-08
-18 0.576316 9.28984e-08
-17.4 0.576316 9.7323e-08
-16.8 0.576316 9.9933e-08
-16.2 0.576316 9.93637e-08
-15.6 0.576316 9.47257e-08
-15 0.576316 8.66846e-08
-14.4 0.576316 7.79558e-08
-13.8 0.576316 7.12652e-08
-13.2 0.576316 6.73109e-08
-12.6 0.576316 6.52571e-08
-12 0.576316 6.38126e-08
-11.4 0.576316 6.19702e-08
-10.8 0.576316 5.92816e-08
-10.2 0.576316 5.57707e-08
-9.6 0.576316 5.16935e-08
-9 0.576316 4.73212e-08
-8.4 0.576316 4.28343e-08
-7.8 0.576316 3.83185e-08
-7.2 0.576316 3.38106e-08
-6.6 0.576316 2.93441e-08
-6 0.576316 2.49708e-08
-5.4 0.576316 2.07613e-08
-4.8 0.576316 1.67938e-08
-4.2 0.576316 1.31437e-08
-3.6 0.576316 9.87361e-09
-3 0.576316 7.02629e-09
-2.4 0.576316 4.61995e-09
-1.8 0.576316 2.65219e-09
-1.2 0.576316 1.11711e-09
-0.6 0.576316 3.53755e-11
0 0.576316 -5.12813e-10
0.6 0.576316 -3.84823e-10
1.2 0.576316 5.4416e-10
1.8 0.576316 2.30802e-09
2.4 0.576316 4.86287e-09
3 0.576316 8.11835e-09
3.6 0.576316 1.19609e-08
4.2 0.576316 1.6273e-08
4.8 0.576316 2.09591e-08
5.4 0.576316 2.59794e-08
6 0.576316 3.1376e-08
6.6 0.576316 3.72609e-08
7.2 0.576316 4.37424e-08
7.8 0.576316 5.07959e-08
8.4 0.576316 5.81419e-08
9 0.576316 6.53007e-08
9.6 0.576316 7.18968e-08
10.2 0.576316 7.77794e-08
10.8 0.576316 8.29613e-08
11.4 0.576316 8.75132e-08
12 0.576316 9.14816e-08
12.6 0.576316 9.48565e-08
13.2 0.576316 9.7582e-08
13.8 0.576316 9.95871e-08
14.4 0.576316 1.00814e-07
15 0.576316 1.0123e-07
15.6 0.576316 1.00828e-07
16.2 0.576316 9.96199e-08
16.8 0.576316 9.763e-08
17.4 0.576316 9.48915e-08
18 0.576316 9.14473e-08
18.6 0.576316 8.73508e-08
19.2 0.576316 8.26658e-08
19.8 0.576316 7.7466e-08
20.4 0.576316 7.18331e-08
21 0.576316 6.58557e-08
21.6 0.576316 5.96282e-08
22.2 0.576316 5.32499e-08
22.8 0.576316 4.68237e-08
23.4 0.576316 4.0453e-08
24 0.576316 3.4237e-08
24.6 0.576316 2.82663e-08
25.2 0.576316 2.2622e-08
25.8 0.576316 1.73819e-08
26.4 0.576316 1.26341e-08
27 0.576316 8.49038e-09
27.6 0.576316 5.08458e-09
28.2 0.576316 2.544e-09
28.8 0.576316 9.30078e-10
29.4 0.576316 1.67569e-10
30 0.576316 -1.22884e-39
-30 0.628947 -1.227e-39
-29.4 0.628947 1.54905e-10
-28.8 0.628947 8.87551e-10
-28.2 0.628947 2.4691e-09
-27.6 0.628947 4.98759e-09
-27 0.628947 8.38747e-09
-26.4 0.628947 1.25392e-08
-25.8 0.628947 1.73016e-08
-25.2 0.628947 2.25563e-08
-24.6 0.628947 2.82145e-08
-24 0.628947 3.42045e-08
-23.4 0.628947 4.04529e-08
-22.8 0.628947 4.68657e-08
-22.2 0.628947 5.33193e-08
-21.6 0.628947 5.96676e-08
-21 0.628947 6.57772e-08
-20.4 0.628947 7.15813e-08
-19.8 0.628947 7.71261e-08
-19.2 0.628947 8.25545e-08
-18.6 0.628947 8.79803e-08
-18 0.628947 9.32587e-08
-17.4 0.628947 9.77493e-08
-16.8 0.628947 1.0026e-07
-16.2 0.628947 9.93657e-08
-15.6 0.628947 9.41864e-08
-15 0.628947 8.5475e-08
-14.4 0.628947 7.6085e-08
-13.8 0.628947 6.88804e-08
-13.2 0.628947 6.46461e-08
-12.6 0.628947 6.25548e-08
-12 0.628947 6.12542e-08
-11.4 0.628947 5.96434e-08
-10.8 0.628947 5.7191e-08
-10.2 0.628947 5.38758e-08
-9.6 0.628947 4.99493e-08
-9 0.628947 4.57035e-08
-8.4 0.628947 4.13431e-08
-7.8 0.628947 3.69678e-08
-7.2 0.628947 3.26148e-08
-6.6 0.628947 2.83097e-08
-6 0.628947 2.40956e-08
-5.4 0.628947 2.00371e-08
-4.8 0.628947 1.6211e-08
-4.2 0.628947 1.2692e-08
-3.6 0.628947 9.54152e-09
-3 0.628947 6.79856e-09
-2.4 0.628947 4.47637e-09
-1.8 0.628947 2.56815e-09
-1.2 0.628947 1.06643e-09
-0.6 0.628947 -5.66403e-12
0 0.628947 -5.61865e-10
0.6 0.628947 -4.51605e-10
1.2 0.628947 4.58478e-10
1.8 0.628947 2.20905e-09
2.4 0.628947 4.75756e-09
3 0.628947 8.00894e-09
3.6 0.628947 1.18421e-08
4.2 0.628947 1.61346e-08
4.8 0.628947 2.07934e-08
5.4 0.628947 2.57885e-08
6 0.628947 3.11746e-08
6.6 0.628947 3.70715e-08
7.2 0.628947 4.3585e-08
7.8 0.628947 5.06807e-08
8.4 0.628947 5.80733e-08
9 0.628947 6.52852e-08
9.6 0.628947 7.19356e-08
10.2 0.628947 7.78618e-08
10.8 0.628947 8.3068e-08
11.4 0.628947 8.76254e-08
12 0.628947 9.15885e-08
12.6 0.628947 9.49567e-08
13.2 0.628947 9.76799e-08
13.8 0.628947 9.96881e-08
14.4 0.628947 1.0092e-07
15 0.628947 1.01341e-07
15.6 0.628947 1.0094e-07
16.2 0.628947 9.97301e-08
16.8 0.628947 9.77352e-08
17.4 0.628947 9.499e-08
18 0.628947 9.15381e-08
18.6 0.628947 8.74328e-08
19.2 0.628947 8.2738e-08
19.8 0.628947 7.75272e-08
20.4 0.628947 7.1882e-08
21 0.628947 6.58914e-08
21.6 0.628947 5.96502e-08
22.2 0.628947 5.32585e-08
22.8 0.628947 4.68197e-08
23.4 0.628947 4.04371e-08
24 0.628947 3.4209e-08
24.6 0.628947 2.82241e-08
25.2 0.628947 2.25624e-08
25.8 0.628947 1.73029e-08
26.4 0.628947 1.2538e-08
27 0.628947 8.38603e-09
27.6 0.628947 4.98696e-09
28.2 0.628947 2.46914e-09
28.8 0.628947 8.87784e-10
29.4 0.628947 1.55014e-10
30 0.628947 -1.22661e-39
-30 0.681579 -1.22409e-39
-29.4 0.681579 1.42762e-10
-28.8 0.681579 8.46425e-10
-28.2 0.681579 2.39584e-09
-27.6 0.681579 4.89129e-09
-27 0.681579 8.28335e-09
-26.4 0.681579 1.24416e-08
-25.8 0.681579 1.72195e-08
-25.2 0.681579 2.2493e-08
-24.6 0.681579 2.81702e-08
-24 0.681579 3.41793e-08
-23.4 0.681579 4.04463e-08
-22.8 0.681579 4.68743e-08
-22.2 0.681579 5.33338e-08
-21.6 0.681579 5.9675e-08
-21 0.681579 6.5769e-08
-20.4 0.681579 7.15669e-08
-19.8 0.681579 7.71414e-08
-19.2 0.681579 8.26556e-08
-18.6 0.681579 8.82171e-08
-18 0.681579 9.36343e-08
-17.4 0.681579 9.81854e-08
-16.8 0.681579 1.00589e-07
-16.2 0.681579 9.93643e-08
-15.6 0.681579 9.36433e-08
-15 0.681579 8.42652e-08
-14.4 0.681579 7.42176e-08
-13.8 0.681579 6.64985e-08
-13.2 0.681579 6.19788e-08
-12.6 0.681579 5.98423e-08
-12 0.681579 5.86801e-08
-11.4 0.681579 5.73009e-08
-10.8 0.681579 5.50901e-08
-10.2 0.681579 5.19784e-08
-9.6 0.681579 4.82088e-08
-9 0.681579 4.40917e-08
-8.4 0.681579 3.98565e-08
-7.8 0.681579 3.56187e-08
-7.2 0.681579 3.14181e-08
-6.6 0.681579 2.72734e-08
-6 0.681579 2.32187e-08
-5.4 0.681579 1.93124e-08
-4.8 0.681579 1.56286e-08
-4.2 0.681579 1.22413e-08
-3.6 0.681579 9.21025e-09
-3 0.681579 6.57123e-09
-2.4 0.681579 4.33263e-09
-1.8 0.681579 2.48349e-09
-1.2 0.681579 1.01488e-09
-0.6 0.681579 -4.74652e-11
0 0.681579 -6.11157e-10
0.6 0.681579 -5.17768e-10
1.2 0.681579 3.74387e-10
1.8 0.681579 2.11245e-09
2.4 0.681579 4.65501e-09
3 0.681579 7.90241e-09
3.6 0.681579 1.17266e-08
4.2 0.681579 1.60011e-08
4.8 0.681579 2.06355e-08
5.4 0.681579 2.56095e-08
6 0.681579 3.09893e-08
6.6 0.681579 3.69005e-08
7.2 0.681579 4.34453e-08
7.8 0.681579 5.05794e-08
8.4 0.681579 5.80128e-08
9 0.681579 6.52723e-08
9.6 0.681579 7.19735e-08
10.2 0.681579 7.79422e-08
10.8 0.681579 8.31736e-08
11.4 0.681579 8.77381e-08
12 0.681579 9.16968e-08
12.6 0.681579 9.50581e-08
13.2 0.681579 9.77781e-08
13.8 0.681579 9.97885e-08
14.4 0.681579 1.01026e-07
15 0.681579 1.01451e-07
15.6 0.681579 1.01052e-07
16.2 0.681579 9.98401e-08
16.8 0.681579 9.78404e-08
17.4 0.681579 9.50884e-08
18 0.681579 9.16286e-08
18.6 0.681579 8.75146e-08
19.2 0.681579 8.28099e-08
19.8 0.681579 7.7588e-08
20.4 0.681579 7.19306e-08
21 0.681579 6.59267e-08
21.6 0.681579 5.96719e-08
22.2 0.681579 5.3267e-08
22.8 0.681579 4.68158e-08
23.4 0.681579 4.04215e-08
24 0.681579 3.41809e-08
24.6 0.681579 2.81813e-08
25.2 0.681579 2.25016e-08
25.8 0.681579 1.72223e-08
26.4 0.681579 1.24407e-08
27 0.681579 8.28154e-09
27.6 0.681579 4.89023e-09
28.2 0.681579 2.39568e-09
28.8 0.681579 8.46639e-10
29.4 0.681579 1.42892e-10
30 0.681579 -1.22338e-39
-30 0.734211 -1.22035e-39
-29.4 0.734211 1.31021e-10
-28.8 0.734211 8.06395e-10
-28.2 0.734211 2.32395e-09
-27.6 0.734211 4.79586e-09
-27 0.734211 8.17902e-09
-26.4 0.734211 1.23427e-08
-25.8 0.734211 1.71355e-08
-25.2 0.734211 2.24283e-08
-24.6 0.734211 2.8126e-08
-24 0.734211 3.41554e-08
-23.4 0.734211 4.04415e-08
-22.8 0.734211 4.68834e-08
-22.2 0.734211 5.33461e-08
-21.6 0.734211 5.96771e-08
-21 0.734211 6.57545e-08
-20.4 0.734211 7.15489e-08
-19.8 0.734211 7.71592e-08
-19.2 0.734211 8.27666e-08
-18.6 0.734211 8.84686e-08
-18 0.734211 9.40246e-08
-17.4 0.734211 9.86311e-08
-16.8 0.734211 1.0092e-07
-16.2 0.734211 9.93605e-08
-15.6 0.734211 9.30972e-08
-15 0.734211 8.30553e-08
-14.4 0.734211 7.23529e-08
-13.8 0.734211 6.41187e-08
-13.2 0.734211 5.93085e-08
-12.6 0.734211 5.71198e-08
-12 0.734211 5.60909e-08
-11.4 0.734211 5.49433e-08
-10.8 0.734211 5.29791e-08
-10.2 0.734211 5.0078e-08
-9.6 0.734211 4.64715e-08
-9 0.734211 4.24857e-08
-8.4 0.734211 3.83748e-08
-7.8 0.734211 3.42717e-08
-7.2 0.734211 3.02207e-08
-6.6 0.734211 2.62352e-08
-6 0.734211 2.23401e-08
-5.4 0.734211 1.85871e-08
-4.8 0.734211 1.50466e-08
-4.2 0.734211 1.17914e-08
-3.6 0.734211 8.87986e-09
-3 0.734211 6.34434e-09
-2.4 0.734211 4.18876e-09
-1.8 0.734211 2.39818e-09
-1.2 0.734211 9.62444e-10
-0.6 0.734211 -9.00234e-11
0 0.734211 -6.60663e-10
0.6 0.734211 -5.83286e-10
1.2 0.734211 2.91871e-10
1.8 0.734211 2.01812e-09
2.4 0.734211 4.55507e-09
3 0.734211 7.79864e-09
3.6 0.734211 1.16143e-08
4.2 0.734211 1.58724e-08
4.8 0.734211 2.04856e-08
5.4 0.734211 2.54427e-08
6 0.734211 3.08202e-08
6.6 0.734211 3.67479e-08
7.2 0.734211 4.33231e-08
7.8 0.734211 5.04918e-08
8.4 0.734211 5.79606e-08
9 0.734211 6.52622e-08
9.6 0.734211 7.20105e-08
10.2 0.734211 7.80206e-08
10.8 0.734211 8.32779e-08
11.4 0.734211 8.7851e-08
12 0.734211 9.18063e-08
12.6 0.734211 9.51606e-08
13.2 0.734211 9.78768e-08
13.8 0.734211 9.98884e-08
14.4 0.734211 1.0113e-07
15 0.734211 1.0156e-07
15.6 0.734211 1.01163e-07
16.2 0.734211 9.99499e-08
16.8 0.734211 9.79455e-08
17.4 0.734211 9.51868e-08
18 0.734211 9.1719e-08
18.6 0.734211 8.7596e-08
19.2 0.734211 8.28815e-08
19.8 0.734211 7.76485e-08
20.4 0.734211 7.19788e-08
21 0.734211 6.59617e-08
21.6 0.734211 5.96934e-08
22.2 0.734211 5.32755e-08
22.8 0.734211 4.68121e-08
23.4 0.734211 4.0406e-08
24 0.734211 3.41527e-08
24.6 0.734211 2.81377e-08
25.2 0.734211 2.24395e-08
25.8 0.734211 1.71403e-08
26.4 0.734211 1.23424e-08
27 0.734211 8.17693e-09
27.6 0.734211 4.7943e-09
28.2 0.734211 2.32348e-09
28.8 0.734211 8.0652e-10
29.4 0.734211 1.31153e-10
30 0.734211 -1.21929e-39
-30 0.786842 -1.21586e-39
-29.4 0.786842 1.1965e-10
-28.8 0.786842 7.67372e-10
-28.2 0.786842 2.25333e-09
-27.6 0.786842 4.70122e-09
-27 0.786842 8.07443e-09
-26.4 0.786842 1.22424e-08
-25.8 0.786842 1.70498e-08
-25.2 0.786842 2.23623e-08
-24.6 0.786842 2.80817e-08
-24 0.786842 3.41329e-08
-23.4 0.786842 4.04383e-08
-22.8 0.786842 4.68928e-08
-22.2 0.786842 5.33559e-08
-21.6 0.786842 5.96741e-08
-21 0.786842 6.57342e-08
-20.4 0.786842 7.15279e-08
-19.8 0.786842 7.71801e-08
-19.2 0.786842 8.28874e-08
-18.6 0.786842 8.87345e-08
-18 0.786842 9.44291e-08
-17.4 0.786842 9.90863e-08
-16.8 0.786842 1.01255e-07
-16.2 0.786842 9.93551e-08
-15.6 0.786842 9.25487e-08
-15 0.786842 8.18451e-08
-14.4 0.786842 7.04902e-08
-13.8 0.786842 6.17401e-08
-13.2 0.786842 5.66349e-08
-12.6 0.786842 5.43875e-08
-12 0.786842 5.34874e-08
-11.4 0.786842 5.25711e-08
-10.8 0.786842 5.08579e-08
-10.2 0.786842 4.81743e-08
-9.6 0.786842 4.47368e-08
-9 0.786842 4.08853e-08
-8.4 0.786842 3.68981e-08
-7.8 0.786842 3.2927e-08
-7.2 0.786842 2.9023e-08
-6.6 0.786842 2.51951e-08
-6 0.786842 2.14598e-08
-5.4 0.786842 1.7861e-08
-4.8 0.786842 1.44649e-08
-4.2 0.786842 1.13425e-08
-3.6 0.786842 8.55037e-09
-3 0.786842 6.11793e-09
-2.4 0.786842 4.04478e-09
-1.8 0.786842 2.31224e-09
-1.2 0.786842 9.09113e-10
-0.6 0.786842 -1.3333e-10
0 0.786842 -7.10356e-10
0.6 0.786842 -6.48139e-10
1.2 0.786842 2.109e-10
1.8 0.786842 1.92597e-09
2.4 0.786842 4.45757e-09
3 0.786842 7.69747e-09
3.6 0.786842 1.15054e-08
4.2 0.786842 1.57488e-08
4.8 0.786842 2.03439e-08
5.4 0.786842 2.52882e-08
6 0.786842 3.06671e-08
6.6 0.786842 3.66134e-08
7.2 0.786842 4.32182e-08
7.8 0.786842 5.04178e-08
8.4 0.786842 5.79166e-08
9 0.786842 6.5255e-08
9.6 0.786842 7.20469e-08
10.2 0.786842 7.8097e-08
10.8 0.786842 8.33809e-08
11.4 0.786842 8.79638e-08
12 0.786842 9.19168e-08
12.6 0.786842 9.52643e-08
13.2 0.786842 9.7976e-08
13.8 0.786842 9.99881e-08
14.4 0.786842 1.01234e-07
15 0.786842 1.01669e-07
15.6 0.786842 1.01274e-07
16.2 0.786842 1.00059e-07
16.8 0.786842 9.80506e-08
17.4 0.786842 9.52852e-08
18 0.786842 9.18093e-08
18.6 0.786842 8.76773e-08
19.2 0.786842 8.29528e-08
19.8 0.786842 7.77087e-08
20.4 0.786842 7.20266e-08
21 0.786842 6.59963e-08
21.6 0.786842 5.97147e-08
22.2 0.786842 5.32839e-08
22.8 0.786842 4.68086e-08
23.4 0.786842 4.03906e-08
24 0.786842 3.41243e-08
24.6 0.786842 2.80934e-08
25.2 0.786842 2.23761e-08
25.8 0.786842 1.7057e-08
26.4 0.786842 1.22431e-08
27 0.786842 8.07223e-09
27.6 0.786842 4.69912e-09
28.2 0.786842 2.25243e-09
28.8 0.786842 7.67321e-10
29.4 0.786842 1.19755e-10
30 0.786842 -1.21447e-39
-30 0.839474 -1.21067e-39
-29.4 0.839474 1.08622e-10
-28.8 0.839474 7.29278e-10
-28.2 0.839474 2.18385e-09
-27.6 0.839474 4.60727e-09
-27 0.839474 7.96955e-09
-26.4 0.839474 1.21408e-08
-25.8 0.839474 1.69623e-08
-25.2 0.839474 2.22953e-08
-24.6 0.839474 2.80376e-08
-24 0.839474 3.41117e-08
-23.4 0.839474 4.04367e-08
-22.8 0.839474 4.69022e-08
-22.2 0.839474 5.3363e-08
-21.6 0.839474 5.96658e-08
-21 0.839474 6.57083e-08
-20.4 0.839474 7.15042e-08
-19.8 0.839474 7.72041e-08
-19.2 0.839474 8.30179e-08
-18.6 0.839474 8.90141e-08
-18 0.839474 9.48471e-08
-17.4 0.839474 9.95508e-08
-16.8 0.839474 1.01593e-07
-16.2 0.839474 9.93489e-08
-15.6 0.839474 9.19984e-08
-15 0.839474 8.06348e-08
-14.4 0.839474 6.8629e-08
-13.8 0.839474 5.9362e-08
-13.2 0.839474 5.39575e-08
-12.6 0.839474 5.16456e-08
-12 0.839474 5.08699e-08
-11.4 0.839474 5.01847e-08
-10.8 0.839474 4.87266e-08
-10.2 0.839474 4.62669e-08
-9.6 0.839474 4.30043e-08
-9 0.839474 3.92902e-08
-8.4 0.839474 3.54264e-08
-7.8 0.839474 3.15851e-08
-7.2 0.839474 2.78253e-08
-6.6 0.839474 2.41535e-08
-6 0.839474 2.05778e-08
-5.4 0.839474 1.71339e-08
-4.8 0.839474 1.38833e-08
-4.2 0.839474 1.08943e-08
-3.6 0.839474 8.22183e-09
-3 0.839474 5.89206e-09
-2.4 0.839474 3.9007e-09
-1.8 0.839474 2.22565e-09
-1.2 0.839474 8.54885e-10
-0.6 0.839474 -1.77375e-10
0 0.839474 -7.6021e-10
0.6 0.839474 -7.12315e-10
1.2 0.839474 1.31435e-10
1.8 0.839474 1.83589e-09
2.4 0.839474 4.36237e-09
3 0.839474 7.5988e-09
3.6 0.839474 1.13996e-08
4.2 0.839474 1.56303e-08
4.8 0.839474 2.02105e-08
5.4 0.839474 2.51462e-08
6 0.839474 3.05302e-08
6.6 0.839474 3.6497e-08
7.2 0.839474 4.31306e-08
7.8 0.839474 5.03575e-08
8.4 0.839474 5.78809e-08
9 0.839474 6.5251e-08
9.6 0.839474 7.20827e-08
10.2 0.839474 7.81715e-08
10.8 0.839474 8.34824e-08
11.4 0.839474 8.80765e-08
12 0.839474 9.20281e-08
12.6 0.839474 9.53691e-08
13.2 0.839474 9.80758e-08
13.8 0.839474 1.00088e-07
14.4 0.839474 1.01337e-07
15 0.839474 1.01776e-07
15.6 0.839474 1.01384e-07
16.2 0.839474 1.00169e-07
16.8 0.839474 9.81556e-08
17.4 0.839474 9.53835e-08
18 0.839474 9.18994e-08
18.6 0.839474 8.77583e-08
19.2 0.839474 8.30238e-08
19.8 0.839474 7.77684e-08
20.4 0.839474 7.2074e-08
21 0.839474 6.60306e-08
21.6 0.839474 5.97358e-08
22.2 0.839474 5.32924e-08
22.8 0.839474 4.68052e-08
23.4 0.839474 4.03754e-08
24 0.839474 3.40956e-08
24.6 0.839474 2.80483e-08
25.2 0.839474 2.23115e-08
25.8 0.839474 1.69723e-08
26.4 0.839474 1.2143e-08
27 0.839474 7.96746e-09
27.6 0.839474 4.60465e-09
28.2 0.839474 2.18242e-09
28.8 0.839474 7.28955e-10
29.4 0.839474 1.08665e-10
30 0.839474 -1.20899e-39
-30 0.892105 -1.20481e-39
-29.4 0.892105 9.79104e-11
-28.8 0.892105 6.92041e-10
-28.2 0.892105 2.11543e-09
-27.6 0.892105 4.51393e-09
-27 0.892105 7.86432e-09
-26.4 0.892105 1.2038e-08
-25.8 0.892105 1.68734e-08
-25.2 0.892105 2.22273e-08
-24.6 0.892105 2.79938e-08
-24 0.892105 3.40919e-08
-23.4 0.892105 4.04363e-08
-22.8 0.892105 4.69112e-08
-22.2 0.892105 5.3367e-08
-21.6 0.892105 5.96522e-08
-21 0.892105 6.5677e-08
-20.4 0.892105 7.14783e-08
-19.8 0.892105 7.72317e-08
-19.2 0.892105 8.31581e-08
-18.6 0.892105 8.93073e-08
-18 0.892105 9.52784e-08
-17.4 0.892105 1.00025e-07
-16.8 0.892105 1.01935e-07
-16.2 0.892105 9.93425e-08
-15.6 0.892105 9.14467e-08
-15 0.892105 7.94243e-08
-14.4 0.892105 6.67688e-08
-13.8 0.892105 5.69838e-08
-13.2 0.892105 5.12759e-08
-12.6 0.892105 4.88941e-08
-12 0.892105 4.82389e-08
-11.4 0.892105 4.77846e-08
-10.8 0.892105 4.65854e-08
-10.2 0.892105 4.43558e-08
-9.6 0.892105 4.12737e-08
-9 0.892105 3.77001e-08
-8.4 0.892105 3.39599e-08
-7.8 0.892105 3.02461e-08
-7.2 0.892105 2.6628e-08
-6.6 0.892105 2.31105e-08
-6 0.892105 1.96939e-08
-5.4 0.892105 1.64058e-08
-4.8 0.892105 1.33017e-08
-4.2 0.892105 1.0447e-08
-3.6 0.892105 7.89422e-09
-3 0.892105 5.66677e-09
-2.4 0.892105 3.75657e-09
-1.8 0.892105 2.13844e-09
-1.2 0.892105 7.99763e-10
-0.6 0.892105 -2.22143e-10
0 0.892105 -8.10206e-10
0.6 0.892105 -7.75812e-10
1.2 0.892105 5.34291e-11
1.8 0.892105 1.74777e-09
2.4 0.892105 4.26934e-09
3 0.892105 7.50253e-09
3.6 0.892105 1.12972e-08
4.2 0.892105 1.5517e-08
4.8 0.892105 2.00857e-08
5.4 0.892105 2.50167e-08
6 0.892105 3.04096e-08
6.6 0.892105 3.63986e-08
7.2 0.892105 4.30601e-08
7.8 0.892105 5.03108e-08
8.4 0.892105 5.78537e-08
9 0.892105 6.52503e-08
9.6 0.892105 7.21182e-08
10.2 0.892105 7.82441e-08
10.8 0.892105 8.35823e-08
11.4 0.892105 8.81887e-08
12 0.892105 9.214e-08
12.6 0.892105 9.54748e-08
13.2 0.892105 9.81762e-08
13.8 0.892105 1.00187e-07
14.4 0.892105 1.01439e-07
15 0.892105 1.01883e-07
15.6 0.892105 1.01494e-07
16.2 0.892105 1.00278e-07
16.8 0.892105 9.82605e-08
17.4 0.892105 9.54818e-08
18 0.892105 9.19895e-08
18.6 0.892105 8.78392e-08
19.2 0.892105 8.30944e-08
19.8 0.892105 7.78278e-08
20.4 0.892105 7.2121e-08
21 0.892105 6.60646e-08
21.6 0.892105 5.97567e-08
22.2 0.892105 5.33009e-08
22.8 0.892105 4.6802e-08
23.4 0.892105 4.03602e-08
24 0.892105 3.40667e-08
24.6 0.892105 2.80024e-08
25.2 0.892105 2.22457e-08
25.8 0.892105 1.68864e-08
26.4 0.892105 1.20421e-08
27 0.892105 7.86263e-09
27.6 0.892105 4.51081e-09
28.2 0.892105 2.11337e-09
28.8 0.892105 6.91344e-10
29.4 0.892105 9.78515e-11
30 0.892105 -1.20296e-39
-30 0.944737 -1.19832e-39
-29.4 0.944737 8.74931e-11
-28.8 0.944737 6.55592e-10
-28.2 0.944737 2.04794e-09
-27.6 0.944737 4.42108e-09
-27 0.944737 7.7587e-09
-26.4 0.944737 1.1934e-08
-25.8 0.944737 1.6783e-08
-25.2 0.944737 2.21585e-08
-24.6 0.944737 2.79504e-08
-24 0.944737 3.40734e-08
-23.4 0.944737 4.0437e-08
-22.8 0.944737 4.69196e-08
-22.2 0.944737 5.33678e-08
-21.6 0.944737 5.96333e-08
-21 0.944737 6.56406e-08
-20.4 0.944737 7.14505e-08
-19.8 0.944737 7.72629e-08
-19.2 0.944737 8.33078e-08
-18.6 0.944737 8.96136e-08
-18 0.944737 9.57225e-08
-17.4 0.944737 1.00508e-07
-16.8 0.944737 1.02281e-07
-16.2 0.944737 9.93364e-08
-15.6 0.944737 9.08941e-08
-15 0.944737 7.82136e-08
-14.4 0.944737 6.49092e-08
-13.8 0.944737 5.4605e-08
-13.2 0.944737 4.85898e-08
-12.6 0.944737 4.61332e-08
-12 0.944737 4.55947e-08
-11.4 0.944737 4.5371e-08
-10.8 0.944737 4.44343e-08
-10.2 0.944737 4.24406e-08
-9.6 0.944737 3.95447e-08
-9 0.944737 3.61148e-08
-8.4 0.944737 3.24985e-08
-7.8 0.944737 2.89104e-08
-7.2 0.944737 2.54313e-08
-6.6 0.944737 2.20662e-08
-6 0.944737 1.88083e-08
-5.4 0.944737 1.56766e-08
-4.8 0.944737 1.27201e-08
-4.2 0.944737 1.00004e-08
-3.6 0.944737 7.56756e-09
-3 0.944737 5.44207e-09
-2.4 0.944737 3.61242e-09
-1.8 0.944737 2.05062e-09
-1.2 0.944737 7.43761e-10
-0.6 0.944737 -2.67617e-10
0 0.944737 -8.60325e-10
0.6 0.944737 -8.38637e-10
1.2 0.944737 -2.31751e-11
1.8 0.944737 1.66149e-09
2.4 0.944737 4.17835e-09
3 0.944737 7.40857e-09
3.6 0.944737 1.11979e-08
4.2 0.944737 1.5409e-08
4.8 0.944737 1.99695e-08
5.4 0.944737 2.48999e-08
6 0.944737 3.03051e-08
6.6 0.944737 3.63182e-08
7.2 0.944737 4.30066e-08
7.8 0.944737 5.02776e-08
8.4 0.944737 5.7835e-08
9 0.944737 6.5253e-08
9.6 0.944737 7.21534e-08
10.2 0.944737 7.83148e-08
10.8 0.944737 8.36804e-08
11.4 0.944737 8.83004e-08
12 0.944737 9.22524e-08
12.6 0.944737 9.55815e-08
13.2 0.944737 9.82771e-08
13.8 0.944737 1.00286e-07
14.4 0.944737 1.01541e-07
15 0.944737 1.01988e-07
15.6 0.944737 1.01602e-07
16.2 0.944737 1.00386e-07
16.8 0.944737 9.83652e-08
17.4 0.944737 9.55801e-08
18 0.944737 9.20796e-08
18.6 0.944737 8.79199e-08
19.2 0.944737 8.31648e-08
19.8 0.944737 7.78868e-08
20.4 0.944737 7.21676e-08
21 0.944737 6.60983e-08
21.6 0.944737 5.97776e-08
22.2 0.944737 5.33095e-08
22.8 0.944737 4.67989e-08
23.4 0.944737 4.0345e-08
24 0.944737 3.40373e-08
24.6 0.944737 2.79557e-08
25.2 0.944737 2.21787e-08
25.8 0.944737 1.67993e-08
26.4 0.944737 1.19404e-08
27 0.944737 7.75774e-09
27.6 0.944737 4.41758e-09
28.2 0.944737 2.04519e-09
28.8 0.944737 6.54424e-10
29.4 0.944737 8.72906e-11
30 0.944737 -1.19641e-39
-30 0.997368 -1.1912e-39
-29.4 0.997368 7.73473e-11
-28.8 0.997368 6.19863e-10
-28.2 0.997368 1.98131e-09
-27.6 0.997368 4.32865e-09
-27 0.997368 7.65267e-09
-26.4 0.997368 1.18288e-08
-25.8 0.997368 1.66913e-08
-25.2 0.997368 2.2089e-08
-24.6 0.997368 2.79074e-08
-24 0.997368 3.4056e-08
-23.4 0.997368 4.04385e-08
-22.8 0.997368 4.69271e-08
-22.2 0.997368 5.33652e-08
-21.6 0.997368 5.96092e-08
-21 0.997368 6.55994e-08
-20.4 0.997368 7.14211e-08
-19.8 0.997368 7.7298e-08
-19.2 0.997368 8.3467e-08
-18.6 0.997368 8.99327e-08
-18 0.997368 9.61793e-08
-17.4 0.997368 1.01e-07
-16.8 0.997368 1.02632e-07
-16.2 0.997368 9.93312e-08
-15.6 0.997368 9.0341e-08
-15 0.997368 7.70029e-08
-14.4 0.997368 6.30499e-08
-13.8 0.997368 5.2225e-08
-13.2 0.997368 4.58989e-08
-12.6 0.997368 4.33627e-08
-12 0.997368 4.29377e-08
-11.4 0.997368 4.29444e-08
-10.8 0.997368 4.22735e-08
-10.2 0.997368 4.05212e-08
-9.6 0.997368 3.7817e-08
-9 0.997368 3.45342e-08
-8.4 0.997368 3.10422e-08
-7.8 0.997368 2.7578e-08
-7.2 0.997368 2.42354e-08
-6.6 0.997368 2.10208e-08
-6 0.997368 1.7921e-08
-5.4 0.997368 1.49461e-08
-4.8 0.997368 1.21382e-08
-4.2 0.997368 9.55443e-09
-3.6 0.997368 7.24182e-09
-3 0.997368 5.21801e-09
-2.4 0.997368 3.46828e-09
-1.8 0.997368 1.96221e-09
-1.2 0.997368 6.869e-10
-0.6 0.997368 -3.13776e-10
0 0.997368 -9.10554e-10
0.6 0.997368 -9.00804e-10
1.2 0.997368 -9.84399e-11
1.8 0.997368 1.57696e-09
2.4 0.997368 4.08927e-09
3 0.997368 7.31683e-09
3.6 0.997368 1.11019e-08
4.2 0.997368 1.53065e-08
4.8 0.997368 1.98622e-08
5.4 0.997368 2.4796e-08
6 0.997368 3.0217e-08
6.6 0.997368 3.62557e-08
7.2 0.997368 4.29702e-08
7.8 0.997368 5.02579e-08
8.4 0.997368 5.78248e-08
9 0.997368 6.52592e-08
9.6 0.997368 7.21885e-08
10.2 0.997368 7.83836e-08
10.8 0.997368 8.37768e-08
11.4 0.997368 8.84113e-08
12 0.997368 9.23652e-08
12.6 0.997368 9.5689e-08
13.2 0.997368 9.83788e-08
13.8 0.997368 1.00385e-07
14.4 0.997368 1.01642e-07
15 0.997368 1.02093e-07
15.6 0.997368 1.0171e-07
16.2 0.997368 1.00494e-07
16.8 0.997368 9.84698e-08
17.4 0.997368 9.56784e-08
18 0.997368 9.21696e-08
18.6 0.997368 8.80004e-08
19.2 0.997368 8.32348e-08
19.8 0.997368 7.79453e-08
20.4 0.997368 7.22139e-08
21 0.997368 6.61317e-08
21.6 0.997368 5.97983e-08
22.2 0.997368 5.33182e-08
22.8 0.997368 4.6796e-08
23.4 0.997368 4.03298e-08
24 0.997368 3.40076e-08
24.6 0.997368 2.79081e-08
25.2 0.997368 2.21105e-08
25.8 0.997368 1.67111e-08
26.4 0.997368 1.1838e-08
27 0.997368 7.6528e-09
27.6 0.997368 4.3249e-09
28.2 0.997368 1.97783e-09
28.8 0.997368 6.18138e-10
29.4 0.997368 7.69604e-11
30 0.997368 -1.18941e-39
-30 1.05 -1.1835e-39
-29.4 1.05 6.74512e-11
-28.8 1.05 5.84787e-10
-28.2 1.05 1.91542e-09
-27.6 1.05 4.23654e-09
-27 1.05 7.5462e-09
-26.4 1.05 1.17225e-08
-25.8 1.05 1.65984e-08
-25.2 1.05 2.20191e-08
-24.6 1.05 2.7865e-08
-24 1.05 3.40399e-08
-23.4 1.05 4.04407e-08
-22.8 1.05 4.69335e-08
-22.2 1.05 5.3359e-08
-21.6 1.05 5.95798e-08
-21 1.05 6.55535e-08
-20.4 1.05 7.13904e-08
-19.8 1.05 7.73371e-08
-19.2 1.05 8.36354e-08
-18.6 1.05 9.02643e-08
-18 1.05 9.66486e-08
-17.4 1.05 1.01501e-07
-16.8 1.05 1.02987e-07
-16.2 1.05 9.93273e-08
-15.6 1.05 8.97877e-08
-15 1.05 7.57919e-08
-14.4 1.05 6.11905e-08
-13.8 1.05 4.98435e-08
-13.2 1.05 4.3203e-08
-12.6 1.05 4.05827e-08
-12 1.05 4.0268e-08
-11.4 1.05 4.05049e-08
-10.8 1.05 4.0103e-08
-10.2 1.05 3.85975e-08
-9.6 1.05 3.60903e-08
-9 1.05 3.29581e-08
-8.4 1.05 2.9591e-08
-7.8 1.05 2.62491e-08
-7.2 1.05 2.30407e-08
-6.6 1.05 1.99746e-08
-6 1.05 1.70321e-08
-5.4 1.05 1.42144e-08
-4.8 1.05 1.1556e-08
-4.2 1.05 9.10902e-09
-3.6 1.05 6.91698e-09
-3 1.05 4.99459e-09
-2.4 1.05 3.32417e-09
-1.8 1.05 1.87326e-09
-1.2 1.05 6.29206e-10
-0.6 1.05 -3.60599e-10
0 1.05 -9.60884e-10
0.6 1.05 -9.62333e-10
1.2 1.05 -1.72432e-10
1.8 1.05 1.49405e-09
2.4 1.05 4.00199e-09
3 1.05 7.22726e-09
3.6 1.05 1.10092e-08
4.2 1.05 1.52096e-08
4.8 1.05 1.97639e-08
5.4 1.05 2.47051e-08
6 1.05 3.01452e-08
6.6 1.05 3.62111e-08
7.2 1.05 4.29506e-08
7.8 1.05 5.02517e-08
8.4 1.05 5.78233e-08
9 1.05 6.52691e-08
9.6 1.05 7.22235e-08
10.2 1.05 7.84506e-08
10.8 1.05 8.38712e-08
11.4 1.05 8.85212e-08
12 1.05 9.24782e-08
12.6 1.05 9.57973e-08
13.2 1.05 9.8481e-08
13.8 1.05 1.00485e-07
14.4 1.05 1.01743e-07
15 1.05 1.02197e-07
15.6 1.05 1.01817e-07
16.2 1.05 1.00601e-07
16.8 1.05 9.85742e-08
17.4 1.05 9.57766e-08
18 1.05 9.22596e-08
18.6 1.05 8.80807e-08
19.2 1.05 8.33045e-08
19.8 1.05 7.80035e-08
20.4 1.05 7.22597e-08
21 1.05 6.61648e-08
21.6 1.05 5.98189e-08
22.2 1.05 5.3327e-08
22.8 1.05 4.67932e-08
23.4 1.05 4.03146e-08
24 1.05 3.39775e-08
24.6 1.05 2.78596e-08
25.2 1.05 2.20412e-08
25.8 1.05 1.66217e-08
26.4 1.05 1.17349e-08
27 1.05 7.5478e-09
27.6 1.05 4.23273e-09
28.2 1.05 1.91121e-09
28.8 1.05 5.82436e-10
29.4 1.05 6.6842e-11
30 1.05 -1.18201e-39
