-30 0.05 0
-29.4 0.05 0
-28.8 0.05 0
-28.2 0.05 0
-27.6 0.05 0
-27 0.05 0
-26.4 0.05 0
-25.8 0.05 0
-25.2 0.05 0
-24.6 0.05 0
-24 0.05 0
-23.4 0.05 0
-22.8 0.05 0
-22.2 0.05 0
-21.6 0.05 0
-21 0.05 0
-20.4 0.05 0
-19.8 0.05 0
-19.2 0.05 0
-18.6 0.05 0
-18 0.05 0
-17.4 0.05 0
-16.8 0.05 0
-16.2 0.05 0
-15.6 0.05 0
-15 0.05 0
-14.4 0.05 0
-13.8 0.05 0
-13.2 0.05 0
-12.6 0.05 0
-12 0.05 0
-11.4 0.05 0
-10.8 0.05 0
-10.2 0.05 0
-9.6 0.05 0
-9 0.05 0
-8.4 0.05 0
-7.8 0.05 0
-7.2 0.05 0
-6.6 0.05 0
-6 0.05 0
-5.4 0.05 0
-4.8 0.05 0
-4.2 0.05 0
-3.6 0.05 0
-3 0.05 0
-2.4 0.05 0
-1.8 0.05 0
-1.2 0.05 0
-0.6 0.05 0
0 0.05 0
0.6 0.05 1.84816e-06
1.2 0.05 2.76984e-07
1.8 0.05 -2.468e-06
2.4 0.05 -6.16388e-06
3 0.05 -1.04207e-05
3.6 0.05 -1.47597e-05
4.2 0.05 -1.88062e-05
4.8 0.05 -2.25633e-05
5.4 0.05 -2.66521e-05
6 0.05 -3.23388e-05
6.6 0.05 -4.12046e-05
7.2 0.05 -5.44756e-05
7.8 0.05 -7.22842e-05
8.4 0.05 0
9 0.05 0
9.6 0.05 0
10.2 0.05 0
10.8 0.05 0
11.4 0.05 0
12 0.05 0
12.6 0.05 0
13.2 0.05 0
13.8 0.05 0
14.4 0.05 0
15 0.05 0
15.6 0.05 0
16.2 0.05 0
16.8 0.05 0
17.4 0.05 0
18 0.05 0
18.6 0.05 0
19.2 0.05 0
19.8 0.05 0
20.4 0.05 0
21 0.05 0
21.6 0.05 0
22.2 0.05 0
22.8 0.05 0
23.4 0.05 0
24 0.05 0
24.6 0.05 0
25.2 0.05 0
25.8 0.05 0
26.4 0.05 0
27 0.05 0
27.6 0.05 0
28.2 0.05 0
28.8 0.05 0
29.4 0.05 0
30 0.05 0
-30 0.102632 0
-29.4 0.102632 0
-28.8 0.102632 0
-28.2 0.102632 0
-27.6 0.102632 0
-27 0.102632 0
-26.4 0.102632 0
-25.8 0.102632 0
-25.2 0.102632 0
-24.6 0.102632 0
-24 0.102632 0
-23.4 0.102632 0
-22.8 0.102632 0
-22.2 0.102632 0
-21.6 0.102632 0
-21 0.102632 0
-20.4 0.102632 0
-19.8 0.102632 0
-19.2 0.102632 0
-18.6 0.102632 0
-18 0.102632 0
-17.4 0.102632 0
-16.8 0.102632 0
-16.2 0.102632 0
-15.6 0.102632 0
-15 0.102632 0
-14.4 0.102632 0
-13.8 0.102632 0
-13.2 0.102632 0
-12.6 0.102632 0
-12 0.102632 0
-11.4 0.102632 0
-10.8 0.102632 0
-10.2 0.102632 0
-9.6 0.102632 0
-9 0.102632 0
-8.4 0.102632 0
-7.8 0.102632 0
-7.2 0.102632 0
-6.6 0.102632 0
-6 0.102632 0
-5.4 0.102632 0
-4.8 0.102632 0
-4.2 0.102632 0
-3.6 0.102632 0
-3 0.102632 0
-2.4 0.102632 0
-1.8 0.102632 0
-1.2 0.102632 0
-0.6 0.102632 0
0 0.102632 0
0.6 0.102632 1.73889e-06
1.2 0.102632 3.01283e-07
1.8 0.102632 -2.24053e-06
2.4 0.102632 -5.68592e-06
3 0.102632 -9.66841e-06
3.6 0.102632 -1.37229e-05
4.2 0.102632 -1.74692e-05
4.8 0.102632 -2.08859e-05
5.4 0.102632 -2.45611e-05
6 0.102632 -2.97347e-05
6.6 0.102632 -3.79807e-05
7.2 0.102632 -5.0538e-05
7.8 0.102632 -6.75651e-05
8.4 0.102632 -8.77779e-05
9 0.102632 0
9.6 0.102632 0
10.2 0.102632 0
10.8 0.102632 0
11.4 0.102632 0
12 0.102632 0
12.6 0.102632 0
13.2 0.102632 0
13.8 0.102632 0
14.4 0.102632 0
15 0.102632 0
15.6 0.102632 0
16.2 0.102632 0
16.8 0.102632 0
17.4 0.102632 0
18 0.102632 0
18.6 0.102632 0
19.2 0.102632 0
19.8 0.102632 0
20.4 0.102632 0
21 0.102632 0
21.6 0.102632 0
22.2 0.102632 0
22.8 0.102632 0
23.4 0.102632 0
24 0.102632 0
24.6 0.102632 0
25.2 0.102632 0
25.8 0.102632 0
26.4 0.102632 0
27 0.102632 0
27.6 0.102632 0
28.2 0.102632 0
28.8 0.102632 0
29.4 0.102632 0
30 0.102632 0
-30 0.155263 0
-29.4 0.155263 0
-28.8 0.155263 0
-28.2 0.155263 0
-27.6 0.155263 0
-27 0.155263 0
-26.4 0.155263 0
-25.8 0.155263 0
-25.2 0.155263 0
-24.6 0.155263 0
-24 0.155263 0
-23.4 0.155263 0
-22.8 0.155263 0
-22.2 0.155263 0
-21.6 0.155263 0
-21 0.155263 0
-20.4 0.155263 0
-19.8 0.155263 0
-19.2 0.155263 0
-18.6 0.155263 0
-18 0.155263 0
-17.4 0.155263 0
-16.8 0.155263 0
-16.2 0.155263 0
-15.6 0.155263 0
-15 0.155263 0
-14.4 0.155263 0
-13.8 0.155263 0
-13.2 0.155263 0
-12.6 0.155263 0
-12 0.155263 0
-11.4 0.155263 0
-10.8 0.155263 0
-10.2 0.155263 0
-9.6 0.155263 0
-9 0.155263 0
-8.4 0.155263 0
-7.8 0.155263 0
-7.2 0.155263 0
-6.6 0.155263 0
-6 0.155263 0
-5.4 0.155263 0
-4.8 0.155263 0
-4.2 0.155263 0
-3.6 0.155263 0
-3 0.155263 0
-2.4 0.155263 0
-1.8 0.155263 0
-1.2 0.155263 0
-0.6 0.155263 0
0 0.155263 0
0.6 0.155263 1.63167e-06
1.2 0.155263 3.20277e-07
1.8 0.155263 -2.02851e-06
2.4 0.155263 -5.23493e-06
3 0.155263 -8.95436e-06
3.6 0.155263 -1.27352e-05
4.2 0.155263 -1.61949e-05
4.8 0.155263 -1.92934e-05
5.4 0.155263 -2.25887e-05
6 0.155263 -2.72895e-05
6.6 0.155263 -3.49459e-05
7.2 0.155263 -4.67915e-05
7.8 0.155263 -6.30059e-05
8.4 0.155263 -8.23467e-05
9 0.155263 0
9.6 0.155263 0
10.2 0.155263 0
10.8 0.155263 0
11.4 0.155263 0
12 0.155263 0
12.6 0.155263 0
13.2 0.155263 0
13.8 0.155263 0
14.4 0.155263 0
15 0.155263 0
15.6 0.155263 0
16.2 0.155263 0
16.8 0.155263 0
17.4 0.155263 0
18 0.155263 0
18.6 0.155263 0
19.2 0.155263 0
19.8 0.155263 0
20.4 0.155263 0
21 0.155263 0
21.6 0.155263 0
22.2 0.155263 0
22.8 0.155263 0
23.4 0.155263 0
24 0.155263 0
24.6 0.155263 0
25.2 0.155263 0
25.8 0.155263 0
26.4 0.155263 0
27 0.155263 0
27.6 0.155263 0
28.2 0.155263 0
28.8 0.155263 0
29.4 0.155263 0
30 0.155263 0
-30 0.207895 0
-29.4 0.207895 0
-28.8 0.207895 0
-28.2 0.207895 0
-27.6 0.207895 0
-27 0.207895 0
-26.4 0.207895 0
-25.8 0.207895 0
-25.2 0.207895 0
-24.6 0.207895 0
-24 0.207895 0
-23.4 0.207895 0
-22.8 0.207895 0
-22.2 0.207895 0
-21.6 0.207895 0
-21 0.207895 0
-20.4 0.207895 0
-19.8 0.207895 0
-19.2 0.207895 0
-18.6 0.207895 0
-18 0.207895 0
-17.4 0.207895 0
-16.8 0.207895 0
-16.2 0.207895 0
-15.6 0.207895 0
-15 0.207895 0
-14.4 0.207895 0
-13.8 0.207895 0
-13.2 0.207895 0
-12.6 0.207895 0
-12 0.207895 0
-11.4 0.207895 0
-10.8 0.207895 0
-10.2 0.207895 0
-9.6 0.207895 0
-9 0.207895 0
-8.4 0.207895 0
-7.8 0.207895 0
-7.2 0.207895 0
-6.6 0.207895 0
-6 0.207895 0
-5.4 0.207895 0
-4.8 0.207895 0
-4.2 0.207895 0
-3.6 0.207895 0
-3 0.207895 0
-2.4 0.207895 0
-1.8 0.207895 0
-1.2 0.207895 0
-0.6 0.207895 0
0 0.207895 0
0.6 0.207895 1.52641e-06
1.2 0.207895 3.33953e-07
1.8 0.207895 -1.83139e-06
2.4 0.207895 -4.80907e-06
3 0.207895 -8.27503e-06
3.6 0.207895 -1.17919e-05
4.2 0.207895 -1.49784e-05
4.8 0.207895 -1.77797e-05
5.4 0.207895 -2.07257e-05
6 0.207895 -2.49897e-05
6.6 0.207895 -3.20888e-05
7.2 0.207895 -4.32363e-05
7.8 0.207895 -5.8616e-05
8.4 0.207895 -7.70283e-05
9 0.207895 0
9.6 0.207895 0
10.2 0.207895 0
10.8 0.207895 0
11.4 0.207895 0
12 0.207895 0
12.6 0.207895 0
13.2 0.207895 0
13.8 0.207895 0
14.4 0.207895 0
15 0.207895 0
15.6 0.207895 0
16.2 0.207895 0
16.8 0.207895 0
17.4 0.207895 0
18 0.207895 0
18.6 0.207895 0
19.2 0.207895 0
19.8 0.207895 0
20.4 0.207895 0
21 0.207895 0
21.6 0.207895 0
22.2 0.207895 0
22.8 0.207895 0
23.4 0.207895 0
24 0.207895 0
24.6 0.207895 0
25.2 0.207895 0
25.8 0.207895 0
26.4 0.207895 0
27 0.207895 0
27.6 0.207895 0
28.2 0.207895 0
28.8 0.207895 0
29.4 0.207895 0
30 0.207895 0
-30 0.260526 0
-29.4 0.260526 0
-28.8 0.260526 0
-28.2 0.260526 0
-27.6 0.260526 0
-27 0.260526 0
-26.4 0.260526 0
-25.8 0.260526 0
-25.2 0.260526 0
-24.6 0.260526 0
-24 0.260526 0
-23.4 0.260526 0
-22.8 0.260526 0
-22.2 0.260526 0
-21.6 0.260526 0
-21 0.260526 0
-20.4 0.260526 0
-19.8 0.260526 0
-19.2 0.260526 0
-18.6 0.260526 0
-18 0.260526 0
-17.4 0.260526 0
-16.8 0.260526 0
-16.2 0.260526 0
-15.6 0.260526 0
-15 0.260526 0
-14.4 0.260526 0
-13.8 0.260526 0
-13.2 0.260526 0
-12.6 0.260526 0
-12 0.260526 0
-11.4 0.260526 0
-10.8 0.260526 0
-10.2 0.260526 0
-9.6 0.260526 0
-9 0.260526 0
-8.4 0.260526 0
-7.8 0.260526 0
-7.2 0.260526 0
-6.6 0.260526 0
-6 0.260526 0
-5.4 0.260526 0
-4.8 0.260526 0
-4.2 0.260526 0
-3.6 0.260526 0
-3 0.260526 0
-2.4 0.260526 0
-1.8 0.260526 0
-1.2 0.260526 0
-0.6 0.260526 0
0 0.260526 0
0.6 0.260526 1.42296e-06
1.2 0.260526 3.42347e-07
1.8 0.260526 -1.64848e-06
2.4 0.260526 -4.4065e-06
3 0.260526 -7.62722e-06
3.6 0.260526 -1.08886e-05
4.2 0.260526 -1.38143e-05
4.8 0.260526 -1.63391e-05
5.4 0.260526 -1.89657e-05
6 0.260526 -2.28263e-05
6.6 0.260526 -2.93916e-05
7.2 0.260526 -3.9841e-05
7.8 0.260526 -5.43606e-05
8.4 0.260526 -7.18017e-05
9 0.260526 0
9.6 0.260526 0
10.2 0.260526 0
10.8 0.260526 0
11.4 0.260526 0
12 0.260526 0
12.6 0.260526 0
13.2 0.260526 0
13.8 0.260526 0
14.4 0.260526 0
15 0.260526 0
15.6 0.260526 0
16.2 0.260526 0
16.8 0.260526 0
17.4 0.260526 0
18 0.260526 0
18.6 0.260526 0
19.2 0.260526 0
19.8 0.260526 0
20.4 0.260526 0
21 0.260526 0
21.6 0.260526 0
22.2 0.260526 0
22.8 0.260526 0
23.4 0.260526 0
24 0.260526 0
24.6 0.260526 0
25.2 0.260526 0
25.8 0.260526 0
26.4 0.260526 0
27 0.260526 0
27.6 0.260526 0
28.2 0.260526 0
28.8 0.260526 0
29.4 0.260526 0
30 0.260526 0
-30 0.313158 0
-29.4 0.313158 0
-28.8 0.313158 0
-28.2 0.313158 0
-27.6 0.313158 0
-27 0.313158 0
-26.4 0.313158 0
-25.8 0.313158 0
-25.2 0.313158 0
-24.6 0.313158 0
-24 0.313158 0
-23.4 0.313158 0
-22.8 0.313158 0
-22.2 0.313158 0
-21.6 0.313158 0
-21 0.313158 0
-20.4 0.313158 0
-19.8 0.313158 0
-19.2 0.313158 0
-18.6 0.313158 0
-18 0.313158 0
-17.4 0.313158 0
-16.8 0.313158 0
-16.2 0.313158 0
-15.6 0.313158 0
-15 0.313158 0
-14.4 0.313158 0
-13.8 0.313158 0
-13.2 0.313158 0
-12.6 0.313158 0
-12 0.313158 0
-11.4 0.313158 0
-10.8 0.313158 0
-10.2 0.313158 0
-9.6 0.313158 0
-9 0.313158 0
-8.4 0.313158 0
-7.8 0.313158 0
-7.2 0.313158 0
-6.6 0.313158 0
-6 0.313158 0
-5.4 0.313158 0
-4.8 0.313158 0
-4.2 0.313158 0
-3.6 0.313158 0
-3 0.313158 0
-2.4 0.313158 0
-1.8 0.313158 0
-1.2 0.313158 0
-0.6 0.313158 0
0 0.313158 0
0.6 0.313158 1.32115e-06
1.2 0.313158 3.45548e-07
1.8 0.313158 -1.47899e-06
2.4 0.313158 -4.02538e-06
3 0.313158 -7.00791e-06
3.6 0.313158 -1.00214e-05
4.2 0.313158 -1.26979e-05
4.8 0.313158 -1.4966e-05
5.4 0.313158 -1.73013e-05
6 0.313158 -2.07882e-05
6.6 0.313158 -2.68399e-05
7.2 0.313158 -3.65919e-05
7.8 0.313158 -5.02293e-05
8.4 0.313158 -6.66599e-05
9 0.313158 0
9.6 0.313158 0
10.2 0.313158 0
10.8 0.313158 0
11.4 0.313158 0
12 0.313158 0
12.6 0.313158 0
13.2 0.313158 0
13.8 0.313158 0
14.4 0.313158 0
15 0.313158 0
15.6 0.313158 0
16.2 0.313158 0
16.8 0.313158 0
17.4 0.313158 0
18 0.313158 0
18.6 0.313158 0
19.2 0.313158 0
19.8 0.313158 0
20.4 0.313158 0
21 0.313158 0
21.6 0.313158 0
22.2 0.313158 0
22.8 0.313158 0
23.4 0.313158 0
24 0.313158 0
24.6 0.313158 0
25.2 0.313158 0
25.8 0.313158 0
26.4 0.313158 0
27 0.313158 0
27.6 0.313158 0
28.2 0.313158 0
28.8 0.313158 0
29.4 0.313158 0
30 0.313158 0
-30 0.365789 0
-29.4 0.365789 0
-28.8 0.365789 0
-28.2 0.365789 0
-27.6 0.365789 0
-27 0.365789 0
-26.4 0.365789 0
-25.8 0.365789 0
-25.2 0.365789 0
-24.6 0.365789 0
-24 0.365789 0
-23.4 0.365789 0
-22.8 0.365789 0
-22.2 0.365789 0
-21.6 0.365789 0
-21 0.365789 0
-20.4 0.365789 0
-19.8 0.365789 0
-19.2 0.365789 0
-18.6 0.365789 0
-18 0.365789 0
-17.4 0.365789 0
-16.8 0.365789 0
-16.2 0.365789 0
-15.6 0.365789 0
-15 0.365789 0
-14.4 0.365789 0
-13.8 0.365789 0
-13.2 0.365789 0
-12.6 0.365789 0
-12 0.365789 0
-11.4 0.365789 0
-10.8 0.365789 0
-10.2 0.365789 0
-9.6 0.365789 0
-9 0.365789 0
-8.4 0.365789 0
-7.8 0.365789 0
-7.2 0.365789 0
-6.6 0.365789 0
-6 0.365789 0
-5.4 0.365789 0
-4.8 0.365789 0
-4.2 0.365789 0
-3.6 0.365789 0
-3 0.365789 0
-2.4 0.365789 0
-1.8 0.365789 0
-1.2 0.365789 0
-0.6 0.365789 0
0 0.365789 0
0.6 0.365789 1.22077e-06
1.2 0.365789 3.43688e-07
1.8 0.365789 -1.32209e-06
2.4 0.365789 -3.66382e-06
3 0.365789 -6.41419e-06
3.6 0.365789 -9.18656e-06
4.2 0.365789 -1.16252e-05
4.8 0.365789 -1.36552e-05
5.4 0.365789 -1.57249e-05
6 0.365789 -1.88647e-05
6.6 0.365789 -2.44207e-05
7.2 0.365789 -3.34759e-05
7.8 0.365789 -4.62114e-05
8.4 0.365789 -6.15963e-05
9 0.365789 0
9.6 0.365789 0
10.2 0.365789 0
10.8 0.365789 0
11.4 0.365789 0
12 0.365789 0
12.6 0.365789 0
13.2 0.365789 0
13.8 0.365789 0
14.4 0.365789 0
15 0.365789 0
15.6 0.365789 0
16.2 0.365789 0
16.8 0.365789 0
17.4 0.365789 0
18 0.365789 0
18.6 0.365789 0
19.2 0.365789 0
19.8 0.365789 0
20.4 0.365789 0
21 0.365789 0
21.6 0.365789 0
22.2 0.365789 0
22.8 0.365789 0
23.4 0.365789 0
24 0.365789 0
24.6 0.365789 0
25.2 0.365789 0
25.8 0.365789 0
26.4 0.365789 0
27 0.365789 0
27.6 0.365789 0
28.2 0.365789 0
28.8 0.365789 0
29.4 0.365789 0
30 0.365789 0
-30 0.418421 0
-29.4 0.418421 0
-28.8 0.418421 0
-28.2 0.418421 0
-27.6 0.418421 0
-27 0.418421 0
-26.4 0.418421 0
-25.8 0.418421 0
-25.2 0.418421 0
-24.6 0.418421 0
-24 0.418421 0
-23.4 0.418421 0
-22.8 0.418421 0
-22.2 0.418421 0
-21.6 0.418421 0
-21 0.418421 0
-20.4 0.418421 0
-19.8 0.418421 0
-19.2 0.418421 0
-18.6 0.418421 0
-18 0.418421 0
-17.4 0.418421 0
-16.8 0.418421 0
-16.2 0.418421 0
-15.6 0.418421 0
-15 0.418421 0
-14.4 0.418421 0
-13.8 0.418421 0
-13.2 0.418421 0
-12.6 0.418421 0
-12 0.418421 0
-11.4 0.418421 0
-10.8 0.418421 0
-10.2 0.418421 0
-9.6 0.418421 0
-9 0.418421 0
-8.4 0.418421 0
-7.8 0.418421 0
-7.2 0.418421 0
-6.6 0.418421 0
-6 0.418421 0
-5.4 0.418421 0
-4.8 0.418421 0
-4.2 0.418421 0
-3.6 0.418421 0
-3 0.418421 0
-2.4 0.418421 0
-1.8 0.418421 0
-1.2 0.418421 0
-0.6 0.418421 0
0 0.418421 0
0.6 0.418421 1.12165e-06
1.2 0.418421 3.3696e-07
1.8 0.418421 -1.17684e-06
2.4 0.418421 -3.32e-06
3 0.418421 -5.84341e-06
3.6 0.418421 -8.38089e-06
4.2 0.418421 -1.05921e-05
4.8 0.418421 -1.24015e-05
5.4 0.418421 -1.42287e-05
6 0.418421 -1.70455e-05
6.6 0.418421 -2.21218e-05
7.2 0.418421 -3.04807e-05
7.8 0.418421 -4.22965e-05
8.4 0.418421 -5.66041e-05
9 0.418421 0
9.6 0.418421 0
10.2 0.418421 0
10.8 0.418421 0
11.4 0.418421 0
12 0.418421 0
12.6 0.418421 0
13.2 0.418421 0
13.8 0.418421 0
14.4 0.418421 0
15 0.418421 0
15.6 0.418421 0
16.2 0.418421 0
16.8 0.418421 0
17.4 0.418421 0
18 0.418421 0
18.6 0.418421 0
19.2 0.418421 0
19.8 0.418421 0
20.4 0.418421 0
21 0.418421 0
21.6 0.418421 0
22.2 0.418421 0
22.8 0.418421 0
23.4 0.418421 0
24 0.418421 0
24.6 0.418421 0
25.2 0.418421 0
25.8 0.418421 0
26.4 0.418421 0
27 0.418421 0
27.6 0.418421 0
28.2 0.418421 0
28.8 0.418421 0
29.4 0.418421 0
30 0.418421 0
-30 0.471053 0
-29.4 0.471053 0
-28.8 0.471053 0
-28.2 0.471053 0
-27.6 0.471053 0
-27 0.471053 0
-26.4 0.471053 0
-25.8 0.471053 0
-25.2 0.471053 0
-24.6 0.471053 0
-24 0.471053 0
-23.4 0.471053 0
-22.8 0.471053 0
-22.2 0.471053 0
-21.6 0.471053 0
-21 0.471053 0
-20.4 0.471053 0
-19.8 0.471053 0
-19.2 0.471053 0
-18.6 0.471053 0
-18 0.471053 0
-17.4 0.471053 0
-16.8 0.471053 0
-16.2 0.471053 0
-15.6 0.471053 0
-15 0.471053 0
-14.4 0.471053 0
-13.8 0.471053 0
-13.2 0.471053 0
-12.6 0.471053 0
-12 0.471053 0
-11.4 0.471053 0
-10.8 0.471053 0
-10.2 0.471053 0
-9.6 0.471053 0
-9 0.471053 0
-8.4 0.471053 0
-7.8 0.471053 0
-7.2 0.471053 0
-6.6 0.471053 0
-6 0.471053 0
-5.4 0.471053 0
-4.8 0.471053 0
-4.2 0.471053 0
-3.6 0.471053 0
-3 0.471053 0
-2.4 0.471053 0
-1.8 0.471053 0
-1.2 0.471053 0
-0.6 0.471053 0
0 0.471053 0
0.6 0.471053 1.02362e-06
1.2 0.471053 3.25615e-07
1.8 0.471053 -1.0423e-06
2.4 0.471053 -2.99212e-06
3 0.471053 -5.2931e-06
3.6 0.471053 -7.60134e-06
4.2 0.471053 -9.59498e-06
4.8 0.471053 -1.11996e-05
5.4 0.471053 -1.28056e-05
6 0.471053 -1.53206e-05
6.6 0.471053 -1.99314e-05
7.2 0.471053 -2.75944e-05
7.8 0.471053 -3.84748e-05
8.4 0.471053 -5.16768e-05
9 0.471053 0
9.6 0.471053 0
10.2 0.471053 0
10.8 0.471053 0
11.4 0.471053 0
12 0.471053 0
12.6 0.471053 0
13.2 0.471053 0
13.8 0.471053 0
14.4 0.471053 0
15 0.471053 0
15.6 0.471053 0
16.2 0.471053 0
16.8 0.471053 0
17.4 0.471053 0
18 0.471053 0
18.6 0.471053 0
19.2 0.471053 0
19.8 0.471053 0
20.4 0.471053 0
21 0.471053 0
21.6 0.471053 0
22.2 0.471053 0
22.8 0.471053 0
23.4 0.471053 0
24 0.471053 0
24.6 0.471053 0
25.2 0.471053 0
25.8 0.471053 0
26.4 0.471053 0
27 0.471053 0
27.6 0.471053 0
28.2 0.471053 0
28.8 0.471053 0
29.4 0.471053 0
30 0.471053 0
-30 0.523684 0
-29.4 0.523684 0
-28.8 0.523684 0
-28.2 0.523684 0
-27.6 0.523684 0
-27 0.523684 0
-26.4 0.523684 0
-25.8 0.523684 0
-25.2 0.523684 0
-24.6 0.523684 0
-24 0.523684 0
-23.4 0.523684 0
-22.8 0.523684 0
-22.2 0.523684 0
-21.6 0.523684 0
-21 0.523684 0
-20.4 0.523684 0
-19.8 0.523684 0
-19.2 0.523684 0
-18.6 0.523684 0
-18 0.523684 0
-17.4 0.523684 0
-16.8 0.523684 0
-16.2 0.523684 0
-15.6 0.523684 0
-15 0.523684 0
-14.4 0.523684 0
-13.8 0.523684 0
-13.2 0.523684 0
-12.6 0.523684 0
-12 0.523684 0
-11.4 0.523684 0
-10.8 0.523684 0
-10.2 0.523684 0
-9.6 0.523684 0
-9 0.523684 0
-8.4 0.523684 0
-7.8 0.523684 0
-7.2 0.523684 0
-6.6 0.523684 0
-6 0.523684 0
-5.4 0.523684 0
-4.8 0.523684 0
-4.2 0.523684 0
-3.6 0.523684 0
-3 0.523684 0
-2.4 0.523684 0
-1.8 0.523684 0
-1.2 0.523684 0
-0.6 0.523684 0
0 0.523684 0
0.6 0.523684 9.26526e-07
1.2 0.523684 3.09951e-07
1.8 0.523684 -9.17482e-07
2.4 0.523684 -2.67851e-06
3 0.523684 -4.76095e-06
3.6 0.523684 -6.84507e-06
4.2 0.523684 -8.63006e-06
4.8 0.523684 -1.00445e-05
5.4 0.523684 -1.14482e-05
6 0.523684 -1.36804e-05
6.6 0.523684 -1.78382e-05
7.2 0.523684 -2.48055e-05
7.8 0.523684 -3.47366e-05
8.4 0.523684 -4.68081e-05
9 0.523684 0
9.6 0.523684 0
10.2 0.523684 0
10.8 0.523684 0
11.4 0.523684 0
12 0.523684 0
12.6 0.523684 0
13.2 0.523684 0
13.8 0.523684 0
14.4 0.523684 0
15 0.523684 0
15.6 0.523684 0
16.2 0.523684 0
16.8 0.523684 0
17.4 0.523684 0
18 0.523684 0
18.6 0.523684 0
19.2 0.523684 0
19.8 0.523684 0
20.4 0.523684 0
21 0.523684 0
21.6 0.523684 0
22.2 0.523684 0
22.8 0.523684 0
23.4 0.523684 0
24 0.523684 0
24.6 0.523684 0
25.2 0.523684 0
25.8 0.523684 0
26.4 0.523684 0
27 0.523684 0
27.6 0.523684 0
28.2 0.523684 0
28.8 0.523684 0
29.4 0.523684 0
30 0.523684 0
-30 0.576316 0
-29.4 0.576316 0
-28.8 0.576316 0
-28.2 0.576316 0
-27.6 0.576316 0
-27 0.576316 0
-26.4 0.576316 0
-25.8 0.576316 0
-25.2 0.576316 0
-24.6 0.576316 0
-24 0.576316 0
-23.4 0.576316 0
-22.8 0.576316 0
-22.2 0.576316 0
-21.6 0.576316 0
-21 0.576316 0
-20.4 0.576316 0
-19.8 0.576316 0
-19.2 0.576316 0
-18.6 0.576316 0
-18 0.576316 0
-17.4 0.576316 0
-16.8 0.576316 0
-16.2 0.576316 0
-15.6 0.576316 0
-15 0.576316 0
-14.4 0.576316 0
-13.8 0.576316 0
-13.2 0.576316 0
-12.6 0.576316 0
-12 0.576316 0
-11.4 0.576316 0
-10.8 0.576316 0
-10.2 0.576316 0
-9.6 0.576316 0
-9 0.576316 0
-8.4 0.576316 0
-7.8 0.576316 0
-7.2 0.576316 0
-6.6 0.576316 0
-6 0.576316 0
-5.4 0.576316 0
-4.8 0.576316 0
-4.2 0.576316 0
-3.6 0.576316 0
-3 0.576316 0
-2.4 0.576316 0
-1.8 0.576316 0
-1.2 0.576316 0
-0.6 0.576316 0
0 0.576316 0
0.6 0.576316 8.30269e-07
1.2 0.576316 2.90302e-07
1.8 0.576316 -8.01431e-07
2.4 0.576316 -2.37754e-06
3 0.576316 -4.24478e-06
3.6 0.576316 -6.10936e-06
4.2 0.576316 -7.69386e-06
4.8 0.576316 -8.93119e-06
5.4 0.576316 -1.01496e-05
6 0.576316 -1.21158e-05
6.6 0.576316 -1.58314e-05
7.2 0.576316 -2.21032e-05
7.8 0.576316 -3.10726e-05
8.4 0.576316 -4.19918e-05
9 0.576316 0
9.6 0.576316 0
10.2 0.576316 0
10.8 0.576316 0
11.4 0.576316 0
12 0.576316 0
12.6 0.576316 0
13.2 0.576316 0
13.8 0.576316 0
14.4 0.576316 0
15 0.576316 0
15.6 0.576316 0
16.2 0.576316 0
16.8 0.576316 0
17.4 0.576316 0
18 0.576316 0
18.6 0.576316 0
19.2 0.576316 0
19.8 0.576316 0
20.4 0.576316 0
21 0.576316 0
21.6 0.576316 0
22.2 0.576316 0
22.8 0.576316 0
23.4 0.576316 0
24 0.576316 0
24.6 0.576316 0
25.2 0.576316 0
25.8 0.576316 0
26.4 0.576316 0
27 0.576316 0
27.6 0.576316 0
28.2 0.576316 0
28.8 0.576316 0
29.4 0.576316 0
30 0.576316 0
-30 0.628947 0
-29.4 0.628947 0
-28.8 0.628947 0
-28.2 0.628947 0
-27.6 0.628947 0
-27 0.628947 0
-26.4 0.628947 0
-25.8 0.628947 0
-25.2 0.628947 0
-24.6 0.628947 0
-24 0.628947 0
-23.4 0.628947 0
-22.8 0.628947 0
-22.2 0.628947 0
-21.6 0.628947 0
-21 0.628947 0
-20.4 0.628947 0
-19.8 0.628947 0
-19.2 0.628947 0
-18.6 0.628947 0
-18 0.628947 0
-17.4 0.628947 0
-16.8 0.628947 0
-16.2 0.628947 0
-15.6 0.628947 0
-15 0.628947 0
-14.4 0.628947 0
-13.8 0.628947 0
-13.2 0.628947 0
-12.6 0.628947 0
-12 0.628947 0
-11.4 0.628947 0
-10.8 0.628947 0
-10.2 0.628947 0
-9.6 0.628947 0
-9 0.628947 0
-8.4 0.628947 0
-7.8 0.628947 0
-7.2 0.628947 0
-6.6 0.628947 0
-6 0.628947 0
-5.4 0.628947 0
-4.8 0.628947 0
-4.2 0.628947 0
-3.6 0.628947 0
-3 0.628947 0
-2.4 0.628947 0
-1.8 0.628947 0
-1.2 0.628947 0
-0.6 0.628947 0
0 0.628947 0
0.6 0.628947 7.34763e-07
1.2 0.628947 2.67023e-07
1.8 0.628947 -6.93195e-07
2.4 0.628947 -2.08765e-06
3 0.628947 -3.74252e-06
3.6 0.628947 -5.39159e-06
4.2 0.628947 -6.78294e-06
4.8 0.628947 -7.85488e-06
5.4 0.628947 -8.90294e-06
6 0.628947 -1.06177e-05
6.6 0.628947 -1.39006e-05
7.2 0.628947 -1.94768e-05
7.8 0.628947 -2.74738e-05
8.4 0.628947 -3.72215e-05
9 0.628947 0
9.6 0.628947 0
10.2 0.628947 0
10.8 0.628947 0
11.4 0.628947 0
12 0.628947 0
12.6 0.628947 0
13.2 0.628947 0
13.8 0.628947 0
14.4 0.628947 0
15 0.628947 0
15.6 0.628947 0
16.2 0.628947 0
16.8 0.628947 0
17.4 0.628947 0
18 0.628947 0
18.6 0.628947 0
19.2 0.628947 0
19.8 0.628947 0
20.4 0.628947 0
21 0.628947 0
21.6 0.628947 0
22.2 0.628947 0
22.8 0.628947 0
23.4 0.628947 0
24 0.628947 0
24.6 0.628947 0
25.2 0.628947 0
25.8 0.628947 0
26.4 0.628947 0
27 0.628947 0
27.6 0.628947 0
28.2 0.628947 0
28.8 0.628947 0
29.4 0.628947 0
30 0.628947 0
-30 0.681579 0
-29.4 0.681579 0
-28.8 0.681579 0
-28.2 0.681579 0
-27.6 0.681579 0
-27 0.681579 0
-26.4 0.681579 0
-25.8 0.681579 0
-25.2 0.681579 0
-24.6 0.681579 0
-24 0.681579 0
-23.4 0.681579 0
-22.8 0.681579 0
-22.2 0.681579 0
-21.6 0.681579 0
-21 0.681579 0
-20.4 0.681579 0
-19.8 0.681579 0
-19.2 0.681579 0
-18.6 0.681579 0
-18 0.681579 0
-17.4 0.681579 0
-16.8 0.681579 0
-16.2 0.681579 0
-15.6 0.681579 0
-15 0.681579 0
-14.4 0.681579 0
-13.8 0.681579 0
-13.2 0.681579 0
-12.6 0.681579 0
-12 0.681579 0
-11.4 0.681579 0
-10.8 0.681579 0
-10.2 0.681579 0
-9.6 0.681579 0
-9 0.681579 0
-8.4 0.681579 0
-7.8 0.681579 0
-7.2 0.681579 0
-6.6 0.681579 0
-6 0.681579 0
-5.4 0.681579 0
-4.8 0.681579 0
-4.2 0.681579 0
-3.6 0.681579 0
-3 0.681579 0
-2.4 0.681579 0
-1.8 0.681579 0
-1.2 0.681579 0
-0.6 0.681579 0
0 0.681579 0
0.6 0.681579 6.39949e-07
1.2 0.681579 2.40486e-07
1.8 0.681579 -5.91844e-07
2.4 0.681579 -1.80736e-06
3 0.681579 -3.25218e-06
3.6 0.681579 -4.68926e-06
4.2 0.681579 -5.89396e-06
4.8 0.681579 -6.81083e-06
5.4 0.681579 -7.70153e-06
6 0.681579 -9.17739e-06
6.6 0.681579 -1.20355e-05
7.2 0.681579 -1.6916e-05
7.8 0.681579 -2.39314e-05
8.4 0.681579 -3.24913e-05
9 0.681579 0
9.6 0.681579 0
10.2 0.681579 0
10.8 0.681579 0
11.4 0.681579 0
12 0.681579 0
12.6 0.681579 0
13.2 0.681579 0
13.8 0.681579 0
14.4 0.681579 0
15 0.681579 0
15.6 0.681579 0
16.2 0.681579 0
16.8 0.681579 0
17.4 0.681579 0
18 0.681579 0
18.6 0.681579 0
19.2 0.681579 0
19.8 0.681579 0
20.4 0.681579 0
21 0.681579 0
21.6 0.681579 0
22.2 0.681579 0
22.8 0.681579 0
23.4 0.681579 0
24 0.681579 0
24.6 0.681579 0
25.2 0.681579 0
25.8 0.681579 0
26.4 0.681579 0
27 0.681579 0
27.6 0.681579 0
28.2 0.681579 0
28.8 0.681579 0
29.4 0.681579 0
30 0.681579 0
-30 0.734211 0
-29.4 0.734211 0
-28.8 0.734211 0
-28.2 0.734211 0
-27.6 0.734211 0
-27 0.734211 0
-26.4 0.734211 0
-25.8 0.734211 0
-25.2 0.734211 0
-24.6 0.734211 0
-24 0.734211 0
-23.4 0.734211 0
-22.8 0.734211 0
-22.2 0.734211 0
-21.6 0.734211 0
-21 0.734211 0
-20.4 0.734211 0
-19.8 0.734211 0
-19.2 0.734211 0
-18.6 0.734211 0
-18 0.734211 0
-17.4 0.734211 0
-16.8 0.734211 0
-16.2 0.734211 0
-15.6 0.734211 0
-15 0.734211 0
-14.4 0.734211 0
-13.8 0.734211 0
-13.2 0.734211 0
-12.6 0.734211 0
-12 0.734211 0
-11.4 0.734211 0
-10.8 0.734211 0
-10.2 0.734211 0
-9.6 0.734211 0
-9 0.734211 0
-8.4 0.734211 0
-7.8 0.734211 0
-7.2 0.734211 0
-6.6 0.734211 0
-6 0.734211 0
-5.4 0.734211 0
-4.8 0.734211 0
-4.2 0.734211 0
-3.6 0.734211 0
-3 0.734211 0
-2.4 0.734211 0
-1.8 0.734211 0
-1.2 0.734211 0
-0.6 0.734211 0
0 0.734211 0
0.6 0.734211 5.4579e-07
1.2 0.734211 2.11069e-07
1.8 0.734211 -4.96471e-07
2.4 0.734211 -1.53522e-06
3 0.734211 -2.77184e-06
3.6 0.734211 -3.99991e-06
4.2 0.734211 -5.02364e-06
4.8 0.734211 -5.7944e-06
5.4 0.734211 -6.53887e-06
6 0.734211 -7.78639e-06
6.6 0.734211 -1.02261e-05
7.2 0.734211 -1.44107e-05
7.8 0.734211 -2.04367e-05
8.4 0.734211 -2.7795e-05
9 0.734211 0
9.6 0.734211 0
10.2 0.734211 0
10.8 0.734211 0
11.4 0.734211 0
12 0.734211 0
12.6 0.734211 0
13.2 0.734211 0
13.8 0.734211 0
14.4 0.734211 0
15 0.734211 0
15.6 0.734211 0
16.2 0.734211 0
16.8 0.734211 0
17.4 0.734211 0
18 0.734211 0
18.6 0.734211 0
19.2 0.734211 0
19.8 0.734211 0
20.4 0.734211 0
21 0.734211 0
21.6 0.734211 0
22.2 0.734211 0
22.8 0.734211 0
23.4 0.734211 0
24 0.734211 0
24.6 0.734211 0
25.2 0.734211 0
25.8 0.734211 0
26.4 0.734211 0
27 0.734211 0
27.6 0.734211 0
28.2 0.734211 0
28.8 0.734211 0
29.4 0.734211 0
30 0.734211 0
-30 0.786842 0
-29.4 0.786842 0
-28.8 0.786842 0
-28.2 0.786842 0
-27.6 0.786842 0
-27 0.786842 0
-26.4 0.786842 0
-25.8 0.786842 0
-25.2 0.786842 0
-24.6 0.786842 0
-24 0.786842 0
-23.4 0.786842 0
-22.8 0.786842 0
-22.2 0.786842 0
-21.6 0.786842 0
-21 0.786842 0
-20.4 0.786842 0
-19.8 0.786842 0
-19.2 0.786842 0
-18.6 0.786842 0
-18 0.786842 0
-17.4 0.786842 0
-16.8 0.786842 0
-16.2 0.786842 0
-15.6 0.786842 0
-15 0.786842 0
-14.4 0.786842 0
-13.8 0.786842 0
-13.2 0.786842 0
-12.6 0.786842 0
-12 0.786842 0
-11.4 0.786842 0
-10.8 0.786842 0
-10.2 0.786842 0
-9.6 0.786842 0
-9 0.786842 0
-8.4 0.786842 0
-7.8 0.786842 0
-7.2 0.786842 0
-6.6 0.786842 0
-6 0.786842 0
-5.4 0.786842 0
-4.8 0.786842 0
-4.2 0.786842 0
-3.6 0.786842 0
-3 0.786842 0
-2.4 0.786842 0
-1.8 0.786842 0
-1.2 0.786842 0
-0.6 0.786842 0
0 0.786842 0
0.6 0.786842 4.5227e-07
1.2 0.786842 1.79152e-07
1.8 0.786842 -4.06193e-07
2.4 0.786842 -1.26985e-06
3 0.786842 -2.29964e-06
3.6 0.786842 -3.32113e-06
4.2 0.786842 -4.16874e-06
4.8 0.786842 -4.80103e-06
5.4 0.786842 -5.40858e-06
6 0.786842 -6.43637e-06
6.6 0.786842 -8.46285e-06
7.2 0.786842 -1.1951e-05
7.8 0.786842 -1.69812e-05
8.4 0.786842 -2.31269e-05
9 0.786842 0
9.6 0.786842 0
10.2 0.786842 0
10.8 0.786842 0
11.4 0.786842 0
12 0.786842 0
12.6 0.786842 0
13.2 0.786842 0
13.8 0.786842 0
14.4 0.786842 0
15 0.786842 0
15.6 0.786842 0
16.2 0.786842 0
16.8 0.786842 0
17.4 0.786842 0
18 0.786842 0
18.6 0.786842 0
19.2 0.786842 0
19.8 0.786842 0
20.4 0.786842 0
21 0.786842 0
21.6 0.786842 0
22.2 0.786842 0
22.8 0.786842 0
23.4 0.786842 0
24 0.786842 0
24.6 0.786842 0
25.2 0.786842 0
25.8 0.786842 0
26.4 0.786842 0
27 0.786842 0
27.6 0.786842 0
28.2 0.786842 0
28.8 0.786842 0
29.4 0.786842 0
30 0.786842 0
-30 0.839474 0
-29.4 0.839474 0
-28.8 0.839474 0
-28.2 0.839474 0
-27.6 0.839474 0
-27 0.839474 0
-26.4 0.839474 0
-25.8 0.839474 0
-25.2 0.839474 0
-24.6 0.839474 0
-24 0.839474 0
-23.4 0.839474 0
-22.8 0.839474 0
-22.2 0.839474 0
-21.6 0.839474 0
-21 0.839474 0
-20.4 0.839474 0
-19.8 0.839474 0
-19.2 0.839474 0
-18.6 0.839474 0
-18 0.839474 0
-17.4 0.839474 0
-16.8 0.839474 0
-16.2 0.839474 0
-15.6 0.839474 0
-15 0.839474 0
-14.4 0.839474 0
-13.8 0.839474 0
-13.2 0.839474 0
-12.6 0.839474 0
-12 0.839474 0
-11.4 0.839474 0
-10.8 0.839474 0
-10.2 0.839474 0
-9.6 0.839474 0
-9 0.839474 0
-8.4 0.839474 0
-7.8 0.839474 0
-7.2 0.839474 0
-6.6 0.839474 0
-6 0.839474 0
-5.4 0.839474 0
-4.8 0.839474 0
-4.2 0.839474 0
-3.6 0.839474 0
-3 0.839474 0
-2.4 0.839474 0
-1.8 0.839474 0
-1.2 0.839474 0
-0.6 0.839474 0
0 0.839474 0
0.6 0.839474 3.59388e-07
1.2 0.839474 1.45116e-07
1.8 0.839474 -3.20157e-07
2.4 0.839474 -1.00991e-06
3 0.839474 -1.83375e-06
3.6 0.839474 -2.65055e-06
4.2 0.839474 -3.32604e-06
4.8 0.839474 -3.82621e-06
5.4 0.839474 -4.30441e-06
6 0.839474 -5.11917e-06
6.6 0.839474 -6.73612e-06
7.2 0.839474 -9.52719e-06
7.8 0.839474 -1.35564e-05
8.4 0.839474 -1.84809e-05
9 0.839474 0
9.6 0.839474 0
10.2 0.839474 0
10.8 0.839474 0
11.4 0.839474 0
12 0.839474 0
12.6 0.839474 0
13.2 0.839474 0
13.8 0.839474 0
14.4 0.839474 0
15 0.839474 0
15.6 0.839474 0
16.2 0.839474 0
16.8 0.839474 0
17.4 0.839474 0
18 0.839474 0
18.6 0.839474 0
19.2 0.839474 0
19.8 0.839474 0
20.4 0.839474 0
21 0.839474 0
21.6 0.839474 0
22.2 0.839474 0
22.8 0.839474 0
23.4 0.839474 0
24 0.839474 0
24.6 0.839474 0
25.2 0.839474 0
25.8 0.839474 0
26.4 0.839474 0
27 0.839474 0
27.6 0.839474 0
28.2 0.839474 0
28.8 0.839474 0
29.4 0.839474 0
30 0.839474 0
-30 0.892105 0
-29.4 0.892105 0
-28.8 0.892105 0
-28.2 0.892105 0
-27.6 0.892105 0
-27 0.892105 0
-26.4 0.892105 0
-25.8 0.892105 0
-25.2 0.892105 0
-24.6 0.892105 0
-24 0.892105 0
-23.4 0.892105 0
-22.8 0.892105 0
-22.2 0.892105 0
-21.6 0.892105 0
-21 0.892105 0
-20.4 0.892105 0
-19.8 0.892105 0
-19.2 0.892105 0
-18.6 0.892105 0
-18 0.892105 0
-17.4 0.892105 0
-16.8 0.892105 0
-16.2 0.892105 0
-15.6 0.892105 0
-15 0.892105 0
-14.4 0.892105 0
-13.8 0.892105 0
-13.2 0.892105 0
-12.6 0.892105 0
-12 0.892105 0
-11.4 0.892105 0
-10.8 0.892105 0
-10.2 0.892105 0
-9.6 0.892105 0
-9 0.892105 0
-8.4 0.892105 0
-7.8 0.892105 0
-7.2 0.892105 0
-6.6 0.892105 0
-6 0.892105 0
-5.4 0.892105 0
-4.8 0.892105 0
-4.2 0.892105 0
-3.6 0.892105 0
-3 0.892105 0
-2.4 0.892105 0
-1.8 0.892105 0
-1.2 0.892105 0
-0.6 0.892105 0
0 0.892105 0
0.6 0.892105 2.67157e-07
1.2 0.892105 1.09344e-07
1.8 0.892105 -2.3753e-07
2.4 0.892105 -7.54094e-07
3 0.892105 -1.37239e-06
3.6 0.892105 -1.98579e-06
4.2 0.892105 -2.49235e-06
4.8 0.892105 -2.8655e-06
5.4 0.892105 -3.22022e-06
6 0.892105 -3.82681e-06
6.6 0.892105 -5.03651e-06
7.2 0.892105 -7.12958e-06
7.8 0.892105 -1.01539e-05
8.4 0.892105 -1.38513e-05
9 0.892105 0
9.6 0.892105 0
10.2 0.892105 0
10.8 0.892105 0
11.4 0.892105 0
12 0.892105 0
12.6 0.892105 0
13.2 0.892105 0
13.8 0.892105 0
14.4 0.892105 0
15 0.892105 0
15.6 0.892105 0
16.2 0.892105 0
16.8 0.892105 0
17.4 0.892105 0
18 0.892105 0
18.6 0.892105 0
19.2 0.892105 0
19.8 0.892105 0
20.4 0.892105 0
21 0.892105 0
21.6 0.892105 0
22.2 0.892105 0
22.8 0.892105 0
23.4 0.892105 0
24 0.892105 0
24.6 0.892105 0
25.2 0.892105 0
25.8 0.892105 0
26.4 0.892105 0
27 0.892105 0
27.6 0.892105 0
28.2 0.892105 0
28.8 0.892105 0
29.4 0.892105 0
30 0.892105 0
-30 0.944737 0
-29.4 0.944737 0
-28.8 0.944737 0
-28.2 0.944737 0
-27.6 0.944737 0
-27 0.944737 0
-26.4 0.944737 0
-25.8 0.944737 0
-25.2 0.944737 0
-24.6 0.944737 0
-24 0.944737 0
-23.4 0.944737 0
-22.8 0.944737 0
-22.2 0.944737 0
-21.6 0.944737 0
-21 0.944737 0
-20.4 0.944737 0
-19.8 0.944737 0
-19.2 0.944737 0
-18.6 0.944737 0
-18 0.944737 0
-17.4 0.944737 0
-16.8 0.944737 0
-16.2 0.944737 0
-15.6 0.944737 0
-15 0.944737 0
-14.4 0.944737 0
-13.8 0.944737 0
-13.2 0.944737 0
-12.6 0.944737 0
-12 0.944737 0
-11.4 0.944737 0
-10.8 0.944737 0
-10.2 0.944737 0
-9.6 0.944737 0
-9 0.944737 0
-8.4 0.944737 0
-7.8 0.944737 0
-7.2 0.944737 0
-6.6 0.944737 0
-6 0.944737 0
-5.4 0.944737 0
-4.8 0.944737 0
-4.2 0.944737 0
-3.6 0.944737 0
-3 0.944737 0
-2.4 0.944737 0
-1.8 0.944737 0
-1.2 0.944737 0
-0.6 0.944737 0
0 0.944737 0
0.6 0.944737 1.75594e-07
1.2 0.944737 7.22179e-08
1.8 0.944737 -1.57492e-07
2.4 0.944737 -5.0114e-07
3 0.944737 -9.13829e-07
3.6 0.944737 -1.32449e-06
4.2 0.944737 -1.6644e-06
4.8 0.944737 -1.9144e-06
5.4 0.944737 -2.14997e-06
6 0.944737 -2.55146e-06
6.6 0.944737 -3.35471e-06
7.2 0.944737 -4.74844e-06
7.8 0.944737 -6.7652e-06
8.4 0.944737 -9.23209e-06
9 0.944737 0
9.6 0.944737 0
10.2 0.944737 0
10.8 0.944737 0
11.4 0.944737 0
12 0.944737 0
12.6 0.944737 0
13.2 0.944737 0
13.8 0.944737 0
14.4 0.944737 0
15 0.944737 0
15.6 0.944737 0
16.2 0.944737 0
16.8 0.944737 0
17.4 0.944737 0
18 0.944737 0
18.6 0.944737 0
19.2 0.944737 0
19.8 0.944737 0
20.4 0.944737 0
21 0.944737 0
21.6 0.944737 0
22.2 0.944737 0
22.8 0.944737 0
23.4 0.944737 0
24 0.944737 0
24.6 0.944737 0
25.2 0.944737 0
25.8 0.944737 0
26.4 0.944737 0
27 0.944737 0
27.6 0.944737 0
28.2 0.944737 0
28.8 0.944737 0
29.4 0.944737 0
30 0.944737 0
-30 0.997368 0
-29.4 0.997368 0
-28.8 0.997368 0
-28.2 0.997368 0
-27.6 0.997368 0
-27 0.997368 0
-26.4 0.997368 0
-25.8 0.997368 0
-25.2 0.997368 0
-24.6 0.997368 0
-24 0.997368 0
-23.4 0.997368 0
-22.8 0.997368 0
-22.2 0.997368 0
-21.6 0.997368 0
-21 0.997368 0
-20.4 0.997368 0
-19.8 0.997368 0
-19.2 0.997368 0
-18.6 0.997368 0
-18 0.997368 0
-17.4 0.997368 0
-16.8 0.997368 0
-16.2 0.997368 0
-15.6 0.997368 0
-15 0.997368 0
-14.4 0.997368 0
-13.8 0.997368 0
-13.2 0.997368 0
-12.6 0.997368 0
-12 0.997368 0
-11.4 0.997368 0
-10.8 0.997368 0
-10.2 0.997368 0
-9.6 0.997368 0
-9 0.997368 0
-8.4 0.997368 0
-7.8 0.997368 0
-7.2 0.997368 0
-6.6 0.997368 0
-6 0.997368 0
-5.4 0.997368 0
-4.8 0.997368 0
-4.2 0.997368 0
-3.6 0.997368 0
-3 0.997368 0
-2.4 0.997368 0
-1.8 0.997368 0
-1.2 0.997368 0
-0.6 0.997368 0
0 0.997368 0
0.6 0.997368 8.47026e-08
1.2 0.997368 3.41039e-08
1.8 0.997368 -7.9211e-08
2.4 0.997368 -2.4978e-07
3 0.997368 -4.56378e-07
3.6 0.997368 -6.64358e-07
4.2 0.997368 -8.38893e-07
4.8 0.997368 -9.68314e-07
5.4 0.997368 -1.08763e-06
6 0.997368 -1.2856e-06
6.6 0.997368 -1.68163e-06
7.2 0.997368 -2.37386e-06
7.8 0.997368 -3.38162e-06
8.4 0.997368 -4.61773e-06
9 0.997368 0
9.6 0.997368 0
10.2 0.997368 0
10.8 0.997368 0
11.4 0.997368 0
12 0.997368 0
12.6 0.997368 0
13.2 0.997368 0
13.8 0.997368 0
14.4 0.997368 0
15 0.997368 0
15.6 0.997368 0
16.2 0.997368 0
16.8 0.997368 0
17.4 0.997368 0
18 0.997368 0
18.6 0.997368 0
19.2 0.997368 0
19.8 0.997368 0
20.4 0.997368 0
21 0.997368 0
21.6 0.997368 0
22.2 0.997368 0
22.8 0.997368 0
23.4 0.997368 0
24 0.997368 0
24.6 0.997368 0
25.2 0.997368 0
25.8 0.997368 0
26.4 0.997368 0
27 0.997368 0
27.6 0.997368 0
28.2 0.997368 0
28.8 0.997368 0
29.4 0.997368 0
30 0.997368 0
-30 1.05 0
-29.4 1.05 0
-28.8 1.05 0
-28.2 1.05 0
-27.6 1.05 0
-27 1.05 0
-26.4 1.05 0
-25.8 1.05 0
-25.2 1.05 0
-24.6 1.05 0
-24 1.05 0
-23.4 1.05 0
-22.8 1.05 0
-22.2 1.05 0
-21.6 1.05 0
-21 1.05 0
-20.4 1.05 0
-19.8 1.05 0
-19.2 1.05 0
-18.6 1.05 0
-18 1.05 0
-17.4 1.05 0
-16.8 1.05 0
-16.2 1.05 0
-15.6 1.05 0
-15 1.05 0
-14.4 1.05 0
-13.8 1.05 0
-13.2 1.05 0
-12.6 1.05 0
-12 1.05 0
-11.4 1.05 0
-10.8 1.05 0
-10.2 1.05 0
-9.6 1.05 0
-9 1.05 0
-8.4 1.05 0
-7.8 1.05 0
-7.2 1.05 0
-6.6 1.05 0
-6 1.05 0
-5.4 1.05 0
-4.8 1.05 0
-4.2 1.05 0
-3.6 1.05 0
-3 1.05 0
-2.4 1.05 0
-1.8 1.05 0
-1.2 1.05 0
-0.6 1.05 0
0 1.05 0
0.6 1.05 0
1.2 1.05 0
1.8 1.05 0
2.4 1.05 0
3 1.05 0
3.6 1.05 0
4.2 1.05 0
4.8 1.05 0
5.4 1.05 0
6 1.05 0
6.6 1.05 0
7.2 1.05 0
7.8 1.05 0
8.4 1.05 0
9 1.05 0
9.6 1.05 0
10.2 1.05 0
10.8 1.05 0
11.4 1.05 0
12 1.05 0
12.6 1.05 0
13.2 1.05 0
13.8 1.05 0
14.4 1.05 0
15 1.05 0
15.6 1.05 0
16.2 1.05 0
16.8 1.05 0
17.4 1.05 0
18 1.05 0
18.6 1.05 0
19.2 1.05 0
19.8 1.05 0
20.4 1.05 0
21 1.05 0
21.6 1.05 0
22.2 1.05 0
22.8 1.05 0
23.4 1.05 0
24 1.05 0
24.6 1.05 0
25.2 1.05 0
25.8 1.05 0
26.4 1.05 0
27 1.05 0
27.6 1.05 0
28.2 1.05 0
28.8 1.05 0
29.4 1.05 0
30 1.05 0
