-30 0.05 -1.077e-36
-29.4 0.05 3.43811e-07
-28.8 0.05 1.47216e-06
-28.2 0.05 3.40443e-06
-27.6 0.05 6.08801e-06
-27 0.05 9.46385e-06
-26.4 0.05 1.34757e-05
-25.8 0.05 1.80621e-05
-25.2 0.05 2.31523e-05
-24.6 0.05 2.86662e-05
-24 0.05 3.45166e-05
-23.4 0.05 4.06112e-05
-22.8 0.05 4.68538e-05
-22.2 0.05 5.3146e-05
-21.6 0.05 5.93886e-05
-21 0.05 6.54834e-05
-20.4 0.05 7.13345e-05
-19.8 0.05 7.68488e-05
-19.2 0.05 8.19366e-05
-18.6 0.05 8.65157e-05
-18 0.05 9.0523e-05
-17.4 0.05 9.39269e-05
-16.8 0.05 9.66975e-05
-16.2 0.05 9.86805e-05
-15.6 0.05 9.94705e-05
-15 0.05 9.87865e-05
-14.4 0.05 9.73231e-05
-13.8 0.05 9.57873e-05
-13.2 0.05 9.39347e-05
-12.6 0.05 9.14206e-05
-12 0.05 8.81738e-05
-11.4 0.05 8.42694e-05
-10.8 0.05 7.98005e-05
-10.2 0.05 7.48469e-05
-9.6 0.05 6.94844e-05
-9 0.05 6.37951e-05
-8.4 0.05 5.78678e-05
-7.8 0.05 5.17963e-05
-7.2 0.05 4.56765e-05
-6.6 0.05 3.9605e-05
-6 0.05 3.36775e-05
-5.4 0.05 2.79875e-05
-4.8 0.05 2.26248e-05
-4.2 0.05 1.76737e-05
-3.6 0.05 1.32123e-05
-3 0.05 9.31134e-06
-2.4 0.05 6.03368e-06
-1.8 0.05 3.43165e-06
-1.2 0.05 1.54119e-06
-0.6 0.05 3.76988e-07
0 0.05 -5.01432e-08
0.6 0.05 3.0211e-07
1.2 0.05 1.4637e-06
1.8 0.05 3.40866e-06
2.4 0.05 6.09116e-06
3 0.05 9.46384e-06
3.6 0.05 1.34742e-05
4.2 0.05 1.80603e-05
4.8 0.05 2.31502e-05
5.4 0.05 2.86636e-05
6 0.05 3.45133e-05
6.6 0.05 4.06071e-05
7.2 0.05 4.68493e-05
7.8 0.05 5.31425e-05
8.4 0.05 5.93873e-05
9 0.05 6.54833e-05
9.6 0.05 7.1334e-05
10.2 0.05 7.68478e-05
10.8 0.05 8.19382e-05
11.4 0.05 8.6525e-05
12 0.05 9.05359e-05
12.6 0.05 9.39075e-05
13.2 0.05 9.65866e-05
13.8 0.05 9.8531e-05
14.4 0.05 9.97101e-05
15 0.05 0.000100105
15.6 0.05 9.97101e-05
16.2 0.05 9.8531e-05
16.8 0.05 9.65866e-05
17.4 0.05 9.39075e-05
18 0.05 9.05359e-05
18.6 0.05 8.65251e-05
19.2 0.05 8.19383e-05
19.8 0.05 7.68477e-05
20.4 0.05 7.13338e-05
21 0.05 6.54834e-05
21.6 0.05 5.93888e-05
22.2 0.05 5.31462e-05
22.8 0.05 4.68539e-05
23.4 0.05 4.06113e-05
24 0.05 3.45166e-05
24.6 0.05 2.86662e-05
25.2 0.05 2.31523e-05
25.8 0.05 1.80622e-05
26.4 0.05 1.34757e-05
27 0.05 9.46385e-06
27.6 0.05 6.08802e-06
28.2 0.05 3.40443e-06
28.8 0.05 1.47216e-06
29.4 0.05 3.43811e-07
30 0.05 -1.077e-36
-30 0.102632 -1.12364e-36
-29.4 0.102632 3.15536e-07
-28.8 0.102632 1.39294e-06
-28.2 0.102632 3.29776e-06
-27.6 0.102632 5.98387e-06
-27 0.102632 9.37433e-06
-26.4 0.102632 1.33996e-05
-25.8 0.102632 1.79964e-05
-25.2 0.102632 2.30964e-05
-24.6 0.102632 2.86213e-05
-24 0.102632 3.44839e-05
-23.4 0.102632 4.05914e-05
-22.8 0.102632 4.6847e-05
-22.2 0.102632 5.31523e-05
-21.6 0.102632 5.94085e-05
-21 0.102632 6.55175e-05
-20.4 0.102632 7.13822e-05
-19.8 0.102632 7.69046e-05
-19.2 0.102632 8.19904e-05
-18.6 0.102632 8.65669e-05
-18 0.102632 9.06079e-05
-17.4 0.102632 9.41174e-05
-16.8 0.102632 9.70014e-05
-16.2 0.102632 9.88771e-05
-15.6 0.102632 9.91245e-05
-15 0.102632 9.75731e-05
-14.4 0.102632 9.52515e-05
-13.8 0.102632 9.32005e-05
-13.2 0.102632 9.12857e-05
-12.6 0.102632 8.89472e-05
-12 0.102632 8.58842e-05
-11.4 0.102632 8.21067e-05
-10.8 0.102632 7.77416e-05
-10.2 0.102632 7.29041e-05
-9.6 0.102632 6.76778e-05
-9 0.102632 6.21379e-05
-8.4 0.102632 5.63664e-05
-7.8 0.102632 5.04533e-05
-7.2 0.102632 4.44926e-05
-6.6 0.102632 3.8579e-05
-6 0.102632 3.28059e-05
-5.4 0.102632 2.72641e-05
-4.8 0.102632 2.20408e-05
-4.2 0.102632 1.7218e-05
-3.6 0.102632 1.28723e-05
-3 0.102632 9.07424e-06
-2.4 0.102632 5.88607e-06
-1.8 0.102632 3.35554e-06
-1.2 0.102632 1.5077e-06
-0.6 0.102632 3.49293e-07
0 0.102632 -1.00409e-07
0.6 0.102632 2.20104e-07
1.2 0.102632 1.3601e-06
1.8 0.102632 3.30245e-06
2.4 0.102632 5.99405e-06
3 0.102632 9.37764e-06
3.6 0.102632 1.33973e-05
4.2 0.102632 1.79923e-05
4.8 0.102632 2.30919e-05
5.4 0.102632 2.8616e-05
6 0.102632 3.44773e-05
6.6 0.102632 4.05833e-05
7.2 0.102632 4.68387e-05
7.8 0.102632 5.3146e-05
8.4 0.102632 5.94053e-05
9 0.102632 6.55155e-05
9.6 0.102632 7.13791e-05
10.2 0.102632 7.69045e-05
10.8 0.102632 8.20054e-05
11.4 0.102632 8.66018e-05
12 0.102632 9.06211e-05
12.6 0.102632 9.39998e-05
13.2 0.102632 9.66845e-05
13.8 0.102632 9.8633e-05
14.4 0.102632 9.98146e-05
15 0.102632 0.000100211
15.6 0.102632 9.98146e-05
16.2 0.102632 9.86331e-05
16.8 0.102632 9.66846e-05
17.4 0.102632 9.39999e-05
18 0.102632 9.06212e-05
18.6 0.102632 8.6602e-05
19.2 0.102632 8.20055e-05
19.8 0.102632 7.69042e-05
20.4 0.102632 7.13787e-05
21 0.102632 6.5516e-05
21.6 0.102632 5.94086e-05
22.2 0.102632 5.31528e-05
22.8 0.102632 4.68473e-05
23.4 0.102632 4.05915e-05
24 0.102632 3.44839e-05
24.6 0.102632 2.86213e-05
25.2 0.102632 2.30964e-05
25.8 0.102632 1.79965e-05
26.4 0.102632 1.33996e-05
27 0.102632 9.37434e-06
27.6 0.102632 5.98388e-06
28.2 0.102632 3.29776e-06
28.8 0.102632 1.39294e-06
29.4 0.102632 3.15536e-07
30 0.102632 -1.12364e-36
-30 0.155263 -1.16758e-36
-29.4 0.155263 2.91622e-07
-28.8 0.155263 1.32477e-06
-28.2 0.155263 3.19756e-06
-27.6 0.155263 5.87722e-06
-27 0.155263 9.27953e-06
-26.4 0.155263 1.3321e-05
-25.8 0.155263 1.7931e-05
-25.2 0.155263 2.30415e-05
-24.6 0.155263 2.85767e-05
-24 0.155263 3.4451e-05
-23.4 0.155263 4.05711e-05
-22.8 0.155263 4.68398e-05
-22.2 0.155263 5.31587e-05
-21.6 0.155263 5.94298e-05
-21 0.155263 6.55543e-05
-20.4 0.155263 7.14297e-05
-19.8 0.155263 7.69513e-05
-19.2 0.155263 8.20287e-05
-18.6 0.155263 8.66184e-05
-18 0.155263 9.07349e-05
-17.4 0.155263 9.4373e-05
-16.8 0.155263 9.73207e-05
-16.2 0.155263 9.90105e-05
-15.6 0.155263 9.87184e-05
-15 0.155263 9.63599e-05
-14.4 0.155263 9.32403e-05
-13.8 0.155263 9.06771e-05
-13.2 0.155263 8.86216e-05
-12.6 0.155263 8.64088e-05
-12 0.155263 8.35528e-05
-11.4 0.155263 7.99438e-05
-10.8 0.155263 7.56984e-05
-10.2 0.155263 7.09706e-05
-9.6 0.155263 6.58715e-05
-9 0.155263 6.04781e-05
-8.4 0.155263 5.48635e-05
-7.8 0.155263 4.91102e-05
-7.2 0.155263 4.33092e-05
-6.6 0.155263 3.75533e-05
-6 0.155263 3.19343e-05
-5.4 0.155263 2.65405e-05
-4.8 0.155263 2.14562e-05
-4.2 0.155263 1.67617e-05
-3.6 0.155263 1.25326e-05
-3 0.155263 8.83907e-06
-2.4 0.155263 5.74105e-06
-1.8 0.155263 3.27924e-06
-1.2 0.155263 1.47025e-06
-0.6 0.155263 3.18013e-07
0 0.155263 -1.50806e-07
0.6 0.155263 1.41415e-07
1.2 0.155263 1.26018e-06
1.8 0.155263 3.19616e-06
2.4 0.155263 5.89411e-06
3 0.155263 9.28933e-06
3.6 0.155263 1.33202e-05
4.2 0.155263 1.79248e-05
4.8 0.155263 2.30339e-05
5.4 0.155263 2.85684e-05
6 0.155263 3.44411e-05
6.6 0.155263 4.05596e-05
7.2 0.155263 4.68284e-05
7.8 0.155263 5.31498e-05
8.4 0.155263 5.94234e-05
9 0.155263 6.55476e-05
9.6 0.155263 7.14242e-05
10.2 0.155263 7.69614e-05
10.8 0.155263 8.20729e-05
11.4 0.155263 8.66787e-05
12 0.155263 9.07064e-05
12.6 0.155263 9.40922e-05
13.2 0.155263 9.67827e-05
13.8 0.155263 9.87353e-05
14.4 0.155263 9.99193e-05
15 0.155263 0.000100316
15.6 0.155263 9.99194e-05
16.2 0.155263 9.87354e-05
16.8 0.155263 9.67828e-05
17.4 0.155263 9.40924e-05
18 0.155263 9.07067e-05
18.6 0.155263 8.6679e-05
19.2 0.155263 8.20728e-05
19.8 0.155263 7.69608e-05
20.4 0.155263 7.14237e-05
21 0.155263 6.55486e-05
21.6 0.155263 5.94284e-05
22.2 0.155263 5.31595e-05
22.8 0.155263 4.68407e-05
23.4 0.155263 4.05715e-05
24 0.155263 3.44511e-05
24.6 0.155263 2.85767e-05
25.2 0.155263 2.30415e-05
25.8 0.155263 1.79311e-05
26.4 0.155263 1.33211e-05
27 0.155263 9.27955e-06
27.6 0.155263 5.87723e-06
28.2 0.155263 3.19756e-06
28.8 0.155263 1.32477e-06
29.4 0.155263 2.91622e-07
30 0.155263 -1.16759e-36
-30 0.207895 -1.1906e-36
-29.4 0.207895 2.71091e-07
-28.8 0.207895 1.26305e-06
-28.2 0.207895 3.10252e-06
-27.6 0.207895 5.77088e-06
-27 0.207895 9.18127e-06
-26.4 0.207895 1.32391e-05
-25.8 0.207895 1.78647e-05
-25.2 0.207895 2.29872e-05
-24.6 0.207895 2.8533e-05
-24 0.207895 3.44182e-05
-23.4 0.207895 4.05503e-05
-22.8 0.207895 4.68322e-05
-22.2 0.207895 5.31662e-05
-21.6 0.207895 5.94539e-05
-21 0.207895 6.55924e-05
-20.4 0.207895 7.1472e-05
-19.8 0.207895 7.69854e-05
-19.2 0.207895 8.2059e-05
-18.6 0.207895 8.66853e-05
-18 0.207895 9.0903e-05
-17.4 0.207895 9.4667e-05
-16.8 0.207895 9.76417e-05
-16.2 0.207895 9.91079e-05
-15.6 0.207895 9.82714e-05
-15 0.207895 9.51468e-05
-14.4 0.207895 9.12703e-05
-13.8 0.207895 8.819e-05
-13.2 0.207895 8.59559e-05
-12.6 0.207895 8.38324e-05
-12 0.207895 8.11804e-05
-11.4 0.207895 7.77657e-05
-10.8 0.207895 7.36634e-05
-10.2 0.207895 6.90499e-05
-9.6 0.207895 6.40706e-05
-9 0.207895 5.88171e-05
-8.4 0.207895 5.33579e-05
-7.8 0.207895 4.7766e-05
-7.2 0.207895 4.21259e-05
-6.6 0.207895 3.65282e-05
-6 0.207895 3.1063e-05
-5.4 0.207895 2.58166e-05
-4.8 0.207895 2.08711e-05
-4.2 0.207895 1.63051e-05
-3.6 0.207895 1.21936e-05
-3 0.207895 8.60573e-06
-2.4 0.207895 5.59733e-06
-1.8 0.207895 3.20217e-06
-1.2 0.207895 1.43014e-06
-0.6 0.207895 2.84124e-07
0 0.207895 -2.01336e-07
0.6 0.207895 6.50671e-08
1.2 0.207895 1.16266e-06
1.8 0.207895 3.09038e-06
2.4 0.207895 5.79265e-06
3 0.207895 9.19903e-06
3.6 0.207895 1.32422e-05
4.2 0.207895 1.78576e-05
4.8 0.207895 2.29764e-05
5.4 0.207895 2.85211e-05
6 0.207895 3.4405e-05
6.6 0.207895 4.0536e-05
7.2 0.207895 4.68183e-05
7.8 0.207895 5.31538e-05
8.4 0.207895 5.94417e-05
9 0.207895 6.55797e-05
9.6 0.207895 7.14694e-05
10.2 0.207895 7.70184e-05
10.8 0.207895 8.21406e-05
11.4 0.207895 8.67559e-05
12 0.207895 9.07919e-05
12.6 0.207895 9.41849e-05
13.2 0.207895 9.6881e-05
13.8 0.207895 9.88378e-05
14.4 0.207895 0.000100024
15 0.207895 0.000100422
15.6 0.207895 0.000100024
16.2 0.207895 9.88379e-05
16.8 0.207895 9.68812e-05
17.4 0.207895 9.41852e-05
18 0.207895 9.07923e-05
18.6 0.207895 8.67561e-05
19.2 0.207895 8.21403e-05
19.8 0.207895 7.70175e-05
20.4 0.207895 7.14688e-05
21 0.207895 6.55814e-05
21.6 0.207895 5.94483e-05
22.2 0.207895 5.31662e-05
22.8 0.207895 4.68338e-05
23.4 0.207895 4.05513e-05
24 0.207895 3.44184e-05
24.6 0.207895 2.85329e-05
25.2 0.207895 2.29872e-05
25.8 0.207895 1.78647e-05
26.4 0.207895 1.32392e-05
27 0.207895 9.1813e-06
27.6 0.207895 5.7709e-06
28.2 0.207895 3.10252e-06
28.8 0.207895 1.26305e-06
29.4 0.207895 2.71091e-07
30 0.207895 -1.1906e-36
-30 0.260526 -1.20668e-36
-29.4 0.260526 2.52598e-07
-28.8 0.260526 1.20606e-06
-28.2 0.260526 3.01168e-06
-27.6 0.260526 5.66547e-06
-27 0.260526 9.08082e-06
-26.4 0.260526 1.31543e-05
-25.8 0.260526 1.77967e-05
-25.2 0.260526 2.29331e-05
-24.6 0.260526 2.84898e-05
-24 0.260526 3.43854e-05
-23.4 0.260526 4.0529e-05
-22.8 0.260526 4.6825e-05
-22.2 0.260526 5.31757e-05
-21.6 0.260526 5.94802e-05
-21 0.260526 6.56291e-05
-20.4 0.260526 7.1506e-05
-19.8 0.260526 7.70089e-05
-19.2 0.260526 8.20887e-05
-18.6 0.260526 8.6772e-05
-18 0.260526 9.11057e-05
-17.4 0.260526 9.49884e-05
-16.8 0.260526 9.79622e-05
-16.2 0.260526 9.91781e-05
-15.6 0.260526 9.77982e-05
-15 0.260526 9.39338e-05
-14.4 0.260526 8.93268e-05
-13.8 0.260526 8.57303e-05
-13.2 0.260526 8.32911e-05
-12.6 0.260526 8.12288e-05
-12 0.260526 7.87737e-05
-11.4 0.260526 7.5568e-05
-10.8 0.260526 7.16292e-05
-10.2 0.260526 6.714e-05
-9.6 0.260526 6.2278e-05
-9 0.260526 5.71576e-05
-8.4 0.260526 5.18501e-05
-7.8 0.260526 4.64197e-05
-7.2 0.260526 4.09422e-05
-6.6 0.260526 3.55035e-05
-6 0.260526 3.01919e-05
-5.4 0.260526 2.50924e-05
-4.8 0.260526 2.02855e-05
-4.2 0.260526 1.58485e-05
-3.6 0.260526 1.18556e-05
-3 0.260526 8.37386e-06
-2.4 0.260526 5.45439e-06
-1.8 0.260526 3.12423e-06
-1.2 0.260526 1.38782e-06
-0.6 0.260526 2.48354e-07
0 0.260526 -2.51998e-07
0.6 0.260526 -9.66727e-09
1.2 0.260526 1.06707e-06
1.8 0.260526 2.98522e-06
2.4 0.260526 5.69021e-06
3 0.260526 9.10711e-06
3.6 0.260526 1.3163e-05
4.2 0.260526 1.77901e-05
4.8 0.260526 2.29193e-05
5.4 0.260526 2.84741e-05
6 0.260526 3.43691e-05
6.6 0.260526 4.05125e-05
7.2 0.260526 4.68081e-05
7.8 0.260526 5.31577e-05
8.4 0.260526 5.94599e-05
9 0.260526 6.56118e-05
9.6 0.260526 7.15146e-05
10.2 0.260526 7.70756e-05
10.8 0.260526 8.22084e-05
11.4 0.260526 8.68333e-05
12 0.260526 9.08777e-05
12.6 0.260526 9.42777e-05
13.2 0.260526 9.69796e-05
13.8 0.260526 9.89405e-05
14.4 0.260526 0.00010013
15 0.260526 0.000100528
15.6 0.260526 0.00010013
16.2 0.260526 9.89406e-05
16.8 0.260526 9.69798e-05
17.4 0.260526 9.42781e-05
18 0.260526 9.08781e-05
18.6 0.260526 8.68335e-05
19.2 0.260526 8.22079e-05
19.8 0.260526 7.70744e-05
20.4 0.260526 7.1514e-05
21 0.260526 6.56143e-05
21.6 0.260526 5.94683e-05
22.2 0.260526 5.31727e-05
22.8 0.260526 4.68268e-05
23.4 0.260526 4.05311e-05
24 0.260526 3.43862e-05
24.6 0.260526 2.84898e-05
25.2 0.260526 2.29329e-05
25.8 0.260526 1.77967e-05
26.4 0.260526 1.31544e-05
27 0.260526 9.08088e-06
27.6 0.260526 5.6655e-06
28.2 0.260526 3.01169e-06
28.8 0.260526 1.20606e-06
29.4 0.260526 2.52596e-07
30 0.260526 -1.20669e-36
-30 0.313158 -1.21697e-36
-29.4 0.313158 2.35634e-07
-28.8 0.313158 1.15262e-06
-28.2 0.313158 2.92433e-06
-27.6 0.313158 5.56124e-06
-27 0.313158 8.97894e-06
-26.4 0.313158 1.3067e-05
-25.8 0.313158 1.7727e-05
-25.2 0.313158 2.28785e-05
-24.6 0.313158 2.84468e-05
-24 0.313158 3.43526e-05
-23.4 0.313158 4.05079e-05
-22.8 0.313158 4.6819e-05
-22.2 0.313158 5.31875e-05
-21.6 0.313158 5.95075e-05
-21 0.313158 6.56619e-05
-20.4 0.313158 7.15312e-05
-19.8 0.313158 7.70247e-05
-19.2 0.313158 8.21222e-05
-18.6 0.313158 8.68793e-05
-18 0.313158 9.13381e-05
-17.4 0.313158 9.53308e-05
-16.8 0.313158 9.82813e-05
-16.2 0.313158 9.92285e-05
-15.6 0.313158 9.73059e-05
-15 0.313158 9.2721e-05
-14.4 0.313158 8.74026e-05
-13.8 0.313158 8.32909e-05
-13.2 0.313158 8.0628e-05
-12.6 0.313158 7.86044e-05
-12 0.313158 7.63376e-05
-11.4 0.313158 7.33499e-05
-10.8 0.313158 6.95912e-05
-10.2 0.313158 6.52378e-05
-9.6 0.313158 6.04944e-05
-9 0.313158 5.55021e-05
-8.4 0.313158 5.03413e-05
-7.8 0.313158 4.50711e-05
-7.2 0.313158 3.97572e-05
-6.6 0.313158 3.44788e-05
-6 0.313158 2.93212e-05
-5.4 0.313158 2.43681e-05
-4.8 0.313158 1.96996e-05
-4.2 0.313158 1.53921e-05
-3.6 0.313158 1.15186e-05
-3 0.313158 8.14318e-06
-2.4 0.313158 5.31192e-06
-1.8 0.313158 3.04541e-06
-1.2 0.313158 1.3437e-06
-0.6 0.313158 2.1107e-07
0 0.313158 -3.02794e-07
0.6 0.313158 -8.31556e-08
1.2 0.313158 9.7303e-07
1.8 0.313158 2.88072e-06
2.4 0.313158 5.58712e-06
3 0.313158 9.01381e-06
3.6 0.313158 1.30827e-05
4.2 0.313158 1.77222e-05
4.8 0.313158 2.28624e-05
5.4 0.313158 2.84275e-05
6 0.313158 3.43335e-05
6.6 0.313158 4.04891e-05
7.2 0.313158 4.67983e-05
7.8 0.313158 5.3162e-05
8.4 0.313158 5.94783e-05
9 0.313158 6.5644e-05
9.6 0.313158 7.15599e-05
10.2 0.313158 7.71329e-05
10.8 0.313158 8.22765e-05
11.4 0.313158 8.69109e-05
12 0.313158 9.09636e-05
12.6 0.313158 9.43707e-05
13.2 0.313158 9.70783e-05
13.8 0.313158 9.90434e-05
14.4 0.313158 0.000100235
15 0.313158 0.000100634
15.6 0.313158 0.000100235
16.2 0.313158 9.90435e-05
16.8 0.313158 9.70786e-05
17.4 0.313158 9.43713e-05
18 0.313158 9.09641e-05
18.6 0.313158 8.69109e-05
19.2 0.313158 8.22757e-05
19.8 0.313158 7.71314e-05
20.4 0.313158 7.15593e-05
21 0.313158 6.56472e-05
21.6 0.313158 5.94882e-05
22.2 0.313158 5.31791e-05
22.8 0.313158 4.68196e-05
23.4 0.313158 4.05112e-05
24 0.313158 3.43546e-05
24.6 0.313158 2.84472e-05
25.2 0.313158 2.28782e-05
25.8 0.313158 1.77268e-05
26.4 0.313158 1.3067e-05
27 0.313158 8.97902e-06
27.6 0.313158 5.5613e-06
28.2 0.313158 2.92435e-06
28.8 0.313158 1.15262e-06
29.4 0.313158 2.3563e-07
30 0.313158 -1.217e-36
-30 0.365789 -1.22354e-36
-29.4 0.365789 2.19829e-07
-28.8 0.365789 1.102e-06
-28.2 0.365789 2.8399e-06
-27.6 0.365789 5.45826e-06
-27 0.365789 8.87615e-06
-26.4 0.365789 1.29776e-05
-25.8 0.365789 1.76555e-05
-25.2 0.365789 2.2823e-05
-24.6 0.365789 2.84037e-05
-24 0.365789 3.43201e-05
-23.4 0.365789 4.04878e-05
-22.8 0.365789 4.68149e-05
-22.2 0.365789 5.32011e-05
-21.6 0.365789 5.95341e-05
-21 0.365789 6.56894e-05
-20.4 0.365789 7.15479e-05
-19.8 0.365789 7.70356e-05
-19.2 0.365789 8.21623e-05
-18.6 0.365789 8.70069e-05
-18 0.365789 9.15963e-05
-17.4 0.365789 9.56904e-05
-16.8 0.365789 9.85993e-05
-16.2 0.365789 9.92636e-05
-15.6 0.365789 9.67993e-05
-15 0.365789 9.15084e-05
-14.4 0.365789 8.5493e-05
-13.8 0.365789 8.08668e-05
-13.2 0.365789 7.79661e-05
-12.6 0.365789 7.59631e-05
-12 0.365789 7.38757e-05
-11.4 0.365789 7.11118e-05
-10.8 0.365789 6.75469e-05
-10.2 0.365789 6.33408e-05
-9.6 0.365789 5.87194e-05
-9 0.365789 5.38519e-05
-8.4 0.365789 4.88332e-05
-7.8 0.365789 4.37204e-05
-7.2 0.365789 3.85704e-05
-6.6 0.365789 3.34535e-05
-6 0.365789 2.84505e-05
-5.4 0.365789 2.3644e-05
-4.8 0.365789 1.91137e-05
-4.2 0.365789 1.49361e-05
-3.6 0.365789 1.11824e-05
-3 0.365789 7.91346e-06
-2.4 0.365789 5.16971e-06
-1.8 0.365789 2.96575e-06
-1.2 0.365789 1.29804e-06
-0.6 0.365789 1.7253e-07
0 0.365789 -3.53725e-07
0.6 0.365789 -1.55651e-07
1.2 0.365789 8.80288e-07
1.8 0.365789 2.77683e-06
2.4 0.365789 5.48356e-06
3 0.365789 8.91936e-06
3.6 0.365789 1.30012e-05
4.2 0.365789 1.76538e-05
4.8 0.365789 2.28055e-05
5.4 0.365789 2.83812e-05
6 0.365789 3.42982e-05
6.6 0.365789 4.0466e-05
7.2 0.365789 4.67886e-05
7.8 0.365789 5.31664e-05
8.4 0.365789 5.94968e-05
9 0.365789 6.56763e-05
9.6 0.365789 7.16052e-05
10.2 0.365789 7.71902e-05
10.8 0.365789 8.23447e-05
11.4 0.365789 8.69887e-05
12 0.365789 9.10498e-05
12.6 0.365789 9.4464e-05
13.2 0.365789 9.71772e-05
13.8 0.365789 9.91465e-05
14.4 0.365789 0.000100341
15 0.365789 0.000100741
15.6 0.365789 0.000100341
16.2 0.365789 9.91467e-05
16.8 0.365789 9.71777e-05
17.4 0.365789 9.44646e-05
18 0.365789 9.10503e-05
18.6 0.365789 8.69886e-05
19.2 0.365789 8.23436e-05
19.8 0.365789 7.71885e-05
20.4 0.365789 7.16048e-05
21 0.365789 6.56802e-05
21.6 0.365789 5.9508e-05
22.2 0.365789 5.31853e-05
22.8 0.365789 4.68125e-05
23.4 0.365789 4.04915e-05
24 0.365789 3.43236e-05
24.6 0.365789 2.84049e-05
25.2 0.365789 2.28228e-05
25.8 0.365789 1.76551e-05
26.4 0.365789 1.29774e-05
27 0.365789 8.87619e-06
27.6 0.365789 5.45836e-06
28.2 0.365789 2.83995e-06
28.8 0.365789 1.10201e-06
29.4 0.365789 2.19825e-07
30 0.365789 -1.22361e-36
-30 0.418421 -1.22731e-36
-29.4 0.418421 2.0495e-07
-28.8 0.418421 1.05368e-06
-28.2 0.418421 2.75799e-06
-27.6 0.418421 5.35653e-06
-27 0.418421 8.77278e-06
-26.4 0.418421 1.28864e-05
-25.8 0.418421 1.75821e-05
-25.2 0.418421 2.27662e-05
-24.6 0.418421 2.836e-05
-24 0.418421 3.42881e-05
-23.4 0.418421 4.04692e-05
-22.8 0.418421 4.6813e-05
-22.2 0.418421 5.32161e-05
-21.6 0.418421 5.95589e-05
-21 0.418421 6.57107e-05
-20.4 0.418421 7.15569e-05
-19.8 0.418421 7.70436e-05
-19.2 0.418421 8.22106e-05
-18.6 0.418421 8.7154e-05
-18 0.418421 9.18776e-05
-17.4 0.418421 9.60647e-05
-16.8 0.418421 9.89169e-05
-16.2 0.418421 9.9287e-05
-15.6 0.418421 9.62818e-05
-15 0.418421 9.02958e-05
-14.4 0.418421 8.35946e-05
-13.8 0.418421 7.84548e-05
-13.2 0.418421 7.53049e-05
-12.6 0.418421 7.33072e-05
-12 0.418421 7.13911e-05
-11.4 0.418421 6.88543e-05
-10.8 0.418421 6.54946e-05
-10.2 0.418421 6.14468e-05
-9.6 0.418421 5.69522e-05
-9 0.418421 5.22079e-05
-8.4 0.418421 4.73268e-05
-7.8 0.418421 4.23685e-05
-7.2 0.418421 3.73816e-05
-6.6 0.418421 3.24269e-05
-6 0.418421 2.75795e-05
-5.4 0.418421 2.29199e-05
-4.8 0.418421 1.85282e-05
-4.2 0.418421 1.44807e-05
-3.6 0.418421 1.08471e-05
-3 0.418421 7.6845e-06
-2.4 0.418421 5.02761e-06
-1.8 0.418421 2.8853e-06
-1.2 0.418421 1.25103e-06
-0.6 0.418421 1.32916e-07
0 0.418421 -4.04788e-07
0.6 0.418421 -2.27329e-07
1.2 0.418421 7.88659e-07
1.8 0.418421 2.67353e-06
2.4 0.418421 5.37967e-06
3 0.418421 8.8239e-06
3.6 0.418421 1.29187e-05
4.2 0.418421 1.75848e-05
4.8 0.418421 2.27485e-05
5.4 0.418421 2.83353e-05
6 0.418421 3.42633e-05
6.6 0.418421 4.04432e-05
7.2 0.418421 4.67791e-05
7.8 0.418421 5.31709e-05
8.4 0.418421 5.95155e-05
9 0.418421 6.57087e-05
9.6 0.418421 7.16506e-05
10.2 0.418421 7.72477e-05
10.8 0.418421 8.24131e-05
11.4 0.418421 8.70667e-05
12 0.418421 9.11361e-05
12.6 0.418421 9.45574e-05
13.2 0.418421 9.72763e-05
13.8 0.418421 9.92498e-05
14.4 0.418421 0.000100446
15 0.418421 0.000100847
15.6 0.418421 0.000100447
16.2 0.418421 9.92501e-05
16.8 0.418421 9.72769e-05
17.4 0.418421 9.45581e-05
18 0.418421 9.11366e-05
18.6 0.418421 8.70664e-05
19.2 0.418421 8.24116e-05
19.8 0.418421 7.72458e-05
20.4 0.418421 7.16503e-05
21 0.418421 6.57132e-05
21.6 0.418421 5.95277e-05
22.2 0.418421 5.31915e-05
22.8 0.418421 4.68055e-05
23.4 0.418421 4.04723e-05
24 0.418421 3.42931e-05
24.6 0.418421 2.83627e-05
25.2 0.418421 2.27665e-05
25.8 0.418421 1.75815e-05
26.4 0.418421 1.28859e-05
27 0.418421 8.77271e-06
27.6 0.418421 5.35664e-06
28.2 0.418421 2.75809e-06
28.8 0.418421 1.05372e-06
29.4 0.418421 2.04953e-07
30 0.418421 -1.22741e-36
-30 0.471053 -1.22897e-36
-29.4 0.471053 1.90827e-07
-28.8 0.471053 1.00729e-06
-28.2 0.471053 2.67827e-06
-27.6 0.471053 5.25602e-06
-27 0.471053 8.66906e-06
-26.4 0.471053 1.27936e-05
-25.8 0.471053 1.75068e-05
-25.2 0.471053 2.2708e-05
-24.6 0.471053 2.83159e-05
-24 0.471053 3.42567e-05
-23.4 0.471053 4.04524e-05
-22.8 0.471053 4.68132e-05
-22.2 0.471053 5.32318e-05
-21.6 0.471053 5.95808e-05
-21 0.471053 6.57256e-05
-20.4 0.471053 7.15591e-05
-19.8 0.471053 7.70504e-05
-19.2 0.471053 8.2268e-05
-18.6 0.471053 8.73198e-05
-18 0.471053 9.21797e-05
-17.4 0.471053 9.64522e-05
-16.8 0.471053 9.92347e-05
-16.2 0.471053 9.93014e-05
-15.6 0.471053 9.57557e-05
-15 0.471053 8.90834e-05
-14.4 0.471053 8.1705e-05
-13.8 0.471053 7.60521e-05
-13.2 0.471053 7.26438e-05
-12.6 0.471053 7.06385e-05
-12 0.471053 6.88858e-05
-11.4 0.471053 6.65783e-05
-10.8 0.471053 6.34333e-05
-10.2 0.471053 5.95541e-05
-9.6 0.471053 5.5192e-05
-9 0.471053 5.05703e-05
-8.4 0.471053 4.58233e-05
-7.8 0.471053 4.10159e-05
-7.2 0.471053 3.61907e-05
-6.6 0.471053 3.13988e-05
-6 0.471053 2.67079e-05
-5.4 0.471053 2.21961e-05
-4.8 0.471053 1.79432e-05
-4.2 0.471053 1.4026e-05
-3.6 0.471053 1.05127e-05
-3 0.471053 7.45615e-06
-2.4 0.471053 4.88552e-06
-1.8 0.471053 2.80407e-06
-1.2 0.471053 1.20283e-06
-0.6 0.471053 9.23679e-08
0 0.471053 -4.5598e-07
0.6 0.471053 -2.98316e-07
1.2 0.471053 6.97998e-07
1.8 0.471053 2.57079e-06
2.4 0.471053 5.27554e-06
3 0.471053 8.72755e-06
3.6 0.471053 1.28352e-05
4.2 0.471053 1.7515e-05
4.8 0.471053 2.26915e-05
5.4 0.471053 2.82896e-05
6 0.471053 3.42288e-05
6.6 0.471053 4.04207e-05
7.2 0.471053 4.67697e-05
7.8 0.471053 5.31755e-05
8.4 0.471053 5.95341e-05
9 0.471053 6.57411e-05
9.6 0.471053 7.16961e-05
10.2 0.471053 7.73053e-05
10.8 0.471053 8.24816e-05
11.4 0.471053 8.71449e-05
12 0.471053 9.12227e-05
12.6 0.471053 9.4651e-05
13.2 0.471053 9.73756e-05
13.8 0.471053 9.93533e-05
14.4 0.471053 0.000100553
15 0.471053 0.000100954
15.6 0.471053 0.000100553
16.2 0.471053 9.93537e-05
16.8 0.471053 9.73763e-05
17.4 0.471053 9.46518e-05
18 0.471053 9.12231e-05
18.6 0.471053 8.71444e-05
19.2 0.471053 8.24799e-05
19.8 0.471053 7.73033e-05
20.4 0.471053 7.1696e-05
21 0.471053 6.57462e-05
21.6 0.471053 5.95473e-05
22.2 0.471053 5.31976e-05
22.8 0.471053 4.67986e-05
23.4 0.471053 4.04536e-05
24 0.471053 3.4263e-05
24.6 0.471053 2.83203e-05
25.2 0.471053 2.27091e-05
25.8 0.471053 1.75062e-05
26.4 0.471053 1.27929e-05
27 0.471053 8.66877e-06
27.6 0.471053 5.25608e-06
28.2 0.471053 2.67841e-06
28.8 0.471053 1.00737e-06
29.4 0.471053 1.90845e-07
30 0.471053 -1.22907e-36
-30 0.523684 -1.22902e-36
-29.4 0.523684 1.77337e-07
-28.8 0.523684 9.62538e-07
-28.2 0.523684 2.60049e-06
-27.6 0.523684 5.15669e-06
-27 0.523684 8.56514e-06
-26.4 0.523684 1.26994e-05
-25.8 0.523684 1.74295e-05
-25.2 0.523684 2.26482e-05
-24.6 0.523684 2.82713e-05
-24 0.523684 3.42264e-05
-23.4 0.523684 4.04377e-05
-22.8 0.523684 4.68156e-05
-22.2 0.523684 5.32474e-05
-21.6 0.523684 5.95991e-05
-21 0.523684 6.57338e-05
-20.4 0.523684 7.15553e-05
-19.8 0.523684 7.70573e-05
-19.2 0.523684 8.23352e-05
-18.6 0.523684 8.75035e-05
-18 0.523684 9.25009e-05
-17.4 0.523684 9.68516e-05
-16.8 0.523684 9.95534e-05
-16.2 0.523684 9.93086e-05
-15.6 0.523684 9.52228e-05
-15 0.523684 8.78712e-05
-14.4 0.523684 7.98226e-05
-13.8 0.523684 7.36568e-05
-13.2 0.523684 6.9982e-05
-12.6 0.523684 6.7958e-05
-12 0.523684 6.63616e-05
-11.4 0.523684 6.42846e-05
-10.8 0.523684 6.13625e-05
-10.2 0.523684 5.76615e-05
-9.6 0.523684 5.34377e-05
-9 0.523684 4.89394e-05
-8.4 0.523684 4.43233e-05
-7.8 0.523684 3.96634e-05
-7.2 0.523684 3.49981e-05
-6.6 0.523684 3.03688e-05
-6 0.523684 2.58354e-05
-5.4 0.523684 2.14722e-05
-4.8 0.523684 1.73588e-05
-4.2 0.523684 1.35721e-05
-3.6 0.523684 1.0179e-05
-3 0.523684 7.22833e-06
-2.4 0.523684 4.74333e-06
-1.8 0.523684 2.7221e-06
-1.2 0.523684 1.15355e-06
-0.6 0.523684 5.09929e-08
0 0.523684 -5.07291e-07
0.6 0.523684 -3.68709e-07
1.2 0.523684 6.08191e-07
1.8 0.523684 2.46855e-06
2.4 0.523684 5.17122e-06
3 0.523684 8.63042e-06
3.6 0.523684 1.27507e-05
4.2 0.523684 1.74447e-05
4.8 0.523684 2.26342e-05
5.4 0.523684 2.82441e-05
6 0.523684 3.41947e-05
6.6 0.523684 4.03986e-05
7.2 0.523684 4.67606e-05
7.8 0.523684 5.31801e-05
8.4 0.523684 5.95528e-05
9 0.523684 6.57736e-05
9.6 0.523684 7.17417e-05
10.2 0.523684 7.7363e-05
10.8 0.523684 8.25502e-05
11.4 0.523684 8.72233e-05
12 0.523684 9.13095e-05
12.6 0.523684 9.47449e-05
13.2 0.523684 9.74752e-05
13.8 0.523684 9.9457e-05
14.4 0.523684 0.000100659
15 0.523684 0.000101062
15.6 0.523684 0.000100659
16.2 0.523684 9.94575e-05
16.8 0.523684 9.7476e-05
17.4 0.523684 9.47457e-05
18 0.523684 9.13098e-05
18.6 0.523684 8.72225e-05
19.2 0.523684 8.25483e-05
19.8 0.523684 7.73609e-05
20.4 0.523684 7.17417e-05
21 0.523684 6.57791e-05
21.6 0.523684 5.95668e-05
22.2 0.523684 5.32037e-05
22.8 0.523684 4.67921e-05
23.4 0.523684 4.04353e-05
24 0.523684 3.42332e-05
24.6 0.523684 2.82777e-05
25.2 0.523684 2.26506e-05
25.8 0.523684 1.74292e-05
26.4 0.523684 1.26984e-05
27 0.523684 8.56452e-06
27.6 0.523684 5.15662e-06
28.2 0.523684 2.60067e-06
28.8 0.523684 9.62682e-07
29.4 0.523684 1.77382e-07
30 0.523684 -1.22904e-36
-30 0.576316 -1.22778e-36
-29.4 0.576316 1.64392e-07
-28.8 0.576316 9.19233e-07
-28.2 0.576316 2.52448e-06
-27.6 0.576316 5.05848e-06
-27 0.576316 8.46107e-06
-26.4 0.576316 1.26039e-05
-25.8 0.576316 1.73503e-05
-25.2 0.576316 2.25868e-05
-24.6 0.576316 2.82263e-05
-24 0.576316 3.41971e-05
-23.4 0.576316 4.04253e-05
-22.8 0.576316 4.68197e-05
-22.2 0.576316 5.32626e-05
-21.6 0.576316 5.96133e-05
-21 0.576316 6.57355e-05
-20.4 0.576316 7.15464e-05
-19.8 0.576316 7.70653e-05
-19.2 0.576316 8.24124e-05
-18.6 0.576316 8.77042e-05
-18 0.576316 9.28399e-05
-17.4 0.576316 9.72623e-05
-16.8 0.576316 9.98736e-05
-16.2 0.576316 9.93105e-05
-15.6 0.576316 9.46844e-05
-15 0.576316 8.6659e-05
-14.4 0.576316 7.79458e-05
-13.8 0.576316 7.1267e-05
-13.2 0.576316 6.73189e-05
-12.6 0.576316 6.52664e-05
-12 0.576316 6.38199e-05
-11.4 0.576316 6.1974e-05
-10.8 0.576316 5.92818e-05
-10.2 0.576316 5.5768e-05
-9.6 0.576316 5.16886e-05
-9 0.576316 4.7315e-05
-8.4 0.576316 4.28275e-05
-7.8 0.576316 3.83116e-05
-7.2 0.576316 3.38038e-05
-6.6 0.576316 2.93369e-05
-6 0.576316 2.49618e-05
-5.4 0.576316 2.07482e-05
-4.8 0.576316 1.67751e-05
-4.2 0.576316 1.31193e-05
-3.6 0.576316 9.84628e-06
-3 0.576316 7.00099e-06
-2.4 0.576316 4.60101e-06
-1.8 0.576316 2.6394e-06
-1.2 0.576316 1.10328e-06
-0.6 0.576316 8.87456e-09
0 0.576316 -5.58712e-07
0.6 0.576316 -4.3858e-07
1.2 0.576316 5.19147e-07
1.8 0.576316 2.36678e-06
2.4 0.576316 5.06675e-06
3 0.576316 8.53258e-06
3.6 0.576316 1.26653e-05
4.2 0.576316 1.73736e-05
4.8 0.576316 2.25767e-05
5.4 0.576316 2.81988e-05
6 0.576316 3.4161e-05
6.6 0.576316 4.03768e-05
7.2 0.576316 4.67517e-05
7.8 0.576316 5.31849e-05
8.4 0.576316 5.95716e-05
9 0.576316 6.58061e-05
9.6 0.576316 7.17874e-05
10.2 0.576316 7.74208e-05
10.8 0.576316 8.26191e-05
11.4 0.576316 8.73018e-05
12 0.576316 9.13965e-05
12.6 0.576316 9.4839e-05
13.2 0.576316 9.75749e-05
13.8 0.576316 9.95609e-05
14.4 0.576316 0.000100765
15 0.576316 0.000101169
15.6 0.576316 0.000100766
16.2 0.576316 9.95615e-05
16.8 0.576316 9.75758e-05
17.4 0.576316 9.48398e-05
18 0.576316 9.13967e-05
18.6 0.576316 8.73009e-05
19.2 0.576316 8.26169e-05
19.8 0.576316 7.74186e-05
20.4 0.576316 7.17874e-05
21 0.576316 6.58119e-05
21.6 0.576316 5.95863e-05
22.2 0.576316 5.32099e-05
22.8 0.576316 4.67858e-05
23.4 0.576316 4.04174e-05
24 0.576316 3.42037e-05
24.6 0.576316 2.82347e-05
25.2 0.576316 2.25911e-05
25.8 0.576316 1.73507e-05
26.4 0.576316 1.26027e-05
27 0.576316 8.46006e-06
27.6 0.576316 5.05818e-06
28.2 0.576316 2.52462e-06
28.8 0.576316 9.19432e-07
29.4 0.576316 1.64469e-07
30 0.576316 -1.22764e-36
-30 0.628947 -1.22549e-36
-29.4 0.628947 1.51926e-07
-28.8 0.628947 8.77216e-07
-28.2 0.628947 2.45007e-06
-27.6 0.628947 4.96133e-06
-27 0.628947 8.35687e-06
-26.4 0.628947 1.2507e-05
-25.8 0.628947 1.72692e-05
-25.2 0.628947 2.25238e-05
-24.6 0.628947 2.81811e-05
-24 0.628947 3.41692e-05
-23.4 0.628947 4.04151e-05
-22.8 0.628947 4.68254e-05
-22.2 0.628947 5.32766e-05
-21.6 0.628947 5.96231e-05
-21 0.628947 6.57309e-05
-20.4 0.628947 7.1533e-05
-19.8 0.628947 7.70751e-05
-19.2 0.628947 8.24998e-05
-18.6 0.628947 8.79214e-05
-18 0.628947 9.31955e-05
-17.4 0.628947 9.76837e-05
-16.8 0.628947 0.000100196
-16.2 0.628947 9.93084e-05
-15.6 0.628947 9.41418e-05
-15 0.628947 8.5447e-05
-14.4 0.628947 7.60735e-05
-13.8 0.628947 6.88815e-05
-13.2 0.628947 6.46541e-05
-12.6 0.628947 6.25643e-05
-12 0.628947 6.12617e-05
-11.4 0.628947 5.96472e-05
-10.8 0.628947 5.7191e-05
-10.2 0.628947 5.38727e-05
-9.6 0.628947 4.9944e-05
-9 0.628947 4.56969e-05
-8.4 0.628947 4.13361e-05
-7.8 0.628947 3.6961e-05
-7.2 0.628947 3.26084e-05
-6.6 0.628947 2.83029e-05
-6 0.628947 2.40867e-05
-5.4 0.628947 2.0024e-05
-4.8 0.628947 1.61919e-05
-4.2 0.628947 1.26674e-05
-3.6 0.628947 9.51447e-06
-3 0.628947 6.77412e-06
-2.4 0.628947 4.45852e-06
-1.8 0.628947 2.55597e-06
-1.2 0.628947 1.05208e-06
-0.6 0.628947 -3.39241e-08
0 0.628947 -6.10236e-07
0.6 0.628947 -5.07983e-07
1.2 0.628947 4.30791e-07
1.8 0.628947 2.26545e-06
2.4 0.628947 4.96216e-06
3 0.628947 8.43409e-06
3.6 0.628947 1.25791e-05
4.2 0.628947 1.73018e-05
4.8 0.628947 2.25189e-05
5.4 0.628947 2.81537e-05
6 0.628947 3.41277e-05
6.6 0.628947 4.03554e-05
7.2 0.628947 4.67431e-05
7.8 0.628947 5.31899e-05
8.4 0.628947 5.95904e-05
9 0.628947 6.58387e-05
9.6 0.628947 7.18331e-05
10.2 0.628947 7.74788e-05
10.8 0.628947 8.2688e-05
11.4 0.628947 8.73805e-05
12 0.628947 9.14836e-05
12.6 0.628947 9.49332e-05
13.2 0.628947 9.76749e-05
13.8 0.628947 9.9665e-05
14.4 0.628947 0.000100872
15 0.628947 0.000101277
15.6 0.628947 0.000100872
16.2 0.628947 9.96658e-05
16.8 0.628947 9.76759e-05
17.4 0.628947 9.49341e-05
18 0.628947 9.14838e-05
18.6 0.628947 8.73794e-05
19.2 0.628947 8.26857e-05
19.8 0.628947 7.74764e-05
20.4 0.628947 7.18332e-05
21 0.628947 6.58447e-05
21.6 0.628947 5.96057e-05
22.2 0.628947 5.32163e-05
22.8 0.628947 4.67799e-05
23.4 0.628947 4.04e-05
24 0.628947 3.41743e-05
24.6 0.628947 2.81912e-05
25.2 0.628947 2.25303e-05
25.8 0.628947 1.72707e-05
26.4 0.628947 1.25058e-05
27 0.628947 8.35546e-06
27.6 0.628947 4.9607e-06
28.2 0.628947 2.45011e-06
28.8 0.628947 8.77445e-07
29.4 0.628947 1.52034e-07
30 0.628947 -1.2251e-36
-30 0.681579 -1.22231e-36
-29.4 0.681579 1.39889e-07
-28.8 0.681579 8.36367e-07
-28.2 0.681579 2.37713e-06
-27.6 0.681579 4.86515e-06
-27 0.681579 8.25254e-06
-26.4 0.681579 1.24088e-05
-25.8 0.681579 1.71862e-05
-25.2 0.681579 2.24595e-05
-24.6 0.681579 2.81357e-05
-24 0.681579 3.41427e-05
-23.4 0.681579 4.0407e-05
-22.8 0.681579 4.68322e-05
-22.2 0.681579 5.32891e-05
-21.6 0.681579 5.96282e-05
-21 0.681579 6.57202e-05
-20.4 0.681579 7.15159e-05
-19.8 0.681579 7.70874e-05
-19.2 0.681579 8.25975e-05
-18.6 0.681579 8.81543e-05
-18 0.681579 9.3567e-05
-17.4 0.681579 9.81155e-05
-16.8 0.681579 0.000100521
-16.2 0.681579 9.93033e-05
-15.6 0.681579 9.35957e-05
-15 0.681579 8.42351e-05
-14.4 0.681579 7.42049e-05
-13.8 0.681579 6.64992e-05
-13.2 0.681579 6.19868e-05
-12.6 0.681579 5.98521e-05
-12 0.681579 5.86879e-05
-11.4 0.681579 5.73049e-05
-10.8 0.681579 5.50901e-05
-10.2 0.681579 5.1975e-05
-9.6 0.681579 4.82032e-05
-9 0.681579 4.40849e-05
-8.4 0.681579 3.98495e-05
-7.8 0.681579 3.56121e-05
-7.2 0.681579 3.14119e-05
-6.6 0.681579 2.72669e-05
-6 0.681579 2.321e-05
-5.4 0.681579 1.92992e-05
-4.8 0.681579 1.56094e-05
-4.2 0.681579 1.22166e-05
-3.6 0.681579 9.18363e-06
-3 0.681579 6.54772e-06
-2.4 0.681579 4.31585e-06
-1.8 0.681579 2.47184e-06
-1.2 0.681579 9.99989e-07
-0.6 0.681579 -7.73564e-08
0 0.681579 -6.61856e-07
0.6 0.681579 -5.76963e-07
1.2 0.681579 3.43063e-07
1.8 0.681579 2.16452e-06
2.4 0.681579 4.85747e-06
3 0.681579 8.335e-06
3.6 0.681579 1.2492e-05
4.2 0.681579 1.72293e-05
4.8 0.681579 2.24608e-05
5.4 0.681579 2.81086e-05
6 0.681579 3.40947e-05
6.6 0.681579 4.03344e-05
7.2 0.681579 4.67348e-05
7.8 0.681579 5.3195e-05
8.4 0.681579 5.96093e-05
9 0.681579 6.58713e-05
9.6 0.681579 7.18789e-05
10.2 0.681579 7.75369e-05
10.8 0.681579 8.27572e-05
11.4 0.681579 8.74595e-05
12 0.681579 9.1571e-05
12.6 0.681579 9.50277e-05
13.2 0.681579 9.7775e-05
13.8 0.681579 9.97694e-05
14.4 0.681579 0.000100979
15 0.681579 0.000101384
15.6 0.681579 0.000100979
16.2 0.681579 9.97702e-05
16.8 0.681579 9.77762e-05
17.4 0.681579 9.50286e-05
18 0.681579 9.15711e-05
18.6 0.681579 8.74582e-05
19.2 0.681579 8.27546e-05
19.8 0.681579 7.75343e-05
20.4 0.681579 7.18789e-05
21 0.681579 6.58774e-05
21.6 0.681579 5.96251e-05
22.2 0.681579 5.32228e-05
22.8 0.681579 4.67744e-05
23.4 0.681579 4.03829e-05
24 0.681579 3.4145e-05
24.6 0.681579 2.81473e-05
25.2 0.681579 2.24684e-05
25.8 0.681579 1.71893e-05
26.4 0.681579 1.24079e-05
27 0.681579 8.25075e-06
27.6 0.681579 4.86409e-06
28.2 0.681579 2.37696e-06
28.8 0.681579 8.36577e-07
29.4 0.681579 1.40018e-07
30 0.681579 -1.2216e-36
-30 0.734211 -1.21835e-36
-29.4 0.734211 1.28245e-07
-28.8 0.734211 7.96589e-07
-28.2 0.734211 2.30554e-06
-27.6 0.734211 4.76987e-06
-27 0.734211 8.14804e-06
-26.4 0.734211 1.23094e-05
-25.8 0.734211 1.71015e-05
-25.2 0.734211 2.23939e-05
-24.6 0.734211 2.80904e-05
-24 0.734211 3.41177e-05
-23.4 0.734211 4.04009e-05
-22.8 0.734211 4.68398e-05
-22.2 0.734211 5.32998e-05
-21.6 0.734211 5.96285e-05
-21 0.734211 6.57037e-05
-20.4 0.734211 7.14955e-05
-19.8 0.734211 7.71025e-05
-19.2 0.734211 8.27055e-05
-18.6 0.734211 8.84024e-05
-18 0.734211 9.39536e-05
-17.4 0.734211 9.85574e-05
-16.8 0.734211 0.000100848
-16.2 0.734211 9.92963e-05
-15.6 0.734211 9.30471e-05
-15 0.734211 8.30233e-05
-14.4 0.734211 7.23391e-05
-13.8 0.734211 6.4119e-05
-13.2 0.734211 5.93167e-05
-12.6 0.734211 5.71301e-05
-12 0.734211 5.60992e-05
-11.4 0.734211 5.49476e-05
-10.8 0.734211 5.29791e-05
-10.2 0.734211 5.00745e-05
-9.6 0.734211 4.64656e-05
-9 0.734211 4.24788e-05
-8.4 0.734211 3.83679e-05
-7.8 0.734211 3.42654e-05
-7.2 0.734211 3.0215e-05
-6.6 0.734211 2.6229e-05
-6 0.734211 2.23316e-05
-5.4 0.734211 1.85739e-05
-4.8 0.734211 1.50272e-05
-4.2 0.734211 1.17668e-05
-3.6 0.734211 8.85378e-06
-3 0.734211 6.32182e-06
-2.4 0.734211 4.17302e-06
-1.8 0.734211 2.38702e-06
-1.2 0.734211 9.47054e-07
-0.6 0.734211 -1.21389e-07
0 0.734211 -7.1357e-07
0.6 0.734211 -6.45555e-07
1.2 0.734211 2.55912e-07
1.8 0.734211 2.06397e-06
2.4 0.734211 4.75269e-06
3 0.734211 8.23536e-06
3.6 0.734211 1.24042e-05
4.2 0.734211 1.71562e-05
4.8 0.734211 2.24024e-05
5.4 0.734211 2.80636e-05
6 0.734211 3.4062e-05
6.6 0.734211 4.03139e-05
7.2 0.734211 4.67268e-05
7.8 0.734211 5.32002e-05
8.4 0.734211 5.96282e-05
9 0.734211 6.5904e-05
9.6 0.734211 7.19248e-05
10.2 0.734211 7.7595e-05
10.8 0.734211 8.28265e-05
11.4 0.734211 8.75386e-05
12 0.734211 9.16586e-05
12.6 0.734211 9.51224e-05
13.2 0.734211 9.78754e-05
13.8 0.734211 9.98739e-05
14.4 0.734211 0.000101086
15 0.734211 0.000101492
15.6 0.734211 0.000101087
16.2 0.734211 9.98749e-05
16.8 0.734211 9.78766e-05
17.4 0.734211 9.51233e-05
18 0.734211 9.16586e-05
18.6 0.734211 8.75371e-05
19.2 0.734211 8.28237e-05
19.8 0.734211 7.75922e-05
20.4 0.734211 7.19247e-05
21 0.734211 6.59101e-05
21.6 0.734211 5.96446e-05
22.2 0.734211 5.32295e-05
22.8 0.734211 4.67693e-05
23.4 0.734211 4.03663e-05
24 0.734211 3.41157e-05
24.6 0.734211 2.81027e-05
25.2 0.734211 2.24054e-05
25.8 0.734211 1.71065e-05
26.4 0.734211 1.23091e-05
27 0.734211 8.14597e-06
27.6 0.734211 4.76831e-06
28.2 0.734211 2.30506e-06
28.8 0.734211 7.96709e-07
29.4 0.734211 1.28375e-07
30 0.734211 -1.21729e-36
-30 0.786842 -1.21366e-36
-29.4 0.786842 1.16961e-07
-28.8 0.786842 7.57798e-07
-28.2 0.786842 2.23519e-06
-27.6 0.786842 4.67538e-06
-27 0.786842 8.04333e-06
-26.4 0.786842 1.22087e-05
-25.8 0.786842 1.70151e-05
-25.2 0.786842 2.23271e-05
-24.6 0.786842 2.80452e-05
-24 0.786842 3.40942e-05
-23.4 0.786842 4.03967e-05
-22.8 0.786842 4.6848e-05
-22.2 0.786842 5.33081e-05
-21.6 0.786842 5.96238e-05
-21 0.786842 6.56815e-05
-20.4 0.786842 7.14724e-05
-19.8 0.786842 7.7121e-05
-19.2 0.786842 8.28236e-05
-18.6 0.786842 8.86652e-05
-18 0.786842 9.43547e-05
-17.4 0.786842 9.90091e-05
-16.8 0.786842 0.00010118
-16.2 0.786842 9.92882e-05
-15.6 0.786842 9.24964e-05
-15 0.786842 8.18117e-05
-14.4 0.786842 7.04756e-05
-13.8 0.786842 6.17401e-05
-13.2 0.786842 5.66433e-05
-12.6 0.786842 5.43983e-05
-12 0.786842 5.34961e-05
-11.4 0.786842 5.25757e-05
-10.8 0.786842 5.0858e-05
-10.2 0.786842 4.81707e-05
-9.6 0.786842 4.47308e-05
-9 0.786842 4.08783e-05
-8.4 0.786842 3.68913e-05
-7.8 0.786842 3.2921e-05
-7.2 0.786842 2.90177e-05
-6.6 0.786842 2.51894e-05
-6 0.786842 2.14515e-05
-5.4 0.786842 1.78477e-05
-4.8 0.786842 1.44454e-05
-4.2 0.786842 1.13181e-05
-3.6 0.786842 8.52495e-06
-3 0.786842 6.09645e-06
-2.4 0.786842 4.03005e-06
-1.8 0.786842 2.30154e-06
-1.2 0.786842 8.93303e-07
-0.6 0.786842 -1.65997e-07
0 0.786842 -7.6538e-07
0.6 0.786842 -7.13792e-07
1.2 0.786842 1.69298e-07
1.8 0.786842 1.96378e-06
2.4 0.786842 4.64783e-06
3 0.786842 8.13519e-06
3.6 0.786842 1.23155e-05
4.2 0.786842 1.70824e-05
4.8 0.786842 2.23436e-05
5.4 0.786842 2.80186e-05
6 0.786842 3.40296e-05
6.6 0.786842 4.02937e-05
7.2 0.786842 4.67191e-05
7.8 0.786842 5.32057e-05
8.4 0.786842 5.96473e-05
9 0.786842 6.59366e-05
9.6 0.786842 7.19707e-05
10.2 0.786842 7.76533e-05
10.8 0.786842 8.28959e-05
11.4 0.786842 8.76179e-05
12 0.786842 9.17464e-05
12.6 0.786842 9.52173e-05
13.2 0.786842 9.7976e-05
13.8 0.786842 9.99787e-05
14.4 0.786842 0.000101193
15 0.786842 0.000101601
15.6 0.786842 0.000101194
16.2 0.786842 9.99798e-05
16.8 0.786842 9.79773e-05
17.4 0.786842 9.52183e-05
18 0.786842 9.17463e-05
18.6 0.786842 8.76162e-05
19.2 0.786842 8.28929e-05
19.8 0.786842 7.76503e-05
20.4 0.786842 7.19704e-05
21 0.786842 6.59428e-05
21.6 0.786842 5.96641e-05
22.2 0.786842 5.32365e-05
22.8 0.786842 4.67645e-05
23.4 0.786842 4.03499e-05
24 0.786842 3.40864e-05
24.6 0.786842 2.80575e-05
25.2 0.786842 2.23412e-05
25.8 0.786842 1.70225e-05
26.4 0.786842 1.22095e-05
27 0.786842 8.04115e-06
27.6 0.786842 4.67328e-06
28.2 0.786842 2.23428e-06
28.8 0.786842 7.57741e-07
29.4 0.786842 1.17064e-07
30 0.786842 -1.21227e-36
-30 0.839474 -1.20831e-36
-29.4 0.839474 1.06011e-07
-28.8 0.839474 7.19919e-07
-28.2 0.839474 2.16598e-06
-27.6 0.839474 4.5816e-06
-27 0.839474 7.93836e-06
-26.4 0.839474 1.21067e-05
-25.8 0.839474 1.6927e-05
-25.2 0.839474 2.22593e-05
-24.6 0.839474 2.80003e-05
-24 0.839474 3.40722e-05
-23.4 0.839474 4.03941e-05
-22.8 0.839474 4.68563e-05
-22.2 0.839474 5.3314e-05
-21.6 0.839474 5.96141e-05
-21 0.839474 6.56541e-05
-20.4 0.839474 7.14471e-05
-19.8 0.839474 7.71432e-05
-19.2 0.839474 8.29519e-05
-18.6 0.839474 8.89423e-05
-18 0.839474 9.47698e-05
-17.4 0.839474 9.94707e-05
-16.8 0.839474 0.000101515
-16.2 0.839474 9.92797e-05
-15.6 0.839474 9.19444e-05
-15 0.839474 8.06001e-05
-14.4 0.839474 6.86137e-05
-13.8 0.839474 5.93619e-05
-13.2 0.839474 5.39662e-05
-12.6 0.839474 5.16569e-05
-12 0.839474 5.08792e-05
-11.4 0.839474 5.01897e-05
-10.8 0.839474 4.87269e-05
-10.2 0.839474 4.62633e-05
-9.6 0.839474 4.29983e-05
-9 0.839474 3.92832e-05
-8.4 0.839474 3.54198e-05
-7.8 0.839474 3.15795e-05
-7.2 0.839474 2.78205e-05
-6.6 0.839474 2.41481e-05
-6 0.839474 2.05696e-05
-5.4 0.839474 1.71207e-05
-4.8 0.839474 1.38639e-05
-4.2 0.839474 1.08703e-05
-3.6 0.839474 8.19713e-06
-3 0.839474 5.87164e-06
-2.4 0.839474 3.88698e-06
-1.8 0.839474 2.21543e-06
-1.2 0.839474 8.38766e-07
-0.6 0.839474 -2.11164e-07
0 0.839474 -8.17291e-07
0.6 0.839474 -7.81701e-07
1.2 0.839474 8.31829e-08
1.8 0.839474 1.86392e-06
2.4 0.839474 4.54289e-06
3 0.839474 8.03452e-06
3.6 0.839474 1.22262e-05
4.2 0.839474 1.70079e-05
4.8 0.839474 2.22845e-05
5.4 0.839474 2.79736e-05
6 0.839474 3.39975e-05
6.6 0.839474 4.02738e-05
7.2 0.839474 4.67118e-05
7.8 0.839474 5.32114e-05
8.4 0.839474 5.96664e-05
9 0.839474 6.59693e-05
9.6 0.839474 7.20166e-05
10.2 0.839474 7.77116e-05
10.8 0.839474 8.29655e-05
11.4 0.839474 8.76973e-05
12 0.839474 9.18344e-05
12.6 0.839474 9.53124e-05
13.2 0.839474 9.80768e-05
13.8 0.839474 0.000100084
14.4 0.839474 0.000101301
15 0.839474 0.000101709
15.6 0.839474 0.000101302
16.2 0.839474 0.000100085
16.8 0.839474 9.80782e-05
17.4 0.839474 9.53134e-05
18 0.839474 9.18342e-05
18.6 0.839474 8.76955e-05
19.2 0.839474 8.29623e-05
19.8 0.839474 7.77084e-05
20.4 0.839474 7.2016e-05
21 0.839474 6.59754e-05
21.6 0.839474 5.96838e-05
22.2 0.839474 5.32438e-05
22.8 0.839474 4.67602e-05
23.4 0.839474 4.03338e-05
24 0.839474 3.40569e-05
24.6 0.839474 2.80117e-05
25.2 0.839474 2.22759e-05
25.8 0.839474 1.69373e-05
26.4 0.839474 1.2109e-05
27 0.839474 7.9363e-06
27.6 0.839474 4.57896e-06
28.2 0.839474 2.16453e-06
28.8 0.839474 7.19587e-07
29.4 0.839474 1.06052e-07
30 0.839474 -1.20663e-36
-30 0.892105 -1.20231e-36
-29.4 0.892105 9.53728e-08
-28.8 0.892105 6.82882e-07
-28.2 0.892105 2.09781e-06
-27.6 0.892105 4.48842e-06
-27 0.892105 7.83309e-06
-26.4 0.892105 1.20036e-05
-25.8 0.892105 1.68376e-05
-25.2 0.892105 2.21907e-05
-24.6 0.892105 2.79559e-05
-24 0.892105 3.40517e-05
-23.4 0.892105 4.0393e-05
-22.8 0.892105 4.68645e-05
-22.2 0.892105 5.33171e-05
-21.6 0.892105 5.95994e-05
-21 0.892105 6.56216e-05
-20.4 0.892105 7.14198e-05
-19.8 0.892105 7.71691e-05
-19.2 0.892105 8.30902e-05
-18.6 0.892105 8.92332e-05
-18 0.892105 9.51987e-05
-17.4 0.892105 9.99421e-05
-16.8 0.892105 0.000101855
-16.2 0.892105 9.92715e-05
-15.6 0.892105 9.13913e-05
-15 0.892105 7.93887e-05
-14.4 0.892105 6.6753e-05
-13.8 0.892105 5.69836e-05
-13.2 0.892105 5.12849e-05
-12.6 0.892105 4.8906e-05
-12 0.892105 4.82488e-05
-11.4 0.892105 4.779e-05
-10.8 0.892105 4.65859e-05
-10.2 0.892105 4.43522e-05
-9.6 0.892105 4.12677e-05
-9 0.892105 3.76932e-05
-8.4 0.892105 3.39535e-05
-7.8 0.892105 3.02409e-05
-7.2 0.892105 2.66236e-05
-6.6 0.892105 2.31054e-05
-6 0.892105 1.96859e-05
-5.4 0.892105 1.63926e-05
-4.8 0.892105 1.32824e-05
-4.2 0.892105 1.04233e-05
-3.6 0.892105 7.87034e-06
-3 0.892105 5.64743e-06
-2.4 0.892105 3.74384e-06
-1.8 0.892105 2.12874e-06
-1.2 0.892105 7.83473e-07
-0.6 0.892105 -2.56876e-07
0 0.892105 -8.69312e-07
0.6 0.892105 -8.49311e-07
1.2 0.892105 -2.46354e-09
1.8 0.892105 1.76438e-06
2.4 0.892105 4.4379e-06
3 0.892105 7.93339e-06
3.6 0.892105 1.21362e-05
4.2 0.892105 1.69328e-05
4.8 0.892105 2.2225e-05
5.4 0.892105 2.79286e-05
6 0.892105 3.39656e-05
6.6 0.892105 4.02544e-05
7.2 0.892105 4.67048e-05
7.8 0.892105 5.32173e-05
8.4 0.892105 5.96856e-05
9 0.892105 6.60021e-05
9.6 0.892105 7.20626e-05
10.2 0.892105 7.77701e-05
10.8 0.892105 8.30352e-05
11.4 0.892105 8.7777e-05
12 0.892105 9.19226e-05
12.6 0.892105 9.54078e-05
13.2 0.892105 9.81779e-05
13.8 0.892105 0.000100189
14.4 0.892105 0.000101409
15 0.892105 0.000101818
15.6 0.892105 0.00010141
16.2 0.892105 0.00010019
16.8 0.892105 9.81793e-05
17.4 0.892105 9.54088e-05
18 0.892105 9.19224e-05
18.6 0.892105 8.77751e-05
19.2 0.892105 8.30317e-05
19.8 0.892105 7.77665e-05
20.4 0.892105 7.20617e-05
21 0.892105 6.60081e-05
21.6 0.892105 5.97036e-05
22.2 0.892105 5.32514e-05
22.8 0.892105 4.67562e-05
23.4 0.892105 4.03179e-05
24 0.892105 3.40274e-05
24.6 0.892105 2.79651e-05
25.2 0.892105 2.22095e-05
25.8 0.892105 1.68509e-05
26.4 0.892105 1.20078e-05
27 0.892105 7.83143e-06
27.6 0.892105 4.4853e-06
28.2 0.892105 2.09573e-06
28.8 0.892105 6.82175e-07
29.4 0.892105 9.53107e-08
30 0.892105 -1.20045e-36
-30 0.944737 -1.19569e-36
-29.4 0.944737 8.50228e-08
-28.8 0.944737 6.46621e-07
-28.2 0.944737 2.03057e-06
-27.6 0.944737 4.39575e-06
-27 0.944737 7.72748e-06
-26.4 0.944737 1.18994e-05
-25.8 0.944737 1.67468e-05
-25.2 0.944737 2.21213e-05
-24.6 0.944737 2.79119e-05
-24 0.944737 3.40326e-05
-23.4 0.944737 4.03931e-05
-22.8 0.944737 4.68723e-05
-22.2 0.944737 5.33173e-05
-21.6 0.944737 5.95798e-05
-21 0.944737 6.55844e-05
-20.4 0.944737 7.1391e-05
-19.8 0.944737 7.71991e-05
-19.2 0.944737 8.32384e-05
-18.6 0.944737 8.95377e-05
-18 0.944737 9.5641e-05
-17.4 0.944737 0.000100423
-16.8 0.944737 0.000102199
-16.2 0.944737 9.9264e-05
-15.6 0.944737 9.08378e-05
-15 0.944737 7.81774e-05
-14.4 0.944737 6.4893e-05
-13.8 0.944737 5.46048e-05
-13.2 0.944737 4.85992e-05
-12.6 0.944737 4.61456e-05
-12 0.944737 4.56052e-05
-11.4 0.944737 4.53769e-05
-10.8 0.944737 4.44351e-05
-10.2 0.944737 4.24371e-05
-9.6 0.944737 3.95387e-05
-9 0.944737 3.6108e-05
-8.4 0.944737 3.24923e-05
-7.8 0.944737 2.89055e-05
-7.2 0.944737 2.54273e-05
-6.6 0.944737 2.20615e-05
-6 0.944737 1.88005e-05
-5.4 0.944737 1.56634e-05
-4.8 0.944737 1.27009e-05
-4.2 0.944737 9.97717e-06
-3.6 0.944737 7.54454e-06
-3 0.944737 5.42384e-06
-2.4 0.944737 3.6007e-06
-1.8 0.944737 2.04151e-06
-1.2 0.944737 7.27454e-07
-0.6 0.944737 -3.03122e-07
0 0.944737 -9.21453e-07
0.6 0.944737 -9.16646e-07
1.2 0.944737 -8.76706e-08
1.8 0.944737 1.66514e-06
2.4 0.944737 4.33284e-06
3 0.944737 7.83181e-06
3.6 0.944737 1.20455e-05
4.2 0.944737 1.68571e-05
4.8 0.944737 2.21651e-05
5.4 0.944737 2.78836e-05
6 0.944737 3.3934e-05
6.6 0.944737 4.02354e-05
7.2 0.944737 4.66982e-05
7.8 0.944737 5.32234e-05
8.4 0.944737 5.9705e-05
9 0.944737 6.60349e-05
9.6 0.944737 7.21086e-05
10.2 0.944737 7.78286e-05
10.8 0.944737 8.3105e-05
11.4 0.944737 8.78568e-05
12 0.944737 9.2011e-05
12.6 0.944737 9.55033e-05
13.2 0.944737 9.82791e-05
13.8 0.944737 0.000100294
14.4 0.944737 0.000101517
15 0.944737 0.000101927
15.6 0.944737 0.000101518
16.2 0.944737 0.000100296
16.8 0.944737 9.82807e-05
17.4 0.944737 9.55043e-05
18 0.944737 9.20107e-05
18.6 0.944737 8.78547e-05
19.2 0.944737 8.31013e-05
19.8 0.944737 7.78246e-05
20.4 0.944737 7.21073e-05
21 0.944737 6.60408e-05
21.6 0.944737 5.97235e-05
22.2 0.944737 5.32593e-05
22.8 0.944737 4.67525e-05
23.4 0.944737 4.03023e-05
24 0.944737 3.39976e-05
24.6 0.944737 2.79179e-05
25.2 0.944737 2.2142e-05
25.8 0.944737 1.67634e-05
26.4 0.944737 1.19059e-05
27 0.944737 7.72653e-06
27.6 0.944737 4.39224e-06
28.2 0.944737 2.0278e-06
28.8 0.944737 6.45441e-07
29.4 0.944737 8.48167e-08
30 0.944737 -1.19378e-36
-30 0.997368 -1.18847e-36
-29.4 0.997368 7.49396e-08
-28.8 0.997368 6.11068e-07
-28.2 0.997368 1.96417e-06
-27.6 0.997368 4.3035e-06
-27 0.997368 7.62148e-06
-26.4 0.997368 1.1794e-05
-25.8 0.997368 1.66547e-05
-25.2 0.997368 2.20515e-05
-24.6 0.997368 2.78685e-05
-24 0.997368 3.40149e-05
-23.4 0.997368 4.03943e-05
-22.8 0.997368 4.68795e-05
-22.2 0.997368 5.33142e-05
-21.6 0.997368 5.95552e-05
-21 0.997368 6.55425e-05
-20.4 0.997368 7.13609e-05
-19.8 0.997368 7.72333e-05
-19.2 0.997368 8.33963e-05
-18.6 0.997368 8.98554e-05
-18 0.997368 9.60963e-05
-17.4 0.997368 0.000100914
-16.8 0.997368 0.000102549
-16.2 0.997368 9.92579e-05
-15.6 0.997368 9.0284e-05
-15 0.997368 7.69661e-05
-14.4 0.997368 6.30334e-05
-13.8 0.997368 5.22248e-05
-13.2 0.997368 4.59086e-05
-12.6 0.997368 4.33756e-05
-12 0.997368 4.29487e-05
-11.4 0.997368 4.29507e-05
-10.8 0.997368 4.22745e-05
-10.2 0.997368 4.05178e-05
-9.6 0.997368 3.7811e-05
-9 0.997368 3.45275e-05
-8.4 0.997368 3.10362e-05
-7.8 0.997368 2.75735e-05
-7.2 0.997368 2.42318e-05
-6.6 0.997368 2.10165e-05
-6 0.997368 1.79134e-05
-5.4 0.997368 1.4933e-05
-4.8 0.997368 1.21192e-05
-4.2 0.997368 9.53173e-06
-3.6 0.997368 7.2197e-06
-3 0.997368 5.20089e-06
-2.4 0.997368 3.4576e-06
-1.8 0.997368 1.9538e-06
-1.2 0.997368 6.70743e-07
-0.6 0.997368 -3.49892e-07
0 0.997368 -9.73725e-07
0.6 0.997368 -9.83733e-07
1.2 0.997368 -1.72465e-07
1.8 0.997368 1.56618e-06
2.4 0.997368 4.22774e-06
3 0.997368 7.72981e-06
3.6 0.997368 1.19542e-05
4.2 0.997368 1.67807e-05
4.8 0.997368 2.21048e-05
5.4 0.997368 2.78385e-05
6 0.997368 3.39026e-05
6.6 0.997368 4.02167e-05
7.2 0.997368 4.66919e-05
7.8 0.997368 5.32298e-05
8.4 0.997368 5.97244e-05
9 0.997368 6.60677e-05
9.6 0.997368 7.21547e-05
10.2 0.997368 7.78871e-05
10.8 0.997368 8.3175e-05
11.4 0.997368 8.79368e-05
12 0.997368 9.20996e-05
12.6 0.997368 9.55991e-05
13.2 0.997368 9.83806e-05
13.8 0.997368 0.0001004
14.4 0.997368 0.000101625
15 0.997368 0.000102036
15.6 0.997368 0.000101626
16.2 0.997368 0.000100402
16.8 0.997368 9.83822e-05
17.4 0.997368 9.56002e-05
18 0.997368 9.20993e-05
18.6 0.997368 8.79346e-05
19.2 0.997368 8.3171e-05
19.8 0.997368 7.78827e-05
20.4 0.997368 7.2153e-05
21 0.997368 6.60735e-05
21.6 0.997368 5.97436e-05
22.2 0.997368 5.32675e-05
22.8 0.997368 4.67493e-05
23.4 0.997368 4.02868e-05
24 0.997368 3.39676e-05
24.6 0.997368 2.787e-05
25.2 0.997368 2.20734e-05
25.8 0.997368 1.66748e-05
26.4 0.997368 1.18033e-05
27 0.997368 7.62162e-06
27.6 0.997368 4.29974e-06
28.2 0.997368 1.96067e-06
28.8 0.997368 6.09331e-07
29.4 0.997368 7.45487e-08
30 0.997368 -1.18668e-36
-30 1.05 -1.18068e-36
-29.4 1.05 6.5102e-08
-28.8 1.05 5.76161e-07
-28.2 1.05 1.89852e-06
-27.6 1.05 4.21159e-06
-27 1.05 7.51507e-06
-26.4 1.05 1.16876e-05
-25.8 1.05 1.65616e-05
-25.2 1.05 2.19812e-05
-24.6 1.05 2.78258e-05
-24 1.05 3.39985e-05
-23.4 1.05 4.03963e-05
-22.8 1.05 4.68857e-05
-22.2 1.05 5.33079e-05
-21.6 1.05 5.95257e-05
-21 1.05 6.54964e-05
-20.4 1.05 7.13298e-05
-19.8 1.05 7.72718e-05
-19.2 1.05 8.35641e-05
-18.6 1.05 9.01861e-05
-18 1.05 9.65645e-05
-17.4 1.05 0.000101414
-16.8 1.05 0.000102904
-16.2 1.05 9.92536e-05
-15.6 1.05 8.97304e-05
-15 1.05 7.5755e-05
-14.4 1.05 6.11739e-05
-13.8 1.05 4.98432e-05
-13.2 1.05 4.32129e-05
-12.6 1.05 4.05961e-05
-12 1.05 4.02795e-05
-11.4 1.05 4.05117e-05
-10.8 1.05 4.01043e-05
-10.2 1.05 3.85943e-05
-9.6 1.05 3.60844e-05
-9 1.05 3.29515e-05
-8.4 1.05 2.95853e-05
-7.8 1.05 2.6245e-05
-7.2 1.05 2.30375e-05
-6.6 1.05 1.99705e-05
-6 1.05 1.70246e-05
-5.4 1.05 1.42014e-05
-4.8 1.05 1.15373e-05
-4.2 1.05 9.0869e-06
-3.6 1.05 6.89579e-06
-3 1.05 4.97862e-06
-2.4 1.05 3.31459e-06
-1.8 1.05 1.86564e-06
-1.2 1.05 6.13374e-07
-0.6 1.05 -3.97176e-07
0 1.05 -1.02614e-06
0.6 1.05 -1.0506e-06
1.2 1.05 -2.56874e-07
1.8 1.05 1.46749e-06
2.4 1.05 4.12258e-06
3 1.05 7.62739e-06
3.6 1.05 1.18622e-05
4.2 1.05 1.67037e-05
4.8 1.05 2.20441e-05
5.4 1.05 2.77933e-05
6 1.05 3.38714e-05
6.6 1.05 4.01983e-05
7.2 1.05 4.6686e-05
7.8 1.05 5.32365e-05
8.4 1.05 5.97441e-05
9 1.05 6.61006e-05
9.6 1.05 7.22008e-05
10.2 1.05 7.79458e-05
10.8 1.05 8.32451e-05
11.4 1.05 8.8017e-05
12 1.05 9.21885e-05
12.6 1.05 9.56951e-05
13.2 1.05 9.84823e-05
13.8 1.05 0.000100506
14.4 1.05 0.000101734
15 1.05 0.000102145
15.6 1.05 0.000101734
16.2 1.05 0.000100508
16.8 1.05 9.8484e-05
17.4 1.05 9.56962e-05
18 1.05 9.21881e-05
18.6 1.05 8.80146e-05
19.2 1.05 8.32408e-05
19.8 1.05 7.79409e-05
20.4 1.05 7.21986e-05
21 1.05 6.61063e-05
21.6 1.05 5.97639e-05
22.2 1.05 5.32761e-05
22.8 1.05 4.67464e-05
23.4 1.05 4.02715e-05
24 1.05 3.39373e-05
24.6 1.05 2.78213e-05
25.2 1.05 2.20038e-05
25.8 1.05 1.65852e-05
26.4 1.05 1.17001e-05
27 1.05 7.51669e-06
27.6 1.05 4.20777e-06
28.2 1.05 1.89429e-06
28.8 1.05 5.73795e-07
29.4 1.05 6.44884e-08
30 1.05 -1.17919e-36
