-30 0.1 0
-29.4 0.1 0
-28.8 0.1 0
-28.2 0.1 0
-27.6 0.1 0
-27 0.1 0
-26.4 0.1 0
-25.8 0.1 0
-25.2 0.1 0
-24.6 0.1 0
-24 0.1 0
-23.4 0.1 0
-22.8 0.1 0
-22.2 0.1 0
-21.6 0.1 0
-21 0.1 0
-20.4 0.1 0
-19.8 0.1 0
-19.2 0.1 0
-18.6 0.1 0
-18 0.1 0
-17.4 0.1 0
-16.8 0.1 0
-16.2 0.1 0
-15.6 0.1 0
-15 0.1 0
-14.4 0.1 0
-13.8 0.1 0
-13.2 0.1 0
-12.6 0.1 0
-12 0.1 0
-11.4 0.1 0
-10.8 0.1 0
-10.2 0.1 -7.95149e-06
-9.6 0.1 -1.67463e-05
-9 0.1 -1.99385e-05
-8.4 0.1 -6.96437e-06
-7.8 0.1 2.93622e-05
-7.2 0.1 8.20917e-05
-6.6 0.1 0.000120793
-6 0.1 9.31534e-05
-5.4 0.1 -5.33924e-05
-4.8 0.1 -0.000328922
-4.2 0.1 -0.00065114
-3.6 0.1 -0.000818212
-3 0.1 -0.000540522
-2.4 0.1 0.000445739
-1.8 0.1 0.00219691
-1.2 0.1 0.00438486
-0.6 0.1 0.00627488
0 0.1 0.0070306
0.6 0.1 0.00627193
1.2 0.1 0.00438033
1.8 0.1 0.00219259
2.4 0.1 0.00044285
3 0.1 -0.000541754
3.6 0.1 -0.000818251
4.2 0.1 -0.00065065
4.8 0.1 -0.000328407
5.4 0.1 -5.30846e-05
6 0.1 9.32372e-05
6.6 0.1 0.000120743
7.2 0.1 8.20052e-05
7.8 0.1 2.92993e-05
8.4 0.1 -6.98871e-06
9 0.1 -1.9936e-05
9.6 0.1 -1.67347e-05
10.2 0.1 0
10.8 0.1 0
11.4 0.1 0
12 0.1 0
12.6 0.1 0
13.2 0.1 0
13.8 0.1 0
14.4 0.1 0
15 0.1 0
15.6 0.1 0
16.2 0.1 0
16.8 0.1 0
17.4 0.1 0
18 0.1 0
18.6 0.1 0
19.2 0.1 0
19.8 0.1 0
20.4 0.1 0
21 0.1 0
21.6 0.1 0
22.2 0.1 0
22.8 0.1 0
23.4 0.1 0
24 0.1 0
24.6 0.1 0
25.2 0.1 0
25.8 0.1 0
26.4 0.1 0
27 0.1 0
27.6 0.1 0
28.2 0.1 0
28.8 0.1 0
29.4 0.1 0
30 0.1 0
-30 0.211111 0
-29.4 0.211111 0
-28.8 0.211111 0
-28.2 0.211111 0
-27.6 0.211111 0
-27 0.211111 0
-26.4 0.211111 0
-25.8 0.211111 0
-25.2 0.211111 0
-24.6 0.211111 0
-24 0.211111 0
-23.4 0.211111 0
-22.8 0.211111 0
-22.2 0.211111 0
-21.6 0.211111 0
-21 0.211111 0
-20.4 0.211111 0
-19.8 0.211111 0
-19.2 0.211111 0
-18.6 0.211111 0
-18 0.211111 0
-17.4 0.211111 0
-16.8 0.211111 0
-16.2 0.211111 0
-15.6 0.211111 0
-15 0.211111 0
-14.4 0.211111 0
-13.8 0.211111 0
-13.2 0.211111 0
-12.6 0.211111 0
-12 0.211111 0
-11.4 0.211111 0
-10.8 0.211111 0
-10.2 0.211111 -4.29031e-06
-9.6 0.211111 -1.15043e-05
-9 0.211111 -1.63298e-05
-8.4 0.211111 -1.00725e-05
-7.8 0.211111 1.52483e-05
-7.2 0.211111 5.78093e-05
-6.6 0.211111 9.61519e-05
-6 0.211111 8.70249e-05
-5.4 0.211111 -1.93533e-05
-4.8 0.211111 -0.000242647
-4.2 0.211111 -0.00052419
-3.6 0.211111 -0.000694006
-3 0.211111 -0.000489714
-2.4 0.211111 0.000344899
-1.8 0.211111 0.00188781
-1.2 0.211111 0.0038596
-0.6 0.211111 0.00558614
0 0.211111 0.00628104
0.6 0.211111 0.00558347
1.2 0.211111 0.00385556
1.8 0.211111 0.00188407
2.4 0.211111 0.000342496
3 0.211111 -0.000490654
3.6 0.211111 -0.000693966
4.2 0.211111 -0.000523767
4.8 0.211111 -0.000242252
5.4 0.211111 -1.9146e-05
6 0.211111 8.70597e-05
6.6 0.211111 9.60982e-05
7.2 0.211111 5.77433e-05
7.8 0.211111 1.52081e-05
8.4 0.211111 -1.00834e-05
9 0.211111 -1.63241e-05
9.6 0.211111 -1.14955e-05
10.2 0.211111 -4.28543e-06
10.8 0.211111 0
11.4 0.211111 0
12 0.211111 0
12.6 0.211111 0
13.2 0.211111 0
13.8 0.211111 0
14.4 0.211111 0
15 0.211111 0
15.6 0.211111 0
16.2 0.211111 0
16.8 0.211111 0
17.4 0.211111 0
18 0.211111 0
18.6 0.211111 0
19.2 0.211111 0
19.8 0.211111 0
20.4 0.211111 0
21 0.211111 0
21.6 0.211111 0
22.2 0.211111 0
22.8 0.211111 0
23.4 0.211111 0
24 0.211111 0
24.6 0.211111 0
25.2 0.211111 0
25.8 0.211111 0
26.4 0.211111 0
27 0.211111 0
27.6 0.211111 0
28.2 0.211111 0
28.8 0.211111 0
29.4 0.211111 0
30 0.211111 0
-30 0.322222 0
-29.4 0.322222 0
-28.8 0.322222 0
-28.2 0.322222 0
-27.6 0.322222 0
-27 0.322222 0
-26.4 0.322222 0
-25.8 0.322222 0
-25.2 0.322222 0
-24.6 0.322222 0
-24 0.322222 0
-23.4 0.322222 0
-22.8 0.322222 0
-22.2 0.322222 0
-21.6 0.322222 0
-21 0.322222 0
-20.4 0.322222 0
-19.8 0.322222 0
-19.2 0.322222 0
-18.6 0.322222 0
-18 0.322222 0
-17.4 0.322222 0
-16.8 0.322222 0
-16.2 0.322222 0
-15.6 0.322222 0
-15 0.322222 0
-14.4 0.322222 0
-13.8 0.322222 0
-13.2 0.322222 0
-12.6 0.322222 0
-12 0.322222 0
-11.4 0.322222 0
-10.8 0.322222 0
-10.2 0.322222 -1.77059e-06
-9.6 0.322222 -7.08201e-06
-9 0.322222 -1.22514e-05
-8.4 0.322222 -1.07776e-05
-7.8 0.322222 5.07505e-06
-7.2 0.322222 3.72542e-05
-6.6 0.322222 7.24402e-05
-6 0.322222 7.69386e-05
-5.4 0.322222 5.72136e-06
-4.8 0.322222 -0.000167855
-4.2 0.322222 -0.000407001
-3.6 0.322222 -0.000573945
-3 0.322222 -0.000436038
-2.4 0.322222 0.000252036
-1.8 0.322222 0.00158779
-1.2 0.322222 0.00334089
-0.6 0.322222 0.00490044
0 0.322222 0.00553294
0.6 0.322222 0.00489812
1.2 0.322222 0.00333744
1.8 0.322222 0.00158468
2.4 0.322222 0.000250131
3 0.322222 -0.000436711
3.6 0.322222 -0.000573853
4.2 0.322222 -0.000406657
4.8 0.322222 -0.000167572
5.4 0.322222 5.84697e-06
6 0.322222 7.69413e-05
6.6 0.322222 7.23918e-05
7.2 0.322222 3.72086e-05
7.8 0.322222 5.05265e-06
8.4 0.322222 -1.078e-05
9 0.322222 -1.22452e-05
9.6 0.322222 -7.07623e-06
10.2 0.322222 -1.76859e-06
10.8 0.322222 0
11.4 0.322222 0
12 0.322222 0
12.6 0.322222 0
13.2 0.322222 0
13.8 0.322222 0
14.4 0.322222 0
15 0.322222 0
15.6 0.322222 0
16.2 0.322222 0
16.8 0.322222 0
17.4 0.322222 0
18 0.322222 0
18.6 0.322222 0
19.2 0.322222 0
19.8 0.322222 0
20.4 0.322222 0
21 0.322222 0
21.6 0.322222 0
22.2 0.322222 0
22.8 0.322222 0
23.4 0.322222 0
24 0.322222 0
24.6 0.322222 0
25.2 0.322222 0
25.8 0.322222 0
26.4 0.322222 0
27 0.322222 0
27.6 0.322222 0
28.2 0.322222 0
28.8 0.322222 0
29.4 0.322222 0
30 0.322222 0
-30 0.433333 0
-29.4 0.433333 0
-28.8 0.433333 0
-28.2 0.433333 0
-27.6 0.433333 0
-27 0.433333 0
-26.4 0.433333 0
-25.8 0.433333 0
-25.2 0.433333 0
-24.6 0.433333 0
-24 0.433333 0
-23.4 0.433333 0
-22.8 0.433333 0
-22.2 0.433333 0
-21.6 0.433333 0
-21 0.433333 0
-20.4 0.433333 0
-19.8 0.433333 0
-19.2 0.433333 0
-18.6 0.433333 0
-18 0.433333 0
-17.4 0.433333 0
-16.8 0.433333 0
-16.2 0.433333 0
-15.6 0.433333 0
-15 0.433333 0
-14.4 0.433333 0
-13.8 0.433333 0
-13.2 0.433333 0
-12.6 0.433333 0
-12 0.433333 0
-11.4 0.433333 0
-10.8 0.433333 0
-10.2 0.433333 -3.11787e-07
-9.6 0.433333 -3.69717e-06
-9 0.433333 -8.19895e-06
-8.4 0.433333 -9.59406e-06
-7.8 0.433333 -1.31446e-06
-7.2 0.433333 2.08461e-05
-6.6 0.433333 5.04839e-05
-6 0.433333 6.35991e-05
-5.4 0.433333 2.18777e-05
-4.8 0.433333 -0.000105264
-4.2 0.433333 -0.000300565
-3.6 0.433333 -0.000458499
-3 0.433333 -0.000378952
-2.4 0.433333 0.000168441
-1.8 0.433333 0.00129798
-1.2 0.433333 0.00282884
-0.6 0.433333 0.00421661
0 0.433333 0.00478458
0.6 0.433333 0.0042147
1.2 0.433333 0.00282604
1.8 0.433333 0.00129553
2.4 0.433333 0.00016702
3 0.433333 -0.000379393
3.6 0.433333 -0.000458384
4.2 0.433333 -0.000300305
4.8 0.433333 -0.000105079
5.4 0.433333 2.19421e-05
6 0.433333 6.35849e-05
6.6 0.433333 5.04464e-05
7.2 0.433333 2.08185e-05
7.8 0.433333 -1.32437e-06
8.4 0.433333 -9.59242e-06
9 0.433333 -8.19424e-06
9.6 0.433333 -3.6943e-06
10.2 0.433333 -3.11668e-07
10.8 0.433333 0
11.4 0.433333 0
12 0.433333 0
12.6 0.433333 0
13.2 0.433333 0
13.8 0.433333 0
14.4 0.433333 0
15 0.433333 0
15.6 0.433333 0
16.2 0.433333 0
16.8 0.433333 0
17.4 0.433333 0
18 0.433333 0
18.6 0.433333 0
19.2 0.433333 0
19.8 0.433333 0
20.4 0.433333 0
21 0.433333 0
21.6 0.433333 0
22.2 0.433333 0
22.8 0.433333 0
23.4 0.433333 0
24 0.433333 0
24.6 0.433333 0
25.2 0.433333 0
25.8 0.433333 0
26.4 0.433333 0
27 0.433333 0
27.6 0.433333 0
28.2 0.433333 0
28.8 0.433333 0
29.4 0.433333 0
30 0.433333 0
-30 0.544444 0
-29.4 0.544444 0
-28.8 0.544444 0
-28.2 0.544444 0
-27.6 0.544444 0
-27 0.544444 0
-26.4 0.544444 0
-25.8 0.544444 0
-25.2 0.544444 0
-24.6 0.544444 0
-24 0.544444 0
-23.4 0.544444 0
-22.8 0.544444 0
-22.2 0.544444 0
-21.6 0.544444 0
-21 0.544444 0
-20.4 0.544444 0
-19.8 0.544444 0
-19.2 0.544444 0
-18.6 0.544444 0
-18 0.544444 0
-17.4 0.544444 0
-16.8 0.544444 0
-16.2 0.544444 0
-15.6 0.544444 0
-15 0.544444 0
-14.4 0.544444 0
-13.8 0.544444 0
-13.2 0.544444 0
-12.6 0.544444 0
-12 0.544444 0
-11.4 0.544444 0
-10.8 0.544444 0
-10.2 0.544444 2.75561e-07
-9.6 0.544444 -1.46381e-06
-9 0.544444 -4.67491e-06
-8.4 0.544444 -7.19006e-06
-7.8 0.544444 -4.28128e-06
-7.2 0.544444 8.93066e-06
-6.6 0.544444 3.1276e-05
-6 0.544444 4.80276e-05
-5.4 0.544444 2.93675e-05
-4.8 0.544444 -5.57172e-05
-4.2 0.544444 -0.000206275
-3.6 0.544444 -0.000348506
-3 0.544444 -0.000317924
-2.4 0.544444 9.58053e-05
-1.8 0.544444 0.00102002
-1.2 0.544444 0.0023237
-0.6 0.544444 0.0035332
0 0.544444 0.00403372
0.6 0.544444 0.00353171
1.2 0.544444 0.00232157
1.8 0.544444 0.00101822
2.4 0.544444 9.48285e-05
3 0.544444 -0.000318176
3.6 0.544444 -0.000348391
4.2 0.544444 -0.000206096
4.8 0.544444 -5.56111e-05
5.4 0.544444 2.93912e-05
6 0.544444 4.80088e-05
6.6 0.544444 3.12515e-05
7.2 0.544444 8.91701e-06
7.8 0.544444 -4.28387e-06
8.4 0.544444 -7.1875e-06
9 0.544444 -4.67221e-06
9.6 0.544444 -1.46293e-06
10.2 0.544444 2.74865e-07
10.8 0.544444 0
11.4 0.544444 0
12 0.544444 0
12.6 0.544444 0
13.2 0.544444 0
13.8 0.544444 0
14.4 0.544444 0
15 0.544444 0
15.6 0.544444 0
16.2 0.544444 0
16.8 0.544444 0
17.4 0.544444 0
18 0.544444 0
18.6 0.544444 0
19.2 0.544444 0
19.8 0.544444 0
20.4 0.544444 0
21 0.544444 0
21.6 0.544444 0
22.2 0.544444 0
22.8 0.544444 0
23.4 0.544444 0
24 0.544444 0
24.6 0.544444 0
25.2 0.544444 0
25.8 0.544444 0
26.4 0.544444 0
27 0.544444 0
27.6 0.544444 0
28.2 0.544444 0
28.8 0.544444 0
29.4 0.544444 0
30 0.544444 0
-30 0.655556 0
-29.4 0.655556 0
-28.8 0.655556 0
-28.2 0.655556 0
-27.6 0.655556 0
-27 0.655556 0
-26.4 0.655556 0
-25.8 0.655556 0
-25.2 0.655556 0
-24.6 0.655556 0
-24 0.655556 0
-23.4 0.655556 0
-22.8 0.655556 0
-22.2 0.655556 0
-21.6 0.655556 0
-21 0.655556 0
-20.4 0.655556 0
-19.8 0.655556 0
-19.2 0.655556 0
-18.6 0.655556 0
-18 0.655556 0
-17.4 0.655556 0
-16.8 0.655556 0
-16.2 0.655556 0
-15.6 0.655556 0
-15 0.655556 0
-14.4 0.655556 0
-13.8 0.655556 0
-13.2 0.655556 0
-12.6 0.655556 0
-12 0.655556 0
-11.4 0.655556 0
-10.8 0.655556 0
-10.2 0.655556 2.9328e-07
-9.6 0.655556 -3.22116e-07
-9 0.655556 -2.10394e-06
-8.4 0.655556 -4.38105e-06
-7.8 0.655556 -4.49772e-06
-7.2 0.655556 1.64069e-06
-6.6 0.655556 1.59468e-05
-6 0.655556 3.17039e-05
-5.4 0.655556 2.8857e-05
-4.8 0.655556 -2.01053e-05
-4.2 0.655556 -0.000126099
-3.6 0.655556 -0.000245448
-3 0.655556 -0.000252525
-2.4 0.655556 3.64044e-05
-1.8 0.655556 0.000756347
-1.2 0.655556 0.00182607
-0.6 0.655556 0.00284824
0 0.655556 0.00327721
0.6 0.655556 0.00284718
1.2 0.655556 0.00182458
1.8 0.655556 0.000755153
2.4 0.655556 3.58104e-05
3 0.655556 -0.000252637
3.6 0.655556 -0.000245352
4.2 0.655556 -0.000125993
4.8 0.655556 -2.00568e-05
5.4 0.655556 2.88588e-05
6 0.655556 3.16889e-05
6.6 0.655556 1.59344e-05
7.2 0.655556 1.63594e-06
7.8 0.655556 -4.49731e-06
8.4 0.655556 -4.37926e-06
9 0.655556 -2.1029e-06
9.6 0.655556 -3.22209e-07
10.2 0.655556 2.92494e-07
10.8 0.655556 0
11.4 0.655556 0
12 0.655556 0
12.6 0.655556 0
13.2 0.655556 0
13.8 0.655556 0
14.4 0.655556 0
15 0.655556 0
15.6 0.655556 0
16.2 0.655556 0
16.8 0.655556 0
17.4 0.655556 0
18 0.655556 0
18.6 0.655556 0
19.2 0.655556 0
19.8 0.655556 0
20.4 0.655556 0
21 0.655556 0
21.6 0.655556 0
22.2 0.655556 0
22.8 0.655556 0
23.4 0.655556 0
24 0.655556 0
24.6 0.655556 0
25.2 0.655556 0
25.8 0.655556 0
26.4 0.655556 0
27 0.655556 0
27.6 0.655556 0
28.2 0.655556 0
28.8 0.655556 0
29.4 0.655556 0
30 0.655556 0
-30 0.766667 0
-29.4 0.766667 0
-28.8 0.766667 0
-28.2 0.766667 0
-27.6 0.766667 0
-27 0.766667 0
-26.4 0.766667 0
-25.8 0.766667 0
-25.2 0.766667 0
-24.6 0.766667 0
-24 0.766667 0
-23.4 0.766667 0
-22.8 0.766667 0
-22.2 0.766667 0
-21.6 0.766667 0
-21 0.766667 0
-20.4 0.766667 0
-19.8 0.766667 0
-19.2 0.766667 0
-18.6 0.766667 0
-18 0.766667 0
-17.4 0.766667 0
-16.8 0.766667 0
-16.2 0.766667 0
-15.6 0.766667 0
-15 0.766667 0
-14.4 0.766667 0
-13.8 0.766667 0
-13.2 0.766667 0
-12.6 0.766667 0
-12 0.766667 0
-11.4 0.766667 0
-10.8 0.766667 0
-10.2 0.766667 9.84693e-08
-9.6 0.766667 1.62016e-08
-9 0.766667 -6.71813e-07
-8.4 0.766667 -2.01785e-06
-7.8 0.766667 -3.05507e-06
-7.2 0.766667 -1.38536e-06
-6.6 0.766667 5.59784e-06
-6 0.766667 1.67445e-05
-5.4 0.766667 2.18216e-05
-4.8 0.766667 8.52706e-07
-4.2 0.766667 -6.27901e-05
-3.6 0.766667 -0.000151974
-3 0.766667 -0.000182783
-2.4 0.766667 -6.59762e-06
-1.8 0.766667 0.000510905
-1.2 0.766667 0.00133711
-0.6 0.766667 0.00215893
0 0.766667 0.00251044
0.6 0.766667 0.00215827
1.2 0.766667 0.00133622
1.8 0.766667 0.000510234
2.4 0.766667 -6.88825e-06
3 0.766667 -0.000182809
3.6 0.766667 -0.000151912
4.2 0.766667 -6.27426e-05
4.8 0.766667 8.66629e-07
5.4 0.766667 2.1817e-05
6 0.766667 1.67369e-05
6.6 0.766667 5.59362e-06
7.2 0.766667 -1.38615e-06
7.8 0.766667 -3.05437e-06
8.4 0.766667 -2.01714e-06
9 0.766667 -6.71628e-07
9.6 0.766667 1.58913e-08
10.2 0.766667 9.78906e-08
10.8 0.766667 0
11.4 0.766667 0
12 0.766667 0
12.6 0.766667 0
13.2 0.766667 0
13.8 0.766667 0
14.4 0.766667 0
15 0.766667 0
15.6 0.766667 0
16.2 0.766667 0
16.8 0.766667 0
17.4 0.766667 0
18 0.766667 0
18.6 0.766667 0
19.2 0.766667 0
19.8 0.766667 0
20.4 0.766667 0
21 0.766667 0
21.6 0.766667 0
22.2 0.766667 0
22.8 0.766667 0
23.4 0.766667 0
24 0.766667 0
24.6 0.766667 0
25.2 0.766667 0
25.8 0.766667 0
26.4 0.766667 0
27 0.766667 0
27.6 0.766667 0
28.2 0.766667 0
28.8 0.766667 0
29.4 0.766667 0
30 0.766667 0
-30 0.877778 0
-29.4 0.877778 0
-28.8 0.877778 0
-28.2 0.877778 0
-27.6 0.877778 0
-27 0.877778 0
-26.4 0.877778 0
-25.8 0.877778 0
-25.2 0.877778 0
-24.6 0.877778 0
-24 0.877778 0
-23.4 0.877778 0
-22.8 0.877778 0
-22.2 0.877778 0
-21.6 0.877778 0
-21 0.877778 0
-20.4 0.877778 0
-19.8 0.877778 0
-19.2 0.877778 0
-18.6 0.877778 0
-18 0.877778 0
-17.4 0.877778 0
-16.8 0.877778 0
-16.2 0.877778 0
-15.6 0.877778 0
-15 0.877778 0
-14.4 0.877778 0
-13.8 0.877778 0
-13.2 0.877778 0
-12.6 0.877778 0
-12 0.877778 0
-11.4 0.877778 0
-10.8 0.877778 0
-10.2 0.877778 -3.83056e-08
-9.6 0.877778 -4.79198e-09
-9 0.877778 -1.60012e-07
-8.4 0.877778 -6.48302e-07
-7.8 0.877778 -1.34098e-06
-7.2 0.877778 -1.42336e-06
-6.6 0.877778 6.52764e-07
-6 0.877778 5.87256e-06
-5.4 0.877778 1.14296e-05
-4.8 0.877778 7.44013e-06
-4.2 0.877778 -2.02296e-05
-3.6 0.877778 -7.30467e-05
-3 0.877778 -0.00010984
-2.4 0.877778 -2.88372e-05
-1.8 0.877778 0.00029026
-1.2 0.877778 0.000859841
-0.6 0.877778 0.00146109
0 0.877778 0.0017253
0.6 0.877778 0.00146078
1.2 0.877778 0.000859447
1.8 0.877778 0.000290003
2.4 0.877778 -2.89215e-05
3 0.877778 -0.000109833
3.6 0.877778 -7.30237e-05
4.2 0.877778 -2.02183e-05
4.8 0.877778 7.44106e-06
5.4 0.877778 1.14271e-05
6 0.877778 5.87056e-06
6.6 0.877778 6.51977e-07
7.2 0.877778 -1.42336e-06
7.8 0.877778 -1.34074e-06
8.4 0.877778 -6.48137e-07
9 0.877778 -1.60039e-07
9.6 0.877778 -5.01517e-09
10.2 0.877778 -3.86619e-08
10.8 0.877778 0
11.4 0.877778 0
12 0.877778 0
12.6 0.877778 0
13.2 0.877778 0
13.8 0.877778 0
14.4 0.877778 0
15 0.877778 0
15.6 0.877778 0
16.2 0.877778 0
16.8 0.877778 0
17.4 0.877778 0
18 0.877778 0
18.6 0.877778 0
19.2 0.877778 0
19.8 0.877778 0
20.4 0.877778 0
21 0.877778 0
21.6 0.877778 0
22.2 0.877778 0
22.8 0.877778 0
23.4 0.877778 0
24 0.877778 0
24.6 0.877778 0
25.2 0.877778 0
25.8 0.877778 0
26.4 0.877778 0
27 0.877778 0
27.6 0.877778 0
28.2 0.877778 0
28.8 0.877778 0
29.4 0.877778 0
30 0.877778 0
-30 0.988889 0
-29.4 0.988889 0
-28.8 0.988889 0
-28.2 0.988889 0
-27.6 0.988889 0
-27 0.988889 0
-26.4 0.988889 0
-25.8 0.988889 0
-25.2 0.988889 0
-24.6 0.988889 0
-24 0.988889 0
-23.4 0.988889 0
-22.8 0.988889 0
-22.2 0.988889 0
-21.6 0.988889 0
-21 0.988889 0
-20.4 0.988889 0
-19.8 0.988889 0
-19.2 0.988889 0
-18.6 0.988889 0
-18 0.988889 0
-17.4 0.988889 0
-16.8 0.988889 0
-16.2 0.988889 0
-15.6 0.988889 0
-15 0.988889 0
-14.4 0.988889 0
-13.8 0.988889 0
-13.2 0.988889 0
-12.6 0.988889 0
-12 0.988889 0
-11.4 0.988889 0
-10.8 0.988889 0
-10.2 0.988889 -4.98466e-08
-9.6 0.988889 -3.73647e-08
-9 0.988889 -5.81846e-08
-8.4 0.988889 -1.51666e-07
-7.8 0.988889 -3.36633e-07
-7.2 0.988889 -5.07286e-07
-6.6 0.988889 -2.95885e-07
-6 0.988889 8.62563e-07
-5.4 0.988889 3.00179e-06
-4.8 0.988889 4.00726e-06
-4.2 0.988889 -1.58734e-06
-3.6 0.988889 -1.91688e-05
-3 0.988889 -4.05225e-05
-2.4 0.988889 -2.32808e-05
-1.8 0.988889 0.000108931
-1.2 0.988889 0.000399896
-0.6 0.988889 0.000746676
0 0.988889 0.000908421
0.6 0.988889 0.000746675
1.2 0.988889 0.000399894
1.8 0.988889 0.000108929
2.4 0.988889 -2.32813e-05
3 0.988889 -4.05224e-05
3.6 0.988889 -1.91684e-05
4.2 0.988889 -1.58704e-06
4.8 0.988889 4.00728e-06
5.4 0.988889 3.0016e-06
6 0.988889 8.62315e-07
6.6 0.988889 -2.96049e-07
7.2 0.988889 -5.07325e-07
7.8 0.988889 -3.36593e-07
8.4 0.988889 -1.51625e-07
9 0.988889 -5.82076e-08
9.6 0.988889 -3.74745e-08
10.2 0.988889 -5.00225e-08
10.8 0.988889 0
11.4 0.988889 0
12 0.988889 0
12.6 0.988889 0
13.2 0.988889 0
13.8 0.988889 0
14.4 0.988889 0
15 0.988889 0
15.6 0.988889 0
16.2 0.988889 0
16.8 0.988889 0
17.4 0.988889 0
18 0.988889 0
18.6 0.988889 0
19.2 0.988889 0
19.8 0.988889 0
20.4 0.988889 0
21 0.988889 0
21.6 0.988889 0
22.2 0.988889 0
22.8 0.988889 0
23.4 0.988889 0
24 0.988889 0
24.6 0.988889 0
25.2 0.988889 0
25.8 0.988889 0
26.4 0.988889 0
27 0.988889 0
27.6 0.988889 0
28.2 0.988889 0
28.8 0.988889 0
29.4 0.988889 0
30 0.988889 0
-30 1.1 0
-29.4 1.1 0
-28.8 1.1 0
-28.2 1.1 0
-27.6 1.1 0
-27 1.1 0
-26.4 1.1 0
-25.8 1.1 0
-25.2 1.1 0
-24.6 1.1 0
-24 1.1 0
-23.4 1.1 0
-22.8 1.1 0
-22.2 1.1 0
-21.6 1.1 0
-21 1.1 0
-20.4 1.1 0
-19.8 1.1 0
-19.2 1.1 0
-18.6 1.1 0
-18 1.1 0
-17.4 1.1 0
-16.8 1.1 0
-16.2 1.1 0
-15.6 1.1 0
-15 1.1 0
-14.4 1.1 0
-13.8 1.1 0
-13.2 1.1 0
-12.6 1.1 0
-12 1.1 0
-11.4 1.1 0
-10.8 1.1 0
-10.2 1.1 0
-9.6 1.1 0
-9 1.1 0
-8.4 1.1 0
-7.8 1.1 0
-7.2 1.1 0
-6.6 1.1 0
-6 1.1 0
-5.4 1.1 0
-4.8 1.1 0
-4.2 1.1 0
-3.6 1.1 0
-3 1.1 0
-2.4 1.1 0
-1.8 1.1 0
-1.2 1.1 0
-0.6 1.1 0
0 1.1 0
0.6 1.1 0
1.2 1.1 0
1.8 1.1 0
2.4 1.1 0
3 1.1 0
3.6 1.1 0
4.2 1.1 0
4.8 1.1 0
5.4 1.1 0
6 1.1 0
6.6 1.1 0
7.2 1.1 0
7.8 1.1 0
8.4 1.1 0
9 1.1 0
9.6 1.1 0
10.2 1.1 0
10.8 1.1 0
11.4 1.1 0
12 1.1 0
12.6 1.1 0
13.2 1.1 0
13.8 1.1 0
14.4 1.1 0
15 1.1 0
15.6 1.1 0
16.2 1.1 0
16.8 1.1 0
17.4 1.1 0
18 1.1 0
18.6 1.1 0
19.2 1.1 0
19.8 1.1 0
20.4 1.1 0
21 1.1 0
21.6 1.1 0
22.2 1.1 0
22.8 1.1 0
23.4 1.1 0
24 1.1 0
24.6 1.1 0
25.2 1.1 0
25.8 1.1 0
26.4 1.1 0
27 1.1 0
27.6 1.1 0
28.2 1.1 0
28.8 1.1 0
29.4 1.1 0
30 1.1 0
