-10 0.1 -0.000771762
-9.39394 0.1 -0.000711949
-8.78788 0.1 -0.000646991
-8.18182 0.1 -0.000577699
-7.57576 0.1 -0.000505924
-6.9697 0.1 -0.000435161
-6.36364 0.1 -0.000370516
-5.75758 0.1 -0.000317414
-5.15152 0.1 -0.000278709
-4.54545 0.1 -0.000250796
-3.93939 0.1 -0.000220499
-3.33333 0.1 -0.000165504
-2.72727 0.1 -6.09533e-05
-2.12121 0.1 0.000107141
-1.51515 0.1 0.000325174
-0.909091 0.1 0.00054198
-0.30303 0.1 0.000681317
0.30303 0.1 0.000682938
0.909091 0.1 0.000545324
1.51515 0.1 0.0003272
2.12121 0.1 0.000106269
2.72727 0.1 -6.327e-05
3.33333 0.1 -0.000165812
3.93939 0.1 -0.000215725
4.54545 0.1 -0.000239932
5.15152 0.1 -0.000262779
5.75758 0.1 -0.000298182
6.36364 0.1 -0.000349101
6.9697 0.1 -0.000411468
7.57576 0.1 -0.000479033
8.18182 0.1 -0.000546722
8.78788 0.1 -0.000611778
9.39394 0.1 -0.000673301
10 0.1 -0.000673749
-10 0.211111 -0.000695761
-9.39394 0.211111 -0.000642515
-8.78788 0.211111 -0.000584668
-8.18182 0.211111 -0.000522874
-7.57576 0.211111 -0.000458541
-6.9697 0.211111 -0.000394426
-6.36364 0.211111 -0.000334831
-5.75758 0.211111 -0.000284728
-5.15152 0.211111 -0.000247368
-4.54545 0.211111 -0.000220668
-3.93939 0.211111 -0.000193906
-3.33333 0.211111 -0.000147348
-2.72727 0.211111 -5.76284e-05
-2.12121 0.211111 8.99665e-05
-1.51515 0.211111 0.000285175
-0.909091 0.211111 0.000482066
-0.30303 0.211111 0.000609774
0.30303 0.211111 0.00061148
0.909091 0.211111 0.000485738
1.51515 0.211111 0.000287924
2.12121 0.211111 9.03e-05
2.72727 0.211111 -5.83727e-05
3.33333 0.211111 -0.000146005
3.93939 0.211111 -0.000187636
4.54545 0.211111 -0.000208384
5.15152 0.211111 -0.00022962
5.75758 0.211111 -0.000262598
6.36364 0.211111 -0.000308882
6.9697 0.211111 -0.000364396
7.57576 0.211111 -0.000423775
8.18182 0.211111 -0.000483012
8.78788 0.211111 -0.000540112
9.39394 0.211111 -0.00059448
10 0.211111 -0.000646011
-10 0.322222 -0.000617104
-9.39394 0.322222 -0.000570441
-8.78788 0.322222 -0.00051972
-8.18182 0.322222 -0.000465511
-7.57576 0.322222 -0.000408868
-6.9697 0.322222 -0.000351881
-6.36364 0.322222 -0.000298012
-5.75758 0.322222 -0.000251633
-5.15152 0.322222 -0.00021616
-4.54545 0.322222 -0.000190851
-3.93939 0.322222 -0.000167401
-3.33333 0.322222 -0.000128823
-2.72727 0.322222 -5.35359e-05
-2.12121 0.322222 7.36251e-05
-1.51515 0.322222 0.000245658
-0.909091 0.322222 0.000422031
-0.30303 0.322222 0.000537574
0.30303 0.322222 0.000539194
0.909091 0.322222 0.000425587
1.51515 0.322222 0.000248576
2.12121 0.322222 7.46345e-05
2.72727 0.322222 -5.31677e-05
3.33333 0.322222 -0.000126253
3.93939 0.322222 -0.000160096
4.54545 0.322222 -0.00017772
5.15152 0.322222 -0.000197371
5.75758 0.322222 -0.000227698
6.36364 0.322222 -0.000269055
6.9697 0.322222 -0.000317548
7.57576 0.322222 -0.000368761
8.18182 0.322222 -0.000419705
8.78788 0.322222 -0.000469024
9.39394 0.322222 -0.000516328
10 0.322222 -0.000646011
-10 0.433333 -0.000535876
-9.39394 0.433333 -0.000495817
-8.78788 0.433333 -0.000452227
-8.18182 0.433333 -0.000405647
-7.57576 0.433333 -0.000356884
-6.9697 0.433333 -0.000307449
-6.36364 0.433333 -0.000259973
-5.75758 0.433333 -0.000218084
-5.15152 0.433333 -0.000185123
-4.54545 0.433333 -0.000161444
-3.93939 0.433333 -0.000141085
-3.33333 0.433333 -0.000109967
-2.72727 0.433333 -4.86346e-05
-2.12121 0.433333 5.82012e-05
-1.51515 0.433333 0.000206687
-0.909091 0.433333 0.000361883
-0.30303 0.433333 0.0004647
0.30303 0.433333 0.000466107
0.909091 0.433333 0.000364994
1.51515 0.433333 0.000209356
2.12121 0.433333 5.94691e-05
2.72727 0.433333 -4.75516e-05
3.33333 0.433333 -0.000106584
3.93939 0.433333 -0.000133228
4.54545 0.433333 -0.000148082
5.15152 0.433333 -0.000166127
5.75758 0.433333 -0.000193515
6.36364 0.433333 -0.000229635
6.9697 0.433333 -0.000270966
7.57576 0.433333 -0.000314094
8.18182 0.433333 -0.000356951
8.78788 0.433333 -0.000398687
9.39394 0.433333 -0.000439022
10 0.433333 -0.000561463
-10 0.544444 -0.000452158
-9.39394 0.544444 -0.000418734
-8.78788 0.544444 -0.000382286
-8.18182 0.544444 -0.000343352
-7.57576 0.544444 -0.000302589
-6.9697 0.544444 -0.000261056
-6.36364 0.544444 -0.000220602
-5.75758 0.544444 -0.000184013
-5.15152 0.544444 -0.000154286
-4.54545 0.544444 -0.000132568
-3.93939 0.544444 -0.000115095
-3.33333 0.544444 -9.08381e-05
-2.72727 0.544444 -4.28663e-05
-2.12121 0.544444 4.38203e-05
-1.51515 0.544444 0.000168359
-0.909091 0.544444 0.000301626
-0.30303 0.544444 0.0003911
0.30303 0.544444 0.000392208
0.909091 0.544444 0.000304072
1.51515 0.544444 0.000170493
2.12121 0.544444 4.5039e-05
2.72727 0.544444 -4.14063e-05
3.33333 0.544444 -8.70461e-05
3.93939 0.544444 -0.000107191
4.54545 0.544444 -0.000119629
5.15152 0.544444 -0.00013597
5.75758 0.544444 -0.000160055
6.36364 0.544444 -0.000190608
6.9697 0.544444 -0.000224684
7.57576 0.544444 -0.000259875
8.18182 0.544444 -0.000294902
8.78788 0.544444 -0.000329267
9.39394 0.544444 -0.000362724
10 0.544444 -0.000340317
-10 0.655556 -0.000366031
-9.39394 0.655556 -0.000339288
-8.78788 0.655556 -0.00031001
-8.18182 0.655556 -0.000278726
-7.57576 0.655556 -0.000246019
-6.9697 0.655556 -0.000212637
-6.36364 0.655556 -0.000179768
-5.75758 0.655556 -0.00014931
-5.15152 0.655556 -0.000123656
-4.54545 0.655556 -0.000104369
-3.93939 0.655556 -8.96209e-05
-3.33333 0.655556 -7.15312e-05
-2.72727 0.655556 -3.61529e-05
-2.12121 0.655556 3.06706e-05
-1.51515 0.655556 0.00013082
-0.909091 0.655556 0.00024126
-0.30303 0.655556 0.000316655
0.30303 0.655556 0.000317422
0.909091 0.655556 0.000242928
1.51515 0.655556 0.000132263
2.12121 0.655556 3.16385e-05
2.72727 0.655556 -3.45968e-05
3.33333 0.655556 -6.77232e-05
3.93939 0.655556 -8.21957e-05
4.54545 0.655556 -9.25434e-05
5.15152 0.655556 -0.000106959
5.75758 0.655556 -0.00012728
6.36364 0.655556 -0.000151934
6.9697 0.655556 -0.000178736
7.57576 0.655556 -0.000206222
8.18182 0.655556 -0.000233716
8.78788 0.655556 -0.000260919
9.39394 0.655556 -0.000287572
10 0.655556 -0.000259618
-10 0.766667 -0.00027757
-9.39394 0.766667 -0.000257554
-8.78788 0.766667 -0.000235512
-8.18182 0.766667 -0.000211907
-7.57576 0.766667 -0.000187268
-6.9697 0.766667 -0.000162166
-6.36364 0.766667 -0.000137313
-5.75758 0.766667 -0.000113795
-5.15152 0.766667 -9.3191e-05
-4.54545 0.766667 -7.70133e-05
-3.93939 0.766667 -6.4939e-05
-3.33333 0.766667 -5.22155e-05
-2.72727 0.766667 -2.84009e-05
-2.12121 0.766667 1.90464e-05
-1.51515 0.766667 9.43141e-05
-0.909091 0.766667 0.000180773
-0.30303 0.766667 0.000241147
0.30303 0.766667 0.000241572
0.909091 0.766667 0.000181659
1.51515 0.766667 9.50412e-05
2.12121 0.766667 1.96647e-05
2.72727 0.766667 -2.69772e-05
3.33333 0.766667 -4.87772e-05
3.93939 0.766667 -5.85356e-05
4.54545 0.766667 -6.70224e-05
5.15152 0.766667 -7.91023e-05
5.75758 0.766667 -9.50878e-05
6.36364 0.766667 -0.000113548
6.9697 0.766667 -0.000133174
7.57576 0.766667 -0.000153276
8.18182 0.766667 -0.00017355
8.78788 0.766667 -0.000193774
9.39394 0.766667 -0.000213676
10 0.766667 -0.000180236
-10 0.877778 -0.000186868
-9.39394 0.877778 -0.000173594
-8.78788 0.877778 -0.000158874
-8.18182 0.877778 -0.000143037
-7.57576 0.877778 -0.000126499
-6.9697 0.877778 -0.000109706
-6.36364 0.877778 -9.31016e-05
-5.75758 0.877778 -7.71922e-05
-5.15152 0.877778 -6.27183e-05
-4.54545 0.877778 -5.06577e-05
-3.93939 0.877778 -4.14721e-05
-3.33333 0.877778 -3.32189e-05
-2.72727 0.877778 -1.95238e-05
-2.12121 0.877778 9.40904e-06
-1.51515 0.877778 5.92894e-05
-0.909091 0.877778 0.000120177
-0.30303 0.877778 0.000164137
0.30303 0.877778 0.000164263
0.909091 0.877778 0.000120387
1.51515 0.877778 5.93954e-05
2.12121 0.877778 9.67756e-06
2.72727 0.877778 -1.84094e-05
3.33333 0.877778 -3.05312e-05
3.93939 0.877778 -3.66501e-05
4.54545 0.877778 -4.32501e-05
5.15152 0.877778 -5.22778e-05
5.75758 0.877778 -6.32814e-05
6.36364 0.877778 -7.53971e-05
6.9697 0.877778 -8.8112e-05
7.57576 0.877778 -0.000101212
8.18182 0.877778 -0.000114549
8.78788 0.877778 -0.000127927
9.39394 0.877778 -0.000141122
10 0.877778 -0.000102285
-10 0.988889 -9.40522e-05
-9.39394 0.988889 -8.74741e-05
-8.78788 0.988889 -8.01369e-05
-8.18182 0.988889 -7.22013e-05
-7.57576 0.988889 -6.38868e-05
-6.9697 0.988889 -5.54521e-05
-6.36364 0.988889 -4.71498e-05
-5.75758 0.988889 -3.91922e-05
-5.15152 0.988889 -3.17824e-05
-4.54545 0.988889 -2.52121e-05
-3.93939 0.988889 -1.98199e-05
-3.33333 0.988889 -1.53635e-05
-2.72727 0.988889 -9.60126e-06
-2.12121 0.988889 2.65758e-06
-1.51515 0.988889 2.66658e-05
-0.909091 0.988889 5.94687e-05
-0.30303 0.988889 8.48009e-05
0.30303 0.988889 8.46697e-05
0.909091 0.988889 5.91579e-05
1.51515 0.988889 2.63941e-05
2.12121 0.988889 2.71152e-06
2.72727 0.988889 -8.93309e-06
3.33333 0.988889 -1.3819e-05
3.93939 0.988889 -1.71536e-05
4.54545 0.988889 -2.11724e-05
5.15152 0.988889 -2.61071e-05
5.75758 0.988889 -3.16372e-05
6.36364 0.988889 -3.75424e-05
6.9697 0.988889 -4.37457e-05
7.57576 0.988889 -5.01947e-05
8.18182 0.988889 -5.67983e-05
8.78788 0.988889 -6.34347e-05
9.39394 0.988889 -6.99824e-05
10 0.988889 -7.6339e-05
-10 1.1 0
-9.39394 1.1 0
-8.78788 1.1 -9.19882e-21
-8.18182 1.1 -8.34504e-21
-7.57576 1.1 0
-6.9697 1.1 -6.51111e-21
-6.36364 1.1 0
-5.75758 1.1 0
-5.15152 1.1 -3.84767e-21
-4.54545 1.1 0
-3.93939 1.1 -2.42182e-21
-3.33333 1.1 0
-2.72727 1.1 1.44761e-21
-2.12121 1.1 -6.07965e-22
-1.51515 1.1 0
-0.909091 1.1 0
-0.30303 1.1 0
0.30303 1.1 5.14271e-21
0.909091 1.1 4.26637e-21
1.51515 1.1 0
2.12121 1.1 0
2.72727 1.1 0
3.33333 1.1 6.68206e-22
3.93939 1.1 -8.46229e-22
4.54545 1.1 0
5.15152 1.1 0
5.75758 1.1 0
6.36364 1.1 1.8831e-21
6.9697 1.1 2.21462e-21
7.57576 1.1 2.56153e-21
8.18182 1.1 2.92054e-21
8.78788 1.1 0
9.39394 1.1 0
10 1.1 0
