-30 0.1 0
-29.4 0.1 0
-28.8 0.1 0
-28.2 0.1 0
-27.6 0.1 0
-27 0.1 0
-26.4 0.1 0
-25.8 0.1 0
-25.2 0.1 0
-24.6 0.1 0
-24 0.1 0
-23.4 0.1 0
-22.8 0.1 0
-22.2 0.1 0
-21.6 0.1 0
-21 0.1 0
-20.4 0.1 0
-19.8 0.1 0
-19.2 0.1 0
-18.6 0.1 0
-18 0.1 0
-17.4 0.1 0
-16.8 0.1 0
-16.2 0.1 0
-15.6 0.1 0
-15 0.1 0
-14.4 0.1 0
-13.8 0.1 0
-13.2 0.1 0
-12.6 0.1 0
-12 0.1 0
-11.4 0.1 0
-10.8 0.1 0
-10.2 0.1 -0.000790909
-9.6 0.1 -0.000733469
-9 0.1 -0.000670807
-8.4 0.1 -0.000603442
-7.8 0.1 -0.000532648
-7.2 0.1 -0.000461144
-6.6 0.1 -0.00039345
-6 0.1 -0.000335233
-5.4 0.1 -0.000291131
-4.8 0.1 -0.000261138
-4.2 0.1 -0.000236762
-3.6 0.1 -0.000199319
-3 0.1 -0.000123234
-2.4 0.1 1.37839e-05
-1.8 0.1 0.000214706
-1.2 0.1 0.000447395
-0.6 0.1 0.000642475
0 0.1 0.000720951
0.6 0.1 0.000645685
1.2 0.1 0.000450867
1.8 0.1 0.000215425
2.4 0.1 1.15303e-05
3 0.1 -0.000125604
3.6 0.1 -0.000197978
4.2 0.1 -0.000229352
4.8 0.1 -0.000247728
5.4 0.1 -0.000273419
6 0.1 -0.000314971
6.6 0.1 -0.000371286
7.2 0.1 -0.000436499
7.8 0.1 -0.000504416
8.4 0.1 -0.000570896
9 0.1 -0.000634136
9.6 0.1 -0.000693787
10.2 0.1 0
10.8 0.1 0
11.4 0.1 0
12 0.1 0
12.6 0.1 0
13.2 0.1 0
13.8 0.1 0
14.4 0.1 0
15 0.1 0
15.6 0.1 0
16.2 0.1 0
16.8 0.1 0
17.4 0.1 0
18 0.1 0
18.6 0.1 0
19.2 0.1 0
19.8 0.1 0
20.4 0.1 0
21 0.1 0
21.6 0.1 0
22.2 0.1 0
22.8 0.1 0
23.4 0.1 0
24 0.1 0
24.6 0.1 0
25.2 0.1 0
25.8 0.1 0
26.4 0.1 0
27 0.1 0
27.6 0.1 0
28.2 0.1 0
28.8 0.1 0
29.4 0.1 0
30 0.1 0
-30 0.211111 0
-29.4 0.211111 0
-28.8 0.211111 0
-28.2 0.211111 0
-27.6 0.211111 0
-27 0.211111 0
-26.4 0.211111 0
-25.8 0.211111 0
-25.2 0.211111 0
-24.6 0.211111 0
-24 0.211111 0
-23.4 0.211111 0
-22.8 0.211111 0
-22.2 0.211111 0
-21.6 0.211111 0
-21 0.211111 0
-20.4 0.211111 0
-19.8 0.211111 0
-19.2 0.211111 0
-18.6 0.211111 0
-18 0.211111 0
-17.4 0.211111 0
-16.8 0.211111 0
-16.2 0.211111 0
-15.6 0.211111 0
-15 0.211111 0
-14.4 0.211111 0
-13.8 0.211111 0
-13.2 0.211111 0
-12.6 0.211111 0
-12 0.211111 0
-11.4 0.211111 0
-10.8 0.211111 0
-10.2 0.211111 -0.000712803
-9.6 0.211111 -0.000661677
-9 0.211111 -0.000605881
-8.4 0.211111 -0.000545877
-7.8 0.211111 -0.00048262
-7.2 0.211111 -0.000418192
-6.6 0.211111 -0.000356274
-6 0.211111 -0.000301841
-5.4 0.211111 -0.000259486
-4.8 0.211111 -0.000230224
-4.2 0.211111 -0.000207698
-3.6 0.211111 -0.000175944
-3 0.211111 -0.000111605
-2.4 0.211111 7.14305e-06
-1.8 0.211111 0.000185394
-1.2 0.211111 0.000395571
-0.6 0.211111 0.000573968
0 0.211111 0.000646311
0.6 0.211111 0.000577346
1.2 0.211111 0.000399518
1.8 0.211111 0.00018706
2.4 0.211111 6.31983e-06
3 0.211111 -0.000112283
3.6 0.211111 -0.000172982
4.2 0.211111 -0.000198889
4.8 0.211111 -0.00021538
5.4 0.211111 -0.000239686
6 0.211111 -0.000278133
6.6 0.211111 -0.000328869
7.2 0.211111 -0.000386528
7.8 0.211111 -0.000446002
8.4 0.211111 -0.00050416
9 0.211111 -0.000559774
9.6 0.211111 -0.000612634
10.2 0.211111 -0.0006627
10.8 0.211111 0
11.4 0.211111 0
12 0.211111 0
12.6 0.211111 0
13.2 0.211111 0
13.8 0.211111 0
14.4 0.211111 0
15 0.211111 0
15.6 0.211111 0
16.2 0.211111 0
16.8 0.211111 0
17.4 0.211111 0
18 0.211111 0
18.6 0.211111 0
19.2 0.211111 0
19.8 0.211111 0
20.4 0.211111 0
21 0.211111 0
21.6 0.211111 0
22.2 0.211111 0
22.8 0.211111 0
23.4 0.211111 0
24 0.211111 0
24.6 0.211111 0
25.2 0.211111 0
25.8 0.211111 0
26.4 0.211111 0
27 0.211111 0
27.6 0.211111 0
28.2 0.211111 0
28.8 0.211111 0
29.4 0.211111 0
30 0.211111 0
-30 0.322222 0
-29.4 0.322222 0
-28.8 0.322222 0
-28.2 0.322222 0
-27.6 0.322222 0
-27 0.322222 0
-26.4 0.322222 0
-25.8 0.322222 0
-25.2 0.322222 0
-24.6 0.322222 0
-24 0.322222 0
-23.4 0.322222 0
-22.8 0.322222 0
-22.2 0.322222 0
-21.6 0.322222 0
-21 0.322222 0
-20.4 0.322222 0
-19.8 0.322222 0
-19.2 0.322222 0
-18.6 0.322222 0
-18 0.322222 0
-17.4 0.322222 0
-16.8 0.322222 0
-16.2 0.322222 0
-15.6 0.322222 0
-15 0.322222 0
-14.4 0.322222 0
-13.8 0.322222 0
-13.2 0.322222 0
-12.6 0.322222 0
-12 0.322222 0
-11.4 0.322222 0
-10.8 0.322222 0
-10.2 0.322222 -0.000632035
-9.6 0.322222 -0.000587244
-9 0.322222 -0.000538318
-8.4 0.322222 -0.000485712
-7.8 0.322222 -0.000430159
-7.2 0.322222 -0.000373192
-6.6 0.322222 -0.00031767
-6 0.322222 -0.00026777
-5.4 0.322222 -0.000227829
-4.8 0.322222 -0.000199653
-4.2 0.322222 -0.000178905
-3.6 0.322222 -0.000152419
-3 0.322222 -9.93271e-05
-2.4 0.322222 1.41352e-06
-1.8 0.322222 0.000156825
-1.2 0.322222 0.00034394
-0.6 0.322222 0.000505002
0 0.322222 0.00057081
0.6 0.322222 0.00050821
1.2 0.322222 0.000347824
1.8 0.322222 0.000158871
2.4 0.322222 1.52369e-06
3 0.322222 -9.87438e-05
3.6 0.322222 -0.00014826
4.2 0.322222 -0.000169184
4.8 0.322222 -0.000184009
5.4 0.322222 -0.000206816
6 0.322222 -0.000241855
6.6 0.322222 -0.000286736
7.2 0.322222 -0.000336742
7.8 0.322222 -0.00038787
8.4 0.322222 -0.000437897
9 0.322222 -0.000486046
9.6 0.322222 -0.000532167
10.2 0.322222 -0.00057611
10.8 0.322222 0
11.4 0.322222 0
12 0.322222 0
12.6 0.322222 0
13.2 0.322222 0
13.8 0.322222 0
14.4 0.322222 0
15 0.322222 0
15.6 0.322222 0
16.2 0.322222 0
16.8 0.322222 0
17.4 0.322222 0
18 0.322222 0
18.6 0.322222 0
19.2 0.322222 0
19.8 0.322222 0
20.4 0.322222 0
21 0.322222 0
21.6 0.322222 0
22.2 0.322222 0
22.8 0.322222 0
23.4 0.322222 0
24 0.322222 0
24.6 0.322222 0
25.2 0.322222 0
25.8 0.322222 0
26.4 0.322222 0
27 0.322222 0
27.6 0.322222 0
28.2 0.322222 0
28.8 0.322222 0
29.4 0.322222 0
30 0.322222 0
-30 0.433333 0
-29.4 0.433333 0
-28.8 0.433333 0
-28.2 0.433333 0
-27.6 0.433333 0
-27 0.433333 0
-26.4 0.433333 0
-25.8 0.433333 0
-25.2 0.433333 0
-24.6 0.433333 0
-24 0.433333 0
-23.4 0.433333 0
-22.8 0.433333 0
-22.2 0.433333 0
-21.6 0.433333 0
-21 0.433333 0
-20.4 0.433333 0
-19.8 0.433333 0
-19.2 0.433333 0
-18.6 0.433333 0
-18 0.433333 0
-17.4 0.433333 0
-16.8 0.433333 0
-16.2 0.433333 0
-15.6 0.433333 0
-15 0.433333 0
-14.4 0.433333 0
-13.8 0.433333 0
-13.2 0.433333 0
-12.6 0.433333 0
-12 0.433333 0
-11.4 0.433333 0
-10.8 0.433333 0
-10.2 0.433333 -0.000548685
-9.6 0.433333 -0.000510259
-9 0.433333 -0.000468206
-8.4 0.433333 -0.000423008
-7.8 0.433333 -0.000375267
-7.2 0.433333 -0.000326081
-6.6 0.433333 -0.000277539
-6 0.433333 -0.000232947
-5.4 0.433333 -0.000196161
-4.8 0.433333 -0.000169509
-4.2 0.433333 -0.000150499
-3.6 0.433333 -0.000128825
-3 0.433333 -8.63932e-05
-2.4 0.433333 -3.32431e-06
-1.8 0.433333 0.000129089
-1.2 0.433333 0.00029254
-0.6 0.433333 0.000435559
0 0.433333 0.000494437
0.6 0.433333 0.000438344
1.2 0.433333 0.000295958
1.8 0.433333 0.000131081
2.4 0.433333 -2.68492e-06
3 0.433333 -8.49405e-05
3.6 0.433333 -0.000123899
4.2 0.433333 -0.000140392
4.8 0.433333 -0.000153748
5.4 0.433333 -0.000174877
6 0.433333 -0.000206151
6.6 0.433333 -0.000244899
7.2 0.433333 -0.000287204
7.8 0.433333 -0.000330141
8.4 0.433333 -0.000372271
9 0.433333 -0.000413133
9.6 0.433333 -0.000452565
10.2 0.433333 -0.000490319
10.8 0.433333 0
11.4 0.433333 0
12 0.433333 0
12.6 0.433333 0
13.2 0.433333 0
13.8 0.433333 0
14.4 0.433333 0
15 0.433333 0
15.6 0.433333 0
16.2 0.433333 0
16.8 0.433333 0
17.4 0.433333 0
18 0.433333 0
18.6 0.433333 0
19.2 0.433333 0
19.8 0.433333 0
20.4 0.433333 0
21 0.433333 0
21.6 0.433333 0
22.2 0.433333 0
22.8 0.433333 0
23.4 0.433333 0
24 0.433333 0
24.6 0.433333 0
25.2 0.433333 0
25.8 0.433333 0
26.4 0.433333 0
27 0.433333 0
27.6 0.433333 0
28.2 0.433333 0
28.8 0.433333 0
29.4 0.433333 0
30 0.433333 0
-30 0.544444 0
-29.4 0.544444 0
-28.8 0.544444 0
-28.2 0.544444 0
-27.6 0.544444 0
-27 0.544444 0
-26.4 0.544444 0
-25.8 0.544444 0
-25.2 0.544444 0
-24.6 0.544444 0
-24 0.544444 0
-23.4 0.544444 0
-22.8 0.544444 0
-22.2 0.544444 0
-21.6 0.544444 0
-21 0.544444 0
-20.4 0.544444 0
-19.8 0.544444 0
-19.2 0.544444 0
-18.6 0.544444 0
-18 0.544444 0
-17.4 0.544444 0
-16.8 0.544444 0
-16.2 0.544444 0
-15.6 0.544444 0
-15 0.544444 0
-14.4 0.544444 0
-13.8 0.544444 0
-13.2 0.544444 0
-12.6 0.544444 0
-12 0.544444 0
-11.4 0.544444 0
-10.8 0.544444 0
-10.2 0.544444 -0.000462832
-9.6 0.544444 -0.00043081
-9 0.544444 -0.000395648
-8.4 0.544444 -0.000357853
-7.8 0.544444 -0.000317975
-7.2 0.544444 -0.000276807
-6.6 0.544444 -0.000235771
-6 0.544444 -0.000197267
-5.4 0.544444 -0.000164464
-4.8 0.544444 -0.000139886
-4.2 0.544444 -0.000122637
-3.6 0.544444 -0.000105273
-3 0.544444 -7.27945e-05
-2.4 0.544444 -6.95257e-06
-1.8 0.544444 0.000102319
-1.2 0.544444 0.000241423
-0.6 0.544444 0.000365592
0 0.544444 0.000417128
0.6 0.544444 0.000367786
1.2 0.544444 0.000244106
1.8 0.544444 0.000103958
2.4 0.544444 -6.09817e-06
3 0.544444 -7.08298e-05
3.6 0.544444 -0.000100019
4.2 0.544444 -0.000112698
4.8 0.544444 -0.000124736
5.4 0.544444 -0.00014391
6 0.544444 -0.000171001
6.6 0.544444 -0.000203353
7.2 0.544444 -0.000237973
7.8 0.544444 -0.000272946
8.4 0.544444 -0.000307449
9 0.544444 -0.000341199
9.6 0.544444 -0.000373984
10.2 0.544444 -0.000405485
10.8 0.544444 0
11.4 0.544444 0
12 0.544444 0
12.6 0.544444 0
13.2 0.544444 0
13.8 0.544444 0
14.4 0.544444 0
15 0.544444 0
15.6 0.544444 0
16.2 0.544444 0
16.8 0.544444 0
17.4 0.544444 0
18 0.544444 0
18.6 0.544444 0
19.2 0.544444 0
19.8 0.544444 0
20.4 0.544444 0
21 0.544444 0
21.6 0.544444 0
22.2 0.544444 0
22.8 0.544444 0
23.4 0.544444 0
24 0.544444 0
24.6 0.544444 0
25.2 0.544444 0
25.8 0.544444 0
26.4 0.544444 0
27 0.544444 0
27.6 0.544444 0
28.2 0.544444 0
28.8 0.544444 0
29.4 0.544444 0
30 0.544444 0
-30 0.655556 0
-29.4 0.655556 0
-28.8 0.655556 0
-28.2 0.655556 0
-27.6 0.655556 0
-27 0.655556 0
-26.4 0.655556 0
-25.8 0.655556 0
-25.2 0.655556 0
-24.6 0.655556 0
-24 0.655556 0
-23.4 0.655556 0
-22.8 0.655556 0
-22.2 0.655556 0
-21.6 0.655556 0
-21 0.655556 0
-20.4 0.655556 0
-19.8 0.655556 0
-19.2 0.655556 0
-18.6 0.655556 0
-18 0.655556 0
-17.4 0.655556 0
-16.8 0.655556 0
-16.2 0.655556 0
-15.6 0.655556 0
-15 0.655556 0
-14.4 0.655556 0
-13.8 0.655556 0
-13.2 0.655556 0
-12.6 0.655556 0
-12 0.655556 0
-11.4 0.655556 0
-10.8 0.655556 0
-10.2 0.655556 -0.000374555
-9.6 0.655556 -0.000348983
-9 0.655556 -0.000320753
-8.4 0.655556 -0.000290366
-7.8 0.655556 -0.000258357
-7.2 0.655556 -0.000225345
-6.6 0.655556 -0.000192238
-6 0.655556 -0.000160582
-5.4 0.655556 -0.000132682
-4.8 0.655556 -0.000110886
-4.2 0.655556 -9.55251e-05
-3.6 0.655556 -8.19316e-05
-3 0.655556 -5.85306e-05
-2.4 0.655556 -9.29961e-06
-1.8 0.655556 7.67233e-05
-1.2 0.655556 0.000190671
-0.6 0.655556 0.00029501
0 0.655556 0.000338741
0.6 0.655556 0.000296529
1.2 0.655556 0.000192481
1.8 0.655556 7.78364e-05
2.4 0.655556 -8.45775e-06
3 0.655556 -5.63793e-05
3.6 0.655556 -7.67983e-05
4.2 0.655556 -8.63401e-05
4.8 0.655556 -9.71142e-05
5.4 0.655556 -0.000113919
6 0.655556 -0.000136339
6.6 0.655556 -0.000162071
7.2 0.655556 -0.000189118
7.8 0.655556 -0.000216429
8.4 0.655556 -0.000243594
9 0.655556 -0.000270393
9.6 0.655556 -0.000296558
10.2 0.655556 -0.000321752
10.8 0.655556 0
11.4 0.655556 0
12 0.655556 0
12.6 0.655556 0
13.2 0.655556 0
13.8 0.655556 0
14.4 0.655556 0
15 0.655556 0
15.6 0.655556 0
16.2 0.655556 0
16.8 0.655556 0
17.4 0.655556 0
18 0.655556 0
18.6 0.655556 0
19.2 0.655556 0
19.8 0.655556 0
20.4 0.655556 0
21 0.655556 0
21.6 0.655556 0
22.2 0.655556 0
22.8 0.655556 0
23.4 0.655556 0
24 0.655556 0
24.6 0.655556 0
25.2 0.655556 0
25.8 0.655556 0
26.4 0.655556 0
27 0.655556 0
27.6 0.655556 0
28.2 0.655556 0
28.8 0.655556 0
29.4 0.655556 0
30 0.655556 0
-30 0.766667 0
-29.4 0.766667 0
-28.8 0.766667 0
-28.2 0.766667 0
-27.6 0.766667 0
-27 0.766667 0
-26.4 0.766667 0
-25.8 0.766667 0
-25.2 0.766667 0
-24.6 0.766667 0
-24 0.766667 0
-23.4 0.766667 0
-22.8 0.766667 0
-22.2 0.766667 0
-21.6 0.766667 0
-21 0.766667 0
-20.4 0.766667 0
-19.8 0.766667 0
-19.2 0.766667 0
-18.6 0.766667 0
-18 0.766667 0
-17.4 0.766667 0
-16.8 0.766667 0
-16.2 0.766667 0
-15.6 0.766667 0
-15 0.766667 0
-14.4 0.766667 0
-13.8 0.766667 0
-13.2 0.766667 0
-12.6 0.766667 0
-12 0.766667 0
-11.4 0.766667 0
-10.8 0.766667 0
-10.2 0.766667 -0.000283934
-9.6 0.766667 -0.000264843
-9 0.766667 -0.000243619
-8.4 0.766667 -0.000220686
-7.8 0.766667 -0.000196544
-7.2 0.766667 -0.000171724
-6.6 0.766667 -0.000146821
-6 0.766667 -0.000122685
-5.4 0.766667 -0.000100683
-4.8 0.766667 -8.25923e-05
-4.2 0.766667 -6.94418e-05
-3.6 0.766667 -5.9075e-05
-3 0.766667 -4.36411e-05
-2.4 0.766667 -1.01127e-05
-1.8 0.766667 5.26427e-05
-1.2 0.766667 0.000140419
-0.6 0.766667 0.00022365
0 0.766667 0.000259002
0.6 0.766667 0.00022449
1.2 0.766667 0.000141349
1.8 0.766667 5.31864e-05
2.4 0.766667 -9.42948e-06
3 0.766667 -4.16002e-05
3.6 0.766667 -5.45187e-05
4.2 0.766667 -6.162e-05
4.8 0.766667 -7.10031e-05
5.4 0.766667 -8.48275e-05
6 0.766667 -0.000102044
6.6 0.766667 -0.000121026
7.2 0.766667 -0.000140742
7.8 0.766667 -0.000160756
8.4 0.766667 -0.000180862
9 0.766667 -0.000200835
9.6 0.766667 -0.000220393
10.2 0.766667 -0.000239247
10.8 0.766667 0
11.4 0.766667 0
12 0.766667 0
12.6 0.766667 0
13.2 0.766667 0
13.8 0.766667 0
14.4 0.766667 0
15 0.766667 0
15.6 0.766667 0
16.2 0.766667 0
16.8 0.766667 0
17.4 0.766667 0
18 0.766667 0
18.6 0.766667 0
19.2 0.766667 0
19.8 0.766667 0
20.4 0.766667 0
21 0.766667 0
21.6 0.766667 0
22.2 0.766667 0
22.8 0.766667 0
23.4 0.766667 0
24 0.766667 0
24.6 0.766667 0
25.2 0.766667 0
25.8 0.766667 0
26.4 0.766667 0
27 0.766667 0
27.6 0.766667 0
28.2 0.766667 0
28.8 0.766667 0
29.4 0.766667 0
30 0.766667 0
-30 0.877778 0
-29.4 0.877778 0
-28.8 0.877778 0
-28.2 0.877778 0
-27.6 0.877778 0
-27 0.877778 0
-26.4 0.877778 0
-25.8 0.877778 0
-25.2 0.877778 0
-24.6 0.877778 0
-24 0.877778 0
-23.4 0.877778 0
-22.8 0.877778 0
-22.2 0.877778 0
-21.6 0.877778 0
-21 0.877778 0
-20.4 0.877778 0
-19.8 0.877778 0
-19.2 0.877778 0
-18.6 0.877778 0
-18 0.877778 0
-17.4 0.877778 0
-16.8 0.877778 0
-16.2 0.877778 0
-15.6 0.877778 0
-15 0.877778 0
-14.4 0.877778 0
-13.8 0.877778 0
-13.2 0.877778 0
-12.6 0.877778 0
-12 0.877778 0
-11.4 0.877778 0
-10.8 0.877778 0
-10.2 0.877778 -0.000191076
-9.6 0.877778 -0.000178452
-9 0.877778 -0.000164309
-8.4 0.877778 -0.000148935
-7.8 0.877778 -0.000132715
-7.2 0.877778 -0.000116083
-6.6 0.877778 -9.94692e-05
-6 0.877778 -8.33053e-05
-5.4 0.877778 -6.81753e-05
-4.8 0.877778 -5.49985e-05
-4.2 0.877778 -4.47665e-05
-3.6 0.877778 -3.71817e-05
-3 0.877778 -2.82654e-05
-2.4 0.877778 -9.03384e-06
-1.8 0.877778 3.06584e-05
-1.2 0.877778 9.09663e-05
-0.6 0.877778 0.000151214
0 0.877778 0.000177323
0.6 0.877778 0.000151464
1.2 0.877778 9.11369e-05
1.8 0.877778 3.07059e-05
2.4 0.877778 -8.5735e-06
3 0.877778 -2.6606e-05
3.6 0.877778 -3.36713e-05
4.2 0.877778 -3.89374e-05
4.8 0.877778 -4.64279e-05
5.4 0.877778 -5.6413e-05
6 0.877778 -6.7938e-05
6.6 0.877778 -8.02455e-05
7.2 0.877778 -9.30124e-05
7.8 0.877778 -0.000106105
8.4 0.877778 -0.000119373
9 0.877778 -0.000132605
9.6 0.877778 -0.000145576
10.2 0.877778 -0.000158092
10.8 0.877778 0
11.4 0.877778 0
12 0.877778 0
12.6 0.877778 0
13.2 0.877778 0
13.8 0.877778 0
14.4 0.877778 0
15 0.877778 0
15.6 0.877778 0
16.2 0.877778 0
16.8 0.877778 0
17.4 0.877778 0
18 0.877778 0
18.6 0.877778 0
19.2 0.877778 0
19.8 0.877778 0
20.4 0.877778 0
21 0.877778 0
21.6 0.877778 0
22.2 0.877778 0
22.8 0.877778 0
23.4 0.877778 0
24 0.877778 0
24.6 0.877778 0
25.2 0.877778 0
25.8 0.877778 0
26.4 0.877778 0
27 0.877778 0
27.6 0.877778 0
28.2 0.877778 0
28.8 0.877778 0
29.4 0.877778 0
30 0.877778 0
-30 0.988889 0
-29.4 0.988889 0
-28.8 0.988889 0
-28.2 0.988889 0
-27.6 0.988889 0
-27 0.988889 0
-26.4 0.988889 0
-25.8 0.988889 0
-25.2 0.988889 0
-24.6 0.988889 0
-24 0.988889 0
-23.4 0.988889 0
-22.8 0.988889 0
-22.2 0.988889 0
-21.6 0.988889 0
-21 0.988889 0
-20.4 0.988889 0
-19.8 0.988889 0
-19.2 0.988889 0
-18.6 0.988889 0
-18 0.988889 0
-17.4 0.988889 0
-16.8 0.988889 0
-16.2 0.988889 0
-15.6 0.988889 0
-15 0.988889 0
-14.4 0.988889 0
-13.8 0.988889 0
-13.2 0.988889 0
-12.6 0.988889 0
-12 0.988889 0
-11.4 0.988889 0
-10.8 0.988889 0
-10.2 0.988889 -9.61333e-05
-9.6 0.988889 -8.98899e-05
-9 0.988889 -8.28556e-05
-8.4 0.988889 -7.51655e-05
-7.8 0.988889 -6.70139e-05
-7.2 0.988889 -5.86468e-05
-6.6 0.988889 -5.03236e-05
-6 0.988889 -4.2267e-05
-5.4 0.988889 -3.46567e-05
-4.8 0.988889 -2.77161e-05
-4.2 0.988889 -2.18138e-05
-3.6 0.988889 -1.72232e-05
-3 0.988889 -1.30389e-05
-2.4 0.988889 -5.47606e-06
-1.8 0.988889 1.2029e-05
-1.2 0.988889 4.28597e-05
-0.6 0.988889 7.71157e-05
0 0.988889 9.26429e-05
0.6 0.988889 7.6856e-05
1.2 0.988889 4.25008e-05
1.8 0.988889 1.18362e-05
2.4 0.988889 -5.208e-06
3 0.988889 -1.20373e-05
3.6 0.988889 -1.52443e-05
4.2 0.988889 -1.86196e-05
4.8 0.988889 -2.30534e-05
5.4 0.988889 -2.82657e-05
6 0.988889 -3.39229e-05
6.6 0.988889 -3.9895e-05
7.2 0.988889 -4.61445e-05
7.8 0.988889 -5.26118e-05
8.4 0.988889 -5.91906e-05
9 0.988889 -6.57558e-05
9.6 0.988889 -7.21933e-05
10.2 0.988889 -7.84119e-05
10.8 0.988889 0
11.4 0.988889 0
12 0.988889 0
12.6 0.988889 0
13.2 0.988889 0
13.8 0.988889 0
14.4 0.988889 0
15 0.988889 0
15.6 0.988889 0
16.2 0.988889 0
16.8 0.988889 0
17.4 0.988889 0
18 0.988889 0
18.6 0.988889 0
19.2 0.988889 0
19.8 0.988889 0
20.4 0.988889 0
21 0.988889 0
21.6 0.988889 0
22.2 0.988889 0
22.8 0.988889 0
23.4 0.988889 0
24 0.988889 0
24.6 0.988889 0
25.2 0.988889 0
25.8 0.988889 0
26.4 0.988889 0
27 0.988889 0
27.6 0.988889 0
28.2 0.988889 0
28.8 0.988889 0
29.4 0.988889 0
30 0.988889 0
-30 1.1 0
-29.4 1.1 0
-28.8 1.1 0
-28.2 1.1 0
-27.6 1.1 0
-27 1.1 0
-26.4 1.1 0
-25.8 1.1 0
-25.2 1.1 0
-24.6 1.1 0
-24 1.1 0
-23.4 1.1 0
-22.8 1.1 0
-22.2 1.1 0
-21.6 1.1 0
-21 1.1 0
-20.4 1.1 0
-19.8 1.1 0
-19.2 1.1 0
-18.6 1.1 0
-18 1.1 0
-17.4 1.1 0
-16.8 1.1 0
-16.2 1.1 0
-15.6 1.1 0
-15 1.1 0
-14.4 1.1 0
-13.8 1.1 0
-13.2 1.1 0
-12.6 1.1 0
-12 1.1 0
-11.4 1.1 0
-10.8 1.1 0
-10.2 1.1 0
-9.6 1.1 0
-9 1.1 0
-8.4 1.1 0
-7.8 1.1 0
-7.2 1.1 0
-6.6 1.1 0
-6 1.1 0
-5.4 1.1 0
-4.8 1.1 0
-4.2 1.1 0
-3.6 1.1 0
-3 1.1 0
-2.4 1.1 0
-1.8 1.1 0
-1.2 1.1 0
-0.6 1.1 0
0 1.1 0
0.6 1.1 0
1.2 1.1 0
1.8 1.1 0
2.4 1.1 0
3 1.1 0
3.6 1.1 0
4.2 1.1 0
4.8 1.1 0
5.4 1.1 0
6 1.1 0
6.6 1.1 0
7.2 1.1 0
7.8 1.1 0
8.4 1.1 0
9 1.1 0
9.6 1.1 0
10.2 1.1 0
10.8 1.1 0
11.4 1.1 0
12 1.1 0
12.6 1.1 0
13.2 1.1 0
13.8 1.1 0
14.4 1.1 0
15 1.1 0
15.6 1.1 0
16.2 1.1 0
16.8 1.1 0
17.4 1.1 0
18 1.1 0
18.6 1.1 0
19.2 1.1 0
19.8 1.1 0
20.4 1.1 0
21 1.1 0
21.6 1.1 0
22.2 1.1 0
22.8 1.1 0
23.4 1.1 0
24 1.1 0
24.6 1.1 0
25.2 1.1 0
25.8 1.1 0
26.4 1.1 0
27 1.1 0
27.6 1.1 0
28.2 1.1 0
28.8 1.1 0
29.4 1.1 0
30 1.1 0
