1020	
	5.10224077e-39	-5.836887163e-10	-4.266262589e-09	-1.202421298e-08	-2.299675745e-08
	-3.584097061e-08	-4.932461929e-08	-6.282874072e-08	-7.665033926e-08	-8.922756403e-08
	-9.570630739e-08	-9.922457415e-08	-1.151801046e-07	-1.281559779e-07	-7.625906365e-08
	-8.607751027e-09	-1.691960069e-07	-4.620089209e-07	3.812300824e-08	1.512728209e-06
	8.564697139e-07	-5.122575417e-06	-9.17272066e-06	7.277531425e-06	4.704503515e-05
	7.174439644e-05	4.704433421e-05	7.276563851e-06	-9.172903771e-06	-5.121794057e-06
	8.57076272e-07	1.512538831e-06	3.775012335e-08	-4.620212966e-07	-1.690438117e-07
	-8.576838673e-09	-7.630693009e-08	-1.281690658e-07	-1.151660187e-07	-9.922148661e-08
	-9.571217783e-08	-8.923072116e-08	-7.665133312e-08	-6.283034529e-08	-4.93262073e-08
	-3.584172299e-08	-2.299692787e-08	-1.202417422e-08	-4.26617829e-09	-5.836462317e-10
	5.102078753e-39	4.824643813e-39	-5.477604859e-10	-4.039842457e-09	-1.139943111e-08
	-2.178356917e-08	-3.394630384e-08	-4.677120101e-08	-5.954250658e-08	-7.243358546e-08
	-8.449374589e-08	-9.135020711e-08	-9.404964981e-08	-1.066842325e-07	-1.211355699e-07
	-8.044134699e-08	-1.089460632e-08	-1.350647241e-07	-4.185541032e-07	-2.772165143e-08
	1.338945415e-06	9.047462612e-07	-4.554486078e-06	-8.584529253e-06	6.610086959e-06
	4.440236026e-05	6.812073196e-05	4.440175673e-05	6.609246385e-06	-8.584675167e-06
	-4.553795599e-06	9.052518921e-07	1.338758067e-06	-2.803322094e-08	-4.185444852e-07
	-1.349346524e-07	-1.087744844e-08	-8.048212114e-08	-1.211424098e-07	-1.066721432e-07
	-9.404900882e-08	-9.135602462e-08	-8.44968744e-08	-7.243536367e-08	-5.954481802e-08
	-4.677317234e-08	-3.394733728e-08	-2.178395014e-08	-1.139948849e-08	-4.039777371e-09
	-5.477169374e-10	4.82449218e-39	4.546971198e-39	-5.127817669e-10	-3.812983491e-09
	-1.07738984e-08	-2.057375428e-08	-3.20489101e-08	-4.420280733e-08	-5.627150788e-08
	-6.826549351e-08	-7.96969951e-08	-8.684487142e-08	-8.909141245e-08	-9.865146785e-08
	-1.1350249e-07	-8.317699572e-08	-1.448431936e-08	-1.052559583e-07	-3.739556694e-07
	-8.273150946e-08	1.170564335e-06	9.364559896e-07	-4.01168156e-06	-8.001191705e-06
	5.959228783e-06	4.177350113e-05	6.450309089e-05	4.177298605e-05	5.958503905e-06
	-8.001305265e-06	-4.011076014e-06	9.368715499e-07	1.17038308e-06	-8.298728594e-08
	-3.739296691e-07	-1.05147045e-07	-1.447772004e-08	-8.32105003e-08	-1.135045174e-07
	-9.864160646e-08	-8.909264333e-08	-8.685046528e-08	-7.970019703e-08	-6.826800454e-08
	-5.627439824e-08	-4.420510117e-08	-3.205020108e-08	-2.057432218e-08	-1.077403806e-08
	-3.812936153e-09	-5.127382626e-10	4.54683187e-39	4.26997689e-39	-4.788028173e-10
	-3.585929462e-09	-1.014701999e-08	-1.936673219e-08	-3.015146352e-08	-4.162013596e-08
	-5.300690171e-08	-6.414725073e-08	-7.486301543e-08	-8.218073038e-08	-8.428182648e-08
	-9.111292191e-08	-1.054216711e-07	-8.440305749e-08	-1.902023596e-08	-7.98281976e-08
	-3.288452874e-07	-1.269692329e-07	1.008379129e-06	9.51717015e-07	-3.495003516e-06
	-7.422605691e-06	5.326103678e-06	3.915831842e-05	6.089005627e-05	3.915788319e-05
	5.325483705e-06	-7.422691432e-06	-3.494477022e-06	9.520528944e-07	1.00820745e-06
	-1.27174799e-07	-3.28807964e-07	-7.973912439e-08	-1.902127164e-08	-8.442941832e-08
	-1.054202224e-07	-9.11053511e-08	-8.428438959e-08	-8.218600351e-08	-7.486637793e-08
	-6.415041619e-08	-5.301025009e-08	-4.162269975e-08	-3.015298544e-08	-1.936746137e-08
	-1.014722927e-08	-3.58589877e-09	-4.787601406e-10	4.269851766e-39	3.99435828e-39
	-4.458125822e-10	-3.358972877e-09	-9.518442151e-09	-1.816158444e-08	-2.825608911e-08
	-3.90252308e-08	-4.97406677e-08	-6.007600773e-08	-7.001715449e-08	-7.73581712e-08
	-7.955036163e-08	-8.407893508e-08	-9.706831875e-08	-8.409320776e-08	-2.411998154e-08
	-5.878635287e-08	-2.839063519e-07	-1.605619763e-07	8.532733043e-07	9.507120955e-07
	-3.005423984e-06	-6.848719802e-06	4.71201779e-06	3.655669277e-05	5.728004224e-05
	3.65563292e-05	4.711492437e-06	-6.84878195e-06	-3.004970723e-06	9.509782089e-07
	8.531140988e-07	-1.607229453e-07	-2.838621871e-07	-5.871548593e-08	-2.412603934e-08
	-8.411282447e-08	-9.706459837e-08	-8.407356717e-08	-7.955377207e-08	-7.736308993e-08
	-7.002074094e-08	-6.007972772e-08	-4.974436328e-08	-3.902801777e-08	-2.825781155e-08
	-1.816244816e-08	-9.518709627e-09	-3.358957814e-09	-4.457711958e-10	3.994248701e-39
	3.72062838e-39	-4.137285981e-10	-3.132395586e-09	-8.888085253e-09	-1.695721667e-08
	-2.636415728e-08	-3.642118678e-08	-4.646633476e-08	-5.604512687e-08	-6.518257778e-08
	-7.23880533e-08	-7.482748052e-08	-7.75362238e-08	-8.862292058e-08	-8.226525414e-08
	-2.938010521e-08	-4.206759754e-08	-2.398736289e-07	-1.837220025e-07	7.062285494e-07
	9.337117812e-07	-2.544066541e-06	-6.279552169e-06	4.118468701e-06	3.396853204e-05
	5.36712576e-05	3.396823231e-05	4.118028188e-06	-6.279594644e-06	-2.543680754e-06
	9.339175578e-07	7.060841191e-07	-1.838439828e-07	-2.398265014e-07	-4.201303336e-08
	-2.938891991e-08	-8.227876307e-08	-8.861797033e-08	-7.75328447e-08	-7.483132512e-08
	-7.239263388e-08	-6.518642108e-08	-5.604928651e-08	-4.647027859e-08	-3.642415328e-08
	-2.636604587e-08	-1.695818799e-08	-8.888400607e-09	-3.132394997e-09	-4.136887094e-10
	3.720534815e-39	3.449025169e-39	-3.824101458e-10	-2.906412147e-09	-8.256126834e-09
	-1.575255404e-08	-2.447617232e-08	-3.381169458e-08	-4.317961957e-08	-5.204486483e-08
	-6.037828803e-08	-6.729144911e-08	-7.004901517e-08	-7.14458229e-08	-8.026409375e-08
	-7.898880486e-08	-3.438413414e-08	-2.952464875e-08	-1.975295191e-07	-1.967731368e-07
	5.683326738e-07	9.011057052e-07	-2.112231342e-06	-5.715216457e-06	3.547186262e-06
	3.139378142e-05	5.006165847e-05	3.139353811e-05	3.54682131e-06	-5.715242875e-06
	-2.111907329e-06	9.012600745e-07	5.682047198e-07	-1.968616899e-07	-1.974826805e-07
	-2.948426903e-08	-3.439382204e-08	-7.899703334e-08	-8.025876696e-08	-7.144412188e-08
	-7.005296526e-08	-6.729574156e-08	-6.038238665e-08	-5.204934158e-08	-4.318372483e-08
	-3.381479738e-08	-2.447818913e-08	-1.575360657e-08	-8.256480581e-09	-2.906424596e-09
	-3.823718107e-10	3.448947138e-39	3.179485762e-39	-3.516884479e-10	-2.681130255e-09
	-7.622933133e-09	-1.454673594e-08	-2.259179654e-08	-3.120046119e-08	-3.987884649e-08
	-4.806354006e-08	-5.561721136e-08	-6.209829819e-08	-6.516129966e-08	-6.574251678e-08
	-7.215888103e-08	-7.439228182e-08	-3.871537229e-08	-2.090662011e-08	-1.576948679e-07
	-2.001845629e-07	4.407850773e-07	8.53445219e-07	-1.711424537e-06	-5.155958655e-06
	3.000185291e-06	2.883243813e-05	4.644888588e-05	2.88322442e-05	2.999887116e-06
	-5.155972326e-06	-1.711156652e-06	8.53556592e-07	4.406746926e-07	-2.002451522e-07
	-1.576509207e-07	-2.087815735e-08	-3.872445941e-08	-7.439619331e-08	-7.215382348e-08
	-6.574212147e-08	-6.516511811e-08	-6.210236838e-08	-5.562152898e-08	-4.806821097e-08
	-3.988303734e-08	-3.120365524e-08	-2.259390102e-08	-1.454784434e-08	-7.623316243e-09
	-2.681153985e-09	-3.516516827e-10	3.179422001e-39	2.911698608e-39	-3.214035821e-10
	-2.456540009e-09	-6.988950849e-09	-1.333926486e-08	-2.071003345e-08	-2.859058984e-08
	-3.656500308e-08	-4.408915392e-08	-5.09046979e-08	-5.684468288e-08	-6.012666756e-08
	-6.033669536e-08	-6.445029758e-08	-6.866785339e-08	-4.197609018e-08	-1.583818761e-08
	-1.212111868e-07	-1.946136375e-07	3.248968777e-07	7.915019771e-07	-1.343392267e-06
	-4.602210013e-06	2.479834587e-06	2.62845729e-05	4.283018165e-05	2.628442169e-05
	2.479594899e-06	-4.602213942e-06	-1.343174922e-06	7.915782224e-07	3.248045422e-07
	-1.946515667e-07	-1.211720677e-07	-1.581930267e-08	-4.19835315e-08	-6.866848375e-08
	-6.444593833e-08	-6.03372107e-08	-6.013020837e-08	-5.684859425e-08	-5.090916681e-08
	-4.409390213e-08	-3.6569212e-08	-2.85938267e-08	-2.071218352e-08	-1.334040502e-08
	-6.989354385e-09	-2.456572999e-09	-3.213684517e-10	2.911647389e-39	2.645223056e-39
	-2.91434944e-10	-2.232536808e-09	-6.354586091e-09	-1.213006354e-08	-1.882955597e-08
	-2.598405259e-08	-3.324130753e-08	-4.011129517e-08	-4.623790597e-08	-5.156857082e-08
	-5.492852214e-08	-5.511977585e-08	-5.724241392e-08	-6.207197421e-08	-4.381493365e-08
	-1.379900647e-08	-8.890961744e-08	-1.809592753e-07	2.220806072e-07	7.163491322e-07
	-1.010158666e-06	-4.0546647e-06	1.98894884e-06	2.37503624e-05	3.920227267e-05
	2.375024764e-05	1.988759846e-06	-4.054661584e-06	-1.009986326e-06	7.163975451e-07
	2.220061854e-07	-1.809796152e-07	-8.887658934e-08	-1.378737918e-08	-4.382011874e-08
	-6.207036019e-08	-5.723896936e-08	-5.512082449e-08	-5.493172156e-08	-5.157236787e-08
	-4.624243426e-08	-4.011601435e-08	-3.324547177e-08	-2.598727989e-08	-1.88317093e-08
	-1.213121237e-08	-6.355000933e-09	-2.232576887e-09	-2.914016065e-10	2.645182547e-39
	2.379636647e-39	-2.617136978e-10	-2.008970949e-09	-5.720108616e-09	-1.091941183e-08
	-1.694911126e-08	-2.338142076e-08	-2.991225441e-08	-3.612296463e-08	-4.160659183e-08
	-4.630421117e-08	-4.957465177e-08	-4.997433535e-08	-5.058424704e-08	-5.491803142e-08
	-4.39641087e-08	-1.410754073e-08	-6.155987426e-08	-1.604265188e-07	1.338204385e-07
	6.294747513e-07	-7.140653365e-07	-3.51439628e-06	1.530913318e-06	2.123013943e-05
	3.556120696e-05	2.123005524e-05	1.530767716e-06	-3.514388505e-06	-7.139325261e-07
	6.295020141e-07	1.337631833e-07	-1.604340179e-07	-6.153353216e-08	-1.410097346e-08
	-4.396684782e-08	-5.491513448e-08	-5.058174166e-08	-4.997559566e-08	-4.957751028e-08
	-4.630790711e-08	-4.16110734e-08	-3.612756091e-08	-2.991631224e-08	-2.338458267e-08
	-1.695122618e-08	-1.092054689e-08	-5.720525349e-09	-2.009015921e-09	-2.616824008e-10
	2.379605192e-39	2.114650109e-39	-2.322133065e-10	-1.78570419e-09	-5.085617356e-09
	-9.707775522e-09	-1.506787729e-08	-2.078199348e-08	-2.658228377e-08	-3.212176143e-08
	-3.699568727e-08	-4.107599862e-08	-4.40969046e-08	-4.478957553e-08	-4.44554934e-08
	-4.755629206e-08	-4.228646977e-08	-1.591740839e-08	-3.978987481e-08	-1.345999817e-07
	6.16068761e-08	5.329411042e-07	-4.578052162e-07	-2.983037114e-06	1.10985646e-06
	1.872447326e-05	3.19021142e-05	1.872441417e-05	1.109747447e-06	-2.983026748e-06
	-4.577065222e-07	5.329532359e-07	6.156544178e-08	-1.345989609e-07	-3.977017369e-08
	-1.591394061e-08	-4.22869533e-08	-4.755292352e-08	-4.445379973e-08	-4.479081152e-08
	-4.40994611e-08	-4.107956994e-08	-3.700001293e-08	-3.2126152e-08	-2.658617136e-08
	-2.0785032e-08	-1.506991323e-08	-9.708874577e-09	-5.08602631e-09	-1.785751931e-09
	-2.32184353e-10	2.11462634e-39	1.850138113e-39	-2.029256634e-10	-1.562647587e-09
	-4.451080187e-09	-8.495593682e-09	-1.318562571e-08	-1.818434522e-08	-2.325446205e-08
	-2.810980441e-08	-3.238954969e-08	-3.589352025e-08	-3.854512672e-08	-3.94811311e-08
	-3.875984173e-08	-4.033567146e-08	-3.882863329e-08	-1.824087425e-08	-2.396476951e-08
	-1.055162724e-07	6.807363108e-09	4.296082522e-07	-2.444329708e-07	-2.463063326e-06
	7.308941203e-07	1.623430385e-05	2.821884186e-05	1.623426478e-05	7.308153911e-07
	-2.463052114e-06	-2.443630513e-07	4.296105437e-07	6.779835713e-09	-1.055105007e-07
	-2.395108506e-08	-1.823890235e-08	-3.882735669e-08	-4.033242896e-08	-3.875873958e-08
	-3.948220741e-08	-3.854742848e-08	-3.589690987e-08	-3.239361665e-08	-2.811391361e-08
	-2.325811198e-08	-1.818720174e-08	-1.318754308e-08	-8.496634345e-09	-4.451471576e-09
	-1.562696068e-09	-2.028993731e-10	1.850120904e-39	1.586080293e-39	-1.738384737e-10
	-1.339764056e-09	-3.816421355e-09	-7.283127305e-09	-1.130260746e-08	-1.558709706e-08
	-1.992974897e-08	-2.409204803e-08	-2.77768144e-08	-3.075033261e-08	-3.297420941e-08
	-3.401088137e-08	-3.333475128e-08	-3.354387525e-08	-3.386718646e-08	-2.002360512e-08
	-1.401608178e-08	-7.570736397e-08	-2.957743839e-08	3.234431587e-07	-7.730826495e-08
	-1.958264345e-06	4.004829811e-07	1.376117811e-05	2.450337478e-05	1.376115442e-05
	4.004287371e-07	-1.958253699e-06	-7.726186645e-08	3.234400906e-07	-2.959348402e-08
	-7.569991752e-08	-1.400731959e-08	-2.002199422e-08	-3.386483448e-08	-3.354110598e-08
	-3.333400105e-08	-3.40117567e-08	-3.297628463e-08	-3.075346139e-08	-2.778053133e-08
	-2.409580221e-08	-1.993309057e-08	-1.558971353e-08	-1.130436718e-08	-7.284086955e-09
	-3.816785412e-09	-1.339811325e-09	-1.738151607e-10	1.586068631e-39	1.322468002e-39
	-1.449266962e-10	-1.117042329e-09	-3.181598981e-09	-6.070446055e-09	-9.419233367e-09
	-1.298951487e-08	-1.66073069e-08	-2.007346675e-08	-2.3153658e-08	-2.562879076e-08
	-2.742635368e-08	-2.839739398e-08	-2.798755996e-08	-2.733174859e-08	-2.791799556e-08
	-2.030409414e-08	-9.228108385e-09	-4.814596572e-08	-4.735664038e-08	2.19924629e-07
	4.013605796e-08	-1.474550421e-06	1.269413835e-07	1.130769496e-05	2.074485002e-05
	1.130768243e-05	1.269063418e-07	-1.4745414e-06	4.01640723e-08	2.199197657e-07
	-4.736403742e-08	-4.813907642e-08	-9.222881756e-09	-2.030225625e-08	-2.791528706e-08
	-2.73295593e-08	-2.798697525e-08	-2.839809035e-08	-2.742819581e-08	-2.563157329e-08
	-2.3156944e-08	-2.007679039e-08	-1.661026786e-08	-1.299183413e-08	-9.420796396e-09
	-6.071301917e-09	-3.181926025e-09	-1.117086475e-09	-1.449066651e-10	1.322460906e-39
	1.059251249e-39	-1.161577937e-10	-8.944685783e-10	-2.546626211e-09	-4.857531882e-09
	-7.535777328e-09	-1.039157679e-08	-1.328570009e-08	-1.605664416e-08	-1.85231169e-08
	-2.051042234e-08	-2.191649838e-08	-2.270418113e-08	-2.255953953e-08	-2.165083273e-08
	-2.165541536e-08	-1.848374135e-08	-8.046722007e-09	-2.593980316e-08	-4.791604477e-08
	1.264845416e-07	1.050765962e-07	-1.021410263e-06	-7.87840713e-08	8.878424398e-06
	1.692773892e-05	8.878419294e-06	-7.880466496e-08	-1.021403556e-06	1.050911966e-07
	1.264803964e-07	-4.791785234e-08	-2.593472263e-08	-8.043619267e-09	-1.848163261e-08
	-2.165293086e-08	-2.164916328e-08	-2.255903291e-08	-2.270473779e-08	-2.191806895e-08
	-2.051277944e-08	-1.852589607e-08	-1.605945878e-08	-1.328820806e-08	-1.039354224e-08
	-7.537104467e-09	-4.858261165e-09	-2.546906643e-09	-8.945077112e-10	-1.161413424e-10
	1.059247743e-39	7.963480143e-40	-8.749983219e-11	-6.720170224e-10	-1.91154307e-09
	-3.644387592e-09	-5.652305285e-09	-7.793560964e-09	-9.964055948e-09	-1.204146561e-08
	-1.389044833e-08	-1.538589754e-08	-1.643283591e-08	-1.700091485e-08	-1.69920084e-08
	-1.626786896e-08	-1.56867677e-08	-1.465623934e-08	-8.12766967e-09	-1.149006113e-08
	-3.539412141e-08	5.262924794e-08	1.171624524e-07	-6.14665104e-07	-2.020900089e-07
	6.482074684e-06	1.302806445e-05	6.482073774e-06	-2.021003617e-07	-6.146609948e-07
	1.171683528e-07	5.262711249e-08	-3.539329969e-08	-1.148701301e-08	-8.125607062e-09
	-1.465420843e-08	-1.568482616e-08	-1.626661817e-08	-1.699158306e-08	-1.700135036e-08
	-1.643408227e-08	-1.538775925e-08	-1.389264451e-08	-1.204369109e-08	-9.966039137e-09
	-7.795116096e-09	-5.653357228e-09	-3.644967543e-09	-1.911767353e-09	-6.720492743e-10
	-8.748724986e-11	7.96347144e-40	5.336738277e-40	-5.89241026e-11	-4.496563931e-10
	-1.27638603e-09	-2.431063293e-09	-3.768796269e-09	-5.195635034e-09	-6.642278487e-09
	-8.026828798e-09	-9.258497922e-09	-1.025626738e-08	-1.095556816e-08	-1.132070811e-08
	-1.133362104e-08	-1.091361424e-08	-1.024242492e-08	-9.705459576e-09	-7.082452881e-09
	-4.857327283e-09	-1.778890001e-08	8.291492697e-09	8.346099681e-08	-2.816576365e-07
	-2.242098759e-07	4.137760118e-06	9.003909318e-06	4.137760739e-06	-2.242136177e-07
	-2.816559357e-07	8.34624602e-08	8.291254498e-09	-1.778772996e-08	-4.855752159e-09
	-7.080976505e-09	-9.703930873e-09	-1.024110986e-08	-1.09127462e-08	-1.133331513e-08
	-1.13210142e-08	-1.095643979e-08	-1.025756798e-08	-9.260033112e-09	-8.028384858e-09
	-6.643665415e-09	-5.196723292e-09	-3.76953369e-09	-2.431471194e-09	-1.276544686e-09
	-4.496799229e-10	-5.891566155e-11	5.336746713e-40	2.711520416e-40	-3.040360872e-11
	-2.273563512e-10	-6.411824962e-10	-1.217625819e-09	-1.88525051e-09	-2.59779875e-09
	-3.320519905e-09	-4.012182276e-09	-4.627253499e-09	-5.125517091e-09	-5.475701123e-09
	-5.6562864e-09	-5.659316027e-09	-5.474806499e-09	-5.105124466e-09	-4.703494016e-09
	-4.018590862e-09	-2.497828489e-09	-4.925469176e-09	-3.993825835e-09	2.988078732e-08
	-6.785073118e-08	-1.301479607e-07	1.899705743e-06	4.763255577e-06	1.899705734e-06
	-1.301479485e-07	-6.785064676e-08	2.988099989e-08	-3.993442956e-09	-4.924903975e-09
	-2.49710879e-09	-4.017784478e-09	-4.70269889e-09	-5.104450825e-09	-5.47435505e-09
	-5.659157165e-09	-5.656445298e-09	-5.476152468e-09	-5.126190702e-09	-4.628048893e-09
	-4.012988789e-09	-3.321239077e-09	-2.598363532e-09	-1.885634061e-09	-1.217838944e-09
	-6.412661187e-10	-2.273693525e-10	-3.039955103e-11	2.711537137e-40	  0
	  0	  0	  0	  0	  0
	  0	  0	  0	  0	  0
	  0	  0	  0	  0	  0
	  0	  0	  0	  0	  0
	  0	  0	  0	  0	  0
	  0	  0	  0	  0	  0
	  0	  0	  0	  0	  0
	  0	  0	  0	  0	  0
	  0	  0	  0	  0	  0
	  0	  0	  0	  0	  0
	