0 589.715 582.408 589.676
1 589.715 582.415 589.676
2 589.715 582.437 589.676
3 589.715 582.473 589.676
4 589.715 582.523 589.676
5 589.715 582.586 589.676
6 589.715 582.663 589.677
7 589.715 582.752 589.677
8 589.715 582.852 589.677
9 589.715 582.964 589.677
10 589.715 583.085 589.677
11 589.715 583.215 589.678
12 589.715 583.353 589.678
13 589.715 583.498 589.678
14 589.715 583.65 589.679
15 589.715 583.806 589.679
16 589.715 583.967 589.679
17 589.715 584.131 589.68
18 589.715 584.297 589.68
19 589.715 584.465 589.68
20 589.715 584.633 589.681
21 589.715 584.802 589.681
22 589.715 584.97 589.682
23 589.715 585.136 589.682
24 589.715 585.301 589.683
25 589.715 585.464 589.683
26 589.715 585.624 589.684
27 589.715 585.78 589.684
28 589.715 585.933 589.684
29 589.715 586.083 589.685
30 589.715 586.228 589.685
31 589.715 586.37 589.686
32 589.715 586.507 589.686
33 589.715 586.64 589.687
34 589.715 586.768 589.687
35 589.715 586.893 589.688
36 589.715 587.012 589.688
37 589.715 587.127 589.689
38 589.715 587.238 589.689
39 589.715 587.345 589.69
40 589.715 587.447 589.69
41 589.715 587.545 589.691
42 589.715 587.639 589.691
43 589.715 587.729 589.692
44 589.715 587.815 589.692
45 589.715 587.898 589.693
46 589.715 587.977 589.693
47 589.715 588.052 589.693
48 589.715 588.124 589.694
49 589.715 588.193 589.694
50 589.715 588.259 589.695
51 589.715 588.322 589.695
52 589.715 588.381 589.695
53 589.715 588.439 589.696
54 589.715 588.493 589.696
55 589.715 588.545 589.697
56 589.715 588.595 589.697
57 589.715 588.642 589.697
58 589.715 588.687 589.698
59 589.715 588.73 589.698
60 589.715 588.771 589.698
61 589.715 588.81 589.699
62 589.715 588.848 589.699
63 589.715 588.883 589.699
64 589.715 588.917 589.699
65 589.715 588.95 589.7
66 589.715 588.98 589.7
67 589.715 589.01 589.7
68 589.715 589.038 589.701
69 589.715 589.065 589.701
70 589.715 589.091 589.701
71 589.715 589.115 589.701
72 589.715 589.138 589.702
73 589.715 589.161 589.702
74 589.715 589.182 589.702
75 589.715 589.202 589.702
76 589.715 589.222 589.703
77 589.715 589.24 589.703
78 589.715 589.258 589.703
79 589.715 589.275 589.703
80 589.715 589.292 589.704
81 589.715 589.307 589.704
82 589.715 589.322 589.704
83 589.715 589.336 589.704
84 589.715 589.35 589.704
85 589.715 589.363 589.705
86 589.715 589.375 589.705
87 589.715 589.387 589.705
88 589.715 589.399 589.705
89 589.715 589.41 589.705
90 589.715 589.42 589.705
91 589.715 589.431 589.706
92 589.715 589.44 589.706
93 589.715 589.45 589.706
94 589.715 589.458 589.706
95 589.715 589.467 589.706
96 589.715 589.475 589.706
97 589.715 589.483 589.706
98 589.715 589.491 589.707
99 589.715 589.498 589.707
100 589.715 589.505 589.707
101 589.715 589.512 589.707
102 589.715 589.518 589.707
103 589.715 589.524 589.707
104 589.715 589.53 589.707
105 589.715 589.536 589.708
106 589.715 589.542 589.708
107 589.715 589.547 589.708
108 589.715 589.552 589.708
109 589.715 589.557 589.708
110 589.715 589.562 589.708
111 589.715 589.566 589.708
112 589.715 589.571 589.708
113 589.715 589.575 589.708
114 589.715 589.579 589.709
115 589.715 589.583 589.709
116 589.715 589.587 589.709
117 589.715 589.591 589.709
118 589.715 589.594 589.709
119 589.715 589.598 589.709
120 589.715 589.601 589.709
121 589.715 589.604 589.709
122 589.715 589.607 589.709
123 589.715 589.61 589.709
124 589.715 589.613 589.709
125 589.715 589.616 589.709
126 589.715 589.619 589.71
127 589.715 589.621 589.71
128 589.715 589.624 589.71
129 589.715 589.626 589.71
130 589.715 589.628 589.71
131 589.715 589.631 589.71
132 589.715 589.633 589.71
133 589.715 589.635 589.71
134 589.715 589.637 589.71
135 589.715 589.639 589.71
136 589.715 589.641 589.71
137 589.715 589.643 589.71
138 589.715 589.645 589.71
139 589.715 589.647 589.71
140 589.715 589.648 589.711
141 589.715 589.65 589.711
142 589.715 589.651 589.711
143 589.715 589.653 589.711
144 589.715 589.655 589.711
145 589.715 589.656 589.711
146 589.715 589.657 589.711
147 589.715 589.659 589.711
148 589.715 589.66 589.711
149 589.715 589.661 589.711
150 589.715 589.663 589.711
151 589.715 589.664 589.711
152 589.715 589.665 589.711
153 589.715 589.666 589.711
154 589.715 589.667 589.711
155 589.715 589.668 589.711
156 589.715 589.669 589.711
157 589.715 589.67 589.711
158 589.715 589.671 589.711
159 589.715 589.672 589.712
160 589.715 589.673 589.712
161 589.715 589.674 589.712
162 589.715 589.675 589.712
163 589.715 589.676 589.712
164 589.715 589.677 589.712
165 589.715 589.678 589.712
166 589.715 589.679 589.712
167 589.715 589.679 589.712
168 589.715 589.68 589.712
169 589.715 589.681 589.712
170 589.715 589.681 589.712
171 589.715 589.682 589.712
172 589.715 589.683 589.712
173 589.715 589.684 589.712
174 589.715 589.684 589.712
175 589.715 589.685 589.712
176 589.715 589.685 589.712
177 589.715 589.686 589.712
178 589.715 589.687 589.712
179 589.715 589.687 589.712
180 589.715 589.688 589.712
181 589.715 589.688 589.712
182 589.715 589.689 589.712
183 589.715 589.689 589.712
184 589.715 589.69 589.712
185 589.715 589.69 589.712
186 589.715 589.691 589.712
187 589.715 589.691 589.712
188 589.715 589.692 589.713
189 589.715 589.692 589.713
190 589.715 589.693 589.713
191 589.715 589.693 589.713
192 589.715 589.693 589.713
193 589.715 589.694 589.713
194 589.715 589.694 589.713
195 589.715 589.695 589.713
196 589.715 589.695 589.713
197 589.715 589.695 589.713
198 589.715 589.696 589.713
199 589.715 589.696 589.713
