0 60.1277 60.1267 60.2755
1 60.1277 60.1267 60.2754
2 60.1277 60.1267 60.2749
3 60.1277 60.1267 60.2742
4 60.1277 60.1267 60.2732
5 60.1277 60.1267 60.2719
6 60.1277 60.1268 60.2703
7 60.1277 60.1268 60.2685
8 60.1277 60.1268 60.2665
9 60.1277 60.1268 60.2642
10 60.1277 60.1268 60.2618
11 60.1277 60.1268 60.2591
12 60.1277 60.1268 60.2563
13 60.1277 60.1269 60.2534
14 60.1277 60.1269 60.2503
15 60.1277 60.1269 60.2471
16 60.1277 60.1269 60.2438
17 60.1277 60.1269 60.2405
18 60.1277 60.1269 60.2371
19 60.1277 60.127 60.2337
20 60.1277 60.127 60.2303
21 60.1277 60.127 60.2269
22 60.1277 60.127 60.2235
23 60.1277 60.127 60.2201
24 60.1277 60.1271 60.2168
25 60.1277 60.1271 60.2135
26 60.1277 60.1271 60.2102
27 60.1277 60.1271 60.207
28 60.1277 60.1271 60.2039
29 60.1277 60.1272 60.2009
30 60.1277 60.1272 60.198
31 60.1277 60.1272 60.1951
32 60.1277 60.1272 60.1923
33 60.1277 60.1272 60.1896
34 60.1277 60.1273 60.187
35 60.1277 60.1273 60.1845
36 60.1277 60.1273 60.1821
37 60.1277 60.1273 60.1797
38 60.1277 60.1273 60.1775
39 60.1277 60.1273 60.1753
40 60.1277 60.1273 60.1733
41 60.1277 60.1274 60.1713
42 60.1277 60.1274 60.1694
43 60.1277 60.1274 60.1676
44 60.1277 60.1274 60.1658
45 60.1277 60.1274 60.1641
46 60.1277 60.1274 60.1625
47 60.1277 60.1274 60.161
48 60.1277 60.1274 60.1596
49 60.1277 60.1274 60.1582
50 60.1277 60.1275 60.1568
51 60.1277 60.1275 60.1556
52 60.1277 60.1275 60.1544
53 60.1277 60.1275 60.1532
54 60.1277 60.1275 60.1521
55 60.1277 60.1275 60.1511
56 60.1277 60.1275 60.1501
57 60.1277 60.1275 60.1491
58 60.1277 60.1275 60.1482
59 60.1277 60.1275 60.1473
60 60.1277 60.1275 60.1465
61 60.1277 60.1275 60.1457
62 60.1277 60.1275 60.145
63 60.1277 60.1275 60.1442
64 60.1277 60.1275 60.1436
65 60.1277 60.1276 60.1429
66 60.1277 60.1276 60.1423
67 60.1277 60.1276 60.1417
68 60.1277 60.1276 60.1411
69 60.1277 60.1276 60.1406
70 60.1277 60.1276 60.1401
71 60.1277 60.1276 60.1396
72 60.1277 60.1276 60.1391
73 60.1277 60.1276 60.1387
74 60.1277 60.1276 60.1382
75 60.1277 60.1276 60.1378
76 60.1277 60.1276 60.1374
77 60.1277 60.1276 60.1371
78 60.1277 60.1276 60.1367
79 60.1277 60.1276 60.1364
80 60.1277 60.1276 60.136
81 60.1277 60.1276 60.1357
82 60.1277 60.1276 60.1354
83 60.1277 60.1276 60.1351
84 60.1277 60.1276 60.1349
85 60.1277 60.1276 60.1346
86 60.1277 60.1276 60.1344
87 60.1277 60.1276 60.1341
88 60.1277 60.1276 60.1339
89 60.1277 60.1276 60.1337
90 60.1277 60.1276 60.1335
91 60.1277 60.1276 60.1333
92 60.1277 60.1276 60.1331
93 60.1277 60.1276 60.1329
94 60.1277 60.1276 60.1327
95 60.1277 60.1276 60.1325
96 60.1277 60.1276 60.1324
97 60.1277 60.1276 60.1322
98 60.1277 60.1276 60.1321
99 60.1277 60.1276 60.1319
100 60.1277 60.1276 60.1318
101 60.1277 60.1276 60.1316
102 60.1277 60.1277 60.1315
103 60.1277 60.1277 60.1314
104 60.1277 60.1277 60.1313
105 60.1277 60.1277 60.1312
106 60.1277 60.1277 60.1311
107 60.1277 60.1277 60.1309
108 60.1277 60.1277 60.1308
109 60.1277 60.1277 60.1307
110 60.1277 60.1277 60.1307
111 60.1277 60.1277 60.1306
112 60.1277 60.1277 60.1305
113 60.1277 60.1277 60.1304
114 60.1277 60.1277 60.1303
115 60.1277 60.1277 60.1302
116 60.1277 60.1277 60.1302
117 60.1277 60.1277 60.1301
118 60.1277 60.1277 60.13
119 60.1277 60.1277 60.1299
120 60.1277 60.1277 60.1299
121 60.1277 60.1277 60.1298
122 60.1277 60.1277 60.1298
123 60.1277 60.1277 60.1297
124 60.1277 60.1277 60.1296
125 60.1277 60.1277 60.1296
126 60.1277 60.1277 60.1295
127 60.1277 60.1277 60.1295
128 60.1277 60.1277 60.1294
129 60.1277 60.1277 60.1294
130 60.1277 60.1277 60.1293
131 60.1277 60.1277 60.1293
132 60.1277 60.1277 60.1293
133 60.1277 60.1277 60.1292
134 60.1277 60.1277 60.1292
135 60.1277 60.1277 60.1291
136 60.1277 60.1277 60.1291
137 60.1277 60.1277 60.1291
138 60.1277 60.1277 60.129
139 60.1277 60.1277 60.129
140 60.1277 60.1277 60.129
141 60.1277 60.1277 60.1289
142 60.1277 60.1277 60.1289
143 60.1277 60.1277 60.1289
144 60.1277 60.1277 60.1288
145 60.1277 60.1277 60.1288
146 60.1277 60.1277 60.1288
147 60.1277 60.1277 60.1288
148 60.1277 60.1277 60.1287
149 60.1277 60.1277 60.1287
150 60.1277 60.1277 60.1287
151 60.1277 60.1277 60.1287
152 60.1277 60.1277 60.1286
153 60.1277 60.1277 60.1286
154 60.1277 60.1277 60.1286
155 60.1277 60.1277 60.1286
156 60.1277 60.1277 60.1285
157 60.1277 60.1277 60.1285
158 60.1277 60.1277 60.1285
159 60.1277 60.1277 60.1285
160 60.1277 60.1277 60.1285
161 60.1277 60.1277 60.1285
162 60.1277 60.1277 60.1284
163 60.1277 60.1277 60.1284
164 60.1277 60.1277 60.1284
165 60.1277 60.1277 60.1284
166 60.1277 60.1277 60.1284
167 60.1277 60.1277 60.1284
168 60.1277 60.1277 60.1283
169 60.1277 60.1277 60.1283
170 60.1277 60.1277 60.1283
171 60.1277 60.1277 60.1283
172 60.1277 60.1277 60.1283
173 60.1277 60.1277 60.1283
174 60.1277 60.1277 60.1283
175 60.1277 60.1277 60.1283
176 60.1277 60.1277 60.1282
177 60.1277 60.1277 60.1282
178 60.1277 60.1277 60.1282
179 60.1277 60.1277 60.1282
180 60.1277 60.1277 60.1282
181 60.1277 60.1277 60.1282
182 60.1277 60.1277 60.1282
183 60.1277 60.1277 60.1282
184 60.1277 60.1277 60.1282
185 60.1277 60.1277 60.1281
186 60.1277 60.1277 60.1281
187 60.1277 60.1277 60.1281
188 60.1277 60.1277 60.1281
189 60.1277 60.1277 60.1281
190 60.1277 60.1277 60.1281
191 60.1277 60.1277 60.1281
192 60.1277 60.1277 60.1281
193 60.1277 60.1277 60.1281
194 60.1277 60.1277 60.1281
195 60.1277 60.1277 60.1281
196 60.1277 60.1277 60.1281
197 60.1277 60.1277 60.1281
198 60.1277 60.1277 60.128
199 60.1277 60.1277 60.128
