0.05 8.62026e-69
0.1 8.19672e-69
0.15 7.78562e-69
0.2 7.39513e-69
0.25 7.02568e-69
0.3 6.67591e-69
0.35 6.34418e-69
0.4 6.02889e-69
0.45 5.72865e-69
0.5 5.44222e-69
0.55 5.16857e-69
0.6 4.90676e-69
0.65 4.65601e-69
0.7 4.41562e-69
0.75 4.18499e-69
0.8 3.96357e-69
0.85 3.75088e-69
0.9 3.54651e-69
0.95 3.35006e-69
1 3.1612e-69
1.05 2.97962e-69
1.1 2.80504e-69
1.15 2.6372e-69
1.2 2.47588e-69
1.25 2.32086e-69
1.3 2.17195e-69
1.35 2.02898e-69
1.4 1.89177e-69
1.45 1.76019e-69
1.5 1.6341e-69
1.55 1.51336e-69
1.6 1.39787e-69
1.65 1.28751e-69
1.7 1.18218e-69
1.75 1.08179e-69
1.8 9.86264e-70
1.85 8.9551e-70
1.9 8.09457e-70
1.95 7.28039e-70
2 6.51191e-70
2.05 5.78856e-70
2.1 5.10978e-70
2.15 4.47508e-70
2.2 3.88399e-70
2.25 3.33608e-70
2.3 2.83096e-70
2.35 2.36826e-70
2.4 1.94764e-70
2.45 1.56881e-70
2.5 1.23147e-70
2.55 9.35381e-71
2.6 6.80298e-71
2.65 4.66015e-71
2.7 2.92342e-71
2.75 1.5911e-71
2.8 6.61704e-72
2.85 1.33913e-72
2.9 6.5919e-74
2.95 2.78773e-72
3 9.49648e-72
3.05 2.01857e-71
3.1 3.48502e-71
3.15 5.34866e-71
3.2 7.60925e-71
3.25 1.02667e-70
3.3 1.33211e-70
3.35 1.67725e-70
3.4 2.06212e-70
3.45 2.48677e-70
3.5 2.95125e-70
3.55 3.45561e-70
3.6 3.99994e-70
3.65 4.5843e-70
3.7 5.2088e-70
3.75 5.87354e-70
3.8 6.57863e-70
3.85 7.3242e-70
3.9 8.11036e-70
3.95 8.93727e-70
4 9.80507e-70
4.05 1.07139e-69
4.1 1.1664e-69
4.15 1.26554e-69
4.2 1.36885e-69
4.25 1.47633e-69
4.3 1.588e-69
4.35 1.70389e-69
4.4 1.82402e-69
4.45 1.94841e-69
4.5 2.07708e-69
4.55 2.21006e-69
4.6 2.34737e-69
4.65 2.48903e-69
4.7 2.63508e-69
4.75 2.78553e-69
4.8 2.94042e-69
4.85 3.09978e-69
4.9 3.26362e-69
4.95 3.43199e-69
5 3.6049e-69
5.05 3.7824e-69
5.1 3.96452e-69
5.15 4.15128e-69
5.2 4.34271e-69
5.25 4.53886e-69
5.3 4.73976e-69
5.35 4.94543e-69
5.4 5.15592e-69
5.45 5.37126e-69
5.5 5.5915e-69
5.55 5.81665e-69
5.6 6.04678e-69
5.65 6.2819e-69
5.7 6.52207e-69
5.75 6.76733e-69
5.8 7.01771e-69
5.85 7.27325e-69
5.9 7.534e-69
5.95 7.8e-69
6 8.0713e-69
6.05 8.34793e-69
6.1 8.62995e-69
6.15 8.9174e-69
6.2 9.21033e-69
6.25 9.50878e-69
6.3 9.8128e-69
6.35 1.01224e-68
6.4 1.04377e-68
6.45 1.07588e-68
6.5 1.10856e-68
6.55 1.14182e-68
6.6 1.17567e-68
6.65 1.21011e-68
6.7 1.24515e-68
6.75 1.28079e-68
6.8 1.31704e-68
6.85 1.35391e-68
6.9 1.3914e-68
6.95 1.42951e-68
7 1.46826e-68
7.05 1.50764e-68
7.1 1.54766e-68
7.15 1.58834e-68
7.2 1.62967e-68
7.25 1.67167e-68
7.3 1.71433e-68
7.35 1.75766e-68
7.4 1.80168e-68
7.45 1.84639e-68
7.5 1.89179e-68
7.55 1.93789e-68
7.6 1.9847e-68
7.65 2.03222e-68
7.7 2.08047e-68
7.75 2.12945e-68
7.8 2.17916e-68
7.85 2.22961e-68
7.9 2.28082e-68
7.95 2.33278e-68
8 2.38551e-68
8.05 2.43902e-68
8.1 2.4933e-68
8.15 2.54837e-68
8.2 2.60424e-68
8.25 2.66092e-68
8.3 2.7184e-68
8.35 2.77671e-68
8.4 2.83585e-68
8.45 2.89583e-68
8.5 2.95665e-68
8.55 3.01833e-68
8.6 3.08087e-68
8.65 3.14428e-68
8.7 3.20858e-68
8.75 3.27377e-68
8.8 3.33985e-68
8.85 3.40685e-68
8.9 3.47476e-68
8.95 3.5436e-68
9 3.61338e-68
9.05 3.68411e-68
9.1 3.75579e-68
9.15 3.82845e-68
9.2 3.90208e-68
9.25 3.97669e-68
9.3 4.05231e-68
9.35 4.12893e-68
9.4 4.20657e-68
9.45 4.28524e-68
9.5 4.36496e-68
9.55 4.44572e-68
9.6 4.52755e-68
9.65 4.61045e-68
9.7 4.69444e-68
9.75 4.77952e-68
9.8 4.86571e-68
9.85 4.95303e-68
9.9 5.04147e-68
9.95 5.13106e-68
10 5.22181e-68
