0.05 29.5554
0.1 29.1956
0.15 28.8415
0.2 28.4931
0.25 28.1502
0.3 27.8128
0.35 27.4808
0.4 27.154
0.45 26.8324
0.5 26.5159
0.55 26.2044
0.6 25.8978
0.65 25.5961
0.7 25.2991
0.75 25.0068
0.8 24.7191
0.85 24.436
0.9 24.1573
0.95 23.883
1 23.6131
1.05 23.3474
1.1 23.0858
1.15 22.8284
1.2 22.575
1.25 22.3256
1.3 22.0801
1.35 21.8384
1.4 21.6005
1.45 21.3664
1.5 21.136
1.55 20.9091
1.6 20.6858
1.65 20.466
1.7 20.2496
1.75 20.0367
1.8 19.827
1.85 19.6207
1.9 19.4176
1.95 19.2176
2 19.0208
2.05 18.827
2.1 18.6363
2.15 18.4486
2.2 18.2638
2.25 18.082
2.3 17.9029
2.35 17.7267
2.4 17.5532
2.45 17.3825
2.5 17.2144
2.55 17.049
2.6 16.8861
2.65 16.7259
2.7 16.5681
2.75 16.4128
2.8 16.26
2.85 16.1096
2.9 15.9616
2.95 15.8159
3 15.6725
3.05 15.5314
3.1 15.3925
3.15 15.2558
3.2 15.1214
3.25 14.989
3.3 14.8588
3.35 14.7306
3.4 14.6046
3.45 14.4805
3.5 14.3584
3.55 14.2384
3.6 14.1202
3.65 14.004
3.7 13.8897
3.75 13.7772
3.8 13.6666
3.85 13.5579
3.9 13.4509
3.95 13.3457
4 13.2422
4.05 13.1405
4.1 13.0405
4.15 12.9421
4.2 12.8455
4.25 12.7504
4.3 12.6571
4.35 12.5653
4.4 12.4751
4.45 12.3865
4.5 12.2994
4.55 12.2139
4.6 12.1299
4.65 12.0474
4.7 11.9664
4.75 11.8869
4.8 11.8088
4.85 11.7322
4.9 11.657
4.95 11.5832
5 11.5108
5.05 11.4398
5.1 11.3702
5.15 11.3019
5.2 11.235
5.25 11.1695
5.3 11.1053
5.35 11.0423
5.4 10.9807
5.45 10.9204
5.5 10.8614
5.55 10.8037
5.6 10.7472
5.65 10.692
5.7 10.6381
5.75 10.5854
5.8 10.5339
5.85 10.4837
5.9 10.4346
5.95 10.3869
6 10.3403
6.05 10.2949
6.1 10.2507
6.15 10.2077
6.2 10.1659
6.25 10.1253
6.3 10.0859
6.35 10.0476
6.4 10.0105
6.45 9.97462
6.5 9.93987
6.55 9.90628
6.6 9.87385
6.65 9.84258
6.7 9.81247
6.75 9.78351
6.8 9.7557
6.85 9.72905
6.9 9.70355
6.95 9.6792
7 9.656
7.05 9.63396
7.1 9.61307
7.15 9.59333
7.2 9.57475
7.25 9.55733
7.3 9.54106
7.35 9.52596
7.4 9.51202
7.45 9.49925
7.5 9.48766
7.55 9.47724
7.6 9.468
7.65 9.45995
7.7 9.45309
7.75 9.44742
7.8 9.44297
7.85 9.43973
7.9 9.43771
7.95 9.43693
8 9.4374
