-30 0.05 -1.73634e-43
-29.4 0.05 -4.7548e-14
-28.8 0.05 -1.04228e-13
-28.2 0.05 -4.74843e-14
-27.6 0.05 1.91556e-13
-27 0.05 5.77281e-13
-26.4 0.05 9.54352e-13
-25.8 0.05 1.04977e-12
-25.2 0.05 3.68487e-13
-24.6 0.05 -2.01747e-12
-24 0.05 -6.92446e-12
-23.4 0.05 -1.17341e-11
-22.8 0.05 -4.48479e-12
-22.2 0.05 3.29187e-11
-21.6 0.05 8.58996e-11
-21 0.05 3.30861e-11
-20.4 0.05 -3.2454e-10
-19.8 0.05 -8.17717e-10
-19.2 0.05 -5.53517e-11
-18.6 0.05 4.18961e-09
-18 0.05 9.68571e-09
-17.4 0.05 -1.81186e-10
-16.8 0.05 -5.12577e-08
-16.2 0.05 -1.15373e-07
-15.6 0.05 5.6585e-09
-15 0.05 6.12912e-07
-14.4 0.05 1.60498e-06
-13.8 0.05 2.34834e-06
-13.2 0.05 2.31595e-06
-12.6 0.05 1.31487e-06
-12 0.05 -4.53525e-07
-11.4 0.05 -2.40013e-06
-10.8 0.05 -3.71921e-06
-10.2 0.05 -3.7283e-06
-9.6 0.05 -2.24572e-06
-9 0.05 1.99586e-07
-8.4 0.05 2.4918e-06
-7.8 0.05 3.40513e-06
-7.2 0.05 2.27204e-06
-6.6 0.05 -4.23639e-07
-6 0.05 -2.80536e-06
-5.4 0.05 -2.10292e-06
-4.8 0.05 3.35628e-06
-4.2 0.05 1.02352e-05
-3.6 0.05 7.70755e-06
-3 0.05 -1.21625e-05
-2.4 0.05 -2.10559e-05
-1.8 0.05 6.80755e-05
-1.2 0.05 0.000319142
-0.6 0.05 0.00062748
0 0.05 0.00078466
0.6 0.05 0.000673603
1.2 0.05 0.000361518
1.8 0.05 8.08853e-05
2.4 0.05 -3.159e-05
3 0.05 -3.04629e-05
3.6 0.05 -7.05656e-06
4.2 0.05 3.31076e-06
4.8 0.05 3.31242e-06
5.4 0.05 1.15748e-06
6 0.05 1.5207e-08
6.6 0.05 -2.32662e-07
7.2 0.05 -1.98225e-07
7.8 0.05 -1.19437e-07
8.4 0.05 -3.73549e-08
9 0.05 4.46555e-09
9.6 0.05 9.11163e-09
10.2 0.05 3.03594e-09
10.8 0.05 -5.00078e-10
11.4 0.05 -8.44296e-10
12 0.05 -2.84737e-10
12.6 0.05 4.54817e-11
13.2 0.05 8.9601e-11
13.8 0.05 4.34247e-11
14.4 0.05 8.44752e-12
15 0.05 -4.01919e-12
15.6 0.05 -6.11182e-12
16.2 0.05 -5.15735e-12
16.8 0.05 -3.18211e-12
17.4 0.05 -1.00251e-12
18 0.05 5.76917e-13
18.6 0.05 1.15848e-12
19.2 0.05 9.35465e-13
19.8 0.05 3.9497e-13
20.4 0.05 -5.35598e-14
21 0.05 -2.45362e-13
21.6 0.05 -2.21194e-13
22.2 0.05 -1.044e-13
22.8 0.05 7.3645e-16
23.4 0.05 4.96328e-14
24 0.05 4.82256e-14
24.6 0.05 2.38892e-14
25.2 0.05 8.46151e-16
25.8 0.05 -1.01434e-14
26.4 0.05 -1.00523e-14
27 0.05 -4.90241e-15
27.6 0.05 -6.10124e-17
28.2 0.05 2.11339e-15
28.8 0.05 1.87552e-15
29.4 0.05 6.70003e-16
30 0.05 9.52916e-46
-30 0.102632 -2.71871e-43
-29.4 0.102632 -8.43743e-14
-28.8 0.102632 -1.99339e-13
-28.2 0.102632 -1.52573e-13
-27.6 0.102632 2.12989e-13
-27 0.102632 1.07953e-12
-26.4 0.102632 2.5815e-12
-25.8 0.102632 3.93062e-12
-25.2 0.102632 1.53946e-12
-24.6 0.102632 -1.08241e-11
-24 0.102632 -3.20572e-11
-23.4 0.102632 -3.12204e-11
-22.8 0.102632 5.67704e-11
-22.2 0.102632 2.38315e-10
-21.6 0.102632 2.41585e-10
-21 0.102632 -5.3864e-10
-20.4 0.102632 -2.18882e-09
-19.8 0.102632 -2.23903e-09
-19.2 0.102632 4.93923e-09
-18.6 0.102632 2.07388e-08
-18 0.102632 2.43859e-08
-17.4 0.102632 -3.43596e-08
-16.8 0.102632 -1.80088e-07
-16.2 0.102632 -2.70662e-07
-15.6 0.102632 9.9307e-08
-15 0.102632 1.33959e-06
-14.4 0.102632 3.20253e-06
-13.8 0.102632 4.6429e-06
-13.2 0.102632 4.60783e-06
-12.6 0.102632 2.63311e-06
-12 0.102632 -8.98256e-07
-11.4 0.102632 -4.79473e-06
-10.8 0.102632 -7.43609e-06
-10.2 0.102632 -7.45499e-06
-9.6 0.102632 -4.48119e-06
-9 0.102632 4.29537e-07
-8.4 0.102632 5.00665e-06
-7.8 0.102632 6.71049e-06
-7.2 0.102632 4.21221e-06
-6.6 0.102632 -1.12689e-06
-6 0.102632 -4.85327e-06
-5.4 0.102632 -1.77338e-06
-4.8 0.102632 8.16654e-06
-4.2 0.102632 1.46169e-05
-3.6 0.102632 3.21351e-06
-3 0.102632 -1.98985e-05
-2.4 0.102632 -7.5277e-06
-1.8 0.102632 0.000101249
-1.2 0.102632 0.000313894
-0.6 0.102632 0.000554956
0 0.102632 0.000695237
0.6 0.102632 0.000630058
1.2 0.102632 0.000393203
1.8 0.102632 0.000133391
2.4 0.102632 -2.27702e-05
3 0.102632 -5.54848e-05
3.6 0.102632 -2.75006e-05
4.2 0.102632 -1.28165e-07
4.8 0.102632 7.92003e-06
5.4 0.102632 4.87601e-06
6 0.102632 8.79909e-07
6.6 0.102632 -7.24825e-07
7.2 0.102632 -7.21614e-07
7.8 0.102632 -3.31783e-07
8.4 0.102632 -6.10327e-08
9 0.102632 3.1933e-08
9.6 0.102632 3.07657e-08
10.2 0.102632 1.00681e-08
10.8 0.102632 -1.38308e-09
11.4 0.102632 -3.06761e-09
12 0.102632 -1.34417e-09
12.6 0.102632 -3.29865e-12
13.2 0.102632 3.25154e-10
13.8 0.102632 1.89278e-10
14.4 0.102632 3.51796e-11
15 0.102632 -2.29361e-11
15.6 0.102632 -2.38974e-11
16.2 0.102632 -1.26483e-11
16.8 0.102632 -4.88392e-12
17.4 0.102632 -8.0291e-13
18 0.102632 1.37744e-12
18.6 0.102632 2.1525e-12
19.2 0.102632 1.75006e-12
19.8 0.102632 7.78264e-13
20.4 0.102632 -7.92687e-14
21 0.102632 -4.72452e-13
21.6 0.102632 -4.40705e-13
22.2 0.102632 -2.14286e-13
22.8 0.102632 -3.475e-15
23.4 0.102632 9.72323e-14
24 0.102632 9.66736e-14
24.6 0.102632 4.88912e-14
25.2 0.102632 2.69117e-15
25.8 0.102632 -1.98136e-14
26.4 0.102632 -2.01125e-14
27 0.102632 -1.00444e-14
27.6 0.102632 -3.61054e-16
28.2 0.102632 4.09503e-15
28.8 0.102632 3.71494e-15
29.4 0.102632 1.34025e-15
30 0.102632 2.03908e-45
-30 0.155263 1.22337e-43
-29.4 0.155263 -1.19655e-13
-28.8 0.155263 -4.21052e-13
-28.2 0.155263 -6.57162e-13
-27.6 0.155263 -7.18106e-14
-27 0.155263 2.70735e-12
-26.4 0.155263 7.89291e-12
-25.8 0.155263 9.65909e-12
-25.2 0.155263 -6.86317e-12
-24.6 0.155263 -5.08646e-11
-24 0.155263 -8.137e-11
-23.4 0.155263 2.57531e-11
-22.8 0.155263 3.65058e-10
-22.2 0.155263 6.36445e-10
-21.6 0.155263 -1.54656e-10
-21 0.155263 -2.88046e-09
-20.4 0.155263 -5.48034e-09
-19.8 0.155263 -3.44556e-10
-19.2 0.155263 2.06514e-08
-18.6 0.155263 4.66558e-08
-18 0.155263 2.58716e-08
-17.4 0.155263 -1.1426e-07
-16.8 0.155263 -3.56378e-07
-16.2 0.155263 -4.26013e-07
-15.6 0.155263 2.43104e-07
-15 0.155263 2.12569e-06
-14.4 0.155263 4.82659e-06
-13.8 0.155263 6.91326e-06
-13.2 0.155263 6.86415e-06
-12.6 0.155263 3.93902e-06
-12 0.155263 -1.33492e-06
-11.4 0.155263 -7.17836e-06
-10.8 0.155263 -1.11453e-05
-10.2 0.155263 -1.11641e-05
-9.6 0.155263 -6.67376e-06
-9 0.155263 6.92562e-07
-8.4 0.155263 7.41682e-06
-7.8 0.155263 9.67296e-06
-7.2 0.155263 5.85702e-06
-6.6 0.155263 -1.25639e-06
-6 0.155263 -5.09529e-06
-5.4 0.155263 -3.86664e-07
-4.8 0.155263 9.68134e-06
-4.2 0.155263 1.26939e-05
-3.6 0.155263 4.62256e-08
-3 0.155263 -1.38239e-05
-2.4 0.155263 1.10556e-05
-1.8 0.155263 0.000113738
-1.2 0.155263 0.00029448
-0.6 0.155263 0.000496451
0 0.155263 0.000625572
0.6 0.155263 0.000595158
1.2 0.155263 0.000404803
1.8 0.155263 0.000165531
2.4 0.155263 -4.27379e-06
3 0.155263 -6.34746e-05
3.6 0.155263 -4.64846e-05
4.2 0.155263 -1.10135e-05
4.8 0.155263 8.49839e-06
5.4 0.155263 9.57916e-06
6 0.155263 3.71755e-06
6.6 0.155263 -5.32708e-07
7.2 0.155263 -1.51871e-06
7.8 0.155263 -8.93992e-07
8.4 0.155263 -1.89575e-07
9 0.155263 9.70246e-08
9.6 0.155263 9.87096e-08
10.2 0.155263 3.33279e-08
10.8 0.155263 -3.9331e-09
11.4 0.155263 -9.87425e-09
12 0.155263 -4.62317e-09
12.6 0.155263 -2.8169e-10
13.2 0.155263 9.4479e-10
13.8 0.155263 6.15401e-10
14.4 0.155263 1.33154e-10
15 0.155263 -6.92011e-11
15.6 0.155263 -7.49684e-11
16.2 0.155263 -3.21686e-11
16.8 0.155263 -5.06944e-12
17.4 0.155263 3.13877e-12
18 0.155263 3.78262e-12
18.6 0.155263 3.07545e-12
19.2 0.155263 2.14795e-12
19.8 0.155263 9.7808e-13
20.4 0.155263 -8.76791e-14
21 0.155263 -6.42295e-13
21.6 0.155263 -6.36351e-13
22.2 0.155263 -3.29272e-13
22.8 0.155263 -1.92047e-14
23.4 0.155263 1.38604e-13
24 0.155263 1.44713e-13
24.6 0.155263 7.60123e-14
25.2 0.155263 6.57734e-15
25.8 0.155263 -2.84964e-14
26.4 0.155263 -3.01332e-14
27 0.155263 -1.56034e-14
27.6 0.155263 -1.09961e-15
28.2 0.155263 5.81991e-15
28.8 0.155263 5.47227e-15
29.4 0.155263 2.00445e-15
30 0.155263 3.3508e-45
-30 0.207895 1.16233e-42
-29.4 0.207895 -3.32079e-13
-28.8 0.207895 -1.31347e-12
-28.2 0.207895 -1.90985e-12
-27.6 0.207895 8.06878e-13
-27 0.207895 9.64678e-12
-26.4 0.207895 1.93033e-11
-25.8 0.207895 7.17933e-12
-25.2 0.207895 -5.42942e-11
-24.6 0.207895 -1.36739e-10
-24 0.207895 -7.83563e-11
-23.4 0.207895 3.45057e-10
-22.8 0.207895 9.92582e-10
-22.2 0.207895 7.60028e-10
-21.6 0.207895 -2.09493e-09
-21 0.207895 -7.22371e-09
-20.4 0.207895 -7.85404e-09
-19.8 0.207895 8.818e-09
-19.2 0.207895 4.69167e-08
-18.6 0.207895 7.35681e-08
-18 0.207895 5.88947e-09
-17.4 0.207895 -2.334e-07
-16.8 0.207895 -5.64255e-07
-16.2 0.207895 -5.79335e-07
-15.6 0.207895 4.2591e-07
-15 0.207895 2.95984e-06
-14.4 0.207895 6.4722e-06
-13.8 0.207895 9.1714e-06
-13.2 0.207895 9.09192e-06
-12.6 0.207895 5.22477e-06
-12 0.207895 -1.77354e-06
-11.4 0.207895 -9.54943e-06
-10.8 0.207895 -1.48241e-05
-10.2 0.207895 -1.48165e-05
-9.6 0.207895 -8.81672e-06
-9 0.207895 8.82662e-07
-8.4 0.207895 9.534e-06
-7.8 0.207895 1.23209e-05
-7.2 0.207895 7.76217e-06
-6.6 0.207895 -2.2145e-07
-6 0.207895 -4.34126e-06
-5.4 0.207895 -2.36755e-07
-4.8 0.207895 7.90473e-06
-4.2 0.207895 9.82258e-06
-3.6 0.207895 1.35939e-06
-3 0.207895 -3.28756e-06
-2.4 0.207895 2.66091e-05
-1.8 0.207895 0.000118193
-1.2 0.207895 0.000270239
-0.6 0.207895 0.00044387
0 0.207895 0.000568529
0.6 0.207895 0.000562351
1.2 0.207895 0.000407794
1.8 0.207895 0.000188902
2.4 0.207895 1.36721e-05
3 0.207895 -6.39143e-05
3.6 0.207895 -5.96928e-05
4.2 0.207895 -2.33687e-05
4.8 0.207895 4.82509e-06
5.4 0.207895 1.25855e-05
6 0.207895 7.59308e-06
6.6 0.207895 1.00196e-06
7.2 0.207895 -1.95641e-06
7.8 0.207895 -1.75355e-06
8.4 0.207895 -6.15228e-07
9 0.207895 9.28652e-08
9.6 0.207895 2.21625e-07
10.2 0.207895 1.08328e-07
10.8 0.207895 6.77213e-09
11.4 0.207895 -2.34564e-08
12 0.207895 -1.51386e-08
12.6 0.207895 -2.80179e-09
13.2 0.207895 2.15164e-09
13.8 0.207895 1.9195e-09
14.4 0.207895 5.71237e-10
15 0.207895 -1.41059e-10
15.6 0.207895 -2.22592e-10
16.2 0.207895 -9.90306e-11
16.8 0.207895 -8.15684e-12
17.4 0.207895 1.69178e-11
18 0.207895 1.22957e-11
18.6 0.207895 4.94931e-12
19.2 0.207895 1.58234e-12
19.8 0.207895 4.38253e-13
20.4 0.207895 -2.44976e-13
21 0.207895 -7.04114e-13
21.6 0.207895 -7.38845e-13
22.2 0.207895 -4.26026e-13
22.8 0.207895 -5.26523e-14
23.4 0.207895 1.63889e-13
24 0.207895 1.88591e-13
24.6 0.207895 1.06019e-13
25.2 0.207895 1.41864e-14
25.8 0.207895 -3.5286e-14
26.4 0.207895 -4.00124e-14
27 0.207895 -2.1814e-14
27.6 0.207895 -2.51469e-15
28.2 0.207895 7.15616e-15
28.8 0.207895 7.10453e-15
29.4 0.207895 2.65784e-15
30 0.207895 4.98137e-45
-30 0.260526 1.32062e-43
-29.4 0.260526 -1.16322e-12
-28.8 0.260526 -3.44605e-12
-28.2 0.260526 -2.60883e-12
-27.6 0.260526 7.59766e-12
-27 0.260526 2.60955e-11
-26.4 0.260526 2.81525e-11
-25.8 0.260526 -3.31808e-11
-25.2 0.260526 -1.6522e-10
-24.6 0.260526 -2.17142e-10
-24 0.260526 1.40382e-10
-23.4 0.260526 1.05027e-09
-22.8 0.260526 1.67899e-09
-22.2 0.260526 -1.42927e-10
-21.6 0.260526 -6.08243e-09
-21 0.260526 -1.25233e-08
-20.4 0.260526 -6.70668e-09
-19.8 0.260526 2.66599e-08
-19.2 0.260526 8.08428e-08
-18.6 0.260526 9.59415e-08
-18 0.260526 -3.73744e-08
-17.4 0.260526 -3.8682e-07
-16.8 0.260526 -7.96593e-07
-16.2 0.260526 -7.28277e-07
-15.6 0.260526 6.41305e-07
-15 0.260526 3.83323e-06
-14.4 0.260526 8.13833e-06
-13.8 0.260526 1.14208e-05
-13.2 0.260526 1.12928e-05
-12.6 0.260526 6.48496e-06
-12 0.260526 -2.2193e-06
-11.4 0.260526 -1.18948e-05
-10.8 0.260526 -1.84376e-05
-10.2 0.260526 -1.83949e-05
-9.6 0.260526 -1.09759e-05
-9 0.260526 8.65049e-07
-8.4 0.260526 1.13444e-05
-7.8 0.260526 1.49569e-05
-7.2 0.260526 1.02929e-05
-6.6 0.260526 1.6714e-06
-6 0.260526 -3.66496e-06
-5.4 0.260526 -1.60576e-06
-4.8 0.260526 4.67828e-06
-4.2 0.260526 7.71885e-06
-3.6 0.260526 5.289e-06
-3 0.260526 8.51111e-06
-2.4 0.260526 3.94384e-05
-1.8 0.260526 0.00011752
-1.2 0.260526 0.000244466
-0.6 0.260526 0.000396052
0 0.260526 0.0005178
0.6 0.260526 0.000531649
1.2 0.260526 0.000406188
1.8 0.260526 0.00020621
2.4 0.260526 3.04878e-05
3 0.260526 -6.05578e-05
3.6 0.260526 -6.86613e-05
4.2 0.260526 -3.48737e-05
4.8 0.260526 -1.08014e-06
5.4 0.260526 1.33857e-05
6 0.260526 1.11961e-05
6.6 0.260526 3.52476e-06
7.2 0.260526 -1.60367e-06
7.8 0.260526 -2.55085e-06
8.4 0.260526 -1.33682e-06
9 0.260526 -1.21801e-07
9.6 0.260526 3.25876e-07
10.2 0.260526 2.47067e-07
10.8 0.260526 6.20136e-08
11.4 0.260526 -3.13534e-08
12 0.260526 -3.61477e-08
12.6 0.260526 -1.30482e-08
13.2 0.260526 2.00127e-09
13.8 0.260526 4.63084e-09
14.4 0.260526 2.1682e-09
15 0.260526 5.30036e-11
15.6 0.260526 -5.28874e-10
16.2 0.260526 -3.22366e-10
16.8 0.260526 -5.64931e-11
17.4 0.260526 4.55847e-11
18 0.260526 4.02951e-11
18.6 0.260526 1.37149e-11
19.2 0.260526 -7.08589e-14
19.8 0.260526 -2.38153e-12
20.4 0.260526 -1.35206e-12
21 0.260526 -7.08273e-13
21.6 0.260526 -5.7645e-13
22.2 0.260526 -3.99877e-13
22.8 0.260526 -9.1073e-14
23.4 0.260526 1.5315e-13
24 0.260526 2.14243e-13
24.6 0.260526 1.36572e-13
25.2 0.260526 2.81039e-14
25.8 0.260526 -3.8003e-14
26.4 0.260526 -4.91796e-14
27 0.260526 -2.89686e-14
27.6 0.260526 -4.98598e-15
28.2 0.260526 7.91101e-15
28.8 0.260526 8.56704e-15
29.4 0.260526 3.30229e-15
30 0.260526 7.09768e-45
-30 0.313158 -9.796e-42
-29.4 0.313158 -2.85759e-12
-28.8 0.313158 -5.80154e-12
-28.2 0.313158 1.80631e-12
-27.6 0.313158 2.59865e-11
-27 0.313158 4.77201e-11
-26.4 0.313158 9.02948e-12
-25.8 0.313158 -1.42675e-10
-25.2 0.313158 -3.19062e-10
-24.6 0.313158 -1.69066e-10
-24 0.313158 7.23451e-10
-23.4 0.313158 2.0642e-09
-22.8 0.313158 1.93358e-09
-22.2 0.313158 -2.6574e-09
-21.6 0.313158 -1.19315e-08
-21 0.313158 -1.73176e-08
-20.4 0.313158 -3.03367e-10
-19.8 0.313158 5.30808e-08
-19.2 0.313158 1.19645e-07
-18.6 0.313158 1.10425e-07
-18 0.313158 -1.04341e-07
-17.4 0.313158 -5.70775e-07
-16.8 0.313158 -1.04859e-06
-16.2 0.313158 -8.72034e-07
-15.6 0.313158 8.85319e-07
-15 0.313158 4.74104e-06
-14.4 0.313158 9.82263e-06
-13.8 0.313158 1.36613e-05
-13.2 0.313158 1.3464e-05
-12.6 0.313158 7.71595e-06
-12 0.313158 -2.66537e-06
-11.4 0.313158 -1.419e-05
-10.8 0.313158 -2.19648e-05
-10.2 0.313158 -2.19287e-05
-9.6 0.313158 -1.32375e-05
-9 0.313158 5.98526e-07
-8.4 0.313158 1.29831e-05
-7.8 0.313158 1.78095e-05
-7.2 0.313158 1.3411e-05
-6.6 0.313158 3.95019e-06
-6 0.313158 -3.42803e-06
-5.4 0.313158 -4.01804e-06
-4.8 0.313158 9.58591e-07
-4.2 0.313158 6.52133e-06
-3.6 0.313158 1.07238e-05
-3 0.313158 2.03043e-05
-2.4 0.313158 4.97465e-05
-1.8 0.313158 0.000113825
-1.2 0.313158 0.000218347
-0.6 0.313158 0.000351596
0 0.313158 0.000471531
0.6 0.313158 0.000502223
1.2 0.313158 0.000401754
1.8 0.313158 0.000219492
2.4 0.313158 4.58482e-05
3 0.313158 -5.5075e-05
3.6 0.313158 -7.44442e-05
4.2 0.313158 -4.50327e-05
4.8 0.313158 -8.00909e-06
5.4 0.313158 1.2411e-05
6 0.313158 1.39718e-05
6.6 0.313158 6.44521e-06
7.2 0.313158 -4.76362e-07
7.8 0.313158 -2.97282e-06
8.4 0.313158 -2.16633e-06
9 0.313158 -5.82538e-07
9.6 0.313158 3.11123e-07
10.2 0.313158 4.08178e-07
10.8 0.313158 1.78165e-07
11.4 0.313158 -8.8129e-09
12 0.313158 -5.97816e-08
12.6 0.313158 -3.52731e-08
13.2 0.313158 -4.50995e-09
13.8 0.313158 7.36629e-09
14.4 0.313158 5.73879e-09
15 0.313158 1.38324e-09
15.6 0.313158 -7.61246e-10
16.2 0.313158 -8.2898e-10
16.8 0.313158 -2.85239e-10
17.4 0.313158 5.13997e-11
18 0.313158 1.04536e-10
18.6 0.313158 4.86225e-11
19.2 0.313158 3.08102e-12
19.8 0.313158 -9.38947e-12
20.4 0.313158 -5.9708e-12
21 0.313158 -1.53464e-12
21.6 0.313158 3.7421e-14
22.2 0.313158 7.33578e-14
22.8 0.313158 -9.05937e-15
23.4 0.313158 9.08002e-14
24 0.313158 1.8144e-13
24.6 0.313158 1.5022e-13
25.2 0.313158 4.93975e-14
25.8 0.313158 -3.14759e-14
26.4 0.313158 -5.50646e-14
27 0.313158 -3.70251e-14
27.6 0.313158 -9.20758e-15
28.2 0.313158 7.64001e-15
28.8 0.313158 9.74894e-15
29.4 0.313158 3.94423e-15
30 0.313158 1.01569e-44
-30 0.365789 -3.44487e-41
-29.4 0.365789 -4.5372e-12
-28.8 0.365789 -4.32754e-12
-28.2 0.365789 1.78314e-11
-27.6 0.365789 5.6291e-11
-27 0.365789 5.63759e-11
-26.4 0.365789 -7.04162e-11
-25.8 0.365789 -3.27046e-10
-25.2 0.365789 -4.4021e-10
-24.6 0.365789 1.47758e-10
-24 0.365789 1.71693e-09
-23.4 0.365789 3.13577e-09
-22.8 0.365789 1.25561e-09
-22.2 0.365789 -7.04456e-09
-21.6 0.365789 -1.90662e-08
-21 0.365789 -2.02636e-08
-20.4 0.365789 1.23593e-08
-19.8 0.365789 8.74192e-08
-19.2 0.365789 1.60963e-07
-18.6 0.365789 1.14805e-07
-18 0.365789 -1.94801e-07
-17.4 0.365789 -7.82362e-07
-16.8 0.365789 -1.31707e-06
-16.2 0.365789 -1.00987e-06
-15.6 0.365789 1.15567e-06
-15 0.365789 5.67973e-06
-14.4 0.365789 1.15218e-05
-13.8 0.365789 1.58888e-05
-13.2 0.365789 1.5602e-05
-12.6 0.365789 8.92084e-06
-12 0.365789 -3.09569e-06
-11.4 0.365789 -1.64156e-05
-10.8 0.365789 -2.54124e-05
-10.2 0.365789 -2.54666e-05
-9.6 0.365789 -1.56471e-05
-9 0.365789 1.25021e-07
-8.4 0.365789 1.45808e-05
-7.8 0.365789 2.09382e-05
-7.2 0.365789 1.69453e-05
-6.6 0.365789 6.33804e-06
-6 0.365789 -3.63657e-06
-5.4 0.365789 -7.05331e-06
-4.8 0.365789 -2.80558e-06
-4.2 0.365789 6.0968e-06
-3.6 0.365789 1.68826e-05
-3 0.365789 3.15064e-05
-2.4 0.365789 5.79977e-05
-1.8 0.365789 0.000108161
-1.2 0.365789 0.000192416
-0.6 0.365789 0.000309854
0 0.365789 0.000428424
0.6 0.365789 0.000473807
1.2 0.365789 0.000395391
1.8 0.365789 0.00022982
2.4 0.365789 5.98948e-05
3 0.365789 -4.83695e-05
3.6 0.365789 -7.78508e-05
4.2 0.365789 -5.37598e-05
4.8 0.365789 -1.52962e-05
5.4 0.365789 1.01168e-05
6 0.365789 1.57971e-05
6.6 0.365789 9.36272e-06
7.2 0.365789 1.21675e-06
7.8 0.365789 -2.92589e-06
8.4 0.365789 -2.92174e-06
9 0.365789 -1.22365e-06
9.6 0.365789 1.25404e-07
10.2 0.365789 5.27668e-07
10.8 0.365789 3.39516e-07
11.4 0.365789 6.22736e-08
12 0.365789 -6.86602e-08
12.6 0.365789 -6.62789e-08
13.2 0.365789 -2.21007e-08
13.8 0.365789 6.18911e-09
14.4 0.365789 1.06648e-08
15 0.365789 4.84206e-09
15.6 0.365789 -1.46382e-10
16.2 0.365789 -1.50072e-09
16.8 0.365789 -8.71618e-10
17.4 0.365789 -1.01354e-10
18 0.365789 1.82832e-10
18.6 0.365789 1.37486e-10
19.2 0.365789 3.28131e-11
19.8 0.365789 -1.65707e-11
20.4 0.365789 -1.8026e-11
21 0.365789 -6.43256e-12
21.6 0.365789 4.13968e-13
22.2 0.365789 1.50014e-12
22.8 0.365789 6.50598e-13
23.4 0.365789 8.79281e-14
24 0.365789 2.91678e-14
24.6 0.365789 8.52422e-14
25.2 0.365789 6.11022e-14
25.8 0.365789 -8.60992e-15
26.4 0.365789 -4.94117e-14
27 0.365789 -4.34015e-14
27.6 0.365789 -1.59675e-14
28.2 0.365789 5.20284e-15
28.8 0.365789 1.01762e-14
29.4 0.365789 4.52796e-15
30 0.365789 1.53008e-44
-30 0.418421 -7.01968e-41
-29.4 0.418421 -3.79316e-12
-28.8 0.418421 7.26835e-12
-28.2 0.418421 4.96844e-11
-27.6 0.418421 8.87898e-11
-27 0.418421 2.4319e-11
-26.4 0.418421 -2.32363e-10
-25.8 0.418421 -5.54459e-10
-25.2 0.418421 -4.21814e-10
-24.6 0.418421 8.36832e-10
-24 0.418421 3.05318e-09
-23.4 0.418421 3.93475e-09
-22.8 0.418421 -7.50036e-10
-22.2 0.418421 -1.32996e-08
-21.6 0.418421 -2.67628e-08
-21 0.418421 -2.02515e-08
-20.4 0.418421 3.18054e-08
-19.8 0.418421 1.28801e-07
-19.2 0.418421 2.0285e-07
-18.6 0.418421 1.07568e-07
-18 0.418421 -3.08368e-07
-17.4 0.418421 -1.01932e-06
-16.8 0.418421 -1.5995e-06
-16.2 0.418421 -1.14087e-06
-15.6 0.418421 1.45098e-06
-15 0.418421 6.64589e-06
-14.4 0.418421 1.32307e-05
-13.8 0.418421 1.80983e-05
-13.2 0.418421 1.77061e-05
-12.6 0.418421 1.01088e-05
-12 0.418421 -3.4944e-06
-11.4 0.418421 -1.85664e-05
-10.8 0.418421 -2.88028e-05
-10.2 0.418421 -2.90446e-05
-9.6 0.418421 -1.8206e-05
-9 0.418421 -4.92668e-07
-8.4 0.418421 1.6209e-05
-7.8 0.418421 2.43127e-05
-7.2 0.418421 2.07396e-05
-6.6 0.418421 8.70719e-06
-6 0.418421 -4.18814e-06
-5.4 0.418421 -1.03986e-05
-4.8 0.418421 -6.41435e-06
-4.2 0.418421 6.22252e-06
-3.6 0.418421 2.32635e-05
-3 0.418421 4.18712e-05
-2.4 0.418421 6.45401e-05
-1.8 0.418421 0.000101205
-1.2 0.418421 0.000166944
-0.6 0.418421 0.000270345
0 0.418421 0.000387774
0.6 0.418421 0.000446177
1.2 0.418421 0.000387641
1.8 0.418421 0.000237903
2.4 0.418421 7.27665e-05
3 0.418421 -4.09265e-05
3.6 0.418421 -7.94446e-05
4.2 0.418421 -6.1144e-05
4.8 0.418421 -2.25665e-05
5.4 0.418421 6.88103e-06
6 0.418421 1.67083e-05
6.6 0.418421 1.20429e-05
7.2 0.418421 3.26616e-06
7.8 0.418421 -2.42e-06
8.4 0.418421 -3.48339e-06
9 0.418421 -1.95052e-06
9.6 0.418421 -2.29829e-07
10.2 0.418421 5.55977e-07
10.8 0.418421 5.11282e-07
11.4 0.418421 1.8254e-07
12 0.418421 -4.6296e-08
12.6 0.418421 -9.56746e-08
13.2 0.418421 -5.11384e-08
13.8 0.418421 -3.36656e-09
14.4 0.418421 1.43217e-08
15 0.418421 1.05167e-08
15.6 0.418421 2.33228e-09
16.2 0.418421 -1.76031e-09
16.8 0.418421 -1.82578e-09
17.4 0.418421 -6.13366e-10
18 0.418421 1.61859e-10
18.6 0.418421 2.7956e-10
19.2 0.418421 1.24402e-10
19.8 0.418421 -3.66472e-12
20.4 0.418421 -3.679e-11
21 0.418421 -2.10355e-11
21.6 0.418421 -2.79932e-12
22.2 0.418421 3.65194e-12
22.8 0.418421 2.71834e-12
23.4 0.418421 6.64441e-13
24 0.418421 -1.90031e-13
24.6 0.418421 -1.73149e-13
25.2 0.418421 -1.32938e-14
25.8 0.418421 2.0458e-14
26.4 0.418421 -1.70207e-14
27 0.418421 -3.71866e-14
27.6 0.418421 -2.3469e-14
28.2 0.418421 -1.36933e-15
28.8 0.418421 8.26307e-15
29.4 0.418421 4.63326e-15
30 0.418421 2.39035e-44
-30 0.471053 -1.00732e-40
-29.4 0.471053 2.55021e-12
-28.8 0.471053 3.45137e-11
-28.2 0.471053 9.52996e-11
-27.6 0.471053 1.04392e-10
-27 0.471053 -7.60005e-11
-26.4 0.471053 -4.77527e-10
-25.8 0.471053 -7.61829e-10
-25.2 0.471053 -1.55982e-10
-24.6 0.471053 1.94208e-09
-24 0.471053 4.5806e-09
-23.4 0.471053 4.12313e-09
-22.8 0.471053 -4.34788e-09
-22.2 0.471053 -2.12381e-08
-21.6 0.471053 -3.42715e-08
-21 0.471053 -1.64006e-08
-20.4 0.471053 5.82524e-08
-19.8 0.471053 1.76304e-07
-19.2 0.471053 2.43681e-07
-18.6 0.471053 8.7593e-08
-18 0.471053 -4.4462e-07
-17.4 0.471053 -1.2797e-06
-16.8 0.471053 -1.89357e-06
-16.2 0.471053 -1.26392e-06
-15.6 0.471053 1.76993e-06
-15 0.471053 7.63536e-06
-14.4 0.471053 1.49436e-05
-13.8 0.471053 2.0286e-05
-13.2 0.471053 1.97795e-05
-12.6 0.471053 1.12908e-05
-12 0.471053 -3.8519e-06
-11.4 0.471053 -2.06481e-05
-10.8 0.471053 -3.21585e-05
-10.2 0.471053 -3.26786e-05
-9.6 0.471053 -2.0893e-05
-9 0.471053 -1.20263e-06
-8.4 0.471053 1.78913e-05
-7.8 0.471053 2.78713e-05
-7.2 0.471053 2.46792e-05
-6.6 0.471053 1.10174e-05
-6 0.471053 -4.95337e-06
-5.4 0.471053 -1.38393e-05
-4.8 0.471053 -9.79816e-06
-4.2 0.471053 6.68888e-06
-3.6 0.471053 2.95351e-05
-3 0.471053 5.12901e-05
-2.4 0.471053 6.96613e-05
-1.8 0.471053 9.33929e-05
-1.2 0.471053 0.000142076
-0.6 0.471053 0.000232755
0 0.471053 0.000349107
0.6 0.471053 0.0004192
1.2 0.471053 0.000378841
1.8 0.471053 0.000244212
2.4 0.471053 8.46091e-05
3 0.471053 -3.30369e-05
3.6 0.471053 -7.96244e-05
4.2 0.471053 -6.73135e-05
4.8 0.471053 -2.96146e-05
5.4 0.471053 2.98929e-06
6 0.471053 1.68023e-05
6.6 0.471053 1.43622e-05
7.2 0.471053 5.49957e-06
7.8 0.471053 -1.51626e-06
8.4 0.471053 -3.78986e-06
9 0.471053 -2.67626e-06
9.6 0.471053 -7.22788e-07
10.2 0.471053 4.6811e-07
10.8 0.471053 6.57291e-07
11.4 0.471053 3.38493e-07
12 0.471053 1.5798e-08
12.6 0.471053 -1.10979e-07
13.2 0.471053 -8.6952e-08
13.8 0.471053 -2.37069e-08
14.4 0.471053 1.31029e-08
15 0.471053 1.70469e-08
15.6 0.471053 7.24553e-09
16.2 0.471053 -7.16996e-10
16.8 0.471053 -2.80543e-09
17.4 0.471053 -1.59972e-09
18 0.471053 -1.50893e-10
18.6 0.471053 3.98695e-10
19.2 0.471053 2.97871e-10
19.8 0.471053 6.65433e-11
20.4 0.471053 -4.6974e-11
21 0.471053 -4.83687e-11
21.6 0.471053 -1.61557e-11
22.2 0.471053 3.71195e-12
22.8 0.471053 6.5872e-12
23.4 0.471053 2.88707e-12
24 0.471053 6.3512e-15
24.6 0.471053 -6.67191e-13
25.2 0.471053 -3.3644e-13
25.8 0.471053 -2.19853e-14
26.4 0.471053 4.54055e-14
27 0.471053 5.20606e-15
27.6 0.471053 -1.97942e-14
28.2 0.471053 -1.21288e-14
28.8 0.471053 8.33176e-16
29.4 0.471053 2.86922e-15
30 0.471053 3.26951e-44
-30 0.523684 -1.01904e-40
-29.4 0.523684 1.69728e-11
-28.8 0.523684 7.89201e-11
-28.2 0.523684 1.44853e-10
-27.6 0.523684 7.91966e-11
-27 0.523684 -2.63216e-10
-26.4 0.523684 -7.83051e-10
-25.8 0.523684 -8.68668e-10
-25.2 0.523684 4.45733e-10
-24.6 0.523684 3.44793e-09
-24 0.523684 6.09787e-09
-23.4 0.523684 3.39341e-09
-22.8 0.523684 -9.68266e-09
-22.2 0.523684 -3.05647e-08
-21.6 0.523684 -4.08732e-08
-21 0.523684 -8.02063e-09
-20.4 0.523684 9.17266e-08
-19.8 0.523684 2.29014e-07
-19.2 0.523684 2.82057e-07
-18.6 0.523684 5.39923e-08
-18 0.523684 -6.03083e-07
-17.4 0.523684 -1.56166e-06
-16.8 0.523684 -2.19705e-06
-16.2 0.523684 -1.37804e-06
-15.6 0.523684 2.11073e-06
-15 0.523684 8.6434e-06
-14.4 0.523684 1.6655e-05
-13.8 0.523684 2.24501e-05
-13.2 0.523684 2.18274e-05
-12.6 0.523684 1.24757e-05
-12 0.523684 -4.16539e-06
-11.4 0.523684 -2.26711e-05
-10.8 0.523684 -3.54955e-05
-10.2 0.523684 -3.63688e-05
-9.6 0.523684 -2.36805e-05
-9 0.523684 -1.9709e-06
-8.4 0.523684 1.96215e-05
-7.8 0.523684 3.15481e-05
-7.2 0.523684 2.86888e-05
-6.6 0.523684 1.32755e-05
-6 0.523684 -5.81019e-06
-5.4 0.523684 -1.72321e-05
-4.8 0.523684 -1.29487e-05
-4.2 0.523684 7.31532e-06
-3.6 0.523684 3.54725e-05
-3 0.523684 5.97244e-05
-2.4 0.523684 7.35841e-05
-1.8 0.523684 8.50215e-05
-1.2 0.523684 0.000117897
-0.6 0.523684 0.00019686
0 0.523684 0.000312107
0.6 0.523684 0.000392783
1.2 0.523684 0.000369223
1.8 0.523684 0.000249079
2.4 0.523684 9.55465e-05
3 0.523684 -2.48791e-05
3.6 0.523684 -7.86793e-05
4.2 0.523684 -7.23991e-05
4.8 0.523684 -3.63283e-05
5.4 0.523684 -1.34763e-06
6 0.523684 1.61896e-05
6.6 0.523684 1.62649e-05
7.2 0.523684 7.78695e-06
7.8 0.523684 -2.9122e-07
8.4 0.523684 -3.82077e-06
9 0.523684 -3.33392e-06
9.6 0.523684 -1.30994e-06
10.2 0.523684 2.5978e-07
10.8 0.523684 7.49023e-07
11.4 0.523684 5.10012e-07
12 0.523684 1.17317e-07
12.6 0.523684 -1.02063e-07
13.2 0.523684 -1.21892e-07
13.8 0.523684 -5.41333e-08
14.4 0.523684 3.96815e-09
15 0.523684 2.19984e-08
15.6 0.523684 1.42391e-08
16.2 0.523684 2.41027e-09
16.8 0.523684 -3.14871e-09
17.4 0.523684 -2.93672e-09
18 0.523684 -9.30192e-10
18.6 0.523684 3.37594e-10
19.2 0.523684 5.18497e-10
19.8 0.523684 2.28728e-10
20.4 0.523684 -1.52059e-11
21 0.523684 -8.0078e-11
21.6 0.523684 -4.58472e-11
22.2 0.523684 -4.75528e-12
22.8 0.523684 1.04707e-11
23.4 0.523684 7.76272e-12
24 0.523684 1.76291e-12
24.6 0.523684 -1.04937e-12
25.2 0.523684 -1.05882e-12
25.8 0.523684 -3.2602e-13
26.4 0.523684 7.53814e-14
27 0.523684 1.04591e-13
27.6 0.523684 2.47328e-14
28.2 0.523684 -1.66008e-14
28.8 0.523684 -1.41245e-14
29.4 0.523684 -3.19186e-15
30 0.523684 2.22392e-44
-30 0.576316 -5.01354e-41
-29.4 0.576316 4.00084e-11
-28.8 0.576316 1.36157e-10
-28.2 0.576316 1.81829e-10
-27.6 0.576316 -1.01939e-11
-27 0.576316 -5.42271e-10
-26.4 0.576316 -1.10628e-09
-25.8 0.576316 -7.90251e-10
-25.2 0.576316 1.44254e-09
-24.6 0.576316 5.28904e-09
-24 0.576316 7.38102e-09
-23.4 0.576316 1.48498e-09
-22.8 0.576316 -1.68005e-08
-22.2 0.576316 -4.09189e-08
-21.6 0.576316 -4.58992e-08
-21 0.576316 5.42904e-09
-20.4 0.576316 1.32126e-07
-19.8 0.576316 2.86025e-07
-19.2 0.576316 3.16728e-07
-18.6 0.576316 6.0647e-09
-18 0.576316 -7.83161e-07
-17.4 0.576316 -1.86331e-06
-16.8 0.576316 -2.50785e-06
-16.2 0.576316 -1.48269e-06
-15.6 0.576316 2.47104e-06
-15 0.576316 9.66529e-06
-14.4 0.576316 1.83608e-05
-13.8 0.576316 2.45911e-05
-13.2 0.576316 2.38553e-05
-12.6 0.576316 1.36689e-05
-12 0.576316 -4.43674e-06
-11.4 0.576316 -2.4646e-05
-10.8 0.576316 -3.8822e-05
-10.2 0.576316 -4.01063e-05
-9.6 0.576316 -2.65424e-05
-9 0.576316 -2.77968e-06
-8.4 0.576316 2.13783e-05
-7.8 0.576316 3.52841e-05
-7.2 0.576316 3.27227e-05
-6.6 0.576316 1.55108e-05
-6 0.576316 -6.65339e-06
-5.4 0.576316 -2.04818e-05
-4.8 0.576316 -1.58864e-05
-4.2 0.576316 7.95308e-06
-3.6 0.576316 4.09194e-05
-3 0.576316 6.71658e-05
-2.4 0.576316 7.64829e-05
-1.8 0.576316 7.63041e-05
-1.2 0.576316 9.44602e-05
-0.6 0.576316 0.000162501
0 0.576316 0.000276555
0.6 0.576316 0.000366864
1.2 0.576316 0.00035895
1.8 0.576316 0.000252748
2.4 0.576316 0.000105683
3 0.576316 -1.65677e-05
3.6 0.576316 -7.68226e-05
4.2 0.576316 -7.65207e-05
4.8 0.576316 -4.26497e-05
5.4 0.576316 -5.97477e-06
6 0.576316 1.49759e-05
6.6 0.576316 1.77346e-05
7.2 0.576316 1.00346e-05
7.8 0.576316 1.17938e-06
8.4 0.576316 -3.58082e-06
9 0.576316 -3.8771e-06
9.6 0.576316 -1.94713e-06
10.2 0.576316 -5.948e-08
10.8 0.576316 7.68057e-07
11.4 0.576316 6.76168e-07
12 0.576316 2.51445e-07
12.6 0.576316 -6.30689e-08
13.2 0.576316 -1.47786e-07
13.8 0.576316 -9.13135e-08
14.4 0.576316 -1.45693e-08
15 0.576316 2.26884e-08
15.6 0.576316 2.20465e-08
16.2 0.576316 7.91437e-09
16.8 0.576316 -2.10142e-09
17.4 0.576316 -4.22768e-09
18 0.576316 -2.21604e-09
18.6 0.576316 -8.89023e-11
19.2 0.576316 6.79942e-10
19.8 0.576316 4.84279e-10
20.4 0.576316 9.89686e-11
21 0.576316 -9.10548e-11
21.6 0.576316 -9.0594e-11
22.2 0.576316 -2.97449e-11
22.8 0.576316 9.03057e-12
23.4 0.576316 1.47522e-11
24 0.576316 6.52821e-12
24.6 0.576316 -2.80253e-13
25.2 0.576316 -2.03262e-12
25.8 0.576316 -1.13493e-12
26.4 0.576316 -1.14978e-13
27 0.576316 2.27448e-13
27.6 0.576316 1.47955e-13
28.2 0.576316 1.70167e-14
28.8 0.576316 -2.82595e-14
29.4 0.576316 -1.44982e-14
30 0.576316 -5.05125e-44
-30 0.628947 7.06238e-41
-29.4 0.628947 6.97005e-11
-28.8 0.628947 1.96018e-10
-28.2 0.628947 1.85516e-10
-27.6 0.628947 -1.82475e-10
-27 0.628947 -9.03294e-10
-26.4 0.628947 -1.39075e-09
-25.8 0.628947 -4.473e-10
-25.2 0.628947 2.86193e-09
-24.6 0.628947 7.36242e-09
-24 0.628947 8.20162e-09
-23.4 0.628947 -1.81185e-09
-22.8 0.628947 -2.56695e-08
-22.2 0.628947 -5.19033e-08
-21.6 0.628947 -4.87341e-08
-21 0.628947 2.43678e-08
-20.4 0.628947 1.79247e-07
-19.8 0.628947 3.46439e-07
-19.2 0.628947 3.46573e-07
-18.6 0.628947 -5.6698e-08
-18 0.628947 -9.84094e-07
-17.4 0.628947 -2.18278e-06
-16.8 0.628947 -2.82419e-06
-16.2 0.628947 -1.57789e-06
-15.6 0.628947 2.84815e-06
-15 0.628947 1.06968e-05
-14.4 0.628947 2.00584e-05
-13.8 0.628947 2.67101e-05
-13.2 0.628947 2.58675e-05
-12.6 0.628947 1.48729e-05
-12 0.628947 -4.67014e-06
-11.4 0.628947 -2.65808e-05
-10.8 0.628947 -4.21398e-05
-10.2 0.628947 -4.38781e-05
-9.6 0.628947 -2.94579e-05
-9 0.628947 -3.62311e-06
-8.4 0.628947 2.31338e-05
-7.8 0.628947 3.90303e-05
-7.2 0.628947 3.6756e-05
-6.6 0.628947 1.77612e-05
-6 0.628947 -7.39584e-06
-5.4 0.628947 -2.35243e-05
-4.8 0.628947 -1.86424e-05
-4.2 0.628947 8.48132e-06
-3.6 0.628947 4.57627e-05
-3 0.628947 7.36191e-05
-2.4 0.628947 7.84936e-05
-1.8 0.628947 6.73984e-05
-1.2 0.628947 7.18061e-05
-0.6 0.628947 0.000129566
0 0.628947 0.000242295
0.6 0.628947 0.000341399
1.2 0.628947 0.000348142
1.8 0.628947 0.000255401
2.4 0.628947 0.000115106
3 0.628947 -8.17877e-06
3.6 0.628947 -7.42154e-05
4.2 0.628947 -7.97835e-05
4.8 0.628947 -4.85521e-05
5.4 0.628947 -1.07779e-05
6 0.628947 1.32561e-05
6.6 0.628947 1.87774e-05
7.2 0.628947 1.21771e-05
7.8 0.628947 2.8274e-06
8.4 0.628947 -3.08881e-06
9 0.628947 -4.27668e-06
9.6 0.628947 -2.59483e-06
10.2 0.628947 -4.72407e-07
10.8 0.628947 7.0524e-07
11.4 0.628947 8.18539e-07
12 0.628947 4.07657e-07
12.6 0.628947 7.51007e-09
13.2 0.628947 -1.57639e-07
13.8 0.628947 -1.30371e-07
14.4 0.628947 -4.22197e-08
15 0.628947 1.69138e-08
15.6 0.628947 2.88396e-08
16.2 0.628947 1.54561e-08
16.8 0.628947 9.21289e-10
17.4 0.628947 -4.89733e-09
18 0.628947 -3.85133e-09
18.6 0.628947 -1.01345e-09
19.2 0.628947 6.25812e-10
19.8 0.628947 7.80142e-10
20.4 0.628947 3.21485e-10
21 0.628947 -4.37056e-11
21.6 0.628947 -1.35616e-10
22.2 0.628947 -7.56186e-11
22.8 0.628947 -5.87668e-12
23.4 0.628947 2.02727e-11
24 0.628947 1.49175e-11
24.6 0.628947 3.25413e-12
25.2 0.628947 -2.4785e-12
25.8 0.628947 -2.51487e-12
26.4 0.628947 -8.22069e-13
27 0.628947 2.18098e-13
27.6 0.628947 3.52301e-13
28.2 0.628947 1.39747e-13
28.8 0.628947 -1.04438e-14
29.4 0.628947 -2.43689e-14
30 0.628947 -2.29999e-43
-30 0.681579 2.65377e-40
-29.4 0.681579 1.01746e-10
-28.8 0.681579 2.43702e-10
-28.2 0.681579 1.33905e-10
-27.6 0.681579 -4.49059e-10
-27 0.681579 -1.32285e-09
-26.4 0.681579 -1.57226e-09
-25.8 0.681579 2.27956e-10
-25.2 0.681579 4.70121e-09
-24.6 0.681579 9.53825e-09
-24 0.681579 8.33807e-09
-23.4 0.681579 -6.65713e-09
-22.8 0.681579 -3.61955e-08
-22.2 0.681579 -6.30997e-08
-21.6 0.681579 -4.88164e-08
-21 0.681579 4.91093e-08
-20.4 0.681579 2.32802e-07
-19.8 0.681579 4.09364e-07
-19.2 0.681579 3.70601e-07
-18.6 0.681579 -1.34597e-07
-18 0.681579 -1.20498e-06
-17.4 0.681579 -2.51829e-06
-16.8 0.681579 -3.14466e-06
-16.2 0.681579 -1.66407e-06
-15.6 0.681579 3.23937e-06
-15 0.681579 1.17345e-05
-14.4 0.681579 2.17461e-05
-13.8 0.681579 2.88089e-05
-13.2 0.681579 2.78668e-05
-12.6 0.681579 1.60876e-05
-12 0.681579 -4.87041e-06
-11.4 0.681579 -2.84809e-05
-10.8 0.681579 -4.54461e-05
-10.2 0.681579 -4.767e-05
-9.6 0.681579 -3.24114e-05
-9 0.681579 -4.50316e-06
-8.4 0.681579 2.48593e-05
-7.8 0.681579 4.27479e-05
-7.2 0.681579 4.07762e-05
-6.6 0.681579 2.00657e-05
-6 0.681579 -7.96677e-06
-5.4 0.681579 -2.6316e-05
-4.8 0.681579 -2.12498e-05
-4.2 0.681579 8.80274e-06
-3.6 0.681579 4.99178e-05
-3 0.681579 7.90917e-05
-2.4 0.681579 7.9722e-05
-1.8 0.681579 5.84252e-05
-1.2 0.681579 4.99692e-05
-0.6 0.681579 9.79772e-05
0 0.681579 0.000209217
0.6 0.681579 0.00031636
1.2 0.681579 0.000336891
1.8 0.681579 0.000257177
2.4 0.681579 0.000123887
3 0.681579 2.35869e-07
3.6 0.681579 -7.09819e-05
4.2 0.681579 -8.22784e-05
4.8 0.681579 -5.40273e-05
5.4 0.681579 -1.56724e-05
6 0.681579 1.11123e-05
6.6 0.681579 1.94116e-05
7.2 0.681579 1.41697e-05
7.8 0.681579 4.59436e-06
8.4 0.681579 -2.3705e-06
9 0.681579 -4.51672e-06
9.6 0.681579 -3.22011e-06
10.2 0.681579 -9.58327e-07
10.8 0.681579 5.58728e-07
11.4 0.681579 9.22606e-07
12 0.681579 5.74028e-07
12.6 0.681579 1.07638e-07
13.2 0.681579 -1.46462e-07
13.8 0.681579 -1.65955e-07
14.4 0.681579 -7.71915e-08
15 0.681579 3.36303e-09
15.6 0.681579 3.2663e-08
16.2 0.681579 2.41389e-08
16.8 0.681579 6.1603e-09
17.4 0.681579 -4.3451e-09
18 0.681579 -5.49668e-09
18.6 0.681579 -2.45268e-09
19.2 0.681579 1.97305e-10
19.8 0.681579 1.01032e-09
20.4 0.681579 6.4367e-10
21 0.681579 9.88613e-11
21.6 0.681579 -1.52338e-10
22.2 0.681579 -1.37493e-10
22.8 0.681579 -4.18998e-11
23.4 0.681579 1.748e-11
24 0.681579 2.5305e-11
24.6 0.681579 1.09852e-11
25.2 0.681579 -9.10094e-13
25.8 0.681579 -4.03335e-12
26.4 0.681579 -2.28967e-12
27 0.681579 -2.21073e-13
27.6 0.681579 5.3768e-13
28.2 0.681579 3.89985e-13
28.8 0.681579 9.5367e-14
29.4 0.681579 -1.21857e-14
30 0.681579 -4.96045e-43
-30 0.734211 5.27634e-40
-29.4 0.734211 1.30074e-10
-28.8 0.734211 2.6173e-10
-28.2 0.734211 6.35115e-12
-27.6 0.734211 -8.12882e-10
-27 0.734211 -1.76636e-09
-26.4 0.734211 -1.58402e-09
-25.8 0.734211 1.28846e-09
-25.2 0.734211 6.93066e-09
-24.6 0.734211 1.16688e-08
-24 0.734211 7.58239e-09
-23.4 0.734211 -1.3164e-08
-22.8 0.734211 -4.82337e-08
-22.2 0.734211 -7.40796e-08
-21.6 0.734211 -4.564e-08
-21 0.734211 7.98692e-08
-20.4 0.734211 2.92427e-07
-19.8 0.734211 4.73933e-07
-19.2 0.734211 3.87969e-07
-18.6 0.734211 -2.27733e-07
-18 0.734211 -1.44482e-06
-17.4 0.734211 -2.86822e-06
-16.8 0.734211 -3.46826e-06
-16.2 0.734211 -1.74201e-06
-15.6 0.734211 3.6422e-06
-15 0.734211 1.27756e-05
-14.4 0.734211 2.34229e-05
-13.8 0.734211 3.08885e-05
-13.2 0.734211 2.98545e-05
-12.6 0.734211 1.73115e-05
-12 0.734211 -5.0418e-06
-11.4 0.734211 -3.03487e-05
-10.8 0.734211 -4.87357e-05
-10.2 0.734211 -5.14692e-05
-9.6 0.734211 -3.53928e-05
-9 0.734211 -5.42635e-06
-8.4 0.734211 2.65282e-05
-7.8 0.734211 4.64073e-05
-7.2 0.734211 4.47792e-05
-6.6 0.734211 2.24603e-05
-6 0.734211 -8.30942e-06
-5.4 0.734211 -2.88256e-05
-4.8 0.734211 -2.37381e-05
-4.2 0.734211 8.83968e-06
-3.6 0.734211 5.33184e-05
-3 0.734211 8.35884e-05
-2.4 0.734211 8.02483e-05
-1.8 0.734211 4.948e-05
-1.2 0.734211 2.89839e-05
-0.6 0.734211 6.76859e-05
0 0.734211 0.000177247
0.6 0.734211 0.000291731
1.2 0.734211 0.00032527
1.8 0.734211 0.000258187
2.4 0.734211 0.000132085
3 0.734211 8.63963e-06
3.6 0.734211 -6.72198e-05
4.2 0.734211 -8.40836e-05
4.8 0.734211 -5.90776e-05
5.4 0.734211 -2.05949e-05
6 0.734211 8.61481e-06
6.6 0.734211 1.96613e-05
7.2 0.734211 1.59834e-05
7.8 0.734211 6.43142e-06
8.4 0.734211 -1.45431e-06
9 0.734211 -4.59088e-06
9.6 0.734211 -3.79681e-06
10.2 0.734211 -1.49591e-06
10.8 0.734211 3.31919e-07
11.4 0.734211 9.77994e-07
12 0.734211 7.38796e-07
12.6 0.734211 2.32786e-07
13.2 0.734211 -1.11461e-07
13.8 0.734211 -1.93034e-07
14.4 0.734211 -1.16669e-07
15 0.734211 -1.82701e-08
15.6 0.734211 3.17894e-08
16.2 0.734211 3.27016e-08
16.8 0.734211 1.3456e-08
17.4 0.734211 -2.08692e-09
18 0.734211 -6.69959e-09
18.6 0.734211 -4.28329e-09
19.2 0.734211 -7.16711e-10
19.8 0.734211 1.03798e-09
20.4 0.734211 1.01353e-09
21 0.734211 3.57044e-10
21.6 0.734211 -1.04761e-10
22.2 0.734211 -1.98464e-10
22.8 0.734211 -1.01712e-10
23.4 0.734211 -2.0594e-12
24 0.734211 3.30412e-11
24.6 0.734211 2.3006e-11
25.2 0.734211 4.46165e-12
25.8 0.734211 -4.56075e-12
26.4 0.734211 -4.43513e-12
27 0.734211 -1.43794e-12
27.6 0.734211 4.5682e-13
28.2 0.734211 7.33354e-13
28.8 0.734211 3.46275e-13
29.4 0.734211 5.51472e-14
30 0.734211 -6.85047e-43
-30 0.786842 8.40929e-40
-29.4 0.786842 1.47605e-10
-28.8 0.786842 2.31954e-10
-28.2 0.786842 -2.14293e-10
-27.6 0.786842 -1.26819e-09
-27 0.786842 -2.19084e-09
-26.4 0.786842 -1.36079e-09
-25.8 0.786842 2.77076e-09
-25.2 0.786842 9.49717e-09
-24.6 0.786842 1.3595e-08
-24 0.786842 5.7447e-09
-23.4 0.786842 -2.14015e-08
-22.8 0.786842 -6.15979e-08
-22.2 0.786842 -8.44143e-08
-21.6 0.786842 -3.87572e-08
-21 0.786842 1.16772e-07
-20.4 0.786842 3.57703e-07
-19.8 0.786842 5.39325e-07
-19.2 0.786842 3.9799e-07
-18.6 0.786842 -3.36039e-07
-18 0.786842 -1.70259e-06
-17.4 0.786842 -3.23119e-06
-16.8 0.786842 -3.79434e-06
-16.2 0.786842 -1.81259e-06
-15.6 0.786842 4.05451e-06
-15 0.786842 1.38183e-05
-14.4 0.786842 2.50882e-05
-13.8 0.786842 3.29494e-05
-13.2 0.786842 3.18305e-05
-12.6 0.786842 1.85425e-05
-12 0.786842 -5.1875e-06
-11.4 0.786842 -3.21842e-05
-10.8 0.786842 -5.2002e-05
-10.2 0.786842 -5.52649e-05
-9.6 0.786842 -3.83962e-05
-9 0.786842 -6.40146e-06
-8.4 0.786842 2.81173e-05
-7.8 0.786842 4.99859e-05
-7.2 0.786842 4.87648e-05
-6.6 0.786842 2.49759e-05
-6 0.786842 -8.37902e-06
-5.4 0.786842 -3.10294e-05
-4.8 0.786842 -2.61306e-05
-4.2 0.786842 8.53146e-06
-3.6 0.786842 5.59106e-05
-3 0.786842 8.71075e-05
-2.4 0.786842 8.01312e-05
-1.8 0.786842 4.06401e-05
-1.2 0.786842 8.88846e-06
-0.6 0.786842 3.86693e-05
0 0.786842 0.000146337
0.6 0.786842 0.000267502
1.2 0.786842 0.000313336
1.8 0.786842 0.000258518
2.4 0.786842 0.000139749
3 0.786842 1.70059e-05
3.6 0.786842 -6.3007e-05
4.2 0.786842 -8.52661e-05
4.8 0.786842 -6.37117e-05
5.4 0.786842 -2.54979e-05
6 0.786842 5.82346e-06
6.6 0.786842 1.95535e-05
7.2 0.786842 1.75997e-05
7.8 0.786842 8.29841e-06
8.4 0.786842 -3.68813e-07
9 0.786842 -4.49948e-06
9.6 0.786842 -4.30501e-06
10.2 0.786842 -2.06477e-06
10.8 0.786842 3.16827e-08
11.4 0.786842 9.78139e-07
12 0.786842 8.91296e-07
12.6 0.786842 3.76918e-07
13.2 0.786842 -5.18556e-08
13.8 0.786842 -2.07378e-07
14.4 0.786842 -1.57303e-07
15 0.786842 -4.7373e-08
15.6 0.786842 2.49445e-08
16.2 0.786842 3.97378e-08
16.8 0.786842 2.22857e-08
17.4 0.786842 2.15138e-09
18 0.786842 -6.98268e-09
18.6 0.786842 -6.25659e-09
19.2 0.786842 -2.14476e-09
19.8 0.786842 7.27355e-10
20.4 0.786842 1.34082e-09
21 0.786842 7.23004e-10
21.6 0.786842 4.0191e-11
22.2 0.786842 -2.31202e-10
22.8 0.786842 -1.79443e-10
23.4 0.786842 -4.53197e-11
24 0.786842 3.0911e-11
24.6 0.786842 3.70857e-11
25.2 0.786842 1.49078e-11
25.8 0.786842 -2.39222e-12
26.4 0.786842 -6.59941e-12
27 0.786842 -3.62602e-12
27.6 0.786842 -2.53487e-13
28.2 0.786842 1.00331e-12
28.8 0.786842 7.48694e-13
29.4 0.786842 2.07632e-13
30 0.786842 -4.68619e-43
-30 0.839474 1.18121e-39
-29.4 0.839474 1.47002e-10
-28.8 0.839474 1.37353e-10
-28.2 0.839474 -5.40133e-10
-27.6 0.839474 -1.80093e-09
-27 0.839474 -2.54763e-09
-26.4 0.839474 -8.4189e-10
-25.8 0.839474 4.6945e-09
-25.2 0.839474 1.23278e-08
-24.6 0.839474 1.51528e-08
-24 0.839474 2.65646e-09
-23.4 0.839474 -3.13972e-08
-22.8 0.839474 -7.60686e-08
-22.2 0.839474 -9.36838e-08
-21.6 0.839474 -2.77822e-08
-21 0.839474 1.59858e-07
-20.4 0.839474 4.28172e-07
-19.8 0.839474 6.04783e-07
-19.2 0.839474 4.00127e-07
-18.6 0.839474 -4.59315e-07
-18 0.839474 -1.97732e-06
-17.4 0.839474 -3.60604e-06
-16.8 0.839474 -4.12251e-06
-16.2 0.839474 -1.87672e-06
-15.6 0.839474 4.47454e-06
-15 0.839474 1.48608e-05
-14.4 0.839474 2.67414e-05
-13.8 0.839474 3.49915e-05
-13.2 0.839474 3.37936e-05
-12.6 0.839474 1.97779e-05
-12 0.839474 -5.30937e-06
-11.4 0.839474 -3.39854e-05
-10.8 0.839474 -5.52379e-05
-10.2 0.839474 -5.90484e-05
-9.6 0.839474 -4.14191e-05
-9 0.839474 -7.43813e-06
-8.4 0.839474 2.96076e-05
-7.8 0.839474 5.34681e-05
-7.2 0.839474 5.2735e-05
-6.6 0.839474 2.76368e-05
-6 0.839474 -8.14154e-06
-5.4 0.839474 -3.29085e-05
-4.8 0.839474 -2.84422e-05
-4.2 0.839474 7.83297e-06
-3.6 0.839474 5.76483e-05
-3 0.839474 8.96382e-05
-2.4 0.839474 7.94085e-05
-1.8 0.839474 3.19688e-05
-1.2 0.839474 -1.02719e-05
-0.6 0.839474 1.09295e-05
0 0.839474 0.000116466
0.6 0.839474 0.000243677
1.2 0.839474 0.000301139
1.8 0.839474 0.000258239
2.4 0.839474 0.000146917
3 0.839474 2.53143e-05
3.6 0.839474 -5.84069e-05
4.2 0.839474 -8.58838e-05
4.8 0.839474 -6.79413e-05
5.4 0.839474 -3.03453e-05
6 0.839474 2.78905e-06
6.6 0.839474 1.91154e-05
7.2 0.839474 1.90083e-05
7.8 0.839474 1.01626e-05
8.4 0.839474 8.58654e-07
9 0.839474 -4.24741e-06
9.6 0.839474 -4.73007e-06
10.2 0.839474 -2.64635e-06
10.8 0.839474 -3.33014e-07
11.4 0.839474 9.19702e-07
12 0.839474 1.02242e-06
12.6 0.839474 5.33277e-07
13.2 0.839474 3.1469e-08
13.8 0.839474 -2.05787e-07
14.4 0.839474 -1.9562e-07
15 0.839474 -8.2603e-08
15.6 0.839474 1.14062e-08
16.2 0.839474 4.38877e-08
16.8 0.839474 3.18548e-08
17.4 0.839474 8.39535e-09
18 0.839474 -5.92404e-09
18.6 0.839474 -8.03788e-09
19.2 0.839474 -4.01934e-09
19.8 0.839474 -2.59256e-11
20.4 0.839474 1.51229e-09
21 0.839474 1.15648e-09
21.6 0.839474 3.02255e-10
22.2 0.839474 -2.03264e-10
22.8 0.839474 -2.59505e-10
23.4 0.839474 -1.1458e-10
24 0.839474 1.08073e-11
24.6 0.839474 4.83721e-11
25.2 0.839474 3.02619e-11
25.8 0.839474 4.27196e-12
26.4 0.839474 -7.47802e-12
27 0.839474 -6.58318e-12
27.6 0.839474 -1.9458e-12
28.2 0.839474 8.84889e-13
28.8 0.839474 1.19908e-12
29.4 0.839474 4.44844e-13
30 0.839474 5.53796e-43
-30 0.892105 1.51939e-39
-29.4 0.892105 1.21324e-10
-28.8 0.892105 -3.65359e-11
-28.2 0.892105 -9.77215e-10
-27.6 0.892105 -2.38944e-09
-27 0.892105 -2.78476e-09
-26.4 0.892105 2.63544e-11
-25.8 0.892105 7.06253e-09
-25.2 0.892105 1.53332e-08
-24.6 0.892105 1.61771e-08
-24 0.892105 -1.82715e-09
-23.4 0.892105 -4.31405e-08
-22.8 0.892105 -9.14017e-08
-22.2 0.892105 -1.01485e-07
-21.6 0.892105 -1.23915e-08
-21 0.892105 2.09102e-07
-20.4 0.892105 5.03364e-07
-19.8 0.892105 6.69628e-07
-19.2 0.892105 3.93979e-07
-18.6 0.892105 -5.97284e-07
-18 0.892105 -2.26809e-06
-17.4 0.892105 -3.99181e-06
-16.8 0.892105 -4.45253e-06
-16.2 0.892105 -1.93517e-06
-15.6 0.892105 4.90094e-06
-15 0.892105 1.59022e-05
-14.4 0.892105 2.83817e-05
-13.8 0.892105 3.70138e-05
-13.2 0.892105 3.57419e-05
-12.6 0.892105 2.10156e-05
-12 0.892105 -5.40805e-06
-11.4 0.892105 -3.57491e-05
-10.8 0.892105 -5.84365e-05
-10.2 0.892105 -6.28138e-05
-9.6 0.892105 -4.44623e-05
-9 0.892105 -8.54617e-06
-8.4 0.892105 3.09845e-05
-7.8 0.892105 5.68439e-05
-7.2 0.892105 5.66932e-05
-6.6 0.892105 3.04608e-05
-6 0.892105 -7.57328e-06
-5.4 0.892105 -3.44473e-05
-4.8 0.892105 -3.06786e-05
-4.2 0.892105 6.71481e-06
-3.6 0.892105 5.84922e-05
-3 0.892105 9.11579e-05
-2.4 0.892105 7.80964e-05
-1.8 0.892105 2.35177e-05
-1.2 0.892105 -2.84413e-05
-0.6 0.892105 -1.55049e-05
0 0.892105 8.76366e-05
0.6 0.892105 0.000220265
1.2 0.892105 0.000288719
1.8 0.892105 0.000257405
2.4 0.892105 0.000153623
3 0.892105 3.35487e-05
3.6 0.892105 -5.34722e-05
4.2 0.892105 -8.59868e-05
4.8 0.892105 -7.17798e-05
5.4 0.892105 -3.51096e-05
6 0.892105 -4.45204e-07
6.6 0.892105 1.83737e-05
7.2 0.892105 2.02041e-05
7.8 0.892105 1.19976e-05
8.4 0.892105 2.20269e-06
9 0.892105 -3.84247e-06
9.6 0.892105 -5.06178e-06
10.2 0.892105 -3.22424e-06
10.8 0.892105 -7.52117e-07
11.4 0.892105 8.01934e-07
12 0.892105 1.12479e-06
12.6 0.892105 6.94965e-07
13.2 0.892105 1.36358e-07
13.8 0.892105 -1.86139e-07
14.4 0.892105 -2.28321e-07
15 0.892105 -1.22107e-07
15.6 0.892105 -8.98965e-09
16.2 0.892105 4.39771e-08
16.8 0.892105 4.12067e-08
17.4 0.892105 1.6428e-08
18 0.892105 -3.21554e-09
18.6 0.892105 -9.25565e-09
19.2 0.892105 -6.18285e-09
19.8 0.892105 -1.27287e-09
20.4 0.892105 1.4114e-09
21 0.892105 1.58823e-09
21.6 0.892105 6.8041e-10
22.2 0.892105 -8.42234e-11
22.8 0.892105 -3.18147e-10
23.4 0.892105 -2.05139e-10
24 0.892105 -3.39338e-11
24.6 0.892105 4.99788e-11
25.2 0.892105 4.82783e-11
25.8 0.892105 1.66292e-11
26.4 0.892105 -5.3152e-12
27 0.892105 -9.54596e-12
27.6 0.892105 -4.77277e-12
28.2 0.892105 -2.92919e-14
28.8 0.892105 1.45109e-12
29.4 0.892105 7.08929e-13
30 0.892105 2.65716e-42
-30 0.944737 1.82372e-39
-29.4 0.944737 6.45382e-11
-28.8 0.944737 -3.00558e-10
-28.2 0.944737 -1.52497e-09
-27.6 0.944737 -3.00539e-09
-27 0.944737 -2.84913e-09
-26.4 0.944737 1.28894e-09
-25.8 0.944737 9.86151e-09
-25.2 0.944737 1.8411e-08
-24.6 0.944737 1.65067e-08
-24 0.944737 -7.8258e-09
-23.4 0.944737 -5.6587e-08
-22.8 0.944737 -1.07337e-07
-22.2 0.944737 -1.07441e-07
-21.6 0.944737 7.67785e-09
-21 0.944737 2.64418e-07
-20.4 0.944737 5.82811e-07
-19.8 0.944737 7.33265e-07
-19.2 0.944737 3.79257e-07
-18.6 0.944737 -7.49624e-07
-18 0.944737 -2.57408e-06
-17.4 0.944737 -4.38774e-06
-16.8 0.944737 -4.78425e-06
-16.2 0.944737 -1.98858e-06
-15.6 0.944737 5.33269e-06
-15 0.944737 1.69415e-05
-14.4 0.944737 3.00083e-05
-13.8 0.944737 3.90145e-05
-13.2 0.944737 3.76729e-05
-12.6 0.944737 2.22533e-05
-12 0.944737 -5.48309e-06
-11.4 0.944737 -3.74709e-05
-10.8 0.944737 -6.15914e-05
-10.2 0.944737 -6.65569e-05
-9.6 0.944737 -4.75285e-05
-9 0.944737 -9.73541e-06
-8.4 0.944737 3.2237e-05
-7.8 0.944737 6.01087e-05
-7.2 0.944737 6.06442e-05
-6.6 0.944737 3.34594e-05
-6 0.944737 -6.66113e-06
-5.4 0.944737 -3.56347e-05
-4.8 0.944737 -3.28356e-05
-4.2 0.944737 5.16533e-06
-3.6 0.944737 5.84107e-05
-3 0.944737 9.16301e-05
-2.4 0.944737 7.61856e-05
-1.8 0.944737 1.53259e-05
-1.2 0.944737 -4.55482e-05
-0.6 0.944737 -4.05717e-05
0 0.944737 5.98811e-05
0.6 0.944737 0.000197288
1.2 0.944737 0.000276111
1.8 0.944737 0.00025606
2.4 0.944737 0.000159891
3 0.944737 4.16949e-05
3.6 0.944737 -4.82469e-05
4.2 0.944737 -8.56185e-05
4.8 0.944737 -7.52412e-05
5.4 0.944737 -3.97695e-05
6 0.944737 -3.8424e-06
6.6 0.944737 1.73536e-05
7.2 0.944737 2.11864e-05
7.8 0.944737 1.3782e-05
8.4 0.944737 3.64011e-06
9 0.944737 -3.29424e-06
9.6 0.944737 -5.29347e-06
10.2 0.944737 -3.78427e-06
10.8 0.944737 -1.2152e-06
11.4 0.944737 6.26084e-07
12 0.944737 1.1927e-06
12.6 0.944737 8.55342e-07
13.2 0.944737 2.59757e-07
13.8 0.944737 -1.47332e-07
14.4 0.944737 -2.5248e-07
15 0.944737 -1.63732e-07
15.6 0.944737 -3.59031e-08
16.2 0.944737 3.91039e-08
16.8 0.944737 4.93282e-08
17.4 0.944737 2.58257e-08
18 0.944737 1.30423e-09
18.6 0.944737 -9.54892e-09
19.2 0.944737 -8.40707e-09
19.8 0.944737 -3.00027e-09
20.4 0.944737 9.37454e-10
21 0.944737 1.92905e-09
21.6 0.944737 1.14983e-09
22.2 0.944737 1.47414e-10
22.8 0.944737 -3.27097e-10
23.4 0.944737 -3.04619e-10
24 0.944737 -1.06261e-10
24.6 0.944737 3.43002e-11
25.2 0.944737 6.45179e-11
25.8 0.944737 3.45938e-11
26.4 0.944737 1.66966e-12
27 0.944737 -1.11876e-11
27.6 0.944737 -8.50362e-12
28.2 0.944737 -2.11307e-12
28.8 0.944737 1.13749e-12
29.4 0.944737 8.73467e-13
30 0.944737 5.76503e-42
-30 0.997368 2.06175e-39
-29.4 0.997368 -2.80933e-11
-28.8 0.997368 -6.6123e-10
-28.2 0.997368 -2.17603e-09
-27.6 0.997368 -3.61479e-09
-27 0.997368 -2.6884e-09
-26.4 0.997368 2.98094e-09
-25.8 0.997368 1.30629e-08
-25.2 0.997368 2.14492e-08
-24.6 0.997368 1.59875e-08
-24 0.997368 -1.54335e-08
-23.4 0.997368 -7.16622e-08
-22.8 0.997368 -1.23605e-07
-22.2 0.997368 -1.11201e-07
-21.6 0.997368 3.26337e-08
-21 0.997368 3.25682e-07
-20.4 0.997368 6.66061e-07
-19.8 0.997368 7.95177e-07
-19.2 0.997368 3.55759e-07
-18.6 0.997368 -9.16001e-07
-18 0.997368 -2.89459e-06
-17.4 0.997368 -4.79317e-06
-16.8 0.997368 -5.11754e-06
-16.2 0.997368 -2.03741e-06
-15.6 0.997368 5.76904e-06
-15 0.997368 1.79778e-05
-14.4 0.997368 3.16196e-05
-13.8 0.997368 4.09913e-05
-13.2 0.997368 3.95836e-05
-12.6 0.997368 2.34893e-05
-12 0.997368 -5.53317e-06
-11.4 0.997368 -3.91458e-05
-10.8 0.997368 -6.46962e-05
-10.2 0.997368 -7.02751e-05
-9.6 0.997368 -5.06223e-05
-9 0.997368 -1.10158e-05
-8.4 0.997368 3.33568e-05
-7.8 0.997368 6.32623e-05
-7.2 0.997368 6.45956e-05
-6.6 0.997368 3.66399e-05
-6 0.997368 -5.4026e-06
-5.4 0.997368 -3.64675e-05
-4.8 0.997368 -3.49018e-05
-4.2 0.997368 3.19453e-06
-3.6 0.997368 5.7386e-05
-3 0.997368 9.10023e-05
-2.4 0.997368 7.36308e-05
-1.8 0.997368 7.41401e-06
-1.2 0.997368 -6.1499e-05
-0.6 0.997368 -6.41613e-05
0 0.997368 3.32704e-05
0.6 0.997368 0.000174782
1.2 0.997368 0.000263346
1.8 0.997368 0.000254237
2.4 0.997368 0.000165738
3 0.997368 4.97397e-05
3.6 0.997368 -4.27689e-05
4.2 0.997368 -8.48168e-05
4.8 0.997368 -7.8339e-05
5.4 0.997368 -4.43085e-05
6 0.997368 -7.37089e-06
6.6 0.997368 1.60788e-05
7.2 0.997368 2.19567e-05
7.8 0.997368 1.54989e-05
8.4 0.997368 5.15e-06
9 0.997368 -2.61334e-06
9.6 0.997368 -5.42133e-06
10.2 0.997368 -4.31445e-06
10.8 0.997368 -1.71192e-06
11.4 0.997368 3.94885e-07
12 0.997368 1.22201e-06
12.6 0.997368 1.00828e-06
13.2 0.997368 3.98039e-07
13.8 0.997368 -8.91639e-08
14.4 0.997368 -2.65657e-07
15 0.997368 -2.05202e-07
15.6 0.997368 -6.85755e-08
16.2 0.997368 2.86779e-08
16.8 0.997368 5.52381e-08
17.4 0.997368 3.60088e-08
18 0.997368 7.63988e-09
18.6 0.997368 -8.60599e-09
19.2 0.997368 -1.04193e-08
19.8 0.997368 -5.13018e-09
20.4 0.997368 2.05858e-11
21 0.997368 2.08155e-09
21.6 0.997368 1.66312e-09
22.2 0.997368 4.98982e-10
22.8 0.997368 -2.58262e-10
23.4 0.997368 -3.93911e-10
24 0.997368 -2.03787e-10
24.6 0.997368 -5.31306e-12
25.2 0.997368 7.2812e-11
25.8 0.997368 5.63473e-11
26.4 0.997368 1.47398e-11
27 0.997368 -9.80487e-12
27.6 0.997368 -1.24161e-11
28.2 0.997368 -5.54363e-12
28.8 0.997368 -1.46361e-13
29.4 0.997368 7.58472e-13
30 0.997368 9.29748e-42
-30 1.05 2.20201e-39
-29.4 1.05 -1.59757e-10
-28.8 1.05 -1.12033e-09
-28.2 1.05 -2.91637e-09
-27.6 1.05 -4.17915e-09
-27 1.05 -2.25255e-09
-26.4 1.05 5.12684e-09
-25.8 1.05 1.66245e-08
-25.2 1.05 2.43294e-08
-24.6 1.05 1.44756e-08
-24 1.05 -2.47194e-08
-23.4 1.05 -8.82679e-08
-22.8 1.05 -1.39935e-07
-22.2 1.05 -1.12448e-07
-21.6 1.05 6.26353e-08
-21 1.05 3.92742e-07
-20.4 1.05 7.52689e-07
-19.8 1.05 8.5492e-07
-19.2 1.05 3.23344e-07
-18.6 1.05 -1.0961e-06
-18 1.05 -3.22899e-06
-17.4 1.05 -5.20757e-06
-16.8 1.05 -5.45226e-06
-16.2 1.05 -2.08192e-06
-15.6 1.05 6.20944e-06
-15 1.05 1.90101e-05
-14.4 1.05 3.32141e-05
-13.8 1.05 4.29417e-05
-13.2 1.05 4.14713e-05
-12.6 1.05 2.47222e-05
-12 1.05 -5.55637e-06
-11.4 1.05 -4.07686e-05
-10.8 1.05 -6.77454e-05
-10.2 1.05 -7.39669e-05
-9.6 1.05 -5.3749e-05
-9 1.05 -1.23973e-05
-8.4 1.05 3.43368e-05
-7.8 1.05 6.63073e-05
-7.2 1.05 6.85576e-05
-6.6 1.05 4.00097e-05
-6 1.05 -3.80267e-06
-5.4 1.05 -3.69549e-05
-4.8 1.05 -3.68673e-05
-4.2 1.05 8.3561e-07
-3.6 1.05 5.54308e-05
-3 1.05 8.92131e-05
-2.4 1.05 7.03291e-05
-1.8 1.05 -2.38304e-07
-1.2 1.05 -7.61642e-05
-0.6 1.05 -8.60822e-05
0 1.05 7.93895e-06
0.6 1.05 0.00015281
1.2 1.05 0.000250452
1.8 1.05 0.000251955
2.4 1.05 0.000171172
3 1.05 5.76692e-05
3.6 1.05 -3.70712e-05
4.2 1.05 -8.36144e-05
4.8 1.05 -8.10859e-05
5.4 1.05 -4.87133e-05
6 1.05 -1.10033e-05
6.6 1.05 1.45712e-05
7.2 1.05 2.25186e-05
7.8 1.05 1.71345e-05
8.4 1.05 6.71354e-06
9 1.05 -1.81083e-06
9.6 1.05 -5.4437e-06
10.2 1.05 -4.80477e-06
10.8 1.05 -2.23236e-06
11.4 1.05 1.12126e-07
12 1.05 1.20998e-06
12.6 1.05 1.14828e-06
13.2 1.05 5.4726e-07
13.8 1.05 -1.21875e-08
14.4 1.05 -2.6594e-07
15 1.05 -2.44264e-07
15.6 1.05 -1.05927e-07
16.2 1.05 1.24259e-08
16.8 1.05 5.80534e-08
17.4 1.05 4.62977e-08
18 1.05 1.56464e-08
18.6 1.05 -6.19174e-09
19.2 1.05 -1.19302e-08
19.8 1.05 -7.52733e-09
20.4 1.05 -1.36858e-09
21 1.05 1.95223e-09
21.6 1.05 2.15492e-09
22.2 1.05 9.60838e-10
22.8 1.05 -8.84131e-11
23.4 1.05 -4.49404e-10
24 1.05 -3.18137e-10
24.6 1.05 -7.29276e-11
25.2 1.05 6.61832e-11
25.8 1.05 7.8244e-11
26.4 1.05 3.4129e-11
27 1.05 -3.65592e-12
27.6 1.05 -1.53073e-11
28.2 1.05 -1.01495e-11
28.8 1.05 -2.71482e-12
29.4 1.05 1.71523e-13
30 1.05 1.21662e-41
