2020	
	-2.152199667e-43	1.163534671e-14	1.044037517e-13	3.462281245e-13	7.728336859e-13
	1.388751462e-12	2.176558604e-12	3.108089367e-12	4.152789171e-12	5.281289318e-12
	6.465248425e-12	7.676432244e-12	8.888189953e-12	1.008075319e-11	1.124866895e-11
	1.240552914e-11	1.357986602e-11	1.479827628e-11	1.605780388e-11	1.729748633e-11
	1.838487804e-11	1.913282957e-11	1.935201127e-11	1.89268458e-11	1.788347489e-11
	1.641010188e-11	1.480516915e-11	1.336918157e-11	1.229649511e-11	1.162339607e-11
	1.12482959e-11	1.099951505e-11	1.071099881e-11	1.027456955e-11	9.656337126e-12
	8.882707564e-12	8.011248767e-12	7.102274264e-12	6.201189657e-12	5.333850709e-12
	4.511223643e-12	3.737332555e-12	3.015520329e-12	2.350846121e-12	1.749219425e-12
	1.215454237e-12	7.524881442e-13	3.628900727e-13	5.215612594e-14	-1.680789992e-13
	-2.792246384e-13	-2.586764117e-13	-8.573161056e-14	2.523459042e-13	7.570077016e-13
	1.41886539e-12	2.220911375e-12	3.142627768e-12	4.163319804e-12	5.263833467e-12
	6.426685637e-12	7.635200778e-12	8.872409227e-12	1.012030055e-11	1.135970559e-11
	1.257075796e-11	1.373366558e-11	1.482947133e-11	1.584059592e-11	1.675112721e-11
	1.754693782e-11	1.821574377e-11	1.874718459e-11	1.913295156e-11	1.936694611e-11
	1.944542927e-11	1.936712369e-11	1.913324541e-11	1.874746369e-11	1.821580793e-11
	1.754655448e-11	1.675012685e-11	1.583902457e-11	1.482775755e-11	1.37327144e-11
	1.257186004e-11	1.136417405e-11	1.012883449e-11	8.884317433e-12	7.647766042e-12
	6.435077543e-12	5.262041176e-12	4.146459318e-12	3.110544998e-12	2.18222168e-12
	1.393607838e-12	7.753420678e-13	3.467523839e-13	1.040862846e-13	1.140212121e-14
	-2.167359396e-43	-2.046608892e-43	1.076324082e-14	9.826477602e-14	3.273341888e-13
	7.319493239e-13	1.316130446e-12	2.062904752e-12	2.945266897e-12	3.934346222e-12
	5.002803301e-12	6.124423068e-12	7.272827493e-12	8.422502762e-12	9.553733819e-12
	1.066002732e-11	1.175341806e-11	1.286150529e-11	1.401184927e-11	1.520500414e-11
	1.638543604e-11	1.742615672e-11	1.814329746e-11	1.834750711e-11	1.792063569e-11
	1.688575862e-11	1.542925869e-11	1.384907565e-11	1.244509035e-11	1.140947525e-11
	1.07748487e-11	1.043621438e-11	1.022081072e-11	9.964590276e-12	9.563366167e-12
	8.987046186e-12	8.263790566e-12	7.450295017e-12	6.604069393e-12	5.767090581e-12
	4.962314324e-12	4.198898943e-12	3.480108641e-12	2.80917355e-12	2.191226905e-12
	1.632112074e-12	1.136298397e-12	7.061181995e-13	3.433889032e-13	5.285965695e-14
	-1.544477384e-13	-2.603595175e-13	-2.425082251e-13	-8.030523432e-14	2.389542997e-13
	7.167930544e-13	1.344072477e-12	2.104292456e-12	2.977717502e-12	3.94464324e-12
	4.986997278e-12	6.08836389e-12	7.23307008e-12	8.405091762e-12	9.587346671e-12
	1.076161418e-11	1.190901087e-11	1.30107484e-11	1.404886208e-11	1.500671665e-11
	1.586926419e-11	1.662314153e-11	1.725671953e-11	1.77601805e-11	1.812564502e-11
	1.834732744e-11	1.842168055e-11	1.834749347e-11	1.812592163e-11	1.776044793e-11
	1.725679268e-11	1.662280254e-11	1.586835101e-11	1.500526676e-11	1.404727187e-11
	1.30098652e-11	1.191005185e-11	1.076582898e-11	9.595421899e-12	8.416419723e-12
	7.245140451e-12	6.096659397e-12	4.98584347e-12	3.929364483e-12	2.948046861e-12
	2.068229837e-12	1.3204425e-12	7.340213456e-13	3.276333925e-13	9.788292083e-14
	1.052721777e-14	-2.059838078e-43	-1.939271902e-43	9.94606447e-15	9.225957102e-14
	3.085781941e-13	6.91115559e-13	1.243443784e-12	1.949122785e-12	2.782343857e-12
	3.715884853e-12	4.724356432e-12	5.783602822e-12	6.869094605e-12	7.956519743e-12
	9.026326509e-12	1.007108228e-11	1.110129821e-11	1.214356256e-11	1.322619441e-11
	1.435296961e-11	1.547356079e-11	1.646653647e-11	1.715194427e-11	1.734150472e-11
	1.691554246e-11	1.589435052e-11	1.446159222e-11	1.291291947e-11	1.154580543e-11
	1.054934464e-11	9.952779282e-12	9.648764057e-12	9.464563625e-12	9.23879193e-12
	8.871373479e-12	8.33581481e-12	7.661765681e-12	6.904868618e-12	6.119774914e-12
	5.345088248e-12	4.600986577e-12	3.894952763e-12	3.22958405e-12	2.60802871e-12
	2.035474459e-12	1.517663801e-12	1.05871045e-12	6.603757897e-13	3.237956004e-13
	5.303816632e-14	-1.414734097e-13	-2.420451315e-13	-2.266676065e-13	-7.49927297e-14
	2.255743935e-13	6.76617187e-13	1.269285545e-12	1.987636705e-12	2.812749901e-12
	3.725918375e-12	4.710141636e-12	5.750056229e-12	6.830978852e-12	7.937824194e-12
	9.054438696e-12	1.016355634e-11	1.124728441e-11	1.228784444e-11	1.326826649e-11
	1.417285748e-11	1.498742972e-11	1.56993808e-11	1.629773494e-11	1.677321749e-11
	1.711837955e-11	1.732774952e-11	1.739797268e-11	1.732790463e-11	1.711863956e-11
	1.677347298e-11	1.629781497e-11	1.56990821e-11	1.498659858e-11	1.417152443e-11
	1.326679702e-11	1.228702833e-11	1.124826441e-11	1.016751731e-11	9.062052946e-12
	7.948563955e-12	6.842533503e-12	5.758209865e-12	4.709543778e-12	3.71209967e-12
	2.78535055e-12	1.954083798e-12	1.247237906e-12	6.927973296e-13	3.086916977e-13
	9.18346515e-14	9.712981471e-15	-1.950665146e-43	-1.830533809e-43	9.175007785e-15
	8.636823056e-14	2.899421811e-13	6.503276645e-13	1.170698543e-12	1.835221332e-12
	2.619323302e-12	3.497405578e-12	4.445955688e-12	5.442805323e-12	6.46525381e-12
	7.490246485e-12	8.498509986e-12	9.481795178e-12	1.044914683e-11	1.14260627e-11
	1.244137636e-11	1.350174846e-11	1.456183343e-11	1.550591925e-11	1.615868125e-11
	1.633401023e-11	1.591166524e-11	1.490934243e-11	1.350708654e-11	1.199657721e-11
	1.067119697e-11	9.716067803e-12	9.157249103e-12	8.886017726e-12	8.730778222e-12
	8.533535741e-12	8.198509952e-12	7.702604433e-12	7.076645392e-12	6.37500171e-12
	5.649409605e-12	4.935178401e-12	4.249851932e-12	3.599375764e-12	2.985765757e-12
	2.412107976e-12	1.883617683e-12	1.405901809e-12	9.827133688e-13	6.152833118e-13
	3.041365331e-13	5.272128608e-14	-1.291298515e-13	-2.242657514e-13	-2.111501673e-13
	-6.979525856e-14	2.122065602e-13	6.364844422e-13	1.194510136e-12	1.870947098e-12
	2.647724445e-12	3.507143106e-12	4.433264938e-12	5.411762074e-12	6.428927255e-12
	7.470607292e-12	8.521577331e-12	9.56553163e-12	1.058557717e-11	1.156495226e-11
	1.248768341e-11	1.333901725e-11	1.410562238e-11	1.477565393e-11	1.533878806e-11
	1.578629344e-11	1.611115284e-11	1.630820994e-11	1.637430321e-11	1.630835473e-11
	1.611139686e-11	1.578653664e-11	1.533887294e-11	1.47753917e-11	1.410486846e-11
	1.333779661e-11	1.248633185e-11	1.156420217e-11	1.05864957e-11	9.569237176e-12
	8.528726711e-12	7.480750385e-12	6.439945762e-12	5.419728839e-12	4.433142439e-12
	3.494669581e-12	2.622468334e-12	1.839800233e-12	1.174004636e-12	6.516643599e-13
	2.899062513e-13	8.591888843e-14	8.949607321e-15	-1.840205651e-43	-1.720633843e-43
	8.443670725e-15	8.057592792e-14	2.714118109e-13	6.095805086e-13	1.097898942e-12
	1.721206933e-12	2.456208472e-12	3.27891041e-12	4.167609095e-12	5.102047703e-12
	6.061323231e-12	7.023686503e-12	7.97026455e-12	8.892134872e-12	9.796949736e-12
	1.070902913e-11	1.165744348e-11	1.265137025e-11	1.365022746e-11	1.454423287e-11
	1.516344813e-11	1.532502849e-11	1.490906742e-11	1.393079041e-11	1.256572577e-11
	1.109996136e-11	9.821170984e-12	8.909610713e-12	8.388291066e-12	8.148022447e-12
	8.019458411e-12	7.848772291e-12	7.544710365e-12	7.087378011e-12	6.508433832e-12
	5.860719205e-12	5.192990702e-12	4.537358423e-12	3.908896339e-12	3.312159084e-12
	2.74866068e-12	2.22143317e-12	1.735685012e-12	1.296853255e-12	9.083307949e-13
	5.708638634e-13	2.844375936e-13	5.193685766e-14	-1.173924881e-13	-2.070054749e-13
	-1.959496946e-13	-6.47122612e-14	1.988511758e-13	5.963977293e-13	1.119750544e-12
	1.754226623e-12	2.482641526e-12	3.288316184e-12	4.156366046e-12	5.073480966e-12
	6.026914229e-12	7.003437869e-12	7.988757932e-12	8.96753632e-12	9.923887253e-12
	1.0842071e-11	1.170711204e-11	1.250519484e-11	1.32238407e-11	1.385195915e-11
	1.437987688e-11	1.479940617e-11	1.51039626e-11	1.528870632e-11	1.53506697e-11
	1.528884134e-11	1.510419113e-11	1.479963673e-11	1.437996471e-11	1.385172985e-11
	1.322315954e-11	1.250408235e-11	1.17058752e-11	1.084138512e-11	9.924743844e-12
	8.970987003e-12	7.995442387e-12	7.012978759e-12	6.037376819e-12	5.081215823e-12
	4.156640965e-12	3.277081009e-12	2.459413237e-12	1.725393757e-12	1.100749945e-12
	6.106158112e-13	2.712592989e-13	8.011804726e-14	8.229713037e-15	-1.728714303e-43
	-1.609741033e-43	7.747191344e-15	7.487112354e-14	2.529754566e-13	5.688692346e-13
	1.025047522e-12	1.607084548e-12	2.293002502e-12	3.060402306e-12	3.889325073e-12
	4.761345812e-12	5.657318793e-12	6.556842993e-12	7.441574713e-12	8.302077694e-12
	9.144696948e-12	9.992479374e-12	1.087442952e-11	1.180185349e-11	1.2738722e-11
	1.358142628e-11	1.416620255e-11	1.431455946e-11	1.390778583e-11	1.295872531e-11
	1.16374941e-11	1.022300975e-11	8.995660192e-12	8.129944302e-12	7.645920293e-12
	7.434804221e-12	7.330602528e-12	7.184463258e-12	6.90992412e-12	6.490104487e-12
	5.957131106e-12	5.362038681e-12	4.75053111e-12	4.151625613e-12	3.578107631e-12
	3.033295402e-12	2.518276141e-12	2.03602572e-12	1.59170437e-12	1.190545225e-12
	8.355867775e-13	5.271408119e-13	2.647241294e-13	5.071144472e-14	-1.062377952e-13
	-1.902482525e-13	-1.810587158e-13	-5.974194157e-14	1.855087809e-13	5.563590592e-13
	1.045010063e-12	1.637478074e-12	2.317502197e-12	3.069437152e-12	3.879443965e-12
	4.735211923e-12	5.624938712e-12	6.536314573e-12	7.455978763e-12	8.36956839e-12
	9.262212891e-12	1.011919944e-11	1.09265515e-11	1.167138924e-11	1.234208327e-11
	1.292829467e-11	1.342099937e-11	1.381255348e-11	1.409680654e-11	1.426923631e-11
	1.432706976e-11	1.426936201e-11	1.409702001e-11	1.381277103e-11	1.342108838e-11
	1.292809508e-11	1.23414707e-11	1.167038062e-11	1.092542586e-11	1.011857565e-11
	9.263007223e-12	8.372765443e-12	7.46219903e-12	6.545248207e-12	5.634825612e-12
	4.742670433e-12	3.880042048e-12	3.059342106e-12	2.296198326e-12	1.610877198e-12
	1.027478937e-12	5.696448736e-13	2.527355699e-13	7.441781122e-14	7.547483867e-15
	-1.616371172e-43	-1.497985073e-43	7.081700071e-15	6.924450997e-14	2.346234822e-13
	5.281894543e-13	9.521459758e-13	1.492858243e-12	2.129708467e-12	2.841884526e-12
	3.611111458e-12	4.420713611e-12	5.253254825e-12	6.089720613e-12	6.912430547e-12
	7.711606453e-12	8.492379669e-12	9.27642314e-12	1.009235565e-11	1.095321018e-11
	1.182730383e-11	1.261746601e-11	1.316691435e-11	1.330259701e-11	1.290783558e-11
	1.199315871e-11	1.07223758e-11	9.365679588e-12	8.194619096e-12	7.37704572e-12
	6.930139774e-12	6.746371552e-12	6.664201302e-12	6.540576852e-12	6.294113275e-12
	5.910760771e-12	5.42273631e-12	4.878971293e-12	4.322038e-12	3.777975508e-12
	3.25747513e-12	2.762779623e-12	2.294620624e-12	1.855906914e-12	1.451703043e-12
	1.087004472e-12	7.645054805e-13	4.841376137e-13	2.450210289e-13	4.907066401e-14
	-9.564299932e-14	-1.739779304e-13	-1.664688458e-13	-5.488154502e-14	1.721801377e-13
	5.163698439e-13	9.702912005e-13	1.520703979e-12	2.152307914e-12	2.850506172e-12
	3.602498021e-12	4.396953919e-12	5.222999453e-12	6.069235817e-12	6.923237908e-12
	7.771625892e-12	8.600552449e-12	9.396336412e-12	1.014600088e-11	1.083759943e-11
	1.14603487e-11	1.200465869e-11	1.246215342e-11	1.282573314e-11	1.308968237e-11
	1.324979761e-11	1.330350101e-11	1.324991436e-11	1.30898811e-11	1.282593731e-11
	1.246224203e-11	1.200448587e-11	1.145980075e-11	1.083669037e-11	1.014498265e-11
	9.3957724e-12	8.60128444e-12	7.774571237e-12	6.928995428e-12	6.0775573e-12
	5.232290705e-12	4.40409263e-12	3.603349398e-12	2.841461893e-12	2.132836397e-12
	1.496261919e-12	9.541952983e-13	5.28744856e-13	2.343217018e-13	6.880616201e-14
	6.898149382e-15	-1.503313103e-43	-1.385469842e-43	6.443986186e-15	6.36882793e-14
	2.163476639e-13	4.87537292e-13	8.791957452e-13	1.378531825e-12	1.966329496e-12
	2.623360041e-12	3.332974598e-12	4.080162789e-12	4.849144769e-12	5.622326844e-12
	6.382828357e-12	7.120709414e-12	7.839988271e-12	8.560861425e-12	9.311232012e-12
	1.010544851e-11	1.09159682e-11	1.165233393e-11	1.216556245e-11	1.228912834e-11
	1.190921307e-11	1.103408613e-11	9.82035518e-12	8.527944261e-12	7.418021055e-12
	6.650898867e-12	6.240943517e-12	6.082717699e-12	6.020237027e-12	5.91708516e-12
	5.697251004e-12	5.349332614e-12	4.905249482e-12	4.41152272e-12	3.907512135e-12
	3.416400639e-12	2.946989088e-12	2.500609257e-12	2.077704456e-12	1.681098273e-12
	1.315707586e-12	9.862570818e-13	6.951108987e-13	4.41877727e-13	2.253528574e-13
	4.703943848e-14	-8.558590879e-14	-1.581783042e-13	-1.521710083e-13	-5.012753915e-14
	1.588662571e-13	4.764310852e-13	8.955958283e-13	1.403906568e-12	1.98706037e-12
	2.631523923e-12	3.325527941e-12	4.058705991e-12	4.821094985e-12	5.602199745e-12
	6.390533317e-12	7.17370689e-12	7.938904387e-12	8.673480829e-12	9.365459318e-12
	1.000382442e-11	1.057863559e-11	1.108104937e-11	1.150333691e-11	1.183894291e-11
	1.208258783e-11	1.22303879e-11	1.227996112e-11	1.223049597e-11	1.208277203e-11
	1.183913334e-11	1.150342374e-11	1.108090068e-11	1.057814847e-11	1.00030105e-11
	9.364544452e-12	8.672974189e-12	7.939574285e-12	7.176403114e-12	6.395830045e-12
	5.609904146e-12	4.829770484e-12	4.065482803e-12	3.326567567e-12	2.623449926e-12
	1.969339851e-12	1.381558114e-12	8.809017465e-13	4.87909312e-13	2.160058268e-13
	6.327275993e-14	6.277682837e-15	-1.389647636e-43	-1.272282617e-43	5.83126441e-15
	5.819559706e-14	1.981407327e-13	4.469093698e-13	8.061984676e-13	1.264109366e-12
	1.802868887e-12	2.404831072e-12	3.054918674e-12	3.73970251e-12	4.445001707e-12
	5.154672913e-12	5.852771078e-12	6.529379613e-12	7.187511073e-12	7.84578605e-12
	8.531058671e-12	9.25857431e-12	1.00047193e-11	1.068602596e-11	1.116213322e-11
	1.127413379e-11	1.091189746e-11	1.008148875e-11	8.931416614e-12	7.709791637e-12
	6.665856776e-12	5.95149464e-12	5.578318201e-12	5.443821912e-12	5.398683143e-12
	5.31396268e-12	5.119320669e-12	4.805815051e-12	4.40467276e-12	3.959693808e-12
	3.506947511e-12	3.066889711e-12	2.646640237e-12	2.246784629e-12	1.867540328e-12
	1.511621862e-12	1.183743752e-12	8.883281956e-13	6.274266223e-13	4.003845721e-13
	2.05743994e-13	4.464218477e-14	-7.604481448e-14	-1.42833173e-13	-1.381555867e-13
	-4.547572568e-14	1.455684188e-13	4.365434933e-13	8.209252774e-13	1.287087759e-12
	1.821761411e-12	2.412491545e-12	3.048533865e-12	3.720467293e-12	4.419223668e-12
	5.13520423e-12	5.857862765e-12	6.575809443e-12	7.277267263e-12	7.950631695e-12
	8.584925981e-12	9.17006319e-12	9.69694252e-12	1.015746486e-11	1.05445477e-11
	1.085218051e-11	1.107552063e-11	1.12110049e-11	1.125644775e-11	1.121110447e-11
	1.107569042e-11	1.085235688e-11	1.054463156e-11	1.01573379e-11	9.696512563e-12
	9.169339925e-12	8.584110254e-12	7.95018001e-12	7.277875676e-12	6.578259722e-12
	5.86270102e-12	5.142286495e-12	4.427263291e-12	3.726841781e-12	3.049701773e-12
	2.405316088e-12	1.805720667e-12	1.266775031e-12	8.076003216e-13	4.471320825e-13
	1.977772655e-13	5.780853341e-14	5.682604734e-15	-1.275462215e-43	-1.158499715e-43
	5.241013592e-15	5.276022416e-14	1.799960236e-13	4.063027567e-13	7.33156268e-13
	1.149595596e-12	1.639330244e-12	2.186298823e-12	2.776945238e-12	3.399339169e-12
	4.040838608e-12	4.686774341e-12	5.322268592e-12	5.937614594e-12	6.534933728e-12
	7.131179318e-12	7.751825915e-12	8.412591775e-12	9.093570531e-12	9.718551725e-12
	1.015661975e-11	1.02575866e-11	9.915851173e-12	9.13533395e-12	8.055544548e-12
	6.911223486e-12	5.938133815e-12	5.278831102e-12	4.942243821e-12	4.829649826e-12
	4.799503947e-12	4.731185684e-12	4.560315525e-12	4.280212726e-12	3.921010956e-12
	3.523480809e-12	3.120331074e-12	2.729427148e-12	2.356419596e-12	2.001309063e-12
	1.664143616e-12	1.347500462e-12	1.055836414e-12	7.932418038e-13	5.614756927e-13
	3.596815331e-13	1.862187425e-13	4.190293429e-14	-6.699844263e-14	-1.279263871e-13
	-1.24412518e-13	-4.092130288e-14	1.32288185e-13	3.967075545e-13	7.462803916e-13
	1.170249152e-12	1.656412984e-12	2.193410602e-12	2.771516349e-12	3.382237122e-12
	4.01738371e-12	4.668246873e-12	5.325223838e-12	5.977931587e-12	6.615639736e-12
	7.227788134e-12	7.804400101e-12	8.336314723e-12	8.815268031e-12	9.233903273e-12
	9.585783614e-12	9.865443686e-12	1.006847851e-11	1.019164636e-11	1.02329586e-11
	1.01917375e-11	1.006863391e-11	9.865605707e-12	9.585863477e-12	9.233795854e-12
	8.814891688e-12	8.335677566e-12	7.803679157e-12	7.22738902e-12	6.616187614e-12
	5.980139585e-12	5.32960619e-12	4.674701826e-12	4.024767505e-12	3.388170812e-12
	2.772757769e-12	2.187070447e-12	1.641990414e-12	1.151921159e-12	7.342925839e-13
	4.064072982e-13	1.796262967e-13	5.240539137e-14	5.109850582e-15	-1.160829804e-43
	-1.044189898e-43	4.670872118e-15	4.7376264e-14	1.619072189e-13	3.65714886e-13
	6.600719041e-13	1.034996153e-12	1.475717652e-12	1.96776343e-12	2.499052953e-12
	3.059076124e-12	3.63666826e-12	4.218651151e-12	4.791338075e-12	5.345416617e-12
	5.882239102e-12	6.41701364e-12	6.973513935e-12	7.567503397e-12	8.182544834e-12
	8.749934924e-12	9.149022083e-12	9.23945277e-12	8.921019505e-12	8.195575049e-12
	7.192723492e-12	6.132255786e-12	5.234876969e-12	4.632913655e-12	4.332693511e-12
	4.240153062e-12	4.222654302e-12	4.16873225e-12	4.020239043e-12	3.772540235e-12
	3.45427163e-12	3.102875157e-12	2.747642414e-12	2.403992946e-12	2.076318579e-12
	1.76418911e-12	1.467532532e-12	1.188757551e-12	9.320094395e-13	7.010206319e-13
	4.97280573e-13	3.197920065e-13	1.668014042e-13	3.884538112e-14	-5.842595269e-14
	-1.134418818e-13	-1.109313348e-13	-3.645888794e-14	1.190274104e-13	3.569235588e-13
	6.716615488e-13	1.053392028e-12	1.491017122e-12	1.974283059e-12	2.494476361e-12
	3.044014929e-12	3.615573176e-12	4.201325002e-12	4.792613926e-12	5.380071333e-12
	5.954020561e-12	6.504949387e-12	7.02388097e-12	7.502577992e-12	7.933610616e-12
	8.310362674e-12	8.627042472e-12	8.878730155e-12	9.061459181e-12	9.172309994e-12
	9.209491386e-12	9.172392721e-12	9.061600167e-12	8.878877553e-12	8.627117464e-12
	8.310272822e-12	7.933284465e-12	7.50202238e-12	7.023250382e-12	6.504600518e-12
	5.954509142e-12	5.382041085e-12	4.796543118e-12	4.207147423e-12	3.622281587e-12
	3.049471523e-12	2.495741723e-12	1.968723169e-12	1.478160282e-12	1.037004376e-12
	6.609797471e-13	3.657293645e-13	1.615439783e-13	4.705601476e-14	4.556677202e-15
	-1.04581269e-43	-9.294160133e-44	4.118581129e-15	4.203801819e-14	1.438681789e-13
	3.251434455e-13	5.869487709e-13	9.203177236e-13	1.312035886e-12	1.749224126e-12
	2.221237556e-12	2.718913386e-12	3.232502862e-12	3.750327736e-12	4.260004385e-12
	4.752793352e-12	5.229407665e-12	5.703251139e-12	6.196091847e-12	6.723309292e-12
	7.271675008e-12	7.780214526e-12	8.139348168e-12	8.219690852e-12	7.927329347e-12
	7.262150075e-12	6.342938028e-12	5.372919928e-12	4.556129544e-12	4.013755232e-12
	3.749632551e-12	3.675268044e-12	3.668079303e-12	3.626582969e-12	3.499105888e-12
	3.282822501e-12	3.004464673e-12	2.697862768e-12	2.388853409e-12	2.090562867e-12
	1.806329426e-12	1.535434817e-12	1.277728074e-12	1.035417076e-12	8.122855116e-13
	6.116861258e-13	4.348632441e-13	2.807394961e-13	1.475163065e-13	3.549285334e-14
	-5.030697667e-14	-9.93636941e-14	-9.770115832e-14	-3.208250328e-14	1.057882462e-13
	3.171915939e-13	5.970686534e-13	9.365173505e-13	1.325575955e-12	1.755111297e-12
	2.217415286e-12	2.705800313e-12	3.213789978e-12	3.73443567e-12	4.260030226e-12
	4.782226673e-12	5.292408603e-12	5.782114814e-12	6.243367936e-12	6.668851959e-12
	7.051968727e-12	7.3868411e-12	7.668322073e-12	7.89203765e-12	8.054460398e-12
	8.152993573e-12	8.186043833e-12	8.153067826e-12	8.054586851e-12	7.892170159e-12
	7.668391434e-12	7.38676701e-12	7.051689485e-12	6.668373374e-12	6.24282327e-12
	5.781813924e-12	5.292839312e-12	4.783962457e-12	4.263509135e-12	3.739620427e-12
	3.219804107e-12	2.710745877e-12	2.218660135e-12	1.750284459e-12	1.314241119e-12
	9.220320629e-13	5.876627726e-13	3.250929382e-13	1.435220077e-13	4.175370022e-14
	4.020594156e-15	-9.304651045e-44	-8.142356018e-44	3.581964243e-15	3.673993235e-14
	1.258728565e-13	2.845862597e-13	5.137907822e-13	8.055680192e-13	1.148290616e-12
	1.530679613e-12	1.943492071e-12	2.37884731e-12	2.82835328e-12	3.281832315e-12
	3.728300427e-12	4.159759091e-12	4.576418481e-12	4.989843272e-12	5.419515996e-12
	5.880005695e-12	6.361004031e-12	6.809446862e-12	7.127615839e-12	7.198251774e-12
	6.934686884e-12	6.334979521e-12	5.506172804e-12	4.633264969e-12	3.901955662e-12
	3.421376467e-12	3.193016401e-12	3.134913904e-12	3.135713981e-12	3.104722459e-12
	2.996943619e-12	2.811095135e-12	2.571601291e-12	2.308422811e-12	2.04392788e-12
	1.789109023e-12	1.546445985e-12	1.31506001e-12	1.094753746e-12	8.875030164e-13
	6.966859329e-13	5.252585571e-13	3.742454243e-13	2.425477409e-13	1.283877781e-13
	3.186820944e-14	-4.262169506e-14	-8.567596009e-14	-8.471064148e-14	-2.778552792e-14
	9.25731385e-14	2.775115026e-13	5.225010979e-13	8.196257635e-13	1.160091736e-12
	1.535898142e-12	1.940334921e-12	2.367592996e-12	2.812031853e-12	3.267575649e-12
	3.727469756e-12	4.184395599e-12	4.630802834e-12	5.059283887e-12	5.46286039e-12
	5.835135566e-12	6.170340774e-12	6.463336552e-12	6.709620205e-12	6.9053639e-12
	7.047479904e-12	7.133694856e-12	7.16261369e-12	7.133760517e-12	7.047591644e-12
	6.905481241e-12	6.709683254e-12	6.463276573e-12	6.170105324e-12	5.834729607e-12
	5.462397273e-12	5.059028751e-12	4.631177169e-12	4.185901789e-12	3.730501372e-12
	3.27211788e-12	2.817333752e-12	2.371996125e-12	1.941519765e-12	1.53176453e-12
	1.150243476e-12	8.070111959e-13	5.143424358e-13	2.844929001e-13	1.255526075e-13
	3.649223962e-14	3.499311926e-15	-8.148351083e-44	-6.987014451e-44	3.05892751e-15
	3.14766036e-14	1.079152898e-13	2.440411971e-13	4.406021634e-13	6.907556115e-13
	9.844885517e-13	1.312128595e-12	1.665807324e-12	2.038870427e-12	2.424227992e-12
	2.813195849e-12	3.196267329e-12	3.566336487e-12	3.923251055e-12	4.276730689e-12
	4.643727441e-12	5.037582304e-12	5.450585155e-12	5.837708849e-12	6.11385615e-12
	6.175078791e-12	5.942973937e-12	5.41396263e-12	4.68241254e-12	3.91336135e-12
	3.272443918e-12	2.855805741e-12	2.662787363e-12	2.618989262e-12	2.625483207e-12
	2.603142022e-12	2.513795202e-12	2.35740458e-12	2.155692145e-12	1.934525957e-12
	1.712821414e-12	1.499600997e-12	1.296664804e-12	1.103082477e-12	9.186349877e-13
	7.450387769e-13	5.852304595e-13	4.417572659e-13	3.154488896e-13	2.052408542e-13
	1.094400695e-13	2.799366848e-14	-3.535094545e-14	-7.23628926e-14	-7.194786105e-14
	-2.356061128e-14	7.938481967e-14	2.378828001e-13	4.479576914e-13	7.027175979e-13
	9.945669123e-13	1.31664692e-12	1.663237479e-12	2.029392775e-12	2.410296321e-12
	2.800741431e-12	3.194929389e-12	3.58657613e-12	3.969202344e-12	4.336456176e-12
	4.682357759e-12	5.001427734e-12	5.288725133e-12	5.539847007e-12	5.750934644e-12
	5.918706632e-12	6.040515447e-12	6.114411617e-12	6.139198726e-12	6.114468524e-12
	6.040612235e-12	5.9188085e-12	5.750990746e-12	5.539799618e-12	5.288530548e-12
	5.001090195e-12	4.681971943e-12	4.336244589e-12	3.969521737e-12	3.58785704e-12
	3.197516795e-12	2.804636759e-12	2.414869325e-12	2.033224765e-12	1.664327576e-12
	1.313173579e-12	9.861776435e-13	6.919484231e-13	4.410193746e-13	2.439243275e-13
	1.076284326e-13	3.126582473e-14	2.990701677e-15	-6.989659818e-44	-5.828628986e-44
	2.5474598e-15	2.624280907e-14	8.998965591e-14	2.035061441e-13	3.673872268e-13
	5.75889604e-13	8.206374148e-13	1.093570377e-12	1.388172828e-12	1.698971602e-12
	2.020131853e-12	2.34445023e-12	2.663954082e-12	2.972558753e-12	3.269888396e-12
	3.563843764e-12	3.868648532e-12	4.196017863e-12	4.540481359e-12	4.865102664e-12
	5.098118875e-12	5.150107851e-12	4.952042299e-12	4.498971449e-12	3.871642025e-12
	3.213306836e-12	2.667713042e-12	2.317078827e-12	2.158869074e-12	2.127367545e-12
	2.137302236e-12	2.121844063e-12	2.049722449e-12	1.921807584e-12	1.756744282e-12
	1.576132154e-12	1.395481706e-12	1.222007661e-12	1.05698641e-12	8.995238427e-13
	7.493982602e-13	6.080464959e-13	4.779372599e-13	3.612010317e-13	2.584958432e-13
	1.688434514e-13	9.069723543e-14	2.389058657e-14	-2.847636982e-14	-5.940874787e-14
	-5.940015211e-14	-1.939953695e-14	6.622629003e-14	1.983045345e-13	3.73436547e-13
	5.857928876e-13	8.290042333e-13	1.097361542e-12	1.386125572e-12	1.691199438e-12
	2.008580623e-12	2.333929234e-12	2.6624059e-12	2.988766347e-12	3.307606334e-12
	3.613631323e-12	3.901859477e-12	4.167727362e-12	4.407120148e-12	4.616370423e-12
	4.792263157e-12	4.932063569e-12	5.033564778e-12	5.095141641e-12	5.115796725e-12
	5.095189593e-12	5.033646318e-12	4.932149612e-12	4.792311685e-12	4.616334209e-12
	4.40696372e-12	4.16745431e-12	3.901546923e-12	3.613461089e-12	3.307872009e-12
	2.989826045e-12	2.664552231e-12	2.337173995e-12	2.012409737e-12	1.694434506e-12
	1.38709069e-12	1.094521776e-12	8.22053692e-13	5.768501272e-13	3.676941249e-13
	2.03382467e-13	8.974249244e-14	2.606897012e-14	2.492763204e-15	-5.828972843e-44
	-4.667680647e-44	2.045618806e-15	2.10335124e-14	7.209034277e-14	1.629790662e-13
	2.941502254e-13	4.60979223e-13	6.567456352e-13	8.750052893e-13	1.11057798e-12
	1.35913685e-12	1.616065042e-12	1.8756256e-12	2.131416005e-12	2.378471947e-12
	2.616321857e-12	2.851104752e-12	3.094178694e-12	3.35527285e-12	3.630763119e-12
	3.891762426e-12	4.080481699e-12	4.123268983e-12	3.961705027e-12	3.589840962e-12
	3.073846111e-12	2.533236381e-12	2.087920609e-12	1.805237501e-12	1.681157333e-12
	1.659890307e-12	1.67107892e-12	1.660849388e-12	1.604810229e-12	1.504369066e-12
	1.374756316e-12	1.233188329e-12	1.091850044e-12	9.562998327e-13	8.274164255e-13
	7.044088468e-13	5.870698706e-13	4.765465056e-13	3.748230685e-13	2.836084832e-13
	2.034092525e-13	1.333807862e-13	7.218303082e-14	1.957918573e-14	-2.198064101e-14
	-4.679779463e-14	-4.705385259e-14	-1.529301065e-14	5.310077958e-14	1.587750586e-13
	2.989349136e-13	4.688514223e-13	6.634069351e-13	8.78046618e-13	1.109002158e-12
	1.353012649e-12	1.60688166e-12	1.867135038e-12	2.129896036e-12	2.39096443e-12
	2.646014103e-12	2.890809009e-12	3.121364977e-12	3.33403333e-12	3.525524151e-12
	3.692904748e-12	3.833603505e-12	3.945432429e-12	4.026625647e-12	4.075882721e-12
	4.092405494e-12	4.075921494e-12	4.026691591e-12	3.945502234e-12	3.833643809e-12
	3.692878378e-12	3.525403406e-12	3.333821175e-12	3.121121927e-12	2.890677945e-12
	2.64622695e-12	2.391806536e-12	2.131604397e-12	1.869726493e-12	1.609953998e-12
	1.355628229e-12	1.109816354e-12	8.758192618e-13	6.57881507e-13	4.617224771e-13
	2.943671471e-13	1.628627076e-13	7.188808379e-14	2.089644914e-14	2.003598752e-15
	-4.666656799e-44	-3.504657753e-44	1.551503856e-15	1.584382796e-14	5.421198282e-14
	1.224581171e-13	2.208953633e-13	3.460334921e-13	4.928218096e-13	6.564346476e-13
	8.330132183e-13	1.019351023e-12	1.212022983e-12	1.406747114e-12	1.598711014e-12
	1.784136135e-12	1.962558282e-12	2.13843356e-12	2.320190221e-12	2.515277512e-12
	2.721502031e-12	2.917863055e-12	3.061066543e-12	3.094490684e-12	2.97172188e-12
	2.686352305e-12	2.289009718e-12	1.873338911e-12	1.533277603e-12	1.320325162e-12
	1.229503775e-12	1.216358377e-12	1.22672008e-12	1.22020915e-12	1.17917067e-12
	1.105156371e-12	1.009711321e-12	9.056272227e-13	8.0186497e-13	7.024534429e-13
	6.079656736e-13	5.177638118e-13	4.316749134e-13	3.505572487e-13	2.759034614e-13
	2.089983225e-13	1.502130899e-13	9.887901619e-14	5.392091762e-14	1.507817826e-14
	-1.584785251e-14	-3.451429984e-14	-3.489389147e-14	-1.123029891e-14	4.001164969e-14
	1.192916295e-13	2.244489455e-13	3.518928904e-13	4.977790377e-13	6.587075739e-13
	8.318704134e-13	1.014831752e-12	1.205195944e-12	1.400354671e-12	1.597396608e-12
	1.793168673e-12	1.984425011e-12	2.167988923e-12	2.340873675e-12	2.500344506e-12
	2.643935468e-12	2.769447924e-12	2.874953437e-12	2.958810922e-12	3.019695803e-12
	3.05663266e-12	3.069022854e-12	3.056662007e-12	3.019745753e-12	2.958864005e-12
	2.87498482e-12	2.76943013e-12	2.643848177e-12	2.500190056e-12	2.340696735e-12
	2.167894888e-12	1.984585493e-12	1.793796159e-12	1.59866992e-12	1.402291137e-12
	1.207501202e-12	1.016808954e-12	8.325119126e-13	6.570761452e-13	4.936708234e-13
	3.465714735e-13	2.210388456e-13	1.223605561e-13	5.405873325e-14	1.574323976e-14
	1.521391108e-15	-3.503056002e-44	-2.34006305e-44	1.063230713e-15	1.066896189e-14
	3.634941929e-14	8.194170818e-14	1.476269249e-13	2.310611627e-13	3.28874189e-13
	4.37860156e-13	5.554704707e-13	6.795999159e-13	8.079982138e-13	9.378327936e-13
	1.065893197e-12	1.189622142e-12	1.308628144e-12	1.425761447e-12	1.54652828e-12
	1.675911698e-12	1.812753795e-12	1.943631618e-12	2.040068998e-12	2.063712464e-12
	1.981776382e-12	1.788197863e-12	1.517117824e-12	1.233892222e-12	1.004071352e-12
	8.62374295e-13	8.036864506e-13	7.965205117e-13	8.041485151e-13	8.00024994e-13
	7.729431327e-13	7.242255838e-13	6.615687538e-13	5.933706923e-13	5.254686518e-13
	4.60451515e-13	3.986482419e-13	3.39614739e-13	2.832371305e-13	2.30095829e-13
	1.811928836e-13	1.373890558e-13	9.893253689e-14	6.536581564e-14	3.593432274e-14
	1.040421634e-14	-1.006435572e-14	-2.254253361e-14	-2.290295133e-14	-7.198665831e-15
	2.696212206e-14	7.984970715e-14	1.49973386e-13	2.349172549e-13	3.321258559e-13
	4.393507008e-13	5.547334099e-13	6.766555508e-13	8.035196481e-13	9.335839612e-13
	1.064904557e-12	1.195377453e-12	1.322838431e-12	1.445170741e-12	1.56038498e-12
	1.666659759e-12	1.762352426e-12	1.845997892e-12	1.916310697e-12	1.972196746e-12
	2.012772991e-12	2.037389269e-12	2.045646642e-12	2.037408931e-12	2.012806508e-12
	1.972232544e-12	1.916332392e-12	1.845987447e-12	1.762296611e-12	1.666560259e-12
	1.560271174e-12	1.445111671e-12	1.322946542e-12	1.195792488e-12	1.065745361e-12
	9.348648041e-13	8.050505094e-13	6.779798093e-13	5.551847792e-13	4.383025088e-13
	3.294312571e-13	2.31402987e-13	1.477095844e-13	8.187161192e-14	3.624814541e-14
	1.060447738e-14	1.044384808e-15	-2.338497914e-44	-1.17440964e-44	5.789197374e-16
	5.504165403e-15	1.849763253e-14	4.142847998e-14	7.434937899e-14	1.160708734e-13
	1.649105385e-13	2.192831978e-13	2.779425241e-13	3.398713826e-13	4.039836872e-13
	4.688952135e-13	5.330070388e-13	5.950007397e-13	6.545858578e-13	7.130534219e-13
	7.730315474e-13	8.36982224e-13	9.045062595e-13	9.693467199e-13	1.017829971e-12
	1.030924166e-12	9.914204879e-13	8.949149605e-13	7.581554461e-13	6.153292448e-13
	5.007208344e-13	4.313671382e-13	4.033381882e-13	4.000740188e-13	4.033549606e-13
	4.004716858e-13	3.862735593e-13	3.615991246e-13	3.302641843e-13	2.963406099e-13
	2.626126833e-13	2.302823257e-13	1.994779304e-13	1.699862519e-13	1.417801015e-13
	1.151791425e-13	9.070414884e-14	6.879765748e-14	4.959406773e-14	3.287212802e-14
	1.824739958e-14	5.570518967e-15	-4.620159442e-15	-1.086678443e-14	-1.106008895e-14
	-3.181991854e-15	1.395455118e-14	4.044120824e-14	7.550139269e-14	1.179259675e-13
	1.664546665e-13	2.199827245e-13	2.775935256e-13	3.384822483e-13	4.018488707e-13
	4.668188846e-13	5.324169189e-13	5.975891777e-13	6.612537438e-13	7.223541212e-13
	7.798982829e-13	8.329779583e-13	8.807733651e-13	9.225525949e-13	9.576730183e-13
	9.855875913e-13	1.005854955e-12	1.018150367e-12	1.022274709e-12	1.018160073e-12
	1.005871555e-12	9.856054593e-13	9.576841778e-13	9.225482971e-13	8.807472879e-13
	8.32931117e-13	7.798451095e-13	7.223280661e-13	6.613089849e-13	5.977930426e-13
	5.328272292e-13	4.674443631e-13	4.026011359e-13	3.391440064e-13	2.778424207e-13
	2.195084128e-13	1.651723352e-13	1.16222793e-13	7.437969867e-14	4.139154433e-14
	1.845015627e-14	5.475413034e-15	5.708695865e-16	-1.173297776e-44	  0
	  0	  0	  0	  0	  0
	  0	  0	  0	  0	  0
	  0	  0	  0	  0	  0
	  0	  0	  0	  0	  0
	  0	  0	  0	  0	  0
	  0	  0	  0	  0	  0
	  0	  0	  0	  0	  0
	  0	  0	  0	  0	  0
	  0	  0	  0	  0	  0
	  0	  0	  0	  0	  0
	  0	  0	  0	  0	  0
	  0	  0	  0	  0	  0
	  0	  0	  0	  0	  0
	  0	  0	  0	  0	  0
	  0	  0	  0	  0	  0
	  0	  0	  0	  0	  0
	  0	  0	  0	  0	  0
	  0	  0	  0	  0	  0
	  0	  0	  0	  0	  0
	  0	  0	  0	  0	  0
	