-30 0.05 -2.1522e-43
-29.4 0.05 1.16353e-14
-28.8 0.05 1.04404e-13
-28.2 0.05 3.46228e-13
-27.6 0.05 7.72834e-13
-27 0.05 1.38875e-12
-26.4 0.05 2.17656e-12
-25.8 0.05 3.10809e-12
-25.2 0.05 4.15279e-12
-24.6 0.05 5.28129e-12
-24 0.05 6.46525e-12
-23.4 0.05 7.67643e-12
-22.8 0.05 8.88819e-12
-22.2 0.05 1.00808e-11
-21.6 0.05 1.12487e-11
-21 0.05 1.24055e-11
-20.4 0.05 1.35799e-11
-19.8 0.05 1.47983e-11
-19.2 0.05 1.60578e-11
-18.6 0.05 1.72975e-11
-18 0.05 1.83849e-11
-17.4 0.05 1.91328e-11
-16.8 0.05 1.9352e-11
-16.2 0.05 1.89268e-11
-15.6 0.05 1.78835e-11
-15 0.05 1.64101e-11
-14.4 0.05 1.48052e-11
-13.8 0.05 1.33692e-11
-13.2 0.05 1.22965e-11
-12.6 0.05 1.16234e-11
-12 0.05 1.12483e-11
-11.4 0.05 1.09995e-11
-10.8 0.05 1.0711e-11
-10.2 0.05 1.02746e-11
-9.6 0.05 9.65634e-12
-9 0.05 8.88271e-12
-8.4 0.05 8.01125e-12
-7.8 0.05 7.10227e-12
-7.2 0.05 6.20119e-12
-6.6 0.05 5.33385e-12
-6 0.05 4.51122e-12
-5.4 0.05 3.73733e-12
-4.8 0.05 3.01552e-12
-4.2 0.05 2.35085e-12
-3.6 0.05 1.74922e-12
-3 0.05 1.21545e-12
-2.4 0.05 7.52488e-13
-1.8 0.05 3.6289e-13
-1.2 0.05 5.21561e-14
-0.6 0.05 -1.68079e-13
0 0.05 -2.79225e-13
0.6 0.05 -2.58676e-13
1.2 0.05 -8.57316e-14
1.8 0.05 2.52346e-13
2.4 0.05 7.57008e-13
3 0.05 1.41887e-12
3.6 0.05 2.22091e-12
4.2 0.05 3.14263e-12
4.8 0.05 4.16332e-12
5.4 0.05 5.26383e-12
6 0.05 6.42669e-12
6.6 0.05 7.6352e-12
7.2 0.05 8.87241e-12
7.8 0.05 1.01203e-11
8.4 0.05 1.13597e-11
9 0.05 1.25708e-11
9.6 0.05 1.37337e-11
10.2 0.05 1.48295e-11
10.8 0.05 1.58406e-11
11.4 0.05 1.67511e-11
12 0.05 1.75469e-11
12.6 0.05 1.82157e-11
13.2 0.05 1.87472e-11
13.8 0.05 1.9133e-11
14.4 0.05 1.93669e-11
15 0.05 1.94454e-11
15.6 0.05 1.93671e-11
16.2 0.05 1.91332e-11
16.8 0.05 1.87475e-11
17.4 0.05 1.82158e-11
18 0.05 1.75466e-11
18.6 0.05 1.67501e-11
19.2 0.05 1.5839e-11
19.8 0.05 1.48278e-11
20.4 0.05 1.37327e-11
21 0.05 1.25719e-11
21.6 0.05 1.13642e-11
22.2 0.05 1.01288e-11
22.8 0.05 8.88432e-12
23.4 0.05 7.64777e-12
24 0.05 6.43508e-12
24.6 0.05 5.26204e-12
25.2 0.05 4.14646e-12
25.8 0.05 3.11054e-12
26.4 0.05 2.18222e-12
27 0.05 1.39361e-12
27.6 0.05 7.75342e-13
28.2 0.05 3.46752e-13
28.8 0.05 1.04086e-13
29.4 0.05 1.14021e-14
30 0.05 -2.16736e-43
-30 0.102632 -2.04661e-43
-29.4 0.102632 1.07632e-14
-28.8 0.102632 9.82648e-14
-28.2 0.102632 3.27334e-13
-27.6 0.102632 7.31949e-13
-27 0.102632 1.31613e-12
-26.4 0.102632 2.0629e-12
-25.8 0.102632 2.94527e-12
-25.2 0.102632 3.93435e-12
-24.6 0.102632 5.0028e-12
-24 0.102632 6.12442e-12
-23.4 0.102632 7.27283e-12
-22.8 0.102632 8.4225e-12
-22.2 0.102632 9.55373e-12
-21.6 0.102632 1.066e-11
-21 0.102632 1.17534e-11
-20.4 0.102632 1.28615e-11
-19.8 0.102632 1.40118e-11
-19.2 0.102632 1.5205e-11
-18.6 0.102632 1.63854e-11
-18 0.102632 1.74262e-11
-17.4 0.102632 1.81433e-11
-16.8 0.102632 1.83475e-11
-16.2 0.102632 1.79206e-11
-15.6 0.102632 1.68858e-11
-15 0.102632 1.54293e-11
-14.4 0.102632 1.38491e-11
-13.8 0.102632 1.24451e-11
-13.2 0.102632 1.14095e-11
-12.6 0.102632 1.07748e-11
-12 0.102632 1.04362e-11
-11.4 0.102632 1.02208e-11
-10.8 0.102632 9.96459e-12
-10.2 0.102632 9.56337e-12
-9.6 0.102632 8.98705e-12
-9 0.102632 8.26379e-12
-8.4 0.102632 7.4503e-12
-7.8 0.102632 6.60407e-12
-7.2 0.102632 5.76709e-12
-6.6 0.102632 4.96231e-12
-6 0.102632 4.1989e-12
-5.4 0.102632 3.48011e-12
-4.8 0.102632 2.80917e-12
-4.2 0.102632 2.19123e-12
-3.6 0.102632 1.63211e-12
-3 0.102632 1.1363e-12
-2.4 0.102632 7.06118e-13
-1.8 0.102632 3.43389e-13
-1.2 0.102632 5.28597e-14
-0.6 0.102632 -1.54448e-13
0 0.102632 -2.6036e-13
0.6 0.102632 -2.42508e-13
1.2 0.102632 -8.03052e-14
1.8 0.102632 2.38954e-13
2.4 0.102632 7.16793e-13
3 0.102632 1.34407e-12
3.6 0.102632 2.10429e-12
4.2 0.102632 2.97772e-12
4.8 0.102632 3.94464e-12
5.4 0.102632 4.987e-12
6 0.102632 6.08836e-12
6.6 0.102632 7.23307e-12
7.2 0.102632 8.40509e-12
7.8 0.102632 9.58735e-12
8.4 0.102632 1.07616e-11
9 0.102632 1.1909e-11
9.6 0.102632 1.30107e-11
10.2 0.102632 1.40489e-11
10.8 0.102632 1.50067e-11
11.4 0.102632 1.58693e-11
12 0.102632 1.66231e-11
12.6 0.102632 1.72567e-11
13.2 0.102632 1.77602e-11
13.8 0.102632 1.81256e-11
14.4 0.102632 1.83473e-11
15 0.102632 1.84217e-11
15.6 0.102632 1.83475e-11
16.2 0.102632 1.81259e-11
16.8 0.102632 1.77604e-11
17.4 0.102632 1.72568e-11
18 0.102632 1.66228e-11
18.6 0.102632 1.58684e-11
19.2 0.102632 1.50053e-11
19.8 0.102632 1.40473e-11
20.4 0.102632 1.30099e-11
21 0.102632 1.19101e-11
21.6 0.102632 1.07658e-11
22.2 0.102632 9.59542e-12
22.8 0.102632 8.41642e-12
23.4 0.102632 7.24514e-12
24 0.102632 6.09666e-12
24.6 0.102632 4.98584e-12
25.2 0.102632 3.92936e-12
25.8 0.102632 2.94805e-12
26.4 0.102632 2.06823e-12
27 0.102632 1.32044e-12
27.6 0.102632 7.34021e-13
28.2 0.102632 3.27633e-13
28.8 0.102632 9.78829e-14
29.4 0.102632 1.05272e-14
30 0.102632 -2.05984e-43
-30 0.155263 -1.93927e-43
-29.4 0.155263 9.94606e-15
-28.8 0.155263 9.22596e-14
-28.2 0.155263 3.08578e-13
-27.6 0.155263 6.91116e-13
-27 0.155263 1.24344e-12
-26.4 0.155263 1.94912e-12
-25.8 0.155263 2.78234e-12
-25.2 0.155263 3.71588e-12
-24.6 0.155263 4.72436e-12
-24 0.155263 5.7836e-12
-23.4 0.155263 6.86909e-12
-22.8 0.155263 7.95652e-12
-22.2 0.155263 9.02633e-12
-21.6 0.155263 1.00711e-11
-21 0.155263 1.11013e-11
-20.4 0.155263 1.21436e-11
-19.8 0.155263 1.32262e-11
-19.2 0.155263 1.4353e-11
-18.6 0.155263 1.54736e-11
-18 0.155263 1.64665e-11
-17.4 0.155263 1.71519e-11
-16.8 0.155263 1.73415e-11
-16.2 0.155263 1.69155e-11
-15.6 0.155263 1.58944e-11
-15 0.155263 1.44616e-11
-14.4 0.155263 1.29129e-11
-13.8 0.155263 1.15458e-11
-13.2 0.155263 1.05493e-11
-12.6 0.155263 9.95278e-12
-12 0.155263 9.64876e-12
-11.4 0.155263 9.46456e-12
-10.8 0.155263 9.23879e-12
-10.2 0.155263 8.87137e-12
-9.6 0.155263 8.33581e-12
-9 0.155263 7.66177e-12
-8.4 0.155263 6.90487e-12
-7.8 0.155263 6.11977e-12
-7.2 0.155263 5.34509e-12
-6.6 0.155263 4.60099e-12
-6 0.155263 3.89495e-12
-5.4 0.155263 3.22958e-12
-4.8 0.155263 2.60803e-12
-4.2 0.155263 2.03547e-12
-3.6 0.155263 1.51766e-12
-3 0.155263 1.05871e-12
-2.4 0.155263 6.60376e-13
-1.8 0.155263 3.23796e-13
-1.2 0.155263 5.30382e-14
-0.6 0.155263 -1.41473e-13
0 0.155263 -2.42045e-13
0.6 0.155263 -2.26668e-13
1.2 0.155263 -7.49927e-14
1.8 0.155263 2.25574e-13
2.4 0.155263 6.76617e-13
3 0.155263 1.26929e-12
3.6 0.155263 1.98764e-12
4.2 0.155263 2.81275e-12
4.8 0.155263 3.72592e-12
5.4 0.155263 4.71014e-12
6 0.155263 5.75006e-12
6.6 0.155263 6.83098e-12
7.2 0.155263 7.93782e-12
7.8 0.155263 9.05444e-12
8.4 0.155263 1.01636e-11
9 0.155263 1.12473e-11
9.6 0.155263 1.22878e-11
10.2 0.155263 1.32683e-11
10.8 0.155263 1.41729e-11
11.4 0.155263 1.49874e-11
12 0.155263 1.56994e-11
12.6 0.155263 1.62977e-11
13.2 0.155263 1.67732e-11
13.8 0.155263 1.71184e-11
14.4 0.155263 1.73277e-11
15 0.155263 1.7398e-11
15.6 0.155263 1.73279e-11
16.2 0.155263 1.71186e-11
16.8 0.155263 1.67735e-11
17.4 0.155263 1.62978e-11
18 0.155263 1.56991e-11
18.6 0.155263 1.49866e-11
19.2 0.155263 1.41715e-11
19.8 0.155263 1.32668e-11
20.4 0.155263 1.2287e-11
21 0.155263 1.12483e-11
21.6 0.155263 1.01675e-11
22.2 0.155263 9.06205e-12
22.8 0.155263 7.94856e-12
23.4 0.155263 6.84253e-12
24 0.155263 5.75821e-12
24.6 0.155263 4.70954e-12
25.2 0.155263 3.7121e-12
25.8 0.155263 2.78535e-12
26.4 0.155263 1.95408e-12
27 0.155263 1.24724e-12
27.6 0.155263 6.92797e-13
28.2 0.155263 3.08692e-13
28.8 0.155263 9.18347e-14
29.4 0.155263 9.71298e-15
30 0.155263 -1.95067e-43
-30 0.207895 -1.83053e-43
-29.4 0.207895 9.17501e-15
-28.8 0.207895 8.63682e-14
-28.2 0.207895 2.89942e-13
-27.6 0.207895 6.50328e-13
-27 0.207895 1.1707e-12
-26.4 0.207895 1.83522e-12
-25.8 0.207895 2.61932e-12
-25.2 0.207895 3.49741e-12
-24.6 0.207895 4.44596e-12
-24 0.207895 5.44281e-12
-23.4 0.207895 6.46525e-12
-22.8 0.207895 7.49025e-12
-22.2 0.207895 8.49851e-12
-21.6 0.207895 9.4818e-12
-21 0.207895 1.04491e-11
-20.4 0.207895 1.14261e-11
-19.8 0.207895 1.24414e-11
-19.2 0.207895 1.35017e-11
-18.6 0.207895 1.45618e-11
-18 0.207895 1.55059e-11
-17.4 0.207895 1.61587e-11
-16.8 0.207895 1.6334e-11
-16.2 0.207895 1.59117e-11
-15.6 0.207895 1.49093e-11
-15 0.207895 1.35071e-11
-14.4 0.207895 1.19966e-11
-13.8 0.207895 1.06712e-11
-13.2 0.207895 9.71607e-12
-12.6 0.207895 9.15725e-12
-12 0.207895 8.88602e-12
-11.4 0.207895 8.73078e-12
-10.8 0.207895 8.53354e-12
-10.2 0.207895 8.19851e-12
-9.6 0.207895 7.7026e-12
-9 0.207895 7.07665e-12
-8.4 0.207895 6.375e-12
-7.8 0.207895 5.64941e-12
-7.2 0.207895 4.93518e-12
-6.6 0.207895 4.24985e-12
-6 0.207895 3.59938e-12
-5.4 0.207895 2.98577e-12
-4.8 0.207895 2.41211e-12
-4.2 0.207895 1.88362e-12
-3.6 0.207895 1.4059e-12
-3 0.207895 9.82713e-13
-2.4 0.207895 6.15283e-13
-1.8 0.207895 3.04137e-13
-1.2 0.207895 5.27213e-14
-0.6 0.207895 -1.2913e-13
0 0.207895 -2.24266e-13
0.6 0.207895 -2.1115e-13
1.2 0.207895 -6.97953e-14
1.8 0.207895 2.12207e-13
2.4 0.207895 6.36484e-13
3 0.207895 1.19451e-12
3.6 0.207895 1.87095e-12
4.2 0.207895 2.64772e-12
4.8 0.207895 3.50714e-12
5.4 0.207895 4.43326e-12
6 0.207895 5.41176e-12
6.6 0.207895 6.42893e-12
7.2 0.207895 7.47061e-12
7.8 0.207895 8.52158e-12
8.4 0.207895 9.56553e-12
9 0.207895 1.05856e-11
9.6 0.207895 1.1565e-11
10.2 0.207895 1.24877e-11
10.8 0.207895 1.3339e-11
11.4 0.207895 1.41056e-11
12 0.207895 1.47757e-11
12.6 0.207895 1.53388e-11
13.2 0.207895 1.57863e-11
13.8 0.207895 1.61112e-11
14.4 0.207895 1.63082e-11
15 0.207895 1.63743e-11
15.6 0.207895 1.63084e-11
16.2 0.207895 1.61114e-11
16.8 0.207895 1.57865e-11
17.4 0.207895 1.53389e-11
18 0.207895 1.47754e-11
18.6 0.207895 1.41049e-11
19.2 0.207895 1.33378e-11
19.8 0.207895 1.24863e-11
20.4 0.207895 1.15642e-11
21 0.207895 1.05865e-11
21.6 0.207895 9.56924e-12
22.2 0.207895 8.52873e-12
22.8 0.207895 7.48075e-12
23.4 0.207895 6.43995e-12
24 0.207895 5.41973e-12
24.6 0.207895 4.43314e-12
25.2 0.207895 3.49467e-12
25.8 0.207895 2.62247e-12
26.4 0.207895 1.8398e-12
27 0.207895 1.174e-12
27.6 0.207895 6.51664e-13
28.2 0.207895 2.89906e-13
28.8 0.207895 8.59189e-14
29.4 0.207895 8.94961e-15
30 0.207895 -1.84021e-43
-30 0.260526 -1.72063e-43
-29.4 0.260526 8.44367e-15
-28.8 0.260526 8.05759e-14
-28.2 0.260526 2.71412e-13
-27.6 0.260526 6.09581e-13
-27 0.260526 1.0979e-12
-26.4 0.260526 1.72121e-12
-25.8 0.260526 2.45621e-12
-25.2 0.260526 3.27891e-12
-24.6 0.260526 4.16761e-12
-24 0.260526 5.10205e-12
-23.4 0.260526 6.06132e-12
-22.8 0.260526 7.02369e-12
-22.2 0.260526 7.97026e-12
-21.6 0.260526 8.89213e-12
-21 0.260526 9.79695e-12
-20.4 0.260526 1.0709e-11
-19.8 0.260526 1.16574e-11
-19.2 0.260526 1.26514e-11
-18.6 0.260526 1.36502e-11
-18 0.260526 1.45442e-11
-17.4 0.260526 1.51634e-11
-16.8 0.260526 1.5325e-11
-16.2 0.260526 1.49091e-11
-15.6 0.260526 1.39308e-11
-15 0.260526 1.25657e-11
-14.4 0.260526 1.11e-11
-13.8 0.260526 9.82117e-12
-13.2 0.260526 8.90961e-12
-12.6 0.260526 8.38829e-12
-12 0.260526 8.14802e-12
-11.4 0.260526 8.01946e-12
-10.8 0.260526 7.84877e-12
-10.2 0.260526 7.54471e-12
-9.6 0.260526 7.08738e-12
-9 0.260526 6.50843e-12
-8.4 0.260526 5.86072e-12
-7.8 0.260526 5.19299e-12
-7.2 0.260526 4.53736e-12
-6.6 0.260526 3.9089e-12
-6 0.260526 3.31216e-12
-5.4 0.260526 2.74866e-12
-4.8 0.260526 2.22143e-12
-4.2 0.260526 1.73569e-12
-3.6 0.260526 1.29685e-12
-3 0.260526 9.08331e-13
-2.4 0.260526 5.70864e-13
-1.8 0.260526 2.84438e-13
-1.2 0.260526 5.19369e-14
-0.6 0.260526 -1.17392e-13
0 0.260526 -2.07005e-13
0.6 0.260526 -1.9595e-13
1.2 0.260526 -6.47123e-14
1.8 0.260526 1.98851e-13
2.4 0.260526 5.96398e-13
3 0.260526 1.11975e-12
3.6 0.260526 1.75423e-12
4.2 0.260526 2.48264e-12
4.8 0.260526 3.28832e-12
5.4 0.260526 4.15637e-12
6 0.260526 5.07348e-12
6.6 0.260526 6.02691e-12
7.2 0.260526 7.00344e-12
7.8 0.260526 7.98876e-12
8.4 0.260526 8.96754e-12
9 0.260526 9.92389e-12
9.6 0.260526 1.08421e-11
10.2 0.260526 1.17071e-11
10.8 0.260526 1.25052e-11
11.4 0.260526 1.32238e-11
12 0.260526 1.3852e-11
12.6 0.260526 1.43799e-11
13.2 0.260526 1.47994e-11
13.8 0.260526 1.5104e-11
14.4 0.260526 1.52887e-11
15 0.260526 1.53507e-11
15.6 0.260526 1.52888e-11
16.2 0.260526 1.51042e-11
16.8 0.260526 1.47996e-11
17.4 0.260526 1.438e-11
18 0.260526 1.38517e-11
18.6 0.260526 1.32232e-11
19.2 0.260526 1.25041e-11
19.8 0.260526 1.17059e-11
20.4 0.260526 1.08414e-11
21 0.260526 9.92474e-12
21.6 0.260526 8.97099e-12
22.2 0.260526 7.99544e-12
22.8 0.260526 7.01298e-12
23.4 0.260526 6.03738e-12
24 0.260526 5.08122e-12
24.6 0.260526 4.15664e-12
25.2 0.260526 3.27708e-12
25.8 0.260526 2.45941e-12
26.4 0.260526 1.72539e-12
27 0.260526 1.10075e-12
27.6 0.260526 6.10616e-13
28.2 0.260526 2.71259e-13
28.8 0.260526 8.0118e-14
29.4 0.260526 8.22971e-15
30 0.260526 -1.72871e-43
-30 0.313158 -1.60974e-43
-29.4 0.313158 7.74719e-15
-28.8 0.313158 7.48711e-14
-28.2 0.313158 2.52975e-13
-27.6 0.313158 5.68869e-13
-27 0.313158 1.02505e-12
-26.4 0.313158 1.60708e-12
-25.8 0.313158 2.293e-12
-25.2 0.313158 3.0604e-12
-24.6 0.313158 3.88933e-12
-24 0.313158 4.76135e-12
-23.4 0.313158 5.65732e-12
-22.8 0.313158 6.55684e-12
-22.2 0.313158 7.44157e-12
-21.6 0.313158 8.30208e-12
-21 0.313158 9.1447e-12
-20.4 0.313158 9.99248e-12
-19.8 0.313158 1.08744e-11
-19.2 0.313158 1.18019e-11
-18.6 0.313158 1.27387e-11
-18 0.313158 1.35814e-11
-17.4 0.313158 1.41662e-11
-16.8 0.313158 1.43146e-11
-16.2 0.313158 1.39078e-11
-15.6 0.313158 1.29587e-11
-15 0.313158 1.16375e-11
-14.4 0.313158 1.0223e-11
-13.8 0.313158 8.99566e-12
-13.2 0.313158 8.12994e-12
-12.6 0.313158 7.64592e-12
-12 0.313158 7.4348e-12
-11.4 0.313158 7.3306e-12
-10.8 0.313158 7.18446e-12
-10.2 0.313158 6.90992e-12
-9.6 0.313158 6.4901e-12
-9 0.313158 5.95713e-12
-8.4 0.313158 5.36204e-12
-7.8 0.313158 4.75053e-12
-7.2 0.313158 4.15163e-12
-6.6 0.313158 3.57811e-12
-6 0.313158 3.0333e-12
-5.4 0.313158 2.51828e-12
-4.8 0.313158 2.03603e-12
-4.2 0.313158 1.5917e-12
-3.6 0.313158 1.19055e-12
-3 0.313158 8.35587e-13
-2.4 0.313158 5.27141e-13
-1.8 0.313158 2.64724e-13
-1.2 0.313158 5.07114e-14
-0.6 0.313158 -1.06238e-13
0 0.313158 -1.90248e-13
0.6 0.313158 -1.81059e-13
1.2 0.313158 -5.97419e-14
1.8 0.313158 1.85509e-13
2.4 0.313158 5.56359e-13
3 0.313158 1.04501e-12
3.6 0.313158 1.63748e-12
4.2 0.313158 2.3175e-12
4.8 0.313158 3.06944e-12
5.4 0.313158 3.87944e-12
6 0.313158 4.73521e-12
6.6 0.313158 5.62494e-12
7.2 0.313158 6.53631e-12
7.8 0.313158 7.45598e-12
8.4 0.313158 8.36957e-12
9 0.313158 9.26221e-12
9.6 0.313158 1.01192e-11
10.2 0.313158 1.09266e-11
10.8 0.313158 1.16714e-11
11.4 0.313158 1.23421e-11
12 0.313158 1.29283e-11
12.6 0.313158 1.3421e-11
13.2 0.313158 1.38126e-11
13.8 0.313158 1.40968e-11
14.4 0.313158 1.42692e-11
15 0.313158 1.43271e-11
15.6 0.313158 1.42694e-11
16.2 0.313158 1.4097e-11
16.8 0.313158 1.38128e-11
17.4 0.313158 1.34211e-11
18 0.313158 1.29281e-11
18.6 0.313158 1.23415e-11
19.2 0.313158 1.16704e-11
19.8 0.313158 1.09254e-11
20.4 0.313158 1.01186e-11
21 0.313158 9.26301e-12
21.6 0.313158 8.37277e-12
22.2 0.313158 7.4622e-12
22.8 0.313158 6.54525e-12
23.4 0.313158 5.63483e-12
24 0.313158 4.74267e-12
24.6 0.313158 3.88004e-12
25.2 0.313158 3.05934e-12
25.8 0.313158 2.2962e-12
26.4 0.313158 1.61088e-12
27 0.313158 1.02748e-12
27.6 0.313158 5.69645e-13
28.2 0.313158 2.52736e-13
28.8 0.313158 7.44178e-14
29.4 0.313158 7.54748e-15
30 0.313158 -1.61637e-43
-30 0.365789 -1.49799e-43
-29.4 0.365789 7.0817e-15
-28.8 0.365789 6.92445e-14
-28.2 0.365789 2.34623e-13
-27.6 0.365789 5.28189e-13
-27 0.365789 9.52146e-13
-26.4 0.365789 1.49286e-12
-25.8 0.365789 2.12971e-12
-25.2 0.365789 2.84188e-12
-24.6 0.365789 3.61111e-12
-24 0.365789 4.42071e-12
-23.4 0.365789 5.25325e-12
-22.8 0.365789 6.08972e-12
-22.2 0.365789 6.91243e-12
-21.6 0.365789 7.71161e-12
-21 0.365789 8.49238e-12
-20.4 0.365789 9.27642e-12
-19.8 0.365789 1.00924e-11
-19.2 0.365789 1.09532e-11
-18.6 0.365789 1.18273e-11
-18 0.365789 1.26175e-11
-17.4 0.365789 1.31669e-11
-16.8 0.365789 1.33026e-11
-16.2 0.365789 1.29078e-11
-15.6 0.365789 1.19932e-11
-15 0.365789 1.07224e-11
-14.4 0.365789 9.36568e-12
-13.8 0.365789 8.19462e-12
-13.2 0.365789 7.37705e-12
-12.6 0.365789 6.93014e-12
-12 0.365789 6.74637e-12
-11.4 0.365789 6.6642e-12
-10.8 0.365789 6.54058e-12
-10.2 0.365789 6.29411e-12
-9.6 0.365789 5.91076e-12
-9 0.365789 5.42274e-12
-8.4 0.365789 4.87897e-12
-7.8 0.365789 4.32204e-12
-7.2 0.365789 3.77798e-12
-6.6 0.365789 3.25748e-12
-6 0.365789 2.76278e-12
-5.4 0.365789 2.29462e-12
-4.8 0.365789 1.85591e-12
-4.2 0.365789 1.4517e-12
-3.6 0.365789 1.087e-12
-3 0.365789 7.64505e-13
-2.4 0.365789 4.84138e-13
-1.8 0.365789 2.45021e-13
-1.2 0.365789 4.90707e-14
-0.6 0.365789 -9.5643e-14
0 0.365789 -1.73978e-13
0.6 0.365789 -1.66469e-13
1.2 0.365789 -5.48815e-14
1.8 0.365789 1.7218e-13
2.4 0.365789 5.1637e-13
3 0.365789 9.70291e-13
3.6 0.365789 1.5207e-12
4.2 0.365789 2.15231e-12
4.8 0.365789 2.85051e-12
5.4 0.365789 3.6025e-12
6 0.365789 4.39695e-12
6.6 0.365789 5.223e-12
7.2 0.365789 6.06924e-12
7.8 0.365789 6.92324e-12
8.4 0.365789 7.77163e-12
9 0.365789 8.60055e-12
9.6 0.365789 9.39634e-12
10.2 0.365789 1.0146e-11
10.8 0.365789 1.08376e-11
11.4 0.365789 1.14603e-11
12 0.365789 1.20047e-11
12.6 0.365789 1.24622e-11
13.2 0.365789 1.28257e-11
13.8 0.365789 1.30897e-11
14.4 0.365789 1.32498e-11
15 0.365789 1.33035e-11
15.6 0.365789 1.32499e-11
16.2 0.365789 1.30899e-11
16.8 0.365789 1.28259e-11
17.4 0.365789 1.24622e-11
18 0.365789 1.20045e-11
18.6 0.365789 1.14598e-11
19.2 0.365789 1.08367e-11
19.8 0.365789 1.0145e-11
20.4 0.365789 9.39577e-12
21 0.365789 8.60128e-12
21.6 0.365789 7.77457e-12
22.2 0.365789 6.929e-12
22.8 0.365789 6.07756e-12
23.4 0.365789 5.23229e-12
24 0.365789 4.40409e-12
24.6 0.365789 3.60335e-12
25.2 0.365789 2.84146e-12
25.8 0.365789 2.13284e-12
26.4 0.365789 1.49626e-12
27 0.365789 9.54195e-13
27.6 0.365789 5.28745e-13
28.2 0.365789 2.34322e-13
28.8 0.365789 6.88062e-14
29.4 0.365789 6.89815e-15
30 0.365789 -1.50331e-43
-30 0.418421 -1.38547e-43
-29.4 0.418421 6.44399e-15
-28.8 0.418421 6.36883e-14
-28.2 0.418421 2.16348e-13
-27.6 0.418421 4.87537e-13
-27 0.418421 8.79196e-13
-26.4 0.418421 1.37853e-12
-25.8 0.418421 1.96633e-12
-25.2 0.418421 2.62336e-12
-24.6 0.418421 3.33297e-12
-24 0.418421 4.08016e-12
-23.4 0.418421 4.84914e-12
-22.8 0.418421 5.62233e-12
-22.2 0.418421 6.38283e-12
-21.6 0.418421 7.12071e-12
-21 0.418421 7.83999e-12
-20.4 0.418421 8.56086e-12
-19.8 0.418421 9.31123e-12
-19.2 0.418421 1.01054e-11
-18.6 0.418421 1.0916e-11
-18 0.418421 1.16523e-11
-17.4 0.418421 1.21656e-11
-16.8 0.418421 1.22891e-11
-16.2 0.418421 1.19092e-11
-15.6 0.418421 1.10341e-11
-15 0.418421 9.82036e-12
-14.4 0.418421 8.52794e-12
-13.8 0.418421 7.41802e-12
-13.2 0.418421 6.6509e-12
-12.6 0.418421 6.24094e-12
-12 0.418421 6.08272e-12
-11.4 0.418421 6.02024e-12
-10.8 0.418421 5.91709e-12
-10.2 0.418421 5.69725e-12
-9.6 0.418421 5.34933e-12
-9 0.418421 4.90525e-12
-8.4 0.418421 4.41152e-12
-7.8 0.418421 3.90751e-12
-7.2 0.418421 3.4164e-12
-6.6 0.418421 2.94699e-12
-6 0.418421 2.50061e-12
-5.4 0.418421 2.0777e-12
-4.8 0.418421 1.6811e-12
-4.2 0.418421 1.31571e-12
-3.6 0.418421 9.86257e-13
-3 0.418421 6.95111e-13
-2.4 0.418421 4.41878e-13
-1.8 0.418421 2.25353e-13
-1.2 0.418421 4.70394e-14
-0.6 0.418421 -8.55859e-14
0 0.418421 -1.58178e-13
0.6 0.418421 -1.52171e-13
1.2 0.418421 -5.01275e-14
1.8 0.418421 1.58866e-13
2.4 0.418421 4.76431e-13
3 0.418421 8.95596e-13
3.6 0.418421 1.40391e-12
4.2 0.418421 1.98706e-12
4.8 0.418421 2.63152e-12
5.4 0.418421 3.32553e-12
6 0.418421 4.05871e-12
6.6 0.418421 4.82109e-12
7.2 0.418421 5.6022e-12
7.8 0.418421 6.39053e-12
8.4 0.418421 7.17371e-12
9 0.418421 7.9389e-12
9.6 0.418421 8.67348e-12
10.2 0.418421 9.36546e-12
10.8 0.418421 1.00038e-11
11.4 0.418421 1.05786e-11
12 0.418421 1.1081e-11
12.6 0.418421 1.15033e-11
13.2 0.418421 1.18389e-11
13.8 0.418421 1.20826e-11
14.4 0.418421 1.22304e-11
15 0.418421 1.228e-11
15.6 0.418421 1.22305e-11
16.2 0.418421 1.20828e-11
16.8 0.418421 1.18391e-11
17.4 0.418421 1.15034e-11
18 0.418421 1.10809e-11
18.6 0.418421 1.05781e-11
19.2 0.418421 1.0003e-11
19.8 0.418421 9.36454e-12
20.4 0.418421 8.67297e-12
21 0.418421 7.93957e-12
21.6 0.418421 7.1764e-12
22.2 0.418421 6.39583e-12
22.8 0.418421 5.6099e-12
23.4 0.418421 4.82977e-12
24 0.418421 4.06548e-12
24.6 0.418421 3.32657e-12
25.2 0.418421 2.62345e-12
25.8 0.418421 1.96934e-12
26.4 0.418421 1.38156e-12
27 0.418421 8.80902e-13
27.6 0.418421 4.87909e-13
28.2 0.418421 2.16006e-13
28.8 0.418421 6.32728e-14
29.4 0.418421 6.27768e-15
30 0.418421 -1.38965e-43
-30 0.471053 -1.27228e-43
-29.4 0.471053 5.83126e-15
-28.8 0.471053 5.81956e-14
-28.2 0.471053 1.98141e-13
-27.6 0.471053 4.46909e-13
-27 0.471053 8.06198e-13
-26.4 0.471053 1.26411e-12
-25.8 0.471053 1.80287e-12
-25.2 0.471053 2.40483e-12
-24.6 0.471053 3.05492e-12
-24 0.471053 3.7397e-12
-23.4 0.471053 4.445e-12
-22.8 0.471053 5.15467e-12
-22.2 0.471053 5.85277e-12
-21.6 0.471053 6.52938e-12
-21 0.471053 7.18751e-12
-20.4 0.471053 7.84579e-12
-19.8 0.471053 8.53106e-12
-19.2 0.471053 9.25857e-12
-18.6 0.471053 1.00047e-11
-18 0.471053 1.0686e-11
-17.4 0.471053 1.11621e-11
-16.8 0.471053 1.12741e-11
-16.2 0.471053 1.09119e-11
-15.6 0.471053 1.00815e-11
-15 0.471053 8.93142e-12
-14.4 0.471053 7.70979e-12
-13.8 0.471053 6.66586e-12
-13.2 0.471053 5.95149e-12
-12.6 0.471053 5.57832e-12
-12 0.471053 5.44382e-12
-11.4 0.471053 5.39868e-12
-10.8 0.471053 5.31396e-12
-10.2 0.471053 5.11932e-12
-9.6 0.471053 4.80582e-12
-9 0.471053 4.40467e-12
-8.4 0.471053 3.95969e-12
-7.8 0.471053 3.50695e-12
-7.2 0.471053 3.06689e-12
-6.6 0.471053 2.64664e-12
-6 0.471053 2.24678e-12
-5.4 0.471053 1.86754e-12
-4.8 0.471053 1.51162e-12
-4.2 0.471053 1.18374e-12
-3.6 0.471053 8.88328e-13
-3 0.471053 6.27427e-13
-2.4 0.471053 4.00385e-13
-1.8 0.471053 2.05744e-13
-1.2 0.471053 4.46422e-14
-0.6 0.471053 -7.60448e-14
0 0.471053 -1.42833e-13
0.6 0.471053 -1.38156e-13
1.2 0.471053 -4.54757e-14
1.8 0.471053 1.45568e-13
2.4 0.471053 4.36543e-13
3 0.471053 8.20925e-13
3.6 0.471053 1.28709e-12
4.2 0.471053 1.82176e-12
4.8 0.471053 2.41249e-12
5.4 0.471053 3.04853e-12
6 0.471053 3.72047e-12
6.6 0.471053 4.41922e-12
7.2 0.471053 5.1352e-12
7.8 0.471053 5.85786e-12
8.4 0.471053 6.57581e-12
9 0.471053 7.27727e-12
9.6 0.471053 7.95063e-12
10.2 0.471053 8.58493e-12
10.8 0.471053 9.17006e-12
11.4 0.471053 9.69694e-12
12 0.471053 1.01575e-11
12.6 0.471053 1.05445e-11
13.2 0.471053 1.08522e-11
13.8 0.471053 1.10755e-11
14.4 0.471053 1.1211e-11
15 0.471053 1.12564e-11
15.6 0.471053 1.12111e-11
16.2 0.471053 1.10757e-11
16.8 0.471053 1.08524e-11
17.4 0.471053 1.05446e-11
18 0.471053 1.01573e-11
18.6 0.471053 9.69651e-12
19.2 0.471053 9.16934e-12
19.8 0.471053 8.58411e-12
20.4 0.471053 7.95018e-12
21 0.471053 7.27788e-12
21.6 0.471053 6.57826e-12
22.2 0.471053 5.8627e-12
22.8 0.471053 5.14229e-12
23.4 0.471053 4.42726e-12
24 0.471053 3.72684e-12
24.6 0.471053 3.0497e-12
25.2 0.471053 2.40532e-12
25.8 0.471053 1.80572e-12
26.4 0.471053 1.26678e-12
27 0.471053 8.076e-13
27.6 0.471053 4.47132e-13
28.2 0.471053 1.97777e-13
28.8 0.471053 5.78085e-14
29.4 0.471053 5.6826e-15
30 0.471053 -1.27546e-43
-30 0.523684 -1.1585e-43
-29.4 0.523684 5.24101e-15
-28.8 0.523684 5.27602e-14
-28.2 0.523684 1.79996e-13
-27.6 0.523684 4.06303e-13
-27 0.523684 7.33156e-13
-26.4 0.523684 1.1496e-12
-25.8 0.523684 1.63933e-12
-25.2 0.523684 2.1863e-12
-24.6 0.523684 2.77695e-12
-24 0.523684 3.39934e-12
-23.4 0.523684 4.04084e-12
-22.8 0.523684 4.68677e-12
-22.2 0.523684 5.32227e-12
-21.6 0.523684 5.93761e-12
-21 0.523684 6.53493e-12
-20.4 0.523684 7.13118e-12
-19.8 0.523684 7.75183e-12
-19.2 0.523684 8.41259e-12
-18.6 0.523684 9.09357e-12
-18 0.523684 9.71855e-12
-17.4 0.523684 1.01566e-11
-16.8 0.523684 1.02576e-11
-16.2 0.523684 9.91585e-12
-15.6 0.523684 9.13533e-12
-15 0.523684 8.05554e-12
-14.4 0.523684 6.91122e-12
-13.8 0.523684 5.93813e-12
-13.2 0.523684 5.27883e-12
-12.6 0.523684 4.94224e-12
-12 0.523684 4.82965e-12
-11.4 0.523684 4.7995e-12
-10.8 0.523684 4.73119e-12
-10.2 0.523684 4.56032e-12
-9.6 0.523684 4.28021e-12
-9 0.523684 3.92101e-12
-8.4 0.523684 3.52348e-12
-7.8 0.523684 3.12033e-12
-7.2 0.523684 2.72943e-12
-6.6 0.523684 2.35642e-12
-6 0.523684 2.00131e-12
-5.4 0.523684 1.66414e-12
-4.8 0.523684 1.3475e-12
-4.2 0.523684 1.05584e-12
-3.6 0.523684 7.93242e-13
-3 0.523684 5.61476e-13
-2.4 0.523684 3.59682e-13
-1.8 0.523684 1.86219e-13
-1.2 0.523684 4.19029e-14
-0.6 0.523684 -6.69984e-14
0 0.523684 -1.27926e-13
0.6 0.523684 -1.24413e-13
1.2 0.523684 -4.09213e-14
1.8 0.523684 1.32288e-13
2.4 0.523684 3.96708e-13
3 0.523684 7.4628e-13
3.6 0.523684 1.17025e-12
4.2 0.523684 1.65641e-12
4.8 0.523684 2.19341e-12
5.4 0.523684 2.77152e-12
6 0.523684 3.38224e-12
6.6 0.523684 4.01738e-12
7.2 0.523684 4.66825e-12
7.8 0.523684 5.32522e-12
8.4 0.523684 5.97793e-12
9 0.523684 6.61564e-12
9.6 0.523684 7.22779e-12
10.2 0.523684 7.8044e-12
10.8 0.523684 8.33631e-12
11.4 0.523684 8.81527e-12
12 0.523684 9.2339e-12
12.6 0.523684 9.58578e-12
13.2 0.523684 9.86544e-12
13.8 0.523684 1.00685e-11
14.4 0.523684 1.01916e-11
15 0.523684 1.0233e-11
15.6 0.523684 1.01917e-11
16.2 0.523684 1.00686e-11
16.8 0.523684 9.86561e-12
17.4 0.523684 9.58586e-12
18 0.523684 9.2338e-12
18.6 0.523684 8.81489e-12
19.2 0.523684 8.33568e-12
19.8 0.523684 7.80368e-12
20.4 0.523684 7.22739e-12
21 0.523684 6.61619e-12
21.6 0.523684 5.98014e-12
22.2 0.523684 5.32961e-12
22.8 0.523684 4.6747e-12
23.4 0.523684 4.02477e-12
24 0.523684 3.38817e-12
24.6 0.523684 2.77276e-12
25.2 0.523684 2.18707e-12
25.8 0.523684 1.64199e-12
26.4 0.523684 1.15192e-12
27 0.523684 7.34293e-13
27.6 0.523684 4.06407e-13
28.2 0.523684 1.79626e-13
28.8 0.523684 5.24054e-14
29.4 0.523684 5.10985e-15
30 0.523684 -1.16083e-43
-30 0.576316 -1.04419e-43
-29.4 0.576316 4.67087e-15
-28.8 0.576316 4.73763e-14
-28.2 0.576316 1.61907e-13
-27.6 0.576316 3.65715e-13
-27 0.576316 6.60072e-13
-26.4 0.576316 1.035e-12
-25.8 0.576316 1.47572e-12
-25.2 0.576316 1.96776e-12
-24.6 0.576316 2.49905e-12
-24 0.576316 3.05908e-12
-23.4 0.576316 3.63667e-12
-22.8 0.576316 4.21865e-12
-22.2 0.576316 4.79134e-12
-21.6 0.576316 5.34542e-12
-21 0.576316 5.88224e-12
-20.4 0.576316 6.41701e-12
-19.8 0.576316 6.97351e-12
-19.2 0.576316 7.5675e-12
-18.6 0.576316 8.18254e-12
-18 0.576316 8.74993e-12
-17.4 0.576316 9.14902e-12
-16.8 0.576316 9.23945e-12
-16.2 0.576316 8.92102e-12
-15.6 0.576316 8.19558e-12
-15 0.576316 7.19272e-12
-14.4 0.576316 6.13226e-12
-13.8 0.576316 5.23488e-12
-13.2 0.576316 4.63291e-12
-12.6 0.576316 4.33269e-12
-12 0.576316 4.24015e-12
-11.4 0.576316 4.22265e-12
-10.8 0.576316 4.16873e-12
-10.2 0.576316 4.02024e-12
-9.6 0.576316 3.77254e-12
-9 0.576316 3.45427e-12
-8.4 0.576316 3.10288e-12
-7.8 0.576316 2.74764e-12
-7.2 0.576316 2.40399e-12
-6.6 0.576316 2.07632e-12
-6 0.576316 1.76419e-12
-5.4 0.576316 1.46753e-12
-4.8 0.576316 1.18876e-12
-4.2 0.576316 9.32009e-13
-3.6 0.576316 7.01021e-13
-3 0.576316 4.97281e-13
-2.4 0.576316 3.19792e-13
-1.8 0.576316 1.66801e-13
-1.2 0.576316 3.88454e-14
-0.6 0.576316 -5.8426e-14
0 0.576316 -1.13442e-13
0.6 0.576316 -1.10931e-13
1.2 0.576316 -3.64589e-14
1.8 0.576316 1.19027e-13
2.4 0.576316 3.56924e-13
3 0.576316 6.71662e-13
3.6 0.576316 1.05339e-12
4.2 0.576316 1.49102e-12
4.8 0.576316 1.97428e-12
5.4 0.576316 2.49448e-12
6 0.576316 3.04401e-12
6.6 0.576316 3.61557e-12
7.2 0.576316 4.20133e-12
7.8 0.576316 4.79261e-12
8.4 0.576316 5.38007e-12
9 0.576316 5.95402e-12
9.6 0.576316 6.50495e-12
10.2 0.576316 7.02388e-12
10.8 0.576316 7.50258e-12
11.4 0.576316 7.93361e-12
12 0.576316 8.31036e-12
12.6 0.576316 8.62704e-12
13.2 0.576316 8.87873e-12
13.8 0.576316 9.06146e-12
14.4 0.576316 9.17231e-12
15 0.576316 9.20949e-12
15.6 0.576316 9.17239e-12
16.2 0.576316 9.0616e-12
16.8 0.576316 8.87888e-12
17.4 0.576316 8.62712e-12
18 0.576316 8.31027e-12
18.6 0.576316 7.93328e-12
19.2 0.576316 7.50202e-12
19.8 0.576316 7.02325e-12
20.4 0.576316 6.5046e-12
21 0.576316 5.95451e-12
21.6 0.576316 5.38204e-12
22.2 0.576316 4.79654e-12
22.8 0.576316 4.20715e-12
23.4 0.576316 3.62228e-12
24 0.576316 3.04947e-12
24.6 0.576316 2.49574e-12
25.2 0.576316 1.96872e-12
25.8 0.576316 1.47816e-12
26.4 0.576316 1.037e-12
27 0.576316 6.6098e-13
27.6 0.576316 3.65729e-13
28.2 0.576316 1.61544e-13
28.8 0.576316 4.7056e-14
29.4 0.576316 4.55668e-15
30 0.576316 -1.04581e-43
-30 0.628947 -9.29416e-44
-29.4 0.628947 4.11858e-15
-28.8 0.628947 4.2038e-14
-28.2 0.628947 1.43868e-13
-27.6 0.628947 3.25143e-13
-27 0.628947 5.86949e-13
-26.4 0.628947 9.20318e-13
-25.8 0.628947 1.31204e-12
-25.2 0.628947 1.74922e-12
-24.6 0.628947 2.22124e-12
-24 0.628947 2.71891e-12
-23.4 0.628947 3.2325e-12
-22.8 0.628947 3.75033e-12
-22.2 0.628947 4.26e-12
-21.6 0.628947 4.75279e-12
-21 0.628947 5.22941e-12
-20.4 0.628947 5.70325e-12
-19.8 0.628947 6.19609e-12
-19.2 0.628947 6.72331e-12
-18.6 0.628947 7.27168e-12
-18 0.628947 7.78021e-12
-17.4 0.628947 8.13935e-12
-16.8 0.628947 8.21969e-12
-16.2 0.628947 7.92733e-12
-15.6 0.628947 7.26215e-12
-15 0.628947 6.34294e-12
-14.4 0.628947 5.37292e-12
-13.8 0.628947 4.55613e-12
-13.2 0.628947 4.01376e-12
-12.6 0.628947 3.74963e-12
-12 0.628947 3.67527e-12
-11.4 0.628947 3.66808e-12
-10.8 0.628947 3.62658e-12
-10.2 0.628947 3.49911e-12
-9.6 0.628947 3.28282e-12
-9 0.628947 3.00446e-12
-8.4 0.628947 2.69786e-12
-7.8 0.628947 2.38885e-12
-7.2 0.628947 2.09056e-12
-6.6 0.628947 1.80633e-12
-6 0.628947 1.53543e-12
-5.4 0.628947 1.27773e-12
-4.8 0.628947 1.03542e-12
-4.2 0.628947 8.12286e-13
-3.6 0.628947 6.11686e-13
-3 0.628947 4.34863e-13
-2.4 0.628947 2.80739e-13
-1.8 0.628947 1.47516e-13
-1.2 0.628947 3.54929e-14
-0.6 0.628947 -5.0307e-14
0 0.628947 -9.93637e-14
0.6 0.628947 -9.77012e-14
1.2 0.628947 -3.20825e-14
1.8 0.628947 1.05788e-13
2.4 0.628947 3.17192e-13
3 0.628947 5.97069e-13
3.6 0.628947 9.36517e-13
4.2 0.628947 1.32558e-12
4.8 0.628947 1.75511e-12
5.4 0.628947 2.21742e-12
6 0.628947 2.7058e-12
6.6 0.628947 3.21379e-12
7.2 0.628947 3.73444e-12
7.8 0.628947 4.26003e-12
8.4 0.628947 4.78223e-12
9 0.628947 5.29241e-12
9.6 0.628947 5.78211e-12
10.2 0.628947 6.24337e-12
10.8 0.628947 6.66885e-12
11.4 0.628947 7.05197e-12
12 0.628947 7.38684e-12
12.6 0.628947 7.66832e-12
13.2 0.628947 7.89204e-12
13.8 0.628947 8.05446e-12
14.4 0.628947 8.15299e-12
15 0.628947 8.18604e-12
15.6 0.628947 8.15307e-12
16.2 0.628947 8.05459e-12
16.8 0.628947 7.89217e-12
17.4 0.628947 7.66839e-12
18 0.628947 7.38677e-12
18.6 0.628947 7.05169e-12
19.2 0.628947 6.66837e-12
19.8 0.628947 6.24282e-12
20.4 0.628947 5.78181e-12
21 0.628947 5.29284e-12
21.6 0.628947 4.78396e-12
22.2 0.628947 4.26351e-12
22.8 0.628947 3.73962e-12
23.4 0.628947 3.2198e-12
24 0.628947 2.71075e-12
24.6 0.628947 2.21866e-12
25.2 0.628947 1.75028e-12
25.8 0.628947 1.31424e-12
26.4 0.628947 9.22032e-13
27 0.628947 5.87663e-13
27.6 0.628947 3.25093e-13
28.2 0.628947 1.43522e-13
28.8 0.628947 4.17537e-14
29.4 0.628947 4.02059e-15
30 0.628947 -9.30465e-44
-30 0.681579 -8.14236e-44
-29.4 0.681579 3.58196e-15
-28.8 0.681579 3.67399e-14
-28.2 0.681579 1.25873e-13
-27.6 0.681579 2.84586e-13
-27 0.681579 5.13791e-13
-26.4 0.681579 8.05568e-13
-25.8 0.681579 1.14829e-12
-25.2 0.681579 1.53068e-12
-24.6 0.681579 1.94349e-12
-24 0.681579 2.37885e-12
-23.4 0.681579 2.82835e-12
-22.8 0.681579 3.28183e-12
-22.2 0.681579 3.7283e-12
-21.6 0.681579 4.15976e-12
-21 0.681579 4.57642e-12
-20.4 0.681579 4.98984e-12
-19.8 0.681579 5.41952e-12
-19.2 0.681579 5.88001e-12
-18.6 0.681579 6.361e-12
-18 0.681579 6.80945e-12
-17.4 0.681579 7.12762e-12
-16.8 0.681579 7.19825e-12
-16.2 0.681579 6.93469e-12
-15.6 0.681579 6.33498e-12
-15 0.681579 5.50617e-12
-14.4 0.681579 4.63326e-12
-13.8 0.681579 3.90196e-12
-13.2 0.681579 3.42138e-12
-12.6 0.681579 3.19302e-12
-12 0.681579 3.13491e-12
-11.4 0.681579 3.13571e-12
-10.8 0.681579 3.10472e-12
-10.2 0.681579 2.99694e-12
-9.6 0.681579 2.8111e-12
-9 0.681579 2.5716e-12
-8.4 0.681579 2.30842e-12
-7.8 0.681579 2.04393e-12
-7.2 0.681579 1.78911e-12
-6.6 0.681579 1.54645e-12
-6 0.681579 1.31506e-12
-5.4 0.681579 1.09475e-12
-4.8 0.681579 8.87503e-13
-4.2 0.681579 6.96686e-13
-3.6 0.681579 5.25259e-13
-3 0.681579 3.74245e-13
-2.4 0.681579 2.42548e-13
-1.8 0.681579 1.28388e-13
-1.2 0.681579 3.18682e-14
-0.6 0.681579 -4.26217e-14
0 0.681579 -8.5676e-14
0.6 0.681579 -8.47106e-14
1.2 0.681579 -2.77855e-14
1.8 0.681579 9.25731e-14
2.4 0.681579 2.77512e-13
3 0.681579 5.22501e-13
3.6 0.681579 8.19626e-13
4.2 0.681579 1.16009e-12
4.8 0.681579 1.5359e-12
5.4 0.681579 1.94033e-12
6 0.681579 2.36759e-12
6.6 0.681579 2.81203e-12
7.2 0.681579 3.26758e-12
7.8 0.681579 3.72747e-12
8.4 0.681579 4.1844e-12
9 0.681579 4.6308e-12
9.6 0.681579 5.05928e-12
10.2 0.681579 5.46286e-12
10.8 0.681579 5.83514e-12
11.4 0.681579 6.17034e-12
12 0.681579 6.46334e-12
12.6 0.681579 6.70962e-12
13.2 0.681579 6.90536e-12
13.8 0.681579 7.04748e-12
14.4 0.681579 7.13369e-12
15 0.681579 7.16261e-12
15.6 0.681579 7.13376e-12
16.2 0.681579 7.04759e-12
16.8 0.681579 6.90548e-12
17.4 0.681579 6.70968e-12
18 0.681579 6.46328e-12
18.6 0.681579 6.17011e-12
19.2 0.681579 5.83473e-12
19.8 0.681579 5.4624e-12
20.4 0.681579 5.05903e-12
21 0.681579 4.63118e-12
21.6 0.681579 4.1859e-12
22.2 0.681579 3.7305e-12
22.8 0.681579 3.27212e-12
23.4 0.681579 2.81733e-12
24 0.681579 2.372e-12
24.6 0.681579 1.94152e-12
25.2 0.681579 1.53176e-12
25.8 0.681579 1.15024e-12
26.4 0.681579 8.07011e-13
27 0.681579 5.14342e-13
27.6 0.681579 2.84493e-13
28.2 0.681579 1.25553e-13
28.8 0.681579 3.64922e-14
29.4 0.681579 3.49931e-15
30 0.681579 -8.14835e-44
-30 0.734211 -6.98701e-44
-29.4 0.734211 3.05893e-15
-28.8 0.734211 3.14766e-14
-28.2 0.734211 1.07915e-13
-27.6 0.734211 2.44041e-13
-27 0.734211 4.40602e-13
-26.4 0.734211 6.90756e-13
-25.8 0.734211 9.84489e-13
-25.2 0.734211 1.31213e-12
-24.6 0.734211 1.66581e-12
-24 0.734211 2.03887e-12
-23.4 0.734211 2.42423e-12
-22.8 0.734211 2.8132e-12
-22.2 0.734211 3.19627e-12
-21.6 0.734211 3.56634e-12
-21 0.734211 3.92325e-12
-20.4 0.734211 4.27673e-12
-19.8 0.734211 4.64373e-12
-19.2 0.734211 5.03758e-12
-18.6 0.734211 5.45059e-12
-18 0.734211 5.83771e-12
-17.4 0.734211 6.11386e-12
-16.8 0.734211 6.17508e-12
-16.2 0.734211 5.94297e-12
-15.6 0.734211 5.41396e-12
-15 0.734211 4.68241e-12
-14.4 0.734211 3.91336e-12
-13.8 0.734211 3.27244e-12
-13.2 0.734211 2.85581e-12
-12.6 0.734211 2.66279e-12
-12 0.734211 2.61899e-12
-11.4 0.734211 2.62548e-12
-10.8 0.734211 2.60314e-12
-10.2 0.734211 2.5138e-12
-9.6 0.734211 2.3574e-12
-9 0.734211 2.15569e-12
-8.4 0.734211 1.93453e-12
-7.8 0.734211 1.71282e-12
-7.2 0.734211 1.4996e-12
-6.6 0.734211 1.29666e-12
-6 0.734211 1.10308e-12
-5.4 0.734211 9.18635e-13
-4.8 0.734211 7.45039e-13
-4.2 0.734211 5.8523e-13
-3.6 0.734211 4.41757e-13
-3 0.734211 3.15449e-13
-2.4 0.734211 2.05241e-13
-1.8 0.734211 1.0944e-13
-1.2 0.734211 2.79937e-14
-0.6 0.734211 -3.53509e-14
0 0.734211 -7.23629e-14
0.6 0.734211 -7.19479e-14
1.2 0.734211 -2.35606e-14
1.8 0.734211 7.93848e-14
2.4 0.734211 2.37883e-13
3 0.734211 4.47958e-13
3.6 0.734211 7.02718e-13
4.2 0.734211 9.94567e-13
4.8 0.734211 1.31665e-12
5.4 0.734211 1.66324e-12
6 0.734211 2.02939e-12
6.6 0.734211 2.4103e-12
7.2 0.734211 2.80074e-12
7.8 0.734211 3.19493e-12
8.4 0.734211 3.58658e-12
9 0.734211 3.9692e-12
9.6 0.734211 4.33646e-12
10.2 0.734211 4.68236e-12
10.8 0.734211 5.00143e-12
11.4 0.734211 5.28873e-12
12 0.734211 5.53985e-12
12.6 0.734211 5.75093e-12
13.2 0.734211 5.91871e-12
13.8 0.734211 6.04052e-12
14.4 0.734211 6.11441e-12
15 0.734211 6.1392e-12
15.6 0.734211 6.11447e-12
16.2 0.734211 6.04061e-12
16.8 0.734211 5.91881e-12
17.4 0.734211 5.75099e-12
18 0.734211 5.5398e-12
18.6 0.734211 5.28853e-12
19.2 0.734211 5.00109e-12
19.8 0.734211 4.68197e-12
20.4 0.734211 4.33624e-12
21 0.734211 3.96952e-12
21.6 0.734211 3.58786e-12
22.2 0.734211 3.19752e-12
22.8 0.734211 2.80464e-12
23.4 0.734211 2.41487e-12
24 0.734211 2.03322e-12
24.6 0.734211 1.66433e-12
25.2 0.734211 1.31317e-12
25.8 0.734211 9.86178e-13
26.4 0.734211 6.91948e-13
27 0.734211 4.41019e-13
27.6 0.734211 2.43924e-13
28.2 0.734211 1.07628e-13
28.8 0.734211 3.12658e-14
29.4 0.734211 2.9907e-15
30 0.734211 -6.98966e-44
-30 0.786842 -5.82863e-44
-29.4 0.786842 2.54746e-15
-28.8 0.786842 2.62428e-14
-28.2 0.786842 8.99897e-14
-27.6 0.786842 2.03506e-13
-27 0.786842 3.67387e-13
-26.4 0.786842 5.7589e-13
-25.8 0.786842 8.20637e-13
-25.2 0.786842 1.09357e-12
-24.6 0.786842 1.38817e-12
-24 0.786842 1.69897e-12
-23.4 0.786842 2.02013e-12
-22.8 0.786842 2.34445e-12
-22.2 0.786842 2.66395e-12
-21.6 0.786842 2.97256e-12
-21 0.786842 3.26989e-12
-20.4 0.786842 3.56384e-12
-19.8 0.786842 3.86865e-12
-19.2 0.786842 4.19602e-12
-18.6 0.786842 4.54048e-12
-18 0.786842 4.8651e-12
-17.4 0.786842 5.09812e-12
-16.8 0.786842 5.15011e-12
-16.2 0.786842 4.95204e-12
-15.6 0.786842 4.49897e-12
-15 0.786842 3.87164e-12
-14.4 0.786842 3.21331e-12
-13.8 0.786842 2.66771e-12
-13.2 0.786842 2.31708e-12
-12.6 0.786842 2.15887e-12
-12 0.786842 2.12737e-12
-11.4 0.786842 2.1373e-12
-10.8 0.786842 2.12184e-12
-10.2 0.786842 2.04972e-12
-9.6 0.786842 1.92181e-12
-9 0.786842 1.75674e-12
-8.4 0.786842 1.57613e-12
-7.8 0.786842 1.39548e-12
-7.2 0.786842 1.22201e-12
-6.6 0.786842 1.05699e-12
-6 0.786842 8.99524e-13
-5.4 0.786842 7.49398e-13
-4.8 0.786842 6.08046e-13
-4.2 0.786842 4.77937e-13
-3.6 0.786842 3.61201e-13
-3 0.786842 2.58496e-13
-2.4 0.786842 1.68843e-13
-1.8 0.786842 9.06972e-14
-1.2 0.786842 2.38906e-14
-0.6 0.786842 -2.84764e-14
0 0.786842 -5.94087e-14
0.6 0.786842 -5.94002e-14
1.2 0.786842 -1.93995e-14
1.8 0.786842 6.62263e-14
2.4 0.786842 1.98305e-13
3 0.786842 3.73437e-13
3.6 0.786842 5.85793e-13
4.2 0.786842 8.29004e-13
4.8 0.786842 1.09736e-12
5.4 0.786842 1.38613e-12
6 0.786842 1.6912e-12
6.6 0.786842 2.00858e-12
7.2 0.786842 2.33393e-12
7.8 0.786842 2.66241e-12
8.4 0.786842 2.98877e-12
9 0.786842 3.30761e-12
9.6 0.786842 3.61363e-12
10.2 0.786842 3.90186e-12
10.8 0.786842 4.16773e-12
11.4 0.786842 4.40712e-12
12 0.786842 4.61637e-12
12.6 0.786842 4.79226e-12
13.2 0.786842 4.93206e-12
13.8 0.786842 5.03356e-12
14.4 0.786842 5.09514e-12
15 0.786842 5.1158e-12
15.6 0.786842 5.09519e-12
16.2 0.786842 5.03365e-12
16.8 0.786842 4.93215e-12
17.4 0.786842 4.79231e-12
18 0.786842 4.61633e-12
18.6 0.786842 4.40696e-12
19.2 0.786842 4.16745e-12
19.8 0.786842 3.90155e-12
20.4 0.786842 3.61346e-12
21 0.786842 3.30787e-12
21.6 0.786842 2.98983e-12
22.2 0.786842 2.66455e-12
22.8 0.786842 2.33717e-12
23.4 0.786842 2.01241e-12
24 0.786842 1.69443e-12
24.6 0.786842 1.38709e-12
25.2 0.786842 1.09452e-12
25.8 0.786842 8.22054e-13
26.4 0.786842 5.7685e-13
27 0.786842 3.67694e-13
27.6 0.786842 2.03382e-13
28.2 0.786842 8.97425e-14
28.8 0.786842 2.6069e-14
29.4 0.786842 2.49276e-15
30 0.786842 -5.82897e-44
-30 0.839474 -4.66768e-44
-29.4 0.839474 2.04562e-15
-28.8 0.839474 2.10335e-14
-28.2 0.839474 7.20903e-14
-27.6 0.839474 1.62979e-13
-27 0.839474 2.9415e-13
-26.4 0.839474 4.60979e-13
-25.8 0.839474 6.56746e-13
-25.2 0.839474 8.75005e-13
-24.6 0.839474 1.11058e-12
-24 0.839474 1.35914e-12
-23.4 0.839474 1.61607e-12
-22.8 0.839474 1.87563e-12
-22.2 0.839474 2.13142e-12
-21.6 0.839474 2.37847e-12
-21 0.839474 2.61632e-12
-20.4 0.839474 2.8511e-12
-19.8 0.839474 3.09418e-12
-19.2 0.839474 3.35527e-12
-18.6 0.839474 3.63076e-12
-18 0.839474 3.89176e-12
-17.4 0.839474 4.08048e-12
-16.8 0.839474 4.12327e-12
-16.2 0.839474 3.96171e-12
-15.6 0.839474 3.58984e-12
-15 0.839474 3.07385e-12
-14.4 0.839474 2.53324e-12
-13.8 0.839474 2.08792e-12
-13.2 0.839474 1.80524e-12
-12.6 0.839474 1.68116e-12
-12 0.839474 1.65989e-12
-11.4 0.839474 1.67108e-12
-10.8 0.839474 1.66085e-12
-10.2 0.839474 1.60481e-12
-9.6 0.839474 1.50437e-12
-9 0.839474 1.37476e-12
-8.4 0.839474 1.23319e-12
-7.8 0.839474 1.09185e-12
-7.2 0.839474 9.563e-13
-6.6 0.839474 8.27416e-13
-6 0.839474 7.04409e-13
-5.4 0.839474 5.8707e-13
-4.8 0.839474 4.76547e-13
-4.2 0.839474 3.74823e-13
-3.6 0.839474 2.83608e-13
-3 0.839474 2.03409e-13
-2.4 0.839474 1.33381e-13
-1.8 0.839474 7.2183e-14
-1.2 0.839474 1.95792e-14
-0.6 0.839474 -2.19806e-14
0 0.839474 -4.67978e-14
0.6 0.839474 -4.70539e-14
1.2 0.839474 -1.5293e-14
1.8 0.839474 5.31008e-14
2.4 0.839474 1.58775e-13
3 0.839474 2.98935e-13
3.6 0.839474 4.68851e-13
4.2 0.839474 6.63407e-13
4.8 0.839474 8.78047e-13
5.4 0.839474 1.109e-12
6 0.839474 1.35301e-12
6.6 0.839474 1.60688e-12
7.2 0.839474 1.86714e-12
7.8 0.839474 2.1299e-12
8.4 0.839474 2.39096e-12
9 0.839474 2.64601e-12
9.6 0.839474 2.89081e-12
10.2 0.839474 3.12136e-12
10.8 0.839474 3.33403e-12
11.4 0.839474 3.52552e-12
12 0.839474 3.6929e-12
12.6 0.839474 3.8336e-12
13.2 0.839474 3.94543e-12
13.8 0.839474 4.02663e-12
14.4 0.839474 4.07588e-12
15 0.839474 4.09241e-12
15.6 0.839474 4.07592e-12
16.2 0.839474 4.02669e-12
16.8 0.839474 3.9455e-12
17.4 0.839474 3.83364e-12
18 0.839474 3.69288e-12
18.6 0.839474 3.5254e-12
19.2 0.839474 3.33382e-12
19.8 0.839474 3.12112e-12
20.4 0.839474 2.89068e-12
21 0.839474 2.64623e-12
21.6 0.839474 2.39181e-12
22.2 0.839474 2.1316e-12
22.8 0.839474 1.86973e-12
23.4 0.839474 1.60995e-12
24 0.839474 1.35563e-12
24.6 0.839474 1.10982e-12
25.2 0.839474 8.75819e-13
25.8 0.839474 6.57882e-13
26.4 0.839474 4.61722e-13
27 0.839474 2.94367e-13
27.6 0.839474 1.62863e-13
28.2 0.839474 7.18881e-14
28.8 0.839474 2.08964e-14
29.4 0.839474 2.0036e-15
30 0.839474 -4.66666e-44
-30 0.892105 -3.50466e-44
-29.4 0.892105 1.5515e-15
-28.8 0.892105 1.58438e-14
-28.2 0.892105 5.4212e-14
-27.6 0.892105 1.22458e-13
-27 0.892105 2.20895e-13
-26.4 0.892105 3.46033e-13
-25.8 0.892105 4.92822e-13
-25.2 0.892105 6.56435e-13
-24.6 0.892105 8.33013e-13
-24 0.892105 1.01935e-12
-23.4 0.892105 1.21202e-12
-22.8 0.892105 1.40675e-12
-22.2 0.892105 1.59871e-12
-21.6 0.892105 1.78414e-12
-21 0.892105 1.96256e-12
-20.4 0.892105 2.13843e-12
-19.8 0.892105 2.32019e-12
-19.2 0.892105 2.51528e-12
-18.6 0.892105 2.7215e-12
-18 0.892105 2.91786e-12
-17.4 0.892105 3.06107e-12
-16.8 0.892105 3.09449e-12
-16.2 0.892105 2.97172e-12
-15.6 0.892105 2.68635e-12
-15 0.892105 2.28901e-12
-14.4 0.892105 1.87334e-12
-13.8 0.892105 1.53328e-12
-13.2 0.892105 1.32033e-12
-12.6 0.892105 1.2295e-12
-12 0.892105 1.21636e-12
-11.4 0.892105 1.22672e-12
-10.8 0.892105 1.22021e-12
-10.2 0.892105 1.17917e-12
-9.6 0.892105 1.10516e-12
-9 0.892105 1.00971e-12
-8.4 0.892105 9.05627e-13
-7.8 0.892105 8.01865e-13
-7.2 0.892105 7.02453e-13
-6.6 0.892105 6.07966e-13
-6 0.892105 5.17764e-13
-5.4 0.892105 4.31675e-13
-4.8 0.892105 3.50557e-13
-4.2 0.892105 2.75903e-13
-3.6 0.892105 2.08998e-13
-3 0.892105 1.50213e-13
-2.4 0.892105 9.8879e-14
-1.8 0.892105 5.39209e-14
-1.2 0.892105 1.50782e-14
-0.6 0.892105 -1.58479e-14
0 0.892105 -3.45143e-14
0.6 0.892105 -3.48939e-14
1.2 0.892105 -1.12303e-14
1.8 0.892105 4.00116e-14
2.4 0.892105 1.19292e-13
3 0.892105 2.24449e-13
3.6 0.892105 3.51893e-13
4.2 0.892105 4.97779e-13
4.8 0.892105 6.58708e-13
5.4 0.892105 8.3187e-13
6 0.892105 1.01483e-12
6.6 0.892105 1.2052e-12
7.2 0.892105 1.40035e-12
7.8 0.892105 1.5974e-12
8.4 0.892105 1.79317e-12
9 0.892105 1.98443e-12
9.6 0.892105 2.16799e-12
10.2 0.892105 2.34087e-12
10.8 0.892105 2.50034e-12
11.4 0.892105 2.64394e-12
12 0.892105 2.76945e-12
12.6 0.892105 2.87495e-12
13.2 0.892105 2.95881e-12
13.8 0.892105 3.0197e-12
14.4 0.892105 3.05663e-12
15 0.892105 3.06902e-12
15.6 0.892105 3.05666e-12
16.2 0.892105 3.01975e-12
16.8 0.892105 2.95886e-12
17.4 0.892105 2.87498e-12
18 0.892105 2.76943e-12
18.6 0.892105 2.64385e-12
19.2 0.892105 2.50019e-12
19.8 0.892105 2.3407e-12
20.4 0.892105 2.16789e-12
21 0.892105 1.98459e-12
21.6 0.892105 1.7938e-12
22.2 0.892105 1.59867e-12
22.8 0.892105 1.40229e-12
23.4 0.892105 1.2075e-12
24 0.892105 1.01681e-12
24.6 0.892105 8.32512e-13
25.2 0.892105 6.57076e-13
25.8 0.892105 4.93671e-13
26.4 0.892105 3.46571e-13
27 0.892105 2.21039e-13
27.6 0.892105 1.22361e-13
28.2 0.892105 5.40587e-14
28.8 0.892105 1.57432e-14
29.4 0.892105 1.52139e-15
30 0.892105 -3.50306e-44
-30 0.944737 -2.34006e-44
-29.4 0.944737 1.06323e-15
-28.8 0.944737 1.0669e-14
-28.2 0.944737 3.63494e-14
-27.6 0.944737 8.19417e-14
-27 0.944737 1.47627e-13
-26.4 0.944737 2.31061e-13
-25.8 0.944737 3.28874e-13
-25.2 0.944737 4.3786e-13
-24.6 0.944737 5.5547e-13
-24 0.944737 6.796e-13
-23.4 0.944737 8.07998e-13
-22.8 0.944737 9.37833e-13
-22.2 0.944737 1.06589e-12
-21.6 0.944737 1.18962e-12
-21 0.944737 1.30863e-12
-20.4 0.944737 1.42576e-12
-19.8 0.944737 1.54653e-12
-19.2 0.944737 1.67591e-12
-18.6 0.944737 1.81275e-12
-18 0.944737 1.94363e-12
-17.4 0.944737 2.04007e-12
-16.8 0.944737 2.06371e-12
-16.2 0.944737 1.98178e-12
-15.6 0.944737 1.7882e-12
-15 0.944737 1.51712e-12
-14.4 0.944737 1.23389e-12
-13.8 0.944737 1.00407e-12
-13.2 0.944737 8.62374e-13
-12.6 0.944737 8.03686e-13
-12 0.944737 7.96521e-13
-11.4 0.944737 8.04149e-13
-10.8 0.944737 8.00025e-13
-10.2 0.944737 7.72943e-13
-9.6 0.944737 7.24226e-13
-9 0.944737 6.61569e-13
-8.4 0.944737 5.93371e-13
-7.8 0.944737 5.25469e-13
-7.2 0.944737 4.60452e-13
-6.6 0.944737 3.98648e-13
-6 0.944737 3.39615e-13
-5.4 0.944737 2.83237e-13
-4.8 0.944737 2.30096e-13
-4.2 0.944737 1.81193e-13
-3.6 0.944737 1.37389e-13
-3 0.944737 9.89325e-14
-2.4 0.944737 6.53658e-14
-1.8 0.944737 3.59343e-14
-1.2 0.944737 1.04042e-14
-0.6 0.944737 -1.00644e-14
0 0.944737 -2.25425e-14
0.6 0.944737 -2.2903e-14
1.2 0.944737 -7.19867e-15
1.8 0.944737 2.69621e-14
2.4 0.944737 7.98497e-14
3 0.944737 1.49973e-13
3.6 0.944737 2.34917e-13
4.2 0.944737 3.32126e-13
4.8 0.944737 4.39351e-13
5.4 0.944737 5.54733e-13
6 0.944737 6.76656e-13
6.6 0.944737 8.0352e-13
7.2 0.944737 9.33584e-13
7.8 0.944737 1.0649e-12
8.4 0.944737 1.19538e-12
9 0.944737 1.32284e-12
9.6 0.944737 1.44517e-12
10.2 0.944737 1.56038e-12
10.8 0.944737 1.66666e-12
11.4 0.944737 1.76235e-12
12 0.944737 1.846e-12
12.6 0.944737 1.91631e-12
13.2 0.944737 1.9722e-12
13.8 0.944737 2.01277e-12
14.4 0.944737 2.03739e-12
15 0.944737 2.04565e-12
15.6 0.944737 2.03741e-12
16.2 0.944737 2.01281e-12
16.8 0.944737 1.97223e-12
17.4 0.944737 1.91633e-12
18 0.944737 1.84599e-12
18.6 0.944737 1.7623e-12
19.2 0.944737 1.66656e-12
19.8 0.944737 1.56027e-12
20.4 0.944737 1.44511e-12
21 0.944737 1.32295e-12
21.6 0.944737 1.19579e-12
22.2 0.944737 1.06575e-12
22.8 0.944737 9.34865e-13
23.4 0.944737 8.05051e-13
24 0.944737 6.7798e-13
24.6 0.944737 5.55185e-13
25.2 0.944737 4.38303e-13
25.8 0.944737 3.29431e-13
26.4 0.944737 2.31403e-13
27 0.944737 1.4771e-13
27.6 0.944737 8.18716e-14
28.2 0.944737 3.62481e-14
28.8 0.944737 1.06045e-14
29.4 0.944737 1.04438e-15
30 0.944737 -2.3385e-44
-30 0.997368 -1.17441e-44
-29.4 0.997368 5.7892e-16
-28.8 0.997368 5.50417e-15
-28.2 0.997368 1.84976e-14
-27.6 0.997368 4.14285e-14
-27 0.997368 7.43494e-14
-26.4 0.997368 1.16071e-13
-25.8 0.997368 1.64911e-13
-25.2 0.997368 2.19283e-13
-24.6 0.997368 2.77943e-13
-24 0.997368 3.39871e-13
-23.4 0.997368 4.03984e-13
-22.8 0.997368 4.68895e-13
-22.2 0.997368 5.33007e-13
-21.6 0.997368 5.95001e-13
-21 0.997368 6.54586e-13
-20.4 0.997368 7.13053e-13
-19.8 0.997368 7.73032e-13
-19.2 0.997368 8.36982e-13
-18.6 0.997368 9.04506e-13
-18 0.997368 9.69347e-13
-17.4 0.997368 1.01783e-12
-16.8 0.997368 1.03092e-12
-16.2 0.997368 9.9142e-13
-15.6 0.997368 8.94915e-13
-15 0.997368 7.58155e-13
-14.4 0.997368 6.15329e-13
-13.8 0.997368 5.00721e-13
-13.2 0.997368 4.31367e-13
-12.6 0.997368 4.03338e-13
-12 0.997368 4.00074e-13
-11.4 0.997368 4.03355e-13
-10.8 0.997368 4.00472e-13
-10.2 0.997368 3.86274e-13
-9.6 0.997368 3.61599e-13
-9 0.997368 3.30264e-13
-8.4 0.997368 2.96341e-13
-7.8 0.997368 2.62613e-13
-7.2 0.997368 2.30282e-13
-6.6 0.997368 1.99478e-13
-6 0.997368 1.69986e-13
-5.4 0.997368 1.4178e-13
-4.8 0.997368 1.15179e-13
-4.2 0.997368 9.07041e-14
-3.6 0.997368 6.87977e-14
-3 0.997368 4.95941e-14
-2.4 0.997368 3.28721e-14
-1.8 0.997368 1.82474e-14
-1.2 0.997368 5.57052e-15
-0.6 0.997368 -4.62016e-15
0 0.997368 -1.08668e-14
0.6 0.997368 -1.10601e-14
1.2 0.997368 -3.18199e-15
1.8 0.997368 1.39546e-14
2.4 0.997368 4.04412e-14
3 0.997368 7.55014e-14
3.6 0.997368 1.17926e-13
4.2 0.997368 1.66455e-13
4.8 0.997368 2.19983e-13
5.4 0.997368 2.77594e-13
6 0.997368 3.38482e-13
6.6 0.997368 4.01849e-13
7.2 0.997368 4.66819e-13
7.8 0.997368 5.32417e-13
8.4 0.997368 5.97589e-13
9 0.997368 6.61254e-13
9.6 0.997368 7.22354e-13
10.2 0.997368 7.79898e-13
10.8 0.997368 8.32978e-13
11.4 0.997368 8.80773e-13
12 0.997368 9.22553e-13
12.6 0.997368 9.57673e-13
13.2 0.997368 9.85588e-13
13.8 0.997368 1.00585e-12
14.4 0.997368 1.01815e-12
15 0.997368 1.02227e-12
15.6 0.997368 1.01816e-12
16.2 0.997368 1.00587e-12
16.8 0.997368 9.85605e-13
17.4 0.997368 9.57684e-13
18 0.997368 9.22548e-13
18.6 0.997368 8.80747e-13
19.2 0.997368 8.32931e-13
19.8 0.997368 7.79845e-13
20.4 0.997368 7.22328e-13
21 0.997368 6.61309e-13
21.6 0.997368 5.97793e-13
22.2 0.997368 5.32827e-13
22.8 0.997368 4.67444e-13
23.4 0.997368 4.02601e-13
24 0.997368 3.39144e-13
24.6 0.997368 2.77842e-13
25.2 0.997368 2.19508e-13
25.8 0.997368 1.65172e-13
26.4 0.997368 1.16223e-13
27 0.997368 7.43797e-14
27.6 0.997368 4.13915e-14
28.2 0.997368 1.84502e-14
28.8 0.997368 5.47541e-15
29.4 0.997368 5.7087e-16
30 0.997368 -1.1733e-44
-30 1.05 0
-29.4 1.05 0
-28.8 1.05 0
-28.2 1.05 0
-27.6 1.05 0
-27 1.05 0
-26.4 1.05 0
-25.8 1.05 0
-25.2 1.05 0
-24.6 1.05 0
-24 1.05 0
-23.4 1.05 0
-22.8 1.05 0
-22.2 1.05 0
-21.6 1.05 0
-21 1.05 0
-20.4 1.05 0
-19.8 1.05 0
-19.2 1.05 0
-18.6 1.05 0
-18 1.05 0
-17.4 1.05 0
-16.8 1.05 0
-16.2 1.05 0
-15.6 1.05 0
-15 1.05 0
-14.4 1.05 0
-13.8 1.05 0
-13.2 1.05 0
-12.6 1.05 0
-12 1.05 0
-11.4 1.05 0
-10.8 1.05 0
-10.2 1.05 0
-9.6 1.05 0
-9 1.05 0
-8.4 1.05 0
-7.8 1.05 0
-7.2 1.05 0
-6.6 1.05 0
-6 1.05 0
-5.4 1.05 0
-4.8 1.05 0
-4.2 1.05 0
-3.6 1.05 0
-3 1.05 0
-2.4 1.05 0
-1.8 1.05 0
-1.2 1.05 0
-0.6 1.05 0
0 1.05 0
0.6 1.05 0
1.2 1.05 0
1.8 1.05 0
2.4 1.05 0
3 1.05 0
3.6 1.05 0
4.2 1.05 0
4.8 1.05 0
5.4 1.05 0
6 1.05 0
6.6 1.05 0
7.2 1.05 0
7.8 1.05 0
8.4 1.05 0
9 1.05 0
9.6 1.05 0
10.2 1.05 0
10.8 1.05 0
11.4 1.05 0
12 1.05 0
12.6 1.05 0
13.2 1.05 0
13.8 1.05 0
14.4 1.05 0
15 1.05 0
15.6 1.05 0
16.2 1.05 0
16.8 1.05 0
17.4 1.05 0
18 1.05 0
18.6 1.05 0
19.2 1.05 0
19.8 1.05 0
20.4 1.05 0
21 1.05 0
21.6 1.05 0
22.2 1.05 0
22.8 1.05 0
23.4 1.05 0
24 1.05 0
24.6 1.05 0
25.2 1.05 0
25.8 1.05 0
26.4 1.05 0
27 1.05 0
27.6 1.05 0
28.2 1.05 0
28.8 1.05 0
29.4 1.05 0
30 1.05 0
