-30 0.1 9.85938e-43
-29.4 0.1 -4.52517e-14
-28.8 0.1 -4.5983e-13
-28.2 0.1 -1.5742e-12
-27.6 0.1 -3.56295e-12
-27 0.1 -6.44322e-12
-26.4 0.1 -1.01169e-11
-25.8 0.1 -1.44295e-11
-25.2 0.1 -1.92217e-11
-24.6 0.1 -2.436e-11
-24 0.1 -2.97454e-11
-23.4 0.1 -3.53051e-11
-22.8 0.1 -4.09784e-11
-22.2 0.1 -4.67035e-11
-21.6 0.1 -5.24112e-11
-21 0.1 -5.80234e-11
-20.4 0.1 -6.3457e-11
-19.8 0.1 -6.86286e-11
-19.2 0.1 -7.34578e-11
-18.6 0.1 -7.78697e-11
-18 0.1 -8.1796e-11
-17.4 0.1 -8.51747e-11
-16.8 0.1 -8.79507e-11
-16.2 0.1 -9.00764e-11
-15.6 0.1 -9.1512e-11
-15 0.1 -9.22263e-11
-14.4 0.1 -9.21973e-11
-13.8 0.1 -9.14136e-11
-13.2 0.1 -8.98771e-11
-12.6 0.1 -8.76057e-11
-12 0.1 -8.46371e-11
-11.4 0.1 -8.10272e-11
-10.8 0.1 -7.68426e-11
-10.2 0.1 -7.21461e-11
-9.6 0.1 -6.69799e-11
-9 0.1 -6.13615e-11
-8.4 0.1 -5.53062e-11
-7.8 0.1 -4.88852e-11
-7.2 0.1 -4.23055e-11
-6.6 0.1 -3.59653e-11
-6 0.1 -3.04155e-11
-5.4 0.1 -2.61634e-11
-4.8 0.1 -2.33172e-11
-4.2 0.1 -2.11819e-11
-3.6 0.1 -1.80453e-11
-3 0.1 -1.14527e-11
-2.4 0.1 8.22692e-13
-1.8 0.1 1.91992e-11
-1.2 0.1 4.07087e-11
-0.6 0.1 5.87595e-11
0 0.1 6.58303e-11
0.6 0.1 5.84852e-11
1.2 0.1 4.01662e-11
1.8 0.1 1.84763e-11
2.4 0.1 1.38341e-13
3 0.1 -1.18088e-11
3.6 0.1 -1.78513e-11
4.2 0.1 -2.03927e-11
4.8 0.1 -2.20617e-11
5.4 0.1 -2.46371e-11
6 0.1 -2.87514e-11
6.6 0.1 -3.4168e-11
7.2 0.1 -4.02765e-11
7.8 0.1 -4.65068e-11
8.4 0.1 -5.25225e-11
9 0.1 -5.82136e-11
9.6 0.1 -6.35893e-11
10.2 0.1 -6.86722e-11
10.8 0.1 -7.34433e-11
11.4 0.1 -7.7839e-11
12 0.1 -8.17745e-11
12.6 0.1 -8.51682e-11
13.2 0.1 -8.79537e-11
13.8 0.1 -9.0081e-11
14.4 0.1 -9.15135e-11
15 0.1 -9.22237e-11
15.6 0.1 -9.21932e-11
16.2 0.1 -9.1413e-11
16.8 0.1 -8.98857e-11
17.4 0.1 -8.76263e-11
18 0.1 -8.46633e-11
18.6 0.1 -8.10385e-11
19.2 0.1 -7.68072e-11
19.8 0.1 -7.2038e-11
20.4 0.1 -6.68111e-11
21 0.1 -6.1217e-11
21.6 0.1 -5.53524e-11
22.2 0.1 -4.93168e-11
22.8 0.1 -4.32072e-11
23.4 0.1 -3.71164e-11
24 0.1 -3.11327e-11
24.6 0.1 -2.53451e-11
25.2 0.1 -1.98524e-11
25.8 0.1 -1.47735e-11
26.4 0.1 -1.02518e-11
27 0.1 -6.44635e-12
27.6 0.1 -3.50282e-12
28.2 0.1 -1.50402e-12
28.8 0.1 -4.12551e-13
29.4 0.1 -2.97185e-14
30 0.1 1.00868e-42
-30 0.211111 8.7372e-43
-29.4 0.211111 -3.96646e-14
-28.8 0.211111 -4.05877e-13
-28.2 0.211111 -1.3913e-12
-27.6 0.211111 -3.14941e-12
-27 0.211111 -5.69308e-12
-26.4 0.211111 -8.93268e-12
-25.8 0.211111 -1.27294e-11
-25.2 0.211111 -1.69419e-11
-24.6 0.211111 -2.14539e-11
-24 0.211111 -2.61807e-11
-23.4 0.211111 -3.10611e-11
-22.8 0.211111 -3.60446e-11
-22.2 0.211111 -4.10789e-11
-21.6 0.211111 -4.61047e-11
-21 0.211111 -5.10551e-11
-20.4 0.211111 -5.58586e-11
-19.8 0.211111 -6.04434e-11
-19.2 0.211111 -6.47399e-11
-18.6 0.211111 -6.86833e-11
-18 0.211111 -7.2213e-11
-17.4 0.211111 -7.52738e-11
-16.8 0.211111 -7.78153e-11
-16.2 0.211111 -7.9793e-11
-15.6 0.211111 -8.11688e-11
-15 0.211111 -8.19119e-11
-14.4 0.211111 -8.19995e-11
-13.8 0.211111 -8.14173e-11
-13.2 0.211111 -8.01618e-11
-12.6 0.211111 -7.82425e-11
-12 0.211111 -7.56855e-11
-11.4 0.211111 -7.25348e-11
-10.8 0.211111 -6.88487e-11
-10.2 0.211111 -6.46891e-11
-9.6 0.211111 -6.01062e-11
-9 0.211111 -5.51277e-11
-8.4 0.211111 -4.97686e-11
-7.8 0.211111 -4.40734e-11
-7.2 0.211111 -3.81876e-11
-6.6 0.211111 -3.24241e-11
-6 0.211111 -2.72591e-11
-5.4 0.211111 -2.31871e-11
-4.8 0.211111 -2.041e-11
-4.2 0.211111 -1.84393e-11
-3.6 0.211111 -1.58293e-11
-3 0.211111 -1.03432e-11
-2.4 0.211111 2.00154e-13
-1.8 0.211111 1.64262e-11
-1.2 0.211111 3.58067e-11
-0.6 0.211111 5.22921e-11
0 0.211111 5.88081e-11
0.6 0.211111 5.20909e-11
1.2 0.211111 3.54046e-11
1.8 0.211111 1.58939e-11
2.4 0.211111 -2.76317e-13
3 0.211111 -1.05141e-11
3.6 0.211111 -1.54995e-11
4.2 0.211111 -1.7557e-11
4.8 0.211111 -1.90578e-11
5.4 0.211111 -2.14916e-11
6 0.211111 -2.52918e-11
6.6 0.211111 -3.01621e-11
7.2 0.211111 -3.55471e-11
7.8 0.211111 -4.09811e-11
8.4 0.211111 -4.622e-11
9 0.211111 -5.12027e-11
9.6 0.211111 -5.59469e-11
10.2 0.211111 -6.04637e-11
10.8 0.211111 -6.4723e-11
11.4 0.211111 -6.86604e-11
12 0.211111 -7.21998e-11
12.6 0.211111 -7.52713e-11
13.2 0.211111 -7.78184e-11
13.8 0.211111 -7.97964e-11
14.4 0.211111 -8.11699e-11
15 0.211111 -8.19103e-11
15.6 0.211111 -8.19962e-11
16.2 0.211111 -8.14152e-11
16.8 0.211111 -8.01649e-11
17.4 0.211111 -7.82546e-11
18 0.211111 -7.57053e-11
18.6 0.211111 -7.25508e-11
19.2 0.211111 -6.88375e-11
19.8 0.211111 -6.46244e-11
20.4 0.211111 -5.99827e-11
21 0.211111 -5.49937e-11
21.6 0.211111 -4.97463e-11
22.2 0.211111 -4.43324e-11
22.8 0.211111 -3.88431e-11
23.4 0.211111 -3.33656e-11
24 0.211111 -2.79822e-11
24.6 0.211111 -2.27748e-11
25.2 0.211111 -1.78329e-11
25.8 0.211111 -1.32633e-11
26.4 0.211111 -9.19515e-12
27 0.211111 -5.77228e-12
27.6 0.211111 -3.127e-12
28.2 0.211111 -1.33457e-12
28.8 0.211111 -3.60587e-13
29.4 0.211111 -2.35514e-14
30 0.211111 9.09467e-43
-30 0.322222 7.61507e-43
-29.4 0.322222 -3.45305e-14
-28.8 0.322222 -3.53545e-13
-28.2 0.322222 -1.21169e-12
-27.6 0.322222 -2.7416e-12
-27 0.322222 -4.95258e-12
-26.4 0.322222 -7.76448e-12
-25.8 0.322222 -1.10549e-11
-25.2 0.322222 -1.47007e-11
-24.6 0.322222 -1.86017e-11
-24 0.322222 -2.26865e-11
-23.4 0.322222 -2.69045e-11
-22.8 0.322222 -3.12141e-11
-22.2 0.322222 -3.55718e-11
-21.6 0.322222 -3.99279e-11
-21 0.322222 -4.42256e-11
-20.4 0.322222 -4.84046e-11
-19.8 0.322222 -5.24039e-11
-19.2 0.322222 -5.61646e-11
-18.6 0.322222 -5.9631e-11
-18 0.322222 -6.27509e-11
-17.4 0.322222 -6.5476e-11
-16.8 0.322222 -6.77612e-11
-16.2 0.322222 -6.9566e-11
-15.6 0.322222 -7.08547e-11
-15 0.322222 -7.15978e-11
-14.4 0.322222 -7.17724e-11
-13.8 0.322222 -7.13628e-11
-13.2 0.322222 -7.03619e-11
-12.6 0.322222 -6.87731e-11
-12 0.322222 -6.66128e-11
-11.4 0.322222 -6.39132e-11
-10.8 0.322222 -6.07222e-11
-10.2 0.322222 -5.70969e-11
-9.6 0.322222 -5.30912e-11
-9 0.322222 -4.87425e-11
-8.4 0.322222 -4.40707e-11
-7.8 0.322222 -3.91038e-11
-7.2 0.322222 -3.39365e-11
-6.6 0.322222 -2.87996e-11
-6 0.322222 -2.40852e-11
-5.4 0.322222 -2.02541e-11
-4.8 0.322222 -1.75775e-11
-4.2 0.322222 -1.57596e-11
-3.6 0.322222 -1.36267e-11
-3 0.322222 -9.18484e-12
-2.4 0.322222 -3.2932e-13
-1.8 0.322222 1.37524e-11
-1.2 0.322222 3.09754e-11
-0.6 0.322222 4.58563e-11
0 0.322222 5.17953e-11
0.6 0.322222 4.57133e-11
1.2 0.322222 3.06864e-11
1.8 0.322222 1.33741e-11
2.4 0.322222 -6.39644e-13
3 0.322222 -9.21415e-12
3.6 0.322222 -1.32053e-11
4.2 0.322222 -1.48308e-11
4.8 0.322222 -1.61845e-11
5.4 0.322222 -1.84657e-11
6 0.322222 -2.1925e-11
6.6 0.322222 -2.6228e-11
7.2 0.322222 -3.08882e-11
7.8 0.322222 -3.55442e-11
8.4 0.322222 -4.00336e-11
9 0.322222 -4.43319e-11
9.6 0.322222 -4.84576e-11
10.2 0.322222 -5.24093e-11
10.8 0.322222 -5.61491e-11
11.4 0.322222 -5.96157e-11
12 0.322222 -6.27439e-11
12.6 0.322222 -6.54757e-11
13.2 0.322222 -6.77636e-11
13.8 0.322222 -6.95681e-11
14.4 0.322222 -7.08554e-11
15 0.322222 -7.1597e-11
15.6 0.322222 -7.17703e-11
16.2 0.322222 -7.13607e-11
16.8 0.322222 -7.03621e-11
17.4 0.322222 -6.87788e-11
18 0.322222 -6.66254e-11
18.6 0.322222 -6.39281e-11
19.2 0.322222 -6.07245e-11
19.8 0.322222 -5.70647e-11
20.4 0.322222 -5.30101e-11
21 0.322222 -4.86327e-11
21.6 0.322222 -4.40122e-11
22.2 0.322222 -3.92327e-11
22.8 0.322222 -3.43781e-11
23.4 0.322222 -2.95287e-11
24 0.322222 -2.47602e-11
24.6 0.322222 -2.01471e-11
25.2 0.322222 -1.57694e-11
25.8 0.322222 -1.17218e-11
26.4 0.322222 -8.11876e-12
27 0.322222 -5.08848e-12
27.6 0.322222 -2.74885e-12
28.2 0.322222 -1.16682e-12
28.8 0.322222 -3.10972e-13
29.4 0.322222 -1.83966e-14
30 0.322222 8.06273e-43
-30 0.433333 6.4976e-43
-29.4 0.433333 -2.96921e-14
-28.8 0.433333 -3.02415e-13
-28.2 0.433333 -1.03488e-12
-27.6 0.433333 -2.33912e-12
-27 0.433333 -4.22155e-12
-26.4 0.433333 -6.61222e-12
-25.8 0.433333 -9.40574e-12
-25.2 0.433333 -1.2497e-11
-24.6 0.433333 -1.58016e-11
-24 0.433333 -1.92604e-11
-23.4 0.433333 -2.28322e-11
-22.8 0.433333 -2.64835e-11
-22.2 0.433333 -3.01788e-11
-21.6 0.433333 -3.38771e-11
-21 0.433333 -3.75316e-11
-20.4 0.433333 -4.10921e-11
-19.8 0.433333 -4.45082e-11
-19.2 0.433333 -4.77308e-11
-18.6 0.433333 -5.07133e-11
-18 0.433333 -5.34117e-11
-17.4 0.433333 -5.57847e-11
-16.8 0.433333 -5.77931e-11
-16.2 0.433333 -5.9401e-11
-15.6 0.433333 -6.05763e-11
-15 0.433333 -6.12912e-11
-14.4 0.433333 -6.15236e-11
-13.8 0.433333 -6.12575e-11
-13.2 0.433333 -6.04839e-11
-12.6 0.433333 -5.92016e-11
-12 0.433333 -5.742e-11
-11.4 0.433333 -5.51609e-11
-10.8 0.433333 -5.24608e-11
-10.2 0.433333 -4.93683e-11
-9.6 0.433333 -4.59361e-11
-9 0.433333 -4.22088e-11
-8.4 0.433333 -3.82139e-11
-7.8 0.433333 -3.3973e-11
-7.2 0.433333 -2.95424e-11
-6.6 0.433333 -2.50783e-11
-6 0.433333 -2.08827e-11
-5.4 0.433333 -1.73609e-11
-4.8 0.433333 -1.48249e-11
-4.2 0.433333 -1.31516e-11
-3.6 0.433333 -1.14426e-11
-3 0.433333 -7.9742e-12
-2.4 0.433333 -7.56034e-13
-1.8 0.433333 1.11863e-11
-1.2 0.433333 2.62146e-11
-0.6 0.433333 3.94414e-11
0 0.433333 4.47768e-11
0.6 0.433333 3.93432e-11
1.2 0.433333 2.60139e-11
1.8 0.433333 1.09291e-11
2.4 0.433333 -9.38145e-13
3 0.433333 -7.90247e-12
3.6 0.433333 -1.09719e-11
4.2 0.433333 -1.22224e-11
4.8 0.433333 -1.34478e-11
5.4 0.433333 -1.55586e-11
6 0.433333 -1.86443e-11
6.6 0.433333 -2.23575e-11
7.2 0.433333 -2.62939e-11
7.8 0.433333 -3.01937e-11
8.4 0.433333 -3.3963e-11
9 0.433333 -3.76006e-11
9.6 0.433333 -4.11192e-11
10.2 0.433333 -4.45058e-11
10.8 0.433333 -4.77191e-11
11.4 0.433333 -5.07045e-11
12 0.433333 -5.34087e-11
12.6 0.433333 -5.57852e-11
13.2 0.433333 -5.77946e-11
13.8 0.433333 -5.94021e-11
14.4 0.433333 -6.05766e-11
15 0.433333 -6.12909e-11
15.6 0.433333 -6.15226e-11
16.2 0.433333 -6.12562e-11
16.8 0.433333 -6.04831e-11
17.4 0.433333 -5.92035e-11
18 0.433333 -5.74266e-11
18.6 0.433333 -5.51715e-11
19.2 0.433333 -5.24681e-11
19.8 0.433333 -4.93571e-11
20.4 0.433333 -4.58905e-11
21 0.433333 -4.21302e-11
21.6 0.433333 -3.81464e-11
22.2 0.433333 -3.40139e-11
22.8 0.433333 -2.98084e-11
23.4 0.433333 -2.56025e-11
24 0.433333 -2.14644e-11
24.6 0.433333 -1.74605e-11
25.2 0.433333 -1.36609e-11
25.8 0.433333 -1.01484e-11
26.4 0.433333 -7.02251e-12
27 0.433333 -4.39486e-12
27.6 0.433333 -2.36815e-12
28.2 0.433333 -1.00039e-12
28.8 0.433333 -2.63383e-13
29.4 0.433333 -1.41271e-14
30 0.433333 6.99518e-43
-30 0.544444 5.38795e-43
-29.4 0.544444 -2.50307e-14
-28.8 0.544444 -2.52162e-13
-28.2 0.544444 -8.60415e-13
-27.6 0.544444 -1.94162e-12
-27 0.544444 -3.49978e-12
-26.4 0.544444 -5.47575e-12
-25.8 0.544444 -7.78151e-12
-25.2 0.544444 -1.033e-11
-24.6 0.544444 -1.30522e-11
-24 0.544444 -1.59002e-11
-23.4 0.544444 -1.88415e-11
-22.8 0.544444 -2.18495e-11
-22.2 0.544444 -2.48962e-11
-21.6 0.544444 -2.79488e-11
-21 0.544444 -3.09696e-11
-20.4 0.544444 -3.39182e-11
-19.8 0.544444 -3.6754e-11
-19.2 0.544444 -3.94373e-11
-18.6 0.544444 -4.19303e-11
-18 0.544444 -4.41969e-11
-17.4 0.544444 -4.62029e-11
-16.8 0.544444 -4.79154e-11
-16.2 0.544444 -4.93037e-11
-15.6 0.544444 -5.03399e-11
-15 0.544444 -5.0999e-11
-14.4 0.544444 -5.12606e-11
-13.8 0.544444 -5.11091e-11
-13.2 0.544444 -5.05345e-11
-12.6 0.544444 -4.95333e-11
-12 0.544444 -4.81096e-11
-11.4 0.544444 -4.62771e-11
-10.8 0.544444 -4.40616e-11
-10.2 0.544444 -4.15008e-11
-9.6 0.544444 -3.86415e-11
-9 0.544444 -3.55301e-11
-8.4 0.544444 -3.22019e-11
-7.8 0.544444 -2.86797e-11
-7.2 0.544444 -2.49964e-11
-6.6 0.544444 -2.12453e-11
-6 0.544444 -1.76374e-11
-5.4 0.544444 -1.45019e-11
-4.8 0.544444 -1.21582e-11
-4.2 0.544444 -1.06278e-11
-3.6 0.544444 -9.28543e-12
-3 0.544444 -6.70809e-12
-2.4 0.544444 -1.0667e-12
-1.8 0.544444 8.74067e-12
-1.2 0.544444 2.15252e-11
-0.6 0.544444 3.30335e-11
0 0.544444 3.77331e-11
0.6 0.544444 3.29687e-11
1.2 0.544444 2.13914e-11
1.8 0.544444 8.57565e-12
2.4 0.544444 -1.15475e-12
3 0.544444 -6.57276e-12
3.6 0.544444 -8.80566e-12
4.2 0.544444 -9.74369e-12
4.8 0.544444 -1.08549e-11
5.4 0.544444 -1.27682e-11
6 0.544444 -1.54405e-11
6.6 0.544444 -1.85409e-11
7.2 0.544444 -2.17589e-11
7.8 0.544444 -2.49289e-11
8.4 0.544444 -2.80092e-11
9 0.544444 -3.10083e-11
9.6 0.544444 -3.3929e-11
10.2 0.544444 -3.67496e-11
10.8 0.544444 -3.94302e-11
11.4 0.544444 -4.19261e-11
12 0.544444 -4.41959e-11
12.6 0.544444 -4.62034e-11
13.2 0.544444 -4.79161e-11
13.8 0.544444 -4.93041e-11
14.4 0.544444 -5.034e-11
15 0.544444 -5.09989e-11
15.6 0.544444 -5.12603e-11
16.2 0.544444 -5.11085e-11
16.8 0.544444 -5.05339e-11
17.4 0.544444 -4.95335e-11
18 0.544444 -4.81121e-11
18.6 0.544444 -4.62829e-11
19.2 0.544444 -4.40682e-11
19.8 0.544444 -4.15002e-11
20.4 0.544444 -3.86211e-11
21 0.544444 -3.54827e-11
21.6 0.544444 -3.21447e-11
22.2 0.544444 -2.86718e-11
22.8 0.544444 -2.51302e-11
23.4 0.544444 -2.15837e-11
24 0.544444 -1.80922e-11
24.6 0.544444 -1.4713e-11
25.2 0.544444 -1.15064e-11
25.8 0.544444 -8.54275e-12
26.4 0.544444 -5.90625e-12
27 0.544444 -3.69132e-12
27.6 0.544444 -1.98469e-12
28.2 0.544444 -8.34977e-13
28.8 0.544444 -2.17574e-13
29.4 0.544444 -1.06473e-14
30 0.544444 5.89519e-43
-30 0.655556 4.28822e-43
-29.4 0.655556 -2.04534e-14
-28.8 0.655556 -2.02521e-13
-28.2 0.655556 -6.87939e-13
-27.6 0.655556 -1.54875e-12
-27 0.655556 -2.78703e-12
-26.4 0.655556 -4.35486e-12
-25.8 0.655556 -6.18186e-12
-25.2 0.655556 -8.19901e-12
-24.6 0.655556 -1.0352e-11
-24 0.655556 -1.26039e-11
-23.4 0.655556 -1.49296e-11
-22.8 0.655556 -1.7309e-11
-22.2 0.655556 -1.97207e-11
-21.6 0.655556 -2.21394e-11
-21 0.655556 -2.45363e-11
-20.4 0.655556 -2.688e-11
-19.8 0.655556 -2.91392e-11
-19.2 0.655556 -3.12829e-11
-18.6 0.655556 -3.32819e-11
-18 0.655556 -3.51077e-11
-17.4 0.655556 -3.67332e-11
-16.8 0.655556 -3.8132e-11
-16.2 0.655556 -3.92793e-11
-15.6 0.655556 -4.01517e-11
-15 0.655556 -4.07282e-11
-14.4 0.655556 -4.09907e-11
-13.8 0.655556 -4.0925e-11
-13.2 0.655556 -4.05211e-11
-12.6 0.655556 -3.97742e-11
-12 0.655556 -3.86851e-11
-11.4 0.655556 -3.72619e-11
-10.8 0.655556 -3.55215e-11
-10.2 0.655556 -3.34905e-11
-9.6 0.655556 -3.12057e-11
-9 0.655556 -2.87091e-11
-8.4 0.655556 -2.60399e-11
-7.8 0.655556 -2.32263e-11
-7.2 0.655556 -2.02913e-11
-6.6 0.655556 -1.72839e-11
-6 0.655556 -1.43302e-11
-5.4 0.655556 -1.16674e-11
-4.8 0.655556 -9.58366e-12
-4.2 0.655556 -8.20574e-12
-3.6 0.655556 -7.16947e-12
-3 0.655556 -5.38422e-12
-2.4 0.655556 -1.24279e-12
-1.8 0.655556 6.43564e-12
-1.2 0.655556 1.69111e-11
-0.6 0.655556 2.66147e-11
0 0.655556 3.06364e-11
0.6 0.655556 2.65735e-11
1.2 0.655556 1.68258e-11
1.8 0.655556 6.33761e-12
2.4 0.655556 -1.26711e-12
3 0.655556 -5.21966e-12
3.6 0.655556 -6.71883e-12
4.2 0.655556 -7.4116e-12
4.8 0.655556 -8.41366e-12
5.4 0.655556 -1.00884e-11
6 0.655556 -1.23004e-11
6.6 0.655556 -1.47672e-11
7.2 0.655556 -1.72797e-11
7.8 0.655556 -1.97519e-11
8.4 0.655556 -2.21743e-11
9 0.655556 -2.45538e-11
9.6 0.655556 -2.68828e-11
10.2 0.655556 -2.9136e-11
10.8 0.655556 -3.12797e-11
11.4 0.655556 -3.32803e-11
12 0.655556 -3.51074e-11
12.6 0.655556 -3.67333e-11
13.2 0.655556 -3.81322e-11
13.8 0.655556 -3.92794e-11
14.4 0.655556 -4.01517e-11
15 0.655556 -4.07282e-11
15.6 0.655556 -4.09906e-11
16.2 0.655556 -4.09248e-11
16.8 0.655556 -4.05208e-11
17.4 0.655556 -3.9774e-11
18 0.655556 -3.86858e-11
18.6 0.655556 -3.72643e-11
19.2 0.655556 -3.55253e-11
19.8 0.655556 -3.34927e-11
20.4 0.655556 -3.11994e-11
21 0.655556 -2.86866e-11
21.6 0.655556 -2.6003e-11
22.2 0.655556 -2.32022e-11
22.8 0.655556 -2.03396e-11
23.4 0.655556 -1.7469e-11
24 0.655556 -1.46407e-11
24.6 0.655556 -1.19027e-11
25.2 0.655556 -9.30486e-12
25.8 0.655556 -6.90436e-12
26.4 0.655556 -4.76982e-12
27 0.655556 -2.97776e-12
27.6 0.655556 -1.59828e-12
28.2 0.655556 -6.70341e-13
28.8 0.655556 -1.73339e-13
29.4 0.655556 -7.87849e-15
30 0.655556 4.76522e-43
-30 0.766667 3.19987e-43
-29.4 0.766667 -1.58852e-14
-28.8 0.766667 -1.53273e-13
-28.2 0.766667 -5.17129e-13
-27.6 0.766667 -1.16018e-12
-27 0.766667 -2.08304e-12
-26.4 0.766667 -3.24931e-12
-25.8 0.766667 -4.60642e-12
-25.2 0.766667 -6.10323e-12
-24.6 0.766667 -7.6999e-12
-24 0.766667 -9.36947e-12
-23.4 0.766667 -1.1094e-11
-22.8 0.766667 -1.28589e-11
-22.2 0.766667 -1.46489e-11
-21.6 0.766667 -1.64457e-11
-21 0.766667 -1.82285e-11
-20.4 0.766667 -1.99746e-11
-19.8 0.766667 -2.16613e-11
-19.2 0.766667 -2.32661e-11
-18.6 0.766667 -2.47676e-11
-18 0.766667 -2.61449e-11
-17.4 0.766667 -2.73778e-11
-16.8 0.766667 -2.84468e-11
-16.2 0.766667 -2.93327e-11
-15.6 0.766667 -3.00177e-11
-15 0.766667 -3.04853e-11
-14.4 0.766667 -3.07209e-11
-13.8 0.766667 -3.07124e-11
-13.2 0.766667 -3.04507e-11
-12.6 0.766667 -2.99308e-11
-12 0.766667 -2.91516e-11
-11.4 0.766667 -2.81175e-11
-10.8 0.766667 -2.68386e-11
-10.2 0.766667 -2.53323e-11
-9.6 0.766667 -2.36241e-11
-9 0.766667 -2.17462e-11
-8.4 0.766667 -1.97342e-11
-7.8 0.766667 -1.76194e-11
-7.2 0.766667 -1.54253e-11
-6.6 0.766667 -1.31773e-11
-6 0.766667 -1.0936e-11
-5.4 0.766667 -8.83987e-12
-4.8 0.766667 -7.10582e-12
-4.2 0.766667 -5.90989e-12
-3.6 0.766667 -5.11938e-12
-3 0.766667 -4.00442e-12
-2.4 0.766667 -1.2578e-12
-1.8 0.766667 4.30464e-12
-1.2 0.766667 1.23815e-11
-0.6 0.766667 2.01593e-11
0 0.766667 2.34457e-11
0.6 0.766667 2.01336e-11
1.2 0.766667 1.23297e-11
1.8 0.766667 4.25252e-12
2.4 0.766667 -1.24491e-12
3 0.766667 -3.84192e-12
3.6 0.766667 -4.73413e-12
4.2 0.766667 -5.25017e-12
4.8 0.766667 -6.13027e-12
5.4 0.766667 -7.50654e-12
6 0.766667 -9.20557e-12
6.6 0.766667 -1.10262e-11
7.2 0.766667 -1.2857e-11
7.8 0.766667 -1.46678e-11
8.4 0.766667 -1.64607e-11
9 0.766667 -1.82345e-11
9.6 0.766667 -1.99752e-11
10.2 0.766667 -2.16602e-11
10.8 0.766667 -2.32652e-11
11.4 0.766667 -2.47671e-11
12 0.766667 -2.61447e-11
12.6 0.766667 -2.73778e-11
13.2 0.766667 -2.84467e-11
13.8 0.766667 -2.93328e-11
14.4 0.766667 -3.00178e-11
15 0.766667 -3.04854e-11
15.6 0.766667 -3.07209e-11
16.2 0.766667 -3.07123e-11
16.8 0.766667 -3.04506e-11
17.4 0.766667 -2.99308e-11
18 0.766667 -2.91519e-11
18.6 0.766667 -2.81182e-11
19.2 0.766667 -2.684e-11
19.8 0.766667 -2.53337e-11
20.4 0.766667 -2.36229e-11
21 0.766667 -2.17384e-11
21.6 0.766667 -1.97172e-11
22.2 0.766667 -1.76007e-11
22.8 0.766667 -1.54323e-11
23.4 0.766667 -1.32545e-11
24 0.766667 -1.11072e-11
24.6 0.766667 -9.02785e-12
25.2 0.766667 -7.05505e-12
25.8 0.766667 -5.2327e-12
26.4 0.766667 -3.61303e-12
27 0.766667 -2.25406e-12
27.6 0.766667 -1.20875e-12
28.2 0.766667 -5.06251e-13
28.8 0.766667 -1.3049e-13
29.4 0.766667 -5.74877e-15
30 0.766667 3.60754e-43
-30 0.877778 2.12377e-43
-29.4 0.877778 -1.12664e-14
-28.8 0.877778 -1.04234e-13
-28.2 0.877778 -3.47699e-13
-27.6 0.877778 -7.75615e-13
-27 0.877778 -1.38751e-12
-26.4 0.877778 -2.15883e-12
-25.8 0.877778 -3.0548e-12
-25.2 0.877778 -4.04197e-12
-24.6 0.877778 -5.09454e-12
-24 0.877778 -6.19511e-12
-23.4 0.877778 -7.33213e-12
-22.8 0.877778 -8.49624e-12
-22.2 0.877778 -9.67752e-12
-21.6 0.877778 -1.08643e-11
-21 0.877778 -1.2043e-11
-20.4 0.877778 -1.31991e-11
-19.8 0.877778 -1.4318e-11
-19.2 0.877778 -1.53853e-11
-18.6 0.877778 -1.63868e-11
-18 0.877778 -1.73091e-11
-17.4 0.877778 -1.81388e-11
-16.8 0.877778 -1.88628e-11
-16.2 0.877778 -1.94686e-11
-15.6 0.877778 -1.99438e-11
-15 0.877778 -2.02772e-11
-14.4 0.877778 -2.04582e-11
-13.8 0.877778 -2.04782e-11
-13.2 0.877778 -2.03302e-11
-12.6 0.877778 -2.00096e-11
-12 0.877778 -1.95147e-11
-11.4 0.877778 -1.88473e-11
-10.8 0.877778 -1.80131e-11
-10.2 0.877778 -1.70222e-11
-9.6 0.877778 -1.58899e-11
-9 0.877778 -1.46368e-11
-8.4 0.877778 -1.3288e-11
-7.8 0.877778 -1.18699e-11
-7.2 0.877778 -1.04061e-11
-6.6 0.877778 -8.9156e-12
-6 0.877778 -7.42292e-12
-5.4 0.877778 -5.9854e-12
-4.8 0.877778 -4.71984e-12
-4.2 0.877778 -3.77515e-12
-3.6 0.877778 -3.18072e-12
-3 0.877778 -2.58049e-12
-2.4 0.877778 -1.07455e-12
-1.8 0.877778 2.40473e-12
-1.2 0.877778 7.96171e-12
-0.6 0.877778 1.36287e-11
0 0.877778 1.60885e-11
0.6 0.877778 1.36129e-11
1.2 0.877778 7.93203e-12
1.8 0.877778 2.38155e-12
2.4 0.877778 -1.04697e-12
3 0.877778 -2.44839e-12
3.6 0.877778 -2.89505e-12
4.2 0.877778 -3.29337e-12
4.8 0.877778 -4.00216e-12
5.4 0.877778 -4.99521e-12
6 0.877778 -6.13262e-12
6.6 0.877778 -7.3131e-12
7.2 0.877778 -8.4985e-12
7.8 0.877778 -9.6838e-12
8.4 0.877778 -1.08683e-11
9 0.877778 -1.20447e-11
9.6 0.877778 -1.31997e-11
10.2 0.877778 -1.43182e-11
10.8 0.877778 -1.53852e-11
11.4 0.877778 -1.63866e-11
12 0.877778 -1.73088e-11
12.6 0.877778 -1.81386e-11
13.2 0.877778 -1.88628e-11
13.8 0.877778 -1.94686e-11
14.4 0.877778 -1.99439e-11
15 0.877778 -2.02772e-11
15.6 0.877778 -2.04582e-11
16.2 0.877778 -2.04782e-11
16.8 0.877778 -2.03301e-11
17.4 0.877778 -2.00096e-11
18 0.877778 -1.95149e-11
18.6 0.877778 -1.88477e-11
19.2 0.877778 -1.80135e-11
19.8 0.877778 -1.70224e-11
20.4 0.877778 -1.58894e-11
21 0.877778 -1.46346e-11
21.6 0.877778 -1.32829e-11
22.2 0.877778 -1.18625e-11
22.8 0.877778 -1.04039e-11
23.4 0.877778 -8.93659e-12
24 0.877778 -7.48863e-12
24.6 0.877778 -6.08621e-12
25.2 0.877778 -4.75581e-12
25.8 0.877778 -3.52725e-12
26.4 0.877778 -2.43572e-12
27 0.877778 -1.52015e-12
27.6 0.877778 -8.15941e-13
28.2 0.877778 -3.42483e-13
28.8 0.877778 -8.88378e-14
29.4 0.877778 -4.18407e-15
30 0.877778 2.4246e-43
-30 0.988889 1.06045e-43
-29.4 0.988889 -6.54905e-15
-28.8 0.988889 -5.52526e-14
-28.2 0.988889 -1.79393e-13
-27.6 0.988889 -3.94726e-13
-27 0.988889 -7.00141e-13
-26.4 0.988889 -1.08311e-12
-25.8 0.988889 -1.52661e-12
-25.2 0.988889 -2.0146e-12
-24.6 0.988889 -2.53484e-12
-24 0.988889 -3.07909e-12
-23.4 0.988889 -3.64175e-12
-22.8 0.988889 -4.21819e-12
-22.2 0.988889 -4.80345e-12
-21.6 0.988889 -5.39174e-12
-21 0.988889 -5.97647e-12
-20.4 0.988889 -6.55061e-12
-19.8 0.988889 -7.10703e-12
-19.2 0.988889 -7.63871e-12
-18.6 0.988889 -8.13882e-12
-18 0.988889 -8.60069e-12
-17.4 0.988889 -9.01777e-12
-16.8 0.988889 -9.38356e-12
-16.2 0.988889 -9.6917e-12
-15.6 0.988889 -9.93605e-12
-15 0.988889 -1.01108e-11
-14.4 0.988889 -1.02105e-11
-13.8 0.988889 -1.02306e-11
-13.2 0.988889 -1.01671e-11
-12.6 0.988889 -1.00175e-11
-12 0.988889 -9.78045e-12
-11.4 0.988889 -9.45634e-12
-10.8 0.988889 -9.0476e-12
-10.2 0.988889 -8.55885e-12
-9.6 0.988889 -7.99719e-12
-9 0.988889 -7.37232e-12
-8.4 0.988889 -6.69648e-12
-7.8 0.988889 -5.98394e-12
-7.2 0.988889 -5.24959e-12
-6.6 0.988889 -4.50697e-12
-6 0.988889 -3.768e-12
-5.4 0.988889 -3.04853e-12
-4.8 0.988889 -2.38198e-12
-4.2 0.988889 -1.82965e-12
-3.6 0.988889 -1.44963e-12
-3 0.988889 -1.17549e-12
-2.4 0.988889 -6.31878e-13
-1.8 0.988889 8.63621e-13
-1.2 0.988889 3.70098e-12
-0.6 0.988889 6.95095e-12
0 0.988889 8.44518e-12
0.6 0.988889 6.93968e-12
1.2 0.988889 3.68562e-12
1.8 0.988889 8.58006e-13
2.4 0.988889 -6.08256e-13
3 0.988889 -1.09893e-12
3.6 0.988889 -1.29408e-12
4.2 0.988889 -1.56884e-12
4.8 0.988889 -1.99176e-12
5.4 0.988889 -2.50914e-12
6 0.988889 -3.06626e-12
6.6 0.988889 -3.63794e-12
7.2 0.988889 -4.2178e-12
7.8 0.988889 -4.80388e-12
8.4 0.988889 -5.39237e-12
9 0.988889 -5.97714e-12
9.6 0.988889 -6.55116e-12
10.2 0.988889 -7.10732e-12
10.8 0.988889 -7.63874e-12
11.4 0.988889 -8.13871e-12
12 0.988889 -8.60056e-12
12.6 0.988889 -9.01768e-12
13.2 0.988889 -9.38353e-12
13.8 0.988889 -9.69172e-12
14.4 0.988889 -9.93608e-12
15 0.988889 -1.01108e-11
15.6 0.988889 -1.02105e-11
16.2 0.988889 -1.02305e-11
16.8 0.988889 -1.01671e-11
17.4 0.988889 -1.00175e-11
18 0.988889 -9.78054e-12
18.6 0.988889 -9.4565e-12
19.2 0.988889 -9.04773e-12
19.8 0.988889 -8.5588e-12
20.4 0.988889 -7.99682e-12
21 0.988889 -7.37156e-12
21.6 0.988889 -6.69541e-12
22.2 0.988889 -5.98283e-12
22.8 0.988889 -5.24941e-12
23.4 0.988889 -4.51075e-12
24 0.988889 -3.78152e-12
24.6 0.988889 -3.07534e-12
25.2 0.988889 -2.40567e-12
25.8 0.988889 -1.78734e-12
26.4 0.988889 -1.2377e-12
27 0.988889 -7.75962e-13
27.6 0.988889 -4.19721e-13
28.2 0.988889 -1.788e-13
28.8 0.988889 -4.81699e-14
29.4 0.988889 -3.10084e-15
30 0.988889 1.21922e-43
-30 1.1 0
-29.4 1.1 0
-28.8 1.1 0
-28.2 1.1 0
-27.6 1.1 0
-27 1.1 0
-26.4 1.1 0
-25.8 1.1 0
-25.2 1.1 0
-24.6 1.1 0
-24 1.1 0
-23.4 1.1 0
-22.8 1.1 0
-22.2 1.1 0
-21.6 1.1 0
-21 1.1 0
-20.4 1.1 0
-19.8 1.1 0
-19.2 1.1 0
-18.6 1.1 0
-18 1.1 0
-17.4 1.1 0
-16.8 1.1 0
-16.2 1.1 0
-15.6 1.1 0
-15 1.1 0
-14.4 1.1 0
-13.8 1.1 0
-13.2 1.1 0
-12.6 1.1 0
-12 1.1 0
-11.4 1.1 0
-10.8 1.1 0
-10.2 1.1 0
-9.6 1.1 0
-9 1.1 0
-8.4 1.1 0
-7.8 1.1 0
-7.2 1.1 0
-6.6 1.1 0
-6 1.1 0
-5.4 1.1 0
-4.8 1.1 0
-4.2 1.1 0
-3.6 1.1 0
-3 1.1 0
-2.4 1.1 0
-1.8 1.1 0
-1.2 1.1 0
-0.6 1.1 0
0 1.1 0
0.6 1.1 0
1.2 1.1 0
1.8 1.1 0
2.4 1.1 0
3 1.1 0
3.6 1.1 0
4.2 1.1 0
4.8 1.1 0
5.4 1.1 0
6 1.1 0
6.6 1.1 0
7.2 1.1 0
7.8 1.1 0
8.4 1.1 0
9 1.1 0
9.6 1.1 0
10.2 1.1 0
10.8 1.1 0
11.4 1.1 0
12 1.1 0
12.6 1.1 0
13.2 1.1 0
13.8 1.1 0
14.4 1.1 0
15 1.1 0
15.6 1.1 0
16.2 1.1 0
16.8 1.1 0
17.4 1.1 0
18 1.1 0
18.6 1.1 0
19.2 1.1 0
19.8 1.1 0
20.4 1.1 0
21 1.1 0
21.6 1.1 0
22.2 1.1 0
22.8 1.1 0
23.4 1.1 0
24 1.1 0
24.6 1.1 0
25.2 1.1 0
25.8 1.1 0
26.4 1.1 0
27 1.1 0
27.6 1.1 0
28.2 1.1 0
28.8 1.1 0
29.4 1.1 0
30 1.1 0
