-30 0.1 -2.02978e-41
-29.4 0.1 7.82488e-13
-28.8 0.1 8.94689e-12
-28.2 0.1 3.14612e-11
-27.6 0.1 7.21272e-11
-27 0.1 1.31533e-10
-26.4 0.1 2.07902e-10
-25.8 0.1 2.9824e-10
-25.2 0.1 3.99299e-10
-24.6 0.1 5.081e-10
-24 0.1 6.22053e-10
-23.4 0.1 7.38894e-10
-22.8 0.1 8.5675e-10
-22.2 0.1 9.74501e-10
-21.6 0.1 1.09236e-09
-21 0.1 1.21203e-09
-20.4 0.1 1.33539e-09
-19.8 0.1 1.46078e-09
-19.2 0.1 1.57756e-09
-18.6 0.1 1.66294e-09
-18 0.1 1.68828e-09
-17.4 0.1 1.64168e-09
-16.8 0.1 1.5633e-09
-16.2 0.1 1.56993e-09
-15.6 0.1 1.82479e-09
-15 0.1 2.41422e-09
-14.4 0.1 3.15134e-09
-13.8 0.1 3.43697e-09
-13.2 0.1 2.40708e-09
-12.6 0.1 -4.46032e-10
-12 0.1 -4.29308e-09
-11.4 0.1 -6.27079e-09
-10.8 0.1 -2.14435e-09
-10.2 0.1 1.08223e-08
-9.6 0.1 2.92941e-08
-9 0.1 4.036e-08
-8.4 0.1 2.37112e-08
-7.8 0.1 -3.66335e-08
-7.2 0.1 -1.3225e-07
-6.6 0.1 -2.11731e-07
-6 0.1 -1.81289e-07
-5.4 0.1 5.7987e-08
-4.8 0.1 5.32989e-07
-4.2 0.1 1.10601e-06
-3.6 0.1 1.42117e-06
-3 0.1 9.57323e-07
-2.4 0.1 -7.68382e-07
-1.8 0.1 -3.86943e-06
-1.2 0.1 -7.76424e-06
-0.6 0.1 -1.1132e-05
0 0.1 -1.24657e-05
0.6 0.1 -1.10868e-05
1.2 0.1 -7.69492e-06
1.8 0.1 -3.80365e-06
2.4 0.1 -7.24554e-07
3 0.1 9.75806e-07
3.6 0.1 1.42154e-06
4.2 0.1 1.09845e-06
4.8 0.1 5.25198e-07
5.4 0.1 5.3464e-08
6 0.1 -1.82382e-07
6.6 0.1 -2.10824e-07
7.2 0.1 -1.30878e-07
7.8 0.1 -3.5693e-08
8.4 0.1 2.40231e-08
9 0.1 4.02538e-08
9.6 0.1 2.90628e-08
10.2 0.1 1.06551e-08
10.8 0.1 -2.19636e-09
11.4 0.1 -6.24261e-09
12 0.1 -4.24084e-09
12.6 0.1 -4.07618e-10
13.2 0.1 2.42062e-09
13.8 0.1 3.4322e-09
14.4 0.1 3.13975e-09
15 0.1 2.40431e-09
15.6 0.1 1.81982e-09
16.2 0.1 1.56937e-09
16.8 0.1 1.56508e-09
17.4 0.1 1.64389e-09
18 0.1 1.68986e-09
18.6 0.1 1.66361e-09
19.2 0.1 1.57753e-09
19.8 0.1 1.46042e-09
20.4 0.1 1.33501e-09
21 0.1 1.21179e-09
21.6 0.1 1.09228e-09
22.2 0.1 9.74537e-10
22.8 0.1 8.56831e-10
23.4 0.1 7.38967e-10
24 0.1 6.22092e-10
24.6 0.1 5.08108e-10
25.2 0.1 3.99288e-10
25.8 0.1 2.98225e-10
26.4 0.1 2.07892e-10
27 0.1 1.3153e-10
27.6 0.1 7.21286e-11
28.2 0.1 3.14642e-11
28.8 0.1 8.94907e-12
29.4 0.1 7.83214e-13
30 0.1 -2.02969e-41
-30 0.211111 -1.81452e-41
-29.4 0.211111 6.65721e-13
-28.8 0.211111 7.87826e-12
-28.2 0.211111 2.78884e-11
-27.6 0.211111 6.40961e-11
-27 0.211111 1.16998e-10
-26.4 0.211111 1.8496e-10
-25.8 0.211111 2.65271e-10
-25.2 0.211111 3.55033e-10
-24.6 0.211111 4.51645e-10
-24 0.211111 5.52905e-10
-23.4 0.211111 6.56925e-10
-22.8 0.211111 7.621e-10
-22.2 0.211111 8.67284e-10
-21.6 0.211111 9.72134e-10
-21 0.211111 1.0773e-09
-20.4 0.211111 1.18382e-09
-19.8 0.211111 1.29106e-09
-19.2 0.211111 1.39316e-09
-18.6 0.211111 1.47581e-09
-18 0.211111 1.51775e-09
-17.4 0.211111 1.50277e-09
-16.8 0.211111 1.44429e-09
-16.2 0.211111 1.41173e-09
-15.6 0.211111 1.5297e-09
-15 0.211111 1.91153e-09
-14.4 0.211111 2.5137e-09
-13.8 0.211111 2.97509e-09
-13.2 0.211111 2.60955e-09
-12.6 0.211111 7.61487e-10
-12 0.211111 -2.42086e-09
-11.4 0.211111 -5.15293e-09
-10.8 0.211111 -3.98671e-09
-10.2 0.211111 4.41289e-09
-9.6 0.211111 1.95036e-08
-9 0.211111 3.28539e-08
-8.4 0.211111 2.78171e-08
-7.8 0.211111 -1.26883e-08
-7.2 0.211111 -8.92783e-08
-6.6 0.211111 -1.66798e-07
-6 0.211111 -1.68172e-07
-5.4 0.211111 -3.83903e-11
-4.8 0.211111 3.81362e-07
-4.2 0.211111 8.80825e-07
-3.6 0.211111 1.20014e-06
-3 0.211111 8.67593e-07
-2.4 0.211111 -5.8581e-07
-1.8 0.211111 -3.31263e-06
-1.2 0.211111 -6.81923e-06
-0.6 0.211111 -9.89405e-06
0 0.211111 -1.11201e-05
0.6 0.211111 -9.85308e-06
1.2 0.211111 -6.75733e-06
1.8 0.211111 -3.25542e-06
2.4 0.211111 -5.49305e-07
3 0.211111 8.81676e-07
3.6 0.211111 1.19931e-06
4.2 0.211111 8.74284e-07
4.8 0.211111 3.75388e-07
5.4 0.211111 -3.05393e-09
6 0.211111 -1.68535e-07
6.6 0.211111 -1.65852e-07
7.2 0.211111 -8.82179e-08
7.8 0.211111 -1.20874e-08
8.4 0.211111 2.79301e-08
9 0.211111 3.27042e-08
9.6 0.211111 1.93183e-08
10.2 0.211111 4.30824e-09
10.8 0.211111 -4.00009e-09
11.4 0.211111 -5.11615e-09
12 0.211111 -2.3777e-09
12.6 0.211111 7.87475e-10
13.2 0.211111 2.61533e-09
13.8 0.211111 2.96843e-09
14.4 0.211111 2.50376e-09
15 0.211111 1.90404e-09
15.6 0.211111 1.52638e-09
16.2 0.211111 1.41173e-09
16.8 0.211111 1.44592e-09
17.4 0.211111 1.50459e-09
18 0.211111 1.51898e-09
18.6 0.211111 1.47629e-09
19.2 0.211111 1.39309e-09
19.8 0.211111 1.29074e-09
20.4 0.211111 1.1835e-09
21 0.211111 1.07711e-09
21.6 0.211111 9.72087e-10
22.2 0.211111 8.67329e-10
22.8 0.211111 7.62175e-10
23.4 0.211111 6.56985e-10
24 0.211111 5.52934e-10
24.6 0.211111 4.51648e-10
25.2 0.211111 3.55023e-10
25.8 0.211111 2.65259e-10
26.4 0.211111 1.84953e-10
27 0.211111 1.16997e-10
27.6 0.211111 6.4098e-11
28.2 0.211111 2.78911e-11
28.8 0.211111 7.87997e-12
29.4 0.211111 6.66242e-13
30 0.211111 -1.8145e-41
-30 0.322222 -1.59519e-41
-29.4 0.322222 5.62436e-13
-28.8 0.322222 6.84501e-12
-28.2 0.322222 2.43572e-11
-27.6 0.322222 5.60875e-11
-27 0.322222 1.02451e-10
-26.4 0.322222 1.61976e-10
-25.8 0.322222 2.32256e-10
-25.2 0.322222 3.10752e-10
-24.6 0.322222 3.95221e-10
-24 0.322222 4.83798e-10
-23.4 0.322222 5.74895e-10
-22.8 0.322222 6.67136e-10
-22.2 0.322222 7.59453e-10
-21.6 0.322222 8.5131e-10
-21 0.322222 9.42832e-10
-20.4 0.322222 1.03444e-09
-19.8 0.322222 1.12563e-09
-19.2 0.322222 1.21281e-09
-18.6 0.322222 1.28702e-09
-18 0.322222 1.33386e-09
-17.4 0.322222 1.33934e-09
-16.8 0.322222 1.30461e-09
-16.2 0.322222 1.2664e-09
-15.6 0.322222 1.30778e-09
-15 0.322222 1.53072e-09
-14.4 0.322222 1.96551e-09
-13.8 0.322222 2.43354e-09
-13.2 0.322222 2.46245e-09
-12.6 0.322222 1.43079e-09
-12 0.322222 -9.1575e-10
-11.4 0.322222 -3.69231e-09
-10.8 0.322222 -4.42414e-09
-10.2 0.322222 1.43783e-10
-9.6 0.322222 1.13287e-08
-9 0.322222 2.46291e-08
-8.4 0.322222 2.76187e-08
-7.8 0.322222 4.01535e-09
-7.2 0.322222 -5.33082e-08
-6.6 0.322222 -1.23831e-07
-6 0.322222 -1.48002e-07
-5.4 0.322222 -4.1575e-08
-4.8 0.322222 2.51225e-07
-4.2 0.322222 6.74304e-07
-3.6 0.322222 9.87511e-07
-3 0.322222 7.72942e-07
-2.4 0.322222 -4.18563e-07
-1.8 0.322222 -2.77473e-06
-1.2 0.322222 -5.89039e-06
-0.6 0.322222 -8.66762e-06
0 0.322222 -9.7842e-06
0.6 0.322222 -8.63203e-06
1.2 0.322222 -5.83742e-06
1.8 0.322222 -2.72711e-06
2.4 0.322222 -3.89571e-07
3 0.322222 7.83e-07
3.6 0.322222 9.85911e-07
4.2 0.322222 6.68953e-07
4.8 0.322222 2.46936e-07
5.4 0.322222 -4.33685e-08
6 0.322222 -1.47891e-07
6.6 0.322222 -1.22973e-07
7.2 0.322222 -5.25568e-08
7.8 0.322222 4.34895e-09
8.4 0.322222 2.76081e-08
9 0.322222 2.44769e-08
9.6 0.322222 1.11931e-08
10.2 0.322222 8.53692e-11
10.8 0.322222 -4.41676e-09
11.4 0.322222 -3.65669e-09
12 0.322222 -8.82854e-10
12.6 0.322222 1.44766e-09
13.2 0.322222 2.46414e-09
13.8 0.322222 2.42696e-09
14.4 0.322222 1.95742e-09
15 0.322222 1.52501e-09
15.6 0.322222 1.30543e-09
16.2 0.322222 1.26662e-09
16.8 0.322222 1.30605e-09
17.4 0.322222 1.34086e-09
18 0.322222 1.33485e-09
18.6 0.322222 1.28736e-09
19.2 0.322222 1.2127e-09
19.8 0.322222 1.12534e-09
20.4 0.322222 1.03417e-09
21 0.322222 9.4269e-10
21.6 0.322222 8.51291e-10
22.2 0.322222 7.59505e-10
22.8 0.322222 6.67204e-10
23.4 0.322222 5.74944e-10
24 0.322222 4.83818e-10
24.6 0.322222 3.9522e-10
25.2 0.322222 3.10742e-10
25.8 0.322222 2.32247e-10
26.4 0.322222 1.61971e-10
27 0.322222 1.02451e-10
27.6 0.322222 5.60897e-11
28.2 0.322222 2.43594e-11
28.8 0.322222 6.84624e-12
29.4 0.322222 5.62768e-13
30 0.322222 -1.59523e-41
-30 0.433333 -1.37272e-41
-29.4 0.433333 4.6968e-13
-28.8 0.433333 5.83951e-12
-28.2 0.433333 2.0859e-11
-27.6 0.433333 4.80978e-11
-27 0.433333 8.78954e-11
-26.4 0.433333 1.38959e-10
-25.8 0.433333 1.99202e-10
-25.2 0.433333 2.66445e-10
-24.6 0.433333 3.38795e-10
-24 0.433333 4.14703e-10
-23.4 0.433333 4.92844e-10
-22.8 0.433333 5.72035e-10
-22.2 0.433333 6.51297e-10
-21.6 0.433333 7.30049e-10
-21 0.433333 8.08212e-10
-20.4 0.433333 8.85946e-10
-19.8 0.433333 9.62768e-10
-19.2 0.433333 1.0361e-09
-18.6 0.433333 1.09984e-09
-18 0.433333 1.14425e-09
-17.4 0.433333 1.1592e-09
-16.8 0.433333 1.14266e-09
-16.2 0.433333 1.11366e-09
-15.6 0.433333 1.12292e-09
-15 0.433333 1.24474e-09
-14.4 0.433333 1.52925e-09
-13.8 0.433333 1.90906e-09
-13.2 0.433333 2.10318e-09
-12.6 0.433333 1.63306e-09
-12 0.433333 9.98125e-11
-11.4 0.433333 -2.23817e-09
-10.8 0.433333 -3.87195e-09
-10.2 0.433333 -2.14038e-09
-9.6 0.433333 5.15961e-09
-9 0.433333 1.65882e-08
-8.4 0.433333 2.40587e-08
-7.8 0.433333 1.37725e-08
-7.2 0.433333 -2.50944e-08
-6.6 0.433333 -8.43263e-08
-6 0.433333 -1.22058e-07
-5.4 0.433333 -6.6715e-08
-4.8 0.433333 1.43852e-07
-4.2 0.433333 4.88168e-07
-3.6 0.433333 7.84e-07
-3 0.433333 6.72233e-07
-2.4 0.433333 -2.69069e-07
-1.8 0.433333 -2.25768e-06
-1.2 0.433333 -4.97746e-06
-0.6 0.433333 -7.4498e-06
0 0.433333 -8.45384e-06
0.6 0.433333 -7.4203e-06
1.2 0.433333 -4.93429e-06
1.8 0.433333 -2.22005e-06
2.4 0.433333 -2.47366e-07
3 0.433333 6.78801e-07
3.6 0.433333 7.82048e-07
4.2 0.433333 4.84078e-07
4.8 0.433333 1.41032e-07
5.4 0.433333 -6.75951e-08
6 0.433333 -1.21702e-07
6.6 0.433333 -8.36396e-08
7.2 0.433333 -2.46184e-08
7.8 0.433333 1.39178e-08
8.4 0.433333 2.399e-08
9 0.433333 1.64627e-08
9.6 0.433333 5.07259e-09
10.2 0.433333 -2.16651e-09
10.8 0.433333 -3.85643e-09
11.4 0.433333 -2.20905e-09
12 0.433333 1.23312e-10
12.6 0.433333 1.64403e-09
13.2 0.433333 2.10332e-09
13.8 0.433333 1.90349e-09
14.4 0.433333 1.52278e-09
15 0.433333 1.24022e-09
15.6 0.433333 1.12112e-09
16.2 0.433333 1.11396e-09
16.8 0.433333 1.14394e-09
17.4 0.433333 1.1605e-09
18 0.433333 1.14505e-09
18.6 0.433333 1.10008e-09
19.2 0.433333 1.03597e-09
19.8 0.433333 9.62502e-10
20.4 0.433333 8.85728e-10
21 0.433333 8.08112e-10
21.6 0.433333 7.30052e-10
22.2 0.433333 6.51352e-10
22.8 0.433333 5.72094e-10
23.4 0.433333 4.92882e-10
24 0.433333 4.14716e-10
24.6 0.433333 3.38792e-10
25.2 0.433333 2.66436e-10
25.8 0.433333 1.99196e-10
26.4 0.433333 1.38957e-10
27 0.433333 8.78965e-11
27.6 0.433333 4.80999e-11
28.2 0.433333 2.08607e-11
28.8 0.433333 5.84029e-12
29.4 0.433333 4.69853e-13
30 0.433333 -1.37279e-41
-30 0.544444 -1.14772e-41
-29.4 0.544444 3.85421e-13
-28.8 0.544444 4.85639e-12
-28.2 0.544444 1.73873e-11
-27.6 0.544444 4.01228e-11
-27 0.544444 7.33327e-11
-26.4 0.544444 1.15917e-10
-25.8 0.544444 1.66116e-10
-25.2 0.544444 2.22115e-10
-24.6 0.544444 2.82361e-10
-24 0.544444 3.45603e-10
-23.4 0.544444 4.10765e-10
-22.8 0.544444 4.76852e-10
-22.2 0.544444 5.42981e-10
-21.6 0.544444 6.08567e-10
-21 0.544444 6.73455e-10
-20.4 0.544444 7.37757e-10
-19.8 0.544444 8.01144e-10
-19.2 0.544444 8.61698e-10
-18.6 0.544444 9.14857e-10
-18 0.544444 9.53508e-10
-17.4 0.544444 9.70442e-10
-16.8 0.544444 9.63915e-10
-16.2 0.544444 9.45527e-10
-15.6 0.544444 9.46701e-10
-15 0.544444 1.0157e-09
-14.4 0.544444 1.19355e-09
-13.8 0.544444 1.4607e-09
-13.2 0.544444 1.66721e-09
-12.6 0.544444 1.50273e-09
-12 0.544444 6.08866e-10
-11.4 0.544444 -1.07658e-09
-10.8 0.544444 -2.8143e-09
-10.2 0.544444 -2.79463e-09
-9.6 0.544444 1.19433e-09
-9 0.544444 9.64224e-09
-8.4 0.544444 1.8358e-08
-7.8 0.544444 1.72504e-08
-7.2 0.544444 -5.25566e-09
-6.6 0.544444 -5.00847e-08
-6 0.544444 -9.21963e-08
-5.4 0.544444 -7.59259e-08
-4.8 0.544444 6.07388e-08
-4.2 0.544444 3.24874e-07
-3.6 0.544444 5.91011e-07
-3 0.544444 5.64365e-07
-2.4 0.544444 -1.40468e-07
-1.8 0.544444 -1.76434e-06
-1.2 0.544444 -4.08046e-06
-0.6 0.544444 -6.23711e-06
0 0.544444 -7.12385e-06
0.6 0.544444 -6.21406e-06
1.2 0.544444 -4.04739e-06
1.8 0.544444 -1.73654e-06
2.4 0.544444 -1.25468e-07
3 0.544444 5.68099e-07
3.6 0.544444 5.89077e-07
4.2 0.544444 3.22022e-07
4.8 0.544444 5.91094e-08
5.4 0.544444 -7.6202e-08
6 0.544444 -9.17835e-08
6.6 0.544444 -4.96053e-08
7.2 0.544444 -4.99607e-09
7.8 0.544444 1.72849e-08
8.4 0.544444 1.82789e-08
9 0.544444 9.55262e-09
9.6 0.544444 1.14303e-09
10.2 0.544444 -2.80411e-09
10.8 0.544444 -2.79895e-09
11.4 0.544444 -1.0548e-09
12 0.544444 6.25527e-10
12.6 0.544444 1.51032e-09
13.2 0.544444 1.66699e-09
13.8 0.544444 1.45624e-09
14.4 0.544444 1.18838e-09
15 0.544444 1.01207e-09
15.6 0.544444 9.4528e-10
16.2 0.544444 9.45842e-10
16.8 0.544444 9.65031e-10
17.4 0.544444 9.71538e-10
18 0.544444 9.54157e-10
18.6 0.544444 9.15018e-10
19.2 0.544444 8.61551e-10
19.8 0.544444 8.00909e-10
20.4 0.544444 7.37581e-10
21 0.544444 6.73387e-10
21.6 0.544444 6.08584e-10
22.2 0.544444 5.43035e-10
22.8 0.544444 4.76902e-10
23.4 0.544444 4.10794e-10
24 0.544444 3.4561e-10
24.6 0.544444 2.82357e-10
25.2 0.544444 2.22108e-10
25.8 0.544444 1.66112e-10
26.4 0.544444 1.15916e-10
27 0.544444 7.33343e-11
27.6 0.544444 4.01246e-11
28.2 0.544444 1.73884e-11
28.8 0.544444 4.8568e-12
29.4 0.544444 3.85471e-13
30 0.544444 -1.1478e-41
-30 0.655556 -9.20679e-42
-29.4 0.655556 3.08074e-13
-28.8 0.655556 3.89151e-12
-28.2 0.655556 1.39371e-11
-27.6 0.655556 3.21591e-11
-27 0.655556 5.87626e-11
-26.4 0.655556 9.2851e-11
-25.8 0.655556 1.33004e-10
-25.2 0.655556 1.77769e-10
-24.6 0.655556 2.25923e-10
-24 0.655556 2.76495e-10
-23.4 0.655556 3.28653e-10
-22.8 0.655556 3.81591e-10
-22.2 0.655556 4.34554e-10
-21.6 0.655556 4.86984e-10
-21 0.655556 5.38687e-10
-20.4 0.655556 5.8977e-10
-19.8 0.655556 6.40114e-10
-19.2 0.655556 6.88411e-10
-18.6 0.655556 7.31239e-10
-18 0.655556 7.63097e-10
-17.4 0.655556 7.78428e-10
-16.8 0.655556 7.75968e-10
-16.2 0.655556 7.64213e-10
-15.6 0.655556 7.64856e-10
-15 0.655556 8.09399e-10
-14.4 0.655556 9.23902e-10
-13.8 0.655556 1.09932e-09
-13.2 0.655556 1.25292e-09
-12.6 0.655556 1.20387e-09
-12 0.655556 7.11789e-10
-11.4 0.655556 -3.58e-10
-10.8 0.655556 -1.72432e-09
-10.2 0.655556 -2.38023e-09
-9.6 0.655556 -6.90347e-10
-9 0.655556 4.55629e-09
-8.4 0.655556 1.20053e-08
-7.8 0.655556 1.56873e-08
-7.2 0.655556 5.98119e-09
-6.6 0.655556 -2.31571e-08
-6 0.655556 -6.11154e-08
-5.4 0.655556 -7.04354e-08
-4.8 0.655556 3.48058e-09
-4.2 0.655556 1.8795e-07
-3.6 0.655556 4.11146e-07
-3 0.655556 4.48439e-07
-2.4 0.655556 -3.69624e-08
-1.8 0.655556 -1.299e-06
-1.2 0.655556 -3.20002e-06
-0.6 0.655556 -5.0252e-06
0 0.655556 -5.78745e-06
0.6 0.655556 -5.00859e-06
1.2 0.655556 -3.17678e-06
1.8 0.655556 -1.28035e-06
2.4 0.655556 -2.77577e-08
3 0.655556 4.50083e-07
3.6 0.655556 4.09534e-07
4.2 0.655556 1.86217e-07
4.8 0.655556 2.7214e-09
5.4 0.655556 -7.03932e-08
6 0.655556 -6.07766e-08
6.6 0.655556 -2.28734e-08
7.2 0.655556 6.09858e-09
7.8 0.655556 1.5676e-08
8.4 0.655556 1.19426e-08
9 0.655556 4.49875e-09
9.6 0.655556 -7.20227e-10
10.2 0.655556 -2.38369e-09
10.8 0.655556 -1.71241e-09
11.4 0.655556 -3.42188e-10
12 0.655556 7.2392e-10
12.6 0.655556 1.20943e-09
13.2 0.655556 1.25265e-09
13.8 0.655556 1.09579e-09
14.4 0.655556 9.19825e-10
15 0.655556 8.06549e-10
15.6 0.655556 7.63778e-10
16.2 0.655556 7.64522e-10
16.8 0.655556 7.76899e-10
17.4 0.655556 7.79315e-10
18 0.655556 7.636e-10
18.6 0.655556 7.3134e-10
19.2 0.655556 6.88269e-10
19.8 0.655556 6.39916e-10
20.4 0.655556 5.89634e-10
21 0.655556 5.38645e-10
21.6 0.655556 4.87008e-10
22.2 0.655556 4.34603e-10
22.8 0.655556 3.81632e-10
23.4 0.655556 3.28673e-10
24 0.655556 2.76499e-10
24.6 0.655556 2.25919e-10
25.2 0.655556 1.77764e-10
25.8 0.655556 1.33002e-10
26.4 0.655556 9.28517e-11
27 0.655556 5.87643e-11
27.6 0.655556 3.21606e-11
28.2 0.655556 1.39378e-11
28.8 0.655556 3.89164e-12
29.4 0.655556 3.08045e-13
30 0.655556 -9.20761e-42
-30 0.766667 -6.92056e-42
-29.4 0.766667 2.36224e-13
-28.8 0.766667 2.9412e-12
-28.2 0.766667 1.0504e-11
-27.6 0.766667 2.42044e-11
-27 0.766667 4.41857e-11
-26.4 0.766667 6.97647e-11
-25.8 0.766667 9.98692e-11
-25.2 0.766667 1.33411e-10
-24.6 0.766667 1.69487e-10
-24 0.766667 2.07389e-10
-23.4 0.766667 2.46513e-10
-22.8 0.766667 2.86258e-10
-22.2 0.766667 3.26024e-10
-21.6 0.766667 3.65331e-10
-21 0.766667 4.03972e-10
-20.4 0.766667 4.42026e-10
-19.8 0.766667 4.79511e-10
-19.2 0.766667 5.15654e-10
-18.6 0.766667 5.48088e-10
-18 0.766667 5.72725e-10
-17.4 0.766667 5.85206e-10
-16.8 0.766667 5.84267e-10
-16.2 0.766667 5.75991e-10
-15.6 0.766667 5.76123e-10
-15 0.766667 6.06609e-10
-14.4 0.766667 6.83647e-10
-13.8 0.766667 7.98298e-10
-13.2 0.766667 8.96441e-10
-12.6 0.766667 8.71104e-10
-12 0.766667 5.86054e-10
-11.4 0.766667 -4.67554e-11
-10.8 0.766667 -9.21792e-10
-10.2 0.766667 -1.55956e-09
-9.6 0.766667 -1.03935e-09
-9 0.766667 1.65292e-09
-8.4 0.766667 6.55201e-09
-7.8 0.766667 1.10919e-08
-7.2 0.766667 9.30033e-09
-6.6 0.766667 -5.54056e-09
-6 0.766667 -3.26862e-08
-5.4 0.766667 -5.29585e-08
-4.8 0.766667 -2.66404e-08
-4.2 0.766667 8.23733e-08
-3.6 0.766667 2.4916e-07
-3 0.766667 3.2441e-07
-2.4 0.766667 3.56288e-08
-1.8 0.766667 -8.68721e-07
-1.2 0.766667 -2.33785e-06
-0.6 0.766667 -3.80814e-06
0 0.766667 -4.43518e-06
0.6 0.766667 -3.79765e-06
1.2 0.766667 -2.32364e-06
1.8 0.766667 -8.58067e-07
2.4 0.766667 4.02143e-08
3 0.766667 3.24754e-07
3.6 0.766667 2.48094e-07
4.2 0.766667 8.15483e-08
4.8 0.766667 -2.68727e-08
5.4 0.766667 -5.28317e-08
6 0.766667 -3.24793e-08
6.6 0.766667 -5.39957e-09
7.2 0.766667 9.34776e-09
7.8 0.766667 1.10754e-08
8.4 0.766667 6.51164e-09
9 0.766667 1.61714e-09
9.6 0.766667 -1.05821e-09
10.2 0.766667 -1.56153e-09
10.8 0.766667 -9.13301e-10
11.4 0.766667 -3.53912e-11
12 0.766667 5.94827e-10
12.6 0.766667 8.75069e-10
13.2 0.766667 8.96113e-10
13.8 0.766667 7.95602e-10
14.4 0.766667 6.80606e-10
15 0.766667 6.04523e-10
15.6 0.766667 5.7537e-10
16.2 0.766667 5.76263e-10
16.8 0.766667 5.84984e-10
17.4 0.766667 5.85871e-10
18 0.766667 5.73089e-10
18.6 0.766667 5.48146e-10
19.2 0.766667 5.15534e-10
19.8 0.766667 4.79358e-10
20.4 0.766667 4.41928e-10
21 0.766667 4.03948e-10
21.6 0.766667 3.65356e-10
22.2 0.766667 3.26064e-10
22.8 0.766667 2.86288e-10
23.4 0.766667 2.46526e-10
24 0.766667 2.0739e-10
24.6 0.766667 1.69483e-10
25.2 0.766667 1.33408e-10
25.8 0.766667 9.98685e-11
26.4 0.766667 6.97659e-11
27 0.766667 4.41873e-11
27.6 0.766667 2.42054e-11
28.2 0.766667 1.05044e-11
28.8 0.766667 2.94117e-12
29.4 0.766667 2.3616e-13
30 0.766667 -6.92123e-42
-30 0.877778 -4.6227e-42
-29.4 0.877778 1.68518e-13
-28.8 0.877778 2.00196e-12
-28.2 0.877778 7.08422e-12
-27.6 0.877778 1.62565e-11
-27 0.877778 2.96033e-11
-26.4 0.877778 4.66619e-11
-25.8 0.877778 6.67157e-11
-25.2 0.877778 8.9044e-11
-24.6 0.877778 1.13054e-10
-24 0.877778 1.38289e-10
-23.4 0.877778 1.64359e-10
-22.8 0.877778 1.90868e-10
-22.2 0.877778 2.17403e-10
-21.6 0.877778 2.43608e-10
-21 0.877778 2.693e-10
-20.4 0.877778 2.94511e-10
-19.8 0.877778 3.19295e-10
-19.2 0.877778 3.43265e-10
-18.6 0.877778 3.65019e-10
-18 0.877778 3.81933e-10
-17.4 0.877778 3.90993e-10
-16.8 0.877778 3.90989e-10
-16.2 0.877778 3.85491e-10
-15.6 0.877778 3.84666e-10
-15 0.877778 4.03066e-10
-14.4 0.877778 4.51325e-10
-13.8 0.877778 5.229e-10
-13.2 0.877778 5.82038e-10
-12.6 0.877778 5.63178e-10
-12 0.877778 3.91811e-10
-11.4 0.877778 3.06133e-11
-10.8 0.877778 -4.55547e-10
-10.2 0.877778 -8.34885e-10
-9.6 0.877778 -6.84733e-10
-9 0.877778 5.08249e-10
-8.4 0.877778 2.98811e-09
-7.8 0.877778 6.01692e-09
-7.2 0.877778 7.07194e-09
-6.6 0.877778 2.01992e-09
-6 0.877778 -1.18964e-08
-5.4 0.877778 -2.93333e-08
-4.8 0.877778 -3.01844e-08
-4.2 0.877778 1.52255e-08
-3.6 0.877778 1.14101e-07
-3 0.877778 1.94281e-07
-2.4 0.877778 6.92672e-08
-1.8 0.877778 -4.85381e-07
-1.2 0.877778 -1.49899e-06
-0.6 0.877778 -2.57751e-06
0 0.877778 -3.05114e-06
0.6 0.877778 -2.5724e-06
1.2 0.877778 -1.49257e-06
1.8 0.877778 -4.81165e-07
2.4 0.877778 7.06747e-08
3 0.877778 1.94147e-07
3.6 0.877778 1.13659e-07
4.2 0.877778 1.49785e-08
4.8 0.877778 -3.02125e-08
5.4 0.877778 -2.92527e-08
6 0.877778 -1.17993e-08
6.6 0.877778 2.08586e-09
7.2 0.877778 7.09502e-09
7.8 0.877778 6.00739e-09
8.4 0.877778 2.96439e-09
9 0.877778 4.86315e-10
9.6 0.877778 -6.96566e-10
10.2 0.877778 -8.35961e-10
10.8 0.877778 -4.49823e-10
11.4 0.877778 3.81291e-11
12 0.877778 3.97499e-10
12.6 0.877778 5.65638e-10
13.2 0.877778 5.81693e-10
13.8 0.877778 5.21066e-10
14.4 0.877778 4.49327e-10
15 0.877778 4.01731e-10
15.6 0.877778 3.84211e-10
16.2 0.877778 3.85698e-10
16.8 0.877778 3.91472e-10
17.4 0.877778 3.91428e-10
18 0.877778 3.82162e-10
18.6 0.877778 3.65046e-10
19.2 0.877778 3.4318e-10
19.8 0.877778 3.19193e-10
20.4 0.877778 2.9445e-10
21 0.877778 2.6929e-10
21.6 0.877778 2.43628e-10
22.2 0.877778 2.17431e-10
22.8 0.877778 1.90888e-10
23.4 0.877778 1.64367e-10
24 0.877778 1.38289e-10
24.6 0.877778 1.13051e-10
25.2 0.877778 8.90423e-11
25.8 0.877778 6.67158e-11
26.4 0.877778 4.6663e-11
27 0.877778 2.96045e-11
27.6 0.877778 1.62571e-11
28.2 0.877778 7.08436e-12
28.8 0.877778 2.00188e-12
29.4 0.877778 1.68457e-13
30 0.877778 -4.62314e-42
-30 0.988889 -2.31716e-42
-29.4 0.988889 1.0363e-13
-28.8 0.988889 1.07029e-12
-28.2 0.988889 3.67354e-12
-27.6 0.988889 8.31355e-12
-27 0.988889 1.50173e-11
-26.4 0.988889 2.35474e-11
-25.8 0.988889 3.35485e-11
-25.2 0.988889 4.46692e-11
-24.6 0.988889 5.66242e-11
-24 0.988889 6.91963e-11
-23.4 0.988889 8.22004e-11
-22.8 0.988889 9.54441e-11
-22.2 0.988889 1.08718e-10
-21.6 0.988889 1.21826e-10
-21 0.988889 1.34643e-10
-20.4 0.988889 1.47149e-10
-19.8 0.988889 1.59369e-10
-19.2 0.988889 1.7117e-10
-18.6 0.988889 1.81995e-10
-18 0.988889 1.90702e-10
-17.4 0.988889 1.95852e-10
-16.8 0.988889 1.96645e-10
-16.2 0.988889 1.94338e-10
-15.6 0.988889 1.93304e-10
-15 0.988889 2.00358e-10
-14.4 0.988889 2.21111e-10
-13.8 0.988889 2.53588e-10
-13.2 0.988889 2.81939e-10
-12.6 0.988889 2.75672e-10
-12 0.988889 2.00115e-10
-11.4 0.988889 3.97337e-11
-10.8 0.988889 -1.72324e-10
-10.2 0.988889 -3.33772e-10
-9.6 0.988889 -2.80783e-10
-9 0.988889 1.60943e-10
-8.4 0.988889 1.07072e-09
-7.8 0.988889 2.26242e-09
-7.2 0.988889 3.05985e-09
-6.6 0.988889 2.15765e-09
-6 0.988889 -1.97408e-09
-5.4 0.988889 -9.35969e-09
-4.8 0.988889 -1.52206e-08
-4.2 0.988889 -7.72655e-09
-3.6 0.988889 2.52847e-08
-3 0.988889 7.06134e-08
-2.4 0.988889 5.09271e-08
-1.8 0.988889 -1.7568e-07
-1.2 0.988889 -6.93288e-07
-0.6 0.988889 -1.31746e-06
0 0.988889 -1.60973e-06
0.6 0.988889 -1.31733e-06
1.2 0.988889 -6.93089e-07
1.8 0.988889 -1.75518e-07
2.4 0.988889 5.09929e-08
3 0.988889 7.05912e-08
3.6 0.988889 2.52267e-08
4.2 0.988889 -7.76776e-09
4.8 0.988889 -1.52218e-08
5.4 0.988889 -9.32892e-09
6 0.988889 -1.93459e-09
6.6 0.988889 2.18607e-09
7.2 0.988889 3.06968e-09
7.8 0.988889 2.2573e-09
8.4 0.988889 1.05923e-09
9 0.988889 1.50711e-10
9.6 0.988889 -2.85946e-10
10.2 0.988889 -3.33817e-10
10.8 0.988889 -1.69321e-10
11.4 0.988889 4.33679e-11
12 0.988889 2.02735e-10
12.6 0.988889 2.76712e-10
13.2 0.988889 2.81673e-10
13.8 0.988889 2.52667e-10
14.4 0.988889 2.20161e-10
15 0.988889 1.99751e-10
15.6 0.988889 1.93122e-10
16.2 0.988889 1.94461e-10
16.8 0.988889 1.96884e-10
17.4 0.988889 1.96053e-10
18 0.988889 1.90799e-10
18.6 0.988889 1.81997e-10
19.2 0.988889 1.71125e-10
19.8 0.988889 1.59322e-10
20.4 0.988889 1.47125e-10
21 0.988889 1.34642e-10
21.6 0.988889 1.21837e-10
22.2 0.988889 1.08731e-10
22.8 0.988889 9.54525e-11
23.4 0.988889 8.22032e-11
24 0.988889 6.9196e-11
24.6 0.988889 5.66232e-11
25.2 0.988889 4.46688e-11
25.8 0.988889 3.35489e-11
26.4 0.988889 2.35481e-11
27 0.988889 1.50179e-11
27.6 0.988889 8.3138e-12
28.2 0.988889 3.67356e-12
28.8 0.988889 1.07023e-12
29.4 0.988889 1.03597e-13
30 0.988889 -2.31733e-42
-30 1.1 0
-29.4 1.1 0
-28.8 1.1 0
-28.2 1.1 0
-27.6 1.1 0
-27 1.1 0
-26.4 1.1 0
-25.8 1.1 0
-25.2 1.1 0
-24.6 1.1 0
-24 1.1 0
-23.4 1.1 0
-22.8 1.1 0
-22.2 1.1 0
-21.6 1.1 0
-21 1.1 0
-20.4 1.1 0
-19.8 1.1 0
-19.2 1.1 0
-18.6 1.1 0
-18 1.1 0
-17.4 1.1 0
-16.8 1.1 0
-16.2 1.1 0
-15.6 1.1 0
-15 1.1 0
-14.4 1.1 0
-13.8 1.1 0
-13.2 1.1 0
-12.6 1.1 0
-12 1.1 0
-11.4 1.1 0
-10.8 1.1 0
-10.2 1.1 0
-9.6 1.1 0
-9 1.1 0
-8.4 1.1 0
-7.8 1.1 0
-7.2 1.1 0
-6.6 1.1 0
-6 1.1 0
-5.4 1.1 0
-4.8 1.1 0
-4.2 1.1 0
-3.6 1.1 0
-3 1.1 0
-2.4 1.1 0
-1.8 1.1 0
-1.2 1.1 0
-0.6 1.1 0
0 1.1 0
0.6 1.1 0
1.2 1.1 0
1.8 1.1 0
2.4 1.1 0
3 1.1 0
3.6 1.1 0
4.2 1.1 0
4.8 1.1 0
5.4 1.1 0
6 1.1 0
6.6 1.1 0
7.2 1.1 0
7.8 1.1 0
8.4 1.1 0
9 1.1 0
9.6 1.1 0
10.2 1.1 0
10.8 1.1 0
11.4 1.1 0
12 1.1 0
12.6 1.1 0
13.2 1.1 0
13.8 1.1 0
14.4 1.1 0
15 1.1 0
15.6 1.1 0
16.2 1.1 0
16.8 1.1 0
17.4 1.1 0
18 1.1 0
18.6 1.1 0
19.2 1.1 0
19.8 1.1 0
20.4 1.1 0
21 1.1 0
21.6 1.1 0
22.2 1.1 0
22.8 1.1 0
23.4 1.1 0
24 1.1 0
24.6 1.1 0
25.2 1.1 0
25.8 1.1 0
26.4 1.1 0
27 1.1 0
27.6 1.1 0
28.2 1.1 0
28.8 1.1 0
29.4 1.1 0
30 1.1 0
