0 120644 120644 120644
1 120644 120644 120644
2 120644 120644 120644
3 120644 120644 120644
4 120644 120644 120644
5 120644 120644 120644
6 120644 120644 120644
7 120644 120644 120644
8 120644 120644 120644
9 120644 120644 120644
10 120644 120644 120644
11 120644 120644 120644
12 120644 120644 120644
13 120644 120644 120644
14 120644 120644 120644
15 120644 120644 120644
16 120644 120644 120644
17 120644 120644 120644
18 120644 120644 120644
19 120644 120644 120644
20 120644 120644 120644
21 120644 120644 120644
22 120644 120644 120644
23 120644 120644 120644
24 120644 120644 120644
25 120644 120644 120644
26 120644 120644 120644
27 120644 120644 120644
28 120644 120644 120644
29 120644 120644 120644
30 120644 120644 120644
31 120644 120644 120644
32 120644 120644 120644
33 120644 120644 120644
34 120644 120644 120644
35 120644 120644 120644
36 120644 120644 120644
37 120644 120644 120644
38 120644 120644 120644
39 120644 120644 120644
40 120644 120644 120644
41 120644 120644 120644
42 120644 120644 120644
43 120644 120644 120644
44 120644 120644 120644
45 120644 120644 120644
46 120644 120644 120644
47 120644 120644 120644
48 120644 120644 120644
49 120644 120644 120644
50 120644 120644 120644
51 120644 120644 120644
52 120644 120644 120644
53 120644 120644 120644
54 120644 120644 120644
55 120644 120644 120644
56 120644 120644 120644
57 120644 120644 120644
58 120644 120644 120644
59 120644 120644 120644
60 120644 120644 120644
61 120644 120644 120644
62 120644 120644 120644
63 120644 120644 120644
64 120644 120644 120644
65 120644 120644 120644
66 120644 120644 120644
67 120644 120644 120644
68 120644 120644 120644
69 120644 120644 120644
70 120644 120644 120644
71 120644 120644 120644
72 120644 120644 120644
73 120644 120644 120644
74 120644 120644 120644
75 120644 120644 120644
76 120644 120644 120644
77 120644 120644 120644
78 120644 120644 120644
79 120644 120644 120644
80 120644 120644 120644
81 120644 120644 120644
82 120644 120644 120644
83 120644 120644 120644
84 120644 120644 120644
85 120644 120644 120644
86 120644 120644 120644
87 120644 120644 120644
88 120644 120644 120644
89 120644 120644 120644
90 120644 120644 120644
91 120644 120644 120644
92 120644 120644 120644
93 120644 120644 120644
94 120644 120644 120644
95 120644 120644 120644
96 120644 120644 120644
97 120644 120644 120644
98 120644 120644 120644
99 120644 120644 120644
100 120644 120644 120644
101 120644 120644 120644
102 120644 120644 120644
103 120644 120644 120644
104 120644 120644 120644
105 120644 120644 120644
106 120644 120644 120644
107 120644 120644 120644
108 120644 120644 120644
109 120644 120644 120644
110 120644 120644 120644
111 120644 120644 120644
112 120644 120644 120644
113 120644 120644 120644
114 120644 120644 120644
115 120644 120644 120644
116 120644 120644 120644
117 120644 120644 120644
118 120644 120644 120644
119 120644 120644 120644
120 120644 120644 120644
121 120644 120644 120644
122 120644 120644 120644
123 120644 120644 120644
124 120644 120644 120644
125 120644 120644 120644
126 120644 120644 120644
127 120644 120644 120644
128 120644 120644 120644
129 120644 120644 120644
130 120644 120644 120644
131 120644 120644 120644
132 120644 120644 120644
133 120644 120644 120644
134 120644 120644 120644
135 120644 120644 120644
136 120644 120644 120644
137 120644 120644 120644
138 120644 120644 120644
139 120644 120644 120644
140 120644 120644 120644
141 120644 120644 120644
142 120644 120644 120644
143 120644 120644 120644
144 120644 120644 120644
145 120644 120644 120644
146 120644 120644 120644
147 120644 120644 120644
148 120644 120644 120644
149 120644 120644 120644
150 120644 120644 120644
151 120644 120644 120644
152 120644 120644 120644
153 120644 120644 120644
154 120644 120644 120644
155 120644 120644 120644
156 120644 120644 120644
157 120644 120644 120644
158 120644 120644 120644
159 120644 120644 120644
160 120644 120644 120644
161 120644 120644 120644
162 120644 120644 120644
163 120644 120644 120644
164 120644 120644 120644
165 120644 120644 120644
166 120644 120644 120644
167 120644 120644 120644
168 120644 120644 120644
169 120644 120644 120644
170 120644 120644 120644
171 120644 120644 120644
172 120644 120644 120644
173 120644 120644 120644
174 120644 120644 120644
175 120644 120644 120644
176 120644 120644 120644
177 120644 120644 120644
178 120644 120644 120644
179 120644 120644 120644
180 120644 120644 120644
181 120644 120644 120644
182 120644 120644 120644
183 120644 120644 120644
184 120644 120644 120644
185 120644 120644 120644
186 120644 120644 120644
187 120644 120644 120644
188 120644 120644 120644
189 120644 120644 120644
190 120644 120644 120644
191 120644 120644 120644
192 120644 120644 120644
193 120644 120644 120644
194 120644 120644 120644
195 120644 120644 120644
196 120644 120644 120644
197 120644 120644 120644
198 120644 120644 120644
199 120644 120644 120644
