0.01 52.4684
0.02 52.4763
0.03 52.4843
0.04 52.4922
0.05 52.5002
0.06 52.5082
0.07 52.5162
0.08 52.5242
0.09 52.5322
0.1 52.5402
0.11 52.5482
0.12 52.5562
0.13 52.5642
0.14 52.5721
0.15 52.5801
0.16 52.5881
0.17 52.596
0.18 52.6039
0.19 52.6118
0.2 52.6198
0.21 52.6277
0.22 52.6355
0.23 52.6434
0.24 52.6513
0.25 52.6591
0.26 52.667
0.27 52.6748
0.28 52.6826
0.29 52.6904
0.3 52.6982
0.31 52.7059
0.32 52.7137
0.33 52.7214
0.34 52.7291
0.35 52.7369
0.36 52.7445
0.37 52.7522
0.38 52.7599
0.39 52.7675
0.4 52.7752
0.41 52.7828
0.42 52.7904
0.43 52.798
0.44 52.8055
0.45 52.8131
0.46 52.8206
0.47 52.8281
0.48 52.8356
0.49 52.8431
0.5 52.8506
