-30 0.1 -9.61044e-33
-29.4 0.1 0.00314576
-28.8 0.1 0.0139277
-28.2 0.1 0.0328972
-27.6 0.1 0.0595541
-27 0.1 0.0931624
-26.4 0.1 0.133037
-25.8 0.1 0.178527
-25.2 0.1 0.228944
-24.6 0.1 0.28352
-24 0.1 0.341419
-23.4 0.1 0.401749
-22.8 0.1 0.463583
-22.2 0.1 0.525976
-21.6 0.1 0.587975
-21 0.1 0.648633
-20.4 0.1 0.707021
-19.8 0.1 0.76224
-19.2 0.1 0.813437
-18.6 0.1 0.859815
-18 0.1 0.900642
-17.4 0.1 0.935271
-16.8 0.1 0.96314
-16.2 0.1 0.983792
-15.6 0.1 0.996875
-15 0.1 1.00215
-14.4 0.1 0.999512
-13.8 0.1 0.988962
-13.2 0.1 0.970642
-12.6 0.1 0.944814
-12 0.1 0.911866
-11.4 0.1 0.872305
-10.8 0.1 0.826747
-10.2 0.1 0.775914
-9.6 0.1 0.720617
-9 0.1 0.661745
-8.4 0.1 0.600249
-7.8 0.1 0.537126
-7.2 0.1 0.473403
-6.6 0.1 0.410115
-6 0.1 0.348291
-5.4 0.1 0.288934
-4.8 0.1 0.233003
-4.2 0.1 0.181397
-3.6 0.1 0.134937
-3 0.1 0.0943565
-2.4 0.1 0.0602897
-1.8 0.1 0.03326
-1.2 0.1 0.0136754
-0.6 0.1 0.00182228
0 0.1 -0.00213848
0.6 0.1 0.00182574
1.2 0.1 0.0136201
1.8 0.1 0.0330265
2.4 0.1 0.0597105
3 0.1 0.0932298
3.6 0.1 0.133042
4.2 0.1 0.178516
4.8 0.1 0.228936
5.4 0.1 0.283518
6 0.1 0.341419
6.6 0.1 0.401749
7.2 0.1 0.463583
7.8 0.1 0.525976
8.4 0.1 0.587975
9 0.1 0.648633
9.6 0.1 0.707021
10.2 0.1 0.76224
10.8 0.1 0.813437
11.4 0.1 0.859815
12 0.1 0.900642
12.6 0.1 0.935271
13.2 0.1 0.96314
13.8 0.1 0.983792
14.4 0.1 0.996875
15 0.1 1.00215
15.6 0.1 0.999512
16.2 0.1 0.988962
16.8 0.1 0.970642
17.4 0.1 0.944814
18 0.1 0.911866
18.6 0.1 0.872305
19.2 0.1 0.826747
19.8 0.1 0.775914
20.4 0.1 0.720617
21 0.1 0.661745
21.6 0.1 0.60025
22.2 0.1 0.537127
22.8 0.1 0.473403
23.4 0.1 0.410115
24 0.1 0.348291
24.6 0.1 0.288936
25.2 0.1 0.233011
25.8 0.1 0.181408
26.4 0.1 0.134931
27 0.1 0.0942889
27.6 0.1 0.0601332
28.2 0.1 0.0331319
28.8 0.1 0.0139869
29.4 0.1 0.00314838
30 0.1 -9.77158e-33
-30 0.211111 -9.98377e-33
-29.4 0.211111 0.00273091
-28.8 0.211111 0.0126211
-28.2 0.211111 0.0308536
-27.6 0.211111 0.0571866
-27 0.211111 0.0907284
-26.4 0.211111 0.130539
-25.8 0.211111 0.175829
-25.2 0.211111 0.2259
-24.6 0.211111 0.280036
-24 0.211111 0.337452
-23.4 0.211111 0.397295
-22.8 0.211111 0.458669
-22.2 0.211111 0.52066
-21.6 0.211111 0.582347
-21 0.211111 0.642817
-20.4 0.211111 0.701171
-19.8 0.211111 0.756535
-19.2 0.211111 0.808072
-18.6 0.211111 0.854992
-18 0.211111 0.896562
-17.4 0.211111 0.932119
-16.8 0.211111 0.961081
-16.2 0.211111 0.982954
-15.6 0.211111 0.997346
-15 0.211111 1.00397
-14.4 0.211111 1.00267
-13.8 0.211111 0.993391
-13.2 0.211111 0.976223
-12.6 0.211111 0.951381
-12 0.211111 0.919212
-11.4 0.211111 0.880193
-10.8 0.211111 0.83492
-10.2 0.211111 0.784109
-9.6 0.211111 0.728578
-9 0.211111 0.669235
-8.4 0.211111 0.607061
-7.8 0.211111 0.543094
-7.2 0.211111 0.478408
-6.6 0.211111 0.414088
-6 0.211111 0.351214
-5.4 0.211111 0.290838
-4.8 0.211111 0.23396
-4.2 0.211111 0.181512
-3.6 0.211111 0.13434
-3 0.211111 0.0931895
-2.4 0.211111 0.0586949
-1.8 0.211111 0.0313723
-1.2 0.211111 0.011614
-0.6 0.211111 -0.00031549
0 0.211111 -0.0042827
0.6 0.211111 -0.000286263
1.2 0.211111 0.0115459
1.8 0.211111 0.0309638
2.4 0.211111 0.0576055
3 0.211111 0.0910085
3.6 0.211111 0.13062
4.2 0.211111 0.175806
4.8 0.211111 0.225861
5.4 0.211111 0.280015
6 0.211111 0.337448
6.6 0.211111 0.397297
7.2 0.211111 0.458672
7.8 0.211111 0.520661
8.4 0.211111 0.582347
9 0.211111 0.642816
9.6 0.211111 0.70117
10.2 0.211111 0.756535
10.8 0.211111 0.808072
11.4 0.211111 0.854992
12 0.211111 0.896562
12.6 0.211111 0.932119
13.2 0.211111 0.961081
13.8 0.211111 0.982954
14.4 0.211111 0.997346
15 0.211111 1.00397
15.6 0.211111 1.00267
16.2 0.211111 0.993391
16.8 0.211111 0.976223
17.4 0.211111 0.951381
18 0.211111 0.919212
18.6 0.211111 0.880193
19.2 0.211111 0.83492
19.8 0.211111 0.78411
20.4 0.211111 0.728579
21 0.211111 0.669235
21.6 0.211111 0.607062
22.2 0.211111 0.543094
22.8 0.211111 0.478406
23.4 0.211111 0.414085
24 0.211111 0.351217
24.6 0.211111 0.290858
25.2 0.211111 0.233998
25.8 0.211111 0.181535
26.4 0.211111 0.13426
27 0.211111 0.0929087
27.6 0.211111 0.0582747
28.2 0.211111 0.0312656
28.8 0.211111 0.0127048
29.4 0.211111 0.00272529
30 0.211111 -1.03162e-32
-30 0.322222 -1.04838e-32
-29.4 0.322222 0.00237872
-28.8 0.322222 0.0115183
-28.2 0.322222 0.0290137
-27.6 0.322222 0.0548802
-27 0.322222 0.0882366
-26.4 0.322222 0.127975
-25.8 0.322222 0.173127
-25.2 0.322222 0.222913
-24.6 0.322222 0.276634
-24 0.322222 0.333566
-23.4 0.322222 0.392913
-22.8 0.322222 0.45382
-22.2 0.322222 0.515402
-21.6 0.322222 0.576768
-21 0.322222 0.637032
-20.4 0.322222 0.695327
-19.8 0.322222 0.750804
-19.2 0.322222 0.802644
-18.6 0.322222 0.850066
-18 0.322222 0.892338
-17.4 0.322222 0.928787
-16.8 0.322222 0.95881
-16.2 0.322222 0.981885
-15.6 0.322222 0.997578
-15 0.322222 1.00556
-14.4 0.322222 1.00562
-13.8 0.322222 0.997644
-13.2 0.322222 0.981676
-12.6 0.322222 0.957877
-12 0.322222 0.926548
-11.4 0.322222 0.888129
-10.8 0.322222 0.843195
-10.2 0.322222 0.79245
-9.6 0.322222 0.736715
-9 0.322222 0.676916
-8.4 0.322222 0.614065
-7.8 0.322222 0.549242
-7.2 0.322222 0.483567
-6.6 0.322222 0.418183
-6 0.322222 0.354225
-5.4 0.322222 0.292793
-4.8 0.322222 0.234937
-4.2 0.322222 0.181622
-3.6 0.322222 0.13372
-3 0.322222 0.091988
-2.4 0.322222 0.0570624
-1.8 0.322222 0.02945
-1.2 0.322222 0.00952572
-0.6 0.322222 -0.0024701
0 0.322222 -0.00643329
0.6 0.322222 -0.00239505
1.2 0.322222 0.00948312
1.8 0.322222 0.0289195
2.4 0.322222 0.0555254
3 0.322222 0.0888188
3.6 0.322222 0.128236
4.2 0.322222 0.173142
4.8 0.322222 0.222838
5.4 0.322222 0.276571
6 0.322222 0.333541
6.6 0.322222 0.392913
7.2 0.322222 0.453827
7.8 0.322222 0.515407
8.4 0.322222 0.576768
9 0.322222 0.637031
9.6 0.322222 0.695326
10.2 0.322222 0.750804
10.8 0.322222 0.802644
11.4 0.322222 0.850066
12 0.322222 0.892338
12.6 0.322222 0.928787
13.2 0.322222 0.95881
13.8 0.322222 0.981885
14.4 0.322222 0.997578
15 0.322222 1.00556
15.6 0.322222 1.00562
16.2 0.322222 0.997644
16.8 0.322222 0.981676
17.4 0.322222 0.957877
18 0.322222 0.926548
18.6 0.322222 0.888129
19.2 0.322222 0.843195
19.8 0.322222 0.792451
20.4 0.322222 0.736716
21 0.322222 0.676917
21.6 0.322222 0.614065
22.2 0.322222 0.549237
22.8 0.322222 0.48356
23.4 0.322222 0.418182
24 0.322222 0.354247
24.6 0.322222 0.292855
25.2 0.322222 0.235013
25.8 0.322222 0.181611
26.4 0.322222 0.133461
27 0.322222 0.0914022
27.6 0.322222 0.0564125
28.2 0.322222 0.0295546
28.8 0.322222 0.0116007
29.4 0.322222 0.0023577
30 0.322222 -1.09842e-32
-30 0.433333 -1.0674e-32
-29.4 0.433333 0.00208245
-28.8 0.433333 0.0105389
-28.2 0.433333 0.0273104
-27.6 0.433333 0.0526554
-27 0.433333 0.0857455
-26.4 0.433333 0.12537
-25.8 0.433333 0.170403
-25.2 0.433333 0.219954
-24.6 0.433333 0.273303
-24 0.433333 0.329766
-23.4 0.433333 0.388612
-22.8 0.433333 0.44904
-22.2 0.433333 0.510202
-21.6 0.433333 0.571235
-21 0.433333 0.63128
-20.4 0.433333 0.689494
-19.8 0.433333 0.745053
-19.2 0.433333 0.797159
-18.6 0.433333 0.845043
-18 0.433333 0.887976
-17.4 0.433333 0.92528
-16.8 0.433333 0.956332
-16.2 0.433333 0.980585
-15.6 0.433333 0.99757
-15 0.433333 1.00691
-14.4 0.433333 1.00835
-13.8 0.433333 1.00171
-13.2 0.433333 0.986992
-12.6 0.433333 0.964291
-12 0.433333 0.933863
-11.4 0.433333 0.896107
-10.8 0.433333 0.851569
-10.2 0.433333 0.800936
-9.6 0.433333 0.745031
-9 0.433333 0.684794
-8.4 0.433333 0.621269
-7.8 0.433333 0.555576
-7.2 0.433333 0.488889
-6.6 0.433333 0.422408
-6 0.433333 0.357327
-5.4 0.433333 0.294804
-4.8 0.433333 0.235935
-4.2 0.433333 0.181726
-3.6 0.433333 0.133074
-3 0.433333 0.0907503
-2.4 0.433333 0.0553906
-1.8 0.433333 0.0274918
-1.2 0.433333 0.00740954
-0.6 0.433333 -0.00464224
0 0.433333 -0.00859063
0.6 0.433333 -0.00450077
1.2 0.433333 0.00743178
1.8 0.433333 0.0268938
2.4 0.433333 0.0534703
3 0.433333 0.0866604
3.6 0.433333 0.12589
4.2 0.433333 0.170523
4.8 0.433333 0.219868
5.4 0.433333 0.273185
6 0.433333 0.329698
6.6 0.433333 0.388596
7.2 0.433333 0.44905
7.8 0.433333 0.510215
8.4 0.433333 0.571241
9 0.433333 0.63128
9.6 0.433333 0.689491
10.2 0.433333 0.745051
10.8 0.433333 0.797158
11.4 0.433333 0.845043
12 0.433333 0.887977
12.6 0.433333 0.92528
13.2 0.433333 0.956332
13.8 0.433333 0.980585
14.4 0.433333 0.99757
15 0.433333 1.00691
15.6 0.433333 1.00835
16.2 0.433333 1.00171
16.8 0.433333 0.986992
17.4 0.433333 0.964291
18 0.433333 0.933863
18.6 0.433333 0.896107
19.2 0.433333 0.851569
19.8 0.433333 0.800938
20.4 0.433333 0.745033
21 0.433333 0.684795
21.6 0.433333 0.621264
22.2 0.433333 0.555563
22.8 0.433333 0.488877
23.4 0.433333 0.422419
24 0.433333 0.357391
24.6 0.433333 0.294922
25.2 0.433333 0.23603
25.8 0.433333 0.181616
26.4 0.433333 0.132556
27 0.433333 0.089825
27.6 0.433333 0.0545674
28.2 0.433333 0.0279337
28.8 0.433333 0.0105953
29.4 0.433333 0.0020391
30 0.433333 -1.13408e-32
-30 0.544444 -1.07909e-32
-29.4 0.544444 0.00181868
-28.8 0.544444 0.00964871
-28.2 0.544444 0.0257156
-27.6 0.544444 0.0505068
-27 0.544444 0.0832753
-26.4 0.544444 0.122746
-25.8 0.544444 0.16766
-25.2 0.544444 0.21701
-24.6 0.544444 0.270027
-24 0.544444 0.326047
-23.4 0.544444 0.384396
-22.8 0.544444 0.444336
-22.2 0.544444 0.505065
-21.6 0.544444 0.565751
-21 0.544444 0.62556
-20.4 0.544444 0.683672
-19.8 0.544444 0.739286
-19.2 0.544444 0.791623
-18.6 0.544444 0.839931
-18 0.544444 0.883485
-17.4 0.544444 0.921603
-16.8 0.544444 0.953651
-16.2 0.544444 0.979057
-15.6 0.544444 0.997319
-15 0.544444 1.00802
-14.4 0.544444 1.01085
-13.8 0.544444 1.00559
-13.2 0.544444 0.992157
-12.6 0.544444 0.97061
-12 0.544444 0.941146
-11.4 0.544444 0.904117
-10.8 0.544444 0.860034
-10.2 0.544444 0.809565
-9.6 0.544444 0.753528
-9 0.544444 0.692875
-8.4 0.544444 0.628679
-7.8 0.544444 0.562105
-7.2 0.544444 0.494381
-6.6 0.544444 0.426769
-6 0.544444 0.360526
-5.4 0.544444 0.296872
-4.8 0.544444 0.236955
-4.2 0.544444 0.181824
-3.6 0.544444 0.132402
-3 0.544444 0.0894744
-2.4 0.544444 0.0536775
-1.8 0.544444 0.0254962
-1.2 0.544444 0.00526439
-0.6 0.544444 -0.00683257
0 0.544444 -0.0107551
0.6 0.544444 -0.00660351
1.2 0.544444 0.00539193
1.8 0.544444 0.0248867
2.4 0.544444 0.0514402
3 0.544444 0.0845332
3.6 0.544444 0.123582
4.2 0.544444 0.167949
4.8 0.544444 0.216949
5.4 0.544444 0.269858
6 0.544444 0.325918
6.6 0.544444 0.384346
7.2 0.544444 0.44434
7.8 0.544444 0.505086
8.4 0.544444 0.565767
9 0.544444 0.625566
9.6 0.544444 0.68367
10.2 0.544444 0.739283
10.8 0.544444 0.791621
11.4 0.544444 0.83993
12 0.544444 0.883485
12.6 0.544444 0.921603
13.2 0.544444 0.953651
13.8 0.544444 0.979057
14.4 0.544444 0.997319
15 0.544444 1.00802
15.6 0.544444 1.01085
16.2 0.544444 1.00559
16.8 0.544444 0.992157
17.4 0.544444 0.97061
18 0.544444 0.941145
18.6 0.544444 0.904117
19.2 0.544444 0.860036
19.8 0.544444 0.809569
20.4 0.544444 0.753531
21 0.544444 0.692873
21.6 0.544444 0.628666
22.2 0.544444 0.562082
22.8 0.544444 0.494371
23.4 0.544444 0.426809
24 0.544444 0.36065
24.6 0.544444 0.297049
25.2 0.544444 0.237036
25.8 0.544444 0.181553
26.4 0.544444 0.131565
27 0.544444 0.0881956
27.6 0.544444 0.0527341
28.2 0.544444 0.0263756
28.8 0.544444 0.00965527
29.4 0.544444 0.00174645
30 0.544444 -1.16207e-32
-30 0.655556 -1.08317e-32
-29.4 0.655556 0.00158011
-28.8 0.655556 0.00882609
-28.2 0.655556 0.0242089
-27.6 0.655556 0.048429
-27 0.655556 0.0808352
-26.4 0.655556 0.120118
-25.8 0.655556 0.164905
-25.2 0.655556 0.214075
-24.6 0.655556 0.266794
-24 0.655556 0.3224
-23.4 0.655556 0.380265
-22.8 0.655556 0.439713
-22.2 0.655556 0.499996
-21.6 0.655556 0.56032
-21 0.655556 0.619876
-20.4 0.655556 0.677866
-19.8 0.655556 0.733508
-19.2 0.655556 0.786044
-18.6 0.655556 0.834736
-18 0.655556 0.87887
-17.4 0.655556 0.917763
-16.8 0.655556 0.950772
-16.2 0.655556 0.977302
-15.6 0.655556 0.996825
-15 0.655556 1.00888
-14.4 0.655556 1.01311
-13.8 0.655556 1.00925
-13.2 0.655556 0.997157
-12.6 0.655556 0.97682
-12 0.655556 0.948383
-11.4 0.655556 0.912148
-10.8 0.655556 0.868585
-10.2 0.655556 0.818336
-9.6 0.655556 0.762208
-9 0.655556 0.701164
-8.4 0.655556 0.636305
-7.8 0.655556 0.568839
-7.2 0.655556 0.500053
-6.6 0.655556 0.431274
-6 0.655556 0.363828
-5.4 0.655556 0.299001
-4.8 0.655556 0.237999
-4.2 0.655556 0.181914
-3.6 0.655556 0.131701
-3 0.655556 0.0881581
-2.4 0.655556 0.0519212
-1.8 0.655556 0.0234615
-1.2 0.655556 0.00308914
-0.6 0.655556 -0.00904176
0 0.655556 -0.0129269
0.6 0.655556 -0.00870332
1.2 0.655556 0.00336367
1.8 0.655556 0.0228984
2.4 0.655556 0.0494351
3 0.655556 0.0824369
3.6 0.655556 0.121311
4.2 0.655556 0.165418
4.8 0.655556 0.21408
5.4 0.655556 0.266587
6 0.655556 0.322201
6.6 0.655556 0.380162
7.2 0.655556 0.439696
7.8 0.655556 0.500021
8.4 0.655556 0.560348
9 0.655556 0.619891
9.6 0.655556 0.677868
10.2 0.655556 0.733504
10.8 0.655556 0.78604
11.4 0.655556 0.834734
12 0.655556 0.87887
12.6 0.655556 0.917764
13.2 0.655556 0.950772
13.8 0.655556 0.977303
14.4 0.655556 0.996825
15 0.655556 1.00888
15.6 0.655556 1.01311
16.2 0.655556 1.00925
16.8 0.655556 0.997157
17.4 0.655556 0.976819
18 0.655556 0.948382
18.6 0.655556 0.912149
19.2 0.655556 0.868588
19.8 0.655556 0.818341
20.4 0.655556 0.76221
21 0.655556 0.701155
21.6 0.655556 0.636278
22.2 0.655556 0.568807
22.8 0.655556 0.500054
23.4 0.655556 0.431361
24 0.655556 0.364024
24.6 0.655556 0.299228
25.2 0.655556 0.238029
25.8 0.655556 0.181426
26.4 0.655556 0.130499
27 0.655556 0.0865219
27.6 0.655556 0.0509069
28.2 0.655556 0.0248603
28.8 0.655556 0.00875959
29.4 0.655556 0.00147269
30 0.655556 -1.18204e-32
-30 0.766667 -1.08283e-32
-29.4 0.766667 0.00136079
-28.8 0.766667 0.0080578
-28.2 0.766667 0.0227761
-27.6 0.766667 0.0464158
-27 0.766667 0.0784296
-26.4 0.766667 0.117495
-25.8 0.766667 0.162145
-25.2 0.766667 0.211149
-24.6 0.766667 0.263598
-24 0.766667 0.318817
-23.4 0.766667 0.376215
-22.8 0.766667 0.435173
-22.2 0.766667 0.495
-21.6 0.766667 0.554945
-21 0.766667 0.61423
-20.4 0.766667 0.672077
-19.8 0.766667 0.727723
-19.2 0.766667 0.780427
-18.6 0.766667 0.829468
-18 0.766667 0.874141
-17.4 0.766667 0.913768
-16.8 0.766667 0.947699
-16.2 0.766667 0.975324
-15.6 0.766667 0.996087
-15 0.766667 1.0095
-14.4 0.766667 1.01514
-13.8 0.766667 1.0127
-13.2 0.766667 1.00198
-12.6 0.766667 0.982907
-12 0.766667 0.955561
-11.4 0.766667 0.920189
-10.8 0.766667 0.877213
-10.2 0.766667 0.827243
-9.6 0.766667 0.771071
-9 0.766667 0.709666
-8.4 0.766667 0.644153
-7.8 0.766667 0.575786
-7.2 0.766667 0.505912
-6.6 0.766667 0.435929
-6 0.766667 0.367237
-5.4 0.766667 0.301194
-4.8 0.766667 0.239067
-4.2 0.766667 0.181996
-3.6 0.766667 0.130969
-3 0.766667 0.0867992
-2.4 0.766667 0.0501196
-1.8 0.766667 0.0213862
-1.2 0.766667 0.000882661
-0.6 0.766667 -0.0112704
0 0.766667 -0.0151064
0.6 0.766667 -0.0108002
1.2 0.766667 0.0013471
1.8 0.766667 0.0209289
2.4 0.766667 0.0474549
3 0.766667 0.0803714
3.6 0.766667 0.119076
4.2 0.766667 0.16293
4.8 0.766667 0.211261
5.4 0.766667 0.263372
6 0.766667 0.318545
6.6 0.766667 0.376043
7.2 0.766667 0.435119
7.8 0.766667 0.495019
8.4 0.766667 0.554985
9 0.766667 0.614259
9.6 0.766667 0.672087
10.2 0.766667 0.727721
10.8 0.766667 0.780421
11.4 0.766667 0.829463
12 0.766667 0.87414
12.6 0.766667 0.913769
13.2 0.766667 0.9477
13.8 0.766667 0.975325
14.4 0.766667 0.996088
15 0.766667 1.0095
15.6 0.766667 1.01514
16.2 0.766667 1.0127
16.8 0.766667 1.00198
17.4 0.766667 0.982906
18 0.766667 0.955561
18.6 0.766667 0.920192
19.2 0.766667 0.87722
19.8 0.766667 0.82725
20.4 0.766667 0.771069
21 0.766667 0.709645
21.6 0.766667 0.644112
22.2 0.766667 0.57575
22.8 0.766667 0.505939
23.4 0.766667 0.43608
24 0.766667 0.367515
24.6 0.766667 0.301458
25.2 0.766667 0.239007
25.8 0.766667 0.181241
26.4 0.766667 0.129367
27 0.766667 0.0848069
27.6 0.766667 0.0490792
28.2 0.766667 0.023374
28.8 0.766667 0.00789539
29.4 0.766667 0.00121204
30 0.766667 -1.1971e-32
-30 0.877778 -1.07903e-32
-29.4 0.877778 0.00115715
-28.8 0.877778 0.00733447
-28.2 0.877778 0.0214069
-27.6 0.877778 0.0444616
-27 0.877778 0.0760603
-26.4 0.877778 0.114883
-25.8 0.877778 0.159385
-25.2 0.877778 0.20823
-24.6 0.877778 0.260434
-24 0.877778 0.315293
-23.4 0.877778 0.372243
-22.8 0.877778 0.430715
-22.2 0.877778 0.490079
-21.6 0.877778 0.549631
-21 0.877778 0.608626
-20.4 0.877778 0.666309
-19.8 0.877778 0.721934
-19.2 0.877778 0.774777
-18.6 0.877778 0.824131
-18 0.877778 0.869305
-17.4 0.877778 0.909626
-16.8 0.877778 0.94444
-16.2 0.877778 0.973127
-15.6 0.877778 0.995106
-15 0.877778 1.00985
-14.4 0.877778 1.01691
-13.8 0.877778 1.01592
-13.2 0.877778 1.00661
-12.6 0.877778 0.988856
-12 0.877778 0.962666
-11.4 0.877778 0.928228
-10.8 0.877778 0.88591
-10.2 0.877778 0.836284
-9.6 0.877778 0.780119
-9 0.877778 0.718386
-8.4 0.877778 0.652232
-7.8 0.877778 0.582956
-7.2 0.877778 0.51197
-6.6 0.877778 0.440744
-6 0.877778 0.370761
-5.4 0.877778 0.303454
-4.8 0.877778 0.240159
-4.2 0.877778 0.18207
-3.6 0.877778 0.130206
-3 0.877778 0.0853955
-2.4 0.877778 0.0482704
-1.8 0.877778 0.0192683
-1.2 0.877778 -0.00135625
-0.6 0.877778 -0.0135192
0 0.877778 -0.0172937
0.6 0.877778 -0.0128941
1.2 0.877778 -0.000657632
1.8 0.877778 0.0189783
2.4 0.877778 0.0454997
3 0.877778 0.0783365
3.6 0.877778 0.116878
4.2 0.877778 0.160485
4.8 0.877778 0.208491
5.4 0.877778 0.260213
6 0.877778 0.31495
6.6 0.877778 0.37199
7.2 0.877778 0.430609
7.8 0.877778 0.490082
8.4 0.877778 0.549679
9 0.877778 0.608671
9.6 0.877778 0.666331
10.2 0.877778 0.721937
10.8 0.877778 0.774771
11.4 0.877778 0.824124
12 0.877778 0.869301
12.6 0.877778 0.909625
13.2 0.877778 0.944441
13.8 0.877778 0.973128
14.4 0.877778 0.995107
15 0.877778 1.00985
15.6 0.877778 1.01691
16.2 0.877778 1.01592
16.8 0.877778 1.00661
17.4 0.877778 0.988855
18 0.877778 0.962667
18.6 0.877778 0.928233
19.2 0.877778 0.88592
19.8 0.877778 0.83629
20.4 0.877778 0.78011
21 0.877778 0.718349
21.6 0.877778 0.652175
22.2 0.877778 0.582923
22.8 0.877778 0.512036
23.4 0.877778 0.440974
24 0.877778 0.371123
24.6 0.877778 0.303737
25.2 0.877778 0.239972
25.8 0.877778 0.181001
26.4 0.877778 0.128171
27 0.877778 0.0830511
27.6 0.877778 0.0472448
28.2 0.877778 0.0219062
28.8 0.877778 0.0070535
29.4 0.877778 0.000961049
30 0.877778 -1.20814e-32
-30 0.988889 -1.0727e-32
-29.4 0.988889 0.000966552
-28.8 0.988889 0.00664933
-28.2 0.988889 0.0200932
-27.6 0.988889 0.0425617
-27 0.988889 0.0737277
-26.4 0.988889 0.112286
-25.8 0.988889 0.156628
-25.2 0.988889 0.205321
-24.6 0.988889 0.257298
-24 0.988889 0.311823
-23.4 0.988889 0.368343
-22.8 0.988889 0.426338
-22.2 0.988889 0.485235
-21.6 0.988889 0.544381
-21 0.988889 0.603069
-20.4 0.988889 0.660566
-19.8 0.988889 0.716146
-19.2 0.988889 0.7691
-18.6 0.988889 0.818733
-18 0.988889 0.86437
-17.4 0.988889 0.905343
-16.8 0.988889 0.941001
-16.2 0.988889 0.970714
-15.6 0.988889 0.993884
-15 0.988889 1.00995
-14.4 0.988889 1.01843
-13.8 0.988889 1.0189
-13.2 0.988889 1.01104
-12.6 0.988889 0.994652
-12 0.988889 0.969683
-11.4 0.988889 0.93625
-10.8 0.988889 0.894666
-10.2 0.988889 0.845452
-9.6 0.988889 0.789352
-9 0.988889 0.727328
-8.4 0.988889 0.66055
-7.8 0.988889 0.590361
-7.2 0.988889 0.518236
-6.6 0.988889 0.445729
-6 0.988889 0.374406
-5.4 0.988889 0.305786
-4.8 0.988889 0.241279
-4.2 0.988889 0.182134
-3.6 0.988889 0.129408
-3 0.988889 0.0839443
-2.4 0.988889 0.0463712
-1.8 0.988889 0.017106
-1.2 0.988889 -0.00362884
-0.6 0.988889 -0.0157888
0 0.988889 -0.019489
0.6 0.988889 -0.0149849
1.2 0.988889 -0.00265033
1.8 0.988889 0.0170469
2.4 0.988889 0.0435696
3 0.988889 0.0763321
3.6 0.988889 0.114716
4.2 0.988889 0.158082
4.8 0.988889 0.20577
5.4 0.988889 0.257109
6 0.988889 0.311416
6.6 0.988889 0.368
7.2 0.988889 0.426165
7.8 0.988889 0.485209
8.4 0.988889 0.544431
9 0.988889 0.60313
9.6 0.988889 0.660605
10.2 0.988889 0.716158
10.8 0.988889 0.769094
11.4 0.988889 0.818723
12 0.988889 0.864362
12.6 0.988889 0.90534
13.2 0.988889 0.941002
13.8 0.988889 0.970716
14.4 0.988889 0.993885
15 0.988889 1.00996
15.6 0.988889 1.01843
16.2 0.988889 1.0189
16.8 0.988889 1.01104
17.4 0.988889 0.994651
18 0.988889 0.969686
18.6 0.988889 0.93626
19.2 0.988889 0.894678
19.8 0.988889 0.845456
20.4 0.988889 0.78933
21 0.988889 0.727272
21.6 0.988889 0.660479
22.2 0.988889 0.590338
22.8 0.988889 0.518356
23.4 0.988889 0.446049
24 0.988889 0.374853
24.6 0.988889 0.306069
25.2 0.988889 0.240925
25.8 0.988889 0.180709
26.4 0.988889 0.126915
27 0.988889 0.0812531
27.6 0.988889 0.0453982
28.2 0.988889 0.0204489
28.8 0.988889 0.00622726
29.4 0.988889 0.000717135
30 0.988889 -1.21604e-32
-30 1.1 -1.06438e-32
-29.4 1.1 0.000787052
-28.8 1.1 0.00599724
-28.2 1.1 0.0188287
-27.6 1.1 0.0407118
-27 1.1 0.0714315
-26.4 1.1 0.109708
-25.8 1.1 0.153879
-25.2 1.1 0.202423
-24.6 1.1 0.25419
-24 1.1 0.308403
-23.4 1.1 0.364512
-22.8 1.1 0.422041
-22.2 1.1 0.480469
-21.6 1.1 0.539199
-21 1.1 0.597561
-20.4 1.1 0.654852
-19.8 1.1 0.710363
-19.2 1.1 0.763399
-18.6 1.1 0.81328
-18 1.1 0.859342
-17.4 1.1 0.900927
-16.8 1.1 0.937389
-16.2 1.1 0.968092
-15.6 1.1 0.992422
-15 1.1 1.0098
-14.4 1.1 1.01969
-13.8 1.1 1.02163
-13.2 1.1 1.01525
-12.6 1.1 1.00028
-12 1.1 0.976595
-11.4 1.1 0.944243
-10.8 1.1 0.903469
-10.2 1.1 0.854741
-9.6 1.1 0.798767
-9 1.1 0.736497
-8.4 1.1 0.669115
-7.8 1.1 0.598009
-7.2 1.1 0.524722
-6.6 1.1 0.450892
-6 1.1 0.378179
-5.4 1.1 0.308194
-4.8 1.1 0.242427
-4.2 1.1 0.182187
-3.6 1.1 0.128573
-3 1.1 0.082443
-2.4 1.1 0.0444195
-1.8 1.1 0.0148973
-1.2 1.1 -0.0059364
-0.6 1.1 -0.0180796
0 1.1 -0.0216923
0.6 1.1 -0.0170724
1.2 1.1 -0.00463078
1.8 1.1 0.0151347
2.4 1.1 0.0416645
3 1.1 0.0743582
3.6 1.1 0.11259
4.2 1.1 0.15572
4.8 1.1 0.203095
5.4 1.1 0.254058
6 1.1 0.307941
6.6 1.1 0.364075
7.2 1.1 0.421786
7.8 1.1 0.4804
8.4 1.1 0.539242
9 1.1 0.597637
9.6 1.1 0.65491
10.2 1.1 0.710388
10.8 1.1 0.763398
11.4 1.1 0.813268
12 1.1 0.85933
12.6 1.1 0.900921
13.2 1.1 0.937388
13.8 1.1 0.968094
14.4 1.1 0.992424
15 1.1 1.0098
15.6 1.1 1.01969
16.2 1.1 1.02163
16.8 1.1 1.01525
17.4 1.1 1.00028
18 1.1 0.976601
18.6 1.1 0.944257
19.2 1.1 0.903484
19.8 1.1 0.85474
20.4 1.1 0.798729
21 1.1 0.736419
21.6 1.1 0.669032
22.2 1.1 0.598008
22.8 1.1 0.52491
23.4 1.1 0.451315
24 1.1 0.378708
24.6 1.1 0.308455
25.2 1.1 0.24187
25.8 1.1 0.180369
26.4 1.1 0.1256
27 1.1 0.0794112
27.6 1.1 0.0435341
28.2 1.1 0.0189954
28.8 1.1 0.0054115
29.4 1.1 0.000478405
30 1.1 -1.22129e-32
