-30 0.05 -8.46893e-35
-28.8 0.05 1.46824e-05
-27.6 0.05 6.08242e-05
-26.4 0.05 0.000134772
-25.2 0.05 0.000231522
-24 0.05 0.000345161
-22.8 0.05 0.000468537
-21.6 0.05 0.000593885
-20.4 0.05 0.000713336
-19.2 0.05 0.000819381
-18 0.05 0.00090536
-16.8 0.05 0.000965868
-15.6 0.05 0.000997104
-14.4 0.05 0.000997105
-13.2 0.05 0.000965872
-12 0.05 0.000905365
-10.8 0.05 0.000819388
-9.6 0.05 0.000713342
-8.4 0.05 0.000593892
-7.2 0.05 0.000468541
-6 0.05 0.000345167
-4.8 0.05 0.000231522
-3.6 0.05 0.000134747
-2.4 0.05 6.09218e-05
-1.2 0.05 1.46861e-05
0 0.05 -1.05553e-06
1.2 0.05 1.4686e-05
2.4 0.05 6.09216e-05
3.6 0.05 0.000134746
4.8 0.05 0.00023152
6 0.05 0.000345164
7.2 0.05 0.000468536
8.4 0.05 0.000593885
9.6 0.05 0.000713336
10.8 0.05 0.000819381
12 0.05 0.00090536
13.2 0.05 0.000965868
14.4 0.05 0.000997104
15.6 0.05 0.000997105
16.8 0.05 0.000965872
18 0.05 0.000905365
19.2 0.05 0.000819388
20.4 0.05 0.000713342
21.6 0.05 0.000593892
22.8 0.05 0.000468542
24 0.05 0.000345164
25.2 0.05 0.000231524
26.4 0.05 0.000134773
27.6 0.05 6.08244e-05
28.8 0.05 1.46824e-05
30 0.05 -8.46896e-35
-30 0.102632 -8.25143e-35
-28.8 0.102632 1.38741e-05
-27.6 0.102632 5.97105e-05
-26.4 0.102632 0.000134009
-25.2 0.102632 0.000230978
-24 0.102632 0.000344825
-22.8 0.102632 0.000468467
-21.6 0.102632 0.000594082
-20.4 0.102632 0.000713782
-19.2 0.102632 0.000820052
-18 0.102632 0.000906213
-16.8 0.102632 0.000966849
-15.6 0.102632 0.000998153
-14.4 0.102632 0.000998155
-13.2 0.102632 0.000966857
-12 0.102632 0.000906224
-10.8 0.102632 0.000820066
-9.6 0.102632 0.000713796
-8.4 0.102632 0.000594093
-7.2 0.102632 0.000468477
-6 0.102632 0.000344842
-4.8 0.102632 0.000230956
-3.6 0.102632 0.000133976
-2.4 0.102632 5.99951e-05
-1.2 0.102632 1.36616e-05
0 0.102632 -2.11322e-06
1.2 0.102632 1.36616e-05
2.4 0.102632 5.99946e-05
3.6 0.102632 0.000133974
4.8 0.102632 0.000230952
6 0.102632 0.000344835
7.2 0.102632 0.000468467
8.4 0.102632 0.00059408
9.6 0.102632 0.000713783
10.8 0.102632 0.000820052
12 0.102632 0.000906212
13.2 0.102632 0.000966849
14.4 0.102632 0.000998153
15.6 0.102632 0.000998155
16.8 0.102632 0.000966857
18 0.102632 0.000906224
19.2 0.102632 0.000820066
20.4 0.102632 0.000713796
21.6 0.102632 0.000594094
22.8 0.102632 0.000468477
24 0.102632 0.000344831
25.2 0.102632 0.000230982
26.4 0.102632 0.00013401
27.6 0.102632 5.9711e-05
28.8 0.102632 1.38741e-05
30 0.102632 -8.25148e-35
-30 0.155263 -8.03484e-35
-28.8 0.155263 1.31792e-05
-27.6 0.155263 5.85872e-05
-26.4 0.155263 0.000133194
-25.2 0.155263 0.000230452
-24 0.155263 0.000344493
-22.8 0.155263 0.000468392
-21.6 0.155263 0.000594279
-20.4 0.155263 0.00071423
-19.2 0.155263 0.000820724
-18 0.155263 0.000907067
-16.8 0.155263 0.000967833
-15.6 0.155263 0.000999203
-14.4 0.155263 0.000999207
-13.2 0.155263 0.000967844
-12 0.155263 0.000907084
-10.8 0.155263 0.000820745
-9.6 0.155263 0.000714251
-8.4 0.155263 0.000594294
-7.2 0.155263 0.000468413
-6 0.155263 0.000344516
-4.8 0.155263 0.000230389
-3.6 0.155263 0.000133204
-2.4 0.155263 5.90664e-05
-1.2 0.155263 1.2635e-05
0 0.155263 -3.17314e-06
1.2 0.155263 1.26349e-05
2.4 0.155263 5.90656e-05
3.6 0.155263 0.000133201
4.8 0.155263 0.000230383
6 0.155263 0.000344506
7.2 0.155263 0.000468398
8.4 0.155263 0.000594276
9.6 0.155263 0.00071423
10.8 0.155263 0.000820725
12 0.155263 0.000907067
13.2 0.155263 0.000967833
14.4 0.155263 0.000999203
15.6 0.155263 0.000999207
16.8 0.155263 0.000967844
18 0.155263 0.000907084
19.2 0.155263 0.000820744
20.4 0.155263 0.000714251
21.6 0.155263 0.000594298
22.8 0.155263 0.000468406
24 0.155263 0.000344503
25.2 0.155263 0.000230458
26.4 0.155263 0.000133197
27.6 0.155263 5.8588e-05
28.8 0.155263 1.31793e-05
30 0.155263 -8.03492e-35
-30 0.207895 -7.82356e-35
-28.8 0.207895 1.25559e-05
-27.6 0.207895 5.74757e-05
-26.4 0.207895 0.000132335
-25.2 0.207895 0.000229928
-24 0.207895 0.000344172
-22.8 0.207895 0.000468312
-21.6 0.207895 0.000594476
-20.4 0.207895 0.000714681
-19.2 0.207895 0.000821397
-18 0.207895 0.000907924
-16.8 0.207895 0.000968819
-15.6 0.207895 0.00100026
-14.4 0.207895 0.00100026
-13.2 0.207895 0.000968834
-12 0.207895 0.000907946
-10.8 0.207895 0.000821425
-9.6 0.207895 0.000714707
-8.4 0.207895 0.000594497
-7.2 0.207895 0.000468349
-6 0.207895 0.00034419
-4.8 0.207895 0.000229821
-3.6 0.207895 0.00013243
-2.4 0.207895 5.81357e-05
-1.2 0.207895 1.16062e-05
0 0.207895 -4.23531e-06
1.2 0.207895 1.16062e-05
2.4 0.207895 5.81347e-05
3.6 0.207895 0.000132426
4.8 0.207895 0.000229813
6 0.207895 0.000344176
7.2 0.207895 0.000468329
8.4 0.207895 0.000594472
9.6 0.207895 0.000714679
10.8 0.207895 0.000821398
12 0.207895 0.000907924
13.2 0.207895 0.000968819
14.4 0.207895 0.00100026
15.6 0.207895 0.00100026
16.8 0.207895 0.000968834
18 0.207895 0.000907946
19.2 0.207895 0.000821424
20.4 0.207895 0.000714708
21.6 0.207895 0.000594501
22.8 0.207895 0.000468332
24 0.207895 0.000344186
25.2 0.207895 0.000229936
26.4 0.207895 0.000132338
27.6 0.207895 5.74767e-05
28.8 0.207895 1.2556e-05
30 0.207895 -7.82366e-35
-30 0.260526 -7.61827e-35
-28.8 0.260526 1.1983e-05
-27.6 0.260526 5.63814e-05
-26.4 0.260526 0.000131439
-25.2 0.260526 0.000229397
-24 0.260526 0.000343864
-22.8 0.260526 0.000468231
-21.6 0.260526 0.00059467
-20.4 0.260526 0.000715133
-19.2 0.260526 0.000822072
-18 0.260526 0.000908781
-16.8 0.260526 0.000969807
-15.6 0.260526 0.00100131
-14.4 0.260526 0.00100132
-13.2 0.260526 0.000969825
-12 0.260526 0.00090881
-10.8 0.260526 0.000822107
-9.6 0.260526 0.000715163
-8.4 0.260526 0.000594699
-7.2 0.260526 0.000468284
-6 0.260526 0.000343862
-4.8 0.260526 0.000229252
-3.6 0.260526 0.000131655
-2.4 0.260526 5.72031e-05
-1.2 0.260526 1.05752e-05
0 0.260526 -5.29971e-06
1.2 0.260526 1.05752e-05
2.4 0.260526 5.72019e-05
3.6 0.260526 0.00013165
4.8 0.260526 0.000229242
6 0.260526 0.000343845
7.2 0.260526 0.00046826
8.4 0.260526 0.000594668
9.6 0.260526 0.000715129
10.8 0.260526 0.000822073
12 0.260526 0.000908782
13.2 0.260526 0.000969806
14.4 0.260526 0.00100131
15.6 0.260526 0.00100132
16.8 0.260526 0.000969826
18 0.260526 0.00090881
19.2 0.260526 0.000822106
20.4 0.260526 0.000715168
21.6 0.260526 0.000594701
22.8 0.260526 0.000468255
24 0.260526 0.000343881
25.2 0.260526 0.000229407
26.4 0.260526 0.000131444
27.6 0.260526 5.63827e-05
28.8 0.260526 1.1983e-05
30 0.260526 -7.61839e-35
-30 0.313158 -7.41868e-35
-28.8 0.313158 1.14479e-05
-27.6 0.313158 5.53055e-05
-26.4 0.313158 0.000130515
-25.2 0.313158 0.000228854
-24 0.313158 0.000343566
-22.8 0.313158 0.000468151
-21.6 0.313158 0.000594861
-20.4 0.313158 0.000715587
-19.2 0.313158 0.000822749
-18 0.313158 0.000909641
-16.8 0.313158 0.000970796
-15.6 0.313158 0.00100237
-14.4 0.313158 0.00100238
-13.2 0.313158 0.000970819
-12 0.313158 0.000909676
-10.8 0.313158 0.00082279
-9.6 0.313158 0.000715621
-8.4 0.313158 0.000594902
-7.2 0.313158 0.00046822
-6 0.313158 0.000343534
-4.8 0.313158 0.000228681
-3.6 0.313158 0.000130877
-2.4 0.313158 5.62685e-05
-1.2 0.313158 9.54206e-06
0 0.313158 -6.36636e-06
1.2 0.313158 9.54208e-06
2.4 0.313158 5.62671e-05
3.6 0.313158 0.000130872
4.8 0.313158 0.000228669
6 0.313158 0.000343514
7.2 0.313158 0.00046819
8.4 0.313158 0.000594865
9.6 0.313158 0.00071558
10.8 0.313158 0.00082275
12 0.313158 0.000909642
13.2 0.313158 0.000970796
14.4 0.313158 0.00100237
15.6 0.313158 0.00100238
16.8 0.313158 0.000970819
18 0.313158 0.000909675
19.2 0.313158 0.00082279
20.4 0.313158 0.000715629
21.6 0.313158 0.000594898
22.8 0.313158 0.000468181
24 0.313158 0.000343586
25.2 0.313158 0.000228866
26.4 0.313158 0.000130521
27.6 0.313158 5.53069e-05
28.8 0.313158 1.1448e-05
30 0.313158 -7.41882e-35
-30 0.365789 -7.22431e-35
-28.8 0.365789 1.09428e-05
-27.6 0.365789 5.42473e-05
-26.4 0.365789 0.000129568
-25.2 0.365789 0.000228298
-24 0.365789 0.000343276
-22.8 0.365789 0.000468075
-21.6 0.365789 0.000595049
-20.4 0.365789 0.000716041
-19.2 0.365789 0.000823428
-18 0.365789 0.000910502
-16.8 0.365789 0.000971788
-15.6 0.365789 0.00100343
-14.4 0.365789 0.00100344
-13.2 0.365789 0.000971815
-12 0.365789 0.000910544
-10.8 0.365789 0.000823475
-9.6 0.365789 0.00071608
-8.4 0.365789 0.000595106
-7.2 0.365789 0.000468155
-6 0.365789 0.000343206
-4.8 0.365789 0.00022811
-3.6 0.365789 0.000130099
-2.4 0.365789 5.53319e-05
-1.2 0.365789 8.50672e-06
0 0.365789 -7.43526e-06
1.2 0.365789 8.50678e-06
2.4 0.365789 5.53303e-05
3.6 0.365789 0.000130093
4.8 0.365789 0.000228096
6 0.365789 0.000343182
7.2 0.365789 0.000468121
8.4 0.365789 0.000595062
9.6 0.365789 0.000716031
10.8 0.365789 0.000823428
12 0.365789 0.000910504
13.2 0.365789 0.000971788
14.4 0.365789 0.00100343
15.6 0.365789 0.00100344
16.8 0.365789 0.000971815
18 0.365789 0.000910542
19.2 0.365789 0.000823476
20.4 0.365789 0.00071609
21.6 0.365789 0.000595093
22.8 0.365789 0.00046811
24 0.365789 0.0003433
25.2 0.365789 0.000228311
26.4 0.365789 0.000129575
27.6 0.365789 5.42489e-05
28.8 0.365789 1.09428e-05
30 0.365789 -7.22445e-35
-30 0.418421 -7.03462e-35
-28.8 0.418421 1.0462e-05
-27.6 0.418421 5.32056e-05
-26.4 0.418421 0.000128603
-25.2 0.418421 0.000227725
-24 0.418421 0.000342992
-22.8 0.418421 0.000468004
-21.6 0.418421 0.000595234
-20.4 0.418421 0.000716495
-19.2 0.418421 0.00082411
-18 0.418421 0.000911365
-16.8 0.418421 0.000972782
-15.6 0.418421 0.00100449
-14.4 0.418421 0.0010045
-13.2 0.418421 0.000972813
-12 0.418421 0.000911413
-10.8 0.418421 0.000824162
-9.6 0.418421 0.000716539
-8.4 0.418421 0.00059531
-7.2 0.418421 0.00046809
-6 0.418421 0.000342877
-4.8 0.418421 0.000227537
-3.6 0.418421 0.000129318
-2.4 0.418421 5.43933e-05
-1.2 0.418421 7.46919e-06
0 0.418421 -8.50642e-06
1.2 0.418421 7.46929e-06
2.4 0.418421 5.43915e-05
3.6 0.418421 0.000129311
4.8 0.418421 0.000227521
6 0.418421 0.000342849
7.2 0.418421 0.000468051
8.4 0.418421 0.00059526
9.6 0.418421 0.000716484
10.8 0.418421 0.000824107
12 0.418421 0.000911367
13.2 0.418421 0.000972782
14.4 0.418421 0.00100449
15.6 0.418421 0.0010045
16.8 0.418421 0.000972813
18 0.418421 0.000911411
19.2 0.418421 0.000824165
20.4 0.418421 0.000716551
21.6 0.418421 0.000595284
22.8 0.418421 0.000468044
24 0.418421 0.00034302
25.2 0.418421 0.000227741
26.4 0.418421 0.00012861
27.6 0.418421 5.32074e-05
28.8 0.418421 1.0462e-05
30 0.418421 -7.03477e-35
-30 0.471053 -6.84915e-35
-28.8 0.471053 1.00015e-05
-27.6 0.471053 5.21792e-05
-26.4 0.471053 0.000127622
-25.2 0.471053 0.000227138
-24 0.471053 0.000342713
-22.8 0.471053 0.00046794
-21.6 0.471053 0.000595418
-20.4 0.471053 0.000716948
-19.2 0.471053 0.000824794
-18 0.471053 0.00091223
-16.8 0.471053 0.000973777
-15.6 0.471053 0.00100556
-14.4 0.471053 0.00100557
-13.2 0.471053 0.000973813
-12 0.471053 0.000912285
-10.8 0.471053 0.000824849
-9.6 0.471053 0.000717
-8.4 0.471053 0.000595514
-7.2 0.471053 0.000468026
-6 0.471053 0.000342547
-4.8 0.471053 0.000226962
-3.6 0.471053 0.000128536
-2.4 0.471053 5.34527e-05
-1.2 0.471053 6.42947e-06
0 0.471053 -9.57984e-06
1.2 0.471053 6.42962e-06
2.4 0.471053 5.34508e-05
3.6 0.471053 0.000128528
4.8 0.471053 0.000226945
6 0.471053 0.000342516
7.2 0.471053 0.000467981
8.4 0.471053 0.000595458
9.6 0.471053 0.000716937
10.8 0.471053 0.000824788
12 0.471053 0.000912233
13.2 0.471053 0.000973778
14.4 0.471053 0.00100556
15.6 0.471053 0.00100557
16.8 0.471053 0.000973812
18 0.471053 0.000912282
19.2 0.471053 0.000824856
20.4 0.471053 0.000717011
21.6 0.471053 0.000595475
22.8 0.471053 0.000467984
24 0.471053 0.000342743
25.2 0.471053 0.000227156
26.4 0.471053 0.000127629
27.6 0.471053 5.21811e-05
28.8 0.471053 1.00015e-05
30 0.471053 -6.84931e-35
-30 0.523684 -6.66749e-35
-28.8 0.523684 9.55847e-06
-27.6 0.523684 5.11669e-05
-26.4 0.523684 0.000126627
-25.2 0.523684 0.000226535
-24 0.523684 0.000342435
-22.8 0.523684 0.000467881
-21.6 0.523684 0.000595602
-20.4 0.523684 0.0007174
-19.2 0.523684 0.000825481
-18 0.523684 0.000913097
-16.8 0.523684 0.000974774
-15.6 0.523684 0.00100662
-14.4 0.523684 0.00100664
-13.2 0.523684 0.000974815
-12 0.523684 0.000913158
-10.8 0.523684 0.000825539
-9.6 0.523684 0.000717462
-8.4 0.523684 0.000595719
-7.2 0.523684 0.000467961
-6 0.523684 0.000342216
-4.8 0.523684 0.000226387
-3.6 0.523684 0.000127752
-2.4 0.523684 5.25102e-05
-1.2 0.523684 5.38754e-06
0 0.523684 -1.06555e-05
1.2 0.523684 5.38777e-06
2.4 0.523684 5.25081e-05
3.6 0.523684 0.000127744
4.8 0.523684 0.000226367
6 0.523684 0.000342182
7.2 0.523684 0.000467911
8.4 0.523684 0.000595656
9.6 0.523684 0.000717392
10.8 0.523684 0.00082547
12 0.523684 0.0009131
13.2 0.523684 0.000974776
14.4 0.523684 0.00100662
15.6 0.523684 0.00100664
16.8 0.523684 0.000974813
18 0.523684 0.000913155
19.2 0.523684 0.000825549
20.4 0.523684 0.00071747
21.6 0.523684 0.000595664
22.8 0.523684 0.000467931
24 0.523684 0.00034247
25.2 0.523684 0.000226554
26.4 0.523684 0.000126636
27.6 0.523684 5.1169e-05
28.8 0.523684 9.55842e-06
30 0.523684 -6.66765e-35
-30 0.576316 -6.48926e-35
-28.8 0.576316 9.13039e-06
-27.6 0.576316 5.01676e-05
-26.4 0.576316 0.000125621
-25.2 0.576316 0.000225916
-24 0.576316 0.000342159
-22.8 0.576316 0.000467828
-21.6 0.576316 0.000595785
-20.4 0.576316 0.000717851
-19.2 0.576316 0.000826168
-18 0.576316 0.000913967
-16.8 0.576316 0.000975773
-15.6 0.576316 0.00100769
-14.4 0.576316 0.00100771
-13.2 0.576316 0.000975819
-12 0.576316 0.000914033
-10.8 0.576316 0.000826229
-9.6 0.576316 0.000717924
-8.4 0.576316 0.000595924
-7.2 0.576316 0.000467895
-6 0.576316 0.000341885
-4.8 0.576316 0.00022581
-3.6 0.576316 0.000126967
-2.4 0.576316 5.15656e-05
-1.2 0.576316 4.34342e-06
0 0.576316 -1.17335e-05
1.2 0.576316 4.34372e-06
2.4 0.576316 5.15634e-05
3.6 0.576316 0.000126958
4.8 0.576316 0.000225789
6 0.576316 0.000341847
7.2 0.576316 0.000467841
8.4 0.576316 0.000595855
9.6 0.576316 0.000717847
10.8 0.576316 0.000826153
12 0.576316 0.000913969
13.2 0.576316 0.000975776
14.4 0.576316 0.00100769
15.6 0.576316 0.00100771
16.8 0.576316 0.000975816
18 0.576316 0.000914031
19.2 0.576316 0.000826244
20.4 0.576316 0.000717928
21.6 0.576316 0.000595854
22.8 0.576316 0.000467883
24 0.576316 0.000342197
25.2 0.576316 0.000225938
26.4 0.576316 0.000125631
27.6 0.576316 5.01697e-05
28.8 0.576316 9.1303e-06
30 0.576316 -6.48942e-35
-30 0.628947 -6.31414e-35
-28.8 0.628947 8.71545e-06
-27.6 0.628947 4.91801e-05
-26.4 0.628947 0.000124605
-25.2 0.628947 0.000225283
-24 0.628947 0.000341882
-22.8 0.628947 0.000467782
-21.6 0.628947 0.000595969
-20.4 0.628947 0.0007183
-19.2 0.628947 0.000826857
-18 0.628947 0.00091484
-16.8 0.628947 0.000976774
-15.6 0.628947 0.00100876
-14.4 0.628947 0.00100878
-13.2 0.628947 0.000976825
-12 0.628947 0.00091491
-10.8 0.628947 0.000826921
-9.6 0.628947 0.000718388
-8.4 0.628947 0.00059613
-7.2 0.628947 0.00046783
-6 0.628947 0.000341552
-4.8 0.628947 0.000225232
-3.6 0.628947 0.00012618
-2.4 0.628947 5.06191e-05
-1.2 0.628947 3.29708e-06
0 0.628947 -1.28137e-05
1.2 0.628947 3.29747e-06
2.4 0.628947 5.06168e-05
3.6 0.628947 0.00012617
4.8 0.628947 0.000225209
6 0.628947 0.000341511
7.2 0.628947 0.00046777
8.4 0.628947 0.000596054
9.6 0.628947 0.000718303
10.8 0.628947 0.000826838
12 0.628947 0.00091484
13.2 0.628947 0.000976778
14.4 0.628947 0.00100876
15.6 0.628947 0.00100878
16.8 0.628947 0.000976821
18 0.628947 0.00091491
19.2 0.628947 0.00082694
20.4 0.628947 0.000718384
21.6 0.628947 0.000596045
22.8 0.628947 0.000467842
24 0.628947 0.000341924
25.2 0.628947 0.000225306
26.4 0.628947 0.000124615
27.6 0.628947 4.91823e-05
28.8 0.628947 8.71531e-06
30 0.628947 -6.31431e-35
-30 0.681579 -6.14187e-35
-28.8 0.681579 8.31211e-06
-27.6 0.681579 4.82035e-05
-26.4 0.681579 0.000123581
-25.2 0.681579 0.000224635
-24 0.681579 0.000341605
-22.8 0.681579 0.000467742
-21.6 0.681579 0.000596155
-20.4 0.681579 0.000718747
-19.2 0.681579 0.000827547
-18 0.681579 0.000915715
-16.8 0.681579 0.000977778
-15.6 0.681579 0.00100983
-14.4 0.681579 0.00100985
-13.2 0.681579 0.000977834
-12 0.681579 0.000915789
-10.8 0.681579 0.000827615
-9.6 0.681579 0.000718852
-8.4 0.681579 0.000596336
-7.2 0.681579 0.000467765
-6 0.681579 0.00034122
-4.8 0.681579 0.000224653
-3.6 0.681579 0.000125391
-2.4 0.681579 4.96705e-05
-1.2 0.681579 2.24852e-06
0 0.681579 -1.38962e-05
1.2 0.681579 2.24901e-06
2.4 0.681579 4.96681e-05
3.6 0.681579 0.00012538
4.8 0.681579 0.000224628
6 0.681579 0.000341175
7.2 0.681579 0.0004677
8.4 0.681579 0.000596253
9.6 0.681579 0.00071876
10.8 0.681579 0.000827525
12 0.681579 0.000915712
13.2 0.681579 0.000977783
14.4 0.681579 0.00100984
15.6 0.681579 0.00100985
16.8 0.681579 0.000977829
18 0.681579 0.000915791
19.2 0.681579 0.000827638
20.4 0.681579 0.000718839
21.6 0.681579 0.000596237
22.8 0.681579 0.000467807
24 0.681579 0.000341649
25.2 0.681579 0.000224661
26.4 0.681579 0.000123591
27.6 0.681579 4.82058e-05
28.8 0.681579 8.31193e-06
30 0.681579 -6.14203e-35
-30 0.734211 -5.97218e-35
-28.8 0.734211 7.91914e-06
-27.6 0.734211 4.72369e-05
-26.4 0.734211 0.000122548
-25.2 0.734211 0.000223973
-24 0.734211 0.000341325
-22.8 0.734211 0.000467707
-21.6 0.734211 0.000596343
-20.4 0.734211 0.000719194
-19.2 0.734211 0.000828238
-18 0.734211 0.000916593
-16.8 0.734211 0.000978783
-15.6 0.734211 0.00101091
-14.4 0.734211 0.00101093
-13.2 0.734211 0.000978845
-12 0.734211 0.000916669
-10.8 0.734211 0.00082831
-9.6 0.734211 0.000719318
-8.4 0.734211 0.000596542
-7.2 0.734211 0.000467699
-6 0.734211 0.000340886
-4.8 0.734211 0.000224073
-3.6 0.734211 0.000124601
-2.4 0.734211 4.87199e-05
-1.2 0.734211 1.19775e-06
0 0.734211 -1.4981e-05
1.2 0.734211 1.19835e-06
2.4 0.734211 4.87175e-05
3.6 0.734211 0.000124589
4.8 0.734211 0.000224046
6 0.734211 0.000340838
7.2 0.734211 0.000467629
8.4 0.734211 0.000596453
9.6 0.734211 0.000719219
10.8 0.734211 0.000828212
12 0.734211 0.000916587
13.2 0.734211 0.00097879
14.4 0.734211 0.00101091
15.6 0.734211 0.00101093
16.8 0.734211 0.000978839
18 0.734211 0.000916675
19.2 0.734211 0.000828336
20.4 0.734211 0.000719293
21.6 0.734211 0.000596432
22.8 0.734211 0.000467778
24 0.734211 0.000341373
25.2 0.734211 0.000224001
26.4 0.734211 0.000122559
27.6 0.734211 4.72394e-05
28.8 0.734211 7.91891e-06
30 0.734211 -5.97234e-35
-30 0.786842 -5.80488e-35
-28.8 0.786842 7.53548e-06
-27.6 0.786842 4.62797e-05
-26.4 0.786842 0.000121508
-25.2 0.786842 0.000223298
-24 0.786842 0.000341043
-22.8 0.786842 0.000467678
-21.6 0.786842 0.000596533
-20.4 0.786842 0.000719639
-19.2 0.786842 0.000828929
-18 0.786842 0.000917473
-16.8 0.786842 0.000979792
-15.6 0.786842 0.00101199
-14.4 0.786842 0.00101201
-13.2 0.786842 0.000979858
-12 0.786842 0.000917552
-10.8 0.786842 0.000829007
-9.6 0.786842 0.000719785
-8.4 0.786842 0.000596749
-7.2 0.786842 0.000467634
-6 0.786842 0.000340552
-4.8 0.786842 0.000223492
-3.6 0.786842 0.000123809
-2.4 0.786842 4.77673e-05
-1.2 0.786842 1.44757e-07
0 0.786842 -1.60681e-05
1.2 0.786842 1.45477e-07
2.4 0.786842 4.77648e-05
3.6 0.786842 0.000123796
4.8 0.786842 0.000223462
6 0.786842 0.0003405
7.2 0.786842 0.000467558
8.4 0.786842 0.000596654
9.6 0.786842 0.000719678
10.8 0.786842 0.000828902
12 0.786842 0.000917463
13.2 0.786842 0.000979799
14.4 0.786842 0.00101199
15.6 0.786842 0.00101201
16.8 0.786842 0.000979851
18 0.786842 0.000917562
19.2 0.786842 0.000829034
20.4 0.786842 0.000719746
21.6 0.786842 0.000596629
22.8 0.786842 0.000467754
24 0.786842 0.000341094
25.2 0.786842 0.000223327
26.4 0.786842 0.00012152
27.6 0.786842 4.62822e-05
28.8 0.786842 7.53519e-06
30 0.786842 -5.80502e-35
-30 0.839474 -5.63976e-35
-28.8 0.839474 7.16024e-06
-27.6 0.839474 4.5331e-05
-26.4 0.839474 0.000120461
-25.2 0.839474 0.00022261
-24 0.839474 0.000340757
-22.8 0.839474 0.000467655
-21.6 0.839474 0.000596726
-20.4 0.839474 0.000720084
-19.2 0.839474 0.000829621
-18 0.839474 0.000918356
-16.8 0.839474 0.000980802
-15.6 0.839474 0.00101307
-14.4 0.839474 0.00101309
-13.2 0.839474 0.000980873
-12 0.839474 0.000918436
-10.8 0.839474 0.000829705
-9.6 0.839474 0.000720252
-8.4 0.839474 0.000596957
-7.2 0.839474 0.000467568
-6 0.839474 0.000340217
-4.8 0.839474 0.000222909
-3.6 0.839474 0.000123015
-2.4 0.839474 4.68127e-05
-1.2 0.839474 -9.10467e-07
0 0.839474 -1.71575e-05
1.2 0.839474 -9.09614e-07
2.4 0.839474 4.68102e-05
3.6 0.839474 0.000123002
4.8 0.839474 0.000222878
6 0.839474 0.000340162
7.2 0.839474 0.000467487
8.4 0.839474 0.000596855
9.6 0.839474 0.000720138
10.8 0.839474 0.000829592
12 0.839474 0.000918341
13.2 0.839474 0.00098081
14.4 0.839474 0.00101307
15.6 0.839474 0.00101309
16.8 0.839474 0.000980866
18 0.839474 0.000918451
19.2 0.839474 0.000829733
20.4 0.839474 0.000720198
21.6 0.839474 0.000596828
22.8 0.839474 0.000467735
24 0.839474 0.000340812
25.2 0.839474 0.000222641
26.4 0.839474 0.000120474
27.6 0.839474 4.53335e-05
28.8 0.839474 7.15988e-06
30 0.839474 -5.63989e-35
-30 0.892105 -5.47666e-35
-28.8 0.892105 6.79267e-06
-27.6 0.892105 4.43902e-05
-26.4 0.892105 0.000119409
-25.2 0.892105 0.000221909
-24 0.892105 0.000340468
-22.8 0.892105 0.000467636
-21.6 0.892105 0.000596922
-20.4 0.892105 0.000720528
-19.2 0.892105 0.000830312
-18 0.892105 0.000919241
-16.8 0.892105 0.000981816
-15.6 0.892105 0.00101415
-14.4 0.892105 0.00101418
-13.2 0.892105 0.000981891
-12 0.892105 0.000919323
-10.8 0.892105 0.000830404
-9.6 0.892105 0.000720721
-8.4 0.892105 0.000597165
-7.2 0.892105 0.000467502
-6 0.892105 0.000339881
-4.8 0.892105 0.000222325
-3.6 0.892105 0.000122219
-2.4 0.892105 4.5856e-05
-1.2 0.892105 -1.96792e-06
0 0.892105 -1.82492e-05
1.2 0.892105 -1.96693e-06
2.4 0.892105 4.58535e-05
3.6 0.892105 0.000122206
4.8 0.892105 0.000222292
6 0.892105 0.000339823
7.2 0.892105 0.000467416
8.4 0.892105 0.000597056
9.6 0.892105 0.000720599
10.8 0.892105 0.000830284
12 0.892105 0.000919221
13.2 0.892105 0.000981823
14.4 0.892105 0.00101415
15.6 0.892105 0.00101417
16.8 0.892105 0.000981884
18 0.892105 0.000919342
19.2 0.892105 0.000830432
20.4 0.892105 0.00072065
21.6 0.892105 0.000597031
22.8 0.892105 0.000467721
24 0.892105 0.000340526
25.2 0.892105 0.000221942
26.4 0.892105 0.000119422
27.6 0.892105 4.43928e-05
28.8 0.892105 6.79224e-06
30 0.892105 -5.47678e-35
-30 0.944737 -5.31543e-35
-28.8 0.944737 6.43209e-06
-27.6 0.944737 4.34568e-05
-26.4 0.944737 0.00011835
-25.2 0.944737 0.000221195
-24 0.944737 0.000340174
-22.8 0.944737 0.000467621
-21.6 0.944737 0.000597122
-20.4 0.944737 0.000720971
-19.2 0.944737 0.000831004
-18 0.944737 0.000920128
-16.8 0.944737 0.000982831
-15.6 0.944737 0.00101523
-14.4 0.944737 0.00101526
-13.2 0.944737 0.000982911
-12 0.944737 0.000920211
-10.8 0.944737 0.000831105
-9.6 0.944737 0.00072119
-8.4 0.944737 0.000597373
-7.2 0.944737 0.000467436
-6 0.944737 0.000339545
-4.8 0.944737 0.000221739
-3.6 0.944737 0.000121422
-2.4 0.944737 4.48974e-05
-1.2 0.944737 -3.02762e-06
0 0.944737 -1.93432e-05
1.2 0.944737 -3.02647e-06
2.4 0.944737 4.48949e-05
3.6 0.944737 0.000121408
4.8 0.944737 0.000221705
6 0.944737 0.000339483
7.2 0.944737 0.000467345
8.4 0.944737 0.000597257
9.6 0.944737 0.000721061
10.8 0.944737 0.000830978
12 0.944737 0.000920103
13.2 0.944737 0.000982838
14.4 0.944737 0.00101524
15.6 0.944737 0.00101525
16.8 0.944737 0.000982904
18 0.944737 0.000920236
19.2 0.944737 0.000831131
20.4 0.944737 0.000721101
21.6 0.944737 0.000597238
22.8 0.944737 0.000467712
24 0.944737 0.000340236
25.2 0.944737 0.00022123
26.4 0.944737 0.000118365
27.6 0.944737 4.34593e-05
28.8 0.944737 6.43159e-06
30 0.944737 -5.31553e-35
-30 0.997368 -5.15593e-35
-28.8 0.997368 6.07794e-06
-27.6 0.997368 4.25302e-05
-26.4 0.997368 0.000117287
-25.2 0.997368 0.00022047
-24 0.997368 0.000339877
-22.8 0.997368 0.000467611
-21.6 0.997368 0.000597325
-20.4 0.997368 0.000721415
-19.2 0.997368 0.000831695
-18 0.997368 0.000921017
-16.8 0.997368 0.00098385
-15.6 0.997368 0.00101631
-14.4 0.997368 0.00101635
-13.2 0.997368 0.000983933
-12 0.997368 0.000921101
-10.8 0.997368 0.000831808
-9.6 0.997368 0.000721661
-8.4 0.997368 0.000597582
-7.2 0.997368 0.000467369
-6 0.997368 0.000339208
-4.8 0.997368 0.000221153
-3.6 0.997368 0.000120623
-2.4 0.997368 4.39366e-05
-1.2 0.997368 -4.08955e-06
0 0.997368 -2.04395e-05
1.2 0.997368 -4.08824e-06
2.4 0.997368 4.39342e-05
3.6 0.997368 0.000120609
4.8 0.997368 0.000221116
6 0.997368 0.000339143
7.2 0.997368 0.000467273
8.4 0.997368 0.00059746
9.6 0.997368 0.000721524
10.8 0.997368 0.000831673
12 0.997368 0.000920987
13.2 0.997368 0.000983856
14.4 0.997368 0.00101632
15.6 0.997368 0.00101634
16.8 0.997368 0.000983927
18 0.997368 0.000921132
19.2 0.997368 0.00083183
20.4 0.997368 0.000721552
21.6 0.997368 0.000597448
22.8 0.997368 0.000467707
24 0.997368 0.000339942
25.2 0.997368 0.000220507
26.4 0.997368 0.000117301
27.6 0.997368 4.25327e-05
28.8 0.997368 6.07736e-06
30 0.997368 -5.156e-35
-30 1.05 -4.99803e-35
-28.8 1.05 5.72972e-06
-27.6 1.05 4.16099e-05
-26.4 1.05 0.000116218
-25.2 1.05 0.000219733
-24 1.05 0.000339574
-22.8 1.05 0.000467604
-21.6 1.05 0.000597532
-20.4 1.05 0.000721858
-19.2 1.05 0.000832387
-18 1.05 0.000921909
-16.8 1.05 0.000984872
-15.6 1.05 0.0010174
-14.4 1.05 0.00101744
-13.2 1.05 0.000984957
-12 1.05 0.000921994
-10.8 1.05 0.000832512
-9.6 1.05 0.000722133
-8.4 1.05 0.000597791
-7.2 1.05 0.000467303
-6 1.05 0.00033887
-4.8 1.05 0.000220565
-3.6 1.05 0.000119823
-2.4 1.05 4.29739e-05
-1.2 1.05 -5.15374e-06
0 1.05 -2.15381e-05
1.2 1.05 -5.15224e-06
2.4 1.05 4.29715e-05
3.6 1.05 0.000119807
4.8 1.05 0.000220527
6 1.05 0.000338801
7.2 1.05 0.000467202
8.4 1.05 0.000597662
9.6 1.05 0.000721988
10.8 1.05 0.000832369
12 1.05 0.000921873
13.2 1.05 0.000984876
14.4 1.05 0.00101741
15.6 1.05 0.00101743
16.8 1.05 0.000984953
18 1.05 0.00092203
19.2 1.05 0.000832529
20.4 1.05 0.000722003
21.6 1.05 0.000597662
22.8 1.05 0.000467706
24 1.05 0.000339643
25.2 1.05 0.000219772
26.4 1.05 0.000116233
27.6 1.05 4.16124e-05
28.8 1.05 5.72905e-06
30 1.05 -4.99809e-35
