2020	
	-2.166951343e-40	1.140181272e-11	1.040738343e-10	3.467091054e-10	7.752668366e-10
	1.393549444e-09	2.182298819e-09	3.110922077e-09	4.147252244e-09	5.26316418e-09
	6.436107913e-09	7.647967877e-09	8.882968913e-09	1.012588327e-08	1.136098821e-08
	1.257153741e-08	1.373927017e-08	1.484378655e-08	1.586226952e-08	1.677059286e-08
	1.754678128e-08	1.817675021e-08	1.866042183e-08	1.901452999e-08	1.926799146e-08
	1.944775649e-08	1.955765291e-08	1.955838215e-08	1.93605662e-08	1.884136303e-08
	1.788692266e-08	1.64492831e-08	1.459277686e-08	1.250069177e-08	1.042667288e-08
	8.60713346e-09	7.180334429e-09	6.154254461e-09	5.431576782e-09	4.868945317e-09
	4.337777711e-09	3.762507647e-09	3.128367949e-09	2.46514836e-09	1.820678013e-09
	1.237510392e-09	7.408971749e-10	3.392276098e-10	3.271315663e-11	-1.762480505e-10
	-2.768192603e-10	-2.503330628e-10	-7.65446105e-11	2.586291717e-10	7.581128333e-10
	1.413220526e-09	2.206904559e-09	3.118503678e-09	4.127833656e-09	5.217328693e-09
	6.371991729e-09	7.577736963e-09	8.819163937e-09	1.007788956e-08	1.13322846e-08
	1.255879979e-08	1.373420194e-08	1.483755783e-08	1.585117214e-08	1.676045141e-08
	1.755318321e-08	1.821880123e-08	1.874799985e-08	1.913278131e-08	1.936681088e-08
	1.944587082e-08	1.936822829e-08	1.913481554e-08	1.874921491e-08	1.821750917e-08
	1.754808497e-08	1.675146571e-08	1.58402075e-08	1.482883252e-08	1.373371423e-08
	1.25727948e-08	1.136503695e-08	1.012961227e-08	8.884998747e-09	7.648345242e-09
	6.435554674e-09	5.262420273e-09	4.14674693e-09	3.110749755e-09	2.182354675e-09
	1.393682994e-09	7.753756543e-10	3.467612718e-10	1.040851719e-10	1.140050638e-11
	-2.167497174e-40	-2.05948607e-40	1.052836323e-11	9.787675562e-11	3.276031858e-10
	7.339628521e-10	1.320393537e-09	2.068291947e-09	2.948370247e-09	3.93006952e-09
	4.986882171e-09	6.097679833e-09	7.245481511e-09	8.415379137e-09	9.592844364e-09
	1.076282944e-08	1.190939153e-08	1.301532459e-08	1.406156938e-08	1.502681974e-08
	1.588833744e-08	1.662500656e-08	1.72227331e-08	1.768052903e-08	1.80137715e-08
	1.825046242e-08	1.841802694e-08	1.852257091e-08	1.852828536e-08	1.834897982e-08
	1.786305048e-08	1.695522756e-08	1.557424002e-08	1.378092867e-08	1.175625053e-08
	9.752662211e-09	8.005364438e-09	6.650294699e-09	5.692130781e-09	5.030664544e-09
	4.521596103e-09	4.037808868e-09	3.506650291e-09	2.916023505e-09	2.296801791e-09
	1.695974243e-09	1.153929648e-09	6.934247527e-10	3.208562554e-10	3.532641518e-11
	-1.610573895e-10	-2.572597218e-10	-2.342956514e-10	-7.172676816e-11	2.445520711e-10
	7.174335344e-10	1.338335528e-09	2.090599483e-09	2.954274172e-09	3.910127138e-09
	4.941653232e-09	6.034912298e-09	7.176820809e-09	8.35293352e-09	9.545812413e-09
	1.073479983e-08	1.189736001e-08	1.301130163e-08	1.405672791e-08	1.501692825e-08
	1.587819366e-08	1.662906308e-08	1.725958227e-08	1.776093434e-08	1.812550819e-08
	1.834726441e-08	1.842218453e-08	1.834862407e-08	1.8127478e-08	1.776215793e-08
	1.725844251e-08	1.662428542e-08	1.586965298e-08	1.500642386e-08	1.404832861e-08
	1.301085021e-08	1.191097229e-08	1.076667708e-08	9.596184864e-09	8.41708728e-09
	7.245707921e-09	6.097127326e-09	4.986215909e-09	3.929647681e-09	2.94824901e-09
	2.068361573e-09	1.32051731e-09	7.340550958e-10	3.276426117e-10	9.788206554e-11
	1.052569346e-11	-2.059974496e-40	-1.950368928e-40	9.715178869e-12	9.183346317e-11
	3.086725347e-10	6.927538929e-10	1.247198744e-09	1.954134677e-09	2.78562698e-09
	3.71272281e-09	4.710496835e-09	5.75920519e-09	6.84298377e-09	7.947796119e-09
	9.059829677e-09	1.016472475e-08	1.12473391e-08	1.229149895e-08	1.327945396e-08
	1.419138916e-08	1.500596873e-08	1.570299107e-08	1.626842998e-08	1.670044952e-08
	1.701307743e-08	1.723332533e-08	1.738893039e-08	1.748806532e-08	1.749826784e-08
	1.733664756e-08	1.688334793e-08	1.602249381e-08	1.470022013e-08	1.29739574e-08
	1.102151227e-08	9.092726686e-09	7.420273737e-09	6.137226512e-09	5.245361461e-09
	4.642532114e-09	4.184417563e-09	3.745879407e-09	3.257248226e-09	2.708914424e-09
	2.132609481e-09	1.574336304e-09	1.072290541e-09	6.468138342e-10	3.024540067e-10
	3.733908579e-11	-1.466617044e-10	-2.38377663e-10	-2.186563401e-10	-6.702849713e-11
	2.305289107e-10	6.768591081e-10	1.263530521e-09	1.974339023e-09	2.790090438e-09
	3.692519029e-09	4.666166651e-09	5.698117061e-09	6.77624877e-09	7.887042988e-09
	9.014007693e-09	1.013748522e-08	1.123598988e-08	1.228840306e-08	1.327587713e-08
	1.418267579e-08	1.499595227e-08	1.570497867e-08	1.630040633e-08	1.677390976e-08
	1.711827026e-08	1.732774828e-08	1.739852655e-08	1.732904882e-08	1.712017135e-08
	1.677513296e-08	1.629940633e-08	1.570051129e-08	1.498785785e-08	1.417264973e-08
	1.326782938e-08	1.228799241e-08	1.12491648e-08	1.016834547e-08	9.062796656e-09
	7.949214001e-09	6.843086092e-09	5.758665952e-09	4.709907373e-09	3.712376693e-09
	2.785548744e-09	1.954213318e-09	1.247311761e-09	6.928309149e-10	3.08701111e-10
	9.183401905e-11	9.71154659e-12	-1.95079919e-40	-1.839963393e-40	8.952513128e-12
	8.592151347e-11	2.898962297e-10	6.516342214e-10	1.173975227e-09	1.839843006e-09
	2.622704015e-09	3.495217054e-09	4.434009979e-09	5.420686387e-09	6.440477628e-09
	7.480220628e-09	8.526835447e-09	9.566666298e-09	1.05853718e-08	1.156778972e-08
	1.249744562e-08	1.335599127e-08	1.412350046e-08	1.478073619e-08	1.531382218e-08
	1.572015322e-08	1.60124318e-08	1.621660096e-08	1.636051572e-08	1.645416866e-08
	1.646830291e-08	1.632349136e-08	1.590219025e-08	1.508873274e-08	1.382730438e-08
	1.217193367e-08	1.029646363e-08	8.446776527e-09	6.851777197e-09	5.641126043e-09
	4.814017497e-09	4.267254731e-09	3.857429099e-09	3.46195531e-09	3.014263472e-09
	2.507040808e-09	1.972610275e-09	1.455813223e-09	9.926278064e-10	6.01082558e-10
	2.840349015e-10	3.877101392e-11	-1.330367618e-10	-2.20152433e-10	-2.0340326e-10
	-6.244517967e-11	2.165616804e-10	6.363909521e-10	1.188804773e-09	1.858118627e-09
	2.625944676e-09	3.474999281e-09	4.390855357e-09	5.361588352e-09	6.3760062e-09
	7.421491368e-09	8.482485687e-09	9.540347916e-09	1.05746891e-08	1.156550428e-08
	1.249500471e-08	1.334841391e-08	1.41137256e-08	1.478092834e-08	1.534127221e-08
	1.578692494e-08	1.611106587e-08	1.630826034e-08	1.637489463e-08	1.630950052e-08
	1.611289383e-08	1.578813848e-08	1.534039933e-08	1.477676156e-08	1.410607957e-08
	1.333888449e-08	1.248733402e-08	1.156513956e-08	1.058737062e-08	9.570040563e-09
	8.529447003e-09	7.481379401e-09	6.440480508e-09	5.420170599e-09	4.433495128e-09
	3.494938767e-09	2.622661299e-09	1.839926637e-09	1.174076966e-09	6.51697473e-10
	2.899157312e-10	8.591844708e-11	8.94826105e-12	-1.840336373e-40	-1.728522968e-40
	8.233039134e-12	8.012346729e-11	2.712566638e-10	6.105971892e-10	1.100729896e-09
	1.725430913e-09	2.459613788e-09	3.277559107e-09	4.157424383e-09	5.082125375e-09
	6.037965297e-09	7.012653351e-09	7.993858382e-09	8.968646532e-09	9.923481023e-09
	1.084419291e-08	1.171554959e-08	1.252063948e-08	1.324094551e-08	1.385824221e-08
	1.43588923e-08	1.473961549e-08	1.501182461e-08	1.520030817e-08	1.533281885e-08
	1.542089986e-08	1.543836577e-08	1.530945392e-08	1.491953341e-08	1.415395272e-08
	1.295554505e-08	1.137490166e-08	9.581093819e-09	7.814751255e-09	6.299817618e-09
	5.161988389e-09	4.3981465e-09	3.904888209e-09	3.540651379e-09	3.186018158e-09
	2.777670209e-09	2.310402128e-09	1.816834905e-09	1.340448313e-09	9.149763774e-10
	5.562516686e-10	2.656136541e-10	3.964021673e-11	-1.201600816e-10	-2.02562937e-10
	-1.885223655e-10	-5.797056482e-11	2.026518512e-10	5.960286172e-10	1.114156419e-09
	1.741934017e-09	2.461829648e-09	3.257558563e-09	4.115709188e-09	5.025313216e-09
	5.976069574e-09	6.956239084e-09	7.951202567e-09	8.943361363e-09	9.913452471e-09
	1.084260904e-08	1.171411318e-08	1.251414191e-08	1.323151151e-08	1.385691006e-08
	1.438217842e-08	1.479997855e-08	1.510389343e-08	1.528879864e-08	1.535128665e-08
	1.528997711e-08	1.510564363e-08	1.480117292e-08	1.43814202e-08	1.385303521e-08
	1.322431741e-08	1.250512748e-08	1.170684166e-08	1.084229037e-08	9.925588212e-09
	8.971761093e-09	7.996135374e-09	7.013583457e-09	6.037890953e-09	5.081640925e-09
	4.15698081e-09	3.277340792e-09	2.459599777e-09	1.725516199e-09	1.100820214e-09
	6.106481656e-10	2.71268727e-10	8.011776791e-11	8.228454756e-12	-1.728840818e-40
	-1.616226863e-40	7.550993228e-12	7.442514859e-11	2.527387276e-10	5.696360107e-10
	1.027467582e-09	1.610910637e-09	2.29636874e-09	3.059757031e-09	3.880743796e-09
	4.743524117e-09	5.635448482e-09	6.545094728e-09	7.46089543e-09	8.370658237e-09
	9.261658237e-09	1.012070426e-08	1.093377044e-08	1.16853461e-08	1.235831571e-08
	1.293550987e-08	1.340362642e-08	1.375881712e-08	1.401124832e-08	1.418446054e-08
	1.43058644e-08	1.438827008e-08	1.440843711e-08	1.429449462e-08	1.393534631e-08
	1.321815688e-08	1.208497326e-08	1.058288706e-08	8.875394012e-09	7.196611204e-09
	5.764357971e-09	4.69981089e-09	3.997781128e-09	3.555472296e-09	3.23410203e-09
	2.918059076e-09	2.547453581e-09	2.119001063e-09	1.665309697e-09	1.228279113e-09
	8.393687851e-10	5.123425983e-10	2.472059182e-10	3.996440396e-11	-1.080098944e-10
	-1.855878143e-10	-1.739983568e-10	-5.359742274e-11	1.88800611e-10	5.557704137e-10
	1.039582591e-09	1.625781089e-09	2.297739424e-09	3.040188599e-09	3.840716427e-09
	4.689275068e-09	5.576418536e-09	6.491266797e-09	7.42014362e-09	8.34651551e-09
	9.252275266e-09	1.011971756e-08	1.093320428e-08	1.167986002e-08	1.234930841e-08
	1.293292164e-08	1.342312306e-08	1.381306905e-08	1.40967514e-08	1.426936138e-08
	1.43277006e-08	1.427047659e-08	1.409841889e-08	1.381423465e-08	1.34224676e-08
	1.292933122e-08	1.234257059e-08	1.167137801e-08	1.092635142e-08	1.011944365e-08
	9.263816275e-09	8.373506022e-09	7.462861098e-09	6.545825533e-09	5.635316555e-09
	4.743076701e-09	3.880367231e-09	3.059591022e-09	2.296377322e-09	1.610994889e-09
	1.027546651e-09	5.696762038e-10	2.527448367e-10	7.441766717e-11	7.546313091e-12
	-1.616492661e-40	-1.503211357e-40	6.901651189e-12	6.881467241e-11	2.343292271e-10
	5.287440575e-10	9.541917638e-10	1.496293009e-09	2.132981019e-09	2.841819626e-09
	3.603972792e-09	4.404884774e-09	5.232928561e-09	6.077544929e-09	6.927943718e-09
	7.772694702e-09	8.599895245e-09	9.39731917e-09	1.015211154e-08	1.08501218e-08
	1.147562209e-08	1.201254166e-08	1.244801513e-08	1.277774345e-08	1.30106955e-08
	1.316906506e-08	1.327966737e-08	1.33562863e-08	1.337850438e-08	1.327858661e-08
	1.29496065e-08	1.228134249e-08	1.121560298e-08	9.795901553e-09	8.179356999e-09
	6.592332695e-09	5.245377749e-09	4.254594451e-09	3.612943654e-09	3.219033286e-09
	2.937793723e-09	2.658074997e-09	2.323608286e-09	1.93284536e-09	1.518059173e-09
	1.119338032e-09	7.65833696e-10	4.693758339e-10	2.288280605e-10	3.976196768e-11
	-9.656418436e-11	-1.692053829e-10	-1.59815312e-10	-4.931807461e-11	1.750088774e-10
	5.15613789e-10	9.650797448e-10	1.509655947e-09	2.133668934e-09	2.822881557e-09
	3.565864915e-09	4.35345713e-09	5.177033487e-09	6.026555244e-09	6.889293176e-09
	7.749800479e-09	8.591153335e-09	9.39682964e-09	1.015227931e-08	1.08455688e-08
	1.14671152e-08	1.200896094e-08	1.246410392e-08	1.282619463e-08	1.308963818e-08
	1.32499469e-08	1.330413464e-08	1.325099701e-08	1.309121772e-08	1.282732199e-08
	1.246354014e-08	1.200564854e-08	1.146083833e-08	1.083763535e-08	1.014586244e-08
	9.396598351e-09	8.602053745e-09	7.775274402e-09	6.92962324e-09	6.078104431e-09
	5.232756066e-09	4.40447804e-09	3.60365823e-09	2.841698576e-09	2.133006807e-09
	1.496374128e-09	9.542599965e-10	5.287749166e-10	2.343307067e-10	6.88061288e-11
	6.897065707e-12	-1.503428811e-40	-1.389583644e-40	6.28102785e-12	6.328182374e-11
	2.160164633e-10	4.879149743e-10	8.809050099e-10	1.381587752e-09	1.969462395e-09
	2.62375614e-09	3.327116591e-09	4.066209724e-09	4.830406665e-09	5.610003906e-09
	6.395000626e-09	7.174749877e-09	7.938184285e-09	8.674032458e-09	9.370574456e-09
	1.001497524e-08	1.059287535e-08	1.10893428e-08	1.149205401e-08	1.179638365e-08
	1.201015733e-08	1.215412144e-08	1.225423445e-08	1.23249533e-08	1.234856236e-08
	1.22617149e-08	1.196229773e-08	1.134350073e-08	1.034743346e-08	9.013945235e-09
	7.492976964e-09	6.001905419e-09	4.742870795e-09	3.826344175e-09	3.243648536e-09
	2.895585668e-09	2.651733296e-09	2.406066455e-09	2.106137458e-09	1.751948753e-09
	1.375107739e-09	1.013653007e-09	6.943951255e-10	4.273697552e-10	2.104968068e-10
	3.905256939e-11	-8.579994672e-11	-1.533934624e-10	-1.459570842e-10	-4.51248522e-11
	1.612772168e-10	4.75555632e-10	8.906440033e-10	1.393554858e-09	1.969613535e-09
	2.605629891e-09	3.291142594e-09	4.017842698e-09	4.777894815e-09	5.56208509e-09
	6.358635533e-09	7.153206266e-09	7.930082472e-09	8.673945125e-09	9.371339549e-09
	1.001126884e-08	1.058493097e-08	1.10850259e-08	1.150511868e-08	1.183935327e-08
	1.208255213e-08	1.223055364e-08	1.228058705e-08	1.22315365e-08	1.208403822e-08
	1.184043321e-08	1.150463641e-08	1.108198607e-08	1.057911977e-08	1.000389874e-08
	9.365373924e-09	8.673753631e-09	7.940299739e-09	7.17706527e-09	6.396420536e-09
	5.610418489e-09	4.83020806e-09	4.065845482e-09	3.326858481e-09	2.623673112e-09
	1.969500712e-09	1.381664164e-09	8.809630057e-10	4.879378778e-10	2.160144776e-10
	6.327281517e-11	6.276685895e-12	-1.389756874e-40	-1.275430954e-40	5.685681468e-12
	5.78176471e-11	1.97789922e-10	4.471427089e-10	8.076092602e-10	1.266803714e-09
	1.805824262e-09	2.405576097e-09	3.050180889e-09	3.727501509e-09	4.427883716e-09
	5.142471452e-09	5.862063905e-09	6.576818526e-09	7.276518077e-09	7.950838194e-09
	8.589158691e-09	9.179912952e-09	9.710086173e-09	1.016592184e-08	1.053574394e-08
	1.081473015e-08	1.100962271e-08	1.11396219e-08	1.122956474e-08	1.129427482e-08
	1.131861338e-08	1.124387537e-08	1.097340877e-08	1.040461658e-08	9.480450399e-09
	8.237007864e-09	6.816249373e-09	5.425331068e-09	4.256844188e-09	3.415069689e-09
	2.889903769e-09	2.585133014e-09	2.375921291e-09	2.162036366e-09	1.895052016e-09
	1.57633147e-09	1.236480685e-09	9.112479417e-10	6.250719855e-10	3.8633989e-10
	1.922289686e-10	3.785749675e-11	-7.569267088e-11	-1.381292124e-10	-1.324075601e-10
	-4.101042951e-11	1.476057811e-10	4.355924789e-10	8.162713292e-10	1.277474189e-09
	1.805568873e-09	2.388426361e-09	3.016537598e-09	3.68241511e-09	4.378982874e-09
	5.09783693e-09	5.828154895e-09	6.55672281e-09	7.269058422e-09	7.951063805e-09
	8.590386295e-09	9.176960843e-09	9.702754937e-09	1.016111451e-08	1.054616491e-08
	1.085254278e-08	1.107549147e-08	1.121118002e-08	1.125705621e-08	1.121209327e-08
	1.107687855e-08	1.085356657e-08	1.054575491e-08	1.015834264e-08	9.697414014e-09
	9.170167444e-09	8.584885189e-09	7.95090881e-09	7.278553503e-09	6.578877582e-09
	5.863251399e-09	5.142765685e-09	4.427671066e-09	3.72718001e-09	3.049973328e-09
	2.405524613e-09	1.805871094e-09	1.266874303e-09	8.076577553e-10	4.471589483e-10
	1.977854783e-10	5.780865665e-11	5.681694158e-12	-1.275564356e-40	-1.160826077e-40
	5.11258237e-12	5.241415951e-11	1.796400394e-10	4.064215057e-10	7.34306012e-10
	1.151949057e-09	1.642077668e-09	2.18728919e-09	2.773171735e-09	3.388762768e-09
	4.025360421e-09	4.674947264e-09	5.329131772e-09	5.978896334e-09	6.614889856e-09
	7.227729551e-09	7.807861382e-09	8.344939201e-09	8.827265392e-09	9.242291047e-09
	9.579091232e-09	9.832778487e-09	1.000907782e-08	1.012555089e-08	1.020565001e-08
	1.026425402e-08	1.028866751e-08	1.022507443e-08	9.982932879e-09	9.464668741e-09
	8.614626419e-09	7.465069295e-09	6.149170931e-09	4.862622863e-09	3.787317899e-09
	3.020785332e-09	2.551711408e-09	2.28766825e-09	2.110351655e-09	1.925989506e-09
	1.690370481e-09	1.406020565e-09	1.102204665e-09	8.121428399e-10	5.578777711e-10
	3.462985085e-10	1.740413434e-10	3.619991586e-11	-6.621603117e-11	-1.233890601e-10
	-1.191508382e-10	-3.696802438e-11	1.339942775e-10	3.957206279e-10	7.419576239e-10
	1.161410404e-09	1.641530816e-09	2.171264003e-09	2.742038274e-09	3.347157785e-09
	3.980277972e-09	4.633791255e-09	5.297835369e-09	5.960339983e-09	6.608076899e-09
	7.228185481e-09	7.809420886e-09	8.342645578e-09	8.820586365e-09	9.237224773e-09
	9.587240146e-09	9.86576092e-09	1.006845439e-08	1.019182452e-08	1.023354058e-08
	1.019266562e-08	1.006973688e-08	9.866720297e-09	9.586894082e-09	9.234716994e-09
	8.815720096e-09	8.336440732e-09	7.804395677e-09	7.228063381e-09	6.616814366e-09
	5.98071017e-09	5.330113934e-09	4.675143727e-09	4.025143651e-09	3.388483026e-09
	2.773008648e-09	2.187263249e-09	1.642129602e-09	1.152013092e-09	7.343458419e-10
	4.064322782e-10	1.796339952e-10	5.240556402e-11	5.109025977e-12	-1.160924285e-40
	-1.045831135e-40	4.559019705e-12	4.706414222e-11	1.615580208e-10	3.65745884e-10
	6.609964462e-10	1.0370314e-09	1.478233369e-09	1.968905218e-09	2.496095429e-09
	3.049996174e-09	3.622837268e-09	4.207430957e-09	4.796202958e-09	5.380979983e-09
	5.953293445e-09	6.504698809e-09	7.026677212e-09	7.510055821e-09	7.944423909e-09
	8.318466462e-09	8.622107918e-09	8.850527444e-09	9.008506047e-09	9.111884827e-09
	9.182474472e-09	9.234893458e-09	9.258742798e-09	9.205329357e-09	8.990867944e-09
	8.523629454e-09	7.749920697e-09	6.698099242e-09	5.491739596e-09	4.313805815e-09
	3.334325096e-09	2.64351028e-09	2.229067408e-09	2.003173319e-09	1.855011508e-09
	1.697932552e-09	1.492119258e-09	1.241050203e-09	9.723077496e-10	7.163536044e-10
	4.928202932e-10	3.072545143e-10	1.559508317e-10	3.410508402e-11	-5.734176619e-11
	-1.091487498e-10	-1.06171366e-10	-3.299148823e-11	1.204419867e-10	3.559362148e-10
	6.676987746e-10	1.045360047e-09	1.477495428e-09	1.954136121e-09	2.4676332e-09
	3.012054234e-09	3.581760356e-09	4.169928423e-09	4.767660947e-09	5.364047601e-09
	5.947133614e-09	6.505309976e-09	7.028444702e-09	7.508323875e-09	7.938424581e-09
	8.3133547e-09	8.628341858e-09	8.879005334e-09	9.061439014e-09	9.17248559e-09
	9.210038669e-09	9.173251907e-09	9.062611434e-09	8.879892596e-09	8.628052307e-09
	8.311107792e-09	7.934037014e-09	7.502717927e-09	7.02390496e-09	6.505216986e-09
	5.955081697e-09	5.382561718e-09	4.797005975e-09	4.207550122e-09	3.622624462e-09
	3.04975631e-09	2.495970737e-09	1.968899289e-09	1.478287505e-09	1.037088466e-09
	6.610285159e-10	3.657522927e-10	1.615510945e-10	4.705621997e-11	4.555938127e-12
	-1.04589901e-40	-9.305002088e-41	4.022532528e-12	4.176098362e-11	1.435356998e-10
	3.251106121e-10	5.876815173e-10	9.220579304e-10	1.31430186e-09	1.750434046e-09
	2.21895846e-09	2.711204411e-09	3.220314528e-09	3.73992206e-09	4.263276678e-09
	4.783067159e-09	5.291723353e-09	5.781737495e-09	6.24559843e-09	6.675262007e-09
	7.061572389e-09	7.39446784e-09	7.664812033e-09	7.867979593e-09	8.007888262e-09
	8.098591745e-09	8.160013972e-09	8.206194633e-09	8.228865639e-09	8.184669221e-09
	7.997217209e-09	7.581464298e-09	6.886277954e-09	5.936056376e-09	4.843954666e-09
	3.778917713e-09	2.89791312e-09	2.283268617e-09	1.921960787e-09	1.731618271e-09
	1.609880955e-09	1.477874691e-09	1.300333397e-09	1.081461905e-09	8.468190543e-10
	6.23891479e-10	4.299014363e-10	2.692136341e-10	1.379747892e-10	3.160053918e-11
	-4.903974901e-11	-9.538352929e-11	-9.345405545e-11	-2.907528445e-11	1.069478504e-10
	3.16235267e-10	5.934906408e-10	9.29319703e-10	1.313458944e-09	1.737036304e-09
	2.193311213e-09	2.677088064e-09	3.183410192e-09	3.706228625e-09	4.237615497e-09
	4.767835445e-09	5.286224304e-09	5.782437154e-09	6.247459162e-09	6.673996591e-09
	7.056268935e-09	7.389502309e-09	7.669467495e-09	7.892273623e-09	8.054443407e-09
	8.153161686e-09	8.186549038e-09	8.153850582e-09	8.055500472e-09	7.893081671e-09
	7.669227892e-09	7.387513617e-09	7.052363728e-09	6.668998399e-09	6.243412739e-09
	5.782369392e-09	5.293354881e-09	4.784430762e-09	4.263925114e-09	3.739982237e-09
	3.220112254e-09	2.711001978e-09	2.218866222e-09	1.750443041e-09	1.314355732e-09
	9.221078612e-10	5.877067744e-10	3.251136674e-10	1.43528481e-10	4.175392287e-11
	4.019940119e-12	-9.305428263e-41	-8.148812901e-41	3.500856893e-12	3.649855682e-11
	1.255654236e-10	2.845106827e-10	5.143620201e-10	8.070354925e-10	1.150293412e-09
	1.531885564e-09	1.941767462e-09	2.372390172e-09	2.817792277e-09	3.272419982e-09
	3.730352528e-09	4.185156492e-09	4.630174901e-09	5.058836675e-09	5.464615027e-09
	5.840554095e-09	6.178720675e-09	6.470318216e-09	6.707227928e-09	6.88514225e-09
	7.007203566e-09	7.085630954e-09	7.13823468e-09	7.178156833e-09	7.199071074e-09
	7.163136581e-09	7.001990729e-09	6.6381319e-09	6.023626569e-09	5.178886638e-09
	4.205816934e-09	3.258010989e-09	2.478145219e-09	1.940089314e-09	1.630371986e-09
	1.472959663e-09	1.374932985e-09	1.265828912e-09	1.115057901e-09	9.273047162e-10
	7.257678421e-10	5.347621094e-10	3.691169915e-10	2.32178963e-10	1.201316223e-10
	2.871623085e-11	-4.127827952e-11	-8.20684745e-11	-8.098435279e-11	-2.521433865e-11
	9.351062719e-11	2.766137239e-10	5.193289716e-10	8.132859271e-10	1.149417778e-09
	1.519958482e-09	1.919061448e-09	2.342242964e-09	2.785207516e-09	3.242671862e-09
	3.707682764e-09	4.171693288e-09	4.625344758e-09	5.059566931e-09	5.466465707e-09
	5.839664595e-09	6.174118787e-09	6.465665622e-09	6.710614483e-09	6.905563343e-09
	7.047465602e-09	7.133851256e-09	7.163070282e-09	7.134460137e-09	7.048402301e-09
	6.906285706e-09	6.710419083e-09	6.463932972e-09	6.170699168e-09	5.835281575e-09
	5.462918835e-09	5.05952047e-09	4.631633296e-09	4.186315691e-09	3.730868744e-09
	3.272437336e-09	2.817605901e-09	2.372222436e-09	1.941701991e-09	1.531904822e-09
	1.150344912e-09	8.070783118e-10	5.143814288e-10	2.845113022e-10	1.255583849e-10
	3.649246627e-11	3.498742387e-12	-8.149038531e-41	-6.99017743e-41	2.991884163e-12
	3.127112163e-11	1.076399601e-10	2.439412891e-10	4.410386427e-10	6.919706542e-10
	9.862180854e-10	1.313269651e-09	1.664529184e-09	2.033556192e-09	2.415270459e-09
	2.804923986e-09	3.19743032e-09	3.587247386e-09	3.968644314e-09	4.335987372e-09
	4.683715155e-09	5.005925407e-09	5.29587696e-09	5.546043089e-09	5.749386469e-09
	5.902028862e-09	6.00643065e-09	6.072952792e-09	6.11709105e-09	6.150775176e-09
	6.169403074e-09	6.140790092e-09	6.005207872e-09	5.693583665e-09	5.161875597e-09
	4.426520439e-09	3.577328937e-09	2.75115576e-09	2.075103316e-09	1.614006019e-09
	1.354270104e-09	1.227138122e-09	1.150133634e-09	1.061814233e-09	9.363496312e-10
	7.786351019e-10	6.091819296e-10	4.48964215e-10	3.104567046e-10	1.961519754e-10
	1.024416031e-10	2.54844933e-11	-3.402465428e-11	-6.917892193e-11	-6.874820512e-11
	-2.14037384e-11	8.012909307e-11	2.370673932e-10	4.452092475e-10	6.972551605e-10
	9.853685744e-10	1.302897019e-09	1.644873372e-09	2.007502664e-09	2.387132172e-09
	2.779237904e-09	3.177846388e-09	3.575610931e-09	3.964490848e-09	4.336699277e-09
	4.685465787e-09	5.00532875e-09	5.291973501e-09	5.541842669e-09	5.751780244e-09
	5.91887202e-09	6.040503593e-09	6.114552735e-09	6.139601025e-09	6.115079119e-09
	6.041315262e-09	5.919502879e-09	5.751624066e-09	5.540364294e-09	5.289042242e-09
	5.00156694e-09	4.682423178e-09	4.336670179e-09	3.969916303e-09	3.588214761e-09
	3.197834087e-09	2.804912612e-09	2.415104391e-09	2.033420339e-09	1.664485136e-09
	1.313294934e-09	9.862654177e-10	6.920065222e-10	4.410531525e-10	2.439402933e-10
	1.076334688e-10	3.126604369e-11	2.990216067e-12	-6.990254309e-41	-5.829494158e-41
	2.493627707e-12	2.607324486e-11	8.975241845e-11	2.033978016e-10	3.677120076e-10
	5.768697684e-10	8.220857524e-10	1.094596145e-09	1.387250454e-09	1.694705279e-09
	2.012748968e-09	2.337433211e-09	2.66450991e-09	2.989339746e-09	3.307128681e-09
	3.61318104e-09	3.902885801e-09	4.171366344e-09	4.413046793e-09	4.621669055e-09
	4.791324867e-09	4.91866079e-09	5.005550122e-09	5.060498846e-09	5.096523019e-09
	5.124037263e-09	5.139914381e-09	5.117708329e-09	5.006901474e-09	4.747763712e-09
	4.300910138e-09	3.678868187e-09	2.958495344e-09	2.258444704e-09	1.688892267e-09
	1.305056393e-09	1.093608371e-09	9.940748344e-10	9.354427537e-10	8.658593736e-10
	7.642798762e-10	6.355162339e-10	4.97085077e-10	3.664879414e-10	2.539048263e-10
	1.611341535e-10	8.49278003e-11	2.193967944e-11	-2.724606835e-11	-5.669092286e-11
	-5.673182586e-11	-1.763827023e-11	6.680223215e-11	1.975917959e-10	3.711264456e-10
	5.812236623e-10	8.213083089e-10	1.085846841e-09	1.370736811e-09	1.672850867e-09
	1.989163731e-09	2.315906275e-09	2.648089938e-09	2.97957825e-09	3.303658547e-09
	3.613834205e-09	3.904460833e-09	4.170989888e-09	4.409832436e-09	4.618031494e-09
	4.792962201e-09	4.932197155e-09	5.033555337e-09	5.095264543e-09	5.116139914e-09
	5.095706126e-09	5.034237731e-09	4.932731354e-09	4.792840972e-09	4.616805962e-09
	4.407391847e-09	4.167854031e-09	3.901925795e-09	3.61381854e-09	3.308203234e-09
	2.990126105e-09	2.664818223e-09	2.337405215e-09	2.012606818e-09	1.694598552e-09
	1.387222911e-09	1.094623652e-09	8.221273984e-10	5.768989311e-10	3.677225167e-10
	2.033959058e-10	8.974674964e-11	2.606917145e-11	2.492360954e-12	-5.829471767e-41
	-4.667134827e-41	2.004196153e-12	2.089973503e-11	7.189618187e-11	1.628757424e-10
	2.943827017e-10	4.617390261e-10	6.579061216e-10	8.758748096e-10	1.109938132e-09
	1.355840326e-09	1.610227745e-09	1.869946743e-09	2.131591079e-09	2.391433639e-09
	2.645625732e-09	2.890409916e-09	3.122113727e-09	3.336864964e-09	3.530232181e-09
	3.697221726e-09	3.833085621e-09	3.935069248e-09	4.004548235e-09	4.04820337e-09
	4.076452484e-09	4.097917571e-09	4.110665199e-09	4.093995328e-09	4.007124839e-09
	3.800609424e-09	3.440584185e-09	2.935812813e-09	2.349323557e-09	1.780001092e-09
	1.319646389e-09	1.013280444e-09	8.483166791e-10	7.73666571e-10	7.30816261e-10
	6.780087272e-10	5.989374624e-10	4.980158811e-10	3.894929445e-10	2.87313185e-10
	1.994416768e-10	1.271293589e-10	6.761684711e-11	1.811719361e-11	-2.091083971e-11
	-4.458154368e-11	-4.492114708e-11	-1.391182858e-11	5.352932858e-11	1.581818532e-10
	2.970747499e-10	4.651875054e-10	6.572344843e-10	8.688035818e-10	1.096641932e-09
	1.338271134e-09	1.591281413e-09	1.852656254e-09	2.118396964e-09	2.383585244e-09
	2.642843944e-09	2.890971758e-09	3.123452243e-09	3.3366488e-09	3.527694946e-09
	3.69423017e-09	3.834157798e-09	3.945536233e-09	4.026618755e-09	4.07598508e-09
	4.092685617e-09	4.076339797e-09	4.027168114e-09	3.945969284e-09	3.834067886e-09
	3.693256305e-09	3.525746869e-09	3.334142438e-09	3.121426792e-09	2.890965631e-09
	2.646493399e-09	2.39204775e-09	2.131818121e-09	1.869912259e-09	1.610112375e-09
	1.355760113e-09	1.109922695e-09	8.759012224e-10	6.579408204e-10	4.617617638e-10
	2.943900164e-10	1.628735474e-10	7.189153178e-11	2.089662476e-11	2.003279326e-12
	-4.667058109e-41	-3.503450968e-41	1.521771681e-12	1.574558846e-11	5.406484942e-11
	1.223707599e-10	2.210512949e-10	3.465844992e-10	4.936887675e-10	6.571153278e-10
	8.325990739e-10	1.01696429e-09	1.207706833e-09	1.402463727e-09	1.598673536e-09
	1.793529023e-09	1.984133405e-09	2.167667031e-09	2.341386406e-09	2.502408257e-09
	2.647431418e-09	2.772723156e-09	2.874713763e-09	2.951296475e-09	3.003422518e-09
	3.035997432e-09	3.056779561e-09	3.072368127e-09	3.081718815e-09	3.069788098e-09
	3.005964331e-09	2.852053993e-09	2.580708623e-09	2.197197029e-09	1.749824667e-09
	1.315992425e-09	9.675403621e-10	7.387161943e-10	6.1828848e-10	5.657792414e-10
	5.362118247e-10	4.98331981e-10	4.404317166e-10	3.662013664e-10	2.864072184e-10
	2.114088328e-10	1.470470124e-10	9.414675389e-11	5.053895385e-11	1.405169802e-11
	-1.498973805e-11	-3.28287796e-11	-3.330092106e-11	-1.021676259e-11	4.03098586e-11
	1.188313677e-10	2.230472459e-10	3.491427038e-10	4.931454318e-10	6.517637197e-10
	8.22579139e-10	1.003746717e-09	1.193464027e-09	1.389466921e-09	1.588751056e-09
	1.78762206e-09	1.982043245e-09	2.168111997e-09	2.342441348e-09	2.50230621e-09
	2.645560383e-09	2.770436812e-09	2.875364508e-09	2.958886723e-09	3.019691726e-09
	3.056712724e-09	3.06923682e-09	3.056978813e-09	3.020104842e-09	2.959214812e-09
	2.875302849e-09	2.769713609e-09	2.64410619e-09	2.500431791e-09	2.340926345e-09
	2.168111568e-09	1.984786076e-09	1.793977636e-09	1.598830655e-09	1.402430843e-09
	1.207620339e-09	1.016908199e-09	8.325919643e-10	6.571378618e-10	4.937154989e-10
	3.466010764e-10	2.210560906e-10	1.22368743e-10	5.406134933e-11	1.574338347e-11
	1.521154045e-12	-3.503358196e-41	-2.338779116e-41	1.044592032e-12	1.060594408e-11
	3.625218591e-11	8.18786025e-11	1.477183506e-10	2.314121745e-10	3.294431621e-10
	4.383273082e-10	5.552401082e-10	6.780801588e-10	8.051863817e-10	9.349834425e-10
	1.065757019e-09	1.195625664e-09	1.322649434e-09	1.444945765e-09	1.560692426e-09
	1.667983788e-09	1.764640413e-09	1.848190004e-09	1.916251908e-09	1.967393592e-09
	2.002188449e-09	2.02381928e-09	2.037381738e-09	2.047302441e-09	2.05312921e-09
	2.045266684e-09	2.003562333e-09	1.9020348e-09	1.721032062e-09	1.4627966e-09
	1.160015296e-09	8.666584852e-10	6.328060813e-10	4.81388402e-10	4.033574978e-10
	3.702400136e-10	3.516031219e-10	3.269398933e-10	2.888919122e-10	2.401283826e-10
	1.878090231e-10	1.387353713e-10	9.670549916e-11	6.22030359e-11	3.372655267e-11
	9.774842165e-12	-9.457147505e-12	-2.141102862e-11	-2.185342494e-11	-6.543238629e-12
	2.714309684e-11	7.953223125e-11	1.490356065e-10	2.330856111e-10	3.290407977e-10
	4.347245853e-10	5.485387753e-10	6.692604082e-10	7.956900267e-10	9.263172404e-10
	1.059135864e-09	1.19167899e-09	1.321252808e-09	1.445255009e-09	1.561429367e-09
	1.66796274e-09	1.763428114e-09	1.84664962e-09	1.916579846e-09	1.972246059e-09
	2.012772076e-09	2.037445836e-09	2.045792231e-09	2.037621891e-09	2.013046367e-09
	1.972466068e-09	1.916543869e-09	1.846176132e-09	1.762468691e-09	1.666721761e-09
	1.560424679e-09	1.445256496e-09	1.323080521e-09	1.195913634e-09	1.065852633e-09
	9.349580503e-10	8.051300538e-10	6.78046098e-10	5.552382677e-10	4.383437601e-10
	3.294611306e-10	2.314227951e-10	1.477211375e-10	8.187711035e-11	3.624991451e-11
	1.060458501e-11	1.044229755e-12	-2.338700014e-41	-1.173445105e-41	5.709351895e-13
	5.47604453e-12	1.845207754e-11	4.139509321e-11	7.438442961e-11	1.162279791e-10
	1.651787045e-10	2.19520304e-10	2.778680329e-10	3.391909267e-10	4.026666028e-10
	4.675053052e-10	5.328413853e-10	5.977232453e-10	6.611712118e-10	7.222393026e-10
	7.800210595e-10	8.335806345e-10	8.818552123e-10	9.236346154e-10	9.577355703e-10
	9.834124653e-10	1.000880435e-09	1.011632016e-09	1.01812878e-09	1.022576381e-09
	1.02490127e-09	1.020656526e-09	1.000174054e-09	9.505211276e-10	8.611948587e-10
	7.32269746e-10	5.79920942e-10	4.323648061e-10	3.157734884e-10	2.41274571e-10
	2.032422074e-10	1.86840557e-10	1.770213194e-10	1.640006835e-10	1.444503385e-10
	1.198239721e-10	9.365876306e-11	6.92524978e-11	4.841127037e-11	3.132265568e-11
	1.721237579e-11	5.313022176e-12	-4.291940652e-12	-1.030650423e-11	-1.055691198e-11
	-2.877952787e-12	1.402726337e-11	4.027262743e-11	7.502996019e-11	1.170142116e-10
	1.649221992e-10	2.176837966e-10	2.745104727e-10	3.347946598e-10	3.979379519e-10
	4.631859976e-10	5.295347798e-10	5.957465974e-10	6.604693809e-10	7.224008243e-10
	7.80417223e-10	8.33618912e-10	8.812976273e-10	9.228669101e-10	9.578013261e-10
	9.856116182e-10	1.005857588e-09	1.018182773e-09	1.022350585e-09	1.018267775e-09
	1.005991151e-09	9.857211696e-10	9.577889245e-10	9.22642104e-10	8.808332532e-10
	8.330120438e-10	7.799220644e-10	7.224005845e-10	6.613759722e-10	5.978535568e-10
	5.328808066e-10	4.674909585e-10	4.026409143e-10	3.3917718e-10	2.778692061e-10
	2.195290856e-10	1.651873231e-10	1.162327504e-10	7.438552638e-11	4.139433669e-11
	1.845107093e-11	5.475482455e-12	5.707963399e-13	-1.173399317e-41	  0
	  0	  0	  0	  0	  0
	  0	  0	  0	  0	  0
	  0	  0	  0	  0	  0
	  0	  0	  0	  0	  0
	  0	  0	  0	  0	  0
	  0	  0	  0	  0	  0
	  0	  0	  0	  0	  0
	  0	  0	  0	  0	  0
	  0	  0	  0	  0	  0
	  0	  0	  0	  0	  0
	  0	  0	  0	  0	  0
	  0	  0	  0	  0	  0
	  0	  0	  0	  0	  0
	  0	  0	  0	  0	  0
	  0	  0	  0	  0	  0
	  0	  0	  0	  0	  0
	  0	  0	  0	  0	  0
	  0	  0	  0	  0	  0
	  0	  0	  0	  0	  0
	  0	  0	  0	  0	  0
	