-30 0.05 -6.70626e-40
-29.4 0.05 2.8307e-11
-28.8 0.05 2.99603e-10
-28.2 0.05 1.03949e-09
-27.6 0.05 2.37795e-09
-27 0.05 4.34584e-09
-26.4 0.05 6.89089e-09
-25.8 0.05 9.89799e-09
-25.2 0.05 1.32089e-08
-24.6 0.05 1.66485e-08
-24 0.05 2.00674e-08
-23.4 0.05 2.34046e-08
-22.8 0.05 2.67483e-08
-22.2 0.05 3.03543e-08
-21.6 0.05 3.45719e-08
-21 0.05 3.96517e-08
-20.4 0.05 4.54763e-08
-19.8 0.05 5.13322e-08
-19.2 0.05 5.58982e-08
-18.6 0.05 5.75974e-08
-18 0.05 5.53154e-08
-17.4 0.05 4.9255e-08
-16.8 0.05 4.1469e-08
-16.2 0.05 3.55399e-08
-15.6 0.05 3.51328e-08
-15 0.05 4.17938e-08
-14.4 0.05 5.32215e-08
-13.8 0.05 6.36258e-08
-13.2 0.05 6.67293e-08
-12.6 0.05 5.96012e-08
-12 0.05 4.44552e-08
-11.4 0.05 2.71738e-08
-10.8 0.05 1.38316e-08
-10.2 0.05 7.63499e-09
-9.6 0.05 7.9725e-09
-9 0.05 1.16424e-08
-8.4 0.05 1.50689e-08
-7.8 0.05 1.60797e-08
-7.2 0.05 1.44513e-08
-6.6 0.05 1.13157e-08
-6 0.05 8.10073e-09
-5.4 0.05 5.71054e-09
-4.8 0.05 4.29451e-09
-4.2 0.05 3.51379e-09
-3.6 0.05 2.96818e-09
-3 0.05 2.46893e-09
-2.4 0.05 2.04321e-09
-1.8 0.05 1.76786e-09
-1.2 0.05 1.6213e-09
-0.6 0.05 1.4819e-09
0 0.05 1.25449e-09
0.6 0.05 9.94306e-10
1.2 0.05 9.14083e-10
1.8 0.05 1.28011e-09
2.4 0.05 2.29003e-09
3 0.05 4.00772e-09
3.6 0.05 6.37023e-09
4.2 0.05 9.24034e-09
4.8 0.05 1.24685e-08
5.4 0.05 1.59372e-08
6 0.05 1.95768e-08
6.6 0.05 2.33549e-08
7.2 0.05 2.72504e-08
7.8 0.05 3.12276e-08
8.4 0.05 3.52221e-08
9 0.05 3.91456e-08
9.6 0.05 4.29027e-08
10.2 0.05 4.64095e-08
10.8 0.05 4.96033e-08
11.4 0.05 5.2443e-08
12 0.05 5.49019e-08
12.6 0.05 5.69593e-08
13.2 0.05 5.85953e-08
13.8 0.05 5.97886e-08
14.4 0.05 6.05189e-08
15 0.05 6.07697e-08
15.6 0.05 6.05321e-08
16.2 0.05 5.98065e-08
16.8 0.05 5.86032e-08
17.4 0.05 5.69414e-08
18 0.05 5.48482e-08
18.6 0.05 5.23573e-08
19.2 0.05 4.95085e-08
19.8 0.05 4.63472e-08
20.4 0.05 4.29244e-08
21 0.05 3.92962e-08
21.6 0.05 3.55215e-08
22.2 0.05 3.16602e-08
22.8 0.05 2.77702e-08
23.4 0.05 2.39049e-08
24 0.05 2.01143e-08
24.6 0.05 1.64476e-08
25.2 0.05 1.29605e-08
25.8 0.05 9.72245e-09
26.4 0.05 6.82074e-09
27 0.05 4.35576e-09
27.6 0.05 2.42327e-09
28.2 0.05 1.08369e-09
28.8 0.05 3.25259e-10
29.4 0.05 3.56159e-11
30 0.05 -6.77435e-40
-30 0.102632 -6.35756e-40
-29.4 0.102632 2.66332e-11
-28.8 0.102632 2.83299e-10
-28.2 0.102632 9.83753e-10
-27.6 0.102632 2.25074e-09
-27 0.102632 4.11312e-09
-26.4 0.102632 6.52208e-09
-25.8 0.102632 9.37081e-09
-25.2 0.102632 1.25125e-08
-24.6 0.102632 1.57827e-08
-24 0.102632 1.90372e-08
-23.4 0.102632 2.22094e-08
-22.8 0.102632 2.53707e-08
-22.2 0.102632 2.87553e-08
-21.6 0.102632 3.26991e-08
-21 0.102632 3.74651e-08
-20.4 0.102632 4.29823e-08
-19.8 0.102632 4.8608e-08
-19.2 0.102632 5.30826e-08
-18.6 0.102632 5.48376e-08
-18 0.102632 5.26896e-08
-17.4 0.102632 4.67178e-08
-16.8 0.102632 3.88632e-08
-16.2 0.102632 3.26778e-08
-15.6 0.102632 3.1897e-08
-15 0.102632 3.81928e-08
-14.4 0.102632 4.93686e-08
-13.8 0.102632 5.96729e-08
-13.2 0.102632 6.28171e-08
-12.6 0.102632 5.58612e-08
-12 0.102632 4.10369e-08
-11.4 0.102632 2.42393e-08
-10.8 0.102632 1.14919e-08
-10.2 0.102632 5.87208e-09
-9.6 0.102632 6.61759e-09
-9 0.102632 1.04457e-08
-8.4 0.102632 1.38214e-08
-7.8 0.102632 1.47089e-08
-7.2 0.102632 1.30322e-08
-6.6 0.102632 1.00018e-08
-6 0.102632 7.02711e-09
-5.4 0.102632 4.92936e-09
-4.8 0.102632 3.76914e-09
-4.2 0.102632 3.15925e-09
-3.6 0.102632 2.70271e-09
-3 0.102632 2.24588e-09
-2.4 0.102632 1.85335e-09
-1.8 0.102632 1.62166e-09
-1.2 0.102632 1.52841e-09
-0.6 0.102632 1.43965e-09
0 0.102632 1.24673e-09
0.6 0.102632 9.96198e-10
1.2 0.102632 8.97956e-10
1.8 0.102632 1.21932e-09
2.4 0.102632 2.15947e-09
3 0.102632 3.78228e-09
3.6 0.102632 6.02394e-09
4.2 0.102632 8.74775e-09
4.8 0.102632 1.18072e-08
5.4 0.102632 1.50902e-08
6 0.102632 1.85327e-08
6.6 0.102632 2.21074e-08
7.2 0.102632 2.57966e-08
7.8 0.102632 2.95672e-08
8.4 0.102632 3.33572e-08
9 0.102632 3.70805e-08
9.6 0.102632 4.06446e-08
10.2 0.102632 4.39691e-08
10.8 0.102632 4.69947e-08
11.4 0.102632 4.96836e-08
12 0.102632 5.20117e-08
12.6 0.102632 5.396e-08
13.2 0.102632 5.55099e-08
13.8 0.102632 5.66409e-08
14.4 0.102632 5.73333e-08
15 0.102632 5.75712e-08
15.6 0.102632 5.73461e-08
16.2 0.102632 5.66585e-08
16.8 0.102632 5.55184e-08
17.4 0.102632 5.39439e-08
18 0.102632 5.1961e-08
18.6 0.102632 4.96014e-08
19.2 0.102632 4.69027e-08
19.8 0.102632 4.3908e-08
20.4 0.102632 4.06654e-08
21 0.102632 3.72279e-08
21.6 0.102632 3.36515e-08
22.2 0.102632 2.99932e-08
22.8 0.102632 2.63078e-08
23.4 0.102632 2.26466e-08
24 0.102632 1.90566e-08
24.6 0.102632 1.55844e-08
25.2 0.102632 1.2282e-08
25.8 0.102632 9.21462e-09
26.4 0.102632 6.46451e-09
27 0.102632 4.12711e-09
27.6 0.102632 2.29415e-09
28.2 0.102632 1.02394e-09
28.8 0.102632 3.05876e-10
29.4 0.102632 3.28827e-11
30 0.102632 -6.43833e-40
-30 0.155263 -6.0065e-40
-29.4 0.155263 2.5073e-11
-28.8 0.155263 2.67314e-10
-28.2 0.155263 9.28496e-10
-27.6 0.155263 2.12412e-09
-27 0.155263 3.88114e-09
-26.4 0.155263 6.15408e-09
-25.8 0.155263 8.84418e-09
-25.2 0.155263 1.18157e-08
-24.6 0.155263 1.49149e-08
-24 0.155263 1.80031e-08
-23.4 0.155263 2.10096e-08
-22.8 0.155263 2.39903e-08
-22.2 0.155263 2.71579e-08
-21.6 0.155263 3.08342e-08
-21 0.155263 3.52913e-08
-20.4 0.155263 4.05006e-08
-19.8 0.155263 4.58859e-08
-19.2 0.155263 5.02492e-08
-18.6 0.155263 5.20394e-08
-18 0.155263 5.00235e-08
-17.4 0.155263 4.41765e-08
-16.8 0.155263 3.63268e-08
-16.2 0.155263 2.99602e-08
-15.6 0.155263 2.8823e-08
-15 0.155263 3.46694e-08
-14.4 0.155263 4.54233e-08
-13.8 0.155263 5.5454e-08
-13.2 0.155263 5.85635e-08
-12.6 0.155263 5.18543e-08
-12 0.155263 3.75406e-08
-11.4 0.155263 2.14313e-08
-10.8 0.155263 9.40335e-09
-10.2 0.155263 4.36787e-09
-9.6 0.155263 5.44393e-09
-9 0.155263 9.33381e-09
-8.4 0.155263 1.25982e-08
-7.8 0.155263 1.33543e-08
-7.2 0.155263 1.16559e-08
-6.6 0.155263 8.7607e-09
-6 0.155263 6.03735e-09
-5.4 0.155263 4.21971e-09
-4.8 0.155263 3.29024e-09
-4.2 0.155263 2.82784e-09
-3.6 0.155263 2.44697e-09
-3 0.155263 2.02799e-09
-2.4 0.155263 1.66626e-09
-1.8 0.155263 1.47275e-09
-1.2 0.155263 1.42442e-09
-0.6 0.155263 1.37943e-09
0 0.155263 1.21992e-09
0.6 0.155263 9.84141e-10
1.2 0.155263 8.75794e-10
1.8 0.155263 1.15895e-09
2.4 0.155263 2.03209e-09
3 0.155263 3.55964e-09
3.6 0.155263 5.67897e-09
4.2 0.155263 8.25554e-09
4.8 0.155263 1.11466e-08
5.4 0.155263 1.42447e-08
6 0.155263 1.74913e-08
6.6 0.155263 2.08632e-08
7.2 0.155263 2.43461e-08
7.8 0.155263 2.79096e-08
8.4 0.155263 3.14939e-08
9 0.155263 3.5016e-08
9.6 0.155263 3.83865e-08
10.2 0.155263 4.15283e-08
10.8 0.155263 4.43859e-08
11.4 0.155263 4.69242e-08
12 0.155263 4.91215e-08
12.6 0.155263 5.09609e-08
13.2 0.155263 5.24247e-08
13.8 0.155263 5.34933e-08
14.4 0.155263 5.41477e-08
15 0.155263 5.43727e-08
15.6 0.155263 5.41602e-08
16.2 0.155263 5.35106e-08
16.8 0.155263 5.24336e-08
17.4 0.155263 5.09465e-08
18 0.155263 4.90738e-08
18.6 0.155263 4.68455e-08
19.2 0.155263 4.4297e-08
19.8 0.155263 4.14688e-08
20.4 0.155263 3.84063e-08
21 0.155263 3.51596e-08
21.6 0.155263 3.17816e-08
22.2 0.155263 2.83262e-08
22.8 0.155263 2.48456e-08
23.4 0.155263 2.13883e-08
24 0.155263 1.79989e-08
24.6 0.155263 1.47209e-08
25.2 0.155263 1.1603e-08
25.8 0.155263 8.70616e-09
26.4 0.155263 6.10778e-09
27 0.155263 3.89834e-09
27.6 0.155263 2.16532e-09
28.2 0.155263 9.64754e-10
28.8 0.155263 2.86977e-10
29.4 0.155263 3.0339e-11
30 0.155263 -6.09714e-40
-30 0.207895 -5.65395e-40
-29.4 0.207895 2.35964e-11
-28.8 0.207895 2.5157e-10
-28.2 0.207895 8.7362e-10
-27.6 0.207895 1.99801e-09
-27 0.207895 3.64983e-09
-26.4 0.207895 5.78688e-09
-25.8 0.207895 8.31816e-09
-25.2 0.207895 1.11186e-08
-24.6 0.207895 1.40452e-08
-24 0.207895 1.69654e-08
-23.4 0.207895 1.98051e-08
-22.8 0.207895 2.26062e-08
-22.2 0.207895 2.55612e-08
-21.6 0.207895 2.89768e-08
-21 0.207895 3.31314e-08
-20.4 0.207895 3.80329e-08
-19.8 0.207895 4.31667e-08
-19.2 0.207895 4.73966e-08
-18.6 0.207895 4.92006e-08
-18 0.207895 4.73167e-08
-17.4 0.207895 4.16332e-08
-16.8 0.207895 3.38615e-08
-16.2 0.207895 2.73852e-08
-15.6 0.207895 2.59082e-08
-15 0.207895 3.12316e-08
-14.4 0.207895 4.14178e-08
-13.8 0.207895 5.1028e-08
-13.2 0.207895 5.40402e-08
-12.6 0.207895 4.76425e-08
-12 0.207895 3.40016e-08
-11.4 0.207895 1.87564e-08
-10.8 0.207895 7.55419e-09
-10.2 0.207895 3.10624e-09
-9.6 0.207895 4.43975e-09
-9 0.207895 8.30186e-09
-8.4 0.207895 1.13997e-08
-7.8 0.207895 1.20194e-08
-7.2 0.207895 1.03267e-08
-6.6 0.207895 7.59572e-09
-6 0.207895 5.13244e-09
-5.4 0.207895 3.58038e-09
-4.8 0.207895 2.85549e-09
-4.2 0.207895 2.51743e-09
-3.6 0.207895 2.19979e-09
-3 0.207895 1.81521e-09
-2.4 0.207895 1.48302e-09
-1.8 0.207895 1.32331e-09
-1.2 0.207895 1.31232e-09
-0.6 0.207895 1.30431e-09
0 0.207895 1.17632e-09
0.6 0.207895 9.59144e-10
1.2 0.207895 8.4758e-10
1.8 0.207895 1.09862e-09
2.4 0.207895 1.90768e-09
3 0.207895 3.33987e-09
3.6 0.207895 5.33545e-09
4.2 0.207895 7.76373e-09
4.8 0.207895 1.04864e-08
5.4 0.207895 1.34006e-08
6 0.207895 1.64524e-08
6.6 0.207895 1.96222e-08
7.2 0.207895 2.2899e-08
7.8 0.207895 2.62547e-08
8.4 0.207895 2.96324e-08
9 0.207895 3.29522e-08
9.6 0.207895 3.61284e-08
10.2 0.207895 3.90873e-08
10.8 0.207895 4.17767e-08
11.4 0.207895 4.41646e-08
12 0.207895 4.62315e-08
12.6 0.207895 4.7962e-08
13.2 0.207895 4.93396e-08
13.8 0.207895 5.03458e-08
14.4 0.207895 5.09622e-08
15 0.207895 5.11742e-08
15.6 0.207895 5.09742e-08
16.2 0.207895 5.03627e-08
16.8 0.207895 4.93488e-08
17.4 0.207895 4.79492e-08
18 0.207895 4.61867e-08
18.6 0.207895 4.40896e-08
19.2 0.207895 4.16912e-08
19.8 0.207895 3.90295e-08
20.4 0.207895 3.61473e-08
21 0.207895 3.30913e-08
21.6 0.207895 2.99117e-08
22.2 0.207895 2.66593e-08
22.8 0.207895 2.33835e-08
23.4 0.207895 2.01301e-08
24 0.207895 1.6941e-08
24.6 0.207895 1.3857e-08
25.2 0.207895 1.09235e-08
25.8 0.207895 8.1971e-09
26.4 0.207895 5.75061e-09
27 0.207895 3.66947e-09
27.6 0.207895 2.03678e-09
28.2 0.207895 9.0605e-10
28.8 0.207895 2.68492e-10
29.4 0.207895 2.79544e-11
30 0.207895 -5.75192e-40
-30 0.260526 -5.30043e-40
-29.4 0.260526 2.21818e-11
-28.8 0.260526 2.3601e-10
-28.2 0.260526 8.19046e-10
-27.6 0.260526 1.87232e-09
-27 0.260526 3.41911e-09
-26.4 0.260526 5.42043e-09
-25.8 0.260526 7.79281e-09
-25.2 0.260526 1.04216e-08
-24.6 0.260526 1.31741e-08
-24 0.260526 1.59242e-08
-23.4 0.260526 1.85957e-08
-22.8 0.260526 2.12181e-08
-22.2 0.260526 2.39646e-08
-21.6 0.260526 2.7127e-08
-21 0.260526 3.0986e-08
-20.4 0.260526 3.558e-08
-19.8 0.260526 4.04502e-08
-19.2 0.260526 4.45239e-08
-18.6 0.260526 4.63206e-08
-18 0.260526 4.45701e-08
-17.4 0.260526 3.90894e-08
-16.8 0.260526 3.14668e-08
-16.2 0.260526 2.49492e-08
-15.6 0.260526 2.31506e-08
-15 0.260526 2.78904e-08
-14.4 0.260526 3.7386e-08
-13.8 0.260526 4.64526e-08
-13.2 0.260526 4.93162e-08
-12.6 0.260526 4.32863e-08
-12 0.260526 3.04561e-08
-11.4 0.260526 1.62232e-08
-10.8 0.260526 5.93355e-09
-10.2 0.260526 2.06978e-09
-9.6 0.260526 3.59159e-09
-9 0.260526 7.34445e-09
-8.4 0.260526 1.02275e-08
-7.8 0.260526 1.07093e-08
-7.2 0.260526 9.04973e-09
-6.6 0.260526 6.50981e-09
-6 0.260526 4.31247e-09
-5.4 0.260526 3.00939e-09
-4.8 0.260526 2.46233e-09
-4.2 0.260526 2.22607e-09
-3.6 0.260526 1.9604e-09
-3 0.260526 1.6079e-09
-2.4 0.260526 1.30495e-09
-1.8 0.260526 1.17545e-09
-1.2 0.260526 1.19476e-09
-0.6 0.260526 1.21703e-09
0 0.260526 1.1181e-09
0.6 0.260526 9.22375e-10
1.2 0.260526 8.13532e-10
1.8 0.260526 1.03803e-09
2.4 0.260526 1.78594e-09
3 0.260526 3.1229e-09
3.6 0.260526 4.99343e-09
4.2 0.260526 7.27236e-09
4.8 0.260526 9.82651e-09
5.4 0.260526 1.25577e-08
6 0.260526 1.54156e-08
6.6 0.260526 1.83841e-08
7.2 0.260526 2.14547e-08
7.8 0.260526 2.46021e-08
8.4 0.260526 2.77724e-08
9 0.260526 3.08891e-08
9.6 0.260526 3.38702e-08
10.2 0.260526 3.66459e-08
10.8 0.260526 3.91673e-08
11.4 0.260526 4.14049e-08
12 0.260526 4.33415e-08
12.6 0.260526 4.49632e-08
13.2 0.260526 4.62547e-08
13.8 0.260526 4.71984e-08
14.4 0.260526 4.77767e-08
15 0.260526 4.79758e-08
15.6 0.260526 4.77882e-08
16.2 0.260526 4.72148e-08
16.8 0.260526 4.62641e-08
17.4 0.260526 4.49519e-08
18 0.260526 4.32996e-08
18.6 0.260526 4.13337e-08
19.2 0.260526 3.90854e-08
19.8 0.260526 3.65903e-08
20.4 0.260526 3.38881e-08
21 0.260526 3.10231e-08
21.6 0.260526 2.80419e-08
22.2 0.260526 2.49925e-08
22.8 0.260526 2.19215e-08
23.4 0.260526 1.88718e-08
24 0.260526 1.5883e-08
24.6 0.260526 1.29928e-08
25.2 0.260526 1.02434e-08
25.8 0.260526 7.68749e-09
26.4 0.260526 5.39305e-09
27 0.260526 3.44053e-09
27.6 0.260526 1.90849e-09
28.2 0.260526 8.47778e-10
28.8 0.260526 2.50366e-10
29.4 0.260526 2.57055e-11
30 0.260526 -5.40347e-40
-30 0.313158 -4.94627e-40
-29.4 0.313158 2.08129e-11
-28.8 0.313158 2.20588e-10
-28.2 0.313158 7.64705e-10
-27.6 0.313158 1.74699e-09
-27 0.313158 3.18892e-09
-26.4 0.313158 5.0547e-09
-25.8 0.313158 7.26818e-09
-25.2 0.313158 9.72469e-09
-24.6 0.313158 1.23017e-08
-24 0.313158 1.48797e-08
-23.4 0.313158 1.73813e-08
-22.8 0.313158 1.98254e-08
-22.2 0.313158 2.23677e-08
-21.6 0.313158 2.52845e-08
-21 0.313158 2.88552e-08
-20.4 0.313158 3.3142e-08
-19.8 0.313158 3.77365e-08
-19.2 0.313158 4.16311e-08
-18.6 0.313158 4.33999e-08
-18 0.313158 4.17848e-08
-17.4 0.313158 3.65453e-08
-16.8 0.313158 2.91398e-08
-16.2 0.313158 2.26472e-08
-15.6 0.313158 2.05494e-08
-15 0.313158 2.46591e-08
-14.4 0.313158 3.33636e-08
-13.8 0.313158 4.17848e-08
-13.2 0.313158 4.44585e-08
-12.6 0.313158 3.88449e-08
-12 0.313158 2.69411e-08
-11.4 0.313158 1.38415e-08
-10.8 0.313158 4.53094e-09
-10.2 0.313158 1.24029e-09
-9.6 0.313158 2.88477e-09
-9 0.313158 6.45591e-09
-8.4 0.313158 9.08434e-09
-7.8 0.313158 9.43074e-09
-7.2 0.313158 7.83106e-09
-6.6 0.313158 5.50569e-09
-6 0.313158 3.57673e-09
-5.4 0.313158 2.50407e-09
-4.8 0.313158 2.10797e-09
-4.2 0.313158 1.9521e-09
-3.6 0.313158 1.72851e-09
-3 0.313158 1.40684e-09
-2.4 0.313158 1.13349e-09
-1.8 0.313158 1.03115e-09
-1.2 0.313158 1.07416e-09
-0.6 0.313158 1.12011e-09
0 0.313158 1.04741e-09
0.6 0.313158 8.75135e-10
1.2 0.313158 7.74045e-10
1.8 0.313158 9.77002e-10
2.4 0.313158 1.66654e-09
3 0.313158 2.90853e-09
3.6 0.313158 4.65294e-09
4.2 0.313158 6.78149e-09
4.8 0.313158 9.16704e-09
5.4 0.313158 1.17159e-08
6 0.313158 1.4381e-08
6.6 0.313158 1.71487e-08
7.2 0.313158 2.00132e-08
7.8 0.313158 2.29518e-08
8.4 0.313158 2.59138e-08
9 0.313158 2.88265e-08
9.6 0.313158 3.1612e-08
10.2 0.313158 3.42043e-08
10.8 0.313158 3.65576e-08
11.4 0.313158 3.86451e-08
12 0.313158 4.04516e-08
12.6 0.313158 4.19646e-08
13.2 0.313158 4.317e-08
13.8 0.313158 4.40511e-08
14.4 0.313158 4.45912e-08
15 0.313158 4.47773e-08
15.6 0.313158 4.46022e-08
16.2 0.313158 4.40669e-08
16.8 0.313158 4.31795e-08
17.4 0.313158 4.19546e-08
18 0.313158 4.04125e-08
18.6 0.313158 3.85779e-08
19.2 0.313158 3.64796e-08
19.8 0.313158 3.4151e-08
20.4 0.313158 3.1629e-08
21 0.313158 2.89548e-08
21.6 0.313158 2.61721e-08
22.2 0.313158 2.33259e-08
22.8 0.313158 2.04595e-08
23.4 0.313158 1.76136e-08
24 0.313158 1.48248e-08
24.6 0.313158 1.21283e-08
25.2 0.313158 9.56288e-09
25.8 0.313158 7.17737e-09
26.4 0.313158 5.03514e-09
27 0.313158 3.21153e-09
27.6 0.313158 1.78045e-09
28.2 0.313158 7.89889e-10
28.8 0.313158 2.32554e-10
29.4 0.313158 2.35744e-11
30 0.313158 -5.05235e-40
-30 0.365789 -4.59167e-40
-29.4 0.365789 1.94764e-11
-28.8 0.365789 2.05264e-10
-28.2 0.365789 7.10535e-10
-27.6 0.365789 1.62193e-09
-27 0.365789 2.95918e-09
-26.4 0.365789 4.68967e-09
-25.8 0.365789 6.74434e-09
-25.2 0.365789 9.02814e-09
-24.6 0.365789 1.14284e-08
-24 0.365789 1.38321e-08
-23.4 0.365789 1.6162e-08
-22.8 0.365789 1.84281e-08
-22.2 0.365789 2.07704e-08
-21.6 0.365789 2.34493e-08
-21 0.365789 2.6739e-08
-20.4 0.365789 3.07186e-08
-19.8 0.365789 3.50252e-08
-19.2 0.365789 3.87186e-08
-18.6 0.365789 4.04403e-08
-18 0.365789 3.89626e-08
-17.4 0.365789 3.40006e-08
-16.8 0.365789 2.68767e-08
-16.2 0.365789 2.04736e-08
-15.6 0.365789 1.81042e-08
-15 0.365789 2.15522e-08
-14.4 0.365789 2.93868e-08
-13.8 0.365789 3.70816e-08
-13.2 0.365789 3.95332e-08
-12.6 0.365789 3.43771e-08
-12 0.365789 2.34934e-08
-11.4 0.365789 1.16218e-08
-10.8 0.365789 3.33601e-09
-10.2 0.365789 5.98924e-10
-9.6 0.365789 2.30389e-09
-9 0.365789 5.63056e-09
-8.4 0.365789 7.97356e-09
-7.8 0.365789 8.19129e-09
-7.2 0.365789 6.67723e-09
-6.6 0.365789 4.5858e-09
-6 0.365789 2.92367e-09
-5.4 0.365789 2.061e-09
-4.8 0.365789 1.78942e-09
-4.2 0.365789 1.69416e-09
-3.6 0.365789 1.50434e-09
-3 0.365789 1.21316e-09
-2.4 0.365789 9.70158e-10
-1.8 0.365789 8.92193e-10
-1.2 0.365789 9.52636e-10
-0.6 0.365789 1.01589e-09
0 0.365789 9.66339e-10
0.6 0.365789 8.18842e-10
1.2 0.365789 7.2965e-10
1.8 0.365789 9.15381e-10
2.4 0.365789 1.54908e-09
3 0.365789 2.69651e-09
3.6 0.365789 4.31392e-09
4.2 0.365789 6.2912e-09
4.8 0.365789 8.50798e-09
5.4 0.365789 1.08751e-08
6 0.365789 1.33481e-08
6.6 0.365789 1.59158e-08
7.2 0.365789 1.85743e-08
7.8 0.365789 2.13036e-08
8.4 0.365789 2.40566e-08
9 0.365789 2.67646e-08
9.6 0.365789 2.93539e-08
10.2 0.365789 3.17623e-08
10.8 0.365789 3.39476e-08
11.4 0.365789 3.58852e-08
12 0.365789 3.75617e-08
12.6 0.365789 3.89661e-08
13.2 0.365789 4.00854e-08
13.8 0.365789 4.09039e-08
14.4 0.365789 4.14058e-08
15 0.365789 4.15787e-08
15.6 0.365789 4.14162e-08
16.2 0.365789 4.0919e-08
16.8 0.365789 4.00948e-08
17.4 0.365789 3.89574e-08
18 0.365789 3.75255e-08
18.6 0.365789 3.5822e-08
19.2 0.365789 3.38739e-08
19.8 0.365789 3.17116e-08
20.4 0.365789 2.93698e-08
21 0.365789 2.68865e-08
21.6 0.365789 2.43024e-08
22.2 0.365789 2.16593e-08
22.8 0.365789 1.89977e-08
23.4 0.365789 1.63555e-08
24 0.365789 1.37666e-08
24.6 0.365789 1.12635e-08
25.2 0.365789 8.88188e-09
25.8 0.365789 6.66678e-09
26.4 0.365789 4.67692e-09
27 0.365789 2.98249e-09
27.6 0.365789 1.65262e-09
28.2 0.365789 7.32343e-10
28.8 0.365789 2.15019e-10
29.4 0.365789 2.15461e-11
30 0.365789 -4.69899e-40
-30 0.418421 -4.23677e-40
-29.4 0.418421 1.81595e-11
-28.8 0.418421 1.89999e-10
-28.2 0.418421 6.56478e-10
-27.6 0.418421 1.49708e-09
-27 0.418421 2.72985e-09
-26.4 0.418421 4.32531e-09
-25.8 0.418421 6.22131e-09
-25.2 0.418421 8.33202e-09
-24.6 0.418421 1.05542e-08
-24 0.418421 1.27815e-08
-23.4 0.418421 1.49378e-08
-22.8 0.418421 1.70262e-08
-22.2 0.418421 1.91726e-08
-21.6 0.418421 2.1621e-08
-21 0.418421 2.46366e-08
-20.4 0.418421 2.83093e-08
-19.8 0.418421 3.23164e-08
-19.2 0.418421 3.57876e-08
-18.6 0.418421 3.74439e-08
-18 0.418421 3.61051e-08
-17.4 0.418421 3.1454e-08
-16.8 0.418421 2.46721e-08
-16.2 0.418421 1.84221e-08
-15.6 0.418421 1.5815e-08
-15 0.418421 1.85855e-08
-14.4 0.418421 2.54932e-08
-13.8 0.418421 3.24e-08
-13.2 0.418421 3.46059e-08
-12.6 0.418421 2.99409e-08
-12 0.418421 2.01499e-08
-11.4 0.418421 9.57446e-09
-10.8 0.418421 2.33817e-09
-10.2 0.418421 1.2627e-10
-9.6 0.418421 1.83309e-09
-9 0.418421 4.86291e-09
-8.4 0.418421 6.8996e-09
-7.8 0.418421 6.99974e-09
-7.2 0.418421 5.59526e-09
-6.6 0.418421 3.75224e-09
-6 0.418421 2.35096e-09
-5.4 0.418421 1.67616e-09
-4.8 0.418421 1.50362e-09
-4.2 0.418421 1.4513e-09
-3.6 0.418421 1.28863e-09
-3 0.418421 1.02829e-09
-2.4 0.418421 8.16447e-10
-1.8 0.418421 7.60139e-10
-1.2 0.418421 8.32074e-10
-0.6 0.418421 9.06575e-10
0 0.418421 8.7704e-10
0.6 0.418421 7.55026e-10
1.2 0.418421 6.80989e-10
1.8 0.418421 8.53071e-10
2.4 0.418421 1.43316e-09
3 0.418421 2.48649e-09
3.6 0.418421 3.97629e-09
4.2 0.418421 5.80157e-09
4.8 0.418421 7.84939e-09
5.4 0.418421 1.00351e-08
6 0.418421 1.23169e-08
6.6 0.418421 1.46851e-08
7.2 0.418421 1.71377e-08
7.8 0.418421 1.96574e-08
8.4 0.418421 2.22006e-08
9 0.418421 2.47031e-08
9.6 0.418421 2.70957e-08
10.2 0.418421 2.93202e-08
10.8 0.418421 3.13373e-08
11.4 0.418421 3.31252e-08
12 0.418421 3.46719e-08
12.6 0.418421 3.59678e-08
13.2 0.418421 3.7001e-08
13.8 0.418421 3.77568e-08
14.4 0.418421 3.82204e-08
15 0.418421 3.83802e-08
15.6 0.418421 3.82302e-08
16.2 0.418421 3.77712e-08
16.8 0.418421 3.70102e-08
17.4 0.418421 3.59602e-08
18 0.418421 3.46385e-08
18.6 0.418421 3.30662e-08
19.2 0.418421 3.1268e-08
19.8 0.418421 2.92723e-08
20.4 0.418421 2.71106e-08
21 0.418421 2.48183e-08
21.6 0.418421 2.24327e-08
22.2 0.418421 1.99927e-08
22.8 0.418421 1.7536e-08
23.4 0.418421 1.50973e-08
24 0.418421 1.27082e-08
24.6 0.418421 1.03984e-08
25.2 0.418421 8.20046e-09
25.8 0.418421 6.15576e-09
26.4 0.418421 4.31841e-09
27 0.418421 2.75342e-09
27.6 0.418421 1.525e-09
28.2 0.418421 6.75103e-10
28.8 0.418421 1.97728e-10
29.4 0.418421 1.9608e-11
30 0.418421 -4.34372e-40
-30 0.471053 -3.88173e-40
-29.4 0.471053 1.68494e-11
-28.8 0.471053 1.74757e-10
-28.2 0.471053 6.02478e-10
-27.6 0.471053 1.37239e-09
-27 0.471053 2.50089e-09
-26.4 0.471053 3.96162e-09
-25.8 0.471053 5.69913e-09
-25.2 0.471053 7.63638e-09
-24.6 0.471053 9.67917e-09
-24 0.471053 1.17281e-08
-23.4 0.471053 1.3709e-08
-22.8 0.471053 1.56199e-08
-22.2 0.471053 1.75742e-08
-21.6 0.471053 1.97991e-08
-21 0.471053 2.25471e-08
-20.4 0.471053 2.59129e-08
-19.8 0.471053 2.96101e-08
-19.2 0.471053 3.28401e-08
-18.6 0.471053 3.44136e-08
-18 0.471053 3.32143e-08
-17.4 0.471053 2.89037e-08
-16.8 0.471053 2.252e-08
-16.2 0.471053 1.64857e-08
-15.6 0.471053 1.3682e-08
-15 0.471053 1.57754e-08
-14.4 0.471053 2.1721e-08
-13.8 0.471053 2.77976e-08
-13.2 0.471053 2.97423e-08
-12.6 0.471053 2.55943e-08
-12 0.471053 1.69474e-08
-11.4 0.471053 7.70962e-09
-10.8 0.471053 1.52625e-09
-10.2 0.471053 -1.9768e-10
-9.6 0.471053 1.45637e-09
-9 0.471053 4.14808e-09
-8.4 0.471053 5.86788e-09
-7.8 0.471053 5.86575e-09
-7.2 0.471053 4.59238e-09
-6.6 0.471053 3.00656e-09
-6 0.471053 1.85545e-09
-5.4 0.471053 1.34498e-09
-4.8 0.471053 1.24754e-09
-4.2 0.471053 1.22299e-09
-3.6 0.471053 1.08259e-09
-3 0.471053 8.53882e-10
-2.4 0.471053 6.73786e-10
-1.8 0.471053 6.36319e-10
-1.2 0.471053 7.14146e-10
-0.6 0.471053 7.94297e-10
0 0.471053 7.81696e-10
0.6 0.471053 6.85319e-10
1.2 0.471053 6.28781e-10
1.8 0.471053 7.89989e-10
2.4 0.471053 1.31833e-09
3 0.471053 2.27811e-09
3.6 0.471053 3.63995e-09
4.2 0.471053 5.3127e-09
4.8 0.471053 7.19136e-09
5.4 0.471053 9.19604e-09
6 0.471053 1.12871e-08
6.6 0.471053 1.34563e-08
7.2 0.471053 1.57031e-08
7.8 0.471053 1.80129e-08
8.4 0.471053 2.03459e-08
9 0.471053 2.26422e-08
9.6 0.471053 2.48375e-08
10.2 0.471053 2.68777e-08
10.8 0.471053 2.87268e-08
11.4 0.471053 3.0365e-08
12 0.471053 3.17821e-08
12.6 0.471053 3.29696e-08
13.2 0.471053 3.39167e-08
13.8 0.471053 3.46097e-08
14.4 0.471053 3.5035e-08
15 0.471053 3.51817e-08
15.6 0.471053 3.50442e-08
16.2 0.471053 3.46233e-08
16.8 0.471053 3.39257e-08
17.4 0.471053 3.29631e-08
18 0.471053 3.17516e-08
18.6 0.471053 3.03104e-08
19.2 0.471053 2.86622e-08
19.8 0.471053 2.68329e-08
20.4 0.471053 2.48514e-08
21 0.471053 2.275e-08
21.6 0.471053 2.05631e-08
22.2 0.471053 1.83263e-08
22.8 0.471053 1.60743e-08
23.4 0.471053 1.38392e-08
24 0.471053 1.16497e-08
24.6 0.471053 9.53297e-09
25.2 0.471053 7.51865e-09
25.8 0.471053 5.64435e-09
26.4 0.471053 3.95964e-09
27 0.471053 2.52431e-09
27.6 0.471053 1.39755e-09
28.2 0.471053 6.18134e-10
28.8 0.471053 1.80653e-10
29.4 0.471053 1.77492e-11
30 0.471053 -3.98682e-40
-30 0.523684 -3.52674e-40
-29.4 0.523684 1.55324e-11
-28.8 0.523684 1.59497e-10
-28.2 0.523684 5.48481e-10
-27.6 0.523684 1.24781e-09
-27 0.523684 2.27229e-09
-26.4 0.523684 3.59862e-09
-25.8 0.523684 5.17778e-09
-25.2 0.523684 6.94119e-09
-24.6 0.523684 8.80338e-09
-24 0.523684 1.06721e-08
-23.4 0.523684 1.24759e-08
-22.8 0.523684 1.42097e-08
-22.2 0.523684 1.59754e-08
-21.6 0.523684 1.7983e-08
-21 0.523684 2.04692e-08
-20.4 0.523684 2.35283e-08
-19.8 0.523684 2.69064e-08
-19.2 0.523684 2.9878e-08
-18.6 0.523684 3.13528e-08
-18 0.523684 3.02921e-08
-17.4 0.523684 2.63475e-08
-16.8 0.523684 2.04134e-08
-16.2 0.523684 1.46569e-08
-15.6 0.523684 1.17055e-08
-15 0.523684 1.31391e-08
-14.4 0.523684 1.81095e-08
-13.8 0.523684 2.33327e-08
-13.2 0.523684 2.50087e-08
-12.6 0.523684 2.13954e-08
-12 0.523684 1.3922e-08
-11.4 0.523684 6.03662e-09
-10.8 0.523684 8.88152e-10
-10.2 0.523684 -3.93582e-10
-9.6 0.523684 1.15784e-09
-9 0.523684 3.48208e-09
-8.4 0.523684 4.88507e-09
-7.8 0.523684 4.79976e-09
-7.2 0.523684 3.67576e-09
-6.6 0.523684 2.34959e-09
-6 0.523684 1.43319e-09
-5.4 0.523684 1.06256e-09
-4.8 0.523684 1.01837e-09
-4.2 0.523684 1.00923e-09
-3.6 0.523684 8.87863e-10
-3 0.523684 6.91734e-10
-2.4 0.523684 5.43451e-10
-1.8 0.523684 5.21819e-10
-1.2 0.523684 6.00359e-10
-0.6 0.523684 6.81155e-10
0 0.523684 6.82559e-10
0.6 0.523684 6.1144e-10
1.2 0.523684 5.73798e-10
1.8 0.523684 7.26059e-10
2.4 0.523684 1.20412e-09
3 0.523684 2.07097e-09
3.6 0.523684 3.30478e-09
4.2 0.523684 4.82465e-09
4.8 0.523684 6.53398e-09
5.4 0.523684 8.35777e-09
6 0.523684 1.02586e-08
6.6 0.523684 1.22291e-08
7.2 0.523684 1.42704e-08
7.8 0.523684 1.63701e-08
8.4 0.523684 1.84923e-08
9 0.523684 2.05819e-08
9.6 0.523684 2.25794e-08
10.2 0.523684 2.4435e-08
10.8 0.523684 2.6116e-08
11.4 0.523684 2.76048e-08
12 0.523684 2.88924e-08
12.6 0.523684 2.99716e-08
13.2 0.523684 3.08325e-08
13.8 0.523684 3.14628e-08
14.4 0.523684 3.18496e-08
15 0.523684 3.19831e-08
15.6 0.523684 3.18581e-08
16.2 0.523684 3.14754e-08
16.8 0.523684 3.08411e-08
17.4 0.523684 2.9966e-08
18 0.523684 2.88647e-08
18.6 0.523684 2.75546e-08
19.2 0.523684 2.60564e-08
19.8 0.523684 2.43935e-08
20.4 0.523684 2.25922e-08
21 0.523684 2.06817e-08
21.6 0.523684 1.86935e-08
22.2 0.523684 1.666e-08
22.8 0.523684 1.46128e-08
23.4 0.523684 1.25811e-08
24 0.523684 1.05911e-08
24.6 0.523684 8.66732e-09
25.2 0.523684 6.83648e-09
25.8 0.523684 5.13258e-09
26.4 0.523684 3.60065e-09
27 0.523684 2.29518e-09
27.6 0.523684 1.27027e-09
28.2 0.523684 5.61407e-10
28.8 0.523684 1.63769e-10
29.4 0.523684 1.59602e-11
30 0.523684 -3.62852e-40
-30 0.576316 -3.17201e-40
-29.4 0.576316 1.41952e-11
-28.8 0.576316 1.44182e-10
-28.2 0.576316 4.94437e-10
-27.6 0.576316 1.12331e-09
-27 0.576316 2.04405e-09
-26.4 0.576316 3.2363e-09
-25.8 0.576316 4.65726e-09
-25.2 0.576316 6.24639e-09
-24.6 0.576316 7.92678e-09
-24 0.576316 9.61345e-09
-23.4 0.576316 1.1239e-08
-22.8 0.576316 1.2796e-08
-22.2 0.576316 1.43763e-08
-21.6 0.576316 1.61719e-08
-21 0.576316 1.84013e-08
-20.4 0.576316 2.11542e-08
-19.8 0.576316 2.42055e-08
-19.2 0.576316 2.69039e-08
-18.6 0.576316 2.82653e-08
-18 0.576316 2.73407e-08
-17.4 0.576316 2.37828e-08
-16.8 0.576316 1.83448e-08
-16.2 0.576316 1.29276e-08
-15.6 0.576316 9.8854e-09
-15 0.576316 1.06943e-08
-14.4 0.576316 1.46989e-08
-13.8 0.576316 1.90649e-08
-13.2 0.576316 2.0472e-08
-12.6 0.576316 1.74027e-08
-12 0.576316 1.11097e-08
-11.4 0.576316 4.56366e-09
-10.8 0.576316 4.10435e-10
-10.2 0.576316 -4.82784e-10
-9.6 0.576316 9.22009e-10
-9 0.576316 2.86223e-09
-8.4 0.576316 3.95919e-09
-7.8 0.576316 3.81281e-09
-7.2 0.576316 2.85221e-09
-6.6 0.576316 1.78124e-09
-6 0.576316 1.07945e-09
-5.4 0.576316 8.23818e-10
-4.8 0.576316 8.13675e-10
-4.2 0.576316 8.10569e-10
-3.6 0.576316 7.06446e-10
-3 0.576316 5.43653e-10
-2.4 0.576316 4.26513e-10
-1.8 0.576316 4.17491e-10
-1.2 0.576316 4.921e-10
-0.6 0.576316 5.69267e-10
0 0.576316 5.81965e-10
0.6 0.576316 5.35177e-10
1.2 0.576316 5.16831e-10
1.8 0.576316 6.61184e-10
2.4 0.576316 1.09003e-09
3 0.576316 1.86465e-09
3.6 0.576316 2.97065e-09
4.2 0.576316 4.33754e-09
4.8 0.576316 5.87735e-09
5.4 0.576316 7.52027e-09
6 0.576316 9.23111e-09
6.6 0.576316 1.10034e-08
7.2 0.576316 1.28393e-08
7.8 0.576316 1.47288e-08
8.4 0.576316 1.66397e-08
9 0.576316 1.8522e-08
9.6 0.576316 2.03212e-08
10.2 0.576316 2.19921e-08
10.8 0.576316 2.3505e-08
11.4 0.576316 2.48444e-08
12 0.576316 2.60027e-08
12.6 0.576316 2.69737e-08
13.2 0.576316 2.77485e-08
13.8 0.576316 2.83159e-08
14.4 0.576316 2.86643e-08
15 0.576316 2.87845e-08
15.6 0.576316 2.86721e-08
16.2 0.576316 2.83275e-08
16.8 0.576316 2.77566e-08
17.4 0.576316 2.6969e-08
18 0.576316 2.59778e-08
18.6 0.576316 2.47988e-08
19.2 0.576316 2.34506e-08
19.8 0.576316 2.1954e-08
20.4 0.576316 2.03329e-08
21 0.576316 1.86134e-08
21.6 0.576316 1.6824e-08
22.2 0.576316 1.49937e-08
22.8 0.576316 1.31513e-08
23.4 0.576316 1.1323e-08
24 0.576316 9.53238e-09
24.6 0.576316 7.80143e-09
25.2 0.576316 6.15398e-09
25.8 0.576316 4.62049e-09
26.4 0.576316 3.24146e-09
27 0.576316 2.06604e-09
27.6 0.576316 1.14313e-09
28.2 0.576316 5.04894e-10
28.8 0.576316 1.47052e-10
29.4 0.576316 1.42324e-11
30 0.576316 -3.26901e-40
-30 0.628947 -2.81776e-40
-29.4 0.628947 1.28252e-11
-28.8 0.628947 1.28777e-10
-28.2 0.628947 4.40303e-10
-27.6 0.628947 9.98863e-10
-27 0.628947 1.81616e-09
-26.4 0.628947 2.87469e-09
-25.8 0.628947 4.13754e-09
-25.2 0.628947 5.55192e-09
-24.6 0.628947 7.04934e-09
-24 0.628947 8.55248e-09
-23.4 0.628947 9.99868e-09
-22.8 0.628947 1.13794e-08
-22.2 0.628947 1.2777e-08
-21.6 0.628947 1.43652e-08
-21 0.628947 1.63418e-08
-20.4 0.628947 1.8789e-08
-19.8 0.628947 2.15076e-08
-19.2 0.628947 2.39205e-08
-18.6 0.628947 2.51552e-08
-18 0.628947 2.43623e-08
-17.4 0.628947 2.12068e-08
-16.8 0.628947 1.63058e-08
-16.2 0.628947 1.12889e-08
-15.6 0.628947 8.22153e-09
-15 0.628947 8.4592e-09
-14.4 0.628947 1.15307e-08
-13.8 0.628947 1.50554e-08
-13.2 0.628947 1.62008e-08
-12.6 0.628947 1.3675e-08
-12 0.628947 8.54554e-09
-11.4 0.628947 3.2972e-09
-10.8 0.628947 7.79019e-11
-10.2 0.628947 -4.87358e-10
-9.6 0.628947 7.34218e-10
-9 0.628947 2.28762e-09
-8.4 0.628947 3.09982e-09
-7.8 0.628947 2.91637e-09
-7.2 0.628947 2.12777e-09
-6.6 0.628947 1.30027e-09
-6 0.628947 7.88793e-10
-5.4 0.628947 6.2372e-10
-4.8 0.628947 6.31585e-10
-4.2 0.628947 6.2814e-10
-3.6 0.628947 5.40601e-10
-3 0.628947 4.11354e-10
-2.4 0.628947 3.23779e-10
-1.8 0.628947 3.23974e-10
-1.2 0.628947 3.90693e-10
-0.6 0.628947 4.60813e-10
0 0.628947 4.82341e-10
0.6 0.628947 4.58363e-10
1.2 0.628947 4.5866e-10
1.8 0.628947 5.95238e-10
2.4 0.628947 9.75557e-10
3 0.628947 1.65877e-09
3.6 0.628947 2.63747e-09
4.2 0.628947 3.85145e-09
4.8 0.628947 5.22157e-09
5.4 0.628947 6.68349e-09
6 0.628947 8.20446e-09
6.6 0.628947 9.77884e-09
7.2 0.628947 1.14096e-08
7.8 0.628947 1.30888e-08
8.4 0.628947 1.47882e-08
9 0.628947 1.64626e-08
9.6 0.628947 1.80631e-08
10.2 0.628947 1.9549e-08
10.8 0.628947 2.08937e-08
11.4 0.628947 2.20839e-08
12 0.628947 2.31131e-08
12.6 0.628947 2.39759e-08
13.2 0.628947 2.46646e-08
13.8 0.628947 2.51691e-08
14.4 0.628947 2.5479e-08
15 0.628947 2.55859e-08
15.6 0.628947 2.5486e-08
16.2 0.628947 2.51797e-08
16.8 0.628947 2.46721e-08
17.4 0.628947 2.3972e-08
18 0.628947 2.3091e-08
18.6 0.628947 2.20431e-08
19.2 0.628947 2.08447e-08
19.8 0.628947 1.95146e-08
20.4 0.628947 1.80736e-08
21 0.628947 1.65452e-08
21.6 0.628947 1.49545e-08
22.2 0.628947 1.33275e-08
22.8 0.628947 1.16899e-08
23.4 0.628947 1.00649e-08
24 0.628947 8.47358e-09
24.6 0.628947 6.93533e-09
25.2 0.628947 5.47119e-09
25.8 0.628947 4.10812e-09
26.4 0.628947 2.88209e-09
27 0.628947 1.83688e-09
27.6 0.628947 1.01612e-09
28.2 0.628947 4.4857e-10
28.8 0.628947 1.30482e-10
29.4 0.628947 1.2558e-11
30 0.628947 -2.90846e-40
-30 0.681579 -2.46414e-40
-29.4 0.681579 1.14126e-11
-28.8 0.681579 1.13254e-10
-28.2 0.681579 3.86045e-10
-27.6 0.681579 8.74449e-10
-27 0.681579 1.58864e-09
-26.4 0.681579 2.51378e-09
-25.8 0.681579 3.61857e-09
-25.2 0.681579 4.85767e-09
-24.6 0.681579 6.171e-09
-24 0.681579 7.48931e-09
-23.4 0.681579 8.75544e-09
-22.8 0.681579 9.96057e-09
-22.2 0.681579 1.11778e-08
-21.6 0.681579 1.25621e-08
-21 0.681579 1.4289e-08
-20.4 0.681579 1.64309e-08
-19.8 0.681579 1.88126e-08
-19.2 0.681579 2.09307e-08
-18.6 0.681579 2.2027e-08
-18 0.681579 2.13598e-08
-17.4 0.681579 1.86169e-08
-16.8 0.681579 1.42877e-08
-16.2 0.681579 9.73089e-09
-15.6 0.681579 6.71302e-09
-15 0.681579 6.4522e-09
-14.4 0.681579 8.64797e-09
-13.8 0.681579 1.13676e-08
-13.2 0.681579 1.22656e-08
-12.6 0.681579 1.02721e-08
-12 0.681579 6.26375e-09
-11.4 0.681579 2.2414e-09
-10.8 0.681579 -1.26903e-10
-10.2 0.681579 -4.3006e-10
-9.6 0.681579 5.81103e-10
-9 0.681579 1.75965e-09
-8.4 0.681579 2.31819e-09
-7.8 0.681579 2.12198e-09
-7.2 0.681579 1.50731e-09
-6.6 0.681579 9.04096e-10
-6 0.681579 5.55225e-10
-5.4 0.681579 4.57575e-10
-4.8 0.681579 4.70963e-10
-4.2 0.681579 4.6363e-10
-3.6 0.681579 3.9272e-10
-3 0.681579 2.96353e-10
-2.4 0.681579 2.35772e-10
-1.8 0.681579 2.41727e-10
-1.2 0.681579 2.97457e-10
-0.6 0.681579 3.58072e-10
0 0.681579 3.86206e-10
0.6 0.681579 3.82847e-10
1.2 0.681579 4.00015e-10
1.8 0.681579 5.28043e-10
2.4 0.681579 8.60181e-10
3 0.681579 1.45293e-09
3.6 0.681579 2.30517e-09
4.2 0.681579 3.36648e-09
4.8 0.681579 4.5667e-09
5.4 0.681579 5.84736e-09
6 0.681579 7.17846e-09
6.6 0.681579 8.55518e-09
7.2 0.681579 9.98108e-09
7.8 0.681579 1.14501e-08
8.4 0.681579 1.29375e-08
9 0.681579 1.44037e-08
9.6 0.681579 1.58051e-08
10.2 0.681579 1.71056e-08
10.8 0.681579 1.82822e-08
11.4 0.681579 1.93233e-08
12 0.681579 2.02235e-08
12.6 0.681579 2.09782e-08
13.2 0.681579 2.15809e-08
13.8 0.681579 2.20224e-08
14.4 0.681579 2.22936e-08
15 0.681579 2.23873e-08
15.6 0.681579 2.22998e-08
16.2 0.681579 2.20318e-08
16.8 0.681579 2.15876e-08
17.4 0.681579 2.0975e-08
18 0.681579 2.02042e-08
18.6 0.681579 1.92874e-08
19.2 0.681579 1.82389e-08
19.8 0.681579 1.70751e-08
20.4 0.681579 1.58143e-08
21 0.681579 1.44769e-08
21.6 0.681579 1.3085e-08
22.2 0.681579 1.16614e-08
22.8 0.681579 1.02285e-08
23.4 0.681579 8.80683e-09
24 0.681579 7.4147e-09
24.6 0.681579 6.06903e-09
25.2 0.681579 4.78814e-09
25.8 0.681579 3.5955e-09
26.4 0.681579 2.52257e-09
27 0.681579 1.6077e-09
27.6 0.681579 8.8922e-10
28.2 0.681579 3.92408e-10
28.8 0.681579 1.1404e-10
29.4 0.681579 1.09298e-11
30 0.681579 -2.54703e-40
-30 0.734211 -2.11122e-40
-29.4 0.734211 9.95124e-12
-28.8 0.734211 9.75951e-11
-28.2 0.734211 3.31637e-10
-27.6 0.734211 7.50047e-10
-27 0.734211 1.36146e-09
-26.4 0.734211 2.15357e-09
-25.8 0.734211 3.10032e-09
-25.2 0.734211 4.16357e-09
-24.6 0.734211 5.29172e-09
-24 0.734211 6.42408e-09
-23.4 0.734211 7.50975e-09
-22.8 0.734211 8.54015e-09
-22.2 0.734211 9.57899e-09
-21.6 0.734211 1.07618e-08
-21 0.734211 1.22412e-08
-20.4 0.734211 1.40782e-08
-19.8 0.734211 1.61203e-08
-19.2 0.734211 1.7937e-08
-18.6 0.734211 1.88854e-08
-18 0.734211 1.83363e-08
-17.4 0.734211 1.60103e-08
-16.8 0.734211 1.22812e-08
-16.2 0.734211 8.24286e-09
-15.6 0.734211 5.35818e-09
-15 0.734211 4.6921e-09
-14.4 0.734211 6.09539e-09
-13.8 0.734211 8.06778e-09
-13.2 0.734211 8.73971e-09
-12.6 0.734211 7.25489e-09
-12 0.734211 4.29706e-09
-11.4 0.734211 1.39726e-09
-10.8 0.734211 -2.24245e-10
-10.2 0.734211 -3.34163e-10
-9.6 0.734211 4.51325e-10
-9 0.734211 1.28261e-09
-8.4 0.734211 1.62721e-09
-7.8 0.734211 1.44074e-09
-7.2 0.734211 9.94015e-10
-6.6 0.734211 5.88732e-10
-6 0.734211 3.72457e-10
-5.4 0.734211 3.21329e-10
-4.8 0.734211 3.31506e-10
-4.2 0.734211 3.19199e-10
-3.6 0.734211 2.6519e-10
-3 0.734211 1.9989e-10
-2.4 0.734211 1.62717e-10
-1.8 0.734211 1.71069e-10
-1.2 0.734211 2.13758e-10
-0.6 0.734211 2.63461e-10
0 0.734211 2.96171e-10
0.6 0.734211 3.1045e-10
1.2 0.734211 3.41534e-10
1.8 0.734211 4.59361e-10
2.4 0.734211 7.43402e-10
3 0.734211 1.24684e-09
3.6 0.734211 1.9737e-09
4.2 0.734211 2.88273e-09
4.8 0.734211 3.91278e-09
5.4 0.734211 5.01178e-09
6 0.734211 6.15292e-09
6.6 0.734211 7.33221e-09
7.2 0.734211 8.55354e-09
7.8 0.734211 9.81236e-09
8.4 0.734211 1.10877e-08
9 0.734211 1.23452e-08
9.6 0.734211 1.3547e-08
10.2 0.734211 1.46621e-08
10.8 0.734211 1.56705e-08
11.4 0.734211 1.65626e-08
12 0.734211 1.73339e-08
12.6 0.734211 1.79807e-08
13.2 0.734211 1.84972e-08
13.8 0.734211 1.88758e-08
14.4 0.734211 1.91083e-08
15 0.734211 1.91887e-08
15.6 0.734211 1.91137e-08
16.2 0.734211 1.88839e-08
16.8 0.734211 1.85032e-08
17.4 0.734211 1.79781e-08
18 0.734211 1.73174e-08
18.6 0.734211 1.65316e-08
19.2 0.734211 1.5633e-08
19.8 0.734211 1.46356e-08
20.4 0.734211 1.35549e-08
21 0.734211 1.24086e-08
21.6 0.734211 1.12156e-08
22.2 0.734211 9.99534e-09
22.8 0.734211 8.76719e-09
23.4 0.734211 7.54876e-09
24 0.734211 6.35574e-09
24.6 0.734211 5.20256e-09
25.2 0.734211 4.10485e-09
25.8 0.734211 3.08266e-09
26.4 0.734211 2.16291e-09
27 0.734211 1.37852e-09
27.6 0.734211 7.6242e-10
28.2 0.734211 3.36388e-10
28.8 0.734211 9.77078e-11
29.4 0.734211 9.34119e-12
30 0.734211 -2.18485e-40
-30 0.786842 -1.759e-40
-29.4 0.786842 8.43927e-12
-28.8 0.786842 8.17944e-11
-28.2 0.786842 2.77069e-10
-27.6 0.786842 6.25641e-10
-27 0.786842 1.13462e-09
-26.4 0.786842 1.79401e-09
-25.8 0.786842 2.58273e-09
-25.2 0.786842 3.46957e-09
-24.6 0.786842 4.41149e-09
-24 0.786842 5.35695e-09
-23.4 0.786842 6.26202e-09
-22.8 0.786842 7.11869e-09
-22.2 0.786842 7.98092e-09
-21.6 0.786842 8.96399e-09
-21 0.786842 1.01967e-08
-20.4 0.786842 1.17288e-08
-19.8 0.786842 1.34303e-08
-19.2 0.786842 1.4942e-08
-18.6 0.786842 1.57353e-08
-18 0.786842 1.52955e-08
-17.4 0.786842 1.3385e-08
-16.8 0.786842 1.02765e-08
-16.2 0.786842 6.8126e-09
-15.6 0.786842 4.15402e-09
-15 0.786842 3.19783e-09
-14.4 0.786842 3.92025e-09
-13.8 0.786842 5.22637e-09
-13.2 0.786842 5.70034e-09
-12.6 0.786842 4.6856e-09
-12 0.786842 2.67609e-09
-11.4 0.786842 7.61466e-10
-10.8 0.786842 -2.37797e-10
-10.2 0.786842 -2.23019e-10
-9.6 0.786842 3.36582e-10
-9 0.786842 8.64326e-10
-8.4 0.786842 1.0412e-09
-7.8 0.786842 8.82613e-10
-7.2 0.786842 5.88888e-10
-6.6 0.786842 3.48845e-10
-6 0.786842 2.34308e-10
-5.4 0.786842 2.11847e-10
-4.8 0.786842 2.13751e-10
-4.2 0.786842 1.97337e-10
-3.6 0.786842 1.60281e-10
-3 0.786842 1.22875e-10
-2.4 0.786842 1.04542e-10
-1.8 0.786842 1.12216e-10
-1.2 0.786842 1.41074e-10
-0.6 0.786842 1.79586e-10
0 0.786842 2.1492e-10
0.6 0.786842 2.42903e-10
1.2 0.786842 2.83702e-10
1.8 0.786842 3.88881e-10
2.4 0.786842 6.24769e-10
3 0.786842 1.04027e-09
3.6 0.786842 1.64308e-09
4.2 0.786842 2.40025e-09
4.8 0.786842 3.25979e-09
5.4 0.786842 4.17664e-09
6 0.786842 5.12766e-09
6.6 0.786842 6.10974e-09
7.2 0.786842 7.12681e-09
7.8 0.786842 8.17557e-09
8.4 0.786842 9.23859e-09
9 0.786842 1.0287e-08
9.6 0.786842 1.12889e-08
10.2 0.786842 1.22183e-08
10.8 0.786842 1.30586e-08
11.4 0.786842 1.38018e-08
12 0.786842 1.44443e-08
12.6 0.786842 1.49832e-08
13.2 0.786842 1.54136e-08
13.8 0.786842 1.57292e-08
14.4 0.786842 1.59231e-08
15 0.786842 1.599e-08
15.6 0.786842 1.59275e-08
16.2 0.786842 1.5736e-08
16.8 0.786842 1.54187e-08
17.4 0.786842 1.49812e-08
18 0.786842 1.44307e-08
18.6 0.786842 1.37759e-08
19.2 0.786842 1.30272e-08
19.8 0.786842 1.2196e-08
20.4 0.786842 1.12956e-08
21 0.786842 1.03403e-08
21.6 0.786842 9.34614e-09
22.2 0.786842 8.32933e-09
22.8 0.786842 7.30593e-09
23.4 0.786842 6.29071e-09
24 0.786842 5.29671e-09
24.6 0.786842 4.33595e-09
25.2 0.786842 3.42138e-09
25.8 0.786842 2.56964e-09
26.4 0.786842 1.80313e-09
27 0.786842 1.14932e-09
27.6 0.786842 6.35702e-10
28.2 0.786842 2.80487e-10
28.8 0.786842 8.14675e-11
29.4 0.786842 7.78595e-12
30 0.786842 -1.82204e-40
-30 0.839474 -1.40741e-40
-29.4 0.839474 6.87897e-12
-28.8 0.839474 6.5857e-11
-28.2 0.839474 2.22342e-10
-27.6 0.839474 5.01218e-10
-27 0.839474 9.0807e-10
-26.4 0.839474 1.43506e-09
-25.8 0.839474 2.06574e-09
-25.2 0.839474 2.77563e-09
-24.6 0.839474 3.53037e-09
-24 0.839474 4.2881e-09
-23.4 0.839474 5.01259e-09
-22.8 0.839474 5.69663e-09
-22.2 0.839474 6.38388e-09
-21.6 0.839474 7.16826e-09
-21 0.839474 8.15428e-09
-20.4 0.839474 9.38104e-09
-19.8 0.839474 1.07415e-08
-19.2 0.839474 1.19474e-08
-18.6 0.839474 1.25813e-08
-18 0.839474 1.22419e-08
-17.4 0.839474 1.07397e-08
-16.8 0.839474 8.26383e-09
-16.2 0.839474 5.42628e-09
-15.6 0.839474 3.09559e-09
-15 0.839474 1.98837e-09
-14.4 0.839474 2.17315e-09
-13.8 0.839474 2.91959e-09
-13.2 0.839474 3.22988e-09
-12.6 0.839474 2.62786e-09
-12 0.839474 1.42797e-09
-11.4 0.839474 3.24805e-10
-10.8 0.839474 -1.9515e-10
-10.2 0.839474 -1.19077e-10
-9.6 0.839474 2.33013e-10
-9 0.839474 5.1668e-10
-8.4 0.839474 5.75278e-10
-7.8 0.839474 4.55425e-10
-7.2 0.839474 2.90461e-10
-6.6 0.839474 1.7813e-10
-6 0.839474 1.35155e-10
-5.4 0.839474 1.27059e-10
-4.8 0.839474 1.1898e-10
-4.2 0.839474 1.00752e-10
-3.6 0.839474 8.00811e-11
-3 0.839474 6.58416e-11
-2.4 0.839474 6.08493e-11
-1.8 0.839474 6.53291e-11
-1.2 0.839474 8.11024e-11
-0.6 0.839474 1.09296e-10
0 0.839474 1.45155e-10
0.6 0.839474 1.81718e-10
1.2 0.839474 2.26775e-10
1.8 0.839474 3.16241e-10
2.4 0.839474 5.03934e-10
3 0.839474 8.33119e-10
3.6 0.839474 1.31334e-09
4.2 0.839474 1.91907e-09
4.8 0.839474 2.60765e-09
5.4 0.839474 3.3418e-09
6 0.839474 4.10252e-09
6.6 0.839474 4.8876e-09
7.2 0.839474 5.70071e-09
7.8 0.839474 6.53952e-09
8.4 0.839474 7.39009e-09
9 0.839474 8.2291e-09
9.6 0.839474 9.03091e-09
10.2 0.839474 9.77448e-09
10.8 0.839474 1.04466e-08
11.4 0.839474 1.10409e-08
12 0.839474 1.15548e-08
12.6 0.839474 1.19858e-08
13.2 0.839474 1.23302e-08
13.8 0.839474 1.25826e-08
14.4 0.839474 1.27378e-08
15 0.839474 1.27914e-08
15.6 0.839474 1.27414e-08
16.2 0.839474 1.25882e-08
16.8 0.839474 1.23343e-08
17.4 0.839474 1.19843e-08
18 0.839474 1.15439e-08
18.6 0.839474 1.10202e-08
19.2 0.839474 1.04213e-08
19.8 0.839474 9.75648e-09
20.4 0.839474 9.03618e-09
21 0.839474 8.27207e-09
21.6 0.839474 7.47676e-09
22.2 0.839474 6.66335e-09
22.8 0.839474 5.84471e-09
23.4 0.839474 5.03265e-09
24 0.839474 4.23763e-09
24.6 0.839474 3.46922e-09
25.2 0.839474 2.73774e-09
25.8 0.839474 2.05646e-09
26.4 0.839474 1.44327e-09
27 0.839474 9.20121e-10
27.6 0.839474 5.09052e-10
28.2 0.839474 2.24684e-10
28.8 0.839474 6.53031e-11
29.4 0.839474 6.25812e-12
30 0.839474 -1.45872e-40
-30 0.892105 -1.05635e-40
-29.4 0.892105 5.27626e-12
-28.8 0.892105 4.97986e-11
-28.2 0.892105 1.67471e-10
-27.6 0.892105 3.7677e-10
-27 0.892105 6.81759e-10
-26.4 0.892105 1.07661e-09
-25.8 0.892105 1.54927e-09
-25.2 0.892105 2.08175e-09
-24.6 0.892105 2.64846e-09
-24 0.892105 3.21775e-09
-23.4 0.892105 3.76173e-09
-22.8 0.892105 4.27426e-09
-22.2 0.892105 4.78803e-09
-21.6 0.892105 5.37444e-09
-21 0.892105 6.11309e-09
-20.4 0.892105 7.0333e-09
-19.8 0.892105 8.05296e-09
-19.2 0.892105 8.95439e-09
-18.6 0.892105 9.42778e-09
-18 0.892105 9.1807e-09
-17.4 0.892105 8.07486e-09
-16.8 0.892105 6.23367e-09
-16.2 0.892105 4.06787e-09
-15.6 0.892105 2.17471e-09
-15 0.892105 1.0821e-09
-14.4 0.892105 9.09523e-10
-13.8 0.892105 1.23254e-09
-13.2 0.892105 1.41844e-09
-12.6 0.892105 1.14656e-09
-12 0.892105 5.73834e-10
-11.4 0.892105 6.97363e-11
-10.8 0.892105 -1.27769e-10
-10.2 0.892105 -4.17574e-11
-9.6 0.892105 1.43001e-10
-9 0.892105 2.55358e-10
-8.4 0.892105 2.43806e-10
-7.8 0.892105 1.64017e-10
-7.2 0.892105 9.50606e-11
-6.6 0.892105 6.99255e-11
-6 0.892105 7.01257e-11
-5.4 0.892105 6.58456e-11
-4.8 0.892105 4.9204e-11
-4.2 0.892105 3.24453e-11
-3.6 0.892105 2.64154e-11
-3 0.892105 2.87329e-11
-2.4 0.892105 3.0846e-11
-1.8 0.892105 3.0697e-11
-1.2 0.892105 3.59887e-11
-0.6 0.892105 5.57089e-11
0 0.892105 8.93957e-11
0.6 0.892105 1.27982e-10
1.2 0.892105 1.70724e-10
1.8 0.892105 2.41095e-10
2.4 0.892105 3.80739e-10
3 0.892105 6.25423e-10
3.6 0.892105 9.84537e-10
4.2 0.892105 1.43911e-09
4.8 0.892105 1.95621e-09
5.4 0.892105 2.5071e-09
6 0.892105 3.07736e-09
6.6 0.892105 3.66567e-09
7.2 0.892105 4.2751e-09
7.8 0.892105 4.90407e-09
8.4 0.892105 5.54207e-09
9 0.892105 6.17146e-09
9.6 0.892105 6.77288e-09
10.2 0.892105 7.33051e-09
10.8 0.892105 7.83446e-09
11.4 0.892105 8.28005e-09
12 0.892105 8.66532e-09
12.6 0.892105 8.98852e-09
13.2 0.892105 9.24676e-09
13.8 0.892105 9.43612e-09
14.4 0.892105 9.55249e-09
15 0.892105 9.5927e-09
15.6 0.892105 9.5552e-09
16.2 0.892105 9.44028e-09
16.8 0.892105 9.24993e-09
17.4 0.892105 8.98746e-09
18 0.892105 8.65724e-09
18.6 0.892105 8.26454e-09
19.2 0.892105 7.81545e-09
19.8 0.892105 7.31692e-09
20.4 0.892105 6.77679e-09
21 0.892105 6.20379e-09
21.6 0.892105 5.60739e-09
22.2 0.892105 4.99742e-09
22.8 0.892105 4.38353e-09
23.4 0.892105 3.77461e-09
24 0.892105 3.1785e-09
24.6 0.892105 2.60238e-09
25.2 0.892105 2.05397e-09
25.8 0.892105 1.54316e-09
26.4 0.892105 1.08333e-09
27 0.892105 6.90915e-10
27.6 0.892105 3.82457e-10
28.2 0.892105 1.68959e-10
28.8 0.892105 4.9199e-11
29.4 0.892105 4.75203e-12
30 0.892105 -1.095e-40
-30 0.944737 -7.0568e-41
-29.4 0.944737 3.63989e-12
-28.8 0.944737 3.36436e-11
-28.2 0.944737 1.12484e-10
-27.6 0.944737 2.52296e-10
-27 0.944737 4.55629e-10
-26.4 0.944737 7.18564e-10
-25.8 0.944737 1.03322e-09
-25.2 0.944737 1.38793e-09
-24.6 0.944737 1.76594e-09
-24 0.944737 2.1462e-09
-23.4 0.944737 2.50972e-09
-22.8 0.944737 2.85171e-09
-22.2 0.944737 3.19336e-09
-21.6 0.944737 3.58236e-09
-21 0.944737 4.07264e-09
-20.4 0.944737 4.68461e-09
-19.8 0.944737 5.3634e-09
-19.2 0.944737 5.96297e-09
-18.6 0.944737 6.27763e-09
-18 0.944737 6.11702e-09
-17.4 0.944737 5.39288e-09
-16.8 0.944737 4.17869e-09
-16.2 0.944737 2.71918e-09
-15.6 0.944737 1.37695e-09
-15 0.944737 4.9479e-10
-14.4 0.944737 1.92401e-10
-13.8 0.944737 2.65475e-10
-13.2 0.944737 3.68273e-10
-12.6 0.944737 3.06144e-10
-12 0.944737 1.22855e-10
-11.4 0.944737 -3.31928e-11
-10.8 0.944737 -6.85581e-11
-10.2 0.944737 -2.67756e-12
-9.6 0.944737 7.64001e-11
-9 0.944737 9.71874e-11
-8.4 0.944737 5.82195e-11
-7.8 0.944737 1.07992e-11
-7.2 0.944737 -1.71644e-12
-6.6 0.944737 1.73063e-11
-6 0.944737 3.42788e-11
-5.4 0.944737 2.79218e-11
-4.8 0.944737 7.86339e-12
-4.2 0.944737 -3.95033e-12
-3.6 0.944737 3.36528e-13
-3 0.944737 1.02837e-11
-2.4 0.944737 1.33956e-11
-1.8 0.944737 9.31952e-12
-1.2 0.944737 8.71827e-12
-0.6 0.944737 2.20021e-11
0 0.944737 4.9454e-11
0.6 0.944737 8.20213e-11
1.2 0.944737 1.15255e-10
1.8 0.944737 1.63267e-10
2.4 0.944737 2.55276e-10
3 0.944737 4.1733e-10
3.6 0.944737 6.56647e-10
4.2 0.944737 9.60191e-10
4.8 0.944737 1.30528e-09
5.4 0.944737 1.67241e-09
6 0.944737 2.05212e-09
6.6 0.944737 2.44382e-09
7.2 0.944737 2.8498e-09
7.8 0.944737 3.26903e-09
8.4 0.944737 3.69439e-09
9 0.944737 4.11399e-09
9.6 0.944737 4.51486e-09
10.2 0.944737 4.88645e-09
10.8 0.944737 5.22222e-09
11.4 0.944737 5.51911e-09
12 0.944737 5.77584e-09
12.6 0.944737 5.99126e-09
13.2 0.944737 6.16341e-09
13.8 0.944737 6.28965e-09
14.4 0.944737 6.36722e-09
15 0.944737 6.39402e-09
15.6 0.944737 6.36901e-09
16.2 0.944737 6.29241e-09
16.8 0.944737 6.16554e-09
17.4 0.944737 5.99062e-09
18 0.944737 5.77055e-09
18.6 0.944737 5.50885e-09
19.2 0.944737 5.20957e-09
19.8 0.944737 4.87735e-09
20.4 0.944737 4.51739e-09
21 0.944737 4.13552e-09
21.6 0.944737 3.73804e-09
22.2 0.944737 3.3315e-09
22.8 0.944737 2.92236e-09
23.4 0.944737 2.51656e-09
24 0.944737 2.11933e-09
24.6 0.944737 1.73548e-09
25.2 0.944737 1.3701e-09
25.8 0.944737 1.02976e-09
26.4 0.944737 7.23328e-10
27 0.944737 4.61705e-10
27.6 0.944737 2.55903e-10
28.2 0.944737 1.13293e-10
28.8 0.944737 3.314e-11
29.4 0.944737 3.26219e-12
30 0.944737 -7.30978e-41
-30 0.997368 -3.55253e-41
-29.4 0.997368 1.98074e-12
-28.8 0.997368 1.74224e-11
-28.2 0.997368 5.74144e-11
-27.6 0.997368 1.27798e-10
-27 0.997368 2.29616e-10
-26.4 0.997368 3.60786e-10
-25.8 0.997368 5.17465e-10
-25.2 0.997368 6.94172e-10
-24.6 0.997368 8.83023e-10
-24 0.997368 1.07382e-09
-23.4 0.997368 1.25688e-09
-22.8 0.997368 1.429e-09
-22.2 0.997368 1.59959e-09
-21.6 0.997368 1.79173e-09
-21 0.997368 2.03281e-09
-20.4 0.997368 2.33474e-09
-19.8 0.997368 2.67206e-09
-19.2 0.997368 2.9725e-09
-18.6 0.997368 3.13228e-09
-18 0.997368 3.05526e-09
-17.4 0.997368 2.69763e-09
-16.8 0.997368 2.09492e-09
-16.2 0.997368 1.36304e-09
-15.6 0.997368 6.79593e-10
-15 0.997368 2.30344e-10
-14.4 0.997368 9.34961e-11
-13.8 0.997368 1.52703e-10
-13.2 0.997368 2.07203e-10
-12.6 0.997368 1.60358e-10
-12 0.997368 5.42159e-11
-11.4 0.997368 -2.66111e-11
-10.8 0.997368 -3.85692e-11
-10.2 0.997368 1.81045e-12
-9.6 0.997368 4.49188e-11
-9 0.997368 5.27082e-11
-8.4 0.997368 2.74374e-11
-7.8 0.997368 6.47751e-13
-7.2 0.997368 -3.39897e-12
-6.6 0.997368 1.03493e-11
-6 0.997368 2.02982e-11
-5.4 0.997368 1.49475e-11
-4.8 0.997368 2.31911e-12
-4.2 0.997368 -3.75908e-12
-3.6 0.997368 1.48025e-13
-3 0.997368 6.48313e-12
-2.4 0.997368 7.85078e-12
-1.8 0.997368 4.72123e-12
-1.2 0.997368 3.50363e-12
-0.6 0.997368 1.02434e-11
0 0.997368 2.53743e-11
0.6 0.997368 4.32319e-11
1.2 0.997368 5.99827e-11
1.8 0.997368 8.28402e-11
2.4 0.997368 1.2791e-10
3 0.997368 2.09083e-10
3.6 0.997368 3.29579e-10
4.2 0.997368 4.82027e-10
4.8 0.997368 6.54604e-10
5.4 0.997368 8.3763e-10
6 0.997368 1.02674e-09
6.6 0.997368 1.22199e-09
7.2 0.997368 1.42466e-09
7.8 0.997368 1.63421e-09
8.4 0.997368 1.8469e-09
9 0.997368 2.05663e-09
9.6 0.997368 2.25685e-09
10.2 0.997368 2.44234e-09
10.8 0.997368 2.60992e-09
11.4 0.997368 2.75814e-09
12 0.997368 2.88638e-09
12.6 0.997368 2.99404e-09
13.2 0.997368 3.0801e-09
13.8 0.997368 3.1432e-09
14.4 0.997368 3.18196e-09
15 0.997368 3.19533e-09
15.6 0.997368 3.18282e-09
16.2 0.997368 3.14454e-09
16.8 0.997368 3.08116e-09
17.4 0.997368 2.99379e-09
18 0.997368 2.88388e-09
18.6 0.997368 2.75317e-09
19.2 0.997368 2.6037e-09
19.8 0.997368 2.43777e-09
20.4 0.997368 2.25798e-09
21 0.997368 2.06725e-09
21.6 0.997368 1.8687e-09
22.2 0.997368 1.66561e-09
22.8 0.997368 1.46122e-09
23.4 0.997368 1.25852e-09
24 0.997368 1.06015e-09
24.6 0.997368 8.68519e-10
25.2 0.997368 6.86166e-10
25.8 0.997368 5.1631e-10
26.4 0.997368 3.63294e-10
27 0.997368 2.32494e-10
27.6 0.997368 1.29376e-10
28.2 0.997368 5.76657e-11
28.8 0.997368 1.71113e-11
29.4 0.997368 1.78325e-12
30 0.997368 -3.66755e-41
-30 1.05 0
-29.4 1.05 0
-28.8 1.05 0
-28.2 1.05 0
-27.6 1.05 0
-27 1.05 0
-26.4 1.05 0
-25.8 1.05 0
-25.2 1.05 0
-24.6 1.05 0
-24 1.05 0
-23.4 1.05 0
-22.8 1.05 0
-22.2 1.05 0
-21.6 1.05 0
-21 1.05 0
-20.4 1.05 0
-19.8 1.05 0
-19.2 1.05 0
-18.6 1.05 0
-18 1.05 0
-17.4 1.05 0
-16.8 1.05 0
-16.2 1.05 0
-15.6 1.05 0
-15 1.05 0
-14.4 1.05 0
-13.8 1.05 0
-13.2 1.05 0
-12.6 1.05 0
-12 1.05 0
-11.4 1.05 0
-10.8 1.05 0
-10.2 1.05 0
-9.6 1.05 0
-9 1.05 0
-8.4 1.05 0
-7.8 1.05 0
-7.2 1.05 0
-6.6 1.05 0
-6 1.05 0
-5.4 1.05 0
-4.8 1.05 0
-4.2 1.05 0
-3.6 1.05 0
-3 1.05 0
-2.4 1.05 0
-1.8 1.05 0
-1.2 1.05 0
-0.6 1.05 0
0 1.05 0
0.6 1.05 0
1.2 1.05 0
1.8 1.05 0
2.4 1.05 0
3 1.05 0
3.6 1.05 0
4.2 1.05 0
4.8 1.05 0
5.4 1.05 0
6 1.05 0
6.6 1.05 0
7.2 1.05 0
7.8 1.05 0
8.4 1.05 0
9 1.05 0
9.6 1.05 0
10.2 1.05 0
10.8 1.05 0
11.4 1.05 0
12 1.05 0
12.6 1.05 0
13.2 1.05 0
13.8 1.05 0
14.4 1.05 0
15 1.05 0
15.6 1.05 0
16.2 1.05 0
16.8 1.05 0
17.4 1.05 0
18 1.05 0
18.6 1.05 0
19.2 1.05 0
19.8 1.05 0
20.4 1.05 0
21 1.05 0
21.6 1.05 0
22.2 1.05 0
22.8 1.05 0
23.4 1.05 0
24 1.05 0
24.6 1.05 0
25.2 1.05 0
25.8 1.05 0
26.4 1.05 0
27 1.05 0
27.6 1.05 0
28.2 1.05 0
28.8 1.05 0
29.4 1.05 0
30 1.05 0
