0 12.0201 11.872 12.1682
1 12.0201 11.8722 12.168
2 12.0201 11.8726 12.1676
3 12.0201 11.8734 12.1668
4 12.0201 11.8744 12.1658
5 12.0201 11.8757 12.1645
6 12.0201 11.8772 12.163
7 12.0201 11.879 12.1612
8 12.0201 11.8811 12.1591
9 12.0201 11.8833 12.1569
10 12.0201 11.8858 12.1544
11 12.0201 11.8884 12.1517
12 12.0201 11.8913 12.1489
13 12.0201 11.8942 12.146
14 12.0201 11.8973 12.1429
15 12.0201 11.9005 12.1397
16 12.0201 11.9037 12.1365
17 12.0201 11.9071 12.1331
18 12.0201 11.9104 12.1298
19 12.0201 11.9139 12.1263
20 12.0201 11.9173 12.1229
21 12.0201 11.9207 12.1195
22 12.0201 11.9241 12.1161
23 12.0201 11.9275 12.1127
24 12.0201 11.9309 12.1094
25 12.0201 11.9342 12.1061
26 12.0201 11.9374 12.1028
27 12.0201 11.9406 12.0996
28 12.0201 11.9437 12.0965
29 12.0201 11.9467 12.0935
30 12.0201 11.9497 12.0905
31 12.0201 11.9526 12.0877
32 12.0201 11.9553 12.0849
33 12.0201 11.958 12.0822
34 12.0201 11.9607 12.0796
35 12.0201 11.9632 12.0771
36 12.0201 11.9656 12.0746
37 12.0201 11.9679 12.0723
38 12.0201 11.9702 12.07
39 12.0201 11.9723 12.0679
40 12.0201 11.9744 12.0658
41 12.0201 11.9764 12.0638
42 12.0201 11.9783 12.0619
43 12.0201 11.9801 12.0601
44 12.0201 11.9819 12.0584
45 12.0201 11.9836 12.0567
46 12.0201 11.9852 12.0551
47 12.0201 11.9867 12.0536
48 12.0201 11.9882 12.0521
49 12.0201 11.9895 12.0507
50 12.0201 11.9909 12.0494
51 12.0201 11.9921 12.0481
52 12.0201 11.9934 12.0469
53 12.0201 11.9945 12.0457
54 12.0201 11.9956 12.0446
55 12.0201 11.9967 12.0436
56 12.0201 11.9977 12.0426
57 12.0201 11.9986 12.0416
58 12.0201 11.9995 12.0407
59 12.0201 12.0004 12.0398
60 12.0201 12.0012 12.039
61 12.0201 12.002 12.0382
62 12.0201 12.0028 12.0375
63 12.0201 12.0035 12.0368
64 12.0201 12.0042 12.0361
65 12.0201 12.0048 12.0354
66 12.0201 12.0055 12.0348
67 12.0201 12.0061 12.0342
68 12.0201 12.0066 12.0336
69 12.0201 12.0072 12.0331
70 12.0201 12.0077 12.0326
71 12.0201 12.0082 12.0321
72 12.0201 12.0087 12.0316
73 12.0201 12.0091 12.0312
74 12.0201 12.0095 12.0307
75 12.0201 12.0099 12.0303
76 12.0201 12.0103 12.0299
77 12.0201 12.0107 12.0296
78 12.0201 12.0111 12.0292
79 12.0201 12.0114 12.0289
80 12.0201 12.0117 12.0285
81 12.0201 12.0121 12.0282
82 12.0201 12.0124 12.0279
83 12.0201 12.0126 12.0276
84 12.0201 12.0129 12.0274
85 12.0201 12.0132 12.0271
86 12.0201 12.0134 12.0268
87 12.0201 12.0137 12.0266
88 12.0201 12.0139 12.0264
89 12.0201 12.0141 12.0262
90 12.0201 12.0143 12.0259
91 12.0201 12.0145 12.0257
92 12.0201 12.0147 12.0255
93 12.0201 12.0149 12.0254
94 12.0201 12.0151 12.0252
95 12.0201 12.0153 12.025
96 12.0201 12.0154 12.0248
97 12.0201 12.0156 12.0247
98 12.0201 12.0157 12.0245
99 12.0201 12.0159 12.0244
100 12.0201 12.016 12.0243
101 12.0201 12.0162 12.0241
102 12.0201 12.0163 12.024
103 12.0201 12.0164 12.0239
104 12.0201 12.0165 12.0237
105 12.0201 12.0166 12.0236
106 12.0201 12.0168 12.0235
107 12.0201 12.0169 12.0234
108 12.0201 12.017 12.0233
109 12.0201 12.0171 12.0232
110 12.0201 12.0172 12.0231
111 12.0201 12.0173 12.023
112 12.0201 12.0173 12.0229
113 12.0201 12.0174 12.0229
114 12.0201 12.0175 12.0228
115 12.0201 12.0176 12.0227
116 12.0201 12.0177 12.0226
117 12.0201 12.0177 12.0225
118 12.0201 12.0178 12.0225
119 12.0201 12.0179 12.0224
120 12.0201 12.0179 12.0223
121 12.0201 12.018 12.0223
122 12.0201 12.0181 12.0222
123 12.0201 12.0181 12.0222
124 12.0201 12.0182 12.0221
125 12.0201 12.0182 12.022
126 12.0201 12.0183 12.022
127 12.0201 12.0183 12.0219
128 12.0201 12.0184 12.0219
129 12.0201 12.0184 12.0218
130 12.0201 12.0185 12.0218
131 12.0201 12.0185 12.0218
132 12.0201 12.0186 12.0217
133 12.0201 12.0186 12.0217
134 12.0201 12.0187 12.0216
135 12.0201 12.0187 12.0216
136 12.0201 12.0187 12.0216
137 12.0201 12.0188 12.0215
138 12.0201 12.0188 12.0215
139 12.0201 12.0188 12.0214
140 12.0201 12.0189 12.0214
141 12.0201 12.0189 12.0214
142 12.0201 12.0189 12.0213
143 12.0201 12.019 12.0213
144 12.0201 12.019 12.0213
145 12.0201 12.019 12.0213
146 12.0201 12.0191 12.0212
147 12.0201 12.0191 12.0212
148 12.0201 12.0191 12.0212
149 12.0201 12.0191 12.0212
150 12.0201 12.0192 12.0211
151 12.0201 12.0192 12.0211
152 12.0201 12.0192 12.0211
153 12.0201 12.0192 12.0211
154 12.0201 12.0192 12.021
155 12.0201 12.0193 12.021
156 12.0201 12.0193 12.021
157 12.0201 12.0193 12.021
158 12.0201 12.0193 12.021
159 12.0201 12.0193 12.0209
160 12.0201 12.0194 12.0209
161 12.0201 12.0194 12.0209
162 12.0201 12.0194 12.0209
163 12.0201 12.0194 12.0209
164 12.0201 12.0194 12.0209
165 12.0201 12.0195 12.0208
166 12.0201 12.0195 12.0208
167 12.0201 12.0195 12.0208
168 12.0201 12.0195 12.0208
169 12.0201 12.0195 12.0208
170 12.0201 12.0195 12.0208
171 12.0201 12.0195 12.0208
172 12.0201 12.0196 12.0207
173 12.0201 12.0196 12.0207
174 12.0201 12.0196 12.0207
175 12.0201 12.0196 12.0207
176 12.0201 12.0196 12.0207
177 12.0201 12.0196 12.0207
178 12.0201 12.0196 12.0207
179 12.0201 12.0196 12.0207
180 12.0201 12.0196 12.0206
181 12.0201 12.0197 12.0206
182 12.0201 12.0197 12.0206
183 12.0201 12.0197 12.0206
184 12.0201 12.0197 12.0206
185 12.0201 12.0197 12.0206
186 12.0201 12.0197 12.0206
187 12.0201 12.0197 12.0206
188 12.0201 12.0197 12.0206
189 12.0201 12.0197 12.0206
190 12.0201 12.0197 12.0206
191 12.0201 12.0197 12.0205
192 12.0201 12.0198 12.0205
193 12.0201 12.0198 12.0205
194 12.0201 12.0198 12.0205
195 12.0201 12.0198 12.0205
196 12.0201 12.0198 12.0205
197 12.0201 12.0198 12.0205
198 12.0201 12.0198 12.0205
199 12.0201 12.0198 12.0205
