-30 0.05 0
-28.8 0.05 0
-27.6 0.05 0
-26.4 0.05 0
-25.2 0.05 0
-24 0.05 0
-22.8 0.05 0
-21.6 0.05 0
-20.4 0.05 0
-19.2 0.05 0
-18 0.05 0
-16.8 0.05 0
-15.6 0.05 0
-14.4 0.05 0
-13.2 0.05 0
-12 0.05 0
-10.8 0.05 -0.000736014
-9.6 0.05 -0.000391843
-8.4 0.05 0.000256614
-7.2 0.05 0.00109442
-6 0.05 0.00198445
-4.8 0.05 0.00279302
-3.6 0.05 0.00341619
-2.4 0.05 0.00380137
-1.2 0.05 0.00395681
0 0.05 0.00394506
1.2 0.05 0.00386261
2.4 0.05 0.003809
3.6 0.05 0.00385232
4.8 0.05 0.00400611
6 0.05 0.00423256
7.2 0.05 0.00446398
8.4 0.05 0.00461261
9.6 0.05 0.00456372
10.8 0.05 0
12 0.05 0
13.2 0.05 0
14.4 0.05 0
15.6 0.05 0
16.8 0.05 0
18 0.05 0
19.2 0.05 0
20.4 0.05 0
21.6 0.05 0
22.8 0.05 0
24 0.05 0
25.2 0.05 0
26.4 0.05 0
27.6 0.05 0
28.8 0.05 0
30 0.05 0
-30 0.102632 0
-28.8 0.102632 0
-27.6 0.102632 0
-26.4 0.102632 0
-25.2 0.102632 0
-24 0.102632 0
-22.8 0.102632 0
-21.6 0.102632 0
-20.4 0.102632 0
-19.2 0.102632 0
-18 0.102632 0
-16.8 0.102632 0
-15.6 0.102632 0
-14.4 0.102632 0
-13.2 0.102632 0
-12 0.102632 0
-10.8 0.102632 -0.000714852
-9.6 0.102632 -0.000385279
-8.4 0.102632 0.000249097
-7.2 0.102632 0.00107493
-6 0.102632 0.00195549
-4.8 0.102632 0.0027569
-3.6 0.102632 0.00337502
-2.4 0.102632 0.0037575
-1.2 0.102632 0.00391287
0 0.102632 0.00390335
1.2 0.102632 0.00382399
2.4 0.102632 0.00377224
3.6 0.102632 0.00381463
4.8 0.102632 0.00396427
6 0.102632 0.00418401
7.2 0.102632 0.00440821
8.4 0.102632 0.00455311
9.6 0.102632 0.00450886
10.8 0.102632 0
12 0.102632 0
13.2 0.102632 0
14.4 0.102632 0
15.6 0.102632 0
16.8 0.102632 0
18 0.102632 0
19.2 0.102632 0
20.4 0.102632 0
21.6 0.102632 0
22.8 0.102632 0
24 0.102632 0
25.2 0.102632 0
26.4 0.102632 0
27.6 0.102632 0
28.8 0.102632 0
30 0.102632 0
-30 0.155263 0
-28.8 0.155263 0
-27.6 0.155263 0
-26.4 0.155263 0
-25.2 0.155263 0
-24 0.155263 0
-22.8 0.155263 0
-21.6 0.155263 0
-20.4 0.155263 0
-19.2 0.155263 0
-18 0.155263 0
-16.8 0.155263 0
-15.6 0.155263 0
-14.4 0.155263 0
-13.2 0.155263 0
-12 0.155263 0
-10.8 0.155263 -0.000691728
-9.6 0.155263 -0.000377906
-8.4 0.155263 0.000239798
-7.2 0.155263 0.00105015
-6 0.155263 0.00191743
-4.8 0.155263 0.00270814
-3.6 0.155263 0.00331843
-2.4 0.155263 0.00369638
-1.2 0.155263 0.00385078
0 0.155263 0.00384329
1.2 0.155263 0.00376714
2.4 0.155263 0.00371734
3.6 0.155263 0.00375858
4.8 0.155263 0.00390355
6 0.155263 0.00411593
7.2 0.155263 0.00433228
8.4 0.155263 0.00447294
9.6 0.155263 0.00443314
10.8 0.155263 0
12 0.155263 0
13.2 0.155263 0
14.4 0.155263 0
15.6 0.155263 0
16.8 0.155263 0
18 0.155263 0
19.2 0.155263 0
20.4 0.155263 0
21.6 0.155263 0
22.8 0.155263 0
24 0.155263 0
25.2 0.155263 0
26.4 0.155263 0
27.6 0.155263 0
28.8 0.155263 0
30 0.155263 0
-30 0.207895 0
-28.8 0.207895 0
-27.6 0.207895 0
-26.4 0.207895 0
-25.2 0.207895 0
-24 0.207895 0
-22.8 0.207895 0
-21.6 0.207895 0
-20.4 0.207895 0
-19.2 0.207895 0
-18 0.207895 0
-16.8 0.207895 0
-15.6 0.207895 0
-14.4 0.207895 0
-13.2 0.207895 0
-12 0.207895 0
-10.8 0.207895 -0.000666593
-9.6 0.207895 -0.000369565
-8.4 0.207895 0.000228917
-7.2 0.207895 0.00102027
-6 0.207895 0.00187038
-4.8 0.207895 0.00264679
-3.6 0.207895 0.00324641
-2.4 0.207895 0.00361799
-1.2 0.207895 0.00377054
0 0.207895 0.00376487
1.2 0.207895 0.00369205
2.4 0.207895 0.00364428
3.6 0.207895 0.00368419
4.8 0.207895 0.00382397
6 0.207895 0.00402834
7.2 0.207895 0.00423626
8.4 0.207895 0.00437219
9.6 0.207895 0.00433662
10.8 0.207895 0
12 0.207895 0
13.2 0.207895 0
14.4 0.207895 0
15.6 0.207895 0
16.8 0.207895 0
18 0.207895 0
19.2 0.207895 0
20.4 0.207895 0
21.6 0.207895 0
22.8 0.207895 0
24 0.207895 0
25.2 0.207895 0
26.4 0.207895 0
27.6 0.207895 0
28.8 0.207895 0
30 0.207895 0
-30 0.260526 0
-28.8 0.260526 0
-27.6 0.260526 0
-26.4 0.260526 0
-25.2 0.260526 0
-24 0.260526 0
-22.8 0.260526 0
-21.6 0.260526 0
-20.4 0.260526 0
-19.2 0.260526 0
-18 0.260526 0
-16.8 0.260526 0
-15.6 0.260526 0
-14.4 0.260526 0
-13.2 0.260526 0
-12 0.260526 0
-10.8 0.260526 -0.000639409
-9.6 0.260526 -0.0003601
-8.4 0.260526 0.000216658
-7.2 0.260526 0.000985456
-6 0.260526 0.00181448
-4.8 0.260526 0.00257292
-3.6 0.260526 0.00315898
-2.4 0.260526 0.00352232
-1.2 0.260526 0.00367213
0 0.260526 0.00366809
1.2 0.260526 0.00359871
2.4 0.260526 0.00355307
3.6 0.260526 0.00359146
4.8 0.260526 0.00372556
6 0.260526 0.00392128
7.2 0.260526 0.00412018
8.4 0.260526 0.00425089
9.6 0.260526 0.00421933
10.8 0.260526 0
12 0.260526 0
13.2 0.260526 0
14.4 0.260526 0
15.6 0.260526 0
16.8 0.260526 0
18 0.260526 0
19.2 0.260526 0
20.4 0.260526 0
21.6 0.260526 0
22.8 0.260526 0
24 0.260526 0
25.2 0.260526 0
26.4 0.260526 0
27.6 0.260526 0
28.8 0.260526 0
30 0.260526 0
-30 0.313158 0
-28.8 0.313158 0
-27.6 0.313158 0
-26.4 0.313158 0
-25.2 0.313158 0
-24 0.313158 0
-22.8 0.313158 0
-21.6 0.313158 0
-20.4 0.313158 0
-19.2 0.313158 0
-18 0.313158 0
-16.8 0.313158 0
-15.6 0.313158 0
-14.4 0.313158 0
-13.2 0.313158 0
-12 0.313158 0
-10.8 0.313158 -0.000610146
-9.6 0.313158 -0.000349356
-8.4 0.313158 0.000203226
-7.2 0.313158 0.000945906
-6 0.313158 0.00174985
-4.8 0.313158 0.00248659
-3.6 0.313158 0.00305615
-2.4 0.313158 0.00340936
-1.2 0.313158 0.00355553
0 0.313158 0.00355292
1.2 0.313158 0.00348712
2.4 0.313158 0.0034437
3.6 0.313158 0.00348039
4.8 0.313158 0.00360833
6 0.313158 0.00379479
7.2 0.313158 0.0039841
8.4 0.313158 0.00410909
9.6 0.313158 0.0040813
10.8 0.313158 0
12 0.313158 0
13.2 0.313158 0
14.4 0.313158 0
15.6 0.313158 0
16.8 0.313158 0
18 0.313158 0
19.2 0.313158 0
20.4 0.313158 0
21.6 0.313158 0
22.8 0.313158 0
24 0.313158 0
25.2 0.313158 0
26.4 0.313158 0
27.6 0.313158 0
28.8 0.313158 0
30 0.313158 0
-30 0.365789 0
-28.8 0.365789 0
-27.6 0.365789 0
-26.4 0.365789 0
-25.2 0.365789 0
-24 0.365789 0
-22.8 0.365789 0
-21.6 0.365789 0
-20.4 0.365789 0
-19.2 0.365789 0
-18 0.365789 0
-16.8 0.365789 0
-15.6 0.365789 0
-14.4 0.365789 0
-13.2 0.365789 0
-12 0.365789 0
-10.8 0.365789 -0.000578778
-9.6 0.365789 -0.000337181
-8.4 0.365789 0.000188829
-7.2 0.365789 0.00090181
-6 0.365789 0.00167662
-4.8 0.365789 0.00238785
-3.6 0.365789 0.00293792
-2.4 0.365789 0.0032791
-1.2 0.365789 0.00342072
0 0.365789 0.00341935
1.2 0.365789 0.00335727
2.4 0.365789 0.00331617
3.6 0.365789 0.00335099
4.8 0.365789 0.0034723
6 0.365789 0.0036489
7.2 0.365789 0.00382805
8.4 0.365789 0.00394685
9.6 0.365789 0.00392258
10.8 0.365789 0
12 0.365789 0
13.2 0.365789 0
14.4 0.365789 0
15.6 0.365789 0
16.8 0.365789 0
18 0.365789 0
19.2 0.365789 0
20.4 0.365789 0
21.6 0.365789 0
22.8 0.365789 0
24 0.365789 0
25.2 0.365789 0
26.4 0.365789 0
27.6 0.365789 0
28.8 0.365789 0
30 0.365789 0
-30 0.418421 0
-28.8 0.418421 0
-27.6 0.418421 0
-26.4 0.418421 0
-25.2 0.418421 0
-24 0.418421 0
-22.8 0.418421 0
-21.6 0.418421 0
-20.4 0.418421 0
-19.2 0.418421 0
-18 0.418421 0
-16.8 0.418421 0
-15.6 0.418421 0
-14.4 0.418421 0
-13.2 0.418421 0
-12 0.418421 0
-10.8 0.418421 -0.00054529
-9.6 0.418421 -0.000323426
-8.4 0.418421 0.000173678
-7.2 0.418421 0.000853362
-6 0.418421 0.00159492
-4.8 0.418421 0.00227677
-3.6 0.418421 0.0028043
-2.4 0.418421 0.0031315
-1.2 0.418421 0.00326767
0 0.418421 0.00326736
1.2 0.418421 0.00320913
2.4 0.418421 0.00317046
3.6 0.418421 0.00320326
4.8 0.418421 0.00331748
6 0.418421 0.00348363
7.2 0.418421 0.00365206
8.4 0.418421 0.00376421
9.6 0.418421 0.0037432
10.8 0.418421 0
12 0.418421 0
13.2 0.418421 0
14.4 0.418421 0
15.6 0.418421 0
16.8 0.418421 0
18 0.418421 0
19.2 0.418421 0
20.4 0.418421 0
21.6 0.418421 0
22.8 0.418421 0
24 0.418421 0
25.2 0.418421 0
26.4 0.418421 0
27.6 0.418421 0
28.8 0.418421 0
30 0.418421 0
-30 0.471053 0
-28.8 0.471053 0
-27.6 0.471053 0
-26.4 0.471053 0
-25.2 0.471053 0
-24 0.471053 0
-22.8 0.471053 0
-21.6 0.471053 0
-20.4 0.471053 0
-19.2 0.471053 0
-18 0.471053 0
-16.8 0.471053 0
-15.6 0.471053 0
-14.4 0.471053 0
-13.2 0.471053 0
-12 0.471053 0
-10.8 0.471053 -0.000509678
-9.6 0.471053 -0.000307944
-8.4 0.471053 0.000157985
-7.2 0.471053 0.000800761
-6 0.471053 0.00150488
-4.8 0.471053 0.0021534
-3.6 0.471053 0.00265529
-2.4 0.471053 0.00296654
-1.2 0.471053 0.00309636
0 0.471053 0.00309692
1.2 0.471053 0.00304269
2.4 0.471053 0.00300656
3.6 0.471053 0.00303719
4.8 0.471053 0.00314389
6 0.471053 0.00329901
7.2 0.471053 0.00345618
8.4 0.471053 0.00356121
9.6 0.471053 0.00354321
10.8 0.471053 0
12 0.471053 0
13.2 0.471053 0
14.4 0.471053 0
15.6 0.471053 0
16.8 0.471053 0
18 0.471053 0
19.2 0.471053 0
20.4 0.471053 0
21.6 0.471053 0
22.8 0.471053 0
24 0.471053 0
25.2 0.471053 0
26.4 0.471053 0
27.6 0.471053 0
28.8 0.471053 0
30 0.471053 0
-30 0.523684 0
-28.8 0.523684 0
-27.6 0.523684 0
-26.4 0.523684 0
-25.2 0.523684 0
-24 0.523684 0
-22.8 0.523684 0
-21.6 0.523684 0
-20.4 0.523684 0
-19.2 0.523684 0
-18 0.523684 0
-16.8 0.523684 0
-15.6 0.523684 0
-14.4 0.523684 0
-13.2 0.523684 0
-12 0.523684 0
-10.8 0.523684 -0.000471943
-9.6 0.523684 -0.000290591
-8.4 0.523684 0.000141966
-7.2 0.523684 0.00074421
-6 0.523684 0.00140664
-4.8 0.523684 0.00201779
-3.6 0.523684 0.00249088
-2.4 0.523684 0.0027842
-1.2 0.523684 0.00290676
0 0.523684 0.00290803
1.2 0.523684 0.00285794
2.4 0.523684 0.00282446
3.6 0.523684 0.00285278
4.8 0.523684 0.00295153
6 0.523684 0.00309505
7.2 0.523684 0.00324041
8.4 0.523684 0.00333788
9.6 0.523684 0.00332262
10.8 0.523684 0
12 0.523684 0
13.2 0.523684 0
14.4 0.523684 0
15.6 0.523684 0
16.8 0.523684 0
18 0.523684 0
19.2 0.523684 0
20.4 0.523684 0
21.6 0.523684 0
22.8 0.523684 0
24 0.523684 0
25.2 0.523684 0
26.4 0.523684 0
27.6 0.523684 0
28.8 0.523684 0
30 0.523684 0
-30 0.576316 0
-28.8 0.576316 0
-27.6 0.576316 0
-26.4 0.576316 0
-25.2 0.576316 0
-24 0.576316 0
-22.8 0.576316 0
-21.6 0.576316 0
-20.4 0.576316 0
-19.2 0.576316 0
-18 0.576316 0
-16.8 0.576316 0
-15.6 0.576316 0
-14.4 0.576316 0
-13.2 0.576316 0
-12 0.576316 0
-10.8 0.576316 -0.000432099
-9.6 0.576316 -0.000271228
-8.4 0.576316 0.000125837
-7.2 0.576316 0.000683917
-6 0.576316 0.00130035
-4.8 0.576316 0.00187001
-3.6 0.576316 0.00231108
-2.4 0.576316 0.00258445
-1.2 0.576316 0.00269883
0 0.576316 0.00270064
1.2 0.576316 0.00265484
2.4 0.576316 0.00262414
3.6 0.576316 0.00265002
4.8 0.576316 0.00274041
6 0.576316 0.00287178
7.2 0.576316 0.0030048
8.4 0.576316 0.00309426
9.6 0.576316 0.00308149
10.8 0.576316 0
12 0.576316 0
13.2 0.576316 0
14.4 0.576316 0
15.6 0.576316 0
16.8 0.576316 0
18 0.576316 0
19.2 0.576316 0
20.4 0.576316 0
21.6 0.576316 0
22.8 0.576316 0
24 0.576316 0
25.2 0.576316 0
26.4 0.576316 0
27.6 0.576316 0
28.8 0.576316 0
30 0.576316 0
-30 0.628947 0
-28.8 0.628947 0
-27.6 0.628947 0
-26.4 0.628947 0
-25.2 0.628947 0
-24 0.628947 0
-22.8 0.628947 0
-21.6 0.628947 0
-20.4 0.628947 0
-19.2 0.628947 0
-18 0.628947 0
-16.8 0.628947 0
-15.6 0.628947 0
-14.4 0.628947 0
-13.2 0.628947 0
-12 0.628947 0
-10.8 0.628947 -0.000390168
-9.6 0.628947 -0.000249718
-8.4 0.628947 0.00010982
-7.2 0.628947 0.000620093
-6 0.628947 0.00118613
-4.8 0.628947 0.00171011
-3.6 0.628947 0.00211588
-2.4 0.628947 0.00236725
-1.2 0.628947 0.00247255
0 0.628947 0.00247473
1.2 0.628947 0.00243339
2.4 0.628947 0.00240558
3.6 0.628947 0.0024289
4.8 0.628947 0.00251054
6 0.628947 0.00262921
7.2 0.628947 0.00274936
8.4 0.628947 0.00283037
9.6 0.628947 0.00281984
10.8 0.628947 0
12 0.628947 0
13.2 0.628947 0
14.4 0.628947 0
15.6 0.628947 0
16.8 0.628947 0
18 0.628947 0
19.2 0.628947 0
20.4 0.628947 0
21.6 0.628947 0
22.8 0.628947 0
24 0.628947 0
25.2 0.628947 0
26.4 0.628947 0
27.6 0.628947 0
28.8 0.628947 0
30 0.628947 0
-30 0.681579 0
-28.8 0.681579 0
-27.6 0.681579 0
-26.4 0.681579 0
-25.2 0.681579 0
-24 0.681579 0
-22.8 0.681579 0
-21.6 0.681579 0
-20.4 0.681579 0
-19.2 0.681579 0
-18 0.681579 0
-16.8 0.681579 0
-15.6 0.681579 0
-14.4 0.681579 0
-13.2 0.681579 0
-12 0.681579 0
-10.8 0.681579 -0.000346184
-9.6 0.681579 -0.000225929
-8.4 0.681579 9.41354e-05
-7.2 0.681579 0.000552954
-6 0.681579 0.00106414
-4.8 0.681579 0.00153815
-3.6 0.681579 0.00190528
-2.4 0.681579 0.00213258
-1.2 0.681579 0.00222787
0 0.681579 0.00223028
1.2 0.681579 0.00219354
2.4 0.681579 0.00216875
3.6 0.681579 0.0021894
4.8 0.681579 0.00226191
6 0.681579 0.00236735
7.2 0.681579 0.0024741
8.4 0.681579 0.00254624
9.6 0.681579 0.00253771
10.8 0.681579 0
12 0.681579 0
13.2 0.681579 0
14.4 0.681579 0
15.6 0.681579 0
16.8 0.681579 0
18 0.681579 0
19.2 0.681579 0
20.4 0.681579 0
21.6 0.681579 0
22.8 0.681579 0
24 0.681579 0
25.2 0.681579 0
26.4 0.681579 0
27.6 0.681579 0
28.8 0.681579 0
30 0.681579 0
-30 0.734211 0
-28.8 0.734211 0
-27.6 0.734211 0
-26.4 0.734211 0
-25.2 0.734211 0
-24 0.734211 0
-22.8 0.734211 0
-21.6 0.734211 0
-20.4 0.734211 0
-19.2 0.734211 0
-18 0.734211 0
-16.8 0.734211 0
-15.6 0.734211 0
-14.4 0.734211 0
-13.2 0.734211 0
-12 0.734211 0
-10.8 0.734211 -0.000300191
-9.6 0.734211 -0.000199734
-8.4 0.734211 7.90079e-05
-7.2 0.734211 0.000482721
-6 0.734211 0.000934515
-4.8 0.734211 0.00135418
-3.6 0.734211 0.00167925
-2.4 0.734211 0.00188039
-1.2 0.734211 0.00196476
0 0.734211 0.00196723
1.2 0.734211 0.00193527
2.4 0.734211 0.00191363
3.6 0.734211 0.00193151
4.8 0.734211 0.00199452
6 0.734211 0.0020862
7.2 0.734211 0.00217904
8.4 0.734211 0.00224189
9.6 0.734211 0.00223511
10.8 0.734211 0
12 0.734211 0
13.2 0.734211 0
14.4 0.734211 0
15.6 0.734211 0
16.8 0.734211 0
18 0.734211 0
19.2 0.734211 0
20.4 0.734211 0
21.6 0.734211 0
22.8 0.734211 0
24 0.734211 0
25.2 0.734211 0
26.4 0.734211 0
27.6 0.734211 0
28.8 0.734211 0
30 0.734211 0
-30 0.786842 0
-28.8 0.786842 0
-27.6 0.786842 0
-26.4 0.786842 0
-25.2 0.786842 0
-24 0.786842 0
-22.8 0.786842 0
-21.6 0.786842 0
-20.4 0.786842 0
-19.2 0.786842 0
-18 0.786842 0
-16.8 0.786842 0
-15.6 0.786842 0
-14.4 0.786842 0
-13.2 0.786842 0
-12 0.786842 0
-10.8 0.786842 -0.000252246
-9.6 0.786842 -0.000171011
-8.4 0.786842 6.46636e-05
-7.2 0.786842 0.000409622
-6 0.786842 0.000797418
-4.8 0.786842 0.00115827
-3.6 0.786842 0.0014378
-2.4 0.786842 0.00161063
-1.2 0.786842 0.00168317
0 0.786842 0.00168557
1.2 0.786842 0.00165855
2.4 0.786842 0.00164018
3.6 0.786842 0.00165521
4.8 0.786842 0.00170837
6 0.786842 0.00178578
7.2 0.786842 0.00186419
8.4 0.786842 0.00191734
9.6 0.786842 0.00191209
10.8 0.786842 0
12 0.786842 0
13.2 0.786842 0
14.4 0.786842 0
15.6 0.786842 0
16.8 0.786842 0
18 0.786842 0
19.2 0.786842 0
20.4 0.786842 0
21.6 0.786842 0
22.8 0.786842 0
24 0.786842 0
25.2 0.786842 0
26.4 0.786842 0
27.6 0.786842 0
28.8 0.786842 0
30 0.786842 0
-30 0.839474 0
-28.8 0.839474 0
-27.6 0.839474 0
-26.4 0.839474 0
-25.2 0.839474 0
-24 0.839474 0
-22.8 0.839474 0
-21.6 0.839474 0
-20.4 0.839474 0
-19.2 0.839474 0
-18 0.839474 0
-16.8 0.839474 0
-15.6 0.839474 0
-14.4 0.839474 0
-13.2 0.839474 0
-12 0.839474 0
-10.8 0.839474 -0.000202416
-9.6 0.839474 -0.000139642
-8.4 0.839474 5.13308e-05
-7.2 0.839474 0.000333886
-6 0.839474 0.000652997
-4.8 0.839474 0.000950458
-3.6 0.839474 0.0011809
-2.4 0.839474 0.00132328
-1.2 0.839474 0.00138305
0 0.839474 0.00138526
1.2 0.839474 0.00136335
2.4 0.839474 0.00134839
3.6 0.839474 0.00136048
4.8 0.839474 0.00140344
6 0.839474 0.00146609
7.2 0.839474 0.00152954
8.4 0.839474 0.00157261
9.6 0.839474 0.00156867
10.8 0.839474 0
12 0.839474 0
13.2 0.839474 0
14.4 0.839474 0
15.6 0.839474 0
16.8 0.839474 0
18 0.839474 0
19.2 0.839474 0
20.4 0.839474 0
21.6 0.839474 0
22.8 0.839474 0
24 0.839474 0
25.2 0.839474 0
26.4 0.839474 0
27.6 0.839474 0
28.8 0.839474 0
30 0.839474 0
-30 0.892105 0
-28.8 0.892105 0
-27.6 0.892105 0
-26.4 0.892105 0
-25.2 0.892105 0
-24 0.892105 0
-22.8 0.892105 0
-21.6 0.892105 0
-20.4 0.892105 0
-19.2 0.892105 0
-18 0.892105 0
-16.8 0.892105 0
-15.6 0.892105 0
-14.4 0.892105 0
-13.2 0.892105 0
-12 0.892105 0
-10.8 0.892105 -0.000150782
-9.6 0.892105 -0.000105517
-8.4 0.892105 3.92395e-05
-7.2 0.892105 0.000255752
-6 0.892105 0.000501412
-4.8 0.892105 0.000730813
-3.6 0.892105 0.000908544
-2.4 0.892105 0.00101828
-1.2 0.892105 0.00106436
0 0.892105 0.00106624
1.2 0.892105 0.00104962
2.4 0.892105 0.00103822
3.6 0.892105 0.00104728
4.8 0.892105 0.00107974
6 0.892105 0.00112712
7.2 0.892105 0.00117512
8.4 0.892105 0.00120769
9.6 0.892105 0.00120486
10.8 0.892105 0
12 0.892105 0
13.2 0.892105 0
14.4 0.892105 0
15.6 0.892105 0
16.8 0.892105 0
18 0.892105 0
19.2 0.892105 0
20.4 0.892105 0
21.6 0.892105 0
22.8 0.892105 0
24 0.892105 0
25.2 0.892105 0
26.4 0.892105 0
27.6 0.892105 0
28.8 0.892105 0
30 0.892105 0
-30 0.944737 0
-28.8 0.944737 0
-27.6 0.944737 0
-26.4 0.944737 0
-25.2 0.944737 0
-24 0.944737 0
-22.8 0.944737 0
-21.6 0.944737 0
-20.4 0.944737 0
-19.2 0.944737 0
-18 0.944737 0
-16.8 0.944737 0
-15.6 0.944737 0
-14.4 0.944737 0
-13.2 0.944737 0
-12 0.944737 0
-10.8 0.944737 -9.74362e-05
-9.6 0.944737 -6.85314e-05
-8.4 0.944737 2.86217e-05
-7.2 0.944737 0.00017546
-6 0.944737 0.000342822
-4.8 0.944737 0.000499387
-3.6 0.944737 0.000620707
-2.4 0.944737 0.000695574
-1.2 0.944737 0.000727053
0 0.944737 0.000728479
1.2 0.944737 0.000717336
2.4 0.944737 0.00070963
3.6 0.944737 0.000715604
4.8 0.944737 0.000737242
6 0.944737 0.000768877
7.2 0.944737 0.000800905
8.4 0.944737 0.000822599
9.6 0.944737 0.000820697
10.8 0.944737 0
12 0.944737 0
13.2 0.944737 0
14.4 0.944737 0
15.6 0.944737 0
16.8 0.944737 0
18 0.944737 0
19.2 0.944737 0
20.4 0.944737 0
21.6 0.944737 0
22.8 0.944737 0
24 0.944737 0
25.2 0.944737 0
26.4 0.944737 0
27.6 0.944737 0
28.8 0.944737 0
30 0.944737 0
-30 0.997368 0
-28.8 0.997368 0
-27.6 0.997368 0
-26.4 0.997368 0
-25.2 0.997368 0
-24 0.997368 0
-22.8 0.997368 0
-21.6 0.997368 0
-20.4 0.997368 0
-19.2 0.997368 0
-18 0.997368 0
-16.8 0.997368 0
-15.6 0.997368 0
-14.4 0.997368 0
-13.2 0.997368 0
-12 0.997368 0
-10.8 0.997368 -4.25168e-05
-9.6 0.997368 -2.85783e-05
-8.4 0.997368 1.97466e-05
-7.2 0.997368 9.33026e-05
-6 0.997368 0.000177428
-4.8 0.997368 0.000256255
-3.6 0.997368 0.000317374
-2.4 0.997368 0.000355121
-1.2 0.997368 0.000371068
0 0.997368 0.000371932
1.2 0.997368 0.000366452
2.4 0.997368 0.000362584
3.6 0.997368 0.000365412
4.8 0.997368 0.000375936
6 0.997368 0.000391359
7.2 0.997368 0.000406917
8.4 0.997368 0.000417345
9.6 0.997368 0.000416194
10.8 0.997368 0
12 0.997368 0
13.2 0.997368 0
14.4 0.997368 0
15.6 0.997368 0
16.8 0.997368 0
18 0.997368 0
19.2 0.997368 0
20.4 0.997368 0
21.6 0.997368 0
22.8 0.997368 0
24 0.997368 0
25.2 0.997368 0
26.4 0.997368 0
27.6 0.997368 0
28.8 0.997368 0
30 0.997368 0
-30 1.05 0
-28.8 1.05 0
-27.6 1.05 0
-26.4 1.05 0
-25.2 1.05 0
-24 1.05 0
-22.8 1.05 0
-21.6 1.05 0
-20.4 1.05 0
-19.2 1.05 0
-18 1.05 0
-16.8 1.05 0
-15.6 1.05 0
-14.4 1.05 0
-13.2 1.05 0
-12 1.05 0
-10.8 1.05 0
-9.6 1.05 0
-8.4 1.05 0
-7.2 1.05 0
-6 1.05 0
-4.8 1.05 0
-3.6 1.05 0
-2.4 1.05 0
-1.2 1.05 0
0 1.05 0
1.2 1.05 0
2.4 1.05 0
3.6 1.05 0
4.8 1.05 0
6 1.05 0
7.2 1.05 0
8.4 1.05 0
9.6 1.05 0
10.8 1.05 0
12 1.05 0
13.2 1.05 0
14.4 1.05 0
15.6 1.05 0
16.8 1.05 0
18 1.05 0
19.2 1.05 0
20.4 1.05 0
21.6 1.05 0
22.8 1.05 0
24 1.05 0
25.2 1.05 0
26.4 1.05 0
27.6 1.05 0
28.8 1.05 0
30 1.05 0
