-10 0.1 -0.00705452
-9.39394 0.1 -0.00650925
-8.78788 0.1 -0.00592061
-8.18182 0.1 -0.00529266
-7.57576 0.1 -0.00463754
-6.9697 0.1 -0.00398312
-6.36364 0.1 -0.00337552
-5.75758 0.1 -0.00286897
-5.15152 0.1 -0.00249879
-4.54545 0.1 -0.00224195
-3.93939 0.1 -0.00198278
-3.33333 0.1 -0.0015121
-2.72727 0.1 -0.000587561
-2.12121 0.1 0.000936099
-1.51515 0.1 0.00294117
-0.909091 0.1 0.00494619
-0.30303 0.1 0.00622603
0.30303 0.1 0.00621218
0.909091 0.1 0.00490494
1.51515 0.1 0.00287747
2.12121 0.1 0.000865943
2.72727 0.1 -0.000637987
3.33333 0.1 -0.00151704
3.93939 0.1 -0.00192963
4.54545 0.1 -0.00213614
5.15152 0.1 -0.00235735
5.75758 0.1 -0.00270809
6.36364 0.1 -0.00320103
6.9697 0.1 -0.00378927
7.57576 0.1 -0.00441335
8.18182 0.1 -0.00503037
8.78788 0.1 -0.00562094
9.39394 0.1 -0.00618152
10 0.1 -0.00617117
-10 0.211111 -0.00632852
-9.39394 0.211111 -0.00584441
-8.78788 0.211111 -0.00532248
-8.18182 0.211111 -0.00476588
-7.57576 0.211111 -0.00418274
-6.9697 0.211111 -0.00359375
-6.36364 0.211111 -0.00303669
-5.75758 0.211111 -0.00256063
-5.15152 0.211111 -0.00220398
-4.54545 0.211111 -0.00195813
-3.93939 0.211111 -0.00173131
-3.33333 0.211111 -0.00133961
-2.72727 0.211111 -0.0005553
-2.12121 0.211111 0.000773942
-1.51515 0.211111 0.00256279
-0.909091 0.211111 0.00438007
-0.30303 0.211111 0.00555181
0.30303 0.211111 0.00554164
0.909091 0.211111 0.00434959
1.51515 0.211111 0.00251577
2.12121 0.211111 0.000723769
2.72727 0.211111 -0.000586162
3.33333 0.211111 -0.00132875
3.93939 0.211111 -0.00166697
4.54545 0.211111 -0.00184282
5.15152 0.211111 -0.00204872
5.75758 0.211111 -0.00237505
6.36364 0.211111 -0.00282235
6.9697 0.211111 -0.00334459
7.57576 0.211111 -0.00389095
8.18182 0.211111 -0.00442845
8.78788 0.211111 -0.00494442
9.39394 0.211111 -0.00543777
10 0.211111 -0.00590917
-10 0.322222 -0.00558842
-9.39394 0.322222 -0.00516489
-8.78788 0.322222 -0.00470884
-8.18182 0.322222 -0.00422317
-7.57576 0.322222 -0.00371312
-6.9697 0.322222 -0.00319301
-6.36364 0.322222 -0.00269214
-5.75758 0.322222 -0.002253
-5.15152 0.322222 -0.00191479
-4.54545 0.322222 -0.00168128
-3.93939 0.322222 -0.00148397
-3.33333 0.322222 -0.00116569
-2.72727 0.322222 -0.000516141
-2.12121 0.322222 0.000621375
-1.51515 0.322222 0.00219298
-0.909091 0.322222 0.00381913
-0.30303 0.322222 0.00487965
0.30303 0.322222 0.00487241
0.909091 0.322222 0.00379729
1.51515 0.322222 0.0021594
2.12121 0.322222 0.000587244
2.72727 0.322222 -0.000531727
3.33333 0.322222 -0.00114344
3.93939 0.322222 -0.00141301
4.54545 0.322222 -0.00156165
5.15152 0.322222 -0.00175246
5.75758 0.322222 -0.00205233
6.36364 0.322222 -0.00245166
6.9697 0.322222 -0.00290702
7.57576 0.322222 -0.00337679
8.18182 0.322222 -0.00383723
8.78788 0.322222 -0.00428114
9.39394 0.322222 -0.00470891
10 0.322222 -0.00590917
-10 0.433333 -0.00483418
-9.39394 0.433333 -0.00447086
-8.78788 0.433333 -0.00407991
-8.18182 0.433333 -0.0036645
-7.57576 0.433333 -0.0032281
-6.9697 0.433333 -0.00277979
-6.36364 0.433333 -0.00234064
-5.75758 0.433333 -0.00194529
-5.15152 0.433333 -0.00163125
-4.54545 0.433333 -0.00141207
-3.93939 0.433333 -0.0012415
-3.33333 0.433333 -0.000990481
-2.72727 0.433333 -0.000469466
-2.12121 0.433333 0.000479307
-1.51515 0.433333 0.00183217
-0.909091 0.433333 0.00326283
-0.30303 0.433333 0.00420826
0.30303 0.433333 0.0042033
0.909091 0.433333 0.00324772
1.51515 0.433333 0.00180914
2.12121 0.433333 0.000457659
2.72727 0.433333 -0.000473718
3.33333 0.433333 -0.000960991
3.93939 0.433333 -0.00116837
4.54545 0.433333 -0.00129334
5.15152 0.433333 -0.00146881
5.75758 0.433333 -0.0017395
6.36364 0.433333 -0.00208818
6.9697 0.433333 -0.00247585
7.57576 0.433333 -0.0028705
8.18182 0.433333 -0.00325662
8.78788 0.433333 -0.00363111
9.39394 0.433333 -0.00399488
10 0.433333 -0.00512055
-10 0.544444 -0.00406561
-9.39394 0.544444 -0.00376244
-8.78788 0.544444 -0.003436
-8.18182 0.544444 -0.00309004
-7.57576 0.544444 -0.00272727
-6.9697 0.544444 -0.00235296
-6.36364 0.544444 -0.00198071
-5.75758 0.544444 -0.00163643
-5.15152 0.544444 -0.00135327
-4.54545 0.544444 -0.00115138
-3.93939 0.544444 -0.00100496
-3.33333 0.544444 -0.000814306
-2.72727 0.544444 -0.000414494
-2.12121 0.544444 0.000349048
-1.51515 0.544444 0.00148108
-0.909091 0.544444 0.00271056
-0.30303 0.544444 0.00353599
0.30303 0.544444 0.00353271
0.909091 0.544444 0.0027005
1.51515 0.544444 0.00146605
2.12121 0.544444 0.000336706
2.72727 0.544444 -0.000411013
3.33333 0.544444 -0.000781488
3.93939 0.544444 -0.000933977
4.54545 0.544444 -0.00103881
5.15152 0.544444 -0.00119792
5.75758 0.544444 -0.00143593
6.36364 0.544444 -0.00173096
6.9697 0.544444 -0.0020504
7.57576 0.544444 -0.00237182
8.18182 0.544444 -0.00268663
8.78788 0.544444 -0.00299429
9.39394 0.544444 -0.00329544
10 0.544444 -0.00308989
-10 0.655556 -0.00328239
-9.39394 0.655556 -0.00303957
-8.78788 0.655556 -0.00277745
-8.18182 0.655556 -0.00250017
-7.57576 0.655556 -0.0022105
-6.9697 0.655556 -0.00191146
-6.36364 0.655556 -0.0016106
-5.75758 0.655556 -0.00132489
-5.15152 0.655556 -0.00108054
-4.54545 0.655556 -0.000900299
-3.93939 0.655556 -0.000775959
-3.33333 0.655556 -0.000637852
-2.72727 0.655556 -0.000350259
-2.12121 0.655556 0.000232522
-1.51515 0.655556 0.00114095
-0.909091 0.655556 0.00216164
-0.30303 0.655556 0.00286055
0.30303 0.655556 0.00285845
0.909091 0.655556 0.00215522
1.51515 0.655556 0.00113174
2.12121 0.655556 0.000226693
2.72727 0.655556 -0.000342302
3.33333 0.655556 -0.000605368
3.93939 0.655556 -0.000711337
4.54545 0.655556 -0.000799223
5.15152 0.655556 -0.000939777
5.75758 0.655556 -0.0011406
6.36364 0.655556 -0.00137881
6.9697 0.655556 -0.00163002
7.57576 0.655556 -0.00188074
8.18182 0.655556 -0.00212746
8.78788 0.655556 -0.00237068
9.39394 0.655556 -0.0026103
10 0.655556 -0.00235588
-10 0.766667 -0.00248403
-9.39394 0.766667 -0.00230196
-8.78788 0.766667 -0.00210447
-8.18182 0.766667 -0.00189553
-7.57576 0.766667 -0.00167813
-6.9697 0.766667 -0.00145452
-6.36364 0.766667 -0.00122831
-5.75758 0.766667 -0.00100846
-5.15152 0.766667 -0.000812233
-4.54545 0.766667 -0.00066014
-3.93939 0.766667 -0.000556954
-3.33333 0.766667 -0.000462571
-2.72727 0.766667 -0.000275654
-2.12121 0.766667 0.000132701
-1.51515 0.766667 0.000813958
-0.909091 0.766667 0.00161529
-0.30303 0.766667 0.0021786
0.30303 0.766667 0.0021773
0.909091 0.766667 0.00161136
1.51515 0.766667 0.000808751
2.12121 0.766667 0.000130987
2.72727 0.766667 -0.000266138
3.33333 0.766667 -0.000433835
3.93939 0.766667 -0.000502794
4.54545 0.766667 -0.000575963
5.15152 0.766667 -0.000693889
5.75758 0.766667 -0.000851888
6.36364 0.766667 -0.0010304
6.9697 0.766667 -0.00121434
7.57576 0.766667 -0.00139758
8.18182 0.766667 -0.00157943
8.78788 0.766667 -0.00176019
9.39394 0.766667 -0.00193903
10 0.766667 -0.00163558
-10 0.877778 -0.00167003
-9.39394 0.877778 -0.00154897
-8.78788 0.877778 -0.00141686
-8.18182 0.877778 -0.00127667
-7.57576 0.877778 -0.0011311
-6.9697 0.877778 -0.000982235
-6.36364 0.877778 -0.000831977
-5.75758 0.877778 -0.000683895
-5.15152 0.877778 -0.000546161
-4.54545 0.877778 -0.000432102
-3.93939 0.877778 -0.000351896
-3.33333 0.877778 -0.000291517
-2.72727 0.877778 -0.000189632
-2.12121 0.877778 5.42276e-05
-1.51515 0.877778 0.000504323
-0.909091 0.877778 0.00107096
-0.30303 0.877778 0.00148463
0.30303 0.877778 0.00148382
0.909091 0.877778 0.00106865
1.51515 0.877778 0.000501685
2.12121 0.877778 5.46363e-05
2.72727 0.877778 -0.000181129
3.33333 0.877778 -0.000269697
3.93939 0.877778 -0.000312155
4.54545 0.877778 -0.000370324
5.15152 0.877778 -0.000458554
5.75758 0.877778 -0.000567312
6.36364 0.877778 -0.000684509
6.9697 0.877778 -0.000803667
7.57576 0.877778 -0.000923097
8.18182 0.877778 -0.00104279
8.78788 0.877778 -0.00116245
9.39394 0.877778 -0.00128104
10 0.877778 -0.000928628
-10 0.988889 -0.000840092
-9.39394 0.988889 -0.000779894
-8.78788 0.988889 -0.000713861
-8.18182 0.988889 -0.000643508
-7.57576 0.988889 -0.00057038
-6.9697 0.988889 -0.000495884
-6.36364 0.988889 -0.000421205
-5.75758 0.988889 -0.000347579
-5.15152 0.988889 -0.000277267
-4.54545 0.988889 -0.000214861
-3.93939 0.988889 -0.000166552
-3.33333 0.988889 -0.000132833
-2.72727 0.988889 -9.28523e-05
-2.12121 0.988889 6.31129e-06
-1.51515 0.988889 0.000221081
-0.909091 0.988889 0.000527682
-0.30303 0.988889 0.000769054
0.30303 0.988889 0.000768482
0.909091 0.988889 0.000526338
1.51515 0.988889 0.000220051
2.12121 0.988889 7.31736e-06
2.72727 0.988889 -8.75837e-05
3.33333 0.988889 -0.000120752
3.93939 0.988889 -0.000145002
4.54545 0.988889 -0.000181316
5.15152 0.988889 -0.000229566
5.75758 0.988889 -0.000284129
6.36364 0.988889 -0.000341148
6.9697 0.988889 -0.000399213
7.57576 0.988889 -0.00045802
8.18182 0.988889 -0.000517361
8.78788 0.988889 -0.000576804
9.39394 0.988889 -0.000635713
10 0.988889 -0.000693325
-10 1.1 0
-9.39394 1.1 0
-8.78788 1.1 -8.19423e-20
-8.18182 1.1 -7.43396e-20
-7.57576 1.1 0
-6.9697 1.1 -5.82124e-20
-6.36364 1.1 0
-5.75758 1.1 0
-5.15152 1.1 -3.38423e-20
-4.54545 1.1 0
-3.93939 1.1 -2.03251e-20
-3.33333 1.1 0
-2.72727 1.1 1.30537e-20
-2.12121 1.1 -7.01464e-21
-1.51515 1.1 0
-0.909091 1.1 0
-0.30303 1.1 0
0.30303 1.1 4.68801e-20
0.909091 1.1 3.8523e-20
1.51515 1.1 0
2.12121 1.1 0
2.72727 1.1 0
3.33333 1.1 6.10032e-21
3.93939 1.1 -7.18528e-21
4.54545 1.1 0
5.15152 1.1 0
5.75758 1.1 0
6.36364 1.1 1.70198e-20
6.9697 1.1 2.0184e-20
7.57576 1.1 2.33922e-20
8.18182 1.1 2.66385e-20
8.78788 1.1 0
9.39394 1.1 0
10 1.1 0
