-30 0.1 0
-29.4 0.1 0
-28.8 0.1 0
-28.2 0.1 0
-27.6 0.1 0
-27 0.1 0
-26.4 0.1 0
-25.8 0.1 0
-25.2 0.1 0
-24.6 0.1 0
-24 0.1 0
-23.4 0.1 0
-22.8 0.1 0
-22.2 0.1 0
-21.6 0.1 0
-21 0.1 0
-20.4 0.1 0
-19.8 0.1 0
-19.2 0.1 0
-18.6 0.1 0
-18 0.1 0
-17.4 0.1 0
-16.8 0.1 0
-16.2 0.1 0
-15.6 0.1 0
-15 0.1 0
-14.4 0.1 0
-13.8 0.1 0
-13.2 0.1 0
-12.6 0.1 0
-12 0.1 0
-11.4 0.1 0
-10.8 0.1 0
-10.2 0.1 -0.00722955
-9.6 0.1 -0.00670445
-9 0.1 -0.00613606
-8.4 0.1 -0.00552663
-7.8 0.1 -0.00488322
-7.2 0.1 -0.00422587
-6.6 0.1 -0.00359346
-6 0.1 -0.00304023
-5.4 0.1 -0.00261636
-4.8 0.1 -0.00233247
-4.2 0.1 -0.0021191
-3.6 0.1 -0.00180525
-3 0.1 -0.00114566
-2.4 0.1 8.21609e-05
-1.8 0.1 0.00191998
-1.2 0.1 0.004071
-0.6 0.1 0.00587607
0 0.1 0.00658314
0.6 0.1 0.00584864
1.2 0.1 0.00401675
1.8 0.1 0.00184774
2.4 0.1 1.38161e-05
3 0.1 -0.00118116
3.6 0.1 -0.00178574
4.2 0.1 -0.00204012
4.8 0.1 -0.00220689
5.4 0.1 -0.00246371
6 0.1 -0.00287378
6.6 0.1 -0.00341373
7.2 0.1 -0.00402321
7.8 0.1 -0.00464618
8.4 0.1 -0.00524991
9 0.1 -0.00582385
9.6 0.1 -0.0063686
10.2 0.1 0
10.8 0.1 0
11.4 0.1 0
12 0.1 0
12.6 0.1 0
13.2 0.1 0
13.8 0.1 0
14.4 0.1 0
15 0.1 0
15.6 0.1 0
16.2 0.1 0
16.8 0.1 0
17.4 0.1 0
18 0.1 0
18.6 0.1 0
19.2 0.1 0
19.8 0.1 0
20.4 0.1 0
21 0.1 0
21.6 0.1 0
22.2 0.1 0
22.8 0.1 0
23.4 0.1 0
24 0.1 0
24.6 0.1 0
25.2 0.1 0
25.8 0.1 0
26.4 0.1 0
27 0.1 0
27.6 0.1 0
28.2 0.1 0
28.8 0.1 0
29.4 0.1 0
30 0.1 0
-30 0.211111 0
-29.4 0.211111 0
-28.8 0.211111 0
-28.2 0.211111 0
-27.6 0.211111 0
-27 0.211111 0
-26.4 0.211111 0
-25.8 0.211111 0
-25.2 0.211111 0
-24.6 0.211111 0
-24 0.211111 0
-23.4 0.211111 0
-22.8 0.211111 0
-22.2 0.211111 0
-21.6 0.211111 0
-21 0.211111 0
-20.4 0.211111 0
-19.8 0.211111 0
-19.2 0.211111 0
-18.6 0.211111 0
-18 0.211111 0
-17.4 0.211111 0
-16.8 0.211111 0
-16.2 0.211111 0
-15.6 0.211111 0
-15 0.211111 0
-14.4 0.211111 0
-13.8 0.211111 0
-13.2 0.211111 0
-12.6 0.211111 0
-12 0.211111 0
-11.4 0.211111 0
-10.8 0.211111 0
-10.2 0.211111 -0.00648399
-9.6 0.211111 -0.00601759
-9 0.211111 -0.00551333
-8.4 0.211111 -0.0049735
-7.8 0.211111 -0.00440254
-7.2 0.211111 -0.00381442
-6.6 0.211111 -0.00323952
-6 0.211111 -0.00272465
-5.4 0.211111 -0.00231871
-4.8 0.211111 -0.00204167
-4.2 0.211111 -0.00184475
-3.6 0.211111 -0.00158357
-3 0.211111 -0.00103466
-2.4 0.211111 1.99362e-05
-1.8 0.211111 0.00164269
-1.2 0.211111 0.00358078
-0.6 0.211111 0.00522931
0 0.211111 0.00588089
0.6 0.211111 0.00520918
1.2 0.211111 0.00354058
1.8 0.211111 0.0015895
2.4 0.211111 -2.76186e-05
3 0.211111 -0.00105162
3.6 0.211111 -0.00155045
4.2 0.211111 -0.00175644
4.8 0.211111 -0.00190647
5.4 0.211111 -0.00214927
6 0.211111 -0.00252812
6.6 0.211111 -0.0030136
7.2 0.211111 -0.00355078
7.8 0.211111 -0.00409395
8.4 0.211111 -0.00461959
9 0.211111 -0.00512205
9.6 0.211111 -0.00560291
10.2 0.211111 -0.00606229
10.8 0.211111 0
11.4 0.211111 0
12 0.211111 0
12.6 0.211111 0
13.2 0.211111 0
13.8 0.211111 0
14.4 0.211111 0
15 0.211111 0
15.6 0.211111 0
16.2 0.211111 0
16.8 0.211111 0
17.4 0.211111 0
18 0.211111 0
18.6 0.211111 0
19.2 0.211111 0
19.8 0.211111 0
20.4 0.211111 0
21 0.211111 0
21.6 0.211111 0
22.2 0.211111 0
22.8 0.211111 0
23.4 0.211111 0
24 0.211111 0
24.6 0.211111 0
25.2 0.211111 0
25.8 0.211111 0
26.4 0.211111 0
27 0.211111 0
27.6 0.211111 0
28.2 0.211111 0
28.8 0.211111 0
29.4 0.211111 0
30 0.211111 0
-30 0.322222 0
-29.4 0.322222 0
-28.8 0.322222 0
-28.2 0.322222 0
-27.6 0.322222 0
-27 0.322222 0
-26.4 0.322222 0
-25.8 0.322222 0
-25.2 0.322222 0
-24.6 0.322222 0
-24 0.322222 0
-23.4 0.322222 0
-22.8 0.322222 0
-22.2 0.322222 0
-21.6 0.322222 0
-21 0.322222 0
-20.4 0.322222 0
-19.8 0.322222 0
-19.2 0.322222 0
-18.6 0.322222 0
-18 0.322222 0
-17.4 0.322222 0
-16.8 0.322222 0
-16.2 0.322222 0
-15.6 0.322222 0
-15 0.322222 0
-14.4 0.322222 0
-13.8 0.322222 0
-13.2 0.322222 0
-12.6 0.322222 0
-12 0.322222 0
-11.4 0.322222 0
-10.8 0.322222 0
-10.2 0.322222 -0.00572447
-9.6 0.322222 -0.00531633
-9 0.322222 -0.00487537
-8.4 0.322222 -0.00440434
-7.8 0.322222 -0.00390613
-7.2 0.322222 -0.00338969
-6.6 0.322222 -0.00287728
-6 0.322222 -0.00240733
-5.4 0.322222 -0.00202538
-4.8 0.322222 -0.00175835
-4.2 0.322222 -0.00157669
-3.6 0.322222 -0.00136323
-3 0.322222 -0.000918771
-2.4 0.322222 -3.2986e-05
-1.8 0.322222 0.00137531
-1.2 0.322222 0.00309764
-0.6 0.322222 0.00458571
0 0.322222 0.00517958
0.6 0.322222 0.00457139
1.2 0.322222 0.00306873
1.8 0.322222 0.00133751
2.4 0.322222 -6.39305e-05
3 0.322222 -0.000921558
3.6 0.322222 -0.00132094
4.2 0.322222 -0.00148371
4.8 0.322222 -0.00161908
5.4 0.322222 -0.00184675
6 0.322222 -0.0021917
6.6 0.322222 -0.00262064
7.2 0.322222 -0.00308542
7.8 0.322222 -0.00355068
8.4 0.322222 -0.00400098
9 0.322222 -0.00443435
9.6 0.322222 -0.00485253
10.2 0.322222 -0.00525456
10.8 0.322222 0
11.4 0.322222 0
12 0.322222 0
12.6 0.322222 0
13.2 0.322222 0
13.8 0.322222 0
14.4 0.322222 0
15 0.322222 0
15.6 0.322222 0
16.2 0.322222 0
16.8 0.322222 0
17.4 0.322222 0
18 0.322222 0
18.6 0.322222 0
19.2 0.322222 0
19.8 0.322222 0
20.4 0.322222 0
21 0.322222 0
21.6 0.322222 0
22.2 0.322222 0
22.8 0.322222 0
23.4 0.322222 0
24 0.322222 0
24.6 0.322222 0
25.2 0.322222 0
25.8 0.322222 0
26.4 0.322222 0
27 0.322222 0
27.6 0.322222 0
28.2 0.322222 0
28.8 0.322222 0
29.4 0.322222 0
30 0.322222 0
-30 0.433333 0
-29.4 0.433333 0
-28.8 0.433333 0
-28.2 0.433333 0
-27.6 0.433333 0
-27 0.433333 0
-26.4 0.433333 0
-25.8 0.433333 0
-25.2 0.433333 0
-24.6 0.433333 0
-24 0.433333 0
-23.4 0.433333 0
-22.8 0.433333 0
-22.2 0.433333 0
-21.6 0.433333 0
-21 0.433333 0
-20.4 0.433333 0
-19.8 0.433333 0
-19.2 0.433333 0
-18.6 0.433333 0
-18 0.433333 0
-17.4 0.433333 0
-16.8 0.433333 0
-16.2 0.433333 0
-15.6 0.433333 0
-15 0.433333 0
-14.4 0.433333 0
-13.8 0.433333 0
-13.2 0.433333 0
-12.6 0.433333 0
-12 0.433333 0
-11.4 0.433333 0
-10.8 0.433333 0
-10.2 0.433333 -0.00495086
-9.6 0.433333 -0.00460081
-9 0.433333 -0.00422244
-8.4 0.433333 -0.00381929
-7.8 0.433333 -0.00339364
-7.2 0.433333 -0.00295072
-6.6 0.433333 -0.0025054
-6 0.433333 -0.00208716
-5.4 0.433333 -0.00173604
-4.8 0.433333 -0.00148301
-4.2 0.433333 -0.0013158
-3.6 0.433333 -0.00114474
-3 0.433333 -0.000797657
-2.4 0.433333 -7.56365e-05
-1.8 0.433333 0.0011187
-1.2 0.433333 0.00262155
-0.6 0.433333 0.0039442
0 0.433333 0.00447772
0.6 0.433333 0.00393436
1.2 0.433333 0.00260146
1.8 0.433333 0.001093
2.4 0.433333 -9.37688e-05
3 0.433333 -0.000790342
3.6 0.433333 -0.00109751
4.2 0.433333 -0.00122277
4.8 0.433333 -0.00134534
5.4 0.433333 -0.00155609
6 0.433333 -0.00186385
6.6 0.433333 -0.002234
7.2 0.433333 -0.00262652
7.8 0.433333 -0.0030161
8.4 0.433333 -0.00339406
9 0.433333 -0.00376074
9.6 0.433333 -0.00411735
10.2 0.433333 -0.00446192
10.8 0.433333 0
11.4 0.433333 0
12 0.433333 0
12.6 0.433333 0
13.2 0.433333 0
13.8 0.433333 0
14.4 0.433333 0
15 0.433333 0
15.6 0.433333 0
16.2 0.433333 0
16.8 0.433333 0
17.4 0.433333 0
18 0.433333 0
18.6 0.433333 0
19.2 0.433333 0
19.8 0.433333 0
20.4 0.433333 0
21 0.433333 0
21.6 0.433333 0
22.2 0.433333 0
22.8 0.433333 0
23.4 0.433333 0
24 0.433333 0
24.6 0.433333 0
25.2 0.433333 0
25.8 0.433333 0
26.4 0.433333 0
27 0.433333 0
27.6 0.433333 0
28.2 0.433333 0
28.8 0.433333 0
29.4 0.433333 0
30 0.433333 0
-30 0.544444 0
-29.4 0.544444 0
-28.8 0.544444 0
-28.2 0.544444 0
-27.6 0.544444 0
-27 0.544444 0
-26.4 0.544444 0
-25.8 0.544444 0
-25.2 0.544444 0
-24.6 0.544444 0
-24 0.544444 0
-23.4 0.544444 0
-22.8 0.544444 0
-22.2 0.544444 0
-21.6 0.544444 0
-21 0.544444 0
-20.4 0.544444 0
-19.8 0.544444 0
-19.2 0.544444 0
-18.6 0.544444 0
-18 0.544444 0
-17.4 0.544444 0
-16.8 0.544444 0
-16.2 0.544444 0
-15.6 0.544444 0
-15 0.544444 0
-14.4 0.544444 0
-13.8 0.544444 0
-13.2 0.544444 0
-12.6 0.544444 0
-12 0.544444 0
-11.4 0.544444 0
-10.8 0.544444 0
-10.2 0.544444 -0.00416291
-9.6 0.544444 -0.00387102
-9 0.544444 -0.00355485
-8.4 0.544444 -0.00321867
-7.8 0.544444 -0.00286494
-7.2 0.544444 -0.0024966
-6.6 0.544444 -0.00212239
-6 0.544444 -0.00176274
-5.4 0.544444 -0.00145012
-4.8 0.544444 -0.00121626
-4.2 0.544444 -0.00106333
-3.6 0.544444 -0.000928951
-3 0.544444 -0.000671
-2.4 0.544444 -0.000106687
-1.8 0.544444 0.000874135
-1.2 0.544444 0.0021526
-0.6 0.544444 0.0033034
0 0.544444 0.00377333
0.6 0.544444 0.0032969
1.2 0.544444 0.00213919
1.8 0.544444 0.00085764
2.4 0.544444 -0.000115425
3 0.544444 -0.000657336
3.6 0.544444 -0.000880811
4.2 0.544444 -0.000974802
4.8 0.544444 -0.00108597
5.4 0.544444 -0.00127706
6 0.544444 -0.00154364
6.6 0.544444 -0.00185271
7.2 0.544444 -0.00217355
7.8 0.544444 -0.00249014
8.4 0.544444 -0.00279891
9 0.544444 -0.00310113
9.6 0.544444 -0.00339707
10.2 0.544444 -0.00368403
10.8 0.544444 0
11.4 0.544444 0
12 0.544444 0
12.6 0.544444 0
13.2 0.544444 0
13.8 0.544444 0
14.4 0.544444 0
15 0.544444 0
15.6 0.544444 0
16.2 0.544444 0
16.8 0.544444 0
17.4 0.544444 0
18 0.544444 0
18.6 0.544444 0
19.2 0.544444 0
19.8 0.544444 0
20.4 0.544444 0
21 0.544444 0
21.6 0.544444 0
22.2 0.544444 0
22.8 0.544444 0
23.4 0.544444 0
24 0.544444 0
24.6 0.544444 0
25.2 0.544444 0
25.8 0.544444 0
26.4 0.544444 0
27 0.544444 0
27.6 0.544444 0
28.2 0.544444 0
28.8 0.544444 0
29.4 0.544444 0
30 0.544444 0
-30 0.655556 0
-29.4 0.655556 0
-28.8 0.655556 0
-28.2 0.655556 0
-27.6 0.655556 0
-27 0.655556 0
-26.4 0.655556 0
-25.8 0.655556 0
-25.2 0.655556 0
-24.6 0.655556 0
-24 0.655556 0
-23.4 0.655556 0
-22.8 0.655556 0
-22.2 0.655556 0
-21.6 0.655556 0
-21 0.655556 0
-20.4 0.655556 0
-19.8 0.655556 0
-19.2 0.655556 0
-18.6 0.655556 0
-18 0.655556 0
-17.4 0.655556 0
-16.8 0.655556 0
-16.2 0.655556 0
-15.6 0.655556 0
-15 0.655556 0
-14.4 0.655556 0
-13.8 0.655556 0
-13.2 0.655556 0
-12.6 0.655556 0
-12 0.655556 0
-11.4 0.655556 0
-10.8 0.655556 0
-10.2 0.655556 -0.0033602
-9.6 0.655556 -0.00312678
-9 0.655556 -0.00287286
-8.4 0.655556 -0.00260299
-7.8 0.655556 -0.00232023
-7.2 0.655556 -0.00202663
-6.6 0.655556 -0.00172658
-6 0.655556 -0.00143216
-5.4 0.655556 -0.00116666
-4.8 0.655556 -0.000958715
-4.2 0.655556 -0.000821019
-3.6 0.655556 -0.000717277
-3 0.655556 -0.000538571
-2.4 0.655556 -0.000124284
-1.8 0.655556 0.000643625
-1.2 0.655556 0.00169117
-0.6 0.655556 0.00266151
0 0.655556 0.00306365
0.6 0.655556 0.00265736
1.2 0.655556 0.00168262
1.8 0.655556 0.000633822
2.4 0.655556 -0.000126664
3 0.655556 -0.000522
3.6 0.655556 -0.000672062
4.2 0.655556 -0.000741495
4.8 0.655556 -0.00084176
5.4 0.655556 -0.00100907
6 0.655556 -0.00122977
6.6 0.655556 -0.00147569
7.2 0.655556 -0.00172615
7.8 0.655556 -0.00197299
8.4 0.655556 -0.00221573
9 0.655556 -0.00245542
9.6 0.655556 -0.00269131
10.2 0.655556 -0.0029205
10.8 0.655556 0
11.4 0.655556 0
12 0.655556 0
12.6 0.655556 0
13.2 0.655556 0
13.8 0.655556 0
14.4 0.655556 0
15 0.655556 0
15.6 0.655556 0
16.2 0.655556 0
16.8 0.655556 0
17.4 0.655556 0
18 0.655556 0
18.6 0.655556 0
19.2 0.655556 0
19.8 0.655556 0
20.4 0.655556 0
21 0.655556 0
21.6 0.655556 0
22.2 0.655556 0
22.8 0.655556 0
23.4 0.655556 0
24 0.655556 0
24.6 0.655556 0
25.2 0.655556 0
25.8 0.655556 0
26.4 0.655556 0
27 0.655556 0
27.6 0.655556 0
28.2 0.655556 0
28.8 0.655556 0
29.4 0.655556 0
30 0.655556 0
-30 0.766667 0
-29.4 0.766667 0
-28.8 0.766667 0
-28.2 0.766667 0
-27.6 0.766667 0
-27 0.766667 0
-26.4 0.766667 0
-25.8 0.766667 0
-25.2 0.766667 0
-24.6 0.766667 0
-24 0.766667 0
-23.4 0.766667 0
-22.8 0.766667 0
-22.2 0.766667 0
-21.6 0.766667 0
-21 0.766667 0
-20.4 0.766667 0
-19.8 0.766667 0
-19.2 0.766667 0
-18.6 0.766667 0
-18 0.766667 0
-17.4 0.766667 0
-16.8 0.766667 0
-16.2 0.766667 0
-15.6 0.766667 0
-15 0.766667 0
-14.4 0.766667 0
-13.8 0.766667 0
-13.2 0.766667 0
-12.6 0.766667 0
-12 0.766667 0
-11.4 0.766667 0
-10.8 0.766667 0
-10.2 0.766667 -0.00254225
-9.6 0.766667 -0.00236761
-9 0.766667 -0.00217645
-8.4 0.766667 -0.00197286
-7.8 0.766667 -0.00176019
-7.2 0.766667 -0.00154062
-6.6 0.766667 -0.00131632
-6 0.766667 -0.00109291
-5.4 0.766667 -0.000883905
-4.8 0.766667 -0.000710843
-4.2 0.766667 -0.000591328
-3.6 0.766667 -0.000512187
-3 0.766667 -0.00040055
-2.4 0.766667 -0.000125778
-1.8 0.766667 0.000430514
-1.2 0.766667 0.00123819
-0.6 0.766667 0.00201595
0 0.766667 0.00234457
0.6 0.766667 0.00201337
1.2 0.766667 0.001233
1.8 0.766667 0.000425297
2.4 0.766667 -0.000124452
3 0.766667 -0.000384209
3.6 0.766667 -0.000473536
4.2 0.766667 -0.00052526
4.8 0.766667 -0.000613324
5.4 0.766667 -0.00075084
6 0.766667 -0.000920396
6.6 0.766667 -0.0011019
7.2 0.766667 -0.00128438
7.8 0.766667 -0.00146514
8.4 0.766667 -0.00164474
9 0.766667 -0.00182333
9.6 0.766667 -0.00199955
10.2 0.766667 -0.0021709
10.8 0.766667 0
11.4 0.766667 0
12 0.766667 0
12.6 0.766667 0
13.2 0.766667 0
13.8 0.766667 0
14.4 0.766667 0
15 0.766667 0
15.6 0.766667 0
16.2 0.766667 0
16.8 0.766667 0
17.4 0.766667 0
18 0.766667 0
18.6 0.766667 0
19.2 0.766667 0
19.8 0.766667 0
20.4 0.766667 0
21 0.766667 0
21.6 0.766667 0
22.2 0.766667 0
22.8 0.766667 0
23.4 0.766667 0
24 0.766667 0
24.6 0.766667 0
25.2 0.766667 0
25.8 0.766667 0
26.4 0.766667 0
27 0.766667 0
27.6 0.766667 0
28.2 0.766667 0
28.8 0.766667 0
29.4 0.766667 0
30 0.766667 0
-30 0.877778 0
-29.4 0.877778 0
-28.8 0.877778 0
-28.2 0.877778 0
-27.6 0.877778 0
-27 0.877778 0
-26.4 0.877778 0
-25.8 0.877778 0
-25.2 0.877778 0
-24.6 0.877778 0
-24 0.877778 0
-23.4 0.877778 0
-22.8 0.877778 0
-22.2 0.877778 0
-21.6 0.877778 0
-21 0.877778 0
-20.4 0.877778 0
-19.8 0.877778 0
-19.2 0.877778 0
-18.6 0.877778 0
-18 0.877778 0
-17.4 0.877778 0
-16.8 0.877778 0
-16.2 0.877778 0
-15.6 0.877778 0
-15 0.877778 0
-14.4 0.877778 0
-13.8 0.877778 0
-13.2 0.877778 0
-12.6 0.877778 0
-12 0.877778 0
-11.4 0.877778 0
-10.8 0.877778 0
-10.2 0.877778 -0.00170863
-9.6 0.877778 -0.00159281
-9 0.877778 -0.00146515
-8.4 0.877778 -0.00132856
-7.8 0.877778 -0.00118586
-7.2 0.877778 -0.00103933
-6.6 0.877778 -0.000890587
-6 0.877778 -0.000741807
-5.4 0.877778 -0.000598475
-4.8 0.877778 -0.000472157
-4.2 0.877778 -0.000377742
-3.6 0.877778 -0.000318237
-3 0.877778 -0.000258117
-2.4 0.877778 -0.00010745
-1.8 0.877778 0.000240508
-1.2 0.877778 0.000796202
-0.6 0.877778 0.00136288
0 0.877778 0.00160885
0.6 0.877778 0.00136129
1.2 0.877778 0.000793218
1.8 0.877778 0.000238185
2.4 0.877778 -0.00010467
3 0.877778 -0.000244846
3.6 0.877778 -0.000289579
4.2 0.877778 -0.000329491
4.8 0.877778 -0.000400411
5.4 0.877778 -0.000499654
6 0.877778 -0.000613181
6.6 0.877778 -0.000730871
7.2 0.877778 -0.000849015
7.8 0.877778 -0.000967307
8.4 0.877778 -0.00108592
9 0.877778 -0.0012043
9.6 0.877778 -0.00132117
10.2 0.877778 -0.00143487
10.8 0.877778 0
11.4 0.877778 0
12 0.877778 0
12.6 0.877778 0
13.2 0.877778 0
13.8 0.877778 0
14.4 0.877778 0
15 0.877778 0
15.6 0.877778 0
16.2 0.877778 0
16.8 0.877778 0
17.4 0.877778 0
18 0.877778 0
18.6 0.877778 0
19.2 0.877778 0
19.8 0.877778 0
20.4 0.877778 0
21 0.877778 0
21.6 0.877778 0
22.2 0.877778 0
22.8 0.877778 0
23.4 0.877778 0
24 0.877778 0
24.6 0.877778 0
25.2 0.877778 0
25.8 0.877778 0
26.4 0.877778 0
27 0.877778 0
27.6 0.877778 0
28.2 0.877778 0
28.8 0.877778 0
29.4 0.877778 0
30 0.877778 0
-30 0.988889 0
-29.4 0.988889 0
-28.8 0.988889 0
-28.2 0.988889 0
-27.6 0.988889 0
-27 0.988889 0
-26.4 0.988889 0
-25.8 0.988889 0
-25.2 0.988889 0
-24.6 0.988889 0
-24 0.988889 0
-23.4 0.988889 0
-22.8 0.988889 0
-22.2 0.988889 0
-21.6 0.988889 0
-21 0.988889 0
-20.4 0.988889 0
-19.8 0.988889 0
-19.2 0.988889 0
-18.6 0.988889 0
-18 0.988889 0
-17.4 0.988889 0
-16.8 0.988889 0
-16.2 0.988889 0
-15.6 0.988889 0
-15 0.988889 0
-14.4 0.988889 0
-13.8 0.988889 0
-13.2 0.988889 0
-12.6 0.988889 0
-12 0.988889 0
-11.4 0.988889 0
-10.8 0.988889 0
-10.2 0.988889 -0.000859252
-9.6 0.988889 -0.000801772
-9 0.988889 -0.00073807
-8.4 0.988889 -0.000669592
-7.8 0.988889 -0.000597862
-7.2 0.988889 -0.000524331
-6.6 0.988889 -0.000450221
-6 0.988889 -0.000376565
-5.4 0.988889 -0.000304824
-4.8 0.988889 -0.000238284
-4.2 0.988889 -0.000183073
-3.6 0.988889 -0.000145038
-3 0.988889 -0.000117577
-2.4 0.988889 -6.31823e-05
-1.8 0.988889 8.638e-05
-1.2 0.988889 0.000370112
-0.6 0.988889 0.0006951
0 0.988889 0.000844517
0.6 0.988889 0.000693968
1.2 0.988889 0.000368568
1.8 0.988889 8.58141e-05
2.4 0.988889 -6.08119e-05
3 0.988889 -0.000109894
3.6 0.988889 -0.000129439
4.2 0.988889 -0.000156952
4.8 0.988889 -0.000199267
5.4 0.988889 -0.000250984
6 0.988889 -0.000306601
6.6 0.988889 -0.000363603
7.2 0.988889 -0.000421396
7.8 0.988889 -0.000479877
8.4 0.988889 -0.000538781
9 0.988889 -0.000597598
9.6 0.988889 -0.00065565
10.2 0.988889 -0.000712162
10.8 0.988889 0
11.4 0.988889 0
12 0.988889 0
12.6 0.988889 0
13.2 0.988889 0
13.8 0.988889 0
14.4 0.988889 0
15 0.988889 0
15.6 0.988889 0
16.2 0.988889 0
16.8 0.988889 0
17.4 0.988889 0
18 0.988889 0
18.6 0.988889 0
19.2 0.988889 0
19.8 0.988889 0
20.4 0.988889 0
21 0.988889 0
21.6 0.988889 0
22.2 0.988889 0
22.8 0.988889 0
23.4 0.988889 0
24 0.988889 0
24.6 0.988889 0
25.2 0.988889 0
25.8 0.988889 0
26.4 0.988889 0
27 0.988889 0
27.6 0.988889 0
28.2 0.988889 0
28.8 0.988889 0
29.4 0.988889 0
30 0.988889 0
-30 1.1 0
-29.4 1.1 0
-28.8 1.1 0
-28.2 1.1 0
-27.6 1.1 0
-27 1.1 0
-26.4 1.1 0
-25.8 1.1 0
-25.2 1.1 0
-24.6 1.1 0
-24 1.1 0
-23.4 1.1 0
-22.8 1.1 0
-22.2 1.1 0
-21.6 1.1 0
-21 1.1 0
-20.4 1.1 0
-19.8 1.1 0
-19.2 1.1 0
-18.6 1.1 0
-18 1.1 0
-17.4 1.1 0
-16.8 1.1 0
-16.2 1.1 0
-15.6 1.1 0
-15 1.1 0
-14.4 1.1 0
-13.8 1.1 0
-13.2 1.1 0
-12.6 1.1 0
-12 1.1 0
-11.4 1.1 0
-10.8 1.1 0
-10.2 1.1 0
-9.6 1.1 0
-9 1.1 0
-8.4 1.1 0
-7.8 1.1 0
-7.2 1.1 0
-6.6 1.1 0
-6 1.1 0
-5.4 1.1 0
-4.8 1.1 0
-4.2 1.1 0
-3.6 1.1 0
-3 1.1 0
-2.4 1.1 0
-1.8 1.1 0
-1.2 1.1 0
-0.6 1.1 0
0 1.1 0
0.6 1.1 0
1.2 1.1 0
1.8 1.1 0
2.4 1.1 0
3 1.1 0
3.6 1.1 0
4.2 1.1 0
4.8 1.1 0
5.4 1.1 0
6 1.1 0
6.6 1.1 0
7.2 1.1 0
7.8 1.1 0
8.4 1.1 0
9 1.1 0
9.6 1.1 0
10.2 1.1 0
10.8 1.1 0
11.4 1.1 0
12 1.1 0
12.6 1.1 0
13.2 1.1 0
13.8 1.1 0
14.4 1.1 0
15 1.1 0
15.6 1.1 0
16.2 1.1 0
16.8 1.1 0
17.4 1.1 0
18 1.1 0
18.6 1.1 0
19.2 1.1 0
19.8 1.1 0
20.4 1.1 0
21 1.1 0
21.6 1.1 0
22.2 1.1 0
22.8 1.1 0
23.4 1.1 0
24 1.1 0
24.6 1.1 0
25.2 1.1 0
25.8 1.1 0
26.4 1.1 0
27 1.1 0
27.6 1.1 0
28.2 1.1 0
28.8 1.1 0
29.4 1.1 0
30 1.1 0
