-30 0.05 -5.10214e-41
-28.8 0.05 5.83688e-12
-27.6 0.05 4.26615e-11
-26.4 0.05 1.20238e-10
-25.2 0.05 2.29959e-10
-24 0.05 3.58395e-10
-22.8 0.05 4.93224e-10
-21.6 0.05 6.2826e-10
-20.4 0.05 7.66475e-10
-19.2 0.05 8.92243e-10
-18 0.05 9.57014e-10
-16.8 0.05 9.92178e-10
-15.6 0.05 1.15176e-09
-14.4 0.05 1.28159e-09
-13.2 0.05 7.62612e-10
-12 0.05 8.58617e-11
-10.8 0.05 1.69153e-09
-9.6 0.05 4.62012e-09
-8.4 0.05 -3.8005e-10
-7.2 0.05 -1.51259e-08
-6 0.05 -8.56611e-09
-4.8 0.05 5.12201e-08
-3.6 0.05 9.17219e-08
-2.4 0.05 -7.27708e-08
-1.2 0.05 -4.7043e-07
0 0.05 -7.17414e-07
1.2 0.05 -4.7042e-07
2.4 0.05 -7.27584e-08
3.6 0.05 9.17241e-08
4.8 0.05 5.12118e-08
6 0.05 -8.57237e-09
7.2 0.05 -1.51239e-08
8.4 0.05 -3.76252e-10
9.6 0.05 4.62023e-09
10.8 0.05 1.68999e-09
12 0.05 8.55559e-11
13.2 0.05 7.63096e-10
14.4 0.05 1.28172e-09
15.6 0.05 1.15162e-09
16.8 0.05 9.92148e-10
18 0.05 9.57073e-10
19.2 0.05 8.92275e-10
20.4 0.05 7.66485e-10
21.6 0.05 6.28276e-10
22.8 0.05 4.9324e-10
24 0.05 3.58403e-10
25.2 0.05 2.29961e-10
26.4 0.05 1.20238e-10
27.6 0.05 4.26607e-11
28.8 0.05 5.83645e-12
30 0.05 -5.10198e-41
-30 0.102632 -4.82454e-41
-28.8 0.102632 5.47759e-12
-27.6 0.102632 4.03973e-11
-26.4 0.102632 1.1399e-10
-25.2 0.102632 2.17827e-10
-24 0.102632 3.39449e-10
-22.8 0.102632 4.67691e-10
-21.6 0.102632 5.95398e-10
-20.4 0.102632 7.24307e-10
-19.2 0.102632 8.44906e-10
-18 0.102632 9.13455e-10
-16.8 0.102632 9.40431e-10
-15.6 0.102632 1.0668e-09
-14.4 0.102632 1.21138e-09
-13.2 0.102632 8.04437e-10
-12 0.102632 1.0875e-10
-10.8 0.102632 1.35024e-09
-9.6 0.102632 4.18555e-09
-8.4 0.102632 2.78326e-10
-7.2 0.102632 -1.33881e-08
-6 0.102632 -9.04877e-09
-4.8 0.102632 4.55395e-08
-3.6 0.102632 8.58402e-08
-2.4 0.102632 -6.60964e-08
-1.2 0.102632 -4.44004e-07
0 0.102632 -6.81178e-07
1.2 0.102632 -4.43994e-07
2.4 0.102632 -6.60855e-08
3.6 0.102632 8.58419e-08
4.8 0.102632 4.5532e-08
6 0.102632 -9.05399e-09
7.2 0.102632 -1.33862e-08
8.4 0.102632 2.81498e-10
9.6 0.102632 4.18543e-09
10.8 0.102632 1.34892e-09
12 0.102632 1.08582e-10
13.2 0.102632 8.04848e-10
14.4 0.102632 1.21145e-09
15.6 0.102632 1.06668e-09
16.8 0.102632 9.40425e-10
18 0.102632 9.13514e-10
19.2 0.102632 8.44937e-10
20.4 0.102632 7.24325e-10
21.6 0.102632 5.95422e-10
22.8 0.102632 4.67711e-10
24 0.102632 3.39459e-10
25.2 0.102632 2.17831e-10
26.4 0.102632 1.13991e-10
27.6 0.102632 4.03967e-11
28.8 0.102632 5.47716e-12
30 0.102632 -4.82439e-41
-30 0.155263 -4.54687e-41
-28.8 0.155263 5.12781e-12
-27.6 0.155263 3.81288e-11
-26.4 0.155263 1.07735e-10
-25.2 0.155263 2.05729e-10
-24 0.155263 3.20475e-10
-22.8 0.155263 4.42008e-10
-21.6 0.155263 5.62689e-10
-20.4 0.155263 6.82627e-10
-19.2 0.155263 7.96939e-10
-18 0.155263 8.68404e-10
-16.8 0.155263 8.90852e-10
-15.6 0.155263 9.8647e-10
-14.4 0.155263 1.13505e-09
-13.2 0.155263 8.31795e-10
-12 0.155263 1.44665e-10
-10.8 0.155263 1.05217e-09
-9.6 0.155263 3.73954e-09
-8.4 0.155263 8.28355e-10
-7.2 0.155263 -1.17044e-08
-6 0.155263 -9.36578e-09
-4.8 0.155263 4.01116e-08
-3.6 0.155263 8.0007e-08
-2.4 0.155263 -5.95879e-08
-1.2 0.155263 -4.17716e-07
0 0.155263 -6.45003e-07
1.2 0.155263 -4.17707e-07
2.4 0.155263 -5.95783e-08
3.6 0.155263 8.00083e-08
4.8 0.155263 4.01051e-08
6 0.155263 -9.37006e-09
7.2 0.155263 -1.17025e-08
8.4 0.155263 8.30956e-10
9.6 0.155263 3.73926e-09
10.8 0.155263 1.05107e-09
12 0.155263 1.44603e-10
13.2 0.155263 8.32132e-10
14.4 0.155263 1.13507e-09
15.6 0.155263 9.86371e-10
16.8 0.155263 8.90864e-10
18 0.155263 8.6846e-10
19.2 0.155263 7.96971e-10
20.4 0.155263 6.82652e-10
21.6 0.155263 5.62718e-10
22.8 0.155263 4.4203e-10
24 0.155263 3.20488e-10
25.2 0.155263 2.05735e-10
26.4 0.155263 1.07737e-10
27.6 0.155263 3.81283e-11
28.8 0.155263 5.12737e-12
30 0.155263 -4.54673e-41
-30 0.207895 -4.26988e-41
-28.8 0.207895 4.78802e-12
-27.6 0.207895 3.58582e-11
-26.4 0.207895 1.01466e-10
-25.2 0.207895 1.93659e-10
-24 0.207895 3.01501e-10
-22.8 0.207895 4.16182e-10
-21.6 0.207895 5.30044e-10
-20.4 0.207895 6.41445e-10
-19.2 0.207895 7.486e-10
-18 0.207895 8.21765e-10
-16.8 0.207895 8.42759e-10
-15.6 0.207895 9.11084e-10
-14.4 0.207895 1.05423e-09
-13.2 0.207895 8.44056e-10
-12 0.207895 1.90042e-10
-10.8 0.207895 7.97911e-10
-9.6 0.207895 3.28842e-09
-8.4 0.207895 1.27066e-09
-7.2 0.207895 -1.00826e-08
-6 0.207895 -9.5183e-09
-4.8 0.207895 3.49451e-08
-3.6 0.207895 7.42214e-08
-2.4 0.207895 -5.32568e-08
-1.2 0.207895 -3.91565e-07
0 0.207895 -6.08873e-07
1.2 0.207895 -3.91557e-07
2.4 0.207895 -5.32484e-08
3.6 0.207895 7.42223e-08
4.8 0.207895 3.49394e-08
6 0.207895 -9.52175e-09
7.2 0.207895 -1.00808e-08
8.4 0.207895 1.27275e-09
9.6 0.207895 3.28803e-09
10.8 0.207895 7.97012e-10
12 0.207895 1.90056e-10
13.2 0.207895 8.44321e-10
14.4 0.207895 1.05422e-09
15.6 0.207895 9.11008e-10
16.8 0.207895 8.42785e-10
18 0.207895 8.21818e-10
19.2 0.207895 7.48634e-10
20.4 0.207895 6.41477e-10
21.6 0.207895 5.30077e-10
22.8 0.207895 4.16207e-10
24 0.207895 3.01516e-10
25.2 0.207895 1.93667e-10
26.4 0.207895 1.01468e-10
27.6 0.207895 3.58579e-11
28.8 0.207895 4.78759e-12
30 0.207895 -4.26975e-41
-30 0.260526 -3.99426e-41
-28.8 0.260526 4.45811e-12
-27.6 0.260526 3.35887e-11
-26.4 0.260526 9.51807e-11
-25.2 0.260526 1.81608e-10
-24 0.260526 2.82548e-10
-22.8 0.260526 3.90233e-10
-21.6 0.260526 4.97382e-10
-20.4 0.260526 6.00733e-10
-19.2 0.260526 7.00143e-10
-18 0.260526 7.73542e-10
-16.8 0.260526 7.95447e-10
-15.6 0.260526 8.40744e-10
-14.4 0.260526 9.70696e-10
-13.2 0.260526 8.40958e-10
-12 0.260526 2.41055e-10
-10.8 0.260526 5.87513e-10
-9.6 0.260526 2.83902e-09
-8.4 0.260526 1.60652e-09
-7.2 0.260526 -8.53155e-09
-6 0.260526 -9.50816e-09
-4.8 0.260526 3.00496e-08
-3.6 0.260526 6.84827e-08
-2.4 0.260526 -4.71161e-08
-1.2 0.260526 -3.65549e-07
0 0.260526 -5.72774e-07
1.2 0.260526 -3.65543e-07
2.4 0.260526 -4.71089e-08
3.6 0.260526 6.84834e-08
4.8 0.260526 3.00446e-08
6 0.260526 -9.51088e-09
7.2 0.260526 -8.52988e-09
8.4 0.260526 1.60816e-09
9.6 0.260526 2.83856e-09
10.8 0.260526 5.86799e-10
12 0.260526 2.4112e-10
13.2 0.260526 8.41155e-10
14.4 0.260526 9.70658e-10
15.6 0.260526 8.40691e-10
16.8 0.260526 7.95481e-10
18 0.260526 7.73591e-10
19.2 0.260526 7.00179e-10
20.4 0.260526 6.00771e-10
21.6 0.260526 4.97419e-10
22.8 0.260526 3.90261e-10
24 0.260526 2.82565e-10
25.2 0.260526 1.81617e-10
26.4 0.260526 9.51834e-11
27.6 0.260526 3.35886e-11
28.8 0.260526 4.4577e-12
30 0.260526 -3.99415e-41
-30 0.313158 -3.72053e-41
-28.8 0.313158 4.13727e-12
-27.6 0.313158 3.1323e-11
-26.4 0.313158 8.88773e-11
-25.2 0.313158 1.69565e-10
-24 0.313158 2.63629e-10
-22.8 0.313158 3.64194e-10
-21.6 0.313158 4.6464e-10
-20.4 0.313158 5.60425e-10
-19.2 0.313158 6.51798e-10
-18 0.313158 7.23843e-10
-16.8 0.313158 7.48222e-10
-15.6 0.313158 7.75318e-10
-14.4 0.313158 8.86238e-10
-13.2 0.313158 8.22678e-10
-12 0.313158 2.93672e-10
-10.8 0.313158 4.20347e-10
-9.6 0.313158 2.39868e-09
-8.4 0.313158 1.83806e-09
-7.2 0.313158 -7.06116e-09
-6 0.313158 -9.33807e-09
-4.8 0.313158 2.54363e-08
-3.6 0.313158 6.27913e-08
-2.4 0.313158 -4.11808e-08
-1.2 0.313158 -3.39668e-07
0 0.313158 -5.36688e-07
1.2 0.313158 -3.39663e-07
2.4 0.313158 -4.11746e-08
3.6 0.313158 6.27917e-08
4.8 0.313158 2.54321e-08
6 0.313158 -9.34017e-09
7.2 0.313158 -7.05964e-09
8.4 0.313158 1.83929e-09
9.6 0.313158 2.39819e-09
10.8 0.313158 4.19799e-10
12 0.313158 2.93763e-10
13.2 0.313158 8.22813e-10
14.4 0.313158 8.86188e-10
15.6 0.313158 7.75284e-10
16.8 0.313158 7.4826e-10
18 0.313158 7.23889e-10
19.2 0.313158 6.51837e-10
20.4 0.313158 5.60467e-10
21.6 0.313158 4.64679e-10
22.8 0.313158 3.64223e-10
24 0.313158 2.63648e-10
25.2 0.313158 1.69574e-10
26.4 0.313158 8.88804e-11
27.6 0.313158 3.1323e-11
28.8 0.313158 4.13687e-12
30 0.313158 -3.72044e-41
-30 0.365789 -3.44894e-41
-28.8 0.365789 3.82409e-12
-27.6 0.365789 2.90632e-11
-26.4 0.365789 8.25579e-11
-25.2 0.365789 1.57518e-10
-24 0.365789 2.4475e-10
-22.8 0.365789 3.381e-10
-21.6 0.365789 4.31774e-10
-20.4 0.365789 5.20424e-10
-19.2 0.365789 6.03757e-10
-18 0.365789 6.7288e-10
-16.8 0.365789 7.0044e-10
-15.6 0.365789 7.14415e-10
-14.4 0.365789 8.02647e-10
-13.2 0.365789 7.89913e-10
-12 0.365789 3.43726e-10
-10.8 0.365789 2.9494e-10
-9.6 0.365789 1.97523e-09
-8.4 0.365789 1.9685e-09
-7.2 0.365789 -5.68226e-09
-6 0.365789 -9.01193e-09
-4.8 0.365789 2.11182e-08
-3.6 0.365789 5.71482e-08
-2.4 0.365789 -3.54681e-08
-1.2 0.365789 -3.13922e-07
0 0.365789 -5.00593e-07
1.2 0.365789 -3.13917e-07
2.4 0.365789 -3.54629e-08
3.6 0.365789 5.71484e-08
4.8 0.365789 2.11146e-08
6 0.365789 -9.01349e-09
7.2 0.365789 -5.68092e-09
8.4 0.365789 1.96939e-09
9.6 0.365789 1.97475e-09
10.8 0.365789 2.94535e-10
12 0.365789 3.43826e-10
13.2 0.365789 7.89995e-10
14.4 0.365789 8.02593e-10
15.6 0.365789 7.14398e-10
16.8 0.365789 7.0048e-10
18 0.365789 6.72922e-10
19.2 0.365789 6.03798e-10
20.4 0.365789 5.20469e-10
21.6 0.365789 4.31815e-10
22.8 0.365789 3.38131e-10
24 0.365789 2.4477e-10
25.2 0.365789 1.57529e-10
26.4 0.365789 8.25614e-11
27.6 0.365789 2.90633e-11
28.8 0.365789 3.82371e-12
30 0.365789 -3.44886e-41
-30 0.418421 -3.1794e-41
-28.8 0.418421 3.51687e-12
-27.6 0.418421 2.68104e-11
-26.4 0.418421 7.62261e-11
-25.2 0.418421 1.45461e-10
-24 0.418421 2.25907e-10
-22.8 0.418421 3.11989e-10
-21.6 0.418421 3.98768e-10
-20.4 0.418421 4.80612e-10
-19.2 0.418421 5.56147e-10
-18 0.418421 6.20951e-10
-16.8 0.418421 6.51567e-10
-15.6 0.418421 6.57384e-10
-14.4 0.418421 7.21592e-10
-13.2 0.418421 7.43947e-10
-12 0.418421 3.87052e-10
-10.8 0.418421 2.08782e-10
-9.6 0.418421 1.57687e-09
-8.4 0.418421 2.00255e-09
-7.2 0.418421 -4.40685e-09
-6 0.418421 -8.53524e-09
-4.8 0.418421 1.71104e-08
-3.6 0.418421 5.15559e-08
-2.4 0.418421 -2.99983e-08
-1.2 0.418421 -2.88309e-07
0 0.418421 -4.64467e-07
1.2 0.418421 -2.88305e-07
2.4 0.418421 -2.99939e-08
3.6 0.418421 5.1556e-08
4.8 0.418421 1.71075e-08
6 0.418421 -8.53636e-09
7.2 0.418421 -4.40569e-09
8.4 0.418421 2.00316e-09
9.6 0.418421 1.57642e-09
10.8 0.418421 2.08498e-10
12 0.418421 3.87145e-10
13.2 0.418421 7.43986e-10
14.4 0.418421 7.21541e-10
15.6 0.418421 6.5738e-10
16.8 0.418421 6.51605e-10
18 0.418421 6.20991e-10
19.2 0.418421 5.56191e-10
20.4 0.418421 4.80659e-10
21.6 0.418421 3.98809e-10
22.8 0.418421 3.12021e-10
24 0.418421 2.25928e-10
25.2 0.418421 1.45472e-10
26.4 0.418421 7.62299e-11
27.6 0.418421 2.68106e-11
28.8 0.418421 3.5165e-12
30 0.418421 -3.17934e-41
-30 0.471053 -2.91162e-41
-28.8 0.471053 3.21402e-12
-27.6 0.471053 2.45646e-11
-26.4 0.471053 6.98865e-11
-25.2 0.471053 1.33386e-10
-24 0.471053 2.0709e-10
-22.8 0.471053 2.85891e-10
-21.6 0.471053 3.65631e-10
-20.4 0.471053 4.4087e-10
-19.2 0.471053 5.09024e-10
-18 0.471053 5.68417e-10
-16.8 0.471053 6.01224e-10
-15.6 0.471053 6.03327e-10
-14.4 0.471053 6.44504e-10
-13.2 0.471053 6.86701e-10
-12 0.471053 4.19672e-10
-10.8 0.471053 1.58121e-10
-9.6 0.471053 1.21203e-09
-8.4 0.471053 1.94678e-09
-7.2 0.471053 -3.24804e-09
-6 0.471053 -7.91573e-09
-4.8 0.471053 1.34304e-08
-3.6 0.471053 4.60187e-08
-2.4 0.471053 -2.4795e-08
-1.2 0.471053 -2.62832e-07
0 0.471053 -4.28281e-07
1.2 0.471053 -2.62828e-07
2.4 0.471053 -2.47914e-08
3.6 0.471053 4.60186e-08
4.8 0.471053 1.3428e-08
6 0.471053 -7.91649e-09
7.2 0.471053 -3.24707e-09
8.4 0.471053 1.94716e-09
9.6 0.471053 1.21163e-09
10.8 0.471053 1.57933e-10
12 0.471053 4.19748e-10
13.2 0.471053 6.86707e-10
14.4 0.471053 6.4446e-10
15.6 0.471053 6.03333e-10
16.8 0.471053 6.01259e-10
18 0.471053 5.68456e-10
19.2 0.471053 5.09069e-10
20.4 0.471053 4.40917e-10
21.6 0.471053 3.65673e-10
22.8 0.471053 2.85923e-10
24 0.471053 2.07112e-10
25.2 0.471053 1.33398e-10
26.4 0.471053 6.98905e-11
27.6 0.471053 2.45649e-11
28.8 0.471053 3.21367e-12
30 0.471053 -2.91157e-41
-30 0.523684 -2.64515e-41
-28.8 0.523684 2.91434e-12
-27.6 0.523684 2.23246e-11
-26.4 0.523684 6.35431e-11
-25.2 0.523684 1.21295e-10
-24 0.523684 1.88286e-10
-22.8 0.523684 2.59827e-10
-21.6 0.523684 3.32395e-10
-20.4 0.523684 4.01093e-10
-19.2 0.523684 4.62358e-10
-18 0.523684 5.15659e-10
-16.8 0.523684 5.49246e-10
-15.6 0.523684 5.51161e-10
-14.4 0.523684 5.72424e-10
-13.2 0.523684 6.20741e-10
-12 0.523684 4.38071e-10
-10.8 0.523684 1.37752e-10
-9.6 0.523684 8.89016e-10
-8.4 0.523684 1.81017e-09
-7.2 0.523684 -2.21995e-09
-6 0.523684 -7.16413e-09
-4.8 0.523684 1.00983e-08
-3.6 0.523684 4.05435e-08
-2.4 0.523684 -1.98864e-08
-1.2 0.523684 -2.3749e-07
0 0.523684 -3.92004e-07
1.2 0.523684 -2.37488e-07
2.4 0.523684 -1.98835e-08
3.6 0.523684 4.05434e-08
4.8 0.523684 1.00964e-08
6 0.523684 -7.1646e-09
7.2 0.523684 -2.21917e-09
8.4 0.523684 1.81037e-09
9.6 0.523684 8.8868e-10
10.8 0.523684 1.37637e-10
12 0.523684 4.38124e-10
13.2 0.523684 6.20725e-10
14.4 0.523684 5.72389e-10
15.6 0.523684 5.51171e-10
16.8 0.523684 5.49278e-10
18 0.523684 5.15697e-10
19.2 0.523684 4.62403e-10
20.4 0.523684 4.0114e-10
21.6 0.523684 3.32437e-10
22.8 0.523684 2.59859e-10
24 0.523684 1.88308e-10
25.2 0.523684 1.21306e-10
26.4 0.523684 6.35472e-11
27.6 0.523684 2.2325e-11
28.8 0.523684 2.91401e-12
30 0.523684 -2.64511e-41
-30 0.576316 -2.37957e-41
-28.8 0.576316 2.61713e-12
-27.6 0.576316 2.0089e-11
-26.4 0.576316 5.71985e-11
-25.2 0.576316 1.09189e-10
-24 0.576316 1.69483e-10
-22.8 0.576316 2.33802e-10
-21.6 0.576316 2.99106e-10
-20.4 0.576316 3.61211e-10
-19.2 0.576316 4.16046e-10
-18 0.576316 4.63018e-10
-16.8 0.576316 4.95711e-10
-15.6 0.576316 4.99709e-10
-14.4 0.576316 5.05841e-10
-13.2 0.576316 5.492e-10
-12 0.576316 4.39574e-10
-10.8 0.576316 1.40861e-10
-9.6 0.576316 6.1552e-10
-8.4 0.576316 1.60478e-09
-7.2 0.576316 -1.33742e-09
-6 0.576316 -6.29531e-09
-4.8 0.576316 7.13769e-09
-3.6 0.576316 3.51411e-08
-2.4 0.576316 -1.53063e-08
-1.2 0.576316 -2.12289e-07
0 0.576316 -3.55595e-07
1.2 0.576316 -2.12287e-07
2.4 0.576316 -1.5304e-08
3.6 0.576316 3.5141e-08
4.8 0.576316 7.13624e-09
6 0.576316 -6.29556e-09
7.2 0.576316 -1.33682e-09
8.4 0.576316 1.60485e-09
9.6 0.576316 6.15253e-10
10.8 0.576316 1.40797e-10
12 0.576316 4.39601e-10
13.2 0.576316 5.49171e-10
14.4 0.576316 5.05816e-10
15.6 0.576316 4.99722e-10
16.8 0.576316 4.9574e-10
18 0.576316 4.63055e-10
19.2 0.576316 4.16091e-10
20.4 0.576316 3.61257e-10
21.6 0.576316 2.99147e-10
22.8 0.576316 2.33833e-10
24 0.576316 1.69504e-10
25.2 0.576316 1.092e-10
26.4 0.576316 5.72027e-11
27.6 0.576316 2.00894e-11
28.8 0.576316 2.61681e-12
30 0.576316 -2.37954e-41
-30 0.628947 -2.11459e-41
-28.8 0.628947 2.32212e-12
-27.6 0.628947 1.78564e-11
-26.4 0.628947 5.08539e-11
-25.2 0.628947 9.7073e-11
-24 0.628947 1.50671e-10
-22.8 0.628947 2.07809e-10
-21.6 0.628947 2.65808e-10
-20.4 0.628947 3.21201e-10
-19.2 0.628947 3.69939e-10
-18 0.628947 4.10738e-10
-16.8 0.628947 4.40937e-10
-15.6 0.628947 4.47864e-10
-14.4 0.628947 4.44552e-10
-13.2 0.628947 4.75581e-10
-12 0.628947 4.22807e-10
-10.8 0.628947 1.58984e-10
-9.6 0.628947 3.97823e-10
-8.4 0.628947 1.34645e-09
-7.2 0.628947 -6.15364e-10
-6 0.628947 -5.3299e-09
-4.8 0.628947 4.5754e-09
-3.6 0.628947 2.98278e-08
-2.4 0.628947 -1.1096e-08
-1.2 0.628947 -1.87234e-07
0 0.628947 -3.19005e-07
1.2 0.628947 -1.87232e-07
2.4 0.628947 -1.10942e-08
3.6 0.628947 2.98276e-08
4.8 0.628947 4.57432e-09
6 0.628947 -5.33e-09
7.2 0.628947 -6.14934e-10
8.4 0.628947 1.34644e-09
9.6 0.628947 3.97624e-10
10.8 0.628947 1.5895e-10
12 0.628947 4.22812e-10
13.2 0.628947 4.75547e-10
14.4 0.628947 4.44535e-10
15.6 0.628947 4.47877e-10
16.8 0.628947 4.40963e-10
18 0.628947 4.10774e-10
19.2 0.628947 3.69983e-10
20.4 0.628947 3.21245e-10
21.6 0.628947 2.65847e-10
22.8 0.628947 2.07839e-10
24 0.628947 1.50691e-10
25.2 0.628947 9.7084e-11
26.4 0.628947 5.0858e-11
27.6 0.628947 1.78569e-11
28.8 0.628947 2.32183e-12
30 0.628947 -2.11457e-41
-30 0.681579 -1.85008e-41
-28.8 0.681579 2.02925e-12
-27.6 0.681579 1.56259e-11
-26.4 0.681579 4.45088e-11
-25.2 0.681579 8.49517e-11
-24 0.681579 1.31849e-10
-22.8 0.681579 1.81834e-10
-21.6 0.681579 2.32532e-10
-20.4 0.681579 2.81083e-10
-19.2 0.681579 3.2388e-10
-18 0.681579 3.58916e-10
-16.8 0.681579 3.85424e-10
-15.6 0.681579 3.94783e-10
-14.4 0.681579 3.87595e-10
-13.2 0.681579 4.03373e-10
-12 0.681579 3.88237e-10
-10.8 0.681579 1.82242e-10
-9.6 0.681579 2.39577e-10
-8.4 0.681579 1.05556e-09
-7.2 0.681579 -6.74503e-11
-6 0.681579 -4.29651e-09
-4.8 0.681579 2.44199e-09
-3.6 0.681579 2.46284e-08
-2.4 0.681579 -7.30661e-09
-1.2 0.681579 -1.62333e-07
0 0.681579 -2.82175e-07
1.2 0.681579 -1.62332e-07
2.4 0.681579 -7.30534e-09
3.6 0.681579 2.46282e-08
4.8 0.681579 2.44124e-09
6 0.681579 -4.29651e-09
7.2 0.681579 -6.71665e-11
8.4 0.681579 1.0555e-09
9.6 0.681579 2.3944e-10
10.8 0.681579 1.82223e-10
12 0.681579 3.88225e-10
13.2 0.681579 4.0334e-10
14.4 0.681579 3.87584e-10
15.6 0.681579 3.94794e-10
16.8 0.681579 3.85447e-10
18 0.681579 3.5895e-10
19.2 0.681579 3.23921e-10
20.4 0.681579 2.81124e-10
21.6 0.681579 2.32568e-10
22.8 0.681579 1.81862e-10
24 0.681579 1.31869e-10
25.2 0.681579 8.49621e-11
26.4 0.681579 4.45127e-11
27.6 0.681579 1.56264e-11
28.8 0.681579 2.02899e-12
30 0.681579 -1.85007e-41
-30 0.734211 -1.58603e-41
-28.8 0.734211 1.73838e-12
-27.6 0.734211 1.33971e-11
-26.4 0.734211 3.81624e-11
-25.2 0.734211 7.28276e-11
-24 0.734211 1.1302e-10
-22.8 0.734211 1.55862e-10
-21.6 0.734211 1.99286e-10
-20.4 0.734211 2.40907e-10
-19.2 0.734211 2.77755e-10
-18 0.734211 3.07487e-10
-16.8 0.734211 3.29718e-10
-15.6 0.734211 3.40084e-10
-14.4 0.734211 3.33344e-10
-13.2 0.734211 3.35453e-10
-12 0.734211 3.38631e-10
-10.8 0.734211 2.00094e-10
-9.6 0.734211 1.40097e-10
-8.4 0.734211 7.57409e-10
-7.2 0.734211 2.96313e-10
-6 0.734211 -3.23479e-09
-4.8 0.734211 7.71071e-10
-3.6 0.734211 1.95807e-08
-2.4 0.734211 -4.00279e-09
-1.2 0.734211 -1.37603e-07
0 0.734211 -2.45022e-07
1.2 0.734211 -1.37602e-07
2.4 0.734211 -4.0019e-09
3.6 0.734211 1.95805e-08
4.8 0.734211 7.70571e-10
6 0.734211 -3.23474e-09
7.2 0.734211 2.96477e-10
8.4 0.734211 7.57331e-10
9.6 0.734211 1.4001e-10
10.8 0.734211 2.00078e-10
12 0.734211 3.38608e-10
13.2 0.734211 3.35425e-10
14.4 0.734211 3.33337e-10
15.6 0.734211 3.40093e-10
16.8 0.734211 3.29739e-10
18 0.734211 3.07518e-10
19.2 0.734211 2.77792e-10
20.4 0.734211 2.40945e-10
21.6 0.734211 1.9932e-10
22.8 0.734211 1.55889e-10
24 0.734211 1.13038e-10
25.2 0.734211 7.28372e-11
26.4 0.734211 3.81661e-11
27.6 0.734211 1.33976e-11
28.8 0.734211 1.73814e-12
30 0.734211 -1.58602e-41
-30 0.786842 -1.32243e-41
-28.8 0.786842 1.44926e-12
-27.6 0.786842 1.117e-11
-26.4 0.786842 3.18145e-11
-25.2 0.786842 6.07014e-11
-24 0.786842 9.41874e-11
-22.8 0.786842 1.29888e-10
-21.6 0.786842 1.66064e-10
-20.4 0.786842 2.00724e-10
-19.2 0.786842 2.31525e-10
-18 0.786842 2.56274e-10
-16.8 0.786842 2.74244e-10
-15.6 0.786842 2.83953e-10
-14.4 0.786842 2.79872e-10
-13.2 0.786842 2.73329e-10
-12 0.786842 2.79147e-10
-10.8 0.786842 2.02922e-10
-9.6 0.786842 9.2226e-11
-8.4 0.786842 4.81736e-10
-7.2 0.786842 4.74018e-10
-6 0.786842 -2.19954e-09
-4.8 0.786842 -4.03043e-10
-3.6 0.786842 1.47439e-08
-2.4 0.786842 -1.26768e-09
-1.2 0.786842 -1.1307e-07
0 0.786842 -2.07438e-07
1.2 0.786842 -1.13069e-07
2.4 0.786842 -1.2671e-09
3.6 0.786842 1.47437e-08
4.8 0.786842 -4.03342e-10
6 0.786842 -2.19948e-09
7.2 0.786842 4.74093e-10
8.4 0.786842 4.81666e-10
9.6 0.786842 9.2174e-11
10.8 0.786842 2.02904e-10
12 0.786842 2.7912e-10
13.2 0.786842 2.73307e-10
14.4 0.786842 2.79867e-10
15.6 0.786842 2.8396e-10
16.8 0.786842 2.74262e-10
18 0.786842 2.56302e-10
19.2 0.786842 2.31558e-10
20.4 0.786842 2.00757e-10
21.6 0.786842 1.66093e-10
22.8 0.786842 1.29911e-10
24 0.786842 9.4203e-11
25.2 0.786842 6.07099e-11
26.4 0.786842 3.18178e-11
27.6 0.786842 1.11704e-11
28.8 0.786842 1.44906e-12
30 0.786842 -1.32242e-41
-30 0.839474 -1.05922e-41
-28.8 0.839474 1.16157e-12
-27.6 0.839474 8.94435e-12
-26.4 0.839474 2.54651e-11
-25.2 0.839474 4.85728e-11
-24 0.839474 7.53538e-11
-22.8 0.839474 1.0391e-10
-21.6 0.839474 1.32849e-10
-20.4 0.839474 1.60558e-10
-19.2 0.839474 1.85222e-10
-18 0.839474 2.05093e-10
-16.8 0.839474 2.19149e-10
-15.6 0.839474 2.27025e-10
-14.4 0.839474 2.25593e-10
-13.2 0.839474 2.16518e-10
-12 0.839474 2.16529e-10
-10.8 0.839474 1.84743e-10
-9.6 0.839474 8.04217e-11
-8.4 0.839474 2.59617e-10
-7.2 0.839474 4.79523e-10
-6 0.839474 -1.26507e-09
-4.8 0.839474 -1.05211e-09
-3.6 0.839474 1.02128e-08
-2.4 0.839474 7.89257e-10
-1.2 0.839474 -8.87786e-08
0 0.839474 -1.69269e-07
1.2 0.839474 -8.87781e-08
2.4 0.839474 7.89597e-10
3.6 0.839474 1.02127e-08
4.8 0.839474 -1.05227e-09
6 0.839474 -1.26503e-09
7.2 0.839474 4.79541e-10
8.4 0.839474 2.59566e-10
9.6 0.839474 8.0391e-11
10.8 0.839474 1.84722e-10
12 0.839474 2.16504e-10
13.2 0.839474 2.16501e-10
14.4 0.839474 2.25588e-10
15.6 0.839474 2.27031e-10
16.8 0.839474 2.19165e-10
18 0.839474 2.05117e-10
19.2 0.839474 1.8525e-10
20.4 0.839474 1.60586e-10
21.6 0.839474 1.32874e-10
22.8 0.839474 1.0393e-10
24 0.839474 7.53671e-11
25.2 0.839474 4.85801e-11
26.4 0.839474 2.54679e-11
27.6 0.839474 8.94474e-12
28.8 0.839474 1.16141e-12
30 0.839474 -1.05922e-41
-30 0.892105 -7.96324e-42
-28.8 0.892105 8.74994e-13
-27.6 0.892105 6.71992e-12
-26.4 0.892105 1.91145e-11
-25.2 0.892105 3.6442e-11
-24 0.892105 5.65201e-11
-22.8 0.892105 7.79313e-11
-21.6 0.892105 9.96348e-11
-20.4 0.892105 1.20408e-10
-19.2 0.892105 1.38898e-10
-18 0.892105 1.53851e-10
-16.8 0.892105 1.64317e-10
-15.6 0.892105 1.69997e-10
-14.4 0.892105 1.69918e-10
-13.2 0.892105 1.62686e-10
-12 0.892105 1.56849e-10
-10.8 0.892105 1.46492e-10
-9.6 0.892105 8.12416e-11
-8.4 0.892105 1.15063e-10
-7.2 0.892105 3.54214e-10
-6 0.892105 -5.2646e-10
-4.8 0.892105 -1.17264e-09
-3.6 0.892105 6.14567e-09
-2.4 0.892105 2.02198e-09
-1.2 0.892105 -6.48164e-08
0 0.892105 -1.30275e-07
1.2 0.892105 -6.48162e-08
2.4 0.892105 2.02215e-09
3.6 0.892105 6.1456e-09
4.8 0.892105 -1.17269e-09
6 0.892105 -5.26436e-10
7.2 0.892105 3.54205e-10
8.4 0.892105 1.15032e-10
9.6 0.892105 8.12212e-11
10.8 0.892105 1.46472e-10
12 0.892105 1.5683e-10
13.2 0.892105 1.62673e-10
14.4 0.892105 1.69913e-10
15.6 0.892105 1.70001e-10
16.8 0.892105 1.64329e-10
18 0.892105 1.53869e-10
19.2 0.892105 1.3892e-10
20.4 0.892105 1.2043e-10
21.6 0.892105 9.96547e-11
22.8 0.892105 7.79469e-11
24 0.892105 5.65306e-11
25.2 0.892105 3.64478e-11
26.4 0.892105 1.91168e-11
27.6 0.892105 6.72024e-12
28.8 0.892105 8.74869e-13
30 0.892105 -7.96323e-42
-30 0.944737 -5.33658e-42
-28.8 0.944737 5.89238e-13
-27.6 0.944737 4.49639e-12
-26.4 0.944737 1.27633e-11
-25.2 0.944737 2.43094e-11
-24 0.944737 3.7686e-11
-22.8 0.944737 5.19535e-11
-21.6 0.944737 6.6419e-11
-20.4 0.944737 8.02638e-11
-19.2 0.944737 9.25804e-11
-18 0.944737 1.02557e-10
-16.8 0.944737 1.09548e-10
-15.6 0.944737 1.13199e-10
-14.4 0.944737 1.13334e-10
-13.2 0.944737 1.09141e-10
-12 0.944737 1.02412e-10
-10.8 0.944737 9.70081e-11
-9.6 0.944737 7.08005e-11
-8.4 0.944737 4.86796e-11
-7.2 0.944737 1.7807e-10
-6 0.944737 -8.30227e-11
-4.8 0.944737 -8.3528e-10
-3.6 0.944737 2.81592e-09
-2.4 0.944737 2.24283e-09
-1.2 0.944737 -4.13747e-08
0 0.944737 -9.0035e-08
1.2 0.944737 -4.13746e-08
2.4 0.944737 2.24288e-09
3.6 0.944737 2.81589e-09
4.8 0.944737 -8.35294e-10
6 0.944737 -8.30199e-11
7.2 0.944737 1.78058e-10
8.4 0.944737 4.86639e-11
9.6 0.944737 7.07858e-11
10.8 0.944737 9.69928e-11
12 0.944737 1.02399e-10
13.2 0.944737 1.09132e-10
14.4 0.944737 1.13331e-10
15.6 0.944737 1.13202e-10
16.8 0.944737 1.09557e-10
18 0.944737 1.0257e-10
19.2 0.944737 9.25957e-11
20.4 0.944737 8.02794e-11
21.6 0.944737 6.64328e-11
22.8 0.944737 5.19644e-11
24 0.944737 3.76933e-11
25.2 0.944737 2.43135e-11
26.4 0.944737 1.27648e-11
27.6 0.944737 4.49663e-12
28.8 0.944737 5.89154e-13
30 0.944737 -5.33659e-42
-30 0.997368 -2.71144e-42
-28.8 0.997368 3.04034e-13
-27.6 0.997368 2.27348e-12
-26.4 0.997368 6.41152e-12
-25.2 0.997368 1.21756e-11
-24 0.997368 1.88515e-11
-22.8 0.997368 2.59766e-11
-21.6 0.997368 3.32033e-11
-20.4 0.997368 4.01196e-11
-19.2 0.997368 4.62702e-11
-18 0.997368 5.12525e-11
-16.8 0.997368 5.47532e-11
-15.6 0.997368 5.65586e-11
-14.4 0.997368 5.65921e-11
-13.2 0.997368 5.47503e-11
-12 0.997368 5.10457e-11
-10.8 0.997368 4.70125e-11
-9.6 0.997368 4.01734e-11
-8.4 0.997368 2.50289e-11
-7.2 0.997368 4.93437e-11
-6 0.997368 3.98885e-11
-4.8 0.997368 -2.99136e-10
-3.6 0.997368 6.78178e-10
-2.4 0.997368 1.30184e-09
-1.2 0.997368 -1.89956e-08
0 0.997368 -4.76305e-08
1.2 0.997368 -1.89956e-08
2.4 0.997368 1.30184e-09
3.6 0.997368 6.78178e-10
4.8 0.997368 -2.99138e-10
6 0.997368 3.98846e-11
7.2 0.997368 4.93381e-11
8.4 0.997368 2.50217e-11
9.6 0.997368 4.01653e-11
10.8 0.997368 4.70046e-11
12 0.997368 5.1039e-11
13.2 0.997368 5.47458e-11
14.4 0.997368 5.65905e-11
15.6 0.997368 5.65602e-11
16.8 0.997368 5.47577e-11
18 0.997368 5.12592e-11
19.2 0.997368 4.62782e-11
20.4 0.997368 4.01277e-11
21.6 0.997368 3.32105e-11
22.8 0.997368 2.59822e-11
24 0.997368 1.88553e-11
25.2 0.997368 1.21778e-11
26.4 0.997368 6.41236e-12
27.6 0.997368 2.27361e-12
28.8 0.997368 3.03994e-13
30 0.997368 -2.71146e-42
-30 1.05 0
-28.8 1.05 0
-27.6 1.05 0
-26.4 1.05 0
-25.2 1.05 0
-24 1.05 0
-22.8 1.05 0
-21.6 1.05 0
-20.4 1.05 0
-19.2 1.05 0
-18 1.05 0
-16.8 1.05 0
-15.6 1.05 0
-14.4 1.05 0
-13.2 1.05 0
-12 1.05 0
-10.8 1.05 0
-9.6 1.05 0
-8.4 1.05 0
-7.2 1.05 0
-6 1.05 0
-4.8 1.05 0
-3.6 1.05 0
-2.4 1.05 0
-1.2 1.05 0
0 1.05 0
1.2 1.05 0
2.4 1.05 0
3.6 1.05 0
4.8 1.05 0
6 1.05 0
7.2 1.05 0
8.4 1.05 0
9.6 1.05 0
10.8 1.05 0
12 1.05 0
13.2 1.05 0
14.4 1.05 0
15.6 1.05 0
16.8 1.05 0
18 1.05 0
19.2 1.05 0
20.4 1.05 0
21.6 1.05 0
22.8 1.05 0
24 1.05 0
25.2 1.05 0
26.4 1.05 0
27.6 1.05 0
28.8 1.05 0
30 1.05 0
