-30 0.05 -8.46647e-35
-28.8 0.05 1.46797e-05
-27.6 0.05 6.08035e-05
-26.4 0.05 0.000134713
-25.2 0.05 0.000231409
-24 0.05 0.000344984
-22.8 0.05 0.000468294
-21.6 0.05 0.000593576
-20.4 0.05 0.000712956
-19.2 0.05 0.000818941
-18 0.05 0.000904891
-16.8 0.05 0.00096538
-15.6 0.05 0.000996523
-14.4 0.05 0.000996466
-13.2 0.05 0.000965533
-12 0.05 0.000905355
-10.8 0.05 0.000818447
-9.6 0.05 0.000710913
-8.4 0.05 0.000594314
-7.2 0.05 0.000476643
-6 0.05 0.000349253
-4.8 0.05 0.000204137
-3.6 0.05 8.76542e-05
-2.4 0.05 9.97374e-05
-1.2 0.05 0.000249367
0 0.05 0.000348411
1.2 0.05 0.0002492
2.4 0.05 9.95978e-05
3.6 0.05 8.76346e-05
4.8 0.05 0.000204168
6 0.05 0.000349265
7.2 0.05 0.000476631
8.4 0.05 0.000594302
9.6 0.05 0.000710907
10.8 0.05 0.000818442
12 0.05 0.000905349
13.2 0.05 0.000965529
14.4 0.05 0.000996465
15.6 0.05 0.000996525
16.8 0.05 0.000965383
18 0.05 0.000904897
19.2 0.05 0.000818948
20.4 0.05 0.000712963
21.6 0.05 0.000593582
22.8 0.05 0.000468299
24 0.05 0.000344987
25.2 0.05 0.000231411
26.4 0.05 0.000134714
27.6 0.05 6.08038e-05
28.8 0.05 1.46797e-05
30 0.05 -8.4665e-35
-30 0.102632 -8.24673e-35
-28.8 0.102632 1.38689e-05
-27.6 0.102632 5.96706e-05
-26.4 0.102632 0.000133894
-25.2 0.102632 0.000230758
-24 0.102632 0.00034448
-22.8 0.102632 0.000467993
-21.6 0.102632 0.000593478
-20.4 0.102632 0.000713042
-19.2 0.102632 0.000819193
-18 0.102632 0.0009053
-16.8 0.102632 0.000965897
-15.6 0.102632 0.000997015
-14.4 0.102632 0.000996908
-13.2 0.102632 0.000966215
-12 0.102632 0.000906219
-10.8 0.102632 0.000818178
-9.6 0.102632 0.000708953
-8.4 0.102632 0.00059502
-7.2 0.102632 0.000484799
-6 0.102632 0.000352878
-4.8 0.102632 0.000175684
-3.6 0.102632 4.04941e-05
-2.4 0.102632 0.000138379
-1.2 0.102632 0.000473101
0 0.102632 0.000676146
1.2 0.102632 0.000472782
2.4 0.102632 0.000138106
3.6 0.102632 4.04543e-05
4.8 0.102632 0.000175745
6 0.102632 0.000352899
7.2 0.102632 0.000484777
8.4 0.102632 0.000594997
9.6 0.102632 0.000708941
10.8 0.102632 0.000818168
12 0.102632 0.000906208
13.2 0.102632 0.000966206
14.4 0.102632 0.000996905
15.6 0.102632 0.000997018
16.8 0.102632 0.000965904
18 0.102632 0.000905312
19.2 0.102632 0.000819207
20.4 0.102632 0.000713056
21.6 0.102632 0.00059349
22.8 0.102632 0.000468003
24 0.102632 0.000344487
25.2 0.102632 0.000230762
26.4 0.102632 0.000133896
27.6 0.102632 5.96712e-05
28.8 0.102632 1.38689e-05
30 0.102632 -8.24678e-35
-30 0.155263 -8.0281e-35
-28.8 0.155263 1.3172e-05
-27.6 0.155263 5.85298e-05
-26.4 0.155263 0.000133028
-25.2 0.155263 0.00023013
-24 0.155263 0.00034399
-22.8 0.155263 0.0004677
-21.6 0.155263 0.000593396
-20.4 0.155263 0.000713148
-19.2 0.155263 0.000819469
-18 0.155263 0.000905736
-16.8 0.155263 0.000966438
-15.6 0.155263 0.00099753
-14.4 0.155263 0.000997385
-13.2 0.155263 0.000966938
-12 0.155263 0.000907094
-10.8 0.155263 0.000817886
-9.6 0.155263 0.000707011
-8.4 0.155263 0.000595877
-7.2 0.155263 0.000493123
-6 0.155263 0.000356147
-4.8 0.155263 0.000146659
-3.6 0.155263 -5.36624e-06
-2.4 0.155263 0.000177364
-1.2 0.155263 0.000686164
0 0.155263 0.0009847
1.2 0.155263 0.000685715
2.4 0.155263 0.000176969
3.6 0.155263 -5.42794e-06
4.8 0.155263 0.000146749
6 0.155263 0.000356178
7.2 0.155263 0.00049309
8.4 0.155263 0.000595843
9.6 0.155263 0.000706992
10.8 0.155263 0.000817871
12 0.155263 0.000907077
13.2 0.155263 0.000966925
14.4 0.155263 0.000997381
15.6 0.155263 0.000997535
16.8 0.155263 0.00096645
18 0.155263 0.000905753
19.2 0.155263 0.000819489
20.4 0.155263 0.000713169
21.6 0.155263 0.000593415
22.8 0.155263 0.000467715
24 0.155263 0.000344
25.2 0.155263 0.000230136
26.4 0.155263 0.00013303
27.6 0.155263 5.85305e-05
28.8 0.155263 1.3172e-05
30 0.155263 -8.02818e-35
-30 0.207895 -7.81499e-35
-28.8 0.207895 1.25469e-05
-27.6 0.207895 5.74021e-05
-26.4 0.207895 0.00013212
-25.2 0.207895 0.000229511
-24 0.207895 0.00034352
-22.8 0.207895 0.000467414
-21.6 0.207895 0.000593329
-20.4 0.207895 0.000713274
-19.2 0.207895 0.000819769
-18 0.207895 0.000906199
-16.8 0.207895 0.000967002
-15.6 0.207895 0.000998068
-14.4 0.207895 0.000997903
-13.2 0.207895 0.000967708
-12 0.207895 0.000907973
-10.8 0.207895 0.000817548
-9.6 0.207895 0.000705089
-8.4 0.207895 0.000596969
-7.2 0.207895 0.000501621
-6 0.207895 0.000358834
-4.8 0.207895 0.000117143
-3.6 0.207895 -4.95311e-05
-2.4 0.207895 0.000216243
-1.2 0.207895 0.000888302
0 0.207895 0.00127485
1.2 0.207895 0.000887748
2.4 0.207895 0.000215741
3.6 0.207895 -4.96167e-05
4.8 0.207895 0.000117258
6 0.207895 0.000358875
7.2 0.207895 0.000501578
8.4 0.207895 0.000596924
9.6 0.207895 0.000705065
10.8 0.207895 0.000817527
12 0.207895 0.000907951
13.2 0.207895 0.000967691
14.4 0.207895 0.000997898
15.6 0.207895 0.000998074
16.8 0.207895 0.000967018
18 0.207895 0.000906222
19.2 0.207895 0.000819796
20.4 0.207895 0.000713302
21.6 0.207895 0.000593353
22.8 0.207895 0.000467434
24 0.207895 0.000343534
25.2 0.207895 0.000229519
26.4 0.207895 0.000132123
27.6 0.207895 5.74031e-05
28.8 0.207895 1.2547e-05
30 0.207895 -7.81509e-35
-30 0.260526 -7.60806e-35
-28.8 0.260526 1.19725e-05
-27.6 0.260526 5.62931e-05
-26.4 0.260526 0.000131179
-25.2 0.260526 0.000228891
-24 0.260526 0.000343071
-22.8 0.260526 0.00046714
-21.6 0.260526 0.000593274
-20.4 0.260526 0.00071342
-19.2 0.260526 0.000820094
-18 0.260526 0.000906689
-16.8 0.260526 0.000967588
-15.6 0.260526 0.000998628
-14.4 0.260526 0.000998464
-13.2 0.260526 0.000968531
-12 0.260526 0.00090885
-10.8 0.260526 0.000817135
-9.6 0.260526 0.000703202
-8.4 0.260526 0.000598384
-7.2 0.260526 0.000510258
-6 0.260526 0.000360751
-4.8 0.260526 8.72723e-05
-3.6 0.260526 -9.17629e-05
-2.4 0.260526 0.000254657
-1.2 0.260526 0.0010794
0 0.260526 0.0015471
1.2 0.260526 0.00107877
2.4 0.260526 0.000254064
3.6 0.260526 -9.18742e-05
4.8 0.260526 8.74097e-05
6 0.260526 0.000360803
7.2 0.260526 0.000510206
8.4 0.260526 0.000598329
9.6 0.260526 0.000703171
10.8 0.260526 0.000817109
12 0.260526 0.000908822
13.2 0.260526 0.000968511
14.4 0.260526 0.000998457
15.6 0.260526 0.000998635
16.8 0.260526 0.000967607
18 0.260526 0.000906717
19.2 0.260526 0.000820128
20.4 0.260526 0.000713455
21.6 0.260526 0.000593305
22.8 0.260526 0.000467164
24 0.260526 0.000343088
25.2 0.260526 0.000228901
26.4 0.260526 0.000131184
27.6 0.260526 5.62944e-05
28.8 0.260526 1.19726e-05
30 0.260526 -7.60818e-35
-30 0.313158 -7.40703e-35
-28.8 0.313158 1.14363e-05
-27.6 0.313158 5.5204e-05
-26.4 0.313158 0.000130214
-25.2 0.313158 0.000228265
-24 0.313158 0.000342642
-22.8 0.313158 0.000466879
-21.6 0.313158 0.00059323
-20.4 0.313158 0.000713586
-19.2 0.313158 0.000820445
-18 0.313158 0.000907206
-16.8 0.313158 0.000968195
-15.6 0.313158 0.000999208
-14.4 0.313158 0.000999071
-13.2 0.313158 0.000969416
-12 0.313158 0.000909716
-10.8 0.313158 0.000816621
-9.6 0.313158 0.000701372
-8.4 0.313158 0.000600203
-7.2 0.313158 0.000518978
-6 0.313158 0.00036176
-4.8 0.313158 5.7191e-05
-3.6 0.313158 -0.000131917
-2.4 0.313158 0.000292325
-1.2 0.313158 0.00125939
0 0.313158 0.0018018
1.2 0.313158 0.00125871
2.4 0.313158 0.000291661
3.6 0.313158 -0.000132056
4.8 0.313158 5.73467e-05
6 0.313158 0.000361824
7.2 0.313158 0.000518918
8.4 0.313158 0.000600137
9.6 0.313158 0.000701334
10.8 0.313158 0.000816589
12 0.313158 0.000909682
13.2 0.313158 0.000969391
14.4 0.313158 0.000999063
15.6 0.313158 0.000999216
16.8 0.313158 0.000968218
18 0.313158 0.00090724
19.2 0.313158 0.000820485
20.4 0.313158 0.000713627
21.6 0.313158 0.000593268
22.8 0.313158 0.000466909
24 0.313158 0.000342662
25.2 0.313158 0.000228277
26.4 0.313158 0.000130219
27.6 0.313158 5.52054e-05
28.8 0.313158 1.14363e-05
30 0.313158 -7.40716e-35
-30 0.365789 -7.21139e-35
-28.8 0.365789 1.09302e-05
-27.6 0.365789 5.41339e-05
-26.4 0.365789 0.000129228
-25.2 0.365789 0.000227631
-24 0.365789 0.00034223
-22.8 0.365789 0.000466635
-21.6 0.365789 0.000593199
-20.4 0.365789 0.00071377
-19.2 0.365789 0.000820822
-18 0.365789 0.000907751
-16.8 0.365789 0.00096882
-15.6 0.365789 0.000999806
-14.4 0.365789 0.000999729
-13.2 0.365789 0.000970369
-12 0.365789 0.000910559
-10.8 0.365789 0.00081598
-9.6 0.365789 0.000699632
-8.4 0.365789 0.000602488
-7.2 0.365789 0.000527712
-6 0.365789 0.000361763
-4.8 0.365789 2.70301e-05
-3.6 0.365789 -0.000169906
-2.4 0.365789 0.000329027
-1.2 0.365789 0.00142825
0 0.365789 0.00203924
1.2 0.365789 0.00142756
2.4 0.365789 0.000328313
3.6 0.365789 -0.000170073
4.8 0.365789 2.71994e-05
6 0.365789 0.000361838
7.2 0.365789 0.000527645
8.4 0.365789 0.000602412
9.6 0.365789 0.000699587
10.8 0.365789 0.000815941
12 0.365789 0.000910519
13.2 0.365789 0.00097034
14.4 0.365789 0.000999719
15.6 0.365789 0.000999816
16.8 0.365789 0.000968847
18 0.365789 0.000907791
19.2 0.365789 0.000820869
20.4 0.365789 0.000713818
21.6 0.365789 0.000593242
22.8 0.365789 0.000466669
24 0.365789 0.000342254
25.2 0.365789 0.000227644
26.4 0.365789 0.000129235
27.6 0.365789 5.41355e-05
28.8 0.365789 1.09302e-05
30 0.365789 -7.21153e-35
-30 0.418421 -7.02063e-35
-28.8 0.418421 1.04488e-05
-27.6 0.418421 5.30817e-05
-26.4 0.418421 0.000128228
-25.2 0.418421 0.000226987
-24 0.418421 0.000341834
-22.8 0.418421 0.000466407
-21.6 0.418421 0.000593179
-20.4 0.418421 0.000713972
-19.2 0.418421 0.000821226
-18 0.418421 0.000908324
-16.8 0.418421 0.000969464
-15.6 0.418421 0.00100042
-14.4 0.418421 0.00100044
-13.2 0.418421 0.000971396
-12 0.418421 0.000911365
-10.8 0.418421 0.000815191
-9.6 0.418421 0.000698016
-8.4 0.418421 0.000605287
-7.2 0.418421 0.000536393
-6 0.418421 0.000360691
-4.8 0.418421 -3.09785e-06
-3.6 0.418421 -0.000205674
-2.4 0.418421 0.00036459
-1.2 0.418421 0.00158595
0 0.418421 0.00225962
1.2 0.418421 0.00158528
2.4 0.418421 0.000363849
3.6 0.418421 -0.000205869
4.8 0.418421 -2.92024e-06
6 0.418421 0.000360777
7.2 0.418421 0.000536321
8.4 0.418421 0.000605201
9.6 0.418421 0.000697964
10.8 0.418421 0.000815146
12 0.418421 0.00091132
13.2 0.418421 0.000971363
14.4 0.418421 0.00100043
15.6 0.418421 0.00100043
16.8 0.418421 0.000969494
18 0.418421 0.000908369
19.2 0.418421 0.00082128
20.4 0.418421 0.000714027
21.6 0.418421 0.000593229
22.8 0.418421 0.000466447
24 0.418421 0.000341861
25.2 0.418421 0.000227003
26.4 0.418421 0.000128235
27.6 0.418421 5.30835e-05
28.8 0.418421 1.04488e-05
30 0.418421 -7.02078e-35
-30 0.471053 -6.83426e-35
-28.8 0.471053 9.98796e-06
-27.6 0.471053 5.20462e-05
-26.4 0.471053 0.000127215
-25.2 0.471053 0.000226334
-24 0.471053 0.000341451
-22.8 0.471053 0.000466198
-21.6 0.471053 0.000593173
-20.4 0.471053 0.000714191
-19.2 0.471053 0.000821657
-18 0.471053 0.000908925
-16.8 0.471053 0.000970124
-15.6 0.471053 0.00100105
-14.4 0.471053 0.00100121
-13.2 0.471053 0.000972501
-12 0.471053 0.00091212
-10.8 0.471053 0.000814241
-9.6 0.471053 0.000696562
-8.4 0.471053 0.000608634
-7.2 0.471053 0.00054496
-6 0.471053 0.000358499
-4.8 0.471053 -3.31e-05
-3.6 0.471053 -0.000239191
-2.4 0.471053 0.00039888
-1.2 0.471053 0.0017325
0 0.471053 0.00246309
1.2 0.471053 0.00173188
2.4 0.471053 0.000398135
3.6 0.471053 -0.000239414
4.8 0.471053 -3.29196e-05
6 0.471053 0.000358596
7.2 0.471053 0.000544885
8.4 0.471053 0.000608538
9.6 0.471053 0.000696502
10.8 0.471053 0.00081419
12 0.471053 0.000912068
13.2 0.471053 0.000972464
14.4 0.471053 0.0010012
15.6 0.471053 0.00100107
16.8 0.471053 0.000970159
18 0.471053 0.000908976
19.2 0.471053 0.000821718
20.4 0.471053 0.000714254
21.6 0.471053 0.000593229
22.8 0.471053 0.000466243
24 0.471053 0.000341481
25.2 0.471053 0.000226352
26.4 0.471053 0.000127222
27.6 0.471053 5.20481e-05
28.8 0.471053 9.98794e-06
30 0.471053 -6.83442e-35
-30 0.523684 -6.65186e-35
-28.8 0.523684 9.54475e-06
-27.6 0.523684 5.1026e-05
-26.4 0.523684 0.000126191
-25.2 0.523684 0.000225671
-24 0.523684 0.000341079
-22.8 0.523684 0.000466007
-21.6 0.523684 0.00059318
-20.4 0.523684 0.000714428
-19.2 0.523684 0.000822115
-18 0.523684 0.000909554
-16.8 0.523684 0.000970799
-15.6 0.523684 0.0010017
-14.4 0.523684 0.00100205
-13.2 0.523684 0.000973685
-12 0.523684 0.000912807
-10.8 0.523684 0.000813122
-9.6 0.523684 0.000695302
-8.4 0.523684 0.00061255
-7.2 0.523684 0.000553361
-6 0.523684 0.00035516
-4.8 0.523684 -6.29024e-05
-3.6 0.523684 -0.00027044
-2.4 0.523684 0.000431793
-1.2 0.523684 0.00186789
0 0.523684 0.0026498
1.2 0.523684 0.00186734
2.4 0.523684 0.000431067
3.6 0.523684 -0.00027069
4.8 0.523684 -6.2725e-05
6 0.523684 0.000355268
7.2 0.523684 0.000553283
8.4 0.523684 0.000612443
9.6 0.523684 0.000695234
10.8 0.523684 0.000813064
12 0.523684 0.00091275
13.2 0.523684 0.000973644
14.4 0.523684 0.00100203
15.6 0.523684 0.00100172
16.8 0.523684 0.000970838
18 0.523684 0.000909611
19.2 0.523684 0.000822184
20.4 0.523684 0.000714497
21.6 0.523684 0.000593242
22.8 0.523684 0.000466057
24 0.523684 0.000341113
25.2 0.523684 0.000225691
26.4 0.523684 0.0001262
27.6 0.523684 5.10281e-05
28.8 0.523684 9.5447e-06
30 0.523684 -6.65203e-35
-30 0.576316 -6.47307e-35
-28.8 0.576316 9.11677e-06
-27.6 0.576316 5.00201e-05
-26.4 0.576316 0.00012516
-25.2 0.576316 0.000224999
-24 0.576316 0.000340717
-22.8 0.576316 0.000465835
-21.6 0.576316 0.000593202
-20.4 0.576316 0.000714682
-19.2 0.576316 0.0008226
-18 0.576316 0.00091021
-16.8 0.576316 0.000971489
-15.6 0.576316 0.00100237
-14.4 0.576316 0.00100295
-13.2 0.576316 0.000974948
-12 0.576316 0.000913413
-10.8 0.576316 0.000811832
-9.6 0.576316 0.000694266
-8.4 0.576316 0.000617044
-7.2 0.576316 0.000561552
-6 0.576316 0.000350659
-4.8 0.576316 -9.24487e-05
-3.6 0.576316 -0.000299417
-2.4 0.576316 0.000463252
-1.2 0.576316 0.00199213
0 0.576316 0.00281982
1.2 0.576316 0.00199169
2.4 0.576316 0.00046257
3.6 0.576316 -0.000299692
4.8 0.576316 -9.22802e-05
6 0.576316 0.000350777
7.2 0.576316 0.000561474
8.4 0.576316 0.000616928
9.6 0.576316 0.000694189
10.8 0.576316 0.000811768
12 0.576316 0.00091335
13.2 0.576316 0.000974903
14.4 0.576316 0.00100294
15.6 0.576316 0.00100239
16.8 0.576316 0.000971532
18 0.576316 0.000910274
19.2 0.576316 0.000822676
20.4 0.576316 0.000714759
21.6 0.576316 0.000593271
22.8 0.576316 0.000465889
24 0.576316 0.000340755
25.2 0.576316 0.00022502
26.4 0.576316 0.000125169
27.6 0.576316 5.00222e-05
28.8 0.576316 9.11668e-06
30 0.576316 -6.47323e-35
-30 0.628947 -6.29754e-35
-28.8 0.628947 8.70214e-06
-27.6 0.628947 4.90272e-05
-26.4 0.628947 0.000124122
-25.2 0.628947 0.000224318
-24 0.628947 0.000340365
-22.8 0.628947 0.00046568
-21.6 0.628947 0.000593239
-20.4 0.628947 0.000714954
-19.2 0.628947 0.000823112
-18 0.628947 0.000910894
-16.8 0.628947 0.000972192
-15.6 0.628947 0.00100306
-14.4 0.628947 0.00100393
-13.2 0.628947 0.000976286
-12 0.628947 0.000913925
-10.8 0.628947 0.000810377
-9.6 0.628947 0.00069348
-8.4 0.628947 0.000622118
-7.2 0.628947 0.000569499
-6 0.628947 0.000344995
-4.8 0.628947 -0.0001217
-3.6 0.628947 -0.000326126
-2.4 0.628947 0.000493206
-1.2 0.628947 0.00210522
0 0.628947 0.00297322
1.2 0.628947 0.00210491
2.4 0.628947 0.000492591
3.6 0.628947 -0.000326423
4.8 0.628947 -0.000121546
6 0.628947 0.000345121
7.2 0.628947 0.000569423
8.4 0.628947 0.000621994
9.6 0.628947 0.000693394
10.8 0.628947 0.000810306
12 0.628947 0.000913856
13.2 0.628947 0.000976236
14.4 0.628947 0.00100391
15.6 0.628947 0.00100308
16.8 0.628947 0.000972238
18 0.628947 0.000910963
19.2 0.628947 0.000823195
20.4 0.628947 0.000715038
21.6 0.628947 0.000593314
22.8 0.628947 0.00046574
24 0.628947 0.000340406
25.2 0.628947 0.000224341
26.4 0.628947 0.000124132
27.6 0.628947 4.90295e-05
28.8 0.628947 8.70201e-06
30 0.628947 -6.2977e-35
-30 0.681579 -6.125e-35
-28.8 0.681579 8.29934e-06
-27.6 0.681579 4.80464e-05
-26.4 0.681579 0.000123078
-25.2 0.681579 0.000223628
-24 0.681579 0.000340021
-22.8 0.681579 0.000465544
-21.6 0.681579 0.000593291
-20.4 0.681579 0.000715243
-19.2 0.681579 0.000823652
-18 0.681579 0.000911603
-16.8 0.681579 0.000972905
-15.6 0.681579 0.00100377
-14.4 0.681579 0.00100499
-13.2 0.681579 0.000977691
-12 0.681579 0.000914331
-10.8 0.681579 0.000808764
-9.6 0.681579 0.000692963
-8.4 0.681579 0.000627765
-7.2 0.681579 0.000577179
-6 0.681579 0.000338175
-4.8 0.681579 -0.000150632
-3.6 0.681579 -0.000350579
-2.4 0.681579 0.000521625
-1.2 0.681579 0.00220717
0 0.681579 0.00311005
1.2 0.681579 0.00220702
2.4 0.681579 0.000521099
3.6 0.681579 -0.000350896
4.8 0.681579 -0.000150498
6 0.681579 0.000338308
7.2 0.681579 0.000577107
8.4 0.681579 0.000627632
9.6 0.681579 0.000692868
10.8 0.681579 0.000808687
12 0.681579 0.000914257
13.2 0.681579 0.000977638
14.4 0.681579 0.00100497
15.6 0.681579 0.00100379
16.8 0.681579 0.000972956
18 0.681579 0.000911679
19.2 0.681579 0.000823741
20.4 0.681579 0.000715335
21.6 0.681579 0.000593373
22.8 0.681579 0.000465608
24 0.681579 0.000340065
25.2 0.681579 0.000223654
26.4 0.681579 0.000123088
27.6 0.681579 4.80488e-05
28.8 0.681579 8.29916e-06
30 0.681579 -6.12516e-35
-30 0.734211 -5.95519e-35
-28.8 0.734211 7.90709e-06
-27.6 0.734211 4.70768e-05
-26.4 0.734211 0.000122029
-25.2 0.734211 0.000222931
-24 0.734211 0.000339683
-22.8 0.734211 0.000465424
-21.6 0.734211 0.00059336
-20.4 0.734211 0.000715552
-19.2 0.734211 0.000824219
-18 0.734211 0.000912336
-16.8 0.734211 0.000973629
-15.6 0.734211 0.00100451
-14.4 0.734211 0.00100613
-13.2 0.734211 0.000979156
-12 0.734211 0.000914622
-10.8 0.734211 0.000807009
-9.6 0.734211 0.000692734
-8.4 0.734211 0.000633968
-7.2 0.734211 0.000584577
-6 0.734211 0.000330218
-4.8 0.734211 -0.000179236
-3.6 0.734211 -0.000372798
-2.4 0.734211 0.000548503
-1.2 0.734211 0.002298
0 0.734211 0.00323031
1.2 0.734211 0.00229802
2.4 0.734211 0.000548088
3.6 0.734211 -0.00037313
4.8 0.734211 -0.000179129
6 0.734211 0.000330355
7.2 0.734211 0.000584509
8.4 0.734211 0.000633828
9.6 0.734211 0.000692628
10.8 0.734211 0.000806924
12 0.734211 0.000914543
13.2 0.734211 0.000979099
14.4 0.734211 0.00100611
15.6 0.734211 0.00100453
16.8 0.734211 0.000973684
18 0.734211 0.000912418
19.2 0.734211 0.000824315
20.4 0.734211 0.000715651
21.6 0.734211 0.000593449
22.8 0.734211 0.000465494
24 0.734211 0.000339731
25.2 0.734211 0.000222958
26.4 0.734211 0.00012204
27.6 0.734211 4.70792e-05
28.8 0.734211 7.90685e-06
30 0.734211 -5.95535e-35
-30 0.786842 -5.7879e-35
-28.8 0.786842 7.52432e-06
-27.6 0.786842 4.61176e-05
-26.4 0.786842 0.000120976
-25.2 0.786842 0.000222226
-24 0.786842 0.000339353
-22.8 0.786842 0.000465322
-21.6 0.786842 0.000593446
-20.4 0.786842 0.00071588
-19.2 0.786842 0.000824813
-18 0.786842 0.000913092
-16.8 0.786842 0.000974361
-15.6 0.786842 0.00100528
-14.4 0.786842 0.00100736
-13.2 0.786842 0.000980671
-12 0.786842 0.00091479
-10.8 0.786842 0.000805128
-9.6 0.786842 0.000692803
-8.4 0.786842 0.000640704
-7.2 0.786842 0.000591684
-6 0.786842 0.000321152
-4.8 0.786842 -0.00020752
-3.6 0.786842 -0.000392814
-2.4 0.786842 0.000573856
-1.2 0.786842 0.00237772
0 0.786842 0.00333399
1.2 0.786842 0.00237794
2.4 0.786842 0.000573571
3.6 0.786842 -0.000393157
4.8 0.786842 -0.000207443
6 0.786842 0.000321292
7.2 0.786842 0.000591622
8.4 0.786842 0.000640557
9.6 0.786842 0.000692688
10.8 0.786842 0.000805036
12 0.786842 0.000914705
13.2 0.786842 0.000980609
14.4 0.786842 0.00100734
15.6 0.786842 0.0010053
16.8 0.786842 0.00097442
18 0.786842 0.00091318
19.2 0.786842 0.000824917
20.4 0.786842 0.000715986
21.6 0.786842 0.000593541
22.8 0.786842 0.000465397
24 0.786842 0.000339404
25.2 0.786842 0.000222255
26.4 0.786842 0.000120988
27.6 0.786842 4.61201e-05
28.8 0.786842 7.52404e-06
30 0.786842 -5.78804e-35
-30 0.839474 -5.62292e-35
-28.8 0.839474 7.15015e-06
-27.6 0.839474 4.5168e-05
-26.4 0.839474 0.00011992
-25.2 0.839474 0.000221514
-24 0.839474 0.000339028
-22.8 0.839474 0.000465236
-21.6 0.839474 0.000593548
-20.4 0.839474 0.000716229
-19.2 0.839474 0.000825434
-18 0.839474 0.000913869
-16.8 0.839474 0.000975102
-15.6 0.839474 0.00100608
-14.4 0.839474 0.00100868
-13.2 0.839474 0.000982223
-12 0.839474 0.000914827
-10.8 0.839474 0.000803142
-9.6 0.839474 0.000693184
-8.4 0.839474 0.000647942
-7.2 0.839474 0.000598498
-6 0.839474 0.000311023
-4.8 0.839474 -0.000235502
-3.6 0.839474 -0.000410673
-2.4 0.839474 0.000597727
-1.2 0.839474 0.00244636
0 0.839474 0.00342103
1.2 0.839474 0.00244679
2.4 0.839474 0.00059759
3.6 0.839474 -0.000411022
4.8 0.839474 -0.000235461
6 0.839474 0.000311162
7.2 0.839474 0.000598443
8.4 0.839474 0.00064779
9.6 0.839474 0.000693058
10.8 0.839474 0.000803042
12 0.839474 0.000914735
13.2 0.839474 0.000982157
14.4 0.839474 0.00100866
15.6 0.839474 0.00100611
16.8 0.839474 0.000975165
18 0.839474 0.000913963
19.2 0.839474 0.000825546
20.4 0.839474 0.000716342
21.6 0.839474 0.000593649
22.8 0.839474 0.000465316
24 0.839474 0.000339083
25.2 0.839474 0.000221545
26.4 0.839474 0.000119932
27.6 0.839474 4.51705e-05
28.8 0.839474 7.14979e-06
30 0.839474 -5.62306e-35
-30 0.892105 -5.46008e-35
-28.8 0.892105 6.78378e-06
-27.6 0.892105 4.42274e-05
-26.4 0.892105 0.00011886
-25.2 0.892105 0.000220796
-24 0.892105 0.000338709
-22.8 0.892105 0.000465166
-21.6 0.892105 0.000593668
-20.4 0.892105 0.000716598
-19.2 0.892105 0.000826083
-18 0.892105 0.000914663
-16.8 0.892105 0.000975851
-15.6 0.892105 0.00100693
-14.4 0.892105 0.00101009
-13.2 0.892105 0.000983802
-12 0.892105 0.000914725
-10.8 0.892105 0.000801075
-9.6 0.892105 0.000693886
-8.4 0.892105 0.000655642
-7.2 0.892105 0.000605018
-6 0.892105 0.000299889
-4.8 0.892105 -0.000263213
-3.6 0.892105 -0.000426438
-2.4 0.892105 0.000620188
-1.2 0.892105 0.00250394
0 0.892105 0.00349135
1.2 0.892105 0.00250459
2.4 0.892105 0.000620215
3.6 0.892105 -0.000426788
4.8 0.892105 -0.000263212
6 0.892105 0.000300024
7.2 0.892105 0.000604971
8.4 0.892105 0.000655485
9.6 0.892105 0.000693751
10.8 0.892105 0.000800968
12 0.892105 0.000914628
13.2 0.892105 0.000983731
14.4 0.892105 0.00101007
15.6 0.892105 0.00100696
16.8 0.892105 0.000975918
18 0.892105 0.000914764
19.2 0.892105 0.000826202
20.4 0.892105 0.000716719
21.6 0.892105 0.000593776
22.8 0.892105 0.000465251
24 0.892105 0.000338767
25.2 0.892105 0.000220829
26.4 0.892105 0.000118874
27.6 0.892105 4.42299e-05
28.8 0.892105 6.78335e-06
30 0.892105 -5.4602e-35
-30 0.944737 -5.29922e-35
-28.8 0.944737 6.42453e-06
-27.6 0.944737 4.32951e-05
-26.4 0.944737 0.000117798
-25.2 0.944737 0.000220072
-24 0.944737 0.000338395
-22.8 0.944737 0.000465111
-21.6 0.944737 0.000593805
-20.4 0.944737 0.00071699
-19.2 0.944737 0.000826759
-18 0.944737 0.000915475
-16.8 0.944737 0.000976608
-15.6 0.944737 0.00100783
-14.4 0.944737 0.0010116
-13.2 0.944737 0.000985395
-12 0.944737 0.000914479
-10.8 0.944737 0.000798951
-9.6 0.944737 0.000694924
-8.4 0.944737 0.000663759
-7.2 0.944737 0.000611241
-6 0.944737 0.000287829
-4.8 0.944737 -0.000290691
-3.6 0.944737 -0.000440209
-2.4 0.944737 0.000641346
-1.2 0.944737 0.00255052
0 0.944737 0.0035448
1.2 0.944737 0.00255141
2.4 0.944737 0.000641551
3.6 0.944737 -0.000440554
4.8 0.944737 -0.000290733
6 0.944737 0.000287958
7.2 0.944737 0.000611201
8.4 0.944737 0.0006636
9.6 0.944737 0.000694778
10.8 0.944737 0.000798835
12 0.944737 0.000914376
13.2 0.944737 0.000985321
14.4 0.944737 0.00101157
15.6 0.944737 0.00100786
16.8 0.944737 0.000976679
18 0.944737 0.000915581
19.2 0.944737 0.000826885
20.4 0.944737 0.000717118
21.6 0.944737 0.00059392
22.8 0.944737 0.000465202
24 0.944737 0.000338456
25.2 0.944737 0.000220106
26.4 0.944737 0.000117812
27.6 0.944737 4.32976e-05
28.8 0.944737 6.42404e-06
30 0.944737 -5.29932e-35
-30 0.997368 -5.1402e-35
-28.8 0.997368 6.07182e-06
-27.6 0.997368 4.23706e-05
-26.4 0.997368 0.000116734
-25.2 0.997368 0.000219342
-24 0.997368 0.000338085
-22.8 0.997368 0.000465071
-21.6 0.997368 0.000593961
-20.4 0.997368 0.000717405
-19.2 0.997368 0.00082746
-18 0.997368 0.0009163
-16.8 0.997368 0.000977374
-15.6 0.997368 0.00100878
-14.4 0.997368 0.0010132
-13.2 0.997368 0.000986992
-12 0.997368 0.000914084
-10.8 0.997368 0.000796791
-9.6 0.997368 0.00069631
-8.4 0.997368 0.000672248
-7.2 0.997368 0.000617149
-6 0.997368 0.000274945
-4.8 0.997368 -0.000317964
-3.6 0.997368 -0.000452133
-2.4 0.997368 0.000661351
-1.2 0.997368 0.00258618
0 0.997368 0.00358116
1.2 0.997368 0.00258731
2.4 0.997368 0.000661744
3.6 0.997368 -0.000452467
4.8 0.997368 -0.000318052
6 0.997368 0.000275063
7.2 0.997368 0.000617118
8.4 0.997368 0.000672088
9.6 0.997368 0.000696155
10.8 0.997368 0.000796666
12 0.997368 0.000913974
13.2 0.997368 0.000986913
14.4 0.997368 0.00101317
15.6 0.997368 0.00100881
16.8 0.997368 0.00097745
18 0.997368 0.000916413
19.2 0.997368 0.000827594
20.4 0.997368 0.000717541
21.6 0.997368 0.000594082
22.8 0.997368 0.000465167
24 0.997368 0.00033815
25.2 0.997368 0.000219378
26.4 0.997368 0.000116748
27.6 0.997368 4.23731e-05
28.8 0.997368 6.07124e-06
30 0.997368 -5.14028e-35
-30 1.05 -4.98287e-35
-28.8 1.05 5.72511e-06
-27.6 1.05 4.14533e-05
-26.4 1.05 0.000115667
-25.2 1.05 0.000218606
-24 1.05 0.00033778
-22.8 1.05 0.000465046
-21.6 1.05 0.000594135
-20.4 1.05 0.000717844
-19.2 1.05 0.000828188
-18 1.05 0.000917137
-16.8 1.05 0.000978149
-15.6 1.05 0.00100978
-14.4 1.05 0.00101489
-13.2 1.05 0.000988581
-12 1.05 0.000913535
-10.8 1.05 0.000794616
-9.6 1.05 0.000698062
-8.4 1.05 0.000681068
-7.2 1.05 0.000622711
-6 1.05 0.000261345
-4.8 1.05 -0.000345023
-3.6 1.05 -0.000462443
-2.4 1.05 0.000680385
-1.2 1.05 0.00261111
0 1.05 0.00360001
1.2 1.05 0.00261247
2.4 1.05 0.000680976
3.6 1.05 -0.000462759
4.8 1.05 -0.00034516
6 1.05 0.000261449
7.2 1.05 0.000622688
8.4 1.05 0.000680907
9.6 1.05 0.000697897
10.8 1.05 0.000794481
12 1.05 0.000913419
13.2 1.05 0.000988498
14.4 1.05 0.00101486
15.6 1.05 0.00100981
16.8 1.05 0.00097823
18 1.05 0.000917256
19.2 1.05 0.000828329
20.4 1.05 0.000717987
21.6 1.05 0.000594263
22.8 1.05 0.000465146
24 1.05 0.000337848
25.2 1.05 0.000218644
26.4 1.05 0.000115682
27.6 1.05 4.14558e-05
28.8 1.05 5.72445e-06
30 1.05 -4.98293e-35
