0.05 8.60714e-69
0.1 8.17112e-69
0.15 7.74821e-69
0.2 7.34658e-69
0.25 6.96651e-69
0.3 6.60637e-69
0.35 6.26441e-69
0.4 5.93921e-69
0.45 5.6298e-69
0.5 5.33539e-69
0.55 5.05527e-69
0.6 4.78862e-69
0.65 4.53453e-69
0.7 4.29198e-69
0.75 4.0599e-69
0.8 3.83723e-69
0.85 3.62299e-69
0.9 3.41626e-69
0.95 3.21628e-69
1 3.02242e-69
1.05 2.83423e-69
1.1 2.65139e-69
1.15 2.47372e-69
1.2 2.30117e-69
1.25 2.13382e-69
1.3 1.97182e-69
1.35 1.81539e-69
1.4 1.66479e-69
1.45 1.52032e-69
1.5 1.38228e-69
1.55 1.25095e-69
1.6 1.1266e-69
1.65 1.00945e-69
1.7 8.99661e-70
1.75 7.97357e-70
1.8 7.02586e-70
1.85 6.15335e-70
1.9 5.35523e-70
1.95 4.63007e-70
2 3.97582e-70
2.05 3.38987e-70
2.1 2.8691e-70
2.15 2.40998e-70
2.2 2.00859e-70
2.25 1.66077e-70
2.3 1.36216e-70
2.35 1.10829e-70
2.4 8.94668e-71
2.45 7.16852e-71
2.5 5.70524e-71
2.55 4.51553e-71
2.6 3.56052e-71
2.65 2.80427e-71
2.7 2.21411e-71
2.75 1.761e-71
2.8 1.41962e-71
2.85 1.16858e-71
2.9 9.90327e-72
2.95 8.71084e-72
3 8.00684e-72
3.05 7.72302e-72
3.1 7.82133e-72
3.15 8.2901e-72
3.2 9.13967e-72
3.25 1.03976e-71
3.3 1.21036e-71
3.35 1.43046e-71
3.4 1.70487e-71
3.45 2.03808e-71
3.5 2.43371e-71
3.55 2.89402e-71
3.6 3.41949e-71
3.65 4.00845e-71
3.7 4.65671e-71
3.75 5.35736e-71
3.8 6.10056e-71
3.85 6.8735e-71
3.9 7.66043e-71
3.95 8.44277e-71
4 9.19939e-71
4.05 9.90702e-71
4.1 1.05407e-70
4.15 1.10747e-70
4.2 1.14828e-70
4.25 1.17399e-70
4.3 1.18227e-70
4.35 1.17111e-70
4.4 1.13897e-70
4.45 1.08494e-70
4.5 1.00892e-70
4.55 9.11803e-71
4.6 7.95718e-71
4.65 6.64226e-71
4.7 5.22589e-71
4.75 3.7803e-71
4.8 2.40018e-71
4.85 1.20565e-71
4.9 3.45441e-72
4.95 2.41709e-75
5 3.86186e-72
5.05 1.75852e-71
5.1 4.4154e-71
5.15 8.70192e-71
5.2 1.50141e-70
5.25 2.38035e-70
5.3 3.5581e-70
5.35 5.09219e-70
5.4 7.04704e-70
5.45 9.49444e-70
5.5 1.2514e-69
5.55 1.61938e-69
5.6 2.06306e-69
5.65 2.59307e-69
5.7 3.22103e-69
5.75 3.9596e-69
5.8 4.82255e-69
5.85 5.82478e-69
5.9 6.98242e-69
5.95 8.31287e-69
6 9.83485e-69
6.05 1.15684e-68
6.1 1.35352e-68
6.15 1.57581e-68
6.2 1.82617e-68
6.25 2.10722e-68
6.3 2.42174e-68
6.35 2.7727e-68
6.4 3.16321e-68
6.45 3.5966e-68
6.5 4.07637e-68
6.55 4.60621e-68
6.6 5.19003e-68
6.65 5.83191e-68
6.7 6.53617e-68
6.75 7.30733e-68
6.8 8.15013e-68
6.85 9.06953e-68
6.9 1.00707e-67
6.95 1.11591e-67
7 1.23404e-67
7.05 1.36205e-67
7.1 1.50055e-67
7.15 1.65017e-67
7.2 1.8116e-67
7.25 1.9855e-67
7.3 2.17261e-67
7.35 2.37365e-67
7.4 2.5894e-67
7.45 2.82065e-67
7.5 3.06821e-67
7.55 3.33294e-67
7.6 3.61571e-67
7.65 3.91741e-67
7.7 4.23897e-67
7.75 4.58135e-67
7.8 4.94552e-67
7.85 5.33248e-67
7.9 5.74328e-67
7.95 6.17896e-67
8 6.64061e-67
8.05 7.12933e-67
8.1 7.64628e-67
8.15 8.19259e-67
8.2 8.76946e-67
8.25 9.37809e-67
8.3 1.00197e-66
8.35 1.06956e-66
8.4 1.1407e-66
8.45 1.21552e-66
8.5 1.29415e-66
8.55 1.37673e-66
8.6 1.4634e-66
8.65 1.55428e-66
8.7 1.64953e-66
8.75 1.74927e-66
8.8 1.85366e-66
8.85 1.96283e-66
8.9 2.07693e-66
8.95 2.19611e-66
9 2.32051e-66
9.05 2.45028e-66
9.1 2.58556e-66
9.15 2.72651e-66
9.2 2.87328e-66
9.25 3.02601e-66
9.3 3.18485e-66
9.35 3.34995e-66
9.4 3.52146e-66
9.45 3.69952e-66
9.5 3.88428e-66
9.55 4.07589e-66
9.6 4.27449e-66
9.65 4.48022e-66
9.7 4.69321e-66
9.75 4.91362e-66
9.8 5.14156e-66
9.85 5.37718e-66
9.9 5.62061e-66
9.95 5.87196e-66
10 6.13136e-66
