-30 0.05 0
-29.4 0.05 0
-28.8 0.05 0
-28.2 0.05 0
-27.6 0.05 0
-27 0.05 0
-26.4 0.05 0
-25.8 0.05 0
-25.2 0.05 0
-24.6 0.05 0
-24 0.05 0
-23.4 0.05 0
-22.8 0.05 0
-22.2 0.05 0
-21.6 0.05 0
-21 0.05 0
-20.4 0.05 0
-19.8 0.05 0
-19.2 0.05 0
-18.6 0.05 0
-18 0.05 0
-17.4 0.05 0
-16.8 0.05 0
-16.2 0.05 0
-15.6 0.05 0
-15 0.05 0
-14.4 0.05 0
-13.8 0.05 0
-13.2 0.05 0
-12.6 0.05 0
-12 0.05 0
-11.4 0.05 0
-10.8 0.05 0
-10.2 0.05 -4.11279e-05
-9.6 0.05 -3.80218e-05
-9 0.05 -3.47264e-05
-8.4 0.05 -3.12936e-05
-7.8 0.05 -2.77776e-05
-7.2 0.05 -2.42334e-05
-6.6 0.05 -2.07169e-05
-6 0.05 -1.7283e-05
-5.4 0.05 -1.39858e-05
-4.8 0.05 -1.08775e-05
-4.2 0.05 -8.00775e-06
-3.6 0.05 -5.42261e-06
-3 0.05 -3.16399e-06
-2.4 0.05 -1.26845e-06
-1.8 0.05 2.33556e-07
-1.2 0.05 1.31846e-06
-0.6 0.05 1.97005e-06
0 0.05 2.17979e-06
0.6 0.05 0
1.2 0.05 0
1.8 0.05 0
2.4 0.05 0
3 0.05 0
3.6 0.05 0
4.2 0.05 0
4.8 0.05 0
5.4 0.05 0
6 0.05 0
6.6 0.05 0
7.2 0.05 0
7.8 0.05 0
8.4 0.05 0
9 0.05 0
9.6 0.05 0
10.2 0.05 0
10.8 0.05 0
11.4 0.05 0
12 0.05 0
12.6 0.05 0
13.2 0.05 0
13.8 0.05 0
14.4 0.05 0
15 0.05 0
15.6 0.05 0
16.2 0.05 0
16.8 0.05 0
17.4 0.05 0
18 0.05 0
18.6 0.05 0
19.2 0.05 0
19.8 0.05 0
20.4 0.05 0
21 0.05 0
21.6 0.05 0
22.2 0.05 0
22.8 0.05 0
23.4 0.05 0
24 0.05 0
24.6 0.05 0
25.2 0.05 0
25.8 0.05 0
26.4 0.05 0
27 0.05 0
27.6 0.05 0
28.2 0.05 0
28.8 0.05 0
29.4 0.05 0
30 0.05 0
-30 0.102632 0
-29.4 0.102632 0
-28.8 0.102632 0
-28.2 0.102632 0
-27.6 0.102632 0
-27 0.102632 0
-26.4 0.102632 0
-25.8 0.102632 0
-25.2 0.102632 0
-24.6 0.102632 0
-24 0.102632 0
-23.4 0.102632 0
-22.8 0.102632 0
-22.2 0.102632 0
-21.6 0.102632 0
-21 0.102632 0
-20.4 0.102632 0
-19.8 0.102632 0
-19.2 0.102632 0
-18.6 0.102632 0
-18 0.102632 0
-17.4 0.102632 0
-16.8 0.102632 0
-16.2 0.102632 0
-15.6 0.102632 0
-15 0.102632 0
-14.4 0.102632 0
-13.8 0.102632 0
-13.2 0.102632 0
-12.6 0.102632 0
-12 0.102632 0
-11.4 0.102632 0
-10.8 0.102632 0
-10.2 0.102632 -4.10961e-05
-9.6 0.102632 -3.79965e-05
-9 0.102632 -3.4708e-05
-8.4 0.102632 -3.12825e-05
-7.8 0.102632 -2.77738e-05
-7.2 0.102632 -2.42371e-05
-6.6 0.102632 -2.07279e-05
-6 0.102632 -1.73013e-05
-5.4 0.102632 -1.40111e-05
-4.8 0.102632 -1.09094e-05
-4.2 0.102632 -8.04569e-06
-3.6 0.102632 -5.46602e-06
-3 0.102632 -3.21215e-06
-2.4 0.102632 -1.32058e-06
-1.8 0.102632 1.7836e-07
-1.2 0.102632 1.26119e-06
-0.6 0.102632 1.91179e-06
0 0.102632 2.12164e-06
0.6 0.102632 0
1.2 0.102632 0
1.8 0.102632 0
2.4 0.102632 0
3 0.102632 0
3.6 0.102632 0
4.2 0.102632 0
4.8 0.102632 0
5.4 0.102632 0
6 0.102632 0
6.6 0.102632 0
7.2 0.102632 0
7.8 0.102632 0
8.4 0.102632 0
9 0.102632 0
9.6 0.102632 0
10.2 0.102632 0
10.8 0.102632 0
11.4 0.102632 0
12 0.102632 0
12.6 0.102632 0
13.2 0.102632 0
13.8 0.102632 0
14.4 0.102632 0
15 0.102632 0
15.6 0.102632 0
16.2 0.102632 0
16.8 0.102632 0
17.4 0.102632 0
18 0.102632 0
18.6 0.102632 0
19.2 0.102632 0
19.8 0.102632 0
20.4 0.102632 0
21 0.102632 0
21.6 0.102632 0
22.2 0.102632 0
22.8 0.102632 0
23.4 0.102632 0
24 0.102632 0
24.6 0.102632 0
25.2 0.102632 0
25.8 0.102632 0
26.4 0.102632 0
27 0.102632 0
27.6 0.102632 0
28.2 0.102632 0
28.8 0.102632 0
29.4 0.102632 0
30 0.102632 0
-30 0.155263 0
-29.4 0.155263 0
-28.8 0.155263 0
-28.2 0.155263 0
-27.6 0.155263 0
-27 0.155263 0
-26.4 0.155263 0
-25.8 0.155263 0
-25.2 0.155263 0
-24.6 0.155263 0
-24 0.155263 0
-23.4 0.155263 0
-22.8 0.155263 0
-22.2 0.155263 0
-21.6 0.155263 0
-21 0.155263 0
-20.4 0.155263 0
-19.8 0.155263 0
-19.2 0.155263 0
-18.6 0.155263 0
-18 0.155263 0
-17.4 0.155263 0
-16.8 0.155263 0
-16.2 0.155263 0
-15.6 0.155263 0
-15 0.155263 0
-14.4 0.155263 0
-13.8 0.155263 0
-13.2 0.155263 0
-12.6 0.155263 0
-12 0.155263 0
-11.4 0.155263 0
-10.8 0.155263 0
-10.2 0.155263 -4.10644e-05
-9.6 0.155263 -3.79713e-05
-9 0.155263 -3.46897e-05
-8.4 0.155263 -3.12713e-05
-7.8 0.155263 -2.777e-05
-7.2 0.155263 -2.42407e-05
-6.6 0.155263 -2.07389e-05
-6 0.155263 -1.73195e-05
-5.4 0.155263 -1.40363e-05
-4.8 0.155263 -1.09412e-05
-4.2 0.155263 -8.08355e-06
-3.6 0.155263 -5.50933e-06
-3 0.155263 -3.2602e-06
-2.4 0.155263 -1.37258e-06
-1.8 0.155263 1.23307e-07
-1.2 0.155263 1.20409e-06
-0.6 0.155263 1.85371e-06
0 0.155263 2.06368e-06
0.6 0.155263 0
1.2 0.155263 0
1.8 0.155263 0
2.4 0.155263 0
3 0.155263 0
3.6 0.155263 0
4.2 0.155263 0
4.8 0.155263 0
5.4 0.155263 0
6 0.155263 0
6.6 0.155263 0
7.2 0.155263 0
7.8 0.155263 0
8.4 0.155263 0
9 0.155263 0
9.6 0.155263 0
10.2 0.155263 0
10.8 0.155263 0
11.4 0.155263 0
12 0.155263 0
12.6 0.155263 0
13.2 0.155263 0
13.8 0.155263 0
14.4 0.155263 0
15 0.155263 0
15.6 0.155263 0
16.2 0.155263 0
16.8 0.155263 0
17.4 0.155263 0
18 0.155263 0
18.6 0.155263 0
19.2 0.155263 0
19.8 0.155263 0
20.4 0.155263 0
21 0.155263 0
21.6 0.155263 0
22.2 0.155263 0
22.8 0.155263 0
23.4 0.155263 0
24 0.155263 0
24.6 0.155263 0
25.2 0.155263 0
25.8 0.155263 0
26.4 0.155263 0
27 0.155263 0
27.6 0.155263 0
28.2 0.155263 0
28.8 0.155263 0
29.4 0.155263 0
30 0.155263 0
-30 0.207895 0
-29.4 0.207895 0
-28.8 0.207895 0
-28.2 0.207895 0
-27.6 0.207895 0
-27 0.207895 0
-26.4 0.207895 0
-25.8 0.207895 0
-25.2 0.207895 0
-24.6 0.207895 0
-24 0.207895 0
-23.4 0.207895 0
-22.8 0.207895 0
-22.2 0.207895 0
-21.6 0.207895 0
-21 0.207895 0
-20.4 0.207895 0
-19.8 0.207895 0
-19.2 0.207895 0
-18.6 0.207895 0
-18 0.207895 0
-17.4 0.207895 0
-16.8 0.207895 0
-16.2 0.207895 0
-15.6 0.207895 0
-15 0.207895 0
-14.4 0.207895 0
-13.8 0.207895 0
-13.2 0.207895 0
-12.6 0.207895 0
-12 0.207895 0
-11.4 0.207895 0
-10.8 0.207895 0
-10.2 0.207895 -4.10327e-05
-9.6 0.207895 -3.79461e-05
-9 0.207895 -3.46714e-05
-8.4 0.207895 -3.12601e-05
-7.8 0.207895 -2.77661e-05
-7.2 0.207895 -2.42443e-05
-6.6 0.207895 -2.07499e-05
-6 0.207895 -1.73377e-05
-5.4 0.207895 -1.40615e-05
-4.8 0.207895 -1.09729e-05
-4.2 0.207895 -8.12133e-06
-3.6 0.207895 -5.55255e-06
-3 0.207895 -3.30815e-06
-2.4 0.207895 -1.42446e-06
-1.8 0.207895 6.83979e-08
-1.2 0.207895 1.14714e-06
-0.6 0.207895 1.7958e-06
0 0.207895 2.00589e-06
0.6 0.207895 0
1.2 0.207895 0
1.8 0.207895 0
2.4 0.207895 0
3 0.207895 0
3.6 0.207895 0
4.2 0.207895 0
4.8 0.207895 0
5.4 0.207895 0
6 0.207895 0
6.6 0.207895 0
7.2 0.207895 0
7.8 0.207895 0
8.4 0.207895 0
9 0.207895 0
9.6 0.207895 0
10.2 0.207895 0
10.8 0.207895 0
11.4 0.207895 0
12 0.207895 0
12.6 0.207895 0
13.2 0.207895 0
13.8 0.207895 0
14.4 0.207895 0
15 0.207895 0
15.6 0.207895 0
16.2 0.207895 0
16.8 0.207895 0
17.4 0.207895 0
18 0.207895 0
18.6 0.207895 0
19.2 0.207895 0
19.8 0.207895 0
20.4 0.207895 0
21 0.207895 0
21.6 0.207895 0
22.2 0.207895 0
22.8 0.207895 0
23.4 0.207895 0
24 0.207895 0
24.6 0.207895 0
25.2 0.207895 0
25.8 0.207895 0
26.4 0.207895 0
27 0.207895 0
27.6 0.207895 0
28.2 0.207895 0
28.8 0.207895 0
29.4 0.207895 0
30 0.207895 0
-30 0.260526 0
-29.4 0.260526 0
-28.8 0.260526 0
-28.2 0.260526 0
-27.6 0.260526 0
-27 0.260526 0
-26.4 0.260526 0
-25.8 0.260526 0
-25.2 0.260526 0
-24.6 0.260526 0
-24 0.260526 0
-23.4 0.260526 0
-22.8 0.260526 0
-22.2 0.260526 0
-21.6 0.260526 0
-21 0.260526 0
-20.4 0.260526 0
-19.8 0.260526 0
-19.2 0.260526 0
-18.6 0.260526 0
-18 0.260526 0
-17.4 0.260526 0
-16.8 0.260526 0
-16.2 0.260526 0
-15.6 0.260526 0
-15 0.260526 0
-14.4 0.260526 0
-13.8 0.260526 0
-13.2 0.260526 0
-12.6 0.260526 0
-12 0.260526 0
-11.4 0.260526 0
-10.8 0.260526 0
-10.2 0.260526 -4.10011e-05
-9.6 0.260526 -3.7921e-05
-9 0.260526 -3.46531e-05
-8.4 0.260526 -3.1249e-05
-7.8 0.260526 -2.77623e-05
-7.2 0.260526 -2.42479e-05
-6.6 0.260526 -2.07608e-05
-6 0.260526 -1.73559e-05
-5.4 0.260526 -1.40866e-05
-4.8 0.260526 -1.10046e-05
-4.2 0.260526 -8.15903e-06
-3.6 0.260526 -5.59567e-06
-3 0.260526 -3.356e-06
-2.4 0.260526 -1.47621e-06
-1.8 0.260526 1.36317e-08
-1.2 0.260526 1.09036e-06
-0.6 0.260526 1.73807e-06
0 0.260526 1.94828e-06
0.6 0.260526 0
1.2 0.260526 0
1.8 0.260526 0
2.4 0.260526 0
3 0.260526 0
3.6 0.260526 0
4.2 0.260526 0
4.8 0.260526 0
5.4 0.260526 0
6 0.260526 0
6.6 0.260526 0
7.2 0.260526 0
7.8 0.260526 0
8.4 0.260526 0
9 0.260526 0
9.6 0.260526 0
10.2 0.260526 0
10.8 0.260526 0
11.4 0.260526 0
12 0.260526 0
12.6 0.260526 0
13.2 0.260526 0
13.8 0.260526 0
14.4 0.260526 0
15 0.260526 0
15.6 0.260526 0
16.2 0.260526 0
16.8 0.260526 0
17.4 0.260526 0
18 0.260526 0
18.6 0.260526 0
19.2 0.260526 0
19.8 0.260526 0
20.4 0.260526 0
21 0.260526 0
21.6 0.260526 0
22.2 0.260526 0
22.8 0.260526 0
23.4 0.260526 0
24 0.260526 0
24.6 0.260526 0
25.2 0.260526 0
25.8 0.260526 0
26.4 0.260526 0
27 0.260526 0
27.6 0.260526 0
28.2 0.260526 0
28.8 0.260526 0
29.4 0.260526 0
30 0.260526 0
-30 0.313158 0
-29.4 0.313158 0
-28.8 0.313158 0
-28.2 0.313158 0
-27.6 0.313158 0
-27 0.313158 0
-26.4 0.313158 0
-25.8 0.313158 0
-25.2 0.313158 0
-24.6 0.313158 0
-24 0.313158 0
-23.4 0.313158 0
-22.8 0.313158 0
-22.2 0.313158 0
-21.6 0.313158 0
-21 0.313158 0
-20.4 0.313158 0
-19.8 0.313158 0
-19.2 0.313158 0
-18.6 0.313158 0
-18 0.313158 0
-17.4 0.313158 0
-16.8 0.313158 0
-16.2 0.313158 0
-15.6 0.313158 0
-15 0.313158 0
-14.4 0.313158 0
-13.8 0.313158 0
-13.2 0.313158 0
-12.6 0.313158 0
-12 0.313158 0
-11.4 0.313158 0
-10.8 0.313158 0
-10.2 0.313158 -4.09695e-05
-9.6 0.313158 -3.78959e-05
-9 0.313158 -3.46348e-05
-8.4 0.313158 -3.12379e-05
-7.8 0.313158 -2.77585e-05
-7.2 0.313158 -2.42514e-05
-6.6 0.313158 -2.07717e-05
-6 0.313158 -1.7374e-05
-5.4 0.313158 -1.41116e-05
-4.8 0.313158 -1.10362e-05
-4.2 0.313158 -8.19665e-06
-3.6 0.313158 -5.63871e-06
-3 0.313158 -3.40373e-06
-2.4 0.313158 -1.52784e-06
-1.8 0.313158 -4.0991e-08
-1.2 0.313158 1.03374e-06
-0.6 0.313158 1.68052e-06
0 0.313158 1.89084e-06
0.6 0.313158 0
1.2 0.313158 0
1.8 0.313158 0
2.4 0.313158 0
3 0.313158 0
3.6 0.313158 0
4.2 0.313158 0
4.8 0.313158 0
5.4 0.313158 0
6 0.313158 0
6.6 0.313158 0
7.2 0.313158 0
7.8 0.313158 0
8.4 0.313158 0
9 0.313158 0
9.6 0.313158 0
10.2 0.313158 0
10.8 0.313158 0
11.4 0.313158 0
12 0.313158 0
12.6 0.313158 0
13.2 0.313158 0
13.8 0.313158 0
14.4 0.313158 0
15 0.313158 0
15.6 0.313158 0
16.2 0.313158 0
16.8 0.313158 0
17.4 0.313158 0
18 0.313158 0
18.6 0.313158 0
19.2 0.313158 0
19.8 0.313158 0
20.4 0.313158 0
21 0.313158 0
21.6 0.313158 0
22.2 0.313158 0
22.8 0.313158 0
23.4 0.313158 0
24 0.313158 0
24.6 0.313158 0
25.2 0.313158 0
25.8 0.313158 0
26.4 0.313158 0
27 0.313158 0
27.6 0.313158 0
28.2 0.313158 0
28.8 0.313158 0
29.4 0.313158 0
30 0.313158 0
-30 0.365789 0
-29.4 0.365789 0
-28.8 0.365789 0
-28.2 0.365789 0
-27.6 0.365789 0
-27 0.365789 0
-26.4 0.365789 0
-25.8 0.365789 0
-25.2 0.365789 0
-24.6 0.365789 0
-24 0.365789 0
-23.4 0.365789 0
-22.8 0.365789 0
-22.2 0.365789 0
-21.6 0.365789 0
-21 0.365789 0
-20.4 0.365789 0
-19.8 0.365789 0
-19.2 0.365789 0
-18.6 0.365789 0
-18 0.365789 0
-17.4 0.365789 0
-16.8 0.365789 0
-16.2 0.365789 0
-15.6 0.365789 0
-15 0.365789 0
-14.4 0.365789 0
-13.8 0.365789 0
-13.2 0.365789 0
-12.6 0.365789 0
-12 0.365789 0
-11.4 0.365789 0
-10.8 0.365789 0
-10.2 0.365789 -4.0938e-05
-9.6 0.365789 -3.78708e-05
-9 0.365789 -3.46166e-05
-8.4 0.365789 -3.12268e-05
-7.8 0.365789 -2.77547e-05
-7.2 0.365789 -2.4255e-05
-6.6 0.365789 -2.07826e-05
-6 0.365789 -1.7392e-05
-5.4 0.365789 -1.41366e-05
-4.8 0.365789 -1.10677e-05
-4.2 0.365789 -8.23418e-06
-3.6 0.365789 -5.68165e-06
-3 0.365789 -3.45137e-06
-2.4 0.365789 -1.57935e-06
-1.8 0.365789 -9.547e-08
-1.2 0.365789 9.77287e-07
-0.6 0.365789 1.62313e-06
0 0.365789 1.83357e-06
0.6 0.365789 0
1.2 0.365789 0
1.8 0.365789 0
2.4 0.365789 0
3 0.365789 0
3.6 0.365789 0
4.2 0.365789 0
4.8 0.365789 0
5.4 0.365789 0
6 0.365789 0
6.6 0.365789 0
7.2 0.365789 0
7.8 0.365789 0
8.4 0.365789 0
9 0.365789 0
9.6 0.365789 0
10.2 0.365789 0
10.8 0.365789 0
11.4 0.365789 0
12 0.365789 0
12.6 0.365789 0
13.2 0.365789 0
13.8 0.365789 0
14.4 0.365789 0
15 0.365789 0
15.6 0.365789 0
16.2 0.365789 0
16.8 0.365789 0
17.4 0.365789 0
18 0.365789 0
18.6 0.365789 0
19.2 0.365789 0
19.8 0.365789 0
20.4 0.365789 0
21 0.365789 0
21.6 0.365789 0
22.2 0.365789 0
22.8 0.365789 0
23.4 0.365789 0
24 0.365789 0
24.6 0.365789 0
25.2 0.365789 0
25.8 0.365789 0
26.4 0.365789 0
27 0.365789 0
27.6 0.365789 0
28.2 0.365789 0
28.8 0.365789 0
29.4 0.365789 0
30 0.365789 0
-30 0.418421 0
-29.4 0.418421 0
-28.8 0.418421 0
-28.2 0.418421 0
-27.6 0.418421 0
-27 0.418421 0
-26.4 0.418421 0
-25.8 0.418421 0
-25.2 0.418421 0
-24.6 0.418421 0
-24 0.418421 0
-23.4 0.418421 0
-22.8 0.418421 0
-22.2 0.418421 0
-21.6 0.418421 0
-21 0.418421 0
-20.4 0.418421 0
-19.8 0.418421 0
-19.2 0.418421 0
-18.6 0.418421 0
-18 0.418421 0
-17.4 0.418421 0
-16.8 0.418421 0
-16.2 0.418421 0
-15.6 0.418421 0
-15 0.418421 0
-14.4 0.418421 0
-13.8 0.418421 0
-13.2 0.418421 0
-12.6 0.418421 0
-12 0.418421 0
-11.4 0.418421 0
-10.8 0.418421 0
-10.2 0.418421 -4.09065e-05
-9.6 0.418421 -3.78458e-05
-9 0.418421 -3.45984e-05
-8.4 0.418421 -3.12156e-05
-7.8 0.418421 -2.77508e-05
-7.2 0.418421 -2.42585e-05
-6.6 0.418421 -2.07934e-05
-6 0.418421 -1.74101e-05
-5.4 0.418421 -1.41615e-05
-4.8 0.418421 -1.10991e-05
-4.2 0.418421 -8.27164e-06
-3.6 0.418421 -5.72451e-06
-3 0.418421 -3.4989e-06
-2.4 0.418421 -1.63074e-06
-1.8 0.418421 -1.49806e-07
-1.2 0.418421 9.20993e-07
-0.6 0.418421 1.56592e-06
0 0.418421 1.77648e-06
0.6 0.418421 0
1.2 0.418421 0
1.8 0.418421 0
2.4 0.418421 0
3 0.418421 0
3.6 0.418421 0
4.2 0.418421 0
4.8 0.418421 0
5.4 0.418421 0
6 0.418421 0
6.6 0.418421 0
7.2 0.418421 0
7.8 0.418421 0
8.4 0.418421 0
9 0.418421 0
9.6 0.418421 0
10.2 0.418421 0
10.8 0.418421 0
11.4 0.418421 0
12 0.418421 0
12.6 0.418421 0
13.2 0.418421 0
13.8 0.418421 0
14.4 0.418421 0
15 0.418421 0
15.6 0.418421 0
16.2 0.418421 0
16.8 0.418421 0
17.4 0.418421 0
18 0.418421 0
18.6 0.418421 0
19.2 0.418421 0
19.8 0.418421 0
20.4 0.418421 0
21 0.418421 0
21.6 0.418421 0
22.2 0.418421 0
22.8 0.418421 0
23.4 0.418421 0
24 0.418421 0
24.6 0.418421 0
25.2 0.418421 0
25.8 0.418421 0
26.4 0.418421 0
27 0.418421 0
27.6 0.418421 0
28.2 0.418421 0
28.8 0.418421 0
29.4 0.418421 0
30 0.418421 0
-30 0.471053 0
-29.4 0.471053 0
-28.8 0.471053 0
-28.2 0.471053 0
-27.6 0.471053 0
-27 0.471053 0
-26.4 0.471053 0
-25.8 0.471053 0
-25.2 0.471053 0
-24.6 0.471053 0
-24 0.471053 0
-23.4 0.471053 0
-22.8 0.471053 0
-22.2 0.471053 0
-21.6 0.471053 0
-21 0.471053 0
-20.4 0.471053 0
-19.8 0.471053 0
-19.2 0.471053 0
-18.6 0.471053 0
-18 0.471053 0
-17.4 0.471053 0
-16.8 0.471053 0
-16.2 0.471053 0
-15.6 0.471053 0
-15 0.471053 0
-14.4 0.471053 0
-13.8 0.471053 0
-13.2 0.471053 0
-12.6 0.471053 0
-12 0.471053 0
-11.4 0.471053 0
-10.8 0.471053 0
-10.2 0.471053 -4.0875e-05
-9.6 0.471053 -3.78207e-05
-9 0.471053 -3.45802e-05
-8.4 0.471053 -3.12045e-05
-7.8 0.471053 -2.7747e-05
-7.2 0.471053 -2.4262e-05
-6.6 0.471053 -2.08042e-05
-6 0.471053 -1.7428e-05
-5.4 0.471053 -1.41864e-05
-4.8 0.471053 -1.11305e-05
-4.2 0.471053 -8.30902e-06
-3.6 0.471053 -5.76727e-06
-3 0.471053 -3.54633e-06
-2.4 0.471053 -1.68201e-06
-1.8 0.471053 -2.03998e-07
-1.2 0.471053 8.64861e-07
-0.6 0.471053 1.50888e-06
0 0.471053 1.71954e-06
0.6 0.471053 0
1.2 0.471053 0
1.8 0.471053 0
2.4 0.471053 0
3 0.471053 0
3.6 0.471053 0
4.2 0.471053 0
4.8 0.471053 0
5.4 0.471053 0
6 0.471053 0
6.6 0.471053 0
7.2 0.471053 0
7.8 0.471053 0
8.4 0.471053 0
9 0.471053 0
9.6 0.471053 0
10.2 0.471053 0
10.8 0.471053 0
11.4 0.471053 0
12 0.471053 0
12.6 0.471053 0
13.2 0.471053 0
13.8 0.471053 0
14.4 0.471053 0
15 0.471053 0
15.6 0.471053 0
16.2 0.471053 0
16.8 0.471053 0
17.4 0.471053 0
18 0.471053 0
18.6 0.471053 0
19.2 0.471053 0
19.8 0.471053 0
20.4 0.471053 0
21 0.471053 0
21.6 0.471053 0
22.2 0.471053 0
22.8 0.471053 0
23.4 0.471053 0
24 0.471053 0
24.6 0.471053 0
25.2 0.471053 0
25.8 0.471053 0
26.4 0.471053 0
27 0.471053 0
27.6 0.471053 0
28.2 0.471053 0
28.8 0.471053 0
29.4 0.471053 0
30 0.471053 0
-30 0.523684 0
-29.4 0.523684 0
-28.8 0.523684 0
-28.2 0.523684 0
-27.6 0.523684 0
-27 0.523684 0
-26.4 0.523684 0
-25.8 0.523684 0
-25.2 0.523684 0
-24.6 0.523684 0
-24 0.523684 0
-23.4 0.523684 0
-22.8 0.523684 0
-22.2 0.523684 0
-21.6 0.523684 0
-21 0.523684 0
-20.4 0.523684 0
-19.8 0.523684 0
-19.2 0.523684 0
-18.6 0.523684 0
-18 0.523684 0
-17.4 0.523684 0
-16.8 0.523684 0
-16.2 0.523684 0
-15.6 0.523684 0
-15 0.523684 0
-14.4 0.523684 0
-13.8 0.523684 0
-13.2 0.523684 0
-12.6 0.523684 0
-12 0.523684 0
-11.4 0.523684 0
-10.8 0.523684 0
-10.2 0.523684 -4.08436e-05
-9.6 0.523684 -3.77958e-05
-9 0.523684 -3.4562e-05
-8.4 0.523684 -3.11935e-05
-7.8 0.523684 -2.77432e-05
-7.2 0.523684 -2.42655e-05
-6.6 0.523684 -2.0815e-05
-6 0.523684 -1.74459e-05
-5.4 0.523684 -1.42112e-05
-4.8 0.523684 -1.11618e-05
-4.2 0.523684 -8.34632e-06
-3.6 0.523684 -5.80995e-06
-3 0.523684 -3.59365e-06
-2.4 0.523684 -1.73315e-06
-1.8 0.523684 -2.58046e-07
-1.2 0.523684 8.0889e-07
-0.6 0.523684 1.452e-06
0 0.523684 1.66277e-06
0.6 0.523684 0
1.2 0.523684 0
1.8 0.523684 0
2.4 0.523684 0
3 0.523684 0
3.6 0.523684 0
4.2 0.523684 0
4.8 0.523684 0
5.4 0.523684 0
6 0.523684 0
6.6 0.523684 0
7.2 0.523684 0
7.8 0.523684 0
8.4 0.523684 0
9 0.523684 0
9.6 0.523684 0
10.2 0.523684 0
10.8 0.523684 0
11.4 0.523684 0
12 0.523684 0
12.6 0.523684 0
13.2 0.523684 0
13.8 0.523684 0
14.4 0.523684 0
15 0.523684 0
15.6 0.523684 0
16.2 0.523684 0
16.8 0.523684 0
17.4 0.523684 0
18 0.523684 0
18.6 0.523684 0
19.2 0.523684 0
19.8 0.523684 0
20.4 0.523684 0
21 0.523684 0
21.6 0.523684 0
22.2 0.523684 0
22.8 0.523684 0
23.4 0.523684 0
24 0.523684 0
24.6 0.523684 0
25.2 0.523684 0
25.8 0.523684 0
26.4 0.523684 0
27 0.523684 0
27.6 0.523684 0
28.2 0.523684 0
28.8 0.523684 0
29.4 0.523684 0
30 0.523684 0
-30 0.576316 0
-29.4 0.576316 0
-28.8 0.576316 0
-28.2 0.576316 0
-27.6 0.576316 0
-27 0.576316 0
-26.4 0.576316 0
-25.8 0.576316 0
-25.2 0.576316 0
-24.6 0.576316 0
-24 0.576316 0
-23.4 0.576316 0
-22.8 0.576316 0
-22.2 0.576316 0
-21.6 0.576316 0
-21 0.576316 0
-20.4 0.576316 0
-19.8 0.576316 0
-19.2 0.576316 0
-18.6 0.576316 0
-18 0.576316 0
-17.4 0.576316 0
-16.8 0.576316 0
-16.2 0.576316 0
-15.6 0.576316 0
-15 0.576316 0
-14.4 0.576316 0
-13.8 0.576316 0
-13.2 0.576316 0
-12.6 0.576316 0
-12 0.576316 0
-11.4 0.576316 0
-10.8 0.576316 0
-10.2 0.576316 -4.08123e-05
-9.6 0.576316 -3.77708e-05
-9 0.576316 -3.45439e-05
-8.4 0.576316 -3.11824e-05
-7.8 0.576316 -2.77393e-05
-7.2 0.576316 -2.42689e-05
-6.6 0.576316 -2.08257e-05
-6 0.576316 -1.74638e-05
-5.4 0.576316 -1.42359e-05
-4.8 0.576316 -1.1193e-05
-4.2 0.576316 -8.38354e-06
-3.6 0.576316 -5.85254e-06
-3 0.576316 -3.64088e-06
-2.4 0.576316 -1.78418e-06
-1.8 0.576316 -3.11953e-07
-1.2 0.576316 7.53079e-07
-0.6 0.576316 1.3953e-06
0 0.576316 1.60616e-06
0.6 0.576316 0
1.2 0.576316 0
1.8 0.576316 0
2.4 0.576316 0
3 0.576316 0
3.6 0.576316 0
4.2 0.576316 0
4.8 0.576316 0
5.4 0.576316 0
6 0.576316 0
6.6 0.576316 0
7.2 0.576316 0
7.8 0.576316 0
8.4 0.576316 0
9 0.576316 0
9.6 0.576316 0
10.2 0.576316 0
10.8 0.576316 0
11.4 0.576316 0
12 0.576316 0
12.6 0.576316 0
13.2 0.576316 0
13.8 0.576316 0
14.4 0.576316 0
15 0.576316 0
15.6 0.576316 0
16.2 0.576316 0
16.8 0.576316 0
17.4 0.576316 0
18 0.576316 0
18.6 0.576316 0
19.2 0.576316 0
19.8 0.576316 0
20.4 0.576316 0
21 0.576316 0
21.6 0.576316 0
22.2 0.576316 0
22.8 0.576316 0
23.4 0.576316 0
24 0.576316 0
24.6 0.576316 0
25.2 0.576316 0
25.8 0.576316 0
26.4 0.576316 0
27 0.576316 0
27.6 0.576316 0
28.2 0.576316 0
28.8 0.576316 0
29.4 0.576316 0
30 0.576316 0
-30 0.628947 0
-29.4 0.628947 0
-28.8 0.628947 0
-28.2 0.628947 0
-27.6 0.628947 0
-27 0.628947 0
-26.4 0.628947 0
-25.8 0.628947 0
-25.2 0.628947 0
-24.6 0.628947 0
-24 0.628947 0
-23.4 0.628947 0
-22.8 0.628947 0
-22.2 0.628947 0
-21.6 0.628947 0
-21 0.628947 0
-20.4 0.628947 0
-19.8 0.628947 0
-19.2 0.628947 0
-18.6 0.628947 0
-18 0.628947 0
-17.4 0.628947 0
-16.8 0.628947 0
-16.2 0.628947 0
-15.6 0.628947 0
-15 0.628947 0
-14.4 0.628947 0
-13.8 0.628947 0
-13.2 0.628947 0
-12.6 0.628947 0
-12 0.628947 0
-11.4 0.628947 0
-10.8 0.628947 0
-10.2 0.628947 -4.07809e-05
-9.6 0.628947 -3.77459e-05
-9 0.628947 -3.45257e-05
-8.4 0.628947 -3.11713e-05
-7.8 0.628947 -2.77355e-05
-7.2 0.628947 -2.42724e-05
-6.6 0.628947 -2.08364e-05
-6 0.628947 -1.74816e-05
-5.4 0.628947 -1.42606e-05
-4.8 0.628947 -1.12242e-05
-4.2 0.628947 -8.42068e-06
-3.6 0.628947 -5.89505e-06
-3 0.628947 -3.688e-06
-2.4 0.628947 -1.83508e-06
-1.8 0.628947 -3.65717e-07
-1.2 0.628947 6.97429e-07
-0.6 0.628947 1.33876e-06
0 0.628947 1.54971e-06
0.6 0.628947 0
1.2 0.628947 0
1.8 0.628947 0
2.4 0.628947 0
3 0.628947 0
3.6 0.628947 0
4.2 0.628947 0
4.8 0.628947 0
5.4 0.628947 0
6 0.628947 0
6.6 0.628947 0
7.2 0.628947 0
7.8 0.628947 0
8.4 0.628947 0
9 0.628947 0
9.6 0.628947 0
10.2 0.628947 0
10.8 0.628947 0
11.4 0.628947 0
12 0.628947 0
12.6 0.628947 0
13.2 0.628947 0
13.8 0.628947 0
14.4 0.628947 0
15 0.628947 0
15.6 0.628947 0
16.2 0.628947 0
16.8 0.628947 0
17.4 0.628947 0
18 0.628947 0
18.6 0.628947 0
19.2 0.628947 0
19.8 0.628947 0
20.4 0.628947 0
21 0.628947 0
21.6 0.628947 0
22.2 0.628947 0
22.8 0.628947 0
23.4 0.628947 0
24 0.628947 0
24.6 0.628947 0
25.2 0.628947 0
25.8 0.628947 0
26.4 0.628947 0
27 0.628947 0
27.6 0.628947 0
28.2 0.628947 0
28.8 0.628947 0
29.4 0.628947 0
30 0.628947 0
-30 0.681579 0
-29.4 0.681579 0
-28.8 0.681579 0
-28.2 0.681579 0
-27.6 0.681579 0
-27 0.681579 0
-26.4 0.681579 0
-25.8 0.681579 0
-25.2 0.681579 0
-24.6 0.681579 0
-24 0.681579 0
-23.4 0.681579 0
-22.8 0.681579 0
-22.2 0.681579 0
-21.6 0.681579 0
-21 0.681579 0
-20.4 0.681579 0
-19.8 0.681579 0
-19.2 0.681579 0
-18.6 0.681579 0
-18 0.681579 0
-17.4 0.681579 0
-16.8 0.681579 0
-16.2 0.681579 0
-15.6 0.681579 0
-15 0.681579 0
-14.4 0.681579 0
-13.8 0.681579 0
-13.2 0.681579 0
-12.6 0.681579 0
-12 0.681579 0
-11.4 0.681579 0
-10.8 0.681579 0
-10.2 0.681579 -4.07497e-05
-9.6 0.681579 -3.7721e-05
-9 0.681579 -3.45076e-05
-8.4 0.681579 -3.11602e-05
-7.8 0.681579 -2.77316e-05
-7.2 0.681579 -2.42758e-05
-6.6 0.681579 -2.08471e-05
-6 0.681579 -1.74994e-05
-5.4 0.681579 -1.42852e-05
-4.8 0.681579 -1.12553e-05
-4.2 0.681579 -8.45775e-06
-3.6 0.681579 -5.93747e-06
-3 0.681579 -3.73503e-06
-2.4 0.681579 -1.88586e-06
-1.8 0.681579 -4.19339e-07
-1.2 0.681579 6.41939e-07
-0.6 0.681579 1.28239e-06
0 0.681579 1.49341e-06
0.6 0.681579 0
1.2 0.681579 0
1.8 0.681579 0
2.4 0.681579 0
3 0.681579 0
3.6 0.681579 0
4.2 0.681579 0
4.8 0.681579 0
5.4 0.681579 0
6 0.681579 0
6.6 0.681579 0
7.2 0.681579 0
7.8 0.681579 0
8.4 0.681579 0
9 0.681579 0
9.6 0.681579 0
10.2 0.681579 0
10.8 0.681579 0
11.4 0.681579 0
12 0.681579 0
12.6 0.681579 0
13.2 0.681579 0
13.8 0.681579 0
14.4 0.681579 0
15 0.681579 0
15.6 0.681579 0
16.2 0.681579 0
16.8 0.681579 0
17.4 0.681579 0
18 0.681579 0
18.6 0.681579 0
19.2 0.681579 0
19.8 0.681579 0
20.4 0.681579 0
21 0.681579 0
21.6 0.681579 0
22.2 0.681579 0
22.8 0.681579 0
23.4 0.681579 0
24 0.681579 0
24.6 0.681579 0
25.2 0.681579 0
25.8 0.681579 0
26.4 0.681579 0
27 0.681579 0
27.6 0.681579 0
28.2 0.681579 0
28.8 0.681579 0
29.4 0.681579 0
30 0.681579 0
-30 0.734211 0
-29.4 0.734211 0
-28.8 0.734211 0
-28.2 0.734211 0
-27.6 0.734211 0
-27 0.734211 0
-26.4 0.734211 0
-25.8 0.734211 0
-25.2 0.734211 0
-24.6 0.734211 0
-24 0.734211 0
-23.4 0.734211 0
-22.8 0.734211 0
-22.2 0.734211 0
-21.6 0.734211 0
-21 0.734211 0
-20.4 0.734211 0
-19.8 0.734211 0
-19.2 0.734211 0
-18.6 0.734211 0
-18 0.734211 0
-17.4 0.734211 0
-16.8 0.734211 0
-16.2 0.734211 0
-15.6 0.734211 0
-15 0.734211 0
-14.4 0.734211 0
-13.8 0.734211 0
-13.2 0.734211 0
-12.6 0.734211 0
-12 0.734211 0
-11.4 0.734211 0
-10.8 0.734211 0
-10.2 0.734211 -4.07185e-05
-9.6 0.734211 -3.76962e-05
-9 0.734211 -3.44896e-05
-8.4 0.734211 -3.11492e-05
-7.8 0.734211 -2.77278e-05
-7.2 0.734211 -2.42792e-05
-6.6 0.734211 -2.08577e-05
-6 0.734211 -1.75171e-05
-5.4 0.734211 -1.43097e-05
-4.8 0.734211 -1.12863e-05
-4.2 0.734211 -8.49474e-06
-3.6 0.734211 -5.9798e-06
-3 0.734211 -3.78195e-06
-2.4 0.734211 -1.93653e-06
-1.8 0.734211 -4.72821e-07
-1.2 0.734211 5.86607e-07
-0.6 0.734211 1.22618e-06
0 0.734211 1.43727e-06
0.6 0.734211 0
1.2 0.734211 0
1.8 0.734211 0
2.4 0.734211 0
3 0.734211 0
3.6 0.734211 0
4.2 0.734211 0
4.8 0.734211 0
5.4 0.734211 0
6 0.734211 0
6.6 0.734211 0
7.2 0.734211 0
7.8 0.734211 0
8.4 0.734211 0
9 0.734211 0
9.6 0.734211 0
10.2 0.734211 0
10.8 0.734211 0
11.4 0.734211 0
12 0.734211 0
12.6 0.734211 0
13.2 0.734211 0
13.8 0.734211 0
14.4 0.734211 0
15 0.734211 0
15.6 0.734211 0
16.2 0.734211 0
16.8 0.734211 0
17.4 0.734211 0
18 0.734211 0
18.6 0.734211 0
19.2 0.734211 0
19.8 0.734211 0
20.4 0.734211 0
21 0.734211 0
21.6 0.734211 0
22.2 0.734211 0
22.8 0.734211 0
23.4 0.734211 0
24 0.734211 0
24.6 0.734211 0
25.2 0.734211 0
25.8 0.734211 0
26.4 0.734211 0
27 0.734211 0
27.6 0.734211 0
28.2 0.734211 0
28.8 0.734211 0
29.4 0.734211 0
30 0.734211 0
-30 0.786842 0
-29.4 0.786842 0
-28.8 0.786842 0
-28.2 0.786842 0
-27.6 0.786842 0
-27 0.786842 0
-26.4 0.786842 0
-25.8 0.786842 0
-25.2 0.786842 0
-24.6 0.786842 0
-24 0.786842 0
-23.4 0.786842 0
-22.8 0.786842 0
-22.2 0.786842 0
-21.6 0.786842 0
-21 0.786842 0
-20.4 0.786842 0
-19.8 0.786842 0
-19.2 0.786842 0
-18.6 0.786842 0
-18 0.786842 0
-17.4 0.786842 0
-16.8 0.786842 0
-16.2 0.786842 0
-15.6 0.786842 0
-15 0.786842 0
-14.4 0.786842 0
-13.8 0.786842 0
-13.2 0.786842 0
-12.6 0.786842 0
-12 0.786842 0
-11.4 0.786842 0
-10.8 0.786842 0
-10.2 0.786842 -4.06873e-05
-9.6 0.786842 -3.76714e-05
-9 0.786842 -3.44715e-05
-8.4 0.786842 -3.11381e-05
-7.8 0.786842 -2.77239e-05
-7.2 0.786842 -2.42826e-05
-6.6 0.786842 -2.08683e-05
-6 0.786842 -1.75347e-05
-5.4 0.786842 -1.43342e-05
-4.8 0.786842 -1.13172e-05
-4.2 0.786842 -8.53165e-06
-3.6 0.786842 -6.02205e-06
-3 0.786842 -3.82878e-06
-2.4 0.786842 -1.98708e-06
-1.8 0.786842 -5.26163e-07
-1.2 0.786842 5.31433e-07
-0.6 0.786842 1.17014e-06
0 0.786842 1.38129e-06
0.6 0.786842 0
1.2 0.786842 0
1.8 0.786842 0
2.4 0.786842 0
3 0.786842 0
3.6 0.786842 0
4.2 0.786842 0
4.8 0.786842 0
5.4 0.786842 0
6 0.786842 0
6.6 0.786842 0
7.2 0.786842 0
7.8 0.786842 0
8.4 0.786842 0
9 0.786842 0
9.6 0.786842 0
10.2 0.786842 0
10.8 0.786842 0
11.4 0.786842 0
12 0.786842 0
12.6 0.786842 0
13.2 0.786842 0
13.8 0.786842 0
14.4 0.786842 0
15 0.786842 0
15.6 0.786842 0
16.2 0.786842 0
16.8 0.786842 0
17.4 0.786842 0
18 0.786842 0
18.6 0.786842 0
19.2 0.786842 0
19.8 0.786842 0
20.4 0.786842 0
21 0.786842 0
21.6 0.786842 0
22.2 0.786842 0
22.8 0.786842 0
23.4 0.786842 0
24 0.786842 0
24.6 0.786842 0
25.2 0.786842 0
25.8 0.786842 0
26.4 0.786842 0
27 0.786842 0
27.6 0.786842 0
28.2 0.786842 0
28.8 0.786842 0
29.4 0.786842 0
30 0.786842 0
-30 0.839474 0
-29.4 0.839474 0
-28.8 0.839474 0
-28.2 0.839474 0
-27.6 0.839474 0
-27 0.839474 0
-26.4 0.839474 0
-25.8 0.839474 0
-25.2 0.839474 0
-24.6 0.839474 0
-24 0.839474 0
-23.4 0.839474 0
-22.8 0.839474 0
-22.2 0.839474 0
-21.6 0.839474 0
-21 0.839474 0
-20.4 0.839474 0
-19.8 0.839474 0
-19.2 0.839474 0
-18.6 0.839474 0
-18 0.839474 0
-17.4 0.839474 0
-16.8 0.839474 0
-16.2 0.839474 0
-15.6 0.839474 0
-15 0.839474 0
-14.4 0.839474 0
-13.8 0.839474 0
-13.2 0.839474 0
-12.6 0.839474 0
-12 0.839474 0
-11.4 0.839474 0
-10.8 0.839474 0
-10.2 0.839474 -4.06561e-05
-9.6 0.839474 -3.76466e-05
-9 0.839474 -3.44534e-05
-8.4 0.839474 -3.11271e-05
-7.8 0.839474 -2.772e-05
-7.2 0.839474 -2.42859e-05
-6.6 0.839474 -2.08789e-05
-6 0.839474 -1.75523e-05
-5.4 0.839474 -1.43586e-05
-4.8 0.839474 -1.13481e-05
-4.2 0.839474 -8.56849e-06
-3.6 0.839474 -6.06422e-06
-3 0.839474 -3.87551e-06
-2.4 0.839474 -2.03751e-06
-1.8 0.839474 -5.79367e-07
-1.2 0.839474 4.76416e-07
-0.6 0.839474 1.11426e-06
0 0.839474 1.32546e-06
0.6 0.839474 0
1.2 0.839474 0
1.8 0.839474 0
2.4 0.839474 0
3 0.839474 0
3.6 0.839474 0
4.2 0.839474 0
4.8 0.839474 0
5.4 0.839474 0
6 0.839474 0
6.6 0.839474 0
7.2 0.839474 0
7.8 0.839474 0
8.4 0.839474 0
9 0.839474 0
9.6 0.839474 0
10.2 0.839474 0
10.8 0.839474 0
11.4 0.839474 0
12 0.839474 0
12.6 0.839474 0
13.2 0.839474 0
13.8 0.839474 0
14.4 0.839474 0
15 0.839474 0
15.6 0.839474 0
16.2 0.839474 0
16.8 0.839474 0
17.4 0.839474 0
18 0.839474 0
18.6 0.839474 0
19.2 0.839474 0
19.8 0.839474 0
20.4 0.839474 0
21 0.839474 0
21.6 0.839474 0
22.2 0.839474 0
22.8 0.839474 0
23.4 0.839474 0
24 0.839474 0
24.6 0.839474 0
25.2 0.839474 0
25.8 0.839474 0
26.4 0.839474 0
27 0.839474 0
27.6 0.839474 0
28.2 0.839474 0
28.8 0.839474 0
29.4 0.839474 0
30 0.839474 0
-30 0.892105 0
-29.4 0.892105 0
-28.8 0.892105 0
-28.2 0.892105 0
-27.6 0.892105 0
-27 0.892105 0
-26.4 0.892105 0
-25.8 0.892105 0
-25.2 0.892105 0
-24.6 0.892105 0
-24 0.892105 0
-23.4 0.892105 0
-22.8 0.892105 0
-22.2 0.892105 0
-21.6 0.892105 0
-21 0.892105 0
-20.4 0.892105 0
-19.8 0.892105 0
-19.2 0.892105 0
-18.6 0.892105 0
-18 0.892105 0
-17.4 0.892105 0
-16.8 0.892105 0
-16.2 0.892105 0
-15.6 0.892105 0
-15 0.892105 0
-14.4 0.892105 0
-13.8 0.892105 0
-13.2 0.892105 0
-12.6 0.892105 0
-12 0.892105 0
-11.4 0.892105 0
-10.8 0.892105 0
-10.2 0.892105 -4.0625e-05
-9.6 0.892105 -3.76219e-05
-9 0.892105 -3.44354e-05
-8.4 0.892105 -3.11161e-05
-7.8 0.892105 -2.77162e-05
-7.2 0.892105 -2.42893e-05
-6.6 0.892105 -2.08894e-05
-6 0.892105 -1.75699e-05
-5.4 0.892105 -1.4383e-05
-4.8 0.892105 -1.13789e-05
-4.2 0.892105 -8.60525e-06
-3.6 0.892105 -6.1063e-06
-3 0.892105 -3.92215e-06
-2.4 0.892105 -2.08783e-06
-1.8 0.892105 -6.32434e-07
-1.2 0.892105 4.21554e-07
-0.6 0.892105 1.05854e-06
0 0.892105 1.26978e-06
0.6 0.892105 0
1.2 0.892105 0
1.8 0.892105 0
2.4 0.892105 0
3 0.892105 0
3.6 0.892105 0
4.2 0.892105 0
4.8 0.892105 0
5.4 0.892105 0
6 0.892105 0
6.6 0.892105 0
7.2 0.892105 0
7.8 0.892105 0
8.4 0.892105 0
9 0.892105 0
9.6 0.892105 0
10.2 0.892105 0
10.8 0.892105 0
11.4 0.892105 0
12 0.892105 0
12.6 0.892105 0
13.2 0.892105 0
13.8 0.892105 0
14.4 0.892105 0
15 0.892105 0
15.6 0.892105 0
16.2 0.892105 0
16.8 0.892105 0
17.4 0.892105 0
18 0.892105 0
18.6 0.892105 0
19.2 0.892105 0
19.8 0.892105 0
20.4 0.892105 0
21 0.892105 0
21.6 0.892105 0
22.2 0.892105 0
22.8 0.892105 0
23.4 0.892105 0
24 0.892105 0
24.6 0.892105 0
25.2 0.892105 0
25.8 0.892105 0
26.4 0.892105 0
27 0.892105 0
27.6 0.892105 0
28.2 0.892105 0
28.8 0.892105 0
29.4 0.892105 0
30 0.892105 0
-30 0.944737 0
-29.4 0.944737 0
-28.8 0.944737 0
-28.2 0.944737 0
-27.6 0.944737 0
-27 0.944737 0
-26.4 0.944737 0
-25.8 0.944737 0
-25.2 0.944737 0
-24.6 0.944737 0
-24 0.944737 0
-23.4 0.944737 0
-22.8 0.944737 0
-22.2 0.944737 0
-21.6 0.944737 0
-21 0.944737 0
-20.4 0.944737 0
-19.8 0.944737 0
-19.2 0.944737 0
-18.6 0.944737 0
-18 0.944737 0
-17.4 0.944737 0
-16.8 0.944737 0
-16.2 0.944737 0
-15.6 0.944737 0
-15 0.944737 0
-14.4 0.944737 0
-13.8 0.944737 0
-13.2 0.944737 0
-12.6 0.944737 0
-12 0.944737 0
-11.4 0.944737 0
-10.8 0.944737 0
-10.2 0.944737 -4.0594e-05
-9.6 0.944737 -3.75971e-05
-9 0.944737 -3.44174e-05
-8.4 0.944737 -3.11051e-05
-7.8 0.944737 -2.77123e-05
-7.2 0.944737 -2.42926e-05
-6.6 0.944737 -2.08999e-05
-6 0.944737 -1.75874e-05
-5.4 0.944737 -1.44073e-05
-4.8 0.944737 -1.14096e-05
-4.2 0.944737 -8.64194e-06
-3.6 0.944737 -6.1483e-06
-3 0.944737 -3.96869e-06
-2.4 0.944737 -2.13804e-06
-1.8 0.944737 -6.85365e-07
-1.2 0.944737 3.66846e-07
-0.6 0.944737 1.00298e-06
0 0.944737 1.21425e-06
0.6 0.944737 0
1.2 0.944737 0
1.8 0.944737 0
2.4 0.944737 0
3 0.944737 0
3.6 0.944737 0
4.2 0.944737 0
4.8 0.944737 0
5.4 0.944737 0
6 0.944737 0
6.6 0.944737 0
7.2 0.944737 0
7.8 0.944737 0
8.4 0.944737 0
9 0.944737 0
9.6 0.944737 0
10.2 0.944737 0
10.8 0.944737 0
11.4 0.944737 0
12 0.944737 0
12.6 0.944737 0
13.2 0.944737 0
13.8 0.944737 0
14.4 0.944737 0
15 0.944737 0
15.6 0.944737 0
16.2 0.944737 0
16.8 0.944737 0
17.4 0.944737 0
18 0.944737 0
18.6 0.944737 0
19.2 0.944737 0
19.8 0.944737 0
20.4 0.944737 0
21 0.944737 0
21.6 0.944737 0
22.2 0.944737 0
22.8 0.944737 0
23.4 0.944737 0
24 0.944737 0
24.6 0.944737 0
25.2 0.944737 0
25.8 0.944737 0
26.4 0.944737 0
27 0.944737 0
27.6 0.944737 0
28.2 0.944737 0
28.8 0.944737 0
29.4 0.944737 0
30 0.944737 0
-30 0.997368 0
-29.4 0.997368 0
-28.8 0.997368 0
-28.2 0.997368 0
-27.6 0.997368 0
-27 0.997368 0
-26.4 0.997368 0
-25.8 0.997368 0
-25.2 0.997368 0
-24.6 0.997368 0
-24 0.997368 0
-23.4 0.997368 0
-22.8 0.997368 0
-22.2 0.997368 0
-21.6 0.997368 0
-21 0.997368 0
-20.4 0.997368 0
-19.8 0.997368 0
-19.2 0.997368 0
-18.6 0.997368 0
-18 0.997368 0
-17.4 0.997368 0
-16.8 0.997368 0
-16.2 0.997368 0
-15.6 0.997368 0
-15 0.997368 0
-14.4 0.997368 0
-13.8 0.997368 0
-13.2 0.997368 0
-12.6 0.997368 0
-12 0.997368 0
-11.4 0.997368 0
-10.8 0.997368 0
-10.2 0.997368 -4.0563e-05
-9.6 0.997368 -3.75725e-05
-9 0.997368 -3.43994e-05
-8.4 0.997368 -3.1094e-05
-7.8 0.997368 -2.77084e-05
-7.2 0.997368 -2.42959e-05
-6.6 0.997368 -2.09103e-05
-6 0.997368 -1.76048e-05
-5.4 0.997368 -1.44315e-05
-4.8 0.997368 -1.14403e-05
-4.2 0.997368 -8.67854e-06
-3.6 0.997368 -6.19022e-06
-3 0.997368 -4.01514e-06
-2.4 0.997368 -2.18813e-06
-1.8 0.997368 -7.38162e-07
-1.2 0.997368 3.12292e-07
-0.6 0.997368 9.47588e-07
0 0.997368 1.15887e-06
0.6 0.997368 0
1.2 0.997368 0
1.8 0.997368 0
2.4 0.997368 0
3 0.997368 0
3.6 0.997368 0
4.2 0.997368 0
4.8 0.997368 0
5.4 0.997368 0
6 0.997368 0
6.6 0.997368 0
7.2 0.997368 0
7.8 0.997368 0
8.4 0.997368 0
9 0.997368 0
9.6 0.997368 0
10.2 0.997368 0
10.8 0.997368 0
11.4 0.997368 0
12 0.997368 0
12.6 0.997368 0
13.2 0.997368 0
13.8 0.997368 0
14.4 0.997368 0
15 0.997368 0
15.6 0.997368 0
16.2 0.997368 0
16.8 0.997368 0
17.4 0.997368 0
18 0.997368 0
18.6 0.997368 0
19.2 0.997368 0
19.8 0.997368 0
20.4 0.997368 0
21 0.997368 0
21.6 0.997368 0
22.2 0.997368 0
22.8 0.997368 0
23.4 0.997368 0
24 0.997368 0
24.6 0.997368 0
25.2 0.997368 0
25.8 0.997368 0
26.4 0.997368 0
27 0.997368 0
27.6 0.997368 0
28.2 0.997368 0
28.8 0.997368 0
29.4 0.997368 0
30 0.997368 0
-30 1.05 0
-29.4 1.05 0
-28.8 1.05 0
-28.2 1.05 0
-27.6 1.05 0
-27 1.05 0
-26.4 1.05 0
-25.8 1.05 0
-25.2 1.05 0
-24.6 1.05 0
-24 1.05 0
-23.4 1.05 0
-22.8 1.05 0
-22.2 1.05 0
-21.6 1.05 0
-21 1.05 0
-20.4 1.05 0
-19.8 1.05 0
-19.2 1.05 0
-18.6 1.05 0
-18 1.05 0
-17.4 1.05 0
-16.8 1.05 0
-16.2 1.05 0
-15.6 1.05 0
-15 1.05 0
-14.4 1.05 0
-13.8 1.05 0
-13.2 1.05 0
-12.6 1.05 0
-12 1.05 0
-11.4 1.05 0
-10.8 1.05 0
-10.2 1.05 -4.0532e-05
-9.6 1.05 -3.75478e-05
-9 1.05 -3.43815e-05
-8.4 1.05 -3.10831e-05
-7.8 1.05 -2.77045e-05
-7.2 1.05 -2.42992e-05
-6.6 1.05 -2.09207e-05
-6 1.05 -1.76223e-05
-5.4 1.05 -1.44557e-05
-4.8 1.05 -1.14709e-05
-4.2 1.05 -8.71506e-06
-3.6 1.05 -6.23204e-06
-3 1.05 -4.06149e-06
-2.4 1.05 -2.23811e-06
-1.8 1.05 -7.9084e-07
-1.2 1.05 2.57861e-07
-0.6 1.05 8.92303e-07
0 1.05 1.10358e-06
0.6 1.05 0
1.2 1.05 0
1.8 1.05 0
2.4 1.05 0
3 1.05 0
3.6 1.05 0
4.2 1.05 0
4.8 1.05 0
5.4 1.05 0
6 1.05 0
6.6 1.05 0
7.2 1.05 0
7.8 1.05 0
8.4 1.05 0
9 1.05 0
9.6 1.05 0
10.2 1.05 0
10.8 1.05 0
11.4 1.05 0
12 1.05 0
12.6 1.05 0
13.2 1.05 0
13.8 1.05 0
14.4 1.05 0
15 1.05 0
15.6 1.05 0
16.2 1.05 0
16.8 1.05 0
17.4 1.05 0
18 1.05 0
18.6 1.05 0
19.2 1.05 0
19.8 1.05 0
20.4 1.05 0
21 1.05 0
21.6 1.05 0
22.2 1.05 0
22.8 1.05 0
23.4 1.05 0
24 1.05 0
24.6 1.05 0
25.2 1.05 0
25.8 1.05 0
26.4 1.05 0
27 1.05 0
27.6 1.05 0
28.2 1.05 0
28.8 1.05 0
29.4 1.05 0
30 1.05 0
