-30 0.05 -1.07701e-36
-29.4 0.05 3.43812e-07
-28.8 0.05 1.47217e-06
-28.2 0.05 3.40444e-06
-27.6 0.05 6.08805e-06
-27 0.05 9.46392e-06
-26.4 0.05 1.34758e-05
-25.8 0.05 1.80623e-05
-25.2 0.05 2.31525e-05
-24.6 0.05 2.86665e-05
-24 0.05 3.45169e-05
-23.4 0.05 4.06116e-05
-22.8 0.05 4.68543e-05
-22.2 0.05 5.31465e-05
-21.6 0.05 5.93892e-05
-21 0.05 6.54841e-05
-20.4 0.05 7.13352e-05
-19.8 0.05 7.68495e-05
-19.2 0.05 8.19374e-05
-18.6 0.05 8.65166e-05
-18 0.05 9.05239e-05
-17.4 0.05 9.39278e-05
-16.8 0.05 9.66985e-05
-16.2 0.05 9.86815e-05
-15.6 0.05 9.94713e-05
-15 0.05 9.87871e-05
-14.4 0.05 9.73235e-05
-13.8 0.05 9.57875e-05
-13.2 0.05 9.39349e-05
-12.6 0.05 9.14207e-05
-12 0.05 8.8174e-05
-11.4 0.05 8.42696e-05
-10.8 0.05 7.98009e-05
-10.2 0.05 7.48474e-05
-9.6 0.05 6.9485e-05
-9 0.05 6.37955e-05
-8.4 0.05 5.78678e-05
-7.8 0.05 5.17956e-05
-7.2 0.05 4.56752e-05
-6.6 0.05 3.96035e-05
-6 0.05 3.36768e-05
-5.4 0.05 2.79886e-05
-4.8 0.05 2.26284e-05
-4.2 0.05 1.76799e-05
-3.6 0.05 1.32199e-05
-3 0.05 9.31786e-06
-2.4 0.05 6.03471e-06
-1.8 0.05 3.42204e-06
-1.2 0.05 1.51923e-06
-0.6 0.05 3.5265e-07
0 0.05 -5.50252e-08
0.6 0.05 3.21477e-07
1.2 0.05 1.45971e-06
1.8 0.05 3.29232e-06
2.4 0.05 5.78996e-06
3 0.05 8.94483e-06
3.6 0.05 1.27399e-05
4.2 0.05 1.71372e-05
4.8 0.05 2.20596e-05
5.4 0.05 2.73591e-05
6 0.05 3.28165e-05
6.6 0.05 3.82842e-05
7.2 0.05 4.40091e-05
7.8 0.05 5.06763e-05
8.4 0.05 5.83003e-05
9 0.05 6.54223e-05
9.6 0.05 7.1517e-05
10.2 0.05 7.69395e-05
10.8 0.05 8.19435e-05
11.4 0.05 8.65103e-05
12 0.05 9.05292e-05
12.6 0.05 9.39081e-05
13.2 0.05 9.65888e-05
13.8 0.05 9.85326e-05
14.4 0.05 9.9711e-05
15 0.05 0.000100106
15.6 0.05 9.9711e-05
16.2 0.05 9.8532e-05
16.8 0.05 9.65876e-05
17.4 0.05 9.39084e-05
18 0.05 9.05368e-05
18.6 0.05 8.6526e-05
19.2 0.05 8.19391e-05
19.8 0.05 7.68485e-05
20.4 0.05 7.13345e-05
21 0.05 6.5484e-05
21.6 0.05 5.93894e-05
22.2 0.05 5.31467e-05
22.8 0.05 4.68543e-05
23.4 0.05 4.06116e-05
24 0.05 3.4517e-05
24.6 0.05 2.86665e-05
25.2 0.05 2.31526e-05
25.8 0.05 1.80623e-05
26.4 0.05 1.34758e-05
27 0.05 9.46392e-06
27.6 0.05 6.08805e-06
28.2 0.05 3.40445e-06
28.8 0.05 1.47217e-06
29.4 0.05 3.43812e-07
30 0.05 -1.07701e-36
-30 0.102632 -1.12366e-36
-29.4 0.102632 3.15537e-07
-28.8 0.102632 1.39295e-06
-28.2 0.102632 3.29779e-06
-27.6 0.102632 5.98395e-06
-27 0.102632 9.37446e-06
-26.4 0.102632 1.33998e-05
-25.8 0.102632 1.79967e-05
-25.2 0.102632 2.30968e-05
-24.6 0.102632 2.86218e-05
-24 0.102632 3.44845e-05
-23.4 0.102632 4.05921e-05
-22.8 0.102632 4.68479e-05
-22.2 0.102632 5.31533e-05
-21.6 0.102632 5.94095e-05
-21 0.102632 6.55187e-05
-20.4 0.102632 7.13835e-05
-19.8 0.102632 7.69061e-05
-19.2 0.102632 8.1992e-05
-18.6 0.102632 8.65685e-05
-18 0.102632 9.06097e-05
-17.4 0.102632 9.41193e-05
-16.8 0.102632 9.70033e-05
-16.2 0.102632 9.88789e-05
-15.6 0.102632 9.91261e-05
-15 0.102632 9.75743e-05
-14.4 0.102632 9.52523e-05
-13.8 0.102632 9.3201e-05
-13.2 0.102632 9.1286e-05
-12.6 0.102632 8.89474e-05
-12 0.102632 8.58845e-05
-11.4 0.102632 8.21071e-05
-10.8 0.102632 7.77423e-05
-10.2 0.102632 7.29051e-05
-9.6 0.102632 6.76789e-05
-9 0.102632 6.21387e-05
-8.4 0.102632 5.63662e-05
-7.8 0.102632 5.04518e-05
-7.2 0.102632 4.449e-05
-6.6 0.102632 3.85761e-05
-6 0.102632 3.28043e-05
-5.4 0.102632 2.7266e-05
-4.8 0.102632 2.20479e-05
-4.2 0.102632 1.72307e-05
-3.6 0.102632 1.28882e-05
-3 0.102632 9.08713e-06
-2.4 0.102632 5.88582e-06
-1.8 0.102632 3.33255e-06
-1.2 0.102632 1.4643e-06
-0.6 0.102632 3.10683e-07
0 0.102632 -9.79591e-08
0.6 0.102632 2.60049e-07
1.2 0.102632 1.34626e-06
1.8 0.102632 3.07689e-06
2.4 0.102632 5.41578e-06
3 0.102632 8.37908e-06
3.6 0.102632 1.19938e-05
4.2 0.102632 1.62479e-05
4.8 0.102632 2.10248e-05
5.4 0.102632 2.60604e-05
6 0.102632 3.10481e-05
6.6 0.102632 3.59887e-05
7.2 0.102632 4.1537e-05
7.8 0.102632 4.86363e-05
8.4 0.102632 5.71062e-05
9 0.102632 6.5137e-05
9.6 0.102632 7.17384e-05
10.2 0.102632 7.72079e-05
10.8 0.102632 8.20857e-05
11.4 0.102632 8.65726e-05
12 0.102632 9.05881e-05
12.6 0.102632 9.39911e-05
13.2 0.102632 9.66891e-05
13.8 0.102632 9.86386e-05
14.4 0.102632 9.98177e-05
15 0.102632 0.000100212
15.6 0.102632 9.98161e-05
16.2 0.102632 9.86348e-05
16.8 0.102632 9.66865e-05
17.4 0.102632 9.40017e-05
18 0.102632 9.06229e-05
18.6 0.102632 8.66036e-05
19.2 0.102632 8.2007e-05
19.8 0.102632 7.69057e-05
20.4 0.102632 7.138e-05
21 0.102632 6.55172e-05
21.6 0.102632 5.94097e-05
22.2 0.102632 5.31538e-05
22.8 0.102632 4.68482e-05
23.4 0.102632 4.05922e-05
24 0.102632 3.44846e-05
24.6 0.102632 2.86218e-05
25.2 0.102632 2.30969e-05
25.8 0.102632 1.79968e-05
26.4 0.102632 1.33999e-05
27 0.102632 9.37448e-06
27.6 0.102632 5.98395e-06
28.2 0.102632 3.29779e-06
28.8 0.102632 1.39295e-06
29.4 0.102632 3.15537e-07
30 0.102632 -1.12366e-36
-30 0.155263 -1.16762e-36
-29.4 0.155263 2.91623e-07
-28.8 0.155263 1.32478e-06
-28.2 0.155263 3.19761e-06
-27.6 0.155263 5.87733e-06
-27 0.155263 9.27972e-06
-26.4 0.155263 1.33213e-05
-25.8 0.155263 1.79314e-05
-25.2 0.155263 2.3042e-05
-24.6 0.155263 2.85775e-05
-24 0.155263 3.4452e-05
-23.4 0.155263 4.05722e-05
-22.8 0.155263 4.68411e-05
-22.2 0.155263 5.31602e-05
-21.6 0.155263 5.94314e-05
-21 0.155263 6.55561e-05
-20.4 0.155263 7.14316e-05
-19.8 0.155263 7.69534e-05
-19.2 0.155263 8.2031e-05
-18.6 0.155263 8.66209e-05
-18 0.155263 9.07375e-05
-17.4 0.155263 9.43758e-05
-16.8 0.155263 9.73235e-05
-16.2 0.155263 9.90133e-05
-15.6 0.155263 9.87208e-05
-15 0.155263 9.63616e-05
-14.4 0.155263 9.32414e-05
-13.8 0.155263 9.06777e-05
-13.2 0.155263 8.8622e-05
-12.6 0.155263 8.64091e-05
-12 0.155263 8.35531e-05
-11.4 0.155263 7.99444e-05
-10.8 0.155263 7.56995e-05
-10.2 0.155263 7.09721e-05
-9.6 0.155263 6.58731e-05
-9 0.155263 6.04792e-05
-8.4 0.155263 5.48632e-05
-7.8 0.155263 4.9108e-05
-7.2 0.155263 4.33051e-05
-6.6 0.155263 3.75489e-05
-6 0.155263 3.19319e-05
-5.4 0.155263 2.65434e-05
-4.8 0.155263 2.14673e-05
-4.2 0.155263 1.67815e-05
-3.6 0.155263 1.25569e-05
-3 0.155263 8.857e-06
-2.4 0.155263 5.73665e-06
-1.8 0.155263 3.24136e-06
-1.2 0.155263 1.40883e-06
-0.6 0.155263 2.72803e-07
0 0.155263 -1.344e-07
0.6 0.155263 2.03617e-07
1.2 0.155263 1.23554e-06
1.8 0.155263 2.86445e-06
2.4 0.155263 5.05673e-06
3 0.155263 7.85586e-06
3.6 0.155263 1.13256e-05
4.2 0.155263 1.54545e-05
4.8 0.155263 2.00572e-05
5.4 0.155263 2.47756e-05
6 0.155263 2.93133e-05
6.6 0.155263 3.38625e-05
7.2 0.155263 3.9337e-05
7.8 0.155263 4.68018e-05
8.4 0.155263 5.59737e-05
9 0.155263 6.47559e-05
9.6 0.155263 7.1874e-05
10.2 0.155263 7.75054e-05
10.8 0.155263 8.23038e-05
11.4 0.155263 8.66724e-05
12 0.155263 9.06401e-05
12.6 0.155263 9.40566e-05
13.2 0.155263 9.67818e-05
13.8 0.155263 9.8746e-05
14.4 0.155263 9.99274e-05
15 0.155263 0.00010032
15.6 0.155263 9.99213e-05
16.2 0.155263 9.87375e-05
16.8 0.155263 9.67853e-05
17.4 0.155263 9.40951e-05
18 0.155263 9.07093e-05
18.6 0.155263 8.66814e-05
19.2 0.155263 8.2075e-05
19.8 0.155263 7.69629e-05
20.4 0.155263 7.14256e-05
21 0.155263 6.55504e-05
21.6 0.155263 5.943e-05
22.2 0.155263 5.31609e-05
22.8 0.155263 4.68419e-05
23.4 0.155263 4.05726e-05
24 0.155263 3.4452e-05
24.6 0.155263 2.85775e-05
25.2 0.155263 2.30421e-05
25.8 0.155263 1.79315e-05
26.4 0.155263 1.33214e-05
27 0.155263 9.27974e-06
27.6 0.155263 5.87734e-06
28.2 0.155263 3.19761e-06
28.8 0.155263 1.32478e-06
29.4 0.155263 2.91623e-07
30 0.155263 -1.16762e-36
-30 0.207895 -1.19064e-36
-29.4 0.207895 2.71093e-07
-28.8 0.207895 1.26306e-06
-28.2 0.207895 3.10258e-06
-27.6 0.207895 5.77102e-06
-27 0.207895 9.18151e-06
-26.4 0.207895 1.32395e-05
-25.8 0.207895 1.78652e-05
-25.2 0.207895 2.2988e-05
-24.6 0.207895 2.85339e-05
-24 0.207895 3.44194e-05
-23.4 0.207895 4.05517e-05
-22.8 0.207895 4.68338e-05
-22.2 0.207895 5.31681e-05
-21.6 0.207895 5.9456e-05
-21 0.207895 6.55947e-05
-20.4 0.207895 7.14745e-05
-19.8 0.207895 7.69881e-05
-19.2 0.207895 8.2062e-05
-18.6 0.207895 8.66885e-05
-18 0.207895 9.09065e-05
-17.4 0.207895 9.46706e-05
-16.8 0.207895 9.76454e-05
-16.2 0.207895 9.91115e-05
-15.6 0.207895 9.82744e-05
-15 0.207895 9.51491e-05
-14.4 0.207895 9.12718e-05
-13.8 0.207895 8.81908e-05
-13.2 0.207895 8.59564e-05
-12.6 0.207895 8.38327e-05
-12 0.207895 8.11808e-05
-11.4 0.207895 7.77664e-05
-10.8 0.207895 7.36648e-05
-10.2 0.207895 6.90519e-05
-9.6 0.207895 6.40727e-05
-9 0.207895 5.88185e-05
-8.4 0.207895 5.33575e-05
-7.8 0.207895 4.7763e-05
-7.2 0.207895 4.21205e-05
-6.6 0.207895 3.65221e-05
-6 0.207895 3.10596e-05
-5.4 0.207895 2.58206e-05
-4.8 0.207895 2.08865e-05
-4.2 0.207895 1.63324e-05
-3.6 0.207895 1.22259e-05
-3 0.207895 8.62684e-06
-2.4 0.207895 5.5866e-06
-1.8 0.207895 3.1493e-06
-1.2 0.207895 1.35434e-06
-0.6 0.207895 2.38599e-07
0 0.207895 -1.65686e-07
0.6 0.207895 1.50605e-07
1.2 0.207895 1.12498e-06
1.8 0.207895 2.65493e-06
2.4 0.207895 4.71681e-06
3 0.207895 7.38138e-06
3.6 0.207895 1.07322e-05
4.2 0.207895 1.47342e-05
4.8 0.207895 1.91331e-05
5.4 0.207895 2.35207e-05
6 0.207895 2.76541e-05
6.6 0.207895 3.18969e-05
7.2 0.207895 3.73522e-05
7.8 0.207895 4.51469e-05
8.4 0.207895 5.48973e-05
9 0.207895 6.43341e-05
9.6 0.207895 7.19516e-05
10.2 0.207895 7.77945e-05
10.8 0.207895 8.25647e-05
11.4 0.207895 8.68169e-05
12 0.207895 9.07048e-05
12.6 0.207895 9.41104e-05
13.2 0.207895 9.68613e-05
13.8 0.207895 9.88496e-05
14.4 0.207895 0.00010004
15 0.207895 0.00010043
15.6 0.207895 0.000100027
16.2 0.207895 9.88399e-05
16.8 0.207895 9.6884e-05
17.4 0.207895 9.41886e-05
18 0.207895 9.07958e-05
18.6 0.207895 8.67593e-05
19.2 0.207895 8.21432e-05
19.8 0.207895 7.70203e-05
20.4 0.207895 7.14713e-05
21 0.207895 6.55837e-05
21.6 0.207895 5.94504e-05
22.2 0.207895 5.3168e-05
22.8 0.207895 4.68355e-05
23.4 0.207895 4.05527e-05
24 0.207895 3.44196e-05
24.6 0.207895 2.85339e-05
25.2 0.207895 2.29879e-05
25.8 0.207895 1.78653e-05
26.4 0.207895 1.32396e-05
27 0.207895 9.18155e-06
27.6 0.207895 5.77103e-06
28.2 0.207895 3.10258e-06
28.8 0.207895 1.26306e-06
29.4 0.207895 2.71092e-07
30 0.207895 -1.19064e-36
-30 0.260526 -1.20673e-36
-29.4 0.260526 2.52599e-07
-28.8 0.260526 1.20608e-06
-28.2 0.260526 3.01175e-06
-27.6 0.260526 5.66563e-06
-27 0.260526 9.08112e-06
-26.4 0.260526 1.31548e-05
-25.8 0.260526 1.77974e-05
-25.2 0.260526 2.2934e-05
-24.6 0.260526 2.8491e-05
-24 0.260526 3.43868e-05
-23.4 0.260526 4.05307e-05
-22.8 0.260526 4.6827e-05
-22.2 0.260526 5.3178e-05
-21.6 0.260526 5.94828e-05
-21 0.260526 6.56319e-05
-20.4 0.260526 7.15091e-05
-19.8 0.260526 7.70122e-05
-19.2 0.260526 8.20923e-05
-18.6 0.260526 8.67759e-05
-18 0.260526 9.11099e-05
-17.4 0.260526 9.49928e-05
-16.8 0.260526 9.79667e-05
-16.2 0.260526 9.91825e-05
-15.6 0.260526 9.78019e-05
-15 0.260526 9.39366e-05
-14.4 0.260526 8.93285e-05
-13.8 0.260526 8.57313e-05
-13.2 0.260526 8.32916e-05
-12.6 0.260526 8.12291e-05
-12 0.260526 7.87742e-05
-11.4 0.260526 7.55689e-05
-10.8 0.260526 7.16308e-05
-10.2 0.260526 6.71423e-05
-9.6 0.260526 6.22805e-05
-9 0.260526 5.71593e-05
-8.4 0.260526 5.18495e-05
-7.8 0.260526 4.64159e-05
-7.2 0.260526 4.09353e-05
-6.6 0.260526 3.54956e-05
-6 0.260526 3.01876e-05
-5.4 0.260526 2.50978e-05
-4.8 0.260526 2.03057e-05
-4.2 0.260526 1.58834e-05
-3.6 0.260526 1.1895e-05
-3 0.260526 8.39627e-06
-2.4 0.260526 5.43573e-06
-1.8 0.260526 3.057e-06
-1.2 0.260526 1.30151e-06
-0.6 0.260526 2.08126e-07
0 0.260526 -1.93261e-07
0.6 0.260526 9.85007e-08
1.2 0.260526 1.01338e-06
1.8 0.260526 2.45049e-06
2.4 0.260526 4.40106e-06
3 0.260526 6.95637e-06
3.6 0.260526 1.02024e-05
4.2 0.260526 1.40697e-05
4.8 0.260526 1.82512e-05
5.4 0.260526 2.23219e-05
6 0.260526 2.6098e-05
6.6 0.260526 3.00522e-05
7.2 0.260526 3.53982e-05
7.8 0.260526 4.34052e-05
8.4 0.260526 5.37565e-05
9 0.260526 6.38787e-05
9.6 0.260526 7.20032e-05
10.2 0.260526 7.80785e-05
10.8 0.260526 8.28502e-05
11.4 0.260526 8.69967e-05
12 0.260526 9.07894e-05
12.6 0.260526 9.4162e-05
13.2 0.260526 9.69288e-05
13.8 0.260526 9.89451e-05
14.4 0.260526 0.000100151
15 0.260526 0.000100544
15.6 0.260526 0.000100136
16.2 0.260526 9.89427e-05
16.8 0.260526 9.69822e-05
17.4 0.260526 9.42817e-05
18 0.260526 9.08823e-05
18.6 0.260526 8.68375e-05
19.2 0.260526 8.22116e-05
19.8 0.260526 7.70777e-05
20.4 0.260526 7.1517e-05
21 0.260526 6.56171e-05
21.6 0.260526 5.94708e-05
22.2 0.260526 5.3175e-05
22.8 0.260526 4.68288e-05
23.4 0.260526 4.05328e-05
24 0.260526 3.43877e-05
24.6 0.260526 2.8491e-05
25.2 0.260526 2.29338e-05
25.8 0.260526 1.77974e-05
26.4 0.260526 1.31548e-05
27 0.260526 9.08118e-06
27.6 0.260526 5.66566e-06
28.2 0.260526 3.01175e-06
28.8 0.260526 1.20608e-06
29.4 0.260526 2.52597e-07
30 0.260526 -1.20674e-36
-30 0.313158 -1.21702e-36
-29.4 0.313158 2.35635e-07
-28.8 0.313158 1.15264e-06
-28.2 0.313158 2.92441e-06
-27.6 0.313158 5.56143e-06
-27 0.313158 8.97929e-06
-26.4 0.313158 1.30675e-05
-25.8 0.313158 1.77278e-05
-25.2 0.313158 2.28796e-05
-24.6 0.313158 2.84482e-05
-24 0.313158 3.43543e-05
-23.4 0.313158 4.051e-05
-22.8 0.313158 4.68213e-05
-22.2 0.313158 5.31901e-05
-21.6 0.313158 5.95104e-05
-21 0.313158 6.56651e-05
-20.4 0.313158 7.15348e-05
-19.8 0.313158 7.70286e-05
-19.2 0.313158 8.21264e-05
-18.6 0.313158 8.68839e-05
-18 0.313158 9.1343e-05
-17.4 0.313158 9.5336e-05
-16.8 0.313158 9.82866e-05
-16.2 0.313158 9.92335e-05
-15.6 0.313158 9.73102e-05
-15 0.313158 9.27242e-05
-14.4 0.313158 8.74046e-05
-13.8 0.313158 8.32919e-05
-13.2 0.313158 8.06284e-05
-12.6 0.313158 7.86047e-05
-12 0.313158 7.6338e-05
-11.4 0.313158 7.3351e-05
-10.8 0.313158 6.95931e-05
-10.2 0.313158 6.52406e-05
-9.6 0.313158 6.04974e-05
-9 0.313158 5.5504e-05
-8.4 0.313158 5.03406e-05
-7.8 0.313158 4.50664e-05
-7.2 0.313158 3.97487e-05
-6.6 0.313158 3.44691e-05
-6 0.313158 2.93161e-05
-5.4 0.313158 2.43753e-05
-4.8 0.313158 1.97251e-05
-4.2 0.313158 1.54346e-05
-3.6 0.313158 1.15639e-05
-3 0.313158 8.16509e-06
-2.4 0.313158 5.28423e-06
-1.8 0.313158 2.96506e-06
-1.2 0.313158 1.25085e-06
-0.6 0.313158 1.80913e-07
0 0.313158 -2.18838e-07
0.6 0.313158 4.55199e-08
1.2 0.313158 9.00975e-07
1.8 0.313158 2.25414e-06
2.4 0.313158 4.11165e-06
3 0.313158 6.57695e-06
3.6 0.313158 9.72736e-06
4.2 0.313158 1.34572e-05
4.8 0.313158 1.7416e-05
5.4 0.313158 2.11701e-05
6 0.313158 2.46034e-05
6.6 0.313158 2.83458e-05
7.2 0.313158 3.37737e-05
7.8 0.313158 4.21006e-05
8.4 0.313158 5.28027e-05
9 0.313158 6.33979e-05
9.6 0.313158 7.19949e-05
10.2 0.313158 7.83443e-05
10.8 0.313158 8.31556e-05
11.4 0.313158 8.72082e-05
12 0.313158 9.08953e-05
12.6 0.313158 9.42168e-05
13.2 0.313158 9.69877e-05
13.8 0.313158 9.90315e-05
14.4 0.313158 0.00010026
15 0.313158 0.000100659
15.6 0.313158 0.000100247
16.2 0.313158 9.9047e-05
16.8 0.313158 9.70804e-05
17.4 0.313158 9.43745e-05
18 0.313158 9.09687e-05
18.6 0.313158 8.69158e-05
19.2 0.313158 8.22801e-05
19.8 0.313158 7.71353e-05
20.4 0.313158 7.15629e-05
21 0.313158 6.56505e-05
21.6 0.313158 5.94911e-05
22.2 0.313158 5.31817e-05
22.8 0.313158 4.6822e-05
23.4 0.313158 4.05132e-05
24 0.313158 3.43563e-05
24.6 0.313158 2.84486e-05
25.2 0.313158 2.28793e-05
25.8 0.313158 1.77276e-05
26.4 0.313158 1.30675e-05
27 0.313158 8.97937e-06
27.6 0.313158 5.56149e-06
28.2 0.313158 2.92443e-06
28.8 0.313158 1.15264e-06
29.4 0.313158 2.35631e-07
30 0.313158 -1.21705e-36
-30 0.365789 -1.2236e-36
-29.4 0.365789 2.1983e-07
-28.8 0.365789 1.10203e-06
-28.2 0.365789 2.83999e-06
-27.6 0.365789 5.45847e-06
-27 0.365789 8.87654e-06
-26.4 0.365789 1.29782e-05
-25.8 0.365789 1.76564e-05
-25.2 0.365789 2.28242e-05
-24.6 0.365789 2.84052e-05
-24 0.365789 3.4322e-05
-23.4 0.365789 4.04901e-05
-22.8 0.365789 4.68175e-05
-22.2 0.365789 5.32041e-05
-21.6 0.365789 5.95374e-05
-21 0.365789 6.5693e-05
-20.4 0.365789 7.15519e-05
-19.8 0.365789 7.704e-05
-19.2 0.365789 8.21671e-05
-18.6 0.365789 8.7012e-05
-18 0.365789 9.16019e-05
-17.4 0.365789 9.56963e-05
-16.8 0.365789 9.86053e-05
-16.2 0.365789 9.92693e-05
-15.6 0.365789 9.68042e-05
-15 0.365789 9.1512e-05
-14.4 0.365789 8.54952e-05
-13.8 0.365789 8.0868e-05
-13.2 0.365789 7.79665e-05
-12.6 0.365789 7.59632e-05
-12 0.365789 7.38761e-05
-11.4 0.365789 7.11129e-05
-10.8 0.365789 6.7549e-05
-10.2 0.365789 6.33439e-05
-9.6 0.365789 5.87228e-05
-9 0.365789 5.38541e-05
-8.4 0.365789 4.88322e-05
-7.8 0.365789 4.37148e-05
-7.2 0.365789 3.85601e-05
-6.6 0.365789 3.3442e-05
-6 0.365789 2.84448e-05
-5.4 0.365789 2.36534e-05
-4.8 0.365789 1.91448e-05
-4.2 0.365789 1.49857e-05
-3.6 0.365789 1.12324e-05
-3 0.365789 7.93321e-06
-2.4 0.365789 5.1324e-06
-1.8 0.365789 2.87405e-06
-1.2 0.365789 1.20254e-06
-0.6 0.365789 1.56165e-07
0 0.365789 -2.4391e-07
0.6 0.365789 -9.18749e-09
1.2 0.365789 7.88742e-07
1.8 0.365789 2.06775e-06
2.4 0.365789 3.84873e-06
3 0.365789 6.24043e-06
3.6 0.365789 9.30312e-06
4.2 0.365789 1.28912e-05
4.8 0.365789 1.66168e-05
5.4 0.365789 2.006e-05
6 0.365789 2.32012e-05
6.6 0.365789 2.68052e-05
7.2 0.365789 3.23058e-05
7.8 0.365789 4.0871e-05
8.4 0.365789 5.19316e-05
9 0.365789 6.29492e-05
9.6 0.365789 7.1955e-05
10.2 0.365789 7.8578e-05
10.8 0.365789 8.34647e-05
11.4 0.365789 8.74466e-05
12 0.365789 9.1025e-05
12.6 0.365789 9.42791e-05
13.2 0.365789 9.70409e-05
13.8 0.365789 9.91088e-05
14.4 0.365789 0.000100363
15 0.365789 0.000100774
15.6 0.365789 0.000100361
16.2 0.365789 9.91533e-05
16.8 0.365789 9.71792e-05
17.4 0.365789 9.4467e-05
18 0.365789 9.10548e-05
18.6 0.365789 8.69941e-05
19.2 0.365789 8.23488e-05
19.8 0.365789 7.71931e-05
20.4 0.365789 7.16088e-05
21 0.365789 6.56839e-05
21.6 0.365789 5.95113e-05
22.2 0.365789 5.31883e-05
22.8 0.365789 4.68151e-05
23.4 0.365789 4.04938e-05
24 0.365789 3.43255e-05
24.6 0.365789 2.84065e-05
25.2 0.365789 2.2824e-05
25.8 0.365789 1.7656e-05
26.4 0.365789 1.2978e-05
27 0.365789 8.87658e-06
27.6 0.365789 5.45857e-06
28.2 0.365789 2.84004e-06
28.8 0.365789 1.10204e-06
29.4 0.365789 2.19826e-07
30 0.365789 -1.22367e-36
-30 0.418421 -1.22737e-36
-29.4 0.418421 2.04951e-07
-28.8 0.418421 1.05371e-06
-28.2 0.418421 2.75808e-06
-27.6 0.418421 5.35676e-06
-27 0.418421 8.77321e-06
-26.4 0.418421 1.28871e-05
-25.8 0.418421 1.75831e-05
-25.2 0.418421 2.27675e-05
-24.6 0.418421 2.83618e-05
-24 0.418421 3.42902e-05
-23.4 0.418421 4.04717e-05
-22.8 0.418421 4.68159e-05
-22.2 0.418421 5.32194e-05
-21.6 0.418421 5.95626e-05
-21 0.418421 6.57148e-05
-20.4 0.418421 7.15614e-05
-19.8 0.418421 7.70485e-05
-19.2 0.418421 8.22159e-05
-18.6 0.418421 8.71597e-05
-18 0.418421 9.18839e-05
-17.4 0.418421 9.60713e-05
-16.8 0.418421 9.89236e-05
-16.2 0.418421 9.92933e-05
-15.6 0.418421 9.62872e-05
-15 0.418421 9.02998e-05
-14.4 0.418421 8.3597e-05
-13.8 0.418421 7.8456e-05
-13.2 0.418421 7.53053e-05
-12.6 0.418421 7.33073e-05
-12 0.418421 7.13914e-05
-11.4 0.418421 6.88554e-05
-10.8 0.418421 6.5497e-05
-10.2 0.418421 6.14503e-05
-9.6 0.418421 5.69561e-05
-9 0.418421 5.22103e-05
-8.4 0.418421 4.73256e-05
-7.8 0.418421 4.23617e-05
-7.2 0.418421 3.73695e-05
-6.6 0.418421 3.24137e-05
-6 0.418421 2.75736e-05
-5.4 0.418421 2.2932e-05
-4.8 0.418421 1.8565e-05
-4.2 0.418421 1.45368e-05
-3.6 0.418421 1.09003e-05
-3 0.418421 7.70069e-06
-2.4 0.418421 4.98059e-06
-1.8 0.418421 2.78433e-06
-1.2 0.418421 1.15645e-06
-0.6 0.418421 1.33024e-07
0 0.418421 -2.69569e-07
0.6 0.418421 -6.59693e-08
1.2 0.418421 6.77517e-07
1.8 0.418421 1.89264e-06
2.4 0.418421 3.61273e-06
3 0.418421 5.9447e-06
3.6 0.418421 8.92351e-06
4.2 0.418421 1.23629e-05
4.8 0.418421 1.58523e-05
5.4 0.418421 1.90062e-05
6 0.418421 2.18991e-05
6.6 0.418421 2.53965e-05
7.2 0.418421 3.0973e-05
7.8 0.418421 3.97573e-05
8.4 0.418421 5.11211e-05
9 0.418421 6.2518e-05
9.6 0.418421 7.19019e-05
10.2 0.418421 7.87894e-05
10.8 0.418421 8.37689e-05
11.4 0.418421 8.77021e-05
12 0.418421 9.11771e-05
12.6 0.418421 9.43527e-05
13.2 0.418421 9.70919e-05
13.8 0.418421 9.91779e-05
14.4 0.418421 0.00010046
15 0.418421 0.000100888
15.6 0.418421 0.000100476
16.2 0.418421 9.9262e-05
16.8 0.418421 9.72791e-05
17.4 0.418421 9.45594e-05
18 0.418421 9.11404e-05
18.6 0.418421 8.70721e-05
19.2 0.418421 8.24177e-05
19.8 0.418421 7.72512e-05
20.4 0.418421 7.16549e-05
21 0.418421 6.57172e-05
21.6 0.418421 5.95314e-05
22.2 0.418421 5.31948e-05
22.8 0.418421 4.68084e-05
23.4 0.418421 4.04748e-05
24 0.418421 3.42952e-05
24.6 0.418421 2.83644e-05
25.2 0.418421 2.27678e-05
25.8 0.418421 1.75825e-05
26.4 0.418421 1.28866e-05
27 0.418421 8.77314e-06
27.6 0.418421 5.35687e-06
28.2 0.418421 2.75818e-06
28.8 0.418421 1.05374e-06
29.4 0.418421 2.04953e-07
30 0.418421 -1.22748e-36
-30 0.471053 -1.22905e-36
-29.4 0.471053 1.90827e-07
-28.8 0.471053 1.00731e-06
-28.2 0.471053 2.67837e-06
-27.6 0.471053 5.25626e-06
-27 0.471053 8.66953e-06
-26.4 0.471053 1.27944e-05
-25.8 0.471053 1.75079e-05
-25.2 0.471053 2.27094e-05
-24.6 0.471053 2.83178e-05
-24 0.471053 3.4259e-05
-23.4 0.471053 4.04551e-05
-22.8 0.471053 4.68164e-05
-22.2 0.471053 5.32354e-05
-21.6 0.471053 5.95848e-05
-21 0.471053 6.573e-05
-20.4 0.471053 7.15639e-05
-19.8 0.471053 7.70557e-05
-19.2 0.471053 8.22738e-05
-18.6 0.471053 8.73261e-05
-18 0.471053 9.21866e-05
-17.4 0.471053 9.64594e-05
-16.8 0.471053 9.92421e-05
-16.2 0.471053 9.93082e-05
-15.6 0.471053 9.57615e-05
-15 0.471053 8.90877e-05
-14.4 0.471053 8.17076e-05
-13.8 0.471053 7.60533e-05
-13.2 0.471053 7.2644e-05
-12.6 0.471053 7.06384e-05
-12 0.471053 6.8886e-05
-11.4 0.471053 6.65795e-05
-10.8 0.471053 6.34359e-05
-10.2 0.471053 5.9558e-05
-9.6 0.471053 5.51962e-05
-9 0.471053 5.0573e-05
-8.4 0.471053 4.58216e-05
-7.8 0.471053 4.10079e-05
-7.2 0.471053 3.61768e-05
-6.6 0.471053 3.1384e-05
-6 0.471053 2.67022e-05
-5.4 0.471053 2.22112e-05
-4.8 0.471053 1.79856e-05
-4.2 0.471053 1.40878e-05
-3.6 0.471053 1.05676e-05
-3 0.471053 7.46765e-06
-2.4 0.471053 4.82911e-06
-1.8 0.471053 2.6961e-06
-1.2 0.471053 1.11231e-06
-0.6 0.471053 1.10684e-07
0 0.471053 -2.96652e-07
0.6 0.471053 -1.24934e-07
1.2 0.471053 5.68281e-07
1.8 0.471053 1.73022e-06
2.4 0.471053 3.40352e-06
3 0.471053 5.68604e-06
3.6 0.471053 8.58213e-06
4.2 0.471053 1.1869e-05
4.8 0.471053 1.51264e-05
5.4 0.471053 1.80124e-05
6 0.471053 2.06906e-05
6.6 0.471053 2.41113e-05
7.2 0.471053 2.9771e-05
7.8 0.471053 3.87498e-05
8.4 0.471053 5.03757e-05
9 0.471053 6.21049e-05
9.6 0.471053 7.18365e-05
10.2 0.471053 7.8983e-05
10.8 0.471053 8.40677e-05
11.4 0.471053 8.79689e-05
12 0.471053 9.13477e-05
12.6 0.471053 9.44391e-05
13.2 0.471053 9.7144e-05
13.8 0.471053 9.92404e-05
14.4 0.471053 0.00010055
15 0.471053 0.000100999
15.6 0.471053 0.000100593
16.2 0.471053 9.9373e-05
16.8 0.471053 9.73806e-05
17.4 0.471053 9.46522e-05
18 0.471053 9.12257e-05
18.6 0.471053 8.71499e-05
19.2 0.471053 8.24865e-05
19.8 0.471053 7.73094e-05
20.4 0.471053 7.17012e-05
21 0.471053 6.57506e-05
21.6 0.471053 5.95512e-05
22.2 0.471053 5.32011e-05
22.8 0.471053 4.68018e-05
23.4 0.471053 4.04563e-05
24 0.471053 3.42653e-05
24.6 0.471053 2.83222e-05
25.2 0.471053 2.27106e-05
25.8 0.471053 1.75073e-05
26.4 0.471053 1.27936e-05
27 0.471053 8.66924e-06
27.6 0.471053 5.25633e-06
28.2 0.471053 2.67851e-06
28.8 0.471053 1.0074e-06
29.4 0.471053 1.90846e-07
30 0.471053 -1.22915e-36
-30 0.523684 -1.2291e-36
-29.4 0.523684 1.77337e-07
-28.8 0.523684 9.62563e-07
-28.2 0.523684 2.6006e-06
-27.6 0.523684 5.15694e-06
-27 0.523684 8.56563e-06
-26.4 0.523684 1.27002e-05
-25.8 0.523684 1.74307e-05
-25.2 0.523684 2.26497e-05
-24.6 0.523684 2.82734e-05
-24 0.523684 3.42288e-05
-23.4 0.523684 4.04407e-05
-22.8 0.523684 4.6819e-05
-22.2 0.523684 5.32513e-05
-21.6 0.523684 5.96034e-05
-21 0.523684 6.57386e-05
-20.4 0.523684 7.15605e-05
-19.8 0.523684 7.7063e-05
-19.2 0.523684 8.23414e-05
-18.6 0.523684 8.75103e-05
-18 0.523684 9.25083e-05
-17.4 0.523684 9.68594e-05
-16.8 0.523684 9.95613e-05
-16.2 0.523684 9.9316e-05
-15.6 0.523684 9.5229e-05
-15 0.523684 8.78757e-05
-14.4 0.523684 7.98253e-05
-13.8 0.523684 7.36579e-05
-13.2 0.523684 6.99821e-05
-12.6 0.523684 6.79578e-05
-12 0.523684 6.63618e-05
-11.4 0.523684 6.42858e-05
-10.8 0.523684 6.13653e-05
-10.2 0.523684 5.76658e-05
-9.6 0.523684 5.34424e-05
-9 0.523684 4.89422e-05
-8.4 0.523684 4.43212e-05
-7.8 0.523684 3.9654e-05
-7.2 0.523684 3.49823e-05
-6.6 0.523684 3.03527e-05
-6 0.523684 2.58303e-05
-5.4 0.523684 2.14908e-05
-4.8 0.523684 1.74067e-05
-4.2 0.523684 1.36387e-05
-3.6 0.523684 1.02345e-05
-3 0.523684 7.23431e-06
-2.4 0.523684 4.67821e-06
-1.8 0.523684 2.60943e-06
-1.2 0.523684 1.06972e-06
-0.6 0.523684 8.83811e-08
0 0.523684 -3.25767e-07
0.6 0.523684 -1.85858e-07
1.2 0.523684 4.62171e-07
1.8 0.523684 1.58137e-06
2.4 0.523684 3.21988e-06
3 0.523684 5.46066e-06
3.6 0.523684 8.27494e-06
4.2 0.523684 1.14083e-05
4.8 0.523684 1.44403e-05
5.4 0.523684 1.70791e-05
6 0.523684 1.95732e-05
6.6 0.523684 2.29431e-05
7.2 0.523684 2.86918e-05
7.8 0.523684 3.78455e-05
8.4 0.523684 4.96937e-05
9 0.523684 6.17124e-05
9.6 0.523684 7.1762e-05
10.2 0.523684 7.91598e-05
10.8 0.523684 8.43598e-05
11.4 0.523684 8.82437e-05
12 0.523684 9.1534e-05
12.6 0.523684 9.45379e-05
13.2 0.523684 9.71993e-05
13.8 0.523684 9.92983e-05
14.4 0.523684 0.000100634
15 0.523684 0.000101106
15.6 0.523684 0.00010071
16.2 0.523684 9.94861e-05
16.8 0.523684 9.74841e-05
17.4 0.523684 9.47457e-05
18 0.523684 9.13109e-05
18.6 0.523684 8.72272e-05
19.2 0.523684 8.25552e-05
19.8 0.523684 7.73678e-05
20.4 0.523684 7.17476e-05
21 0.523684 6.5784e-05
21.6 0.523684 5.9571e-05
22.2 0.523684 5.32075e-05
22.8 0.523684 4.67955e-05
23.4 0.523684 4.04382e-05
24 0.523684 3.42357e-05
24.6 0.523684 2.82797e-05
25.2 0.523684 2.26522e-05
25.8 0.523684 1.74304e-05
26.4 0.523684 1.26992e-05
27 0.523684 8.56502e-06
27.6 0.523684 5.15688e-06
28.2 0.523684 2.60077e-06
28.8 0.523684 9.62707e-07
29.4 0.523684 1.77382e-07
30 0.523684 -1.22913e-36
-30 0.576316 -1.22786e-36
-29.4 0.576316 1.64391e-07
-28.8 0.576316 9.19257e-07
-28.2 0.576316 2.52459e-06
-27.6 0.576316 5.05875e-06
-27 0.576316 8.46158e-06
-26.4 0.576316 1.26047e-05
-25.8 0.576316 1.73516e-05
-25.2 0.576316 2.25884e-05
-24.6 0.576316 2.82285e-05
-24 0.576316 3.41998e-05
-23.4 0.576316 4.04284e-05
-22.8 0.576316 4.68234e-05
-22.2 0.576316 5.32667e-05
-21.6 0.576316 5.9618e-05
-21 0.576316 6.57406e-05
-20.4 0.576316 7.15519e-05
-19.8 0.576316 7.70714e-05
-19.2 0.576316 8.24191e-05
-18.6 0.576316 8.77115e-05
-18 0.576316 9.28478e-05
-17.4 0.576316 9.72707e-05
-16.8 0.576316 9.9882e-05
-16.2 0.576316 9.93184e-05
-15.6 0.576316 9.4691e-05
-15 0.576316 8.66638e-05
-14.4 0.576316 7.79486e-05
-13.8 0.576316 7.12681e-05
-13.2 0.576316 6.7319e-05
-12.6 0.576316 6.5266e-05
-12 0.576316 6.38199e-05
-11.4 0.576316 6.19753e-05
-10.8 0.576316 5.92848e-05
-10.2 0.576316 5.57727e-05
-9.6 0.576316 5.16937e-05
-9 0.576316 4.73178e-05
-8.4 0.576316 4.28247e-05
-7.8 0.576316 3.83007e-05
-7.2 0.576316 3.37862e-05
-6.6 0.576316 2.93196e-05
-6 0.576316 2.49576e-05
-5.4 0.576316 2.07705e-05
-4.8 0.576316 1.68281e-05
-4.2 0.576316 1.31896e-05
-3.6 0.576316 9.901e-06
-3 0.576316 7.00091e-06
-2.4 0.576316 4.52811e-06
-1.8 0.576316 2.52425e-06
-1.2 0.576316 1.02823e-06
-0.6 0.576316 6.5444e-08
0 0.576316 -3.57241e-07
0.6 0.576316 -2.48266e-07
1.2 0.576316 3.60157e-07
1.8 0.576316 1.44637e-06
2.4 0.576316 3.0603e-06
3 0.576316 5.26549e-06
3.6 0.576316 7.99907e-06
4.2 0.576316 1.09797e-05
4.8 0.576316 1.37948e-05
5.4 0.576316 1.62067e-05
6 0.576316 1.85445e-05
6.6 0.576316 2.18867e-05
7.2 0.576316 2.77297e-05
7.8 0.576316 3.704e-05
8.4 0.576316 4.90746e-05
9 0.576316 6.13424e-05
9.6 0.576316 7.16813e-05
10.2 0.576316 7.93212e-05
10.8 0.576316 8.46441e-05
11.4 0.576316 8.8524e-05
12 0.576316 9.17339e-05
12.6 0.576316 9.4649e-05
13.2 0.576316 9.72591e-05
13.8 0.576316 9.93532e-05
14.4 0.576316 0.000100711
15 0.576316 0.000101209
15.6 0.576316 0.000100826
16.2 0.576316 9.96009e-05
16.8 0.576316 9.75896e-05
17.4 0.576316 9.48403e-05
18 0.576316 9.13961e-05
18.6 0.576316 8.73043e-05
19.2 0.576316 8.26236e-05
19.8 0.576316 7.74261e-05
20.4 0.576316 7.17941e-05
21 0.576316 6.58173e-05
21.6 0.576316 5.95908e-05
22.2 0.576316 5.32139e-05
22.8 0.576316 4.67894e-05
23.4 0.576316 4.04206e-05
24 0.576316 3.42063e-05
24.6 0.576316 2.82368e-05
25.2 0.576316 2.25927e-05
25.8 0.576316 1.73519e-05
26.4 0.576316 1.26035e-05
27 0.576316 8.46058e-06
27.6 0.576316 5.05846e-06
28.2 0.576316 2.52473e-06
28.8 0.576316 9.19457e-07
29.4 0.576316 1.64469e-07
30 0.576316 -1.22773e-36
-30 0.628947 -1.22558e-36
-29.4 0.628947 1.51925e-07
-28.8 0.628947 8.7724e-07
-28.2 0.628947 2.45018e-06
-27.6 0.628947 4.96161e-06
-27 0.628947 8.35741e-06
-26.4 0.628947 1.25079e-05
-25.8 0.628947 1.72705e-05
-25.2 0.628947 2.25256e-05
-24.6 0.628947 2.81834e-05
-24 0.628947 3.4172e-05
-23.4 0.628947 4.04184e-05
-22.8 0.628947 4.68292e-05
-22.2 0.628947 5.3281e-05
-21.6 0.628947 5.9628e-05
-21 0.628947 6.57363e-05
-20.4 0.628947 7.15389e-05
-19.8 0.628947 7.70815e-05
-19.2 0.628947 8.25069e-05
-18.6 0.628947 8.79291e-05
-18 0.628947 9.32039e-05
-17.4 0.628947 9.76926e-05
-16.8 0.628947 0.000100205
-16.2 0.628947 9.93167e-05
-15.6 0.628947 9.41487e-05
-15 0.628947 8.5452e-05
-14.4 0.628947 7.60764e-05
-13.8 0.628947 6.88826e-05
-13.2 0.628947 6.4654e-05
-12.6 0.628947 6.25638e-05
-12 0.628947 6.12616e-05
-11.4 0.628947 5.96485e-05
-10.8 0.628947 5.71942e-05
-10.2 0.628947 5.38777e-05
-9.6 0.628947 4.99494e-05
-9 0.628947 4.56997e-05
-8.4 0.628947 4.13325e-05
-7.8 0.628947 3.69486e-05
-7.2 0.628947 3.2589e-05
-6.6 0.628947 2.82849e-05
-6 0.628947 2.40839e-05
-5.4 0.628947 2.005e-05
-4.8 0.628947 1.62497e-05
-4.2 0.628947 1.27405e-05
-3.6 0.628947 9.56735e-06
-3 0.628947 6.76771e-06
-2.4 0.628947 4.37895e-06
-1.8 0.628947 2.44041e-06
-1.2 0.628947 9.87341e-07
-0.6 0.628947 4.13443e-08
0 0.628947 -3.91169e-07
0.6 0.628947 -3.11617e-07
1.2 0.628947 2.62951e-07
1.8 0.628947 1.32514e-06
2.4 0.628947 2.92324e-06
3 0.628947 5.09797e-06
3.6 0.628947 7.75228e-06
4.2 0.628947 1.05825e-05
4.8 0.628947 1.31901e-05
5.4 0.628947 1.53951e-05
6 0.628947 1.76023e-05
6.6 0.628947 2.09375e-05
7.2 0.628947 2.68794e-05
7.8 0.628947 3.63298e-05
8.4 0.628947 4.85173e-05
9 0.628947 6.09966e-05
9.6 0.628947 7.15965e-05
10.2 0.628947 7.94682e-05
10.8 0.628947 8.49196e-05
11.4 0.628947 8.88074e-05
12 0.628947 9.19452e-05
12.6 0.628947 9.47716e-05
13.2 0.628947 9.73244e-05
13.8 0.628947 9.94064e-05
14.4 0.628947 0.000100783
15 0.628947 0.000101307
15.6 0.628947 0.00010094
16.2 0.628947 9.97167e-05
16.8 0.628947 9.7697e-05
17.4 0.628947 9.49362e-05
18 0.628947 9.14817e-05
18.6 0.628947 8.7381e-05
19.2 0.628947 8.26918e-05
19.8 0.628947 7.74843e-05
20.4 0.628947 7.18406e-05
21 0.628947 6.58507e-05
21.6 0.628947 5.96105e-05
22.2 0.628947 5.32204e-05
22.8 0.628947 4.67836e-05
23.4 0.628947 4.04033e-05
24 0.628947 3.41771e-05
24.6 0.628947 2.81935e-05
25.2 0.628947 2.25321e-05
25.8 0.628947 1.7272e-05
26.4 0.628947 1.25067e-05
27 0.628947 8.356e-06
27.6 0.628947 4.96098e-06
28.2 0.628947 2.45022e-06
28.8 0.628947 8.7747e-07
29.4 0.628947 1.52033e-07
30 0.628947 -1.22519e-36
-30 0.681579 -1.2224e-36
-29.4 0.681579 1.39888e-07
-28.8 0.681579 8.36391e-07
-28.2 0.681579 2.37724e-06
-27.6 0.681579 4.86544e-06
-27 0.681579 8.2531e-06
-26.4 0.681579 1.24097e-05
-25.8 0.681579 1.71876e-05
-25.2 0.681579 2.24613e-05
-24.6 0.681579 2.81381e-05
-24 0.681579 3.41457e-05
-23.4 0.681579 4.04105e-05
-22.8 0.681579 4.68362e-05
-22.2 0.681579 5.32937e-05
-21.6 0.681579 5.96333e-05
-21 0.681579 6.57258e-05
-20.4 0.681579 7.1522e-05
-19.8 0.681579 7.70941e-05
-19.2 0.681579 8.26049e-05
-18.6 0.681579 8.81624e-05
-18 0.681579 9.35758e-05
-17.4 0.681579 9.81248e-05
-16.8 0.681579 0.00010053
-16.2 0.681579 9.9312e-05
-15.6 0.681579 9.3603e-05
-15 0.681579 8.42403e-05
-14.4 0.681579 7.42079e-05
-13.8 0.681579 6.65002e-05
-13.2 0.681579 6.19866e-05
-12.6 0.681579 5.98514e-05
-12 0.681579 5.86877e-05
-11.4 0.681579 5.73062e-05
-10.8 0.681579 5.50936e-05
-10.2 0.681579 5.19805e-05
-9.6 0.681579 4.82089e-05
-9 0.681579 4.40876e-05
-8.4 0.681579 3.9845e-05
-7.8 0.681579 3.55981e-05
-7.2 0.681579 3.1391e-05
-6.6 0.681579 2.72485e-05
-6 0.681579 2.3209e-05
-5.4 0.681579 1.9329e-05
-4.8 0.681579 1.56713e-05
-4.2 0.681579 1.22915e-05
-3.6 0.681579 9.23376e-06
-3 0.681579 6.53496e-06
-2.4 0.681579 4.23082e-06
-1.8 0.681579 2.35769e-06
-1.2 0.681579 9.466e-07
-0.6 0.681579 1.5696e-08
0 0.681579 -4.27502e-07
0.6 0.681579 -3.75392e-07
1.2 0.681579 1.71051e-07
1.8 0.681579 1.2174e-06
2.4 0.681579 2.80726e-06
3 0.681579 4.95596e-06
3.6 0.681579 7.53279e-06
4.2 0.681579 1.0216e-05
4.8 0.681579 1.26266e-05
5.4 0.681579 1.4644e-05
6 0.681579 1.67447e-05
6.6 0.681579 2.0092e-05
7.2 0.681579 2.61366e-05
7.8 0.681579 3.57115e-05
8.4 0.681579 4.80212e-05
9 0.681579 6.06762e-05
9.6 0.681579 7.15098e-05
10.2 0.681579 7.9602e-05
10.8 0.681579 8.51856e-05
11.4 0.681579 8.90921e-05
12 0.681579 9.21663e-05
12.6 0.681579 9.49053e-05
13.2 0.681579 9.73957e-05
13.8 0.681579 9.9459e-05
14.4 0.681579 0.000100851
15 0.681579 0.000101401
15.6 0.681579 0.000101052
16.2 0.681579 9.98331e-05
16.8 0.681579 9.78063e-05
17.4 0.681579 9.50338e-05
18 0.681579 9.15679e-05
18.6 0.681579 8.74577e-05
19.2 0.681579 8.27596e-05
19.8 0.681579 7.75423e-05
20.4 0.681579 7.18871e-05
21 0.681579 6.58842e-05
21.6 0.681579 5.96304e-05
22.2 0.681579 5.32271e-05
22.8 0.681579 4.67782e-05
23.4 0.681579 4.03863e-05
24 0.681579 3.41479e-05
24.6 0.681579 2.81497e-05
25.2 0.681579 2.24703e-05
25.8 0.681579 1.71906e-05
26.4 0.681579 1.24089e-05
27 0.681579 8.25131e-06
27.6 0.681579 4.86438e-06
28.2 0.681579 2.37708e-06
28.8 0.681579 8.36602e-07
29.4 0.681579 1.40017e-07
30 0.681579 -1.2217e-36
-30 0.734211 -1.21844e-36
-29.4 0.734211 1.28242e-07
-28.8 0.734211 7.96611e-07
-28.2 0.734211 2.30565e-06
-27.6 0.734211 4.77016e-06
-27 0.734211 8.14861e-06
-26.4 0.734211 1.23103e-05
-25.8 0.734211 1.71029e-05
-25.2 0.734211 2.23958e-05
-24.6 0.734211 2.80928e-05
-24 0.734211 3.41207e-05
-23.4 0.734211 4.04045e-05
-22.8 0.734211 4.6844e-05
-22.2 0.734211 5.33045e-05
-21.6 0.734211 5.96337e-05
-21 0.734211 6.57095e-05
-20.4 0.734211 7.15019e-05
-19.8 0.734211 7.71095e-05
-19.2 0.734211 8.27132e-05
-18.6 0.734211 8.84108e-05
-18 0.734211 9.39627e-05
-17.4 0.734211 9.85671e-05
-16.8 0.734211 0.000100858
-16.2 0.734211 9.93053e-05
-15.6 0.734211 9.30546e-05
-15 0.734211 8.30287e-05
-14.4 0.734211 7.23421e-05
-13.8 0.734211 6.41199e-05
-13.2 0.734211 5.93163e-05
-12.6 0.734211 5.71292e-05
-12 0.734211 5.60989e-05
-11.4 0.734211 5.4949e-05
-10.8 0.734211 5.29829e-05
-10.2 0.734211 5.00803e-05
-9.6 0.734211 4.64716e-05
-9 0.734211 4.24812e-05
-8.4 0.734211 3.83623e-05
-7.8 0.734211 3.42497e-05
-7.2 0.734211 3.01926e-05
-6.6 0.734211 2.62105e-05
-6 0.734211 2.23327e-05
-5.4 0.734211 1.86074e-05
-4.8 0.734211 1.50927e-05
-4.2 0.734211 1.18425e-05
-3.6 0.734211 8.90043e-06
-3 0.734211 6.30287e-06
-2.4 0.734211 4.08376e-06
-1.8 0.734211 2.27586e-06
-1.2 0.734211 9.056e-07
-0.6 0.734211 -1.17688e-08
0 0.734211 -4.6611e-07
0.6 0.734211 -4.39123e-07
1.2 0.734211 8.47896e-08
1.8 0.734211 1.12275e-06
2.4 0.734211 2.71102e-06
3 0.734211 4.83764e-06
3.6 0.734211 7.33916e-06
4.2 0.734211 9.87968e-06
4.8 0.734211 1.21044e-05
5.4 0.734211 1.39532e-05
6 0.734211 1.59701e-05
6.6 0.734211 1.9347e-05
7.2 0.734211 2.54978e-05
7.8 0.734211 3.51827e-05
8.4 0.734211 4.75854e-05
9 0.734211 6.03824e-05
9.6 0.734211 7.14228e-05
10.2 0.734211 7.97235e-05
10.8 0.734211 8.54415e-05
11.4 0.734211 8.93764e-05
12 0.734211 9.23955e-05
12.6 0.734211 9.50492e-05
13.2 0.734211 9.74735e-05
13.8 0.734211 9.95119e-05
14.4 0.734211 0.000100915
15 0.734211 0.00010149
15.6 0.734211 0.000101162
16.2 0.734211 9.99496e-05
16.8 0.734211 9.79172e-05
17.4 0.734211 9.5133e-05
18 0.734211 9.1655e-05
18.6 0.734211 8.75344e-05
19.2 0.734211 8.2827e-05
19.8 0.734211 7.76e-05
20.4 0.734211 7.19334e-05
21 0.734211 6.59176e-05
21.6 0.734211 5.96503e-05
22.2 0.734211 5.3234e-05
22.8 0.734211 4.67731e-05
23.4 0.734211 4.03697e-05
24 0.734211 3.41187e-05
24.6 0.734211 2.81052e-05
25.2 0.734211 2.24073e-05
25.8 0.734211 1.71079e-05
26.4 0.734211 1.23101e-05
27 0.734211 8.14654e-06
27.6 0.734211 4.7686e-06
28.2 0.734211 2.30517e-06
28.8 0.734211 7.96733e-07
29.4 0.734211 1.28373e-07
30 0.734211 -1.21739e-36
-30 0.786842 -1.21376e-36
-29.4 0.786842 1.16958e-07
-28.8 0.786842 7.57819e-07
-28.2 0.786842 2.2353e-06
-27.6 0.786842 4.67568e-06
-27 0.786842 8.04391e-06
-26.4 0.786842 1.22096e-05
-25.8 0.786842 1.70165e-05
-25.2 0.786842 2.2329e-05
-24.6 0.786842 2.80478e-05
-24 0.786842 3.40973e-05
-23.4 0.786842 4.04004e-05
-22.8 0.786842 4.68523e-05
-22.2 0.786842 5.3313e-05
-21.6 0.786842 5.96292e-05
-21 0.786842 6.56875e-05
-20.4 0.786842 7.1479e-05
-19.8 0.786842 7.71283e-05
-19.2 0.786842 8.28316e-05
-18.6 0.786842 8.86739e-05
-18 0.786842 9.43642e-05
-17.4 0.786842 9.90192e-05
-16.8 0.786842 0.00010119
-16.2 0.786842 9.92975e-05
-15.6 0.786842 9.25042e-05
-15 0.786842 8.18172e-05
-14.4 0.786842 7.04786e-05
-13.8 0.786842 6.1741e-05
-13.2 0.786842 5.66427e-05
-12.6 0.786842 5.43972e-05
-12 0.786842 5.34957e-05
-11.4 0.786842 5.25772e-05
-10.8 0.786842 5.08621e-05
-10.2 0.786842 4.81769e-05
-9.6 0.786842 4.47369e-05
-9 0.786842 4.08803e-05
-8.4 0.786842 3.68845e-05
-7.8 0.786842 3.29038e-05
-7.2 0.786842 2.89941e-05
-6.6 0.786842 2.51712e-05
-6 0.786842 2.14549e-05
-5.4 0.786842 1.78849e-05
-4.8 0.786842 1.45139e-05
-4.2 0.786842 1.13936e-05
-3.6 0.786842 8.56753e-06
-3 0.786842 6.07161e-06
-2.4 0.786842 3.93775e-06
-1.8 0.786842 2.19465e-06
-1.2 0.786842 8.63998e-07
-0.6 0.786842 -4.12253e-08
0 0.786842 -5.06817e-07
0.6 0.786842 -5.02405e-07
1.2 0.786842 4.37098e-09
1.8 0.786842 1.04074e-06
2.4 0.786842 2.6333e-06
3 0.786842 4.74145e-06
3.6 0.786842 7.17022e-06
4.2 0.786842 9.57323e-06
4.8 0.786842 1.16236e-05
5.4 0.786842 1.33226e-05
6 0.786842 1.52773e-05
6.6 0.786842 1.87e-05
7.2 0.786842 2.49598e-05
7.8 0.786842 3.47409e-05
8.4 0.786842 4.72093e-05
9 0.786842 6.01161e-05
9.6 0.786842 7.13371e-05
10.2 0.786842 7.98336e-05
10.8 0.786842 8.5687e-05
11.4 0.786842 8.96589e-05
12 0.786842 9.26314e-05
12.6 0.786842 9.52028e-05
13.2 0.786842 9.7558e-05
13.8 0.786842 9.95661e-05
14.4 0.786842 0.000100975
15 0.786842 0.000101575
15.6 0.786842 0.000101269
16.2 0.786842 0.000100066
16.8 0.786842 9.80294e-05
17.4 0.786842 9.52339e-05
18 0.786842 9.17431e-05
18.6 0.786842 8.76113e-05
19.2 0.786842 8.28941e-05
19.8 0.786842 7.76573e-05
20.4 0.786842 7.19795e-05
21 0.786842 6.5951e-05
21.6 0.786842 5.96705e-05
22.2 0.786842 5.32413e-05
22.8 0.786842 4.67684e-05
23.4 0.786842 4.03533e-05
24 0.786842 3.40894e-05
24.6 0.786842 2.80601e-05
25.2 0.786842 2.23432e-05
25.8 0.786842 1.70239e-05
26.4 0.786842 1.22104e-05
27 0.786842 8.04173e-06
27.6 0.786842 4.67358e-06
28.2 0.786842 2.23439e-06
28.8 0.786842 7.57763e-07
29.4 0.786842 1.17062e-07
30 0.786842 -1.21236e-36
-30 0.839474 -1.20841e-36
-29.4 0.839474 1.06008e-07
-28.8 0.839474 7.19938e-07
-28.2 0.839474 2.16609e-06
-27.6 0.839474 4.58189e-06
-27 0.839474 7.93895e-06
-26.4 0.839474 1.21077e-05
-25.8 0.839474 1.69285e-05
-25.2 0.839474 2.22613e-05
-24.6 0.839474 2.80029e-05
-24 0.839474 3.40754e-05
-23.4 0.839474 4.03979e-05
-22.8 0.839474 4.68608e-05
-22.2 0.839474 5.3319e-05
-21.6 0.839474 5.96197e-05
-21 0.839474 6.56602e-05
-20.4 0.839474 7.14538e-05
-19.8 0.839474 7.71506e-05
-19.2 0.839474 8.29601e-05
-18.6 0.839474 8.89513e-05
-18 0.839474 9.47797e-05
-17.4 0.839474 9.94811e-05
-16.8 0.839474 0.000101526
-16.2 0.839474 9.92893e-05
-15.6 0.839474 9.19523e-05
-15 0.839474 8.06057e-05
-14.4 0.839474 6.86167e-05
-13.8 0.839474 5.93626e-05
-13.2 0.839474 5.39653e-05
-12.6 0.839474 5.16556e-05
-12 0.839474 5.08787e-05
-11.4 0.839474 5.01913e-05
-10.8 0.839474 4.87313e-05
-10.2 0.839474 4.627e-05
-9.6 0.839474 4.30045e-05
-9 0.839474 3.92846e-05
-8.4 0.839474 3.54118e-05
-7.8 0.839474 3.15607e-05
-7.2 0.839474 2.7796e-05
-6.6 0.839474 2.41306e-05
-6 0.839474 2.05755e-05
-5.4 0.839474 1.71613e-05
-4.8 0.839474 1.39346e-05
-4.2 0.839474 1.09448e-05
-3.6 0.839474 8.23523e-06
-3 0.839474 5.84134e-06
-2.4 0.839474 3.79277e-06
-1.8 0.839474 2.11385e-06
-1.2 0.839474 8.21509e-07
-0.6 0.839474 -7.27771e-08
0 0.839474 -5.49431e-07
0.6 0.839474 -5.64897e-07
1.2 0.839474 -7.00977e-08
1.8 0.839474 9.70867e-07
2.4 0.839474 2.57298e-06
3 0.839474 4.66606e-06
3.6 0.839474 7.02503e-06
4.2 0.839474 9.2964e-06
4.8 0.839474 1.11844e-05
5.4 0.839474 1.27521e-05
6 0.839474 1.46651e-05
6.6 0.839474 1.81489e-05
7.2 0.839474 2.45204e-05
7.8 0.839474 3.43844e-05
8.4 0.839474 4.68924e-05
9 0.839474 5.98779e-05
9.6 0.839474 7.1254e-05
10.2 0.839474 7.9933e-05
10.8 0.839474 8.59218e-05
11.4 0.839474 8.99384e-05
12 0.839474 9.28725e-05
12.6 0.839474 9.53653e-05
13.2 0.839474 9.76494e-05
13.8 0.839474 9.96222e-05
14.4 0.839474 0.000101033
15 0.839474 0.000101655
15.6 0.839474 0.000101373
16.2 0.839474 0.000100181
16.8 0.839474 9.81428e-05
17.4 0.839474 9.53365e-05
18 0.839474 9.18324e-05
18.6 0.839474 8.76886e-05
19.2 0.839474 8.29611e-05
19.8 0.839474 7.77141e-05
20.4 0.839474 7.20252e-05
21 0.839474 6.59844e-05
21.6 0.839474 5.96908e-05
22.2 0.839474 5.32489e-05
22.8 0.839474 4.67641e-05
23.4 0.839474 4.03372e-05
24 0.839474 3.406e-05
24.6 0.839474 2.80143e-05
25.2 0.839474 2.2278e-05
25.8 0.839474 1.69388e-05
26.4 0.839474 1.211e-05
27 0.839474 7.93688e-06
27.6 0.839474 4.57925e-06
28.2 0.839474 2.16464e-06
28.8 0.839474 7.19607e-07
29.4 0.839474 1.06049e-07
30 0.839474 -1.20673e-36
-30 0.892105 -1.20241e-36
-29.4 0.892105 9.53684e-08
-28.8 0.892105 6.82899e-07
-28.2 0.892105 2.09791e-06
-27.6 0.892105 4.48871e-06
-27 0.892105 7.83369e-06
-26.4 0.892105 1.20046e-05
-25.8 0.892105 1.68391e-05
-25.2 0.892105 2.21927e-05
-24.6 0.892105 2.79585e-05
-24 0.892105 3.4055e-05
-23.4 0.892105 4.03969e-05
-22.8 0.892105 4.68691e-05
-22.2 0.892105 5.33222e-05
-21.6 0.892105 5.96051e-05
-21 0.892105 6.56279e-05
-20.4 0.892105 7.14267e-05
-19.8 0.892105 7.71767e-05
-19.2 0.892105 8.30985e-05
-18.6 0.892105 8.92424e-05
-18 0.892105 9.52088e-05
-17.4 0.892105 9.99527e-05
-16.8 0.892105 0.000101866
-16.2 0.892105 9.92813e-05
-15.6 0.892105 9.13994e-05
-15 0.892105 7.93943e-05
-14.4 0.892105 6.67559e-05
-13.8 0.892105 5.69842e-05
-13.2 0.892105 5.12839e-05
-12.6 0.892105 4.89045e-05
-12 0.892105 4.82483e-05
-11.4 0.892105 4.77918e-05
-10.8 0.892105 4.65907e-05
-10.2 0.892105 4.43592e-05
-9.6 0.892105 4.12739e-05
-9 0.892105 3.76939e-05
-8.4 0.892105 3.39441e-05
-7.8 0.892105 3.02206e-05
-7.2 0.892105 2.65984e-05
-6.6 0.892105 2.30888e-05
-6 0.892105 1.96945e-05
-5.4 0.892105 1.64364e-05
-4.8 0.892105 1.33547e-05
-4.2 0.892105 1.04961e-05
-3.6 0.892105 7.90366e-06
-3 0.892105 5.61214e-06
-2.4 0.892105 3.64877e-06
-1.8 0.892105 2.03324e-06
-1.2 0.892105 7.77908e-07
-0.6 0.892105 -1.06473e-07
0 0.892105 -5.93752e-07
0.6 0.892105 -6.26317e-07
1.2 0.892105 -1.38584e-07
1.8 0.892105 9.12643e-07
2.4 0.892105 2.52906e-06
3 0.892105 4.61036e-06
3.6 0.892105 6.90284e-06
4.2 0.892105 9.04906e-06
4.8 0.892105 1.07871e-05
5.4 0.892105 1.22417e-05
6 0.892105 1.4133e-05
6.6 0.892105 1.76922e-05
7.2 0.892105 2.41775e-05
7.8 0.892105 3.41117e-05
8.4 0.892105 4.66341e-05
9 0.892105 5.96685e-05
9.6 0.892105 7.11745e-05
10.2 0.892105 8.00225e-05
10.8 0.892105 8.61456e-05
11.4 0.892105 9.02139e-05
12 0.892105 9.31176e-05
12.6 0.892105 9.55359e-05
13.2 0.892105 9.77477e-05
13.8 0.892105 9.96807e-05
14.4 0.892105 0.000101089
15 0.892105 0.000101732
15.6 0.892105 0.000101473
16.2 0.892105 0.000100295
16.8 0.892105 9.82569e-05
17.4 0.892105 9.54407e-05
18 0.892105 9.19231e-05
18.6 0.892105 8.77664e-05
19.2 0.892105 8.30278e-05
19.8 0.892105 7.77705e-05
20.4 0.892105 7.20707e-05
21 0.892105 6.60176e-05
21.6 0.892105 5.97112e-05
22.2 0.892105 5.32569e-05
22.8 0.892105 4.67602e-05
23.4 0.892105 4.03213e-05
24 0.892105 3.40304e-05
24.6 0.892105 2.79678e-05
25.2 0.892105 2.22116e-05
25.8 0.892105 1.68524e-05
26.4 0.892105 1.20088e-05
27 0.892105 7.83201e-06
27.6 0.892105 4.48558e-06
28.2 0.892105 2.09583e-06
28.8 0.892105 6.82191e-07
29.4 0.892105 9.53072e-08
30 0.892105 -1.20054e-36
-30 0.944737 -1.19579e-36
-29.4 0.944737 8.50176e-08
-28.8 0.944737 6.46635e-07
-28.2 0.944737 2.03067e-06
-27.6 0.944737 4.39604e-06
-27 0.944737 7.72807e-06
-26.4 0.944737 1.19004e-05
-25.8 0.944737 1.67483e-05
-25.2 0.944737 2.21234e-05
-24.6 0.944737 2.79146e-05
-24 0.944737 3.40359e-05
-23.4 0.944737 4.03971e-05
-22.8 0.944737 4.68769e-05
-22.2 0.944737 5.33224e-05
-21.6 0.944737 5.95856e-05
-21 0.944737 6.55907e-05
-20.4 0.944737 7.1398e-05
-19.8 0.944737 7.72068e-05
-19.2 0.944737 8.32469e-05
-18.6 0.944737 8.95471e-05
-18 0.944737 9.56512e-05
-17.4 0.944737 0.000100434
-16.8 0.944737 0.00010221
-16.2 0.944737 9.9274e-05
-15.6 0.944737 9.08459e-05
-15 0.944737 7.8183e-05
-14.4 0.944737 6.48959e-05
-13.8 0.944737 5.46051e-05
-13.2 0.944737 4.85979e-05
-12.6 0.944737 4.61439e-05
-12 0.944737 4.56046e-05
-11.4 0.944737 4.53789e-05
-10.8 0.944737 4.44402e-05
-10.2 0.944737 4.24444e-05
-9.6 0.944737 3.95448e-05
-9 0.944737 3.61079e-05
-8.4 0.944737 3.24816e-05
-7.8 0.944737 2.88839e-05
-7.2 0.944737 2.54017e-05
-6.6 0.944737 2.20461e-05
-6 0.944737 1.88118e-05
-5.4 0.944737 1.57101e-05
-4.8 0.944737 1.27742e-05
-4.2 0.944737 1.00477e-05
-3.6 0.944737 7.57291e-06
-3 0.944737 5.38408e-06
-2.4 0.944737 3.50566e-06
-1.8 0.944737 1.95262e-06
-1.2 0.944737 7.33019e-07
-0.6 0.944737 -1.42322e-07
0 0.944737 -6.39588e-07
0.6 0.944737 -6.86436e-07
1.2 0.944737 -2.01114e-07
1.8 0.944737 8.65576e-07
2.4 0.944737 2.50064e-06
3 0.944737 4.57338e-06
3.6 0.944737 6.80306e-06
4.2 0.944737 8.83119e-06
4.8 0.944737 1.04321e-05
5.4 0.944737 1.17917e-05
6 0.944737 1.36804e-05
6.6 0.944737 1.73287e-05
7.2 0.944737 2.39299e-05
7.8 0.944737 3.39216e-05
8.4 0.944737 4.64341e-05
9 0.944737 5.94884e-05
9.6 0.944737 7.10996e-05
10.2 0.944737 8.01027e-05
10.8 0.944737 8.63582e-05
11.4 0.944737 9.04843e-05
12 0.944737 9.33655e-05
12.6 0.944737 9.57138e-05
13.2 0.944737 9.78528e-05
13.8 0.944737 9.97422e-05
14.4 0.944737 0.000101144
15 0.944737 0.000101805
15.6 0.944737 0.00010157
16.2 0.944737 0.000100408
16.8 0.944737 9.83716e-05
17.4 0.944737 9.55465e-05
18 0.944737 9.20152e-05
18.6 0.944737 8.78449e-05
19.2 0.944737 8.30945e-05
19.8 0.944737 7.78266e-05
20.4 0.944737 7.21157e-05
21 0.944737 6.60508e-05
21.6 0.944737 5.97319e-05
22.2 0.944737 5.32653e-05
22.8 0.944737 4.67568e-05
23.4 0.944737 4.03056e-05
24 0.944737 3.40005e-05
24.6 0.944737 2.79205e-05
25.2 0.944737 2.21442e-05
25.8 0.944737 1.6765e-05
26.4 0.944737 1.1907e-05
27 0.944737 7.72713e-06
27.6 0.944737 4.39251e-06
28.2 0.944737 2.02789e-06
28.8 0.944737 6.45452e-07
29.4 0.944737 8.48117e-08
30 0.944737 -1.19387e-36
-30 0.997368 -1.18857e-36
-29.4 0.997368 7.49336e-08
-28.8 0.997368 6.1108e-07
-28.2 0.997368 1.96427e-06
-27.6 0.997368 4.30379e-06
-27 0.997368 7.62207e-06
-26.4 0.997368 1.1795e-05
-25.8 0.997368 1.66562e-05
-25.2 0.997368 2.20536e-05
-24.6 0.997368 2.78712e-05
-24 0.997368 3.40183e-05
-23.4 0.997368 4.03983e-05
-22.8 0.997368 4.68841e-05
-22.2 0.997368 5.33195e-05
-21.6 0.997368 5.9561e-05
-21 0.997368 6.55489e-05
-20.4 0.997368 7.13679e-05
-19.8 0.997368 7.7241e-05
-19.2 0.997368 8.3405e-05
-18.6 0.997368 8.9865e-05
-18 0.997368 9.61067e-05
-17.4 0.997368 0.000100925
-16.8 0.997368 0.00010256
-16.2 0.997368 9.9268e-05
-15.6 0.997368 9.02923e-05
-15 0.997368 7.69718e-05
-14.4 0.997368 6.30362e-05
-13.8 0.997368 5.2225e-05
-13.2 0.997368 4.59071e-05
-12.6 0.997368 4.33737e-05
-12 0.997368 4.29481e-05
-11.4 0.997368 4.29529e-05
-10.8 0.997368 4.228e-05
-10.2 0.997368 4.05253e-05
-9.6 0.997368 3.78169e-05
-9 0.997368 3.45265e-05
-8.4 0.997368 3.10241e-05
-7.8 0.997368 2.75506e-05
-7.2 0.997368 2.42061e-05
-6.6 0.997368 2.10026e-05
-6 0.997368 1.79274e-05
-5.4 0.997368 1.49823e-05
-4.8 0.997368 1.21929e-05
-4.2 0.997368 9.59936e-06
-3.6 0.997368 7.24305e-06
-3 0.997368 5.1572e-06
-2.4 0.997368 3.36339e-06
-1.8 0.997368 1.87185e-06
-1.2 0.997368 6.86709e-07
-0.6 0.997368 -1.803e-07
0 0.997368 -6.86755e-07
0.6 0.997368 -7.45072e-07
1.2 0.997368 -2.57754e-07
1.8 0.997368 8.29188e-07
2.4 0.997368 2.48692e-06
3 0.997368 4.55432e-06
3.6 0.997368 6.72528e-06
4.2 0.997368 8.64292e-06
4.8 0.997368 1.01198e-05
5.4 0.997368 1.14023e-05
6 0.997368 1.33073e-05
6.6 0.997368 1.7058e-05
7.2 0.997368 2.37766e-05
7.8 0.997368 3.38135e-05
8.4 0.997368 4.62922e-05
9 0.997368 5.9338e-05
9.6 0.997368 7.10301e-05
10.2 0.997368 8.01741e-05
10.8 0.997368 8.65595e-05
11.4 0.997368 9.07489e-05
12 0.997368 9.36153e-05
12.6 0.997368 9.58984e-05
13.2 0.997368 9.79647e-05
13.8 0.997368 9.98071e-05
14.4 0.997368 0.000101198
15 0.997368 0.000101875
15.6 0.997368 0.000101664
16.2 0.997368 0.00010052
16.8 0.997368 9.84865e-05
17.4 0.997368 9.56536e-05
18 0.997368 9.21087e-05
18.6 0.997368 8.79242e-05
19.2 0.997368 8.31613e-05
19.8 0.997368 7.78822e-05
20.4 0.997368 7.21603e-05
21 0.997368 6.60837e-05
21.6 0.997368 5.97528e-05
22.2 0.997368 5.32741e-05
22.8 0.997368 4.67537e-05
23.4 0.997368 4.02901e-05
24 0.997368 3.39704e-05
24.6 0.997368 2.78725e-05
25.2 0.997368 2.20756e-05
25.8 0.997368 1.66764e-05
26.4 0.997368 1.18044e-05
27 0.997368 7.62222e-06
27.6 0.997368 4.30001e-06
28.2 0.997368 1.96076e-06
28.8 0.997368 6.09335e-07
29.4 0.997368 7.45415e-08
30 0.997368 -1.18677e-36
-30 1.05 -1.18078e-36
-29.4 1.05 6.50952e-08
-28.8 1.05 5.76169e-07
-28.2 1.05 1.89861e-06
-27.6 1.05 4.21187e-06
-27 1.05 7.51566e-06
-26.4 1.05 1.16886e-05
-25.8 1.05 1.65631e-05
-25.2 1.05 2.19833e-05
-24.6 1.05 2.78285e-05
-24 1.05 3.40019e-05
-23.4 1.05 4.04004e-05
-22.8 1.05 4.68903e-05
-22.2 1.05 5.33132e-05
-21.6 1.05 5.95316e-05
-21 1.05 6.55028e-05
-20.4 1.05 7.13368e-05
-19.8 1.05 7.72796e-05
-19.2 1.05 8.35727e-05
-18.6 1.05 9.01958e-05
-18 1.05 9.6575e-05
-17.4 1.05 0.000101426
-16.8 1.05 0.000102915
-16.2 1.05 9.92637e-05
-15.6 1.05 8.97387e-05
-15 1.05 7.57606e-05
-14.4 1.05 6.11766e-05
-13.8 1.05 4.98433e-05
-13.2 1.05 4.32111e-05
-12.6 1.05 4.05941e-05
-12 1.05 4.0279e-05
-11.4 1.05 4.05142e-05
-10.8 1.05 4.01102e-05
-10.2 1.05 3.8602e-05
-9.6 1.05 3.60899e-05
-9 1.05 3.29495e-05
-8.4 1.05 2.95718e-05
-7.8 1.05 2.62211e-05
-7.2 1.05 2.30118e-05
-6.6 1.05 1.99584e-05
-6 1.05 1.70414e-05
-5.4 1.05 1.42529e-05
-4.8 1.05 1.16108e-05
-4.2 1.05 9.15121e-06
-3.6 1.05 6.91411e-06
-3 1.05 4.9315e-06
-2.4 1.05 3.22187e-06
-1.8 1.05 1.79078e-06
-1.2 1.05 6.38881e-07
-0.6 1.05 -2.20368e-07
0 1.05 -7.35086e-07
0.6 1.05 -8.02083e-07
1.2 1.05 -3.08599e-07
1.8 1.05 8.03028e-07
2.4 1.05 2.48719e-06
3 1.05 4.55251e-06
3.6 1.05 6.66919e-06
4.2 1.05 8.48451e-06
4.8 1.05 9.85091e-06
5.4 1.05 1.10744e-05
6 1.05 1.30141e-05
6.6 1.05 1.68798e-05
7.2 1.05 2.37172e-05
7.8 1.05 3.37869e-05
8.4 1.05 4.62084e-05
9 1.05 5.92179e-05
9.6 1.05 7.09667e-05
10.2 1.05 8.02373e-05
10.8 1.05 8.67493e-05
11.4 1.05 9.10069e-05
12 1.05 9.3866e-05
12.6 1.05 9.6089e-05
13.2 1.05 9.80832e-05
13.8 1.05 9.98756e-05
14.4 1.05 0.000101252
15 1.05 0.000101942
15.6 1.05 0.000101755
16.2 1.05 0.000100629
16.8 1.05 9.86015e-05
17.4 1.05 9.57619e-05
18 1.05 9.22036e-05
18.6 1.05 8.80044e-05
19.2 1.05 8.32282e-05
19.8 1.05 7.79374e-05
20.4 1.05 7.22045e-05
21 1.05 6.61165e-05
21.6 1.05 5.97738e-05
22.2 1.05 5.32833e-05
22.8 1.05 4.67511e-05
23.4 1.05 4.02748e-05
24 1.05 3.394e-05
24.6 1.05 2.78237e-05
25.2 1.05 2.2006e-05
25.8 1.05 1.65868e-05
26.4 1.05 1.17012e-05
27 1.05 7.5173e-06
27.6 1.05 4.20804e-06
28.2 1.05 1.89436e-06
28.8 1.05 5.7379e-07
29.4 1.05 6.44784e-08
30 1.05 -1.17928e-36
