-30 0.05 -1.07905e-32
-29.4 0.05 0.00329718
-28.8 0.05 0.0142553
-28.2 0.05 0.0332136
-27.6 0.05 0.0597385
-27 0.05 0.0932573
-26.4 0.05 0.133174
-25.8 0.05 0.178824
-25.2 0.05 0.229463
-24.6 0.05 0.284278
-24 0.05 0.342408
-23.4 0.05 0.402957
-22.8 0.05 0.464993
-22.2 0.05 0.527562
-21.6 0.05 0.589694
-21 0.05 0.650424
-20.4 0.05 0.708806
-19.8 0.05 0.763928
-19.2 0.05 0.814932
-18.6 0.05 0.861017
-18 0.05 0.901459
-17.4 0.05 0.935618
-16.8 0.05 0.96295
-16.2 0.05 0.983014
-15.6 0.05 0.995481
-15 0.05 1.00014
-14.4 0.05 0.996909
-13.8 0.05 0.985817
-13.2 0.05 0.967028
-12.6 0.05 0.940826
-12 0.05 0.907616
-11.4 0.05 0.867914
-10.8 0.05 0.822345
-10.2 0.05 0.77163
-9.6 0.05 0.716574
-9 0.05 0.658053
-8.4 0.05 0.597002
-7.8 0.05 0.5344
-7.2 0.05 0.471248
-6.6 0.05 0.408558
-6 0.05 0.347334
-5.4 0.05 0.288557
-4.8 0.05 0.233165
-4.2 0.05 0.182039
-3.6 0.05 0.135992
-3 0.05 0.0957506
-2.4 0.05 0.0619467
-1.8 0.05 0.0351072
-1.2 0.05 0.0156454
-0.6 0.05 0.00385577
0 0.05 -9.01694e-05
0.6 0.05 0.00385436
1.2 0.05 0.0156117
1.8 0.05 0.0349817
2.4 0.05 0.0616464
3 0.05 0.095175
3.6 0.05 0.135032
4.2 0.05 0.180586
4.8 0.05 0.231118
5.4 0.05 0.285837
6 0.05 0.343887
6.6 0.05 0.404363
7.2 0.05 0.466326
7.8 0.05 0.528813
8.4 0.05 0.590853
9 0.05 0.651482
9.6 0.05 0.709757
10.2 0.05 0.76477
10.8 0.05 0.815661
11.4 0.05 0.861632
12 0.05 0.901958
12.6 0.05 0.935999
13.2 0.05 0.963212
13.8 0.05 0.983157
14.4 0.05 0.995506
15 0.05 1.00005
15.6 0.05 0.996698
16.2 0.05 0.98549
16.8 0.05 0.966587
17.4 0.05 0.940274
18 0.05 0.906955
18.6 0.05 0.867148
19.2 0.05 0.821477
19.8 0.05 0.770662
20.4 0.05 0.715509
21 0.05 0.656896
21.6 0.05 0.59576
22.2 0.05 0.533081
22.8 0.05 0.46986
23.4 0.05 0.407107
24 0.05 0.34582
24.6 0.05 0.286967
25.2 0.05 0.231484
25.8 0.05 0.180258
26.4 0.05 0.134121
27 0.05 0.0938285
27.6 0.05 0.0600406
28.2 0.05 0.0333435
28.8 0.05 0.0142932
29.4 0.05 0.0033012
30 0.05 -1.08697e-32
-30 0.102632 -1.12249e-32
-29.4 0.102632 0.00289161
-28.8 0.102632 0.013044
-28.2 0.102632 0.0313807
-27.6 0.102632 0.057624
-27 0.102632 0.091049
-26.4 0.102632 0.130899
-25.8 0.102632 0.176442
-25.2 0.102632 0.226922
-24.6 0.102632 0.281528
-24 0.102632 0.339412
-23.4 0.102632 0.399697
-22.8 0.102632 0.461477
-22.2 0.102632 0.523823
-21.6 0.102632 0.585787
-21 0.102632 0.646422
-20.4 0.102632 0.704793
-19.8 0.102632 0.760001
-19.2 0.102632 0.811193
-18.6 0.102632 0.857573
-18 0.102632 0.898415
-17.4 0.102632 0.933071
-16.8 0.102632 0.960985
-16.2 0.102632 0.981698
-15.6 0.102632 0.994862
-15 0.102632 1.00024
-14.4 0.102632 0.997719
-13.8 0.102632 0.987309
-13.2 0.102632 0.969146
-12.6 0.102632 0.943491
-12 0.102632 0.91073
-11.4 0.102632 0.871366
-10.8 0.102632 0.826014
-10.2 0.102632 0.775392
-9.6 0.102632 0.720309
-9 0.102632 0.661649
-8.4 0.102632 0.600364
-7.8 0.102632 0.537447
-7.2 0.102632 0.473922
-6.6 0.102632 0.410826
-6 0.102632 0.349183
-5.4 0.102632 0.289997
-4.8 0.102632 0.234223
-4.2 0.102632 0.18276
-3.6 0.102632 0.13643
-3 0.102632 0.0959646
-2.4 0.102632 0.0619978
-1.8 0.102632 0.0350516
-1.2 0.102632 0.0155309
-0.6 0.102632 0.00371815
0 0.102632 -0.000229581
0.6 0.102632 0.00371891
1.2 0.102632 0.0154703
1.8 0.102632 0.0348103
2.4 0.102632 0.0614086
3 0.102632 0.0948259
3.6 0.102632 0.134522
4.2 0.102632 0.179863
4.8 0.102632 0.230138
5.4 0.102632 0.28456
6 0.102632 0.342289
6.6 0.102632 0.402433
7.2 0.102632 0.464072
7.8 0.102632 0.52626
8.4 0.102632 0.588048
9 0.102632 0.648488
9.6 0.102632 0.706654
10.2 0.102632 0.761651
10.8 0.102632 0.812626
11.4 0.102632 0.858786
12 0.102632 0.899403
12.6 0.102632 0.933832
13.2 0.102632 0.961515
13.8 0.102632 0.981997
14.4 0.102632 0.994928
15 0.102632 1.00008
15.6 0.102632 0.997325
16.2 0.102632 0.986688
16.8 0.102632 0.968302
17.4 0.102632 0.942429
18 0.102632 0.909455
18.6 0.102632 0.869883
19.2 0.102632 0.824329
19.8 0.102632 0.77351
20.4 0.102632 0.718236
21 0.102632 0.659394
21.6 0.102632 0.597939
22.2 0.102632 0.53487
22.8 0.102632 0.471211
23.4 0.102632 0.407991
24 0.102632 0.346222
24.6 0.102632 0.286889
25.2 0.102632 0.230941
25.8 0.102632 0.179284
26.4 0.102632 0.132766
27 0.102632 0.0921617
27.6 0.102632 0.0582002
28.2 0.102632 0.0316182
28.8 0.102632 0.0131067
29.4 0.102632 0.00289572
30 0.102632 -1.13821e-32
-30 0.155263 -1.16132e-32
-29.4 0.155263 0.00254306
-28.8 0.155263 0.0119826
-28.2 0.155263 0.0296721
-27.6 0.155263 0.0555514
-27 0.155263 0.0888537
-26.4 0.155263 0.128663
-25.8 0.155263 0.174128
-25.2 0.155263 0.224458
-24.6 0.155263 0.278854
-24 0.155263 0.336491
-23.4 0.155263 0.396514
-22.8 0.155263 0.45804
-22.2 0.155263 0.520164
-21.6 0.155263 0.581957
-21 0.155263 0.642491
-20.4 0.155263 0.700845
-19.8 0.155263 0.75613
-19.2 0.155263 0.807499
-18.6 0.155263 0.854162
-18 0.155263 0.895391
-17.4 0.155263 0.930533
-16.8 0.155263 0.959019
-16.2 0.155263 0.980374
-15.6 0.155263 0.994228
-15 0.155263 1.00032
-14.4 0.155263 0.998515
-13.8 0.155263 0.988791
-13.2 0.155263 0.971261
-12.6 0.155263 0.946162
-12 0.155263 0.91386
-11.4 0.155263 0.874843
-10.8 0.155263 0.829716
-10.2 0.155263 0.779192
-9.6 0.155263 0.724084
-9 0.155263 0.665286
-8.4 0.155263 0.60376
-7.8 0.155263 0.540522
-7.2 0.155263 0.476617
-6.6 0.155263 0.413102
-6 0.155263 0.35103
-5.4 0.155263 0.291422
-4.8 0.155263 0.235257
-4.2 0.155263 0.183447
-3.6 0.155263 0.136826
-3 0.155263 0.0961323
-2.4 0.155263 0.0619992
-1.8 0.155263 0.0349447
-1.2 0.155263 0.0153648
-0.6 0.155263 0.00352966
0 0.155263 -0.000418312
0.6 0.155263 0.00353626
1.2 0.155263 0.0152844
1.8 0.155263 0.0345973
2.4 0.155263 0.0611329
3 0.155263 0.094443
3.6 0.155263 0.133982
4.2 0.155263 0.179118
4.8 0.155263 0.229141
5.4 0.155263 0.283274
6 0.155263 0.340688
6.6 0.155263 0.400507
7.2 0.155263 0.461827
7.8 0.155263 0.523723
8.4 0.155263 0.585262
9 0.155263 0.645515
9.6 0.155263 0.703573
10.2 0.155263 0.758551
10.8 0.155263 0.809607
11.4 0.155263 0.85595
12 0.155263 0.896854
12.6 0.155263 0.931665
13.2 0.155263 0.959816
13.8 0.155263 0.980833
14.4 0.155263 0.994349
15 0.155263 1.0001
15.6 0.155263 0.997962
16.2 0.155263 0.987906
16.8 0.155263 0.970048
17.4 0.155263 0.944628
18 0.155263 0.912013
18.6 0.155263 0.872689
19.2 0.155263 0.827264
19.8 0.155263 0.776449
20.4 0.155263 0.721059
21 0.155263 0.661991
21.6 0.155263 0.600216
22.2 0.155263 0.536752
22.8 0.155263 0.472648
23.4 0.155263 0.408951
24 0.155263 0.346693
24.6 0.155263 0.286876
25.2 0.155263 0.230461
25.8 0.155263 0.17836
26.4 0.155263 0.131427
27 0.155263 0.0904847
27.6 0.155263 0.0563793
28.2 0.155263 0.0299997
28.8 0.155263 0.0120604
29.4 0.155263 0.00254449
30 0.155263 -1.18466e-32
-30 0.207895 -1.17805e-32
-29.4 0.207895 0.00224001
-28.8 0.207895 0.0110214
-28.2 0.207895 0.0280718
-27.6 0.207895 0.0535489
-27 0.207895 0.0866915
-26.4 0.207895 0.126458
-25.8 0.207895 0.171869
-25.2 0.207895 0.222067
-24.6 0.207895 0.276259
-24 0.207895 0.333648
-23.4 0.207895 0.393408
-22.8 0.207895 0.454682
-22.2 0.207895 0.516583
-21.6 0.207895 0.578204
-21 0.207895 0.638631
-20.4 0.207895 0.69696
-19.8 0.207895 0.752313
-19.2 0.207895 0.80385
-18.6 0.207895 0.850785
-18 0.207895 0.89239
-17.4 0.207895 0.928006
-16.8 0.207895 0.957053
-16.2 0.207895 0.979041
-15.6 0.207895 0.99358
-15 0.207895 1.00039
-14.4 0.207895 0.999295
-13.8 0.207895 0.990263
-13.2 0.207895 0.973373
-12.6 0.207895 0.948839
-12 0.207895 0.917006
-11.4 0.207895 0.878345
-10.8 0.207895 0.83345
-10.2 0.207895 0.783031
-9.6 0.207895 0.727901
-9 0.207895 0.668963
-8.4 0.207895 0.607194
-7.8 0.207895 0.543627
-7.2 0.207895 0.479331
-6.6 0.207895 0.415388
-6 0.207895 0.352873
-5.4 0.207895 0.292833
-4.8 0.207895 0.236266
-4.2 0.207895 0.1841
-3.6 0.207895 0.137181
-3 0.207895 0.0962534
-2.4 0.207895 0.0619507
-1.8 0.207895 0.0347862
-1.2 0.207895 0.0151469
-0.6 0.207895 0.00329018
0 0.207895 -0.000656419
0.6 0.207895 0.0033064
1.2 0.207895 0.0150539
1.8 0.207895 0.0343429
2.4 0.207895 0.0608193
3 0.207895 0.0940264
3.6 0.207895 0.133414
4.2 0.207895 0.17835
4.8 0.207895 0.228127
5.4 0.207895 0.281978
6 0.207895 0.339084
6.6 0.207895 0.398585
7.2 0.207895 0.459593
7.8 0.207895 0.521201
8.4 0.207895 0.582494
9 0.207895 0.642563
9.6 0.207895 0.700511
10.2 0.207895 0.755469
10.8 0.207895 0.806602
11.4 0.207895 0.853125
12 0.207895 0.894311
12.6 0.207895 0.9295
13.2 0.207895 0.958114
13.8 0.207895 0.979666
14.4 0.207895 0.993766
15 0.207895 1.00013
15.6 0.207895 0.998606
16.2 0.207895 0.989141
16.8 0.207895 0.971824
17.4 0.207895 0.946871
18 0.207895 0.914628
18.6 0.207895 0.875566
19.2 0.207895 0.83028
19.8 0.207895 0.779479
20.4 0.207895 0.723979
21 0.207895 0.664688
21.6 0.207895 0.602591
22.2 0.207895 0.538728
22.8 0.207895 0.47417
23.4 0.207895 0.409988
24 0.207895 0.347236
24.6 0.207895 0.28693
25.2 0.207895 0.230039
25.8 0.207895 0.177471
26.4 0.207895 0.130099
27 0.207895 0.0888173
27.6 0.207895 0.0546065
28.2 0.207895 0.0284729
28.8 0.207895 0.0111053
29.4 0.207895 0.00223615
30 0.207895 -1.20888e-32
-30 0.260526 -1.18717e-32
-29.4 0.260526 0.00196784
-28.8 0.260526 0.0101405
-28.2 0.260526 0.0265678
-27.6 0.260526 0.051622
-27 0.260526 0.084576
-26.4 0.260526 0.12429
-25.8 0.260526 0.169657
-25.2 0.260526 0.219743
-24.6 0.260526 0.273742
-24 0.260526 0.330885
-23.4 0.260526 0.390381
-22.8 0.260526 0.451401
-22.2 0.260526 0.513079
-21.6 0.260526 0.574526
-21 0.260526 0.634843
-20.4 0.260526 0.69314
-19.8 0.260526 0.748552
-19.2 0.260526 0.800247
-18.6 0.260526 0.847442
-18 0.260526 0.889411
-17.4 0.260526 0.925489
-16.8 0.260526 0.955087
-16.2 0.260526 0.977701
-15.6 0.260526 0.992919
-15 0.260526 1.00044
-14.4 0.260526 1.00006
-13.8 0.260526 0.991724
-13.2 0.260526 0.975481
-12.6 0.260526 0.951521
-12 0.260526 0.920167
-11.4 0.260526 0.881871
-10.8 0.260526 0.837217
-10.2 0.260526 0.786909
-9.6 0.260526 0.73176
-9 0.260526 0.672682
-8.4 0.260526 0.610666
-7.8 0.260526 0.546764
-7.2 0.260526 0.482068
-6.6 0.260526 0.417684
-6 0.260526 0.354715
-5.4 0.260526 0.29423
-4.8 0.260526 0.23725
-4.2 0.260526 0.184719
-3.6 0.260526 0.137494
-3 0.260526 0.0963275
-2.4 0.260526 0.0618519
-1.8 0.260526 0.0345759
-1.2 0.260526 0.0148769
-0.6 0.260526 0.00299961
0 0.260526 -0.000943963
0.6 0.260526 0.00302933
1.2 0.260526 0.0147788
1.8 0.260526 0.0340469
2.4 0.260526 0.0604677
3 0.260526 0.0935761
3.6 0.260526 0.132817
4.2 0.260526 0.177558
4.8 0.260526 0.227096
5.4 0.260526 0.280672
6 0.260526 0.337477
6.6 0.260526 0.396666
7.2 0.260526 0.457368
7.8 0.260526 0.518693
8.4 0.260526 0.579745
9 0.260526 0.63963
9.6 0.260526 0.69747
10.2 0.260526 0.752405
10.8 0.260526 0.803613
11.4 0.260526 0.850311
12 0.260526 0.891773
12.6 0.260526 0.927335
13.2 0.260526 0.95641
13.8 0.260526 0.978494
14.4 0.260526 0.99318
15 0.260526 1.00016
15.6 0.260526 0.999258
16.2 0.260526 0.990392
16.8 0.260526 0.973628
17.4 0.260526 0.949156
18 0.260526 0.917299
18.6 0.260526 0.878512
19.2 0.260526 0.833378
19.8 0.260526 0.782601
20.4 0.260526 0.726998
21 0.260526 0.667486
21.6 0.260526 0.605065
22.2 0.260526 0.540798
22.8 0.260526 0.475779
23.4 0.260526 0.411106
24 0.260526 0.347854
24.6 0.260526 0.287053
25.2 0.260526 0.229669
25.8 0.260526 0.176612
26.4 0.260526 0.128785
27 0.260526 0.0871732
27.6 0.260526 0.0528879
28.2 0.260526 0.0270268
28.8 0.260526 0.010222
29.4 0.260526 0.00195627
30 0.260526 -1.22534e-32
-30 0.313158 -1.19009e-32
-29.4 0.313158 0.00172068
-28.8 0.313158 0.00932638
-28.2 0.313158 0.0251513
-27.6 0.313158 0.0497725
-27 0.313158 0.082515
-26.4 0.313158 0.122163
-25.8 0.313158 0.167491
-25.2 0.313158 0.217479
-24.6 0.313158 0.271299
-24 0.313158 0.328202
-23.4 0.313158 0.387434
-22.8 0.313158 0.448199
-22.2 0.313158 0.509652
-21.6 0.313158 0.570922
-21 0.313158 0.631125
-20.4 0.313158 0.689385
-19.8 0.313158 0.744847
-19.2 0.313158 0.796689
-18.6 0.313158 0.844134
-18 0.313158 0.886455
-17.4 0.313158 0.922984
-16.8 0.313158 0.953123
-16.2 0.313158 0.976353
-15.6 0.313158 0.992244
-15 0.313158 1.00047
-14.4 0.313158 1.00081
-13.8 0.313158 0.993173
-13.2 0.313158 0.977584
-12.6 0.313158 0.954208
-12 0.313158 0.923342
-11.4 0.313158 0.885422
-10.8 0.313158 0.841018
-10.2 0.313158 0.790827
-9.6 0.313158 0.735663
-9 0.313158 0.676445
-8.4 0.313158 0.614178
-7.8 0.313158 0.549934
-7.2 0.313158 0.484827
-6.6 0.313158 0.419992
-6 0.313158 0.356556
-5.4 0.313158 0.295614
-4.8 0.313158 0.238209
-4.2 0.313158 0.185303
-3.6 0.313158 0.137766
-3 0.313158 0.0963545
-2.4 0.313158 0.0617026
-1.8 0.313158 0.0343135
-1.2 0.313158 0.0145548
-0.6 0.313158 0.00265781
0 0.313158 -0.001281
0.6 0.313158 0.00270503
1.2 0.313158 0.0144592
1.8 0.313158 0.0337095
2.4 0.313158 0.0600784
3 0.313158 0.0930921
3.6 0.313158 0.132192
4.2 0.313158 0.176743
4.8 0.313158 0.226048
5.4 0.313158 0.279355
6 0.313158 0.335865
6.6 0.313158 0.39475
7.2 0.313158 0.455151
7.8 0.313158 0.516199
8.4 0.313158 0.577013
9 0.313158 0.636718
9.6 0.313158 0.694448
10.2 0.313158 0.74936
10.8 0.313158 0.800638
11.4 0.313158 0.847507
12 0.313158 0.88924
12.6 0.313158 0.925171
13.2 0.313158 0.954703
13.8 0.313158 0.977318
14.4 0.313158 0.992589
15 0.313158 1.00019
15.6 0.313158 0.999915
16.2 0.313158 0.991659
16.8 0.313158 0.975459
17.4 0.313158 0.951481
18 0.313158 0.920025
18.6 0.313158 0.881528
19.2 0.313158 0.836559
19.8 0.313158 0.785816
20.4 0.313158 0.730116
21 0.313158 0.670385
21.6 0.313158 0.60764
22.2 0.313158 0.542964
22.8 0.313158 0.477477
23.4 0.313158 0.412306
24 0.313158 0.348548
24.6 0.313158 0.287241
25.2 0.313158 0.229347
25.8 0.313158 0.175782
26.4 0.313158 0.127491
27 0.313158 0.0855603
27.6 0.313158 0.051226
28.2 0.313158 0.0256531
28.8 0.313158 0.00939739
29.4 0.313158 0.00169913
30 0.313158 -1.23542e-32
-30 0.365789 -1.1891e-32
-29.4 0.365789 0.00149427
-28.8 0.365789 0.00857026
-28.2 0.365789 0.023815
-27.6 0.365789 0.0480001
-27 0.365789 0.0805132
-26.4 0.365789 0.120081
-25.8 0.365789 0.16537
-25.2 0.365789 0.215273
-24.6 0.365789 0.268926
-24 0.365789 0.325597
-23.4 0.365789 0.384568
-22.8 0.365789 0.445075
-22.2 0.365789 0.506302
-21.6 0.365789 0.567393
-21 0.365789 0.627479
-20.4 0.365789 0.685695
-19.8 0.365789 0.741199
-19.2 0.365789 0.793179
-18.6 0.365789 0.840862
-18 0.365789 0.883523
-17.4 0.365789 0.920492
-16.8 0.365789 0.951161
-16.2 0.365789 0.974998
-15.6 0.365789 0.991557
-15 0.365789 1.00049
-14.4 0.365789 1.00155
-13.8 0.365789 0.994611
-13.2 0.365789 0.979683
-12.6 0.365789 0.956898
-12 0.365789 0.926531
-11.4 0.365789 0.888997
-10.8 0.365789 0.844853
-10.2 0.365789 0.794785
-9.6 0.365789 0.73961
-9 0.365789 0.680252
-8.4 0.365789 0.617731
-7.8 0.365789 0.553137
-7.2 0.365789 0.487611
-6.6 0.365789 0.422312
-6 0.365789 0.358396
-5.4 0.365789 0.296986
-4.8 0.365789 0.239144
-4.2 0.365789 0.185854
-3.6 0.365789 0.137996
-3 0.365789 0.0963342
-2.4 0.365789 0.0615025
-1.8 0.365789 0.0339987
-1.2 0.365789 0.0141803
-0.6 0.365789 0.00226466
0 0.365789 -0.0016676
0.6 0.365789 0.00233348
1.2 0.365789 0.0140951
1.8 0.365789 0.0333308
2.4 0.365789 0.0596512
3 0.365789 0.0925744
3.6 0.365789 0.131537
4.2 0.365789 0.175905
4.8 0.365789 0.224983
5.4 0.365789 0.278027
6 0.365789 0.33425
6.6 0.365789 0.392836
7.2 0.365789 0.452943
7.8 0.365789 0.513718
8.4 0.365789 0.574298
9 0.365789 0.633824
9.6 0.365789 0.691446
10.2 0.365789 0.746332
10.8 0.365789 0.797677
11.4 0.365789 0.844713
12 0.365789 0.886713
12.6 0.365789 0.923008
13.2 0.365789 0.952992
13.8 0.365789 0.976135
14.4 0.365789 0.991994
15 0.365789 1.00022
15.6 0.365789 1.00058
16.2 0.365789 0.992939
16.8 0.365789 0.977316
17.4 0.365789 0.953846
18 0.365789 0.922806
18.6 0.365789 0.884613
19.2 0.365789 0.839821
19.8 0.365789 0.789122
20.4 0.365789 0.733333
21 0.365789 0.673387
21.6 0.365789 0.610317
22.2 0.365789 0.545227
22.8 0.365789 0.479268
23.4 0.365789 0.413593
24 0.365789 0.34932
24.6 0.365789 0.287493
25.2 0.365789 0.22907
25.8 0.365789 0.174979
26.4 0.365789 0.12622
27 0.365789 0.0839839
27.6 0.365789 0.049621
28.2 0.365789 0.0243452
28.8 0.365789 0.00862316
29.4 0.365789 0.0014606
30 0.365789 -1.24139e-32
-30 0.418421 -1.1852e-32
-29.4 0.418421 0.00128586
-28.8 0.418421 0.00786589
-28.2 0.418421 0.0225535
-27.6 0.418421 0.0463037
-27 0.418421 0.0785738
-26.4 0.418421 0.118049
-25.8 0.418421 0.163296
-25.2 0.418421 0.213122
-24.6 0.418421 0.266621
-24 0.418421 0.323069
-23.4 0.418421 0.381781
-22.8 0.418421 0.442032
-22.2 0.418421 0.50303
-21.6 0.418421 0.563938
-21 0.418421 0.623902
-20.4 0.418421 0.682069
-19.8 0.418421 0.737608
-19.2 0.418421 0.789716
-18.6 0.418421 0.837626
-18 0.418421 0.880616
-17.4 0.418421 0.918013
-16.8 0.418421 0.949201
-16.2 0.418421 0.973637
-15.6 0.418421 0.990856
-15 0.418421 1.00049
-14.4 0.418421 1.00227
-13.8 0.418421 0.996036
-13.2 0.418421 0.981775
-12.6 0.418421 0.959591
-12 0.418421 0.929733
-11.4 0.418421 0.892597
-10.8 0.418421 0.84872
-10.2 0.418421 0.798785
-9.6 0.418421 0.743602
-9 0.418421 0.684105
-8.4 0.418421 0.621326
-7.8 0.418421 0.556376
-7.2 0.418421 0.49042
-6.6 0.418421 0.424646
-6 0.418421 0.360237
-5.4 0.418421 0.298345
-4.8 0.418421 0.240055
-4.2 0.418421 0.18637
-3.6 0.418421 0.138184
-3 0.418421 0.0962661
-2.4 0.418421 0.0612513
-1.8 0.418421 0.0336314
-1.2 0.418421 0.0137533
-0.6 0.418421 0.00182003
0 0.418421 -0.00210383
0.6 0.418421 0.00191469
1.2 0.418421 0.0136864
1.8 0.418421 0.0329107
2.4 0.418421 0.0591863
3 0.418421 0.0920231
3.6 0.418421 0.130853
4.2 0.418421 0.175043
4.8 0.418421 0.2239
5.4 0.418421 0.276687
6 0.418421 0.33263
6.6 0.418421 0.390923
7.2 0.418421 0.450743
7.8 0.418421 0.51125
8.4 0.418421 0.571599
9 0.418421 0.630948
9.6 0.418421 0.688462
10.2 0.418421 0.743321
10.8 0.418421 0.794731
11.4 0.418421 0.841929
12 0.418421 0.884191
12.6 0.418421 0.920845
13.2 0.418421 0.951278
13.8 0.418421 0.974948
14.4 0.418421 0.991392
15 0.418421 1.00024
15.6 0.418421 1.00124
16.2 0.418421 0.994232
16.8 0.418421 0.979198
17.4 0.418421 0.956249
18 0.418421 0.92564
18.6 0.418421 0.887765
19.2 0.418421 0.843165
19.8 0.418421 0.792522
20.4 0.418421 0.736651
21 0.418421 0.676493
21.6 0.418421 0.613096
22.2 0.418421 0.547589
22.8 0.418421 0.481152
23.4 0.418421 0.414967
24 0.418421 0.35017
24.6 0.418421 0.287806
25.2 0.418421 0.228836
25.8 0.418421 0.174204
26.4 0.418421 0.124977
27 0.418421 0.0824472
27.6 0.418421 0.0480723
28.2 0.418421 0.0230981
28.8 0.418421 0.0078934
29.4 0.418421 0.00123805
30 0.418421 -1.24426e-32
-30 0.471053 -1.17916e-32
-29.4 0.471053 0.00109345
-28.8 0.471053 0.00720863
-28.2 0.471053 0.0213624
-27.6 0.471053 0.0446819
-27 0.471053 0.0766986
-26.4 0.471053 0.116068
-25.8 0.471053 0.16127
-25.2 0.471053 0.211024
-24.6 0.471053 0.264381
-24 0.471053 0.320616
-23.4 0.471053 0.379075
-22.8 0.471053 0.439068
-22.2 0.471053 0.499834
-21.6 0.471053 0.560557
-21 0.471053 0.620395
-20.4 0.471053 0.678507
-19.8 0.471053 0.734074
-19.2 0.471053 0.7863
-18.6 0.471053 0.834428
-18 0.471053 0.877735
-17.4 0.471053 0.915548
-16.8 0.471053 0.947245
-16.2 0.471053 0.97227
-15.6 0.471053 0.990144
-15 0.471053 1.00047
-14.4 0.471053 1.00297
-13.8 0.471053 0.997448
-13.2 0.471053 0.98386
-12.6 0.471053 0.962286
-12 0.471053 0.932948
-11.4 0.471053 0.896219
-10.8 0.471053 0.852622
-10.2 0.471053 0.802826
-9.6 0.471053 0.747641
-9 0.471053 0.688005
-8.4 0.471053 0.624965
-7.8 0.471053 0.559652
-7.2 0.471053 0.493256
-6.6 0.471053 0.426994
-6 0.471053 0.36208
-5.4 0.471053 0.299692
-4.8 0.471053 0.240942
-4.2 0.471053 0.186852
-3.6 0.471053 0.138329
-3 0.471053 0.09615
-2.4 0.471053 0.0609487
-1.8 0.471053 0.0332113
-1.2 0.471053 0.0132734
-0.6 0.471053 0.00132378
0 0.471053 -0.00258974
0.6 0.471053 0.00144863
1.2 0.471053 0.0132334
1.8 0.471053 0.0324493
2.4 0.471053 0.0586836
3 0.471053 0.0914381
3.6 0.471053 0.130141
4.2 0.471053 0.174157
4.8 0.471053 0.222799
5.4 0.471053 0.275336
6 0.471053 0.331005
6.6 0.471053 0.389013
7.2 0.471053 0.44855
7.8 0.471053 0.508794
8.4 0.471053 0.568917
9 0.471053 0.628091
9.6 0.471053 0.685497
10.2 0.471053 0.740328
10.8 0.471053 0.7918
11.4 0.471053 0.839155
12 0.471053 0.881675
12.6 0.471053 0.918683
13.2 0.471053 0.94956
13.8 0.471053 0.973753
14.4 0.471053 0.990784
15 0.471053 1.00026
15.6 0.471053 1.00191
16.2 0.471053 0.995535
16.8 0.471053 0.981101
17.4 0.471053 0.958689
18 0.471053 0.928526
18.6 0.471053 0.890985
19.2 0.471053 0.846591
19.8 0.471053 0.796014
20.4 0.471053 0.740069
21 0.471053 0.679703
21.6 0.471053 0.615979
22.2 0.471053 0.550052
22.8 0.471053 0.483133
23.4 0.471053 0.416431
24 0.471053 0.351096
24.6 0.471053 0.28818
25.2 0.471053 0.228644
25.8 0.471053 0.17346
26.4 0.471053 0.123763
27 0.471053 0.0809524
27.6 0.471053 0.046579
28.2 0.471053 0.021908
28.8 0.471053 0.00720379
29.4 0.471053 0.00102958
30 0.471053 -1.24477e-32
-30 0.523684 -1.17147e-32
-29.4 0.523684 0.000915534
-28.8 0.523684 0.00659494
-28.2 0.523684 0.020238
-27.6 0.523684 0.0431333
-27 0.523684 0.0748887
-26.4 0.523684 0.114141
-25.8 0.523684 0.159292
-25.2 0.523684 0.208979
-24.6 0.523684 0.262204
-24 0.523684 0.318237
-23.4 0.523684 0.376448
-22.8 0.523684 0.436184
-22.2 0.523684 0.496716
-21.6 0.523684 0.557249
-21 0.523684 0.616957
-20.4 0.523684 0.67501
-19.8 0.523684 0.730597
-19.2 0.523684 0.782934
-18.6 0.523684 0.831267
-18 0.523684 0.874881
-17.4 0.523684 0.913098
-16.8 0.523684 0.945293
-16.2 0.523684 0.970899
-15.6 0.523684 0.989419
-15 0.523684 1.00044
-14.4 0.523684 1.00365
-13.8 0.523684 0.998846
-13.2 0.523684 0.985938
-12.6 0.523684 0.964983
-12 0.523684 0.936175
-11.4 0.523684 0.899865
-10.8 0.523684 0.856557
-10.2 0.523684 0.806908
-9.6 0.523684 0.751727
-9 0.523684 0.691954
-8.4 0.523684 0.62865
-7.8 0.523684 0.562967
-7.2 0.523684 0.496121
-6.6 0.523684 0.429358
-6 0.523684 0.363925
-5.4 0.523684 0.301028
-4.8 0.523684 0.241806
-4.2 0.523684 0.1873
-3.6 0.523684 0.138432
-3 0.523684 0.0959856
-2.4 0.523684 0.0605945
-1.8 0.523684 0.032738
-1.2 0.523684 0.0127405
-0.6 0.523684 0.00077579
0 0.523684 -0.00312541
0.6 0.523684 0.000935303
1.2 0.523684 0.0127359
1.8 0.523684 0.0319466
2.4 0.523684 0.0581433
3 0.523684 0.0908195
3.6 0.523684 0.129399
4.2 0.523684 0.173247
4.8 0.523684 0.22168
5.4 0.523684 0.273974
6 0.523684 0.329374
6.6 0.523684 0.387103
7.2 0.523684 0.446364
7.8 0.523684 0.50635
8.4 0.523684 0.566249
9 0.523684 0.625251
9.6 0.523684 0.68255
10.2 0.523684 0.737351
10.8 0.523684 0.788882
11.4 0.523684 0.836392
12 0.523684 0.879163
12.6 0.523684 0.916521
13.2 0.523684 0.947839
13.8 0.523684 0.972553
14.4 0.523684 0.990169
15 0.523684 1.00028
15.6 0.523684 1.00257
16.2 0.523684 0.996848
16.8 0.523684 0.983026
17.4 0.523684 0.961165
18 0.523684 0.931463
18.6 0.523684 0.894272
19.2 0.523684 0.850098
19.8 0.523684 0.7996
20.4 0.523684 0.743589
21 0.523684 0.683018
21.6 0.523684 0.618967
22.2 0.523684 0.552619
22.8 0.523684 0.485212
23.4 0.523684 0.417984
24 0.523684 0.3521
24.6 0.523684 0.288613
25.2 0.523684 0.228493
25.8 0.523684 0.172746
26.4 0.523684 0.122581
27 0.523684 0.0795009
27.6 0.523684 0.0451402
28.2 0.523684 0.0207716
28.8 0.523684 0.00655106
29.4 0.523684 0.000833791
30 0.523684 -1.24343e-32
-30 0.576316 -1.16251e-32
-29.4 0.576316 0.000750993
-28.8 0.576316 0.00602204
-28.2 0.576316 0.0191775
-27.6 0.576316 0.0416567
-27 0.576316 0.0731449
-26.4 0.576316 0.112269
-25.8 0.576316 0.157363
-25.2 0.576316 0.206986
-24.6 0.576316 0.260089
-24 0.576316 0.315929
-23.4 0.576316 0.373899
-22.8 0.576316 0.43338
-22.2 0.576316 0.493676
-21.6 0.576316 0.554016
-21 0.576316 0.613589
-20.4 0.576316 0.671576
-19.8 0.576316 0.727177
-19.2 0.576316 0.779616
-18.6 0.576316 0.828146
-18 0.576316 0.872054
-17.4 0.576316 0.910665
-16.8 0.576316 0.943347
-16.2 0.576316 0.969523
-15.6 0.576316 0.988683
-15 0.576316 1.0004
-14.4 0.576316 1.00432
-13.8 0.576316 1.00023
-13.2 0.576316 0.988008
-12.6 0.576316 0.96768
-12 0.576316 0.939414
-11.4 0.576316 0.903534
-10.8 0.576316 0.860526
-10.2 0.576316 0.811034
-9.6 0.576316 0.75586
-9 0.576316 0.695952
-8.4 0.576316 0.632382
-7.8 0.576316 0.566322
-7.2 0.576316 0.499015
-6.6 0.576316 0.43174
-6 0.576316 0.365773
-5.4 0.576316 0.302353
-4.8 0.576316 0.242645
-4.2 0.576316 0.187713
-3.6 0.576316 0.138492
-3 0.576316 0.0957727
-2.4 0.576316 0.0601882
-1.8 0.576316 0.0322113
-1.2 0.576316 0.0121545
-0.6 0.576316 0.000175909
0 0.576316 -0.00371091
0.6 0.576316 0.000374685
1.2 0.576316 0.012194
1.8 0.576316 0.0314027
2.4 0.576316 0.0575652
3 0.576316 0.0901673
3.6 0.576316 0.128629
4.2 0.576316 0.172314
4.8 0.576316 0.220543
5.4 0.576316 0.272599
6 0.576316 0.327738
6.6 0.576316 0.385193
7.2 0.576316 0.444184
7.8 0.576316 0.503917
8.4 0.576316 0.563597
9 0.576316 0.622429
9.6 0.576316 0.67962
10.2 0.576316 0.734392
10.8 0.576316 0.785978
11.4 0.576316 0.833638
12 0.576316 0.876657
12.6 0.576316 0.914359
13.2 0.576316 0.946113
13.8 0.576316 0.971345
14.4 0.576316 0.989546
15 0.576316 1.00029
15.6 0.576316 1.00324
16.2 0.576316 0.998169
16.8 0.576316 0.984971
17.4 0.576316 0.963674
18 0.576316 0.934449
18.6 0.576316 0.897624
19.2 0.576316 0.853685
19.8 0.576316 0.803279
20.4 0.576316 0.74721
21 0.576316 0.68644
21.6 0.576316 0.622064
22.2 0.576316 0.555291
22.8 0.576316 0.487393
23.4 0.576316 0.41963
24 0.576316 0.353181
24.6 0.576316 0.289105
25.2 0.576316 0.228383
25.8 0.576316 0.172064
26.4 0.576316 0.121434
27 0.576316 0.0780937
27.6 0.576316 0.0437549
28.2 0.576316 0.0196864
28.8 0.576316 0.00593269
29.4 0.576316 0.000649633
30 0.576316 -1.24058e-32
-30 0.628947 -1.15253e-32
-29.4 0.628947 0.000598948
-28.8 0.628947 0.00548776
-28.2 0.628947 0.0181784
-27.6 0.628947 0.0402506
-27 0.628947 0.0714675
-26.4 0.628947 0.110453
-25.8 0.628947 0.155484
-25.2 0.628947 0.205045
-24.6 0.628947 0.258033
-24 0.628947 0.313691
-23.4 0.628947 0.371427
-22.8 0.628947 0.430656
-22.2 0.628947 0.490714
-21.6 0.628947 0.550857
-21 0.628947 0.61029
-20.4 0.628947 0.668207
-19.8 0.628947 0.723815
-19.2 0.628947 0.776347
-18.6 0.628947 0.825064
-18 0.628947 0.869256
-17.4 0.628947 0.908248
-16.8 0.628947 0.941406
-16.2 0.628947 0.968143
-15.6 0.628947 0.987935
-15 0.628947 1.00033
-14.4 0.628947 1.00497
-13.8 0.628947 1.0016
-13.2 0.628947 0.990069
-12.6 0.628947 0.970377
-12 0.628947 0.942663
-11.4 0.628947 0.907226
-10.8 0.628947 0.864528
-10.2 0.628947 0.815202
-9.6 0.628947 0.760043
-9 0.628947 0.700002
-8.4 0.628947 0.636162
-7.8 0.628947 0.569718
-7.2 0.628947 0.501941
-6.6 0.628947 0.43414
-6 0.628947 0.367625
-5.4 0.628947 0.303668
-4.8 0.628947 0.243462
-4.2 0.628947 0.188092
-3.6 0.628947 0.138509
-3 0.628947 0.0955108
-2.4 0.628947 0.0597295
-1.8 0.628947 0.0316309
-1.2 0.628947 0.011515
-0.6 0.628947 -0.000476003
0 0.628947 -0.00434629
0.6 0.628947 -0.000233231
1.2 0.628947 0.0116077
1.8 0.628947 0.0308177
2.4 0.628947 0.0569496
3 0.628947 0.0894814
3.6 0.628947 0.127829
4.2 0.628947 0.171356
4.8 0.628947 0.219387
5.4 0.628947 0.271212
6 0.628947 0.326096
6.6 0.628947 0.383284
7.2 0.628947 0.442009
7.8 0.628947 0.501495
8.4 0.628947 0.560959
9 0.628947 0.619623
9.6 0.628947 0.676708
10.2 0.628947 0.731448
10.8 0.628947 0.783088
11.4 0.628947 0.830894
12 0.628947 0.874156
12.6 0.628947 0.912197
13.2 0.628947 0.944383
13.8 0.628947 0.97013
14.4 0.628947 0.988915
15 0.628947 1.00029
15.6 0.628947 1.0039
16.2 0.628947 0.999496
16.8 0.628947 0.986934
17.4 0.628947 0.966215
18 0.628947 0.937484
18.6 0.628947 0.901042
19.2 0.628947 0.857353
19.8 0.628947 0.807051
20.4 0.628947 0.750934
21 0.628947 0.689968
21.6 0.628947 0.625269
22.2 0.628947 0.558071
22.8 0.628947 0.489676
23.4 0.628947 0.421368
24 0.628947 0.354339
24.6 0.628947 0.289655
25.2 0.628947 0.228315
25.8 0.628947 0.171414
26.4 0.628947 0.120321
27 0.628947 0.0767313
27.6 0.628947 0.0424222
28.2 0.628947 0.0186503
28.8 0.628947 0.00534671
29.4 0.628947 0.0004763
30 0.628947 -1.23648e-32
-30 0.681579 -1.14172e-32
-29.4 0.681579 0.000458721
-28.8 0.681579 0.00499034
-28.2 0.681579 0.0172387
-27.6 0.681579 0.038914
-27 0.681579 0.0698564
-26.4 0.681579 0.108695
-25.8 0.681579 0.153656
-25.2 0.681579 0.203155
-24.6 0.681579 0.256036
-24 0.681579 0.311521
-23.4 0.681579 0.369031
-22.8 0.681579 0.42801
-22.2 0.681579 0.48783
-21.6 0.681579 0.547771
-21 0.681579 0.60706
-20.4 0.681579 0.664901
-19.8 0.681579 0.72051
-19.2 0.681579 0.773128
-18.6 0.681579 0.822021
-18 0.681579 0.866487
-17.4 0.681579 0.90585
-16.8 0.681579 0.939472
-16.2 0.681579 0.96676
-15.6 0.681579 0.987176
-15 0.681579 1.00025
-14.4 0.681579 1.00561
-13.8 0.681579 1.00295
-13.2 0.681579 0.992119
-12.6 0.681579 0.973073
-12 0.681579 0.945922
-11.4 0.681579 0.910939
-10.8 0.681579 0.868564
-10.2 0.681579 0.819413
-9.6 0.681579 0.764275
-9 0.681579 0.704103
-8.4 0.681579 0.639992
-7.8 0.681579 0.573158
-7.2 0.681579 0.5049
-6.6 0.681579 0.436559
-6 0.681579 0.369482
-5.4 0.681579 0.304973
-4.8 0.681579 0.244255
-4.2 0.681579 0.188436
-3.6 0.681579 0.138483
-3 0.681579 0.0951996
-2.4 0.681579 0.0592181
-1.8 0.681579 0.0309965
-1.2 0.681579 0.0108218
-0.6 0.681579 -0.00118009
0 0.681579 -0.00503165
0.6 0.681579 -0.000888456
1.2 0.681579 0.010977
1.8 0.681579 0.0301915
2.4 0.681579 0.0562964
3 0.681579 0.0887619
3.6 0.681579 0.127
4.2 0.681579 0.170375
4.8 0.681579 0.218213
5.4 0.681579 0.269813
6 0.681579 0.324447
6.6 0.681579 0.381375
7.2 0.681579 0.43984
7.8 0.681579 0.499083
8.4 0.681579 0.558335
9 0.681579 0.616833
9.6 0.681579 0.673813
10.2 0.681579 0.728521
10.8 0.681579 0.780212
11.4 0.681579 0.82816
12 0.681579 0.87166
12.6 0.681579 0.910036
13.2 0.681579 0.942649
13.8 0.681579 0.968907
14.4 0.681579 0.988275
15 0.681579 1.00029
15.6 0.681579 1.00457
16.2 0.681579 1.00083
16.8 0.681579 0.988913
17.4 0.681579 0.968787
18 0.681579 0.940566
18.6 0.681579 0.904523
19.2 0.681579 0.861101
19.8 0.681579 0.810916
20.4 0.681579 0.75476
21 0.681579 0.693606
21.6 0.681579 0.628585
22.2 0.681579 0.560961
22.8 0.681579 0.492063
23.4 0.681579 0.423199
24 0.681579 0.355574
24.6 0.681579 0.290263
25.2 0.681579 0.228289
25.8 0.681579 0.170799
26.4 0.681579 0.119244
27 0.681579 0.075414
27.6 0.681579 0.0411411
28.2 0.681579 0.0176616
28.8 0.681579 0.00479159
29.4 0.681579 0.000313179
30 0.681579 -1.23132e-32
-30 0.734211 -1.1302e-32
-29.4 0.734211 0.000329794
-28.8 0.734211 0.00452845
-28.2 0.734211 0.0163568
-27.6 0.734211 0.0376457
-27 0.734211 0.0683117
-26.4 0.734211 0.106995
-25.8 0.734211 0.15188
-25.2 0.734211 0.201317
-24.6 0.734211 0.254097
-24 0.734211 0.309418
-23.4 0.734211 0.36671
-22.8 0.734211 0.425443
-22.2 0.734211 0.485023
-21.6 0.734211 0.544761
-21 0.734211 0.6039
-20.4 0.734211 0.661659
-19.8 0.734211 0.717263
-19.2 0.734211 0.769958
-18.6 0.734211 0.81902
-18 0.734211 0.863747
-17.4 0.734211 0.903469
-16.8 0.734211 0.937545
-16.2 0.734211 0.965374
-15.6 0.734211 0.986407
-15 0.734211 1.00016
-14.4 0.734211 1.00622
-13.8 0.734211 1.00429
-13.2 0.734211 0.99416
-12.6 0.734211 0.975767
-12 0.734211 0.94919
-11.4 0.734211 0.914673
-10.8 0.734211 0.872633
-10.2 0.734211 0.823667
-9.6 0.734211 0.768558
-9 0.734211 0.708258
-8.4 0.734211 0.643874
-7.8 0.734211 0.576644
-7.2 0.734211 0.507893
-6.6 0.734211 0.439
-6 0.734211 0.371345
-5.4 0.734211 0.306269
-4.8 0.734211 0.245025
-4.2 0.734211 0.188746
-3.6 0.734211 0.138413
-3 0.734211 0.0948388
-2.4 0.734211 0.0586536
-1.8 0.734211 0.0303077
-1.2 0.734211 0.0100747
-0.6 0.734211 -0.00193651
0 0.734211 -0.00576703
0.6 0.734211 -0.001591
1.2 0.734211 0.010302
1.8 0.734211 0.0295242
2.4 0.734211 0.0556056
3 0.734211 0.0880089
3.6 0.734211 0.126142
4.2 0.734211 0.169369
4.8 0.734211 0.217021
5.4 0.734211 0.268401
6 0.734211 0.322792
6.6 0.734211 0.379464
7.2 0.734211 0.437676
7.8 0.734211 0.49668
8.4 0.734211 0.555725
9 0.734211 0.614059
9.6 0.734211 0.670935
10.2 0.734211 0.725609
10.8 0.734211 0.777349
11.4 0.734211 0.825436
12 0.734211 0.869169
12.6 0.734211 0.907875
13.2 0.734211 0.94091
13.8 0.734211 0.967676
14.4 0.734211 0.987625
15 0.734211 1.00027
15.6 0.734211 1.00522
16.2 0.734211 1.00216
16.8 0.734211 0.990907
17.4 0.734211 0.971389
18 0.734211 0.943694
18.6 0.734211 0.908068
19.2 0.734211 0.864928
19.8 0.734211 0.814873
20.4 0.734211 0.75869
21 0.734211 0.697353
21.6 0.734211 0.632014
22.2 0.734211 0.563963
22.8 0.734211 0.494557
23.4 0.734211 0.425126
24 0.734211 0.356888
24.6 0.734211 0.29093
25.2 0.734211 0.228305
25.8 0.734211 0.170218
26.4 0.734211 0.118205
27 0.734211 0.0741419
27.6 0.734211 0.039911
28.2 0.734211 0.016719
28.8 0.734211 0.00426613
29.4 0.734211 0.000159806
30 0.734211 -1.22521e-32
-30 0.786842 -1.11806e-32
-29.4 0.786842 0.000211787
-28.8 0.786842 0.00410106
-28.2 0.786842 0.0155313
-27.6 0.786842 0.0364449
-27 0.786842 0.0668331
-26.4 0.786842 0.105353
-25.8 0.786842 0.150155
-25.2 0.786842 0.199529
-24.6 0.786842 0.252214
-24 0.786842 0.307382
-23.4 0.786842 0.364463
-22.8 0.786842 0.422954
-22.2 0.786842 0.482294
-21.6 0.786842 0.541825
-21 0.786842 0.60081
-20.4 0.786842 0.658482
-19.8 0.786842 0.714073
-19.2 0.786842 0.766839
-18.6 0.786842 0.816059
-18 0.786842 0.861039
-17.4 0.786842 0.901109
-16.8 0.786842 0.935627
-16.2 0.786842 0.963987
-15.6 0.786842 0.985628
-15 0.786842 1.00005
-14.4 0.786842 1.00682
-13.8 0.786842 1.00561
-13.2 0.786842 0.996188
-12.6 0.786842 0.978458
-12 0.786842 0.952466
-11.4 0.786842 0.918428
-10.8 0.786842 0.876735
-10.2 0.786842 0.827966
-9.6 0.786842 0.772893
-9 0.786842 0.712468
-8.4 0.786842 0.64781
-7.8 0.786842 0.580176
-7.2 0.786842 0.510922
-6.6 0.786842 0.441463
-6 0.786842 0.373216
-5.4 0.786842 0.307557
-4.8 0.786842 0.245773
-4.2 0.786842 0.189021
-3.6 0.786842 0.1383
-3 0.786842 0.0944279
-2.4 0.786842 0.0580357
-1.8 0.786842 0.0295643
-1.2 0.786842 0.00927349
-0.6 0.786842 -0.0027454
0 0.786842 -0.00655253
0.6 0.786842 -0.00234087
1.2 0.786842 0.00958272
1.8 0.786842 0.0288158
2.4 0.786842 0.0548773
3 0.786842 0.0872223
3.6 0.786842 0.125255
4.2 0.786842 0.168339
4.8 0.786842 0.215809
5.4 0.786842 0.266975
6 0.786842 0.32113
6.6 0.786842 0.377553
7.2 0.786842 0.435517
7.8 0.786842 0.494287
8.4 0.786842 0.553128
9 0.786842 0.611301
9.6 0.786842 0.668073
10.2 0.786842 0.722713
10.8 0.786842 0.774499
11.4 0.786842 0.822721
12 0.786842 0.866683
12.6 0.786842 0.905714
13.2 0.786842 0.939167
13.8 0.786842 0.966437
14.4 0.786842 0.986965
15 0.786842 1.00025
15.6 0.786842 1.00587
16.2 0.786842 1.0035
16.8 0.786842 0.992914
17.4 0.786842 0.974017
18 0.786842 0.946865
18.6 0.786842 0.911674
19.2 0.786842 0.868833
19.8 0.786842 0.818924
20.4 0.786842 0.762724
21 0.786842 0.701212
21.6 0.786842 0.635558
22.2 0.786842 0.567079
22.8 0.786842 0.497159
23.4 0.786842 0.427149
24 0.786842 0.35828
24.6 0.786842 0.291656
25.2 0.786842 0.228364
25.8 0.786842 0.169672
26.4 0.786842 0.117202
27 0.786842 0.072915
27.6 0.786842 0.038731
28.2 0.786842 0.0158213
28.8 0.786842 0.00376946
29.4 0.786842 1.58493e-05
30 0.786842 -1.21824e-32
-30 0.839474 -1.10533e-32
-29.4 0.839474 0.000104452
-28.8 0.839474 0.00370743
-28.2 0.839474 0.0147613
-27.6 0.839474 0.0353105
-27 0.839474 0.0654202
-26.4 0.839474 0.10377
-25.8 0.839474 0.148482
-25.2 0.839474 0.197793
-24.6 0.839474 0.250389
-24 0.839474 0.30541
-23.4 0.839474 0.362288
-22.8 0.839474 0.420542
-22.2 0.839474 0.479643
-21.6 0.839474 0.538963
-21 0.839474 0.597789
-20.4 0.839474 0.655368
-19.8 0.839474 0.710941
-19.2 0.839474 0.76377
-18.6 0.839474 0.81314
-18 0.839474 0.858362
-17.4 0.839474 0.898769
-16.8 0.839474 0.933719
-16.2 0.839474 0.962599
-15.6 0.839474 0.98484
-15 0.839474 0.999923
-14.4 0.839474 1.0074
-13.8 0.839474 1.00691
-13.2 0.839474 0.998205
-12.6 0.839474 0.981145
-12 0.839474 0.95575
-11.4 0.839474 0.922203
-10.8 0.839474 0.880869
-10.2 0.839474 0.832309
-9.6 0.839474 0.777279
-9 0.839474 0.716733
-8.4 0.839474 0.6518
-7.8 0.839474 0.583756
-7.2 0.839474 0.51399
-6.6 0.839474 0.44395
-6 0.839474 0.375094
-5.4 0.839474 0.308837
-4.8 0.839474 0.246498
-4.2 0.839474 0.189262
-3.6 0.839474 0.138142
-3 0.839474 0.0939667
-2.4 0.839474 0.0573639
-1.8 0.839474 0.0287659
-1.2 0.839474 0.00841788
-0.6 0.839474 -0.00360693
0 0.839474 -0.0073882
0.6 0.839474 -0.00313809
1.2 0.839474 0.00881916
1.8 0.839474 0.0280665
2.4 0.839474 0.0541116
3 0.839474 0.0864021
3.6 0.839474 0.124338
4.2 0.839474 0.167285
4.8 0.839474 0.214579
5.4 0.839474 0.265537
6 0.839474 0.31946
6.6 0.839474 0.37564
7.2 0.839474 0.433361
7.8 0.839474 0.491903
8.4 0.839474 0.550542
9 0.839474 0.608558
9.6 0.839474 0.665227
10.2 0.839474 0.719832
10.8 0.839474 0.771663
11.4 0.839474 0.820016
12 0.839474 0.864203
12.6 0.839474 0.903553
13.2 0.839474 0.937419
13.8 0.839474 0.96519
14.4 0.839474 0.986294
15 0.839474 1.00022
15.6 0.839474 1.00652
16.2 0.839474 1.00484
16.8 0.839474 0.994933
17.4 0.839474 0.976672
18 0.839474 0.95008
18.6 0.839474 0.91534
19.2 0.839474 0.872816
19.8 0.839474 0.823068
20.4 0.839474 0.766862
21 0.839474 0.705183
21.6 0.839474 0.639218
22.2 0.839474 0.57031
22.8 0.839474 0.499871
23.4 0.839474 0.429269
24 0.839474 0.359751
24.6 0.839474 0.292442
25.2 0.839474 0.228467
25.8 0.839474 0.169161
26.4 0.839474 0.116238
27 0.839474 0.0717331
27.6 0.839474 0.0376005
28.2 0.839474 0.0149678
28.8 0.839474 0.00330097
29.4 0.839474 -0.000118899
30 0.839474 -1.21042e-32
-30 0.892105 -1.092e-32
-29.4 0.892105 7.67361e-06
-28.8 0.892105 0.00334715
-28.2 0.892105 0.0140461
-27.6 0.892105 0.0342418
-27 0.892105 0.0640724
-26.4 0.892105 0.102245
-25.8 0.892105 0.146861
-25.2 0.892105 0.196109
-24.6 0.892105 0.248619
-24 0.892105 0.303502
-23.4 0.892105 0.360185
-22.8 0.892105 0.418206
-22.2 0.892105 0.477068
-21.6 0.892105 0.536175
-21 0.892105 0.594839
-20.4 0.892105 0.652319
-19.8 0.892105 0.707867
-19.2 0.892105 0.760751
-18.6 0.892105 0.810263
-18 0.892105 0.855717
-17.4 0.892105 0.89645
-16.8 0.892105 0.93182
-16.2 0.892105 0.961211
-15.6 0.892105 0.984042
-15 0.892105 0.999782
-14.4 0.892105 1.00796
-13.8 0.892105 1.0082
-13.2 0.892105 1.00021
-12.6 0.892105 0.983827
-12 0.892105 0.95904
-11.4 0.892105 0.925997
-10.8 0.892105 0.885037
-10.2 0.892105 0.836695
-9.6 0.892105 0.781719
-9 0.892105 0.721056
-8.4 0.892105 0.655846
-7.8 0.892105 0.587387
-7.2 0.892105 0.517097
-6.6 0.892105 0.446462
-6 0.892105 0.376982
-5.4 0.892105 0.31011
-4.8 0.892105 0.247201
-4.2 0.892105 0.189467
-3.6 0.892105 0.13794
-3 0.892105 0.0934547
-2.4 0.892105 0.0566378
-1.8 0.892105 0.0279122
-1.2 0.892105 0.00750762
-0.6 0.892105 -0.00452125
0 0.892105 -0.00827412
0.6 0.892105 -0.00398264
1.2 0.892105 0.00801137
1.8 0.892105 0.0272762
2.4 0.892105 0.0533085
3 0.892105 0.0855484
3.6 0.892105 0.123393
4.2 0.892105 0.166206
4.8 0.892105 0.213329
5.4 0.892105 0.264085
6 0.892105 0.317782
6.6 0.892105 0.373725
7.2 0.892105 0.431209
7.8 0.892105 0.489526
8.4 0.892105 0.547969
9 0.892105 0.605829
9.6 0.892105 0.662396
10.2 0.892105 0.716967
10.8 0.892105 0.768839
11.4 0.892105 0.817321
12 0.892105 0.861727
12.6 0.892105 0.901392
13.2 0.892105 0.935666
13.8 0.892105 0.963933
14.4 0.892105 0.985613
15 0.892105 1.00018
15.6 0.892105 1.00716
16.2 0.892105 1.00618
16.8 0.892105 0.996962
17.4 0.892105 0.979351
18 0.892105 0.953335
18.6 0.892105 0.919066
19.2 0.892105 0.876876
19.8 0.892105 0.827303
20.4 0.892105 0.771104
21 0.892105 0.709267
21.6 0.892105 0.642996
22.2 0.892105 0.57366
22.8 0.892105 0.502693
23.4 0.892105 0.431487
24 0.892105 0.361303
24.6 0.892105 0.293288
25.2 0.892105 0.228613
25.8 0.892105 0.168687
26.4 0.892105 0.115311
27 0.892105 0.0705957
27.6 0.892105 0.0365188
28.2 0.892105 0.0141578
28.8 0.892105 0.00286036
29.4 0.892105 -0.000244516
30 0.892105 -1.20175e-32
-30 0.944737 -1.07797e-32
-29.4 0.944737 -7.84955e-05
-28.8 0.944737 0.00302017
-28.2 0.944737 0.0133852
-27.6 0.944737 0.0332381
-27 0.944737 0.0627891
-26.4 0.944737 0.100778
-25.8 0.944737 0.145293
-25.2 0.944737 0.194475
-24.6 0.944737 0.246906
-24 0.944737 0.301658
-23.4 0.944737 0.358152
-22.8 0.944737 0.415945
-22.2 0.944737 0.47457
-21.6 0.944737 0.533462
-21 0.944737 0.591958
-20.4 0.944737 0.649334
-19.8 0.944737 0.704852
-19.2 0.944737 0.757784
-18.6 0.944737 0.807428
-18 0.944737 0.853104
-17.4 0.944737 0.894153
-16.8 0.944737 0.929932
-16.2 0.944737 0.959823
-15.6 0.944737 0.983236
-15 0.944737 0.999626
-14.4 0.944737 1.00851
-13.8 0.944737 1.00947
-13.2 0.944737 1.0022
-12.6 0.944737 0.986504
-12 0.944737 0.962335
-11.4 0.944737 0.92981
-10.8 0.944737 0.889236
-10.2 0.944737 0.841127
-9.6 0.944737 0.786212
-9 0.944737 0.725438
-8.4 0.944737 0.659951
-7.8 0.944737 0.59107
-7.2 0.944737 0.520245
-6.6 0.944737 0.449001
-6 0.944737 0.37888
-5.4 0.944737 0.311376
-4.8 0.944737 0.247882
-4.2 0.944737 0.189638
-3.6 0.944737 0.137693
-3 0.944737 0.0928915
-2.4 0.944737 0.0558571
-1.8 0.944737 0.0270027
-1.2 0.944737 0.00654245
-0.6 0.944737 -0.00548853
0 0.944737 -0.00921037
0.6 0.944737 -0.00487455
1.2 0.944737 0.00715938
1.8 0.944737 0.0264451
2.4 0.944737 0.052468
3 0.944737 0.0846611
3.6 0.944737 0.122418
4.2 0.944737 0.165103
4.8 0.944737 0.212061
5.4 0.944737 0.262619
6 0.944737 0.316097
6.6 0.944737 0.371808
7.2 0.944737 0.42906
7.8 0.944737 0.487158
8.4 0.944737 0.545408
9 0.944737 0.603114
9.6 0.944737 0.659581
10.2 0.944737 0.714116
10.8 0.944737 0.766029
11.4 0.944737 0.814635
12 0.944737 0.859257
12.6 0.944737 0.899231
13.2 0.944737 0.933909
13.8 0.944737 0.962668
14.4 0.944737 0.984919
15 0.944737 1.00012
15.6 0.944737 1.00779
16.2 0.944737 1.00751
16.8 0.944737 0.998999
17.4 0.944737 0.982053
18 0.944737 0.95663
18.6 0.944737 0.922849
19.2 0.944737 0.881012
19.8 0.944737 0.831631
20.4 0.944737 0.775453
21 0.944737 0.713467
21.6 0.944737 0.646895
22.2 0.944737 0.577129
22.8 0.944737 0.505629
23.4 0.944737 0.433805
24 0.944737 0.362936
24.6 0.944737 0.294196
25.2 0.944737 0.228805
25.8 0.944737 0.16825
26.4 0.944737 0.114422
27 0.944737 0.0695023
27.6 0.944737 0.0354853
28.2 0.944737 0.0133911
28.8 0.944737 0.00244765
29.4 0.944737 -0.000360924
30 0.944737 -1.19213e-32
-30 0.997368 -1.06302e-32
-29.4 0.997368 -0.000153762
-28.8 0.997368 0.00272689
-28.2 0.997368 0.0127784
-27.6 0.997368 0.0322984
-27 0.997368 0.0615693
-26.4 0.997368 0.0993689
-25.8 0.997368 0.143777
-25.2 0.997368 0.192894
-24.6 0.997368 0.245247
-24 0.997368 0.299876
-23.4 0.997368 0.356189
-22.8 0.997368 0.413759
-22.2 0.997368 0.472148
-21.6 0.997368 0.530824
-21 0.997368 0.589148
-20.4 0.997368 0.646414
-19.8 0.997368 0.701894
-19.2 0.997368 0.754867
-18.6 0.997368 0.804636
-18 0.997368 0.850525
-17.4 0.997368 0.891879
-16.8 0.997368 0.928057
-16.2 0.997368 0.958436
-15.6 0.997368 0.982422
-15 0.997368 0.999455
-14.4 0.997368 1.00903
-13.8 0.997368 1.01072
-13.2 0.997368 1.00417
-12.6 0.997368 0.989173
-12 0.997368 0.965635
-11.4 0.997368 0.933641
-10.8 0.997368 0.893467
-10.2 0.997368 0.845602
-9.6 0.997368 0.79076
-9 0.997368 0.72988
-8.4 0.997368 0.664116
-7.8 0.997368 0.594808
-7.2 0.997368 0.523437
-6.6 0.997368 0.451569
-6 0.997368 0.380789
-5.4 0.997368 0.312637
-4.8 0.997368 0.248542
-4.2 0.997368 0.189773
-3.6 0.997368 0.137402
-3 0.997368 0.0922766
-2.4 0.997368 0.0550212
-1.8 0.997368 0.0260372
-1.2 0.997368 0.00552209
-0.6 0.997368 -0.00650893
0 0.997368 -0.010197
0.6 0.997368 -0.00581382
1.2 0.997368 0.00626322
1.8 0.997368 0.0255731
2.4 0.997368 0.0515902
3 0.997368 0.0837404
3.6 0.997368 0.121414
4.2 0.997368 0.163976
4.8 0.997368 0.210772
5.4 0.997368 0.261139
6 0.997368 0.314403
6.6 0.997368 0.369888
7.2 0.997368 0.426913
7.8 0.997368 0.484797
8.4 0.997368 0.542858
9 0.997368 0.600413
9.6 0.997368 0.656781
10.2 0.997368 0.71128
10.8 0.997368 0.763231
11.4 0.997368 0.811958
12 0.997368 0.856791
12.6 0.997368 0.89707
13.2 0.997368 0.932146
13.8 0.997368 0.961393
14.4 0.997368 0.984214
15 0.997368 1.00005
15.6 0.997368 1.00841
16.2 0.997368 1.00885
16.8 0.997368 1.00104
17.4 0.997368 0.984775
18 0.997368 0.959963
18.6 0.997368 0.926689
19.2 0.997368 0.885222
19.8 0.997368 0.836051
20.4 0.997368 0.779907
21 0.997368 0.717783
21.6 0.997368 0.650915
22.2 0.997368 0.580719
22.8 0.997368 0.50868
23.4 0.997368 0.436224
24 0.997368 0.364652
24.6 0.997368 0.295166
25.2 0.997368 0.229043
25.8 0.997368 0.16785
26.4 0.997368 0.11357
27 0.997368 0.068452
27.6 0.997368 0.0344992
28.2 0.997368 0.0126676
28.8 0.997368 0.00206332
29.4 0.997368 -0.000467803
30 0.997368 -1.18132e-32
-30 1.05 -1.04668e-32
-29.4 1.05 -0.000217404
-28.8 1.05 0.00246851
-28.2 1.05 0.0122259
-27.6 1.05 0.0314216
-27 1.05 0.0604117
-26.4 1.05 0.098017
-25.8 1.05 0.142315
-25.2 1.05 0.191364
-24.6 1.05 0.243645
-24 1.05 0.298155
-23.4 1.05 0.354294
-22.8 1.05 0.411646
-22.2 1.05 0.469802
-21.6 1.05 0.528259
-21 1.05 0.586407
-20.4 1.05 0.643559
-19.8 1.05 0.698995
-19.2 1.05 0.752002
-18.6 1.05 0.801887
-18 1.05 0.84798
-17.4 1.05 0.889629
-16.8 1.05 0.926194
-16.2 1.05 0.957052
-15.6 1.05 0.981601
-15 1.05 0.99927
-14.4 1.05 1.00954
-13.8 1.05 1.01195
-13.2 1.05 1.00613
-12.6 1.05 0.991836
-12 1.05 0.968938
-11.4 1.05 0.937488
-10.8 1.05 0.897729
-10.2 1.05 0.850123
-9.6 1.05 0.795363
-9 1.05 0.734382
-8.4 1.05 0.668342
-7.8 1.05 0.598601
-7.2 1.05 0.526674
-6.6 1.05 0.454167
-6 1.05 0.382711
-5.4 1.05 0.313892
-4.8 1.05 0.24918
-4.2 1.05 0.189874
-3.6 1.05 0.137064
-3 1.05 0.0916097
-2.4 1.05 0.0541298
-1.8 1.05 0.0250153
-1.2 1.05 0.00444627
-0.6 1.05 -0.00758261
0 1.05 -0.0112341
0.6 1.05 -0.00680045
1.2 1.05 0.00532294
1.8 1.05 0.0246603
2.4 1.05 0.0506751
3 1.05 0.0827862
3.6 1.05 0.120381
4.2 1.05 0.162823
4.8 1.05 0.209464
5.4 1.05 0.259645
6 1.05 0.312701
6.6 1.05 0.367965
7.2 1.05 0.424769
7.8 1.05 0.482443
8.4 1.05 0.540318
9 1.05 0.597725
9.6 1.05 0.653995
10.2 1.05 0.708457
10.8 1.05 0.760445
11.4 1.05 0.809291
12 1.05 0.854331
12.6 1.05 0.894909
13.2 1.05 0.930378
13.8 1.05 0.960109
14.4 1.05 0.983496
15 1.05 0.99997
15.6 1.05 1.00901
16.2 1.05 1.01017
16.8 1.05 1.00309
17.4 1.05 0.987516
18 1.05 0.963331
18.6 1.05 0.930583
19.2 1.05 0.889506
19.8 1.05 0.840562
20.4 1.05 0.784468
21 1.05 0.722217
21.6 1.05 0.655059
22.2 1.05 0.584434
22.8 1.05 0.511847
23.4 1.05 0.438746
24 1.05 0.366451
24.6 1.05 0.2962
25.2 1.05 0.229328
25.8 1.05 0.167488
26.4 1.05 0.112755
27 1.05 0.0674435
27.6 1.05 0.0335595
28.2 1.05 0.0119875
28.8 1.05 0.00170858
29.4 1.05 -0.000564416
30 1.05 -1.16886e-32
