4040	
	-5.676905119e-41	-2.322428138e-11	-5.925830861e-11	-5.652963519e-11	2.231418247e-11
	1.798253942e-10	3.684654031e-10	4.906454757e-10	4.236722328e-10	7.187844332e-11
	-5.655549698e-10	-1.338166354e-09	-1.935310883e-09	-1.95464541e-09	-1.051951912e-09
	8.64322919e-10	3.470082349e-09	5.987131154e-09	7.337439304e-09	6.488833119e-09
	2.89690273e-09	-3.129817162e-09	-1.03306665e-08	-1.677753834e-08	-2.051296717e-08
	-2.033572503e-08	-1.63983955e-08	-1.027567591e-08	-4.351514505e-09	-7.460769046e-10
	-3.350708631e-10	-2.420517177e-09	-5.249324235e-09	-7.067812844e-09	-7.069346579e-09
	-5.658511502e-09	-3.898797443e-09	-2.566622741e-09	-1.534968492e-09	-6.748038197e-12
	2.533801005e-09	5.494646425e-09	7.530839375e-09	8.462783452e-09	1.174870188e-08
	2.531667576e-08	5.883080529e-08	1.176489368e-07	1.966176111e-07	2.781708249e-07
	3.374141829e-07	3.5261351e-07	3.155086488e-07	2.352647778e-07	1.338976403e-07
	3.666469226e-08	-3.686187622e-08	-7.736975245e-08	-8.573250019e-08	-7.004482432e-08
	-4.171465095e-08	-1.187048458e-08	1.125009719e-08	2.359024338e-08	2.519541051e-08
	1.90614615e-08	9.459619083e-09	3.390390394e-10	-5.740749871e-09	-7.959315137e-09
	-6.949153189e-09	-4.139620471e-09	-1.047333606e-09	1.239861969e-09	2.27359644e-09
	2.174953853e-09	1.396901679e-09	4.54936527e-10	-2.705751549e-10	-6.158862266e-10
	-6.107237471e-10	-3.955066342e-10	-1.298071017e-10	7.18210203e-11	1.634643019e-10
	1.574542061e-10	9.66744358e-11	2.647980815e-11	-2.313634112e-11	-4.245015113e-11
	-3.727027177e-11	-2.023513764e-11	-3.090288713e-12	7.476277402e-12	1.029273898e-11
	7.813492246e-12	3.591323591e-12	3.52993514e-13	-8.405509649e-13	-4.857269173e-13
	-2.569150994e-42	-5.1752967e-41	-2.25994308e-11	-5.86751207e-11	-5.895017666e-11
	1.337888092e-11	1.628794051e-10	3.464035883e-10	4.716114959e-10	4.19294721e-10
	9.270044575e-11	-5.162073739e-10	-1.269261562e-09	-1.869018611e-09	-1.920969096e-09
	-1.077542134e-09	7.694632937e-10	3.321895708e-09	5.826790866e-09	7.218029556e-09
	6.452931871e-09	2.954927921e-09	-3.007847055e-09	-1.020159337e-08	-1.669301045e-08
	-2.048574917e-08	-2.032731427e-08	-1.634176803e-08	-1.012450492e-08	-4.125139525e-09
	-5.353553429e-10	-2.555860452e-10	-2.535653228e-09	-5.512378612e-09	-7.32867434e-09
	-7.154598836e-09	-5.48378073e-09	-3.541176651e-09	-2.238694016e-09	-1.458860686e-09
	-2.516668744e-10	2.160807818e-09	5.440005265e-09	8.338116976e-09	1.04491334e-08
	1.454098869e-08	2.745194159e-08	5.78353409e-08	1.109257537e-07	1.829258163e-07
	2.588061211e-07	3.1608232e-07	3.33820551e-07	3.024539711e-07	2.286252096e-07
	1.321863873e-07	3.762254568e-08	-3.499503771e-08	-7.54261427e-08	-8.392276022e-08
	-6.843369399e-08	-4.0444422e-08	-1.111031688e-08	1.143131108e-08	2.327710922e-08
	2.458724738e-08	1.83920748e-08	8.923218559e-09	4.517051168e-11	-5.778118523e-09
	-7.803118939e-09	-6.702067851e-09	-3.903151806e-09	-8.908038241e-10	1.29247062e-09
	2.238660176e-09	2.092184881e-09	1.309211803e-09	3.930175504e-10	-2.948600223e-10
	-6.075158421e-10	-5.842279983e-10	-3.666398835e-10	-1.095395135e-10	7.955102052e-11
	1.606614791e-10	1.491803023e-10	8.806495264e-11	2.081856927e-11	-2.493699839e-11
	-4.127883689e-11	-3.477807721e-11	-1.790540454e-11	-1.736666425e-12	7.751989992e-12
	9.845385428e-12	7.120834332e-12	3.007991221e-12	1.850372112e-14	-9.622906312e-13
	-5.039922386e-13	-2.353129569e-42	-4.693458903e-41	-2.191024994e-11	-5.782400664e-11
	-6.080357474e-11	5.275426326e-12	1.468094106e-10	3.248844735e-10	4.523934116e-10
	4.138143782e-10	1.117039077e-10	-4.687572536e-10	-1.201465151e-09	-1.802356755e-09
	-1.885369347e-09	-1.100378066e-09	6.76920589e-10	3.174398265e-09	5.665036332e-09
	7.095596652e-09	6.413657904e-09	3.010886103e-09	-2.884834714e-09	-1.00666716e-08
	-1.659686416e-08	-2.044185707e-08	-2.029997791e-08	-1.626779287e-08	-9.960174732e-09
	-3.889498107e-09	-3.16715926e-10	-1.677201638e-10	-2.643779163e-09	-5.775085929e-09
	-7.600113839e-09	-7.257869542e-09	-5.31951042e-09	-3.165395737e-09	-1.853814583e-09
	-1.307130825e-09	-4.533958575e-10	1.749030023e-09	5.261172414e-09	8.982549308e-09
	1.227482417e-08	1.715914279e-08	2.936975344e-08	5.664927118e-08	1.04252067e-07
	1.697374879e-07	2.40373782e-07	2.957771637e-07	3.157262166e-07	2.895787773e-07
	2.218104428e-07	1.302749342e-07	3.855494195e-08	-3.301813471e-08	-7.339208632e-08
	-8.213396885e-08	-6.692296621e-08	-3.926940327e-08	-1.039119183e-08	1.161845539e-08
	2.298685204e-08	2.399865395e-08	1.773512784e-08	8.395609202e-09	-2.411264934e-10
	-5.809641701e-09	-7.644388307e-09	-6.4564705e-09	-3.671377971e-09	-7.402638067e-10
	1.339909831e-09	2.200860216e-09	2.009269e-09	1.22347918e-09	3.339582063e-10
	-3.166036444e-10	-5.977114699e-10	-5.57582788e-10	-3.385721909e-10	-9.043854219e-11
	8.628463292e-11	1.573381898e-10	1.408920864e-10	7.977851451e-11	1.557940109e-11
	-2.640984856e-11	-3.996328866e-11	-3.231236037e-11	-1.569915615e-11	-5.196756756e-13
	7.935501568e-12	9.368874217e-12	6.449170101e-12	2.468493207e-12	-2.747614725e-13
	-1.059475195e-12	-5.149667047e-13	-2.139680135e-42	-4.23249701e-41	-2.116514487e-11
	-5.672939509e-11	-6.212332178e-11	-2.02115516e-12	1.316175155e-10	3.039449467e-10
	4.330518212e-10	4.072873103e-10	1.289071972e-10	-4.232453763e-10	-1.134872866e-09
	-1.735439598e-09	-1.847911533e-09	-1.120396675e-09	5.86923141e-10	3.027898559e-09
	5.502025373e-09	6.969902978e-09	6.370375374e-09	3.064128918e-09	-2.76086547e-09
	-9.925140846e-09	-1.64878691e-08	-2.038045937e-08	-2.025400159e-08	-1.617788182e-08
	-9.784496801e-09	-3.645824527e-09	-9.01840448e-11	-7.032638377e-11	-2.743262041e-09
	-6.036244649e-09	-7.881676353e-09	-7.378615592e-09	-5.164226756e-09	-2.770945236e-09
	-1.417482225e-09	-1.093125945e-09	-6.232858162e-10	1.306412348e-09	4.98850528e-09
	9.491622592e-09	1.393313284e-08	1.956660925e-08	3.105027556e-08	5.530898895e-08
	9.769625828e-08	1.570769949e-07	2.228151343e-07	2.764075119e-07	2.982930692e-07
	2.769309927e-07	2.148944627e-07	1.281836577e-07	3.941760314e-08	-3.098489028e-08
	-7.127870576e-08	-8.033558272e-08	-6.547943188e-08	-3.818188089e-08	-9.725810021e-09
	1.17983872e-08	2.271623912e-08	2.343305263e-08	1.709401834e-08	7.877551026e-09
	-5.206244498e-10	-5.836039509e-09	-7.483307226e-09	-6.212272391e-09	-3.444219556e-09
	-5.956950064e-10	1.382202654e-09	2.160265356e-09	1.926301045e-09	1.139776766e-09
	2.777745539e-10	-3.358492123e-10	-5.865492673e-10	-5.308603186e-10	-3.113435149e-10
	-7.250319532e-11	9.205346657e-11	1.535362593e-10	1.326223283e-10	7.182850159e-11
	1.07567574e-11	-2.757137599e-11	-3.85209454e-11	-2.98842737e-11	-1.361890064e-11
	5.648768083e-13	8.033674966e-12	8.869002347e-12	5.801283457e-12	1.972689427e-12
	-5.284598266e-13	-1.133666232e-12	-5.192501614e-13	-1.930204575e-42	-3.793399064e-41
	-2.037251549e-11	-5.541602981e-11	-6.294415678e-11	-8.538391423e-12	1.173024758e-10
	2.836195739e-10	4.136486299e-10	3.99775793e-10	1.443366184e-10	-3.797104731e-10
	-1.069590186e-09	-1.66839704e-09	-1.80866443e-09	-1.137514734e-09	4.997254113e-10
	2.882700363e-09	5.337871338e-09	6.840674034e-09	6.322477333e-09	3.114091899e-09
	-2.635978684e-09	-9.776313217e-09	-1.636493745e-08	-2.030078077e-08	-2.018954731e-08
	-1.607321293e-08	-9.599106552e-09	-3.395355906e-09	1.440139192e-10	3.736007949e-11
	-2.832907145e-09	-6.29470784e-09	-8.172045007e-09	-7.51486934e-09	-5.01628012e-09
	-2.359849421e-09	-9.382790916e-10	-8.286930472e-10	-7.656962489e-10	8.451438793e-10
	4.645266273e-09	9.879869979e-09	1.541523429e-08	2.174227859e-08	3.249094195e-08
	5.384660008e-08	9.130105834e-08	1.449528178e-07	2.060861287e-07	2.579099871e-07
	2.8149338e-07	2.645379573e-07	2.079259553e-07	1.259330989e-07	4.018720578e-08
	-2.893379236e-08	-6.910213848e-08	-7.851228457e-08	-6.407684807e-08	-3.716834686e-08
	-9.118744153e-09	1.195949587e-08	2.245841301e-08	2.289090783e-08	1.647219478e-08
	7.371222538e-09	-7.932791703e-10	-5.858144725e-09	-7.320451375e-09	-5.969575785e-09
	-3.221573757e-09	-4.570030899e-10	1.419409809e-09	2.116946276e-09	1.843368425e-09
	1.058172783e-09	2.244800536e-10	-3.526423748e-10	-5.741072859e-10	-5.041329255e-10
	-2.849920643e-10	-5.572994549e-11	9.689104317e-11	1.492979757e-10	1.244028893e-10
	6.422674837e-11	6.3437716e-12	-2.843862309e-11	-3.6969e-11	-2.750425392e-11
	-1.16664074e-11	1.521625005e-12	8.053424982e-12	8.351334223e-12	5.179626343e-12
	1.520162241e-12	-7.444072699e-13	-1.186481421e-12	-5.174500938e-13	-1.725995178e-42
	-3.376997582e-41	-1.95406586e-11	-5.390876007e-11	-6.330193509e-11	-1.430647719e-11
	1.038595097e-10	2.639407756e-10	3.942476145e-10	3.913481951e-10	1.580245482e-10
	-3.381915991e-10	-1.005730933e-09	-1.60136745e-09	-1.767694089e-09	-1.151634977e-09
	4.155903118e-10	2.739093227e-09	5.172659302e-09	6.707628097e-09	6.269394718e-09
	3.160266331e-09	-2.510205862e-09	-9.619574828e-09	-1.622708577e-08	-2.020207526e-08
	-2.010666363e-08	-1.595474875e-08	-9.405453358e-09	-3.139325351e-09	3.853775411e-10
	1.556304329e-10	-2.911831734e-09	-6.54899479e-09	-8.468915149e-09	-7.663982825e-09
	-4.874877722e-09	-1.936181974e-09	-4.254757094e-10	-5.229498736e-10	-8.809622641e-10
	3.77399701e-10	4.248618775e-09	1.015539173e-08	1.671412938e-08	2.367551219e-08
	3.369701381e-08	5.228876727e-08	8.509482122e-08	1.333657243e-07	1.901513745e-07
	2.402375921e-07	2.653048504e-07	2.524161043e-07	2.009390872e-07	1.235411492e-07
	4.085113289e-08	-2.689238369e-08	-6.687847011e-08	-7.665714188e-08	-6.269554851e-08
	-3.621438997e-08	-8.569420861e-09	1.209331452e-08	2.220553973e-08	2.237015767e-08
	1.587195374e-08	6.879388233e-09	-1.058075945e-09	-5.876441422e-09	-7.156618072e-09
	-5.728779853e-09	-3.003437455e-09	-3.240407369e-10	1.451663587e-09	2.071001449e-09
	1.760553067e-09	9.787230705e-10	1.740807193e-10	-3.670316079e-10	-5.604642241e-10
	-4.77472169e-10	-2.595540111e-10	-4.01127601e-11	1.008326655e-10	1.446659386e-10
	1.162646009e-10	5.698349267e-11	2.33228313e-12	-2.902911818e-11	-3.532432845e-11
	-2.5181987e-11	-9.842715131e-12	2.355608257e-12	8.001680434e-12	7.821179971e-12
	4.586318932e-12	1.110232232e-12	-9.245582963e-13	-1.219580863e-12	-5.101770689e-13
	-1.528230331e-42	-2.983929829e-41	-1.86776973e-11	-5.223240946e-11	-6.323355672e-11
	-1.935825995e-11	9.128045179e-11	2.449391772e-10	3.74914433e-10	3.820778457e-10
	1.70007523e-10	-2.987284515e-10	-9.434137065e-10	-1.534492144e-09	-1.725062917e-09
	-1.162654095e-09	3.347779935e-10	2.597350913e-09	5.006459836e-09	6.570493721e-09
	6.210597996e-09	3.202180415e-09	-2.383591193e-09	-9.45438734e-09	-1.607341833e-08
	-2.008360765e-08	-2.000527635e-08	-1.582323334e-08	-9.204814133e-09	-2.879014956e-09
	6.330740507e-10	2.843571987e-10	-2.979245559e-09	-6.797136362e-09	-8.769272812e-09
	-7.823245205e-09	-4.740224105e-09	-1.505124578e-09	1.1212947e-10	-1.826598725e-10
	-9.674943591e-10	-8.60809834e-11	3.811243418e-09	1.032330957e-08	1.782560299e-08
	2.536245813e-08	3.467736034e-08	5.065758652e-08	7.909682302e-08	1.223124754e-07
	1.749813863e-07	2.233532579e-07	2.49708869e-07	2.405755387e-07	1.93958667e-07
	1.210230144e-07	4.140260065e-08	-2.488071603e-08	-6.462207677e-08	-7.476777915e-08
	-6.132105148e-08	-3.530655529e-08	-8.074392655e-09	1.219431273e-08	2.195020154e-08
	2.186721535e-08	1.529420032e-08	6.404677006e-09	-1.313321778e-09	-5.890857917e-09
	-6.992561752e-09	-5.490528062e-09	-2.789997759e-09	-1.966816086e-10	1.479164446e-09
	2.022585229e-09	1.677948428e-09	9.014698783e-10	1.265680844e-10	-3.790718183e-10
	-5.456990219e-10	-4.509472994e-10	-2.350626327e-10	-2.5643043e-11	1.039151547e-10
	1.396828102e-10	1.082371289e-10	5.010734776e-11	-1.287114732e-12	-2.936079465e-11
	-3.360342028e-11	-2.292637868e-11	-8.148145446e-12	3.07223311e-12	7.885346477e-12
	7.283575817e-12	4.023152042e-12	7.419752827e-13	-1.070986029e-12	-1.234653573e-12
	-4.980403236e-13	-1.337971256e-42	-2.61462168e-41	-1.779154989e-11	-5.041170578e-11
	-6.277685243e-11	-2.372900791e-11	7.955411663e-11	2.266437807e-10	3.557160057e-10
	3.720415173e-10	1.803250462e-10	-2.613602541e-10	-8.827580851e-10	-1.467911945e-09
	-1.68083113e-09	-1.170469899e-09	2.57538871e-10	2.457732663e-09	4.839339682e-09
	6.429020628e-09	6.145597044e-09	3.239386796e-09	-2.256205808e-09	-9.280291596e-09
	-1.590311635e-08	-1.994463436e-08	-1.988517221e-08	-1.567919682e-08	-8.998332721e-09
	-2.615808361e-09	8.859453526e-10	4.231150406e-10	-3.034306032e-09	-7.036727434e-09
	-9.069724111e-09	-7.990169526e-09	-4.613286806e-09	-1.072250606e-09	6.666056738e-10
	1.871037943e-10	-1.023036667e-09	-5.363221658e-10	3.342743993e-09	1.038755135e-08
	1.874811073e-08	2.680375844e-08	3.544245364e-08	4.897141898e-08	7.332037661e-08
	1.11787606e-07	1.605507947e-07	2.07226525e-07	2.346893357e-07	2.290224097e-07
	1.870032344e-07	1.183914942e-07	4.183817825e-08	-2.291360292e-08	-6.234531605e-08
	-7.284426556e-08	-5.994270215e-08	-3.443295068e-08	-7.628784905e-09	1.225927717e-08
	2.168595438e-08	2.137777944e-08	1.473864992e-08	5.949213667e-09	-1.557012663e-09
	-5.900796309e-09	-6.828811233e-09	-5.255576616e-09	-2.581641717e-09	-7.488989476e-11
	1.502143178e-09	1.971916202e-09	1.595680811e-09	8.26450922e-10	8.191579062e-11
	-3.888299777e-10	-5.298928331e-10	-4.246242157e-10	-2.115468836e-10	-1.230911969e-11
	1.061766281e-10	1.343909344e-10	1.003487571e-10	4.360527695e-11	-4.524996208e-12
	-2.945189171e-11	-3.182230863e-11	-2.074553279e-11	-6.582323346e-12	3.677232355e-12
	7.711267719e-12	6.743266911e-12	3.491591808e-12	4.142408042e-13	-1.18586217e-12
	-1.233404289e-12	-4.816435369e-13	-1.156159785e-42	-2.26929977e-41	-1.68899198e-11
	-4.84712079e-11	-6.197035858e-11	-2.745600155e-11	6.866668325e-11	2.090818388e-10
	3.367195107e-10	3.613179879e-10	1.890191238e-10	-2.261239916e-10	-8.238812916e-10
	-1.401765242e-09	-1.63505907e-09	-1.174987157e-09	1.841091982e-10	2.320485243e-09
	4.671369886e-09	6.282987226e-09	6.073940628e-09	3.271453054e-09	-2.128159061e-09
	-9.096910429e-09	-1.571542699e-08	-1.978438423e-08	-1.974598919e-08	-1.552297377e-08
	-8.787062106e-09	-2.351212462e-09	1.142559965e-09	5.712900679e-10	-3.076072428e-09
	-7.265061655e-09	-9.36673623e-09	-8.162557265e-09	-4.495489907e-09	-6.430803824e-10
	1.230925424e-09	5.823532721e-10	-1.045361817e-09	-9.660143783e-10	2.850665147e-09
	1.035176318e-08	1.94824221e-08	2.800307397e-08	3.600335523e-08	4.724563546e-08
	6.777467043e-08	1.017843575e-07	1.468372459e-07	1.918315239e-07	2.20231969e-07
	2.177602514e-07	1.800869217e-07	1.156573786e-07	4.215642194e-08	-2.100212826e-08
	-6.005862568e-08	-7.088794367e-08	-5.855262496e-08	-3.358331802e-08	-7.227154196e-09
	1.228668993e-08	2.140746243e-08	2.089736918e-08	1.420414142e-08	5.514502684e-09
	-1.78711684e-09	-5.905266282e-09	-6.665598298e-09	-5.024668822e-09	-2.378908902e-09
	4.124595371e-11	1.52081468e-09	1.919263417e-09	1.513922133e-09	7.537136302e-10
	4.00827999e-11	-3.963892524e-10	-5.131328558e-10	-3.985660375e-10	-1.890301388e-10
	-9.52234076e-14	1.076566013e-10	1.288319532e-10	9.262605684e-11	3.748251298e-11
	-7.393011551e-12	-2.932082799e-11	-2.999649055e-11	-1.864673539e-11	-5.144206422e-12
	4.176620111e-12	7.486192273e-12	6.204693075e-12	2.992786785e-12	1.256709694e-13
	-1.271437067e-12	-1.217540738e-12	-4.615808273e-13	-9.836170982e-43	-1.948018635e-41
	-1.598027846e-11	-4.643517612e-11	-6.085297258e-11	-3.057803789e-11	5.860199164e-11
	1.922784767e-10	3.179912363e-10	3.499868504e-10	1.961343096e-10	-1.930524754e-10
	-7.668954681e-10	-1.336186965e-09	-1.58780963e-09	-1.176122245e-09	1.147081385e-10
	2.185845071e-09	4.502632142e-09	6.132205984e-09	5.995215395e-09	3.29795387e-09
	-1.99960689e-09	-8.903948698e-09	-1.550965182e-08	-1.960204434e-08	-1.958721729e-08
	-1.535472789e-08	-8.571993394e-09	-2.086849099e-09	1.40127734e-09	7.281498591e-10
	-3.103525561e-09	-7.479272198e-09	-9.656779623e-09	-8.338451246e-09	-4.388443859e-09
	-2.228379689e-10	1.798853915e-09	9.997227906e-10	-1.032631173e-09	-1.369292038e-09
	2.341197593e-09	1.021977354e-08	2.003123365e-08	2.896612857e-08	3.637119837e-08
	4.549319245e-08	6.246593241e-08	9.229519367e-08	1.338206574e-07	1.771457177e-07
	2.063238439e-07	2.067907941e-07	1.732206565e-07	1.128297942e-07	4.235709399e-08
	-1.915466393e-08	-5.777075153e-08	-6.890076597e-08	-5.714495787e-08	-3.274890611e-08
	-6.863977371e-09	1.22762222e-08	2.111044098e-08	2.042164184e-08	1.368893304e-08
	5.101448475e-09	-2.001753329e-09	-5.903036574e-09	-6.502863453e-09	-4.798449041e-09
	-2.182424213e-09	1.515144345e-10	1.535342799e-09	1.864921002e-09	1.432889927e-09
	6.833273304e-10	1.02145213e-12	-4.018492718e-10	-4.955160176e-10	-3.728352521e-10
	-1.675299238e-10	1.101957803e-11	1.083965067e-10	1.230466319e-10	8.509352331e-11
	3.1742387e-11	-9.90382976e-12	-2.898606078e-11	-2.81408289e-11	-1.663643621e-11
	-3.832120951e-12	4.57664142e-12	7.216735621e-12	5.671977404e-12	2.527577695e-12
	-1.25279027e-13	-1.330020034e-12	-1.188761483e-12	-4.384330198e-13	-8.210434553e-43
	-1.650687824e-41	-1.506982379e-11	-4.432736743e-11	-5.946351751e-11	-3.313491963e-11
	4.934172239e-11	1.762561572e-10	2.995954392e-10	3.381275837e-10	2.017180356e-10
	-1.621724934e-10	-7.119054977e-10	-1.271308097e-09	-1.539150495e-09	-1.1738068e-09
	4.953578246e-11	2.054040175e-09	4.333223661e-09	5.976527061e-09	5.909044381e-09
	3.318464929e-09	-1.870756762e-09	-8.701190586e-09	-1.52851369e-08	-1.939675341e-08
	-1.940820763e-08	-1.517447457e-08	-8.354067514e-09	-1.824428603e-09	1.660305176e-09
	8.928757117e-10	-3.115619057e-09	-7.676448471e-09	-9.93639587e-09	-8.516045225e-09
	-4.293738658e-09	1.836644916e-10	2.364796534e-09	1.436137135e-09	-9.83567262e-10
	-1.741495744e-09	1.819658203e-09	9.995819893e-09	2.039882927e-08	2.970007797e-08
	3.65569204e-08	4.372507675e-08	5.739819033e-08	8.331209596e-08	1.214827036e-07
	1.631490682e-07	1.929530803e-07	1.961144797e-07	1.66412966e-07	1.099164926e-07
	4.244069495e-08	-1.737757076e-08	-5.548899036e-08	-6.688491672e-08	-5.571530258e-08
	-3.192228249e-08	-6.533920603e-09	1.222835163e-08	2.079152688e-08	1.994656331e-08
	1.319094047e-08	4.710436503e-09	-2.199286625e-09	-5.892766465e-09	-6.340301887e-09
	-4.577417646e-09	-1.992834514e-09	2.556040642e-10	1.545822253e-09	1.809181957e-09
	1.35283744e-09	6.153893728e-10	-3.531334206e-11	-4.053226426e-10	-4.771508018e-10
	-3.474964356e-10	-1.470588479e-10	2.106195338e-11	1.084404083e-10	1.170750105e-10
	7.777333099e-11	2.638610602e-11	-1.20711527e-11	-2.846596665e-11	-2.626944218e-11
	-1.472021845e-11	-2.643797569e-12	4.883717474e-12	6.909342598e-12	5.148916488e-12
	2.096509643e-12	-3.403195064e-13	-1.363959864e-12	-1.148744414e-12	-4.127642204e-13
	-6.690191669e-43	-1.377090644e-41	-1.41654114e-11	-4.217076623e-11	-5.784025519e-11
	-3.516696945e-11	4.086547686e-11	1.610340762e-10	2.815932888e-10	3.258188383e-10
	2.058210652e-10	-1.3350316e-10	-6.590072763e-10	-1.207255442e-09	-1.489156042e-09
	-1.16799053e-09	-1.122819014e-11	1.925291814e-09	4.163260639e-09	5.815840429e-09
	5.815085428e-09	3.332558979e-09	-1.741869245e-09	-8.488495489e-09	-1.504126634e-08
	-1.916760238e-08	-1.920818554e-08	-1.498209696e-08	-8.134172443e-09	-1.565716087e-09
	1.917742735e-09	1.064567594e-09	-3.111340205e-09	-7.853722637e-09	-1.020221823e-08
	-8.693585878e-09	-4.212796194e-09	5.720686326e-10	2.923649314e-09	1.888582325e-09
	-8.975236212e-10	-2.078960372e-09	1.290814885e-09	9.684650209e-09	2.059080144e-08
	3.021308645e-08	3.657112904e-08	4.19506451e-08	5.257378549e-08	7.482673645e-08
	1.098064452e-07	1.498234645e-07	1.801086243e-07	1.857308038e-07	1.596705335e-07
	1.069240825e-07	4.240817535e-08	-1.567569105e-08	-5.321941066e-08	-6.484259556e-08
	-5.426033083e-08	-3.109714181e-08	-6.231979204e-09	1.214408301e-08	2.044813275e-08
	1.946848762e-08	1.270791494e-08	4.341432941e-09	-2.378364475e-09	-5.873106364e-09
	-6.177424212e-09	-4.361917269e-09	-1.810759044e-09	3.531358276e-10	1.552275696e-09
	1.752317248e-09	1.274038792e-09	5.50024806e-10	-6.895669092e-11	-4.069292682e-10
	-4.58156657e-10	-3.226184383e-10	-1.276263564e-10	3.006407863e-11	1.078355618e-10
	1.10956809e-10	7.068532074e-11	2.141257553e-11	-1.390979224e-11	-2.777877826e-11
	-2.439560611e-11	-1.290275676e-11	-1.576397442e-12	5.104391946e-12	6.570247488e-12
	4.638970303e-12	1.699845608e-12	-5.213037426e-13	-1.375625264e-12	-1.099135705e-12
	-3.85118667e-13	-5.280071427e-43	-1.126892783e-41	-1.327346522e-11	-3.99872749e-11
	-5.602038342e-11	-3.671458557e-11	3.315079182e-11	1.466275589e-10	2.640419275e-10
	3.131378771e-10	2.084979527e-10	-1.070545158e-10	-6.082863428e-10	-1.144151498e-09
	-1.437908828e-09	-1.158643286e-09	-6.742543107e-11	1.799815579e-09	3.992880353e-09
	5.650076828e-09	5.713029996e-09	3.339804263e-09	-1.61325691e-09	-8.265793898e-09
	-1.477746007e-08	-1.891364042e-08	-1.898626417e-08	-1.477735458e-08	-7.913130652e-09
	-1.312497352e-09	2.171610025e-09	1.24223248e-09	-3.089768757e-09	-8.008329603e-09
	-1.045096563e-08	-8.869283118e-09	-4.146769028e-09	9.38472291e-10	3.47066923e-09
	2.35395013e-09	-7.745010351e-10	-2.378839824e-09	7.591059289e-10	9.291558524e-09
	2.061382991e-08	3.051403933e-08	3.642404109e-08	4.017788503e-08	4.799372829e-08
	6.683057983e-08	9.877605638e-08	1.37152317e-07	1.677800897e-07	1.756385496e-07
	1.529985944e-07	1.038582128e-07	4.226075313e-08	-1.405270105e-08	-5.096704147e-08
	-6.27758949e-08	-5.277750114e-08	-3.026813262e-08	-5.953542647e-09	1.202474773e-08
	2.007830935e-08	1.898418253e-08	1.223757027e-08	3.994082153e-09	-2.537920711e-09
	-5.842768699e-09	-6.013617576e-09	-4.152139351e-09	-1.63675542e-09	4.436966301e-10
	1.554661339e-09	1.694562254e-09	1.196773314e-09	4.873811535e-10	-9.992943241e-11
	-4.067902035e-10	-4.386613726e-10	-2.982753671e-10	-1.092406835e-10	3.806265832e-11
	1.066325501e-10	1.047318962e-10	6.384722945e-11	1.681836032e-11	-1.543575876e-11
	-2.694258714e-11	-2.253169505e-11	-1.118777662e-11	-6.265249478e-13	5.245286146e-12
	6.205435352e-12	4.145250679e-12	1.337579317e-12	-6.702050924e-13	-1.36738503e-12
	-1.041538878e-12	-3.560177132e-13	-3.983567576e-43	-8.996428068e-42	-1.239987769e-11
	-3.779739126e-11	-5.403954604e-11	-3.781784057e-11	2.617312494e-11	1.330475009e-10
	2.46993656e-10	3.001601144e-10	2.098074322e-10	-8.282639843e-11	-5.598167888e-10
	-1.082114304e-09	-1.385500602e-09	-1.145756488e-09	-1.189196312e-10	1.677821831e-09
	3.822242e-09	5.479207929e-09	5.602602768e-09	3.339765174e-09	-1.485281423e-09
	-8.033084188e-09	-1.449317531e-08	-1.863388437e-08	-1.87414569e-08	-1.455988556e-08
	-7.691681025e-09	-1.066547762e-09	2.419865663e-09	1.424764249e-09	-3.05012879e-09
	-8.137646984e-09	-1.067942398e-08	-9.041234406e-09	-4.096472668e-09	1.279413305e-09
	4.001368599e-09	2.828934045e-09	-6.151376995e-10	-2.638968041e-09	2.287875962e-10
	8.822386739e-09	2.047550915e-08	3.061234632e-08	3.612546101e-08	3.841361609e-08
	4.365794914e-08	5.931494241e-08	8.837661724e-08	1.251202619e-07	1.559576417e-07
	1.658359529e-07	1.464012244e-07	1.007237187e-07	4.199979562e-08	-1.251136741e-08
	-4.873602929e-08	-6.06867323e-08	-5.126485374e-08	-2.943070867e-08	-5.694416963e-09
	1.187186126e-08	1.968062509e-08	1.849082496e-08	1.177767063e-08	3.667793104e-09
	-2.677158604e-09	-5.800574461e-09	-5.848200238e-09	-3.948142056e-09	-1.4712993e-09
	5.268692306e-10	1.552886567e-09	1.636110181e-09	1.121311607e-09	4.276203173e-10
	-1.282370595e-10	-4.050222824e-10	-4.187972165e-10	-2.745462164e-10	-9.191048062e-11
	4.509746712e-11	1.048848994e-10	9.844062552e-11	5.727508249e-11	1.25978269e-11
	-1.66662963e-11	-2.597539219e-11	-2.068918e-11	-9.578034223e-12	2.097684952e-13
	5.313068503e-12	5.820609989e-12	3.67050937e-12	1.009445899e-12	-7.890952587e-13
	-1.341588279e-12	-9.775036591e-13	-3.259567355e-13	-2.80307805e-43	-6.947680233e-42
	-1.154991012e-11	-3.561989776e-11	-5.193137657e-11	-3.851611875e-11	1.990584357e-11
	1.20299891e-10	2.304952407e-10	2.869587073e-10	2.098126817e-10	-6.08075855e-11
	-5.136603768e-10	-1.021257181e-09	-1.332032835e-09	-1.129344017e-09	-1.655971871e-10
	1.559515412e-09	3.651526461e-09	5.303246087e-09	5.483562215e-09	3.332004761e-09
	-1.358349611e-09	-7.790430707e-09	-1.418791115e-08	-1.832733004e-08	-1.84726877e-08
	-1.432920421e-08	-7.470458406e-09	-8.296051634e-10	2.660416811e-09	1.610920582e-09
	-2.991832396e-09	-8.239221352e-09	-1.088442334e-08	-9.207363706e-09	-4.062340697e-09
	1.591846786e-09	4.511432542e-09	3.30996044e-09	-4.206887242e-10	-2.85775201e-09
	-2.959673493e-10	8.283510233e-09	2.018421551e-08	3.051780679e-08	3.568478145e-08
	3.666364606e-08	3.956547798e-08	5.227102449e-08	7.859395396e-08	1.137129404e-07
	1.446319079e-07	1.563208209e-07	1.39881553e-07	9.752473744e-08	4.162674217e-08
	-1.10537365e-08	-4.652976651e-08	-5.857681525e-08	-4.972086101e-08	-2.85810048e-08
	-5.450823606e-09	1.168702254e-08	1.925406492e-08	1.798598072e-08	1.132608928e-08
	3.361811968e-09	-2.795524755e-09	-5.745481413e-09	-5.680467096e-09	-3.74987333e-09
	-1.314774619e-09	6.022567952e-10	1.546824075e-09	1.577110988e-09	1.047904498e-09
	3.709093788e-10	-1.53871276e-10	-4.017341532e-10	-3.98696631e-10	-2.515133553e-10
	-7.564581827e-11	5.120973525e-11	1.026482388e-10	9.212391374e-11	5.098363195e-11
	8.743452598e-12	-1.761981728e-11	-2.489515584e-11	-1.887868083e-11	-8.075332913e-12
	9.369783408e-13	5.31443853e-12	5.421173538e-12	3.217128797e-12	7.14930098e-13
	-8.801251435e-13	-1.300545565e-12	-9.085146669e-13	-2.954018342e-13	-1.739927565e-43
	-5.115692971e-42	-1.072810213e-11	-3.347158233e-11	-4.972709038e-11	-3.88477852e-11
	1.432024301e-11	1.083854343e-10	2.14587333e-10	2.73604158e-10	2.085814253e-10
	-4.097519998e-11	-4.698658052e-10	-9.616882785e-10	-1.277616768e-09	-1.10944268e-09
	-2.073679486e-10	1.445094642e-09	3.480935212e-09	5.122243921e-09	5.355702101e-09
	3.316088654e-09	-1.23290903e-09	-7.537963107e-09	-1.386121513e-08	-1.799296415e-08
	-1.817879965e-08	-1.408469564e-08	-7.249972775e-09	-6.033466219e-10	2.891124367e-09
	1.799300219e-09	-2.914515825e-09	-8.310785983e-09	-1.106281594e-08	-9.365373713e-09
	-4.044394733e-09	1.873122696e-09	4.996656684e-09	3.793143404e-09	-1.930034754e-10
	-3.034091766e-09	-8.110049282e-10	7.681816971e-09	1.974900659e-08	3.02405183e-08
	3.511099575e-08	3.493289261e-08	3.571457358e-08	4.568992542e-08	6.941451223e-08
	1.029168307e-07	1.337939104e-07	1.470906183e-07	1.33441924e-07	9.426480099e-08
	4.114305287e-08	-9.68127548e-09	-4.435099573e-08	-5.644762495e-08	-4.814431758e-08
	-2.771573501e-08	-5.219386029e-09	1.147184324e-08	1.879794732e-08	1.746757727e-08
	1.088084663e-08	3.075281095e-09	-2.892679696e-09	-5.676599241e-09	-5.509725955e-09
	-3.557195091e-09	-1.167471271e-09	6.695017811e-10	1.536328143e-09	1.517674181e-09
	9.767751207e-10	3.174115559e-10	-1.768133627e-10	-3.970238771e-10	-3.784881034e-10
	-2.292602367e-10	-6.045847781e-11	5.644064664e-11	9.99791527e-11	8.582302093e-11
	4.49867344e-11	5.246246908e-12	-1.831572065e-11	-2.371983007e-11	-1.711005488e-11
	-6.680582245e-12	1.560126232e-12	5.256120044e-12	5.012219914e-12	2.78711921e-12
	4.532734472e-13	-9.455090143e-13	-1.246512019e-12	-8.359804705e-13	-2.647864009e-13
	-7.943604728e-44	-3.492180063e-42	-9.938197648e-12	-3.136700624e-11	-4.745513528e-11
	-3.884987942e-11	9.38561463e-12	9.7299291e-11	1.993039912e-10	2.601638972e-10
	2.061858554e-10	-2.329435834e-11	-4.284680667e-10	-9.035099254e-10	-1.222373025e-09
	-1.086112353e-09	-2.44166113e-10	1.334749685e-09	3.310688579e-09	4.93629387e-09
	5.218853779e-09	3.291589959e-09	-1.109443358e-09	-7.275876675e-09	-1.351269114e-08
	-1.762977646e-08	-1.7858562e-08	-1.382560902e-08	-7.030589203e-09	-3.893682012e-10
	3.109805919e-09	1.98832242e-09	-2.818069312e-09	-8.350274046e-09	-1.121145785e-08
	-9.512709306e-09	-4.042223465e-09	2.12096743e-09	5.452901925e-09	4.274255365e-09
	6.549464348e-11	-3.167322809e-09	-1.312148854e-09	7.02468541e-09	1.917954639e-08
	2.979081617e-08	3.441271658e-08	3.322547815e-08	3.210281671e-08	3.956264736e-08
	6.082525567e-08	9.271911786e-08	1.234350116e-07	1.381425313e-07	1.27084017e-07
	9.094690925e-08	4.055017444e-08	-8.394978408e-09	-4.220189391e-08	-5.430041124e-08
	-4.653425947e-08	-2.683210964e-08	-4.997110624e-09	1.12278986e-08	1.831185744e-08
	1.693387462e-08	1.044013377e-08	2.807285754e-09	-2.968468827e-09	-5.59319582e-09
	-5.335325419e-09	-3.369906209e-09	-1.029587644e-09	7.282996519e-10	1.52124966e-09
	1.45787395e-09	9.081138594e-10	2.672780902e-10	-1.97038557e-10	-3.909779458e-10
	-3.582925921e-10	-2.078687169e-10	-4.636160361e-11	6.083012331e-11	9.693389642e-11
	7.957906556e-11	3.929759747e-11	2.096215827e-12	-1.877410653e-11	-2.246732623e-11
	-1.539249686e-11	-5.393894907e-12	2.084715961e-12	5.144855387e-12	4.598540568e-12
	2.382125035e-12	2.234829496e-13	-9.875115817e-13	-1.181673411e-12	-7.612238886e-13
	-2.34507849e-13	3.449507562e-45	-2.067576905e-42	-9.183092811e-12	-2.931833037e-11
	-4.514090747e-11	-3.85578276e-11	5.069377843e-12	8.703093745e-11	1.846722931e-10
	2.467018283e-10	2.027023649e-10	-7.71803981e-12	-3.894878651e-10	-8.46817749e-10
	-1.166430837e-09	-1.059435871e-09	-2.759512803e-10	1.22866038e-09	3.141023512e-09
	4.745527773e-09	5.072889062e-09	3.258094806e-09	-9.88467722e-10	-7.004433244e-09
	-1.314200793e-08	-1.723677177e-08	-1.751067655e-08	-1.355105065e-08	-6.812509172e-09
	-1.891668461e-10	3.314238378e-09	2.176209622e-09	-2.702662e-09	-8.355830083e-09
	-1.132719567e-08	-9.646530209e-09	-4.054966738e-09	2.333471338e-09	5.876063474e-09
	4.748708122e-09	3.518235645e-10	-3.257177141e-09	-1.795176221e-09	6.319964052e-09
	1.848605162e-08	2.917923562e-08	3.359819751e-08	3.154480363e-08	2.872717641e-08
	3.388009115e-08	5.281358304e-08	8.310759141e-08	1.135468715e-07	1.294735144e-07
	1.208089405e-07	8.75735889e-08	3.984951777e-08	-7.195446052e-09	-4.008413974e-08
	-5.213619367e-08	-4.488990425e-08	-2.592776877e-08	-4.781365916e-09	1.095669352e-08
	1.7795594e-08	1.638343724e-08	1.000232596e-08	2.556890395e-09	-3.022895674e-09
	-5.494697762e-09	-5.156675622e-09	-3.18776299e-09	-9.012359852e-10	7.784082469e-10
	1.501449155e-09	1.397755468e-09	8.420756351e-10	2.206414507e-10	-2.145207873e-10
	-3.836714286e-10	-3.38220696e-10	-1.874163176e-10	-3.336886801e-11	6.441597492e-11
	9.356712975e-11	7.343234762e-11	3.392886532e-11	-7.171947195e-13	-1.901542003e-11
	-2.115541872e-11	-1.373462567e-11	-4.214708618e-12	2.516663235e-12	4.987392304e-12
	4.184638075e-12	2.003441219e-12	2.434390271e-14	-1.008436575e-12	-1.108135447e-12
	-6.854744052e-13	-2.04924923e-13	7.486753376e-44	-8.311228063e-43	-8.464809913e-12
	-2.733520811e-11	-4.280653784e-11	-3.800516998e-11	1.337284719e-12	7.756415285e-11
	1.70712032e-10	2.332778199e-10	1.982110927e-10	5.812843681e-12	-3.529310697e-10
	-7.916995909e-10	-1.109926921e-09	-1.029518714e-09	-3.02709647e-10	1.126993658e-09
	2.972190979e-09	4.550116431e-09	4.917723461e-09	3.215208271e-09	-8.705239525e-10
	-6.723962328e-09	-1.274890768e-08	-1.681298159e-08	-1.713378377e-08	-1.325997773e-08
	-6.595753519e-09	-4.123473337e-12	3.502161671e-09	2.360973741e-09	-2.568763202e-09
	-8.325821774e-09	-1.140685905e-08	-9.763691167e-09	-4.081301949e-09	2.509083109e-09
	6.262051844e-09	5.211540659e-09	6.624518918e-10	-3.30375997e-09	-2.255805414e-09
	5.575954114e-09	1.767925542e-08	2.841649121e-08	3.267535579e-08	2.989360527e-08
	2.558405579e-08	2.863304647e-08	4.53672597e-08	7.407056385e-08	1.041214121e-07
	1.210803237e-07	1.146173023e-07	8.414693987e-08	3.904244344e-08	-6.082945763e-09
	-3.7998967e-08	-4.995576582e-08	-4.321060721e-08	-2.500072926e-08	-4.569862241e-09
	1.065963971e-08	1.724912774e-08	1.581510863e-08	9.565989392e-09	2.323166158e-09
	-3.056098474e-09	-5.380687466e-09	-4.973263095e-09	-3.010496612e-09	-7.824491231e-10
	8.196536801e-10	1.476807531e-09	1.337341445e-09	7.78778989e-10	1.776099845e-10
	-2.292372725e-10	-3.751689215e-10	-3.183706096e-10	-1.67973678e-10	-2.149332805e-11
	6.72334207e-11	8.993078191e-11	6.742156885e-11	2.889254715e-11	-3.204724519e-12
	-1.906006416e-11	-1.980158744e-11	-1.214454025e-11	-3.141916666e-12	2.862202215e-12
	4.790457369e-12	3.774741534e-12	1.652038226e-12	-1.455612112e-13	-1.01061488e-12
	-1.027915888e-12	-6.098632496e-13	-1.763559693e-13	1.351415946e-43	2.289787604e-43
	-7.784500027e-12	-2.542475042e-11	-4.047075271e-11	-3.722330209e-11	-1.846298905e-12
	6.887713261e-11	1.574354916e-10	2.199471443e-10	1.927952889e-10	1.736919266e-11
	-3.187881996e-10	-7.382342341e-10	-1.053004078e-09	-9.964885226e-10	-3.244552922e-10
	1.029900656e-09	2.804453083e-09	4.350269108e-09	4.753319552e-09	3.162560496e-09
	-7.561757098e-10	-6.434862097e-09	-1.233321428e-08	-1.635747566e-08	-1.672646944e-08
	-1.29511935e-08	-6.380147066e-09	1.645134657e-10	3.671284467e-09	2.540406315e-09
	-2.41716098e-09	-8.258853347e-09	-1.144725916e-08	-9.860728328e-09	-4.119430947e-09
	2.646611462e-09	6.606784118e-09	5.657411412e-09	9.933016657e-10	-3.307539897e-09
	-2.689693258e-09	4.801396028e-09	1.677038594e-08	2.751346979e-08	3.165179528e-08
	2.827399749e-08	2.266932161e-08	2.38121778e-08	3.847436023e-08	6.559680537e-08
	9.515078842e-08	1.129595417e-07	1.08509262e-07	8.066867188e-08	3.8130253e-08
	-5.057455612e-09	-3.594720614e-08	-4.775970114e-08	-4.149582959e-08	-2.404934352e-08
	-4.36063316e-09	1.033804094e-08	1.667256962e-08	1.522798911e-08	9.129883429e-09
	2.10521111e-09	-3.068330512e-09	-5.250898284e-09	-4.784660891e-09	-2.83782732e-09
	-6.731875363e-10	8.519335634e-10	1.447234487e-09	1.276638363e-09	7.183064378e-10
	1.382639817e-10	-2.411726567e-10	-3.655259864e-10	-2.988268174e-10	-1.496023616e-10
	-1.074614337e-11	6.931494444e-11	8.607312189e-11	6.158303518e-11	2.419981471e-11
	-5.377022775e-12	-1.892802071e-11	-1.842281369e-11	-1.062983425e-11	-2.173991107e-12
	3.127775927e-12	4.560713037e-12	3.372817945e-12	1.328592745e-12	-2.878270717e-13
	-9.963903484e-13	-9.429384776e-13	-5.354211784e-13	-1.490783837e-13	1.847147744e-43
	1.125316701e-42	-7.142475914e-12	-2.359156717e-11	-3.814881302e-11	-3.624123243e-11
	-4.518036274e-12	6.094272871e-11	1.448473023e-10	2.067598672e-10	1.86540509e-10
	2.703328797e-11	-2.870339469e-10	-6.864899738e-10	-9.958095233e-10	-9.604944306e-10
	-3.412315005e-10	9.375136079e-10	2.638079905e-09	4.146232861e-09	4.57969033e-09
	3.09981289e-09	-6.460033792e-10	-6.137599895e-09	-1.189484114e-08	-1.586937335e-08
	-1.628727207e-08	-1.262334419e-08	-6.165304993e-09	3.156444929e-10	3.819292599e-09
	2.712072598e-09	-2.248978723e-09	-8.153781522e-09	-1.144519348e-08	-9.933850961e-09
	-4.167066286e-09	2.745234305e-09	6.906184325e-09	6.08059352e-09	1.33974436e-09
	-3.269351091e-09	-3.092439552e-09	4.005460003e-09	1.577115784e-08	2.648123458e-08
	3.053482914e-08	2.668750393e-08	1.997832057e-08	1.940800677e-08	3.212321983e-08
	5.767549116e-08	8.662736352e-08	1.051075922e-07	1.024845694e-07	7.714013259e-08
	3.711418452e-08	-4.11869583e-09	-3.392931569e-08	-4.554835922e-08	-3.974511643e-08
	-2.307226801e-08	-4.15201923e-09	9.99308418e-09	1.606614733e-08	1.46214174e-08
	8.69295987e-09	1.902164454e-09	-3.059944269e-09	-5.105208835e-09	-4.590534902e-09
	-2.669475438e-09	-5.733460948e-10	8.752182149e-10	1.412674725e-09	1.215641974e-09
	6.607056757e-10	1.026530444e-10	-2.503224783e-10	-3.547908268e-10	-2.796594377e-10
	-1.323531103e-10	-1.135296108e-12	7.06904213e-11	8.203807087e-11	5.594991156e-11
	1.986070558e-11	-7.244481506e-12	-1.863851086e-11	-1.703534876e-11	-9.197567405e-12
	-1.309085877e-12	3.319919562e-12	4.304698611e-12	2.982574988e-12	1.033520441e-12
	-4.041936531e-13	-9.6810192e-13	-8.550273704e-13	-4.630785014e-13	-1.233292327e-13
	2.241435112e-43	1.870947761e-42	-6.538275723e-12	-2.183788664e-11	-3.585253654e-11
	-3.508536213e-11	-6.715190781e-12	5.372881737e-11	1.329443837e-10	1.937601998e-10
	1.79533648e-10	3.489818074e-11	-2.576267567e-10	-6.3652306e-10	-9.38492981e-10
	-9.217062129e-10	-3.531120642e-10	8.499425796e-10	2.473346126e-09	3.938291646e-09
	4.396902375e-09	3.026664317e-09	-5.405986584e-10	-5.832712092e-09	-1.143379813e-08
	-1.534785487e-08	-1.581469145e-08	-1.227491817e-08	-5.950620981e-09	4.483360187e-10
	3.943860628e-09	2.873309716e-09	-2.065690122e-09	-8.009734521e-09	-1.13974569e-08
	-9.978938035e-09	-4.221416223e-09	2.80451547e-09	7.156192294e-09	6.474972294e-09
	1.696590082e-09	-3.190406519e-09	-3.459597946e-09	3.197740695e-09	1.46937754e-08
	2.533103908e-08	2.933150217e-08	2.513507841e-08	1.750588419e-08	1.541089142e-08
	2.630239299e-08	5.029615886e-08	7.854368709e-08	9.752074847e-08	9.654259117e-08
	7.356232852e-08	3.599541168e-08	-3.266149525e-09	-3.194540486e-08	-4.332189195e-08
	-3.795808218e-08	-2.206844065e-08	-3.942654406e-09	9.625835402e-09	1.543018887e-08
	1.399495588e-08	8.254360224e-09	1.713215621e-09	-3.031379307e-09	-4.943637141e-09
	-4.390647085e-09	-2.505169372e-09	-4.827600733e-10	8.895503585e-10	1.37311211e-09
	1.154341863e-09	6.059912944e-10	7.079461454e-11	-2.566958708e-10	-3.430060045e-10
	-2.609241118e-10	-1.162645843e-10	7.335583105e-12	7.138744862e-11	7.786476513e-11
	5.055157979e-11	1.588377102e-11	-8.817176716e-12	-1.820971715e-11	-1.565447522e-11
	-7.854197315e-12	-5.451115787e-13	3.445145664e-12	4.028757935e-12	2.607452636e-12
	7.670071418e-13	-4.965096763e-13	-9.280614421e-13	-7.659008114e-13	-3.93666546e-13
	-9.930684079e-14	2.540850097e-43	2.479001216e-42	-5.970756748e-12	-2.016375374e-11
	-3.359040792e-11	-3.377929616e-11	-8.475133509e-12	4.719879526e-11	1.217159885e-10
	1.809858316e-10	1.718618232e-10	4.106689427e-11	-2.305084894e-10	-5.883760426e-10
	-8.812045534e-10	-8.803132153e-10	-3.602025131e-10	7.672721023e-10	2.31052739e-09
	3.726765104e-09	4.205078766e-09	2.942857229e-09	-4.405587785e-10	-5.520803089e-09
	-1.095019775e-08	-1.479217244e-08	-1.530719859e-08	-1.190424747e-08	-5.735257242e-09
	5.61837791e-10	4.042666811e-09	3.021229046e-09	-1.8691326e-09	-7.826134399e-09
	-1.130085937e-08	-9.991539588e-09	-4.279168218e-09	2.824429106e-09	7.352780797e-09
	6.834044664e-09	2.05807001e-09	-3.072321853e-09	-3.786692806e-09	2.38825581e-09
	1.355094676e-08	2.407435004e-08	2.804861287e-08	2.361711656e-08	1.524632334e-08
	1.181100253e-08	2.100061801e-08	4.344867465e-08	7.089247648e-08	9.019513515e-08
	9.068232557e-08	6.993593976e-08	3.47750459e-08	-2.499073937e-09	-2.999524818e-08
	-4.108024939e-08	-3.613440317e-08	-2.103706583e-08	-3.731455079e-09	9.23723917e-09
	1.47651125e-08	1.334837941e-08	7.813411589e-09	1.537608957e-09	-2.983153678e-09
	-4.766334955e-09	-4.184856131e-09	-2.344650798e-09	-4.012102335e-10	8.950436733e-10
	1.328571985e-09	1.092724985e-09	5.541467945e-10	4.267351443e-11	-2.603174695e-10
	-3.302100675e-10	-2.426623364e-10	-1.013625845e-10	1.46682158e-11	7.143181864e-11
	7.358735794e-11	4.541312984e-11	1.227570279e-11	-1.010490606e-11	-1.765857881e-11
	-1.429427779e-11	-6.605479522e-12	1.202215486e-13	3.509838705e-12	3.73895821e-12
	2.250603054e-12	5.29035593e-13	-5.66693491e-13	-8.785274124e-13	-6.771630984e-13
	-3.27919627e-13	-7.717300194e-14	2.752787617e-43	2.962232806e-42	-5.43821697e-12
	-1.856730443e-11	-3.136778121e-11	-3.234369929e-11	-9.834800047e-12	4.131220511e-11
	1.111438663e-10	1.684672696e-10	1.636111153e-10	4.565141839e-11	-2.056042061e-10
	-5.420760438e-10	-8.240923493e-10	-8.365230288e-10	-3.626412256e-10	6.895577109e-10
	2.149896411e-09	3.512007006e-09	4.004401663e-09	2.848183711e-09	-3.464803385e-10
	-5.20254343e-09	-1.044426026e-08	-1.420166119e-08	-1.476324687e-08	-1.150951183e-08
	-5.518136601e-09	6.556007873e-10	4.113411567e-09	3.152723063e-09	-1.661519011e-09
	-7.602722687e-09	-1.115225032e-08	-9.966883182e-09	-4.336471095e-09	2.805391858e-09
	7.491981278e-09	7.150920856e-09	2.417812157e-09	-2.917150157e-09	-4.069242264e-09
	1.587448421e-09	1.235590875e-08	2.272287954e-08	2.669273553e-08	2.21334588e-08
	1.319341301e-08	8.598296808e-09	1.620678682e-08	3.71232067e-08	6.366659954e-08
	8.31267229e-08	8.490240809e-08	6.626132897e-08	3.345414143e-08	-1.816502887e-09
	-2.807829295e-08	-3.882318544e-08	-3.427381626e-08	-1.997760663e-08	-3.517611578e-09
	8.828121591e-09	1.407142242e-08	1.268166751e-08	7.369621384e-09	1.374644439e-09
	-2.915858616e-09	-4.573582405e-09	-3.973115888e-09	-2.187677285e-09	-3.284269308e-10
	8.918804187e-10	1.279121817e-09	1.030778168e-09	5.051267525e-10	1.824236534e-11
	-2.612285497e-10	-3.164390162e-10	-2.249021516e-10	-8.765972748e-11	2.08704698e-11
	7.084808114e-11	6.923503534e-11	4.055499673e-11	9.040966657e-12	-1.111730596e-11
	-1.700066272e-11	-1.296743706e-11	-5.456345798e-12	6.893916381e-13	3.520164398e-12
	3.441005047e-12	1.914860109e-12	3.194059665e-13	-6.166936803e-13	-8.21675561e-13
	-5.902943547e-13	-2.664766596e-13	-5.705542107e-14	2.88523657e-43	3.332559467e-42
	-4.938539955e-12	-1.704511024e-11	-2.918717792e-11	-3.079621373e-11	-1.083011534e-11
	3.602549043e-11	1.012025729e-10	1.562272168e-10	1.54865178e-10	4.877146794e-11
	-1.82822122e-10	-4.976329861e-10	-7.672998541e-10	-7.90559851e-10	-3.606003795e-10
	6.168223901e-10	1.991718764e-09	3.294403292e-09	3.795114569e-09	2.742491456e-09
	-2.589527618e-10	-4.87866702e-09	-9.916317738e-09	-1.357574984e-08	-1.41812845e-08
	-1.10887453e-08	-5.297936888e-09	7.292952424e-10	4.153839357e-09	3.26447697e-09
	-1.445447068e-09	-7.339589072e-09	-1.094855007e-08	-9.899886127e-09	-4.388916397e-09
	2.748302929e-09	7.569918879e-09	7.418329023e-09	2.768810573e-09	-2.727427912e-09
	-4.302788233e-09	8.061926125e-10	1.112246296e-08	2.128862668e-08	2.527024286e-08
	2.068338482e-08	1.134036695e-08	5.762486754e-09	1.190991948e-08	3.131020546e-08
	5.685905855e-08	7.631131664e-08	7.920110663e-08	6.253854521e-08	3.203370397e-08
	-1.217240509e-09	-2.619365976e-08	-3.655026357e-08	-3.237612369e-08	-1.888978379e-08
	-3.3005818e-09	8.399196669e-09	1.334970985e-08	1.199499958e-08	6.922670886e-09
	1.223674688e-09	-2.830156221e-09	-4.365782891e-09	-3.755471735e-09	-2.034022564e-09
	-2.640933293e-10	8.803082432e-10	1.224870342e-09	9.684896758e-10	4.588590866e-10
	-2.577232925e-12	-2.594874662e-10	-3.017275862e-10	-2.076591129e-10	-7.515552269e-11
	2.59569421e-11	6.966015554e-11	6.483221205e-11	3.599273972e-11	6.181462514e-12
	-1.186402805e-11	-1.625010512e-11	-1.168505449e-11	-4.410771512e-12	1.165079986e-12
	3.481996711e-12	3.140158946e-12	1.60270121e-12	1.377494238e-13	-6.484515475e-13
	-7.59567705e-13	-5.066381403e-13	-2.098817742e-13	-3.905001785e-14	2.946527288e-43
	3.600620035e-42	-4.469355777e-12	-1.559258039e-11	-2.704868046e-11	-2.91514588e-11
	-1.149541316e-11	3.129287438e-11	9.185995489e-11	1.442800354e-10	1.457037321e-10
	5.055296836e-11	-1.620537953e-10	-4.550378091e-10	-7.109630068e-10	-7.426624604e-10
	-3.542866976e-10	5.490528941e-10	1.836248302e-09	3.07436969e-09	3.577524299e-09
	2.625689705e-09	-1.785514076e-10	-4.549967543e-09	-9.366817202e-09	-1.291397074e-08
	-1.355976781e-08	-1.063984526e-08	-5.073087884e-09	7.828282695e-10	4.161763665e-09
	3.352985438e-09	-1.223905669e-09	-7.037202499e-09	-1.068678863e-08	-9.785174589e-09
	-4.431519899e-09	2.65459214e-09	7.582857957e-09	7.62862413e-09	3.103388215e-09
	-2.506233467e-09	-4.482934803e-09	5.580195844e-11	9.865023449e-09	1.978393023e-08
	2.378732971e-08	1.926559914e-08	9.67980167e-09	3.293006687e-09	8.09914337e-09
	2.600039059e-08	5.046297474e-08	6.974453592e-08	7.357630646e-08	5.876732291e-08
	3.051470324e-08	-6.99845838e-10	-2.434013647e-08	-3.426086337e-08	-3.044120449e-08
	-1.77735812e-08	-3.080086414e-09	7.951076387e-09	1.260065937e-08	1.128875273e-08
	6.472407289e-09	1.084098363e-09	-2.72677979e-09	-4.143457976e-09	-3.53205495e-09
	-1.883474713e-09	-2.078479267e-10	8.606361925e-10	1.165965401e-09	9.058499763e-10
	4.152474271e-10	-1.989286949e-11	-2.551694976e-10	-2.861103615e-10	-1.909374852e-10
	-6.38367837e-11	2.994934827e-11	6.789196209e-11	6.039886789e-11	3.173694918e-11
	3.696224484e-12	-1.235495328e-11	-1.541961346e-11	-1.045651332e-11	-3.471642847e-12
	1.550206111e-12	3.400863562e-12	2.84115799e-12	1.316205056e-12	-1.646498785e-14
	-6.638673091e-13	-6.941205866e-13	-4.273873828e-13	-1.585835802e-13	-2.322280605e-14
	2.945077299e-43	3.775421673e-42	-4.0282069e-12	-1.420440127e-11	-2.495041439e-11
	-2.74211356e-11	-1.186288721e-11	2.706734994e-11	8.307784538e-11	1.326313537e-10
	1.362009727e-10	5.112622616e-11	-1.431746348e-10	-4.142607213e-10	-6.552069365e-10
	-6.930816994e-10	-3.439419277e-10	4.861958899e-10	1.683722077e-09	2.852348865e-09
	3.352002751e-09	2.497755267e-09	-1.058303601e-10	-4.217294291e-09	-8.796322817e-09
	-1.221596938e-08	-1.289717496e-08	-1.016058349e-08	-4.841771092e-09	8.163602958e-10
	4.135094467e-09	3.414574755e-09	-1.00027696e-09	-6.696443649e-09	-1.0364152e-08
	-9.617111053e-09	-4.458704833e-09	2.526275909e-09	7.527259772e-09	7.773803056e-09
	3.41315391e-09	-2.257259488e-09	-4.605397172e-09	-6.519599497e-10	8.598677543e-09
	1.822153416e-08	2.225003891e-08	1.787820704e-08	8.203688187e-09	1.178974172e-09
	4.763677283e-09	2.118474484e-08	4.447157275e-08	6.342178623e-08	6.802548394e-08
	5.494707619e-08	2.88980909e-08	-2.626072543e-10	-2.251616566e-08	-3.195418874e-08
	-2.846903331e-08	-1.662925792e-08	-2.85610482e-09	7.484285244e-09	1.18250606e-08
	1.056350149e-08	6.018833681e-09	9.553499349e-10	-2.60653632e-09	-3.907241831e-09
	-3.303075029e-09	-1.735832574e-09	-1.592867038e-10	8.332298666e-10	1.102590634e-09
	8.428519292e-10	3.741736423e-10	-3.383894574e-11	-2.483662291e-10	-2.696227634e-10
	-1.747316047e-10	-5.367829551e-11	3.287675049e-11	6.556804725e-11	5.595098117e-11
	2.779325903e-11	1.58116995e-12	-1.260042164e-11	-1.452051506e-11	-9.289377556e-12
	-2.640633963e-12	1.847975441e-12	3.281910655e-12	2.548150883e-12	1.05700922e-12
	-1.439291148e-13	-6.647713764e-13	-6.270764461e-13	-3.535694498e-13	-1.129330394e-13
	-9.611176391e-15	2.889155194e-43	3.864144752e-42	-3.612703654e-12	-1.287498211e-11
	-2.28891034e-11	-2.561426019e-11	-1.196212331e-11	2.330175429e-11	7.48130043e-11
	1.212778952e-10	1.264239356e-10	5.06237408e-11	-1.260448368e-10	-3.752495633e-10
	-6.001423102e-10	-6.420773205e-10	-3.298429619e-10	4.281538576e-10	1.534354604e-09
	2.628807006e-09	3.118988591e-09	2.358738845e-09	-4.131487306e-11	-3.881547652e-09
	-8.20551755e-09	-1.148151299e-08	-1.219201948e-08	-9.648618721e-09	-4.601922451e-09
	8.303193067e-10	4.071867147e-09	3.445430495e-09	-7.78332641e-10	-6.318637173e-09
	-9.978035928e-09	-9.389832124e-09	-4.464289148e-09	2.366020772e-09	7.399854555e-09
	7.845528834e-09	3.688954216e-09	-1.984901618e-09	-4.666064313e-09	-1.304868093e-09
	7.339261588e-09	1.661466907e-08	2.066429043e-08	1.651867955e-08	6.903289291e-09
	-5.908541181e-10	1.892821153e-09	1.68545158e-08	3.88781643e-08	5.733821913e-08
	6.25456669e-08	5.107688881e-08	2.718482572e-08	9.649487986e-11	-2.071982569e-08
	-2.962927953e-08	-2.645970817e-08	-1.545736662e-08	-2.628870638e-09	6.999280402e-09
	1.102382507e-08	9.820018586e-09	5.562096096e-09	8.36885767e-10	-2.470310572e-09
	-3.657874618e-09	-3.068809884e-09	-1.590900779e-09	-1.179653202e-10	7.98505648e-10
	1.034961298e-09	7.794906588e-10	3.355005887e-10	-4.457388202e-11	-2.391846349e-10
	-2.523019667e-10	-1.590273462e-10	-4.464364876e-11	3.477566262e-11	6.271417915e-11
	5.150101391e-11	2.416244052e-11	-1.710954512e-13	-1.261145643e-11	-1.356283805e-11
	-8.189329191e-12	-1.918103124e-12	2.061931962e-12	3.129882075e-12	2.264643642e-12
	8.262712816e-13	-2.454987466e-13	-6.529016092e-13	-5.599769293e-13	-2.860313774e-13
	-7.318018668e-14	1.775463029e-15	2.78667771e-43	3.872184252e-42	-3.22064976e-12
	-1.159886425e-11	-2.086066739e-11	-2.373754536e-11	-1.181977569e-11	1.994987943e-11
	6.701833147e-11	1.102076273e-10	1.164309054e-10	4.917762427e-11	-1.105108983e-10
	-3.379284049e-10	-5.458612496e-10	-5.899140023e-10	-3.123014335e-10	3.747806852e-10
	1.388331192e-09	2.404229684e-09	2.878988997e-09	2.208771997e-09	1.450667616e-11
	-3.543674601e-09	-7.595204773e-09	-1.071049851e-08	-1.144286283e-08	-9.101509601e-09
	-4.351237824e-09	8.254117146e-10	3.970271276e-09	3.441630429e-09	-5.622227322e-10
	-5.905581239e-09	-9.526106586e-09	-9.097298973e-09	-4.441480143e-09	2.177213422e-09
	7.197730685e-09	7.835168179e-09	3.920821712e-09	-1.694366152e-09	-4.661079955e-09
	-1.890225623e-09	6.103454168e-09	1.497715401e-08	1.903591587e-08	1.518380537e-08
	5.769078746e-09	-2.028133555e-09	-5.240470922e-10	1.300122702e-08	3.367613005e-08
	5.148867772e-08	5.713337942e-08	4.715550015e-08	2.537590878e-08	3.798398873e-10
	-1.894880559e-08	-2.728502876e-08	-2.441348903e-08	-1.425877843e-08	-2.398864865e-09
	6.496479019e-09	1.019800836e-08	9.05927543e-09	5.102466471e-09	7.281665208e-10
	-2.319069767e-09	-3.396193999e-09	-2.829593895e-09	-1.448483991e-09	-8.340187676e-11
	7.56923951e-10	9.633195062e-10	7.157634281e-10	2.990751375e-10	-5.227707255e-11
	-2.277460357e-10	-2.341877914e-10	-1.43803625e-10	-3.668614875e-11	3.569006565e-11
	5.935788596e-11	4.705840452e-11	2.084055523e-11	-1.571409781e-12	-1.239996376e-11
	-1.255541196e-11	-7.160143729e-12	-1.303015127e-12	2.196009143e-12	2.949115857e-12
	1.993462231e-12	6.24636705e-13	-3.221993485e-13	-6.298869231e-13	-4.941416303e-13
	-2.254263494e-13	-3.947017204e-14	1.09556139e-14	2.645049161e-43	3.803493372e-42
	-2.850116039e-12	-1.037104111e-11	-1.886081709e-11	-2.179594061e-11	-1.145946222e-11
	1.696754087e-11	5.964436124e-11	9.940034865e-11	1.062699942e-10	4.691662227e-11
	-9.640788108e-11	-3.021965731e-10	-4.924328139e-10	-5.36856281e-10	-2.916625241e-10
	3.258769315e-10	1.245800027e-09	2.179116656e-09	2.632581562e-09	2.048075242e-09
	6.119167776e-11	-3.204664504e-09	-6.966310637e-09	-9.902960111e-09	-1.064832521e-08
	-8.516726625e-09	-4.087180602e-09	8.026286091e-10	3.828676928e-09	3.399181679e-09
	-3.564549016e-10	-5.459570948e-09	-9.006366681e-09	-8.733363087e-09	-4.382881279e-09
	1.964035111e-09	6.918444194e-09	7.733848253e-09	4.09792248e-09	-1.391800282e-09
	-4.586948465e-09	-2.394857544e-09	4.908890369e-09	1.332352499e-08	1.73707011e-08
	1.386962654e-08	4.79063714e-09	-3.144991694e-09	-2.497465232e-09	9.616701286e-09
	2.885889835e-08	4.586762258e-08	5.178456657e-08	4.318128791e-08	2.34724333e-08
	5.902362978e-10	-1.720037434e-08	-2.49202093e-08	-2.233085022e-08	-1.303471358e-08
	-2.166803878e-09	5.976294889e-09	9.348837061e-09	8.282440249e-09	4.640320042e-09
	6.286361632e-10	-2.153867584e-09	-3.123123835e-09	-2.585803959e-09	-1.308381135e-09
	-5.508081954e-11	7.089815574e-10	8.879293474e-10	6.516698423e-10	2.647314685e-10
	-5.714580396e-11	-2.141851062e-10	-2.153235808e-10	-1.290338388e-10	-2.974971418e-11
	3.567135237e-11	5.552890445e-11	4.26300301e-11	1.781915253e-11	-2.634115943e-12
	-1.19788922e-11	-1.15059786e-11	-6.203703557e-12	-7.928950719e-13	2.254574045e-12
	2.743552578e-12	1.736732328e-12	4.522158184e-13	-3.752328605e-13	-5.972371417e-13
	-4.306522056e-13	-1.722025018e-13	-1.183926233e-14	1.797600883e-14	2.47104652e-43
	3.661249696e-42	-2.499442595e-12	-9.187132513e-12	-1.688557986e-11	-1.979331806e-11
	-1.090195603e-11	1.431348847e-11	5.264100805e-11	8.882884533e-11	9.59780886e-11
	4.396278977e-11	-8.356263773e-11	-2.679284165e-10	-4.398981176e-10	-4.831620871e-10
	-2.683025522e-10	2.811848264e-10	1.106862505e-09	1.953975044e-09	2.380416364e-09
	1.876968007e-09	9.83537218e-11	-2.865545448e-09	-6.319888336e-09	-9.059077302e-09
	-9.80709404e-09	-7.891660985e-09	-3.806989949e-09	7.632463428e-10	3.645655394e-09
	3.314059978e-09	-1.658626043e-10	-4.983410821e-09	-8.417223808e-09	-8.291849861e-09
	-4.280517815e-09	1.731536254e-09	6.560152019e-09	7.532541083e-09	4.208507741e-09
	-1.084449042e-09	-4.440675142e-09	-2.805113641e-09	3.77430166e-09	1.166919981e-08
	1.567444163e-08	1.257135339e-08	3.95651638e-09	-3.95410028e-09	-4.03786702e-09
	6.693100239e-09	2.441991867e-08	4.046903031e-08	4.649449354e-08	3.915224905e-08
	2.147565584e-08	7.3101418e-10	-1.547134606e-08	-2.25335155e-08	-2.021255018e-08
	-1.178677643e-08	-1.93361801e-09	5.439186921e-09	8.4777394e-09	7.49087093e-09
	4.176105585e-09	5.37698432e-10	-1.975845577e-09	-2.8396591e-09	-2.337844081e-09
	-1.170380722e-09	-3.245851635e-11	6.552033242e-10	8.090724432e-10	5.872126562e-10
	2.32294505e-10	-5.939240024e-11	-1.986490672e-10	-1.957570281e-10	-1.146871458e-10
	-2.376970427e-11	3.477819652e-11	5.125950525e-11	3.822061308e-11	1.508550593e-11
	-3.377045205e-12	-1.136234372e-11	-1.04213074e-11	-5.320048152e-12	-3.838157854e-13
	2.242461267e-12	2.516754819e-12	1.49587626e-12	3.085714745e-13	-4.059839767e-13
	-5.56338575e-13	-3.703426341e-13	-1.265950424e-13	9.788470915e-15	2.29120885e-14
	2.270748932e-43	3.44877e-42	-2.167160434e-12	-8.043368205e-12	-1.493167644e-11
	-1.773325324e-11	-1.016573461e-11	1.195000046e-11	4.59594613e-11	7.846073057e-11
	8.558044997e-11	4.04279846e-11	-7.179820638e-11	-2.349742644e-10	-3.882653114e-10
	-4.290745318e-10	-2.426246775e-10	2.403832659e-10	9.715612895e-10	1.729310019e-09
	2.123217974e-09	1.695881313e-09	1.256757627e-10	-2.527380999e-09	-5.657125728e-09
	-8.179185257e-09	-8.917929757e-09	-7.223627804e-09	-3.507687043e-09	7.088210302e-10
	3.419990266e-09	3.182247089e-09	4.438911603e-12	-4.480410151e-09	-7.757555485e-09
	-7.766661824e-09	-4.125890272e-09	1.485703792e-09	6.121771934e-09	7.222187442e-09
	4.23987836e-09	-7.808433612e-10	-4.219954761e-09	-3.106889452e-09	2.719687228e-09
	1.003069334e-08	1.395301792e-08	1.128325195e-08	3.254060503e-09	-4.468763443e-09
	-5.15554248e-09	4.222987173e-09	2.035262605e-08	3.528625271e-08	4.125761032e-08
	3.506598245e-08	1.938709979e-08	8.061470202e-10	-1.37580447e-08	-2.01236286e-08
	-1.805972335e-08	-1.051699158e-08	-1.700414235e-09	4.885722205e-09	7.586376707e-09
	6.686098262e-09	3.710307039e-09	4.546927155e-10	-1.786229418e-09	-2.546846356e-09
	-2.086129716e-09	-1.034258653e-09	-1.497079336e-11	5.961339014e-10	7.270446031e-10
	5.22399301e-10	2.015832036e-10	-5.924186504e-11	-1.81297107e-10	-1.75540846e-10
	-1.007294844e-10	-1.867365541e-11	3.307631945e-11	4.658466953e-11	3.383306493e-11
	1.262289058e-11	-3.821420671e-12	-1.056563428e-11	-9.307312935e-12	-4.507458497e-12
	-7.041842508e-14	2.164994724e-12	2.271935012e-12	1.271626185e-12	1.927182968e-13
	-4.160243958e-13	-5.084545178e-13	-3.137958989e-13	-8.862253797e-14	2.560305256e-14
	2.586837347e-14	2.049507466e-43	3.170455472e-42	-1.851845996e-12	-6.936371976e-12
	-1.299666686e-11	-1.561979312e-11	-9.267893981e-12	9.842969117e-12	3.955401432e-11
	6.826101778e-11	7.509134784e-11	3.64105343e-11	-6.093952377e-11	-2.031632322e-10
	-3.375049265e-10	-3.748116159e-10	-2.150517189e-10	2.030834189e-10	8.398654515e-10
	1.505611547e-09	1.861786744e-09	1.505374241e-09	1.42927899e-10	-2.191266784e-09
	-4.979358069e-09	-7.263789934e-09	-7.979669693e-09	-6.509860834e-09	-3.186075178e-09
	6.411777816e-10	3.150674313e-09	2.999760087e-09	1.491078264e-10	-3.954353769e-09
	-7.026761413e-09	-7.151900971e-09	-3.910067244e-09	1.233508494e-09	5.603170012e-09
	6.793876423e-09	4.178377515e-09	-4.910226926e-10	-3.923428673e-09	-3.285680702e-09
	1.766523767e-09	8.425905172e-09	1.221250327e-08	9.998493686e-09	2.669163071e-09
	-4.703028714e-09	-5.860567252e-09	2.199424184e-09	1.665039061e-08	3.031181676e-08
	3.606736928e-08	3.091967979e-08	1.720870859e-08	8.204121166e-10	-1.205627576e-08
	-1.768931971e-08	-1.587399894e-08	-9.227833899e-09	-1.468413341e-09	4.316655736e-09
	6.676670217e-09	5.869793703e-09	3.243396091e-09	3.788731446e-10	-1.586316838e-09
	-2.245759968e-09	-1.831074031e-09	-8.99779938e-10	-2.04213473e-12	5.323305252e-10
	6.421541448e-10	4.572439319e-10	1.72413265e-10	-5.693020775e-11	-1.622999412e-10
	-1.547331363e-10	-8.712428876e-11	-1.438196136e-11	3.063811909e-11	4.154211374e-11
	2.946877822e-11	1.041090549e-11	-3.991685969e-12	-9.605308171e-12	-8.169172508e-12
	-3.762570969e-12	1.540361005e-13	2.027995896e-12	2.011988914e-12	1.064052007e-12
	1.031339581e-13	-4.07113693e-13	-4.547297488e-13	-2.613471282e-13	-5.8088028e-14
	3.590845346e-14	2.697848348e-14	1.811949381e-43	2.832409728e-42	-1.551954356e-12
	-5.862804057e-12	-1.107881399e-11	-1.345803812e-11	-8.225324805e-12	7.961297716e-12
	3.338345572e-11	5.819530158e-11	6.451616504e-11	3.199273931e-11	-5.08203889e-11
	-1.723087489e-10	-2.875465829e-10	-3.205536997e-10	-1.860146163e-10	1.688262153e-10
	7.116520986e-10	1.283335075e-09	1.59699798e-09	1.306155434e-09	1.499926517e-10
	-1.858325494e-09	-4.288087853e-09	-6.313591932e-09	-6.99123154e-09	-5.747495546e-09
	-2.838728039e-09	5.623974365e-10	2.836887683e-09	2.762663494e-09	2.62637907e-10
	-3.409440709e-09	-6.224788632e-09	-6.442004616e-09	-3.623830678e-09	9.829111426e-10
	5.005370753e-09	6.239101939e-09	4.009438099e-09	-2.267916346e-10	-3.551040076e-09
	-3.326698939e-09	9.38020649e-10	6.874514588e-09	1.045932653e-08	8.708952604e-09
	2.18592877e-09	-4.671832475e-09	-6.162681586e-09	6.161227914e-10	1.330644007e-08
	2.553713239e-08	3.09159762e-08	2.671013938e-08	1.494307816e-08	7.796003861e-10
	-1.036132115e-08	-1.522961206e-08	-1.365765035e-08	-7.922237913e-09	-1.238847855e-09
	3.733025983e-09	5.750812408e-09	5.043714543e-09	2.775778097e-09	3.093974292e-10
	-1.37745428e-09	-1.937476216e-09	-1.573079393e-09	-7.667052497e-10	6.904779219e-12
	4.643582533e-10	5.54722027e-10	3.917693747e-10	1.445988096e-10	-5.270341969e-11
	-1.418392772e-10	-1.333973439e-10	-7.383294147e-11	-1.080856833e-11	2.754214509e-11
	3.617218748e-11	2.512788665e-11	8.425837712e-12	-3.915271953e-12	-8.499112676e-12
	-7.011440797e-12	-3.080514582e-12	2.975878988e-13	1.837777442e-12	1.739532015e-12
	8.726023544e-13	3.778258261e-14	-3.811957545e-13	-3.96198136e-13	-2.130930367e-13
	-3.458538491e-14	4.111989355e-14	2.640459652e-14	1.562010365e-43	2.442397099e-42
	-1.265701708e-12	-4.818998341e-12	-9.176697188e-12	-1.125433654e-11	-7.055875077e-12
	6.275557434e-12	2.741149824e-11	4.823307241e-11	5.385531866e-11	2.724030722e-11
	-4.129107688e-11	-1.422177996e-10	-2.38278907e-10	-2.664291719e-10	-1.559344614e-10
	1.370842494e-10	5.866842291e-10	1.062872775e-09	1.329796221e-09	1.099110974e-09
	1.469023011e-10	-1.529697595e-09	-3.585014453e-09	-5.329524448e-09	-5.951619222e-09
	-4.93353745e-09	-2.46195895e-09	4.748054296e-10	2.477954198e-09	2.467053593e-09
	3.39418444e-10	-2.850186142e-09	-5.352110438e-09	-5.631879761e-09	-3.257884492e-09
	7.427953767e-10	4.330771749e-09	5.550120297e-09	3.71773077e-09	-1.997701865e-12
	-3.104529978e-09	-3.21509975e-09	2.59423299e-10	5.398539127e-09	8.700533054e-09
	7.404927093e-09	1.786180779e-09	-4.391198801e-09	-6.071084578e-09	-5.323184936e-10
	1.031373508e-08	2.095204646e-08	2.579404581e-08	2.24338344e-08	1.259381805e-08
	6.907871355e-10	-8.667991426e-09	-1.274403697e-08	-1.141377217e-08	-6.603557848e-09
	-1.012803211e-09	3.136257219e-09	4.811244195e-09	4.20962024e-09	2.307739956e-09
	2.453350909e-10	-1.161001635e-09	-1.623050826e-09	-1.312537844e-09	-6.348014248e-10
	1.244177417e-11	3.927886816e-10	4.650830782e-10	3.260080466e-10	1.179528492e-10
	-4.68167616e-11	-1.201069213e-10	-1.116018107e-10	-6.081509079e-11	-7.861745446e-12
	2.387244575e-11	3.051768729e-11	2.080950616e-11	6.641055144e-12	-3.622316636e-12
	-7.265937308e-12	-5.83815712e-12	-2.455065759e-12	3.694736955e-13	1.601121417e-12
	1.456936751e-12	6.961570303e-13	-5.850012849e-15	-3.403901123e-13	-3.337925632e-13
	-1.68907335e-13	-1.751108203e-14	4.175827948e-14	2.433619393e-14	1.302988051e-43
	2.009161667e-42	-9.910522736e-13	-3.80076185e-12	-7.288739585e-12	-9.015987409e-12
	-5.779063581e-12	4.756195868e-12	2.160575444e-11	3.835013127e-11	4.310979789e-11
	2.220523247e-11	-3.222483888e-11	-1.127045361e-10	-1.895558367e-10	-2.12500305e-10
	-1.251955601e-10	1.072730748e-10	4.645859271e-10	8.44509899e-10	1.061178673e-09
	8.853402621e-10	1.338960078e-10	-1.206522929e-09	-2.872077248e-09	-4.312814429e-09
	-4.859934443e-09	-4.064809883e-09	-2.051763349e-09	3.809675853e-10	2.073273953e-09
	2.109005671e-09	3.737794852e-10	-2.281290061e-09	-4.409640713e-09	-4.717006662e-09
	-2.803123972e-09	5.227842403e-10	3.583316987e-09	4.720425487e-09	3.287488656e-09
	1.672156378e-10	-2.588128455e-09	-2.936423769e-09	-2.416514635e-10	4.023154437e-09
	6.944230073e-09	6.074754349e-09	1.448709763e-09	-3.878539206e-09	-5.594071448e-09
	-1.250022644e-09	7.664741393e-09	1.654413621e-08	2.069011456e-08	1.808710432e-08
	1.016613645e-08	5.626644305e-10	-6.970811228e-09	-1.023303266e-08	-9.146459211e-09
	-5.275424154e-09	-7.909858131e-10	2.528239327e-09	3.860568663e-09	3.369162559e-09
	1.83942045e-09	1.857049728e-10	-9.382917384e-10	-1.303509163e-09	-1.049841942e-09
	-5.038518e-10	1.5133053e-11	3.182016882e-10	3.735866727e-10	2.600011911e-10
	9.228695595e-11	-3.953385463e-11	-9.730343943e-11	-8.941910213e-11	-4.802896323e-11
	-5.444928529e-12	1.971784482e-11	2.462362048e-11	1.651195381e-11	5.027411546e-12
	-3.145349275e-12	-5.925719122e-12	-4.652941648e-12	-1.878816463e-12	3.799995729e-13
	1.325242126e-12	1.166369102e-12	5.330894053e-13	-3.070993662e-14	-2.869779354e-13
	-2.683565069e-13	-1.284616115e-13	-6.081275061e-15	3.844164098e-14	2.09879979e-14
	1.03761048e-43	1.541620792e-42	-7.257973576e-13	-2.80341587e-12	-5.412898066e-12
	-6.75062079e-12	-4.415990535e-12	3.372068094e-12	1.593536771e-11	2.852868195e-11
	3.228669581e-11	1.693319131e-11	-2.351946898e-11	-8.360673494e-11	-1.412141114e-10
	-1.587554017e-10	-9.410749931e-11	7.87815806e-11	3.44819926e-10	6.283583912e-10
	7.921548187e-10	6.661989464e-10	1.115129061e-10	-8.899015296e-10	-2.151522734e-09
	-3.265082007e-09	-3.715397485e-09	-3.137869775e-09	-1.603720058e-09	2.83690435e-10
	1.622224694e-09	1.684483886e-09	3.600170395e-10	-1.707488279e-09	-3.398583604e-09
	-3.693472564e-09	-2.250925654e-09	3.329068041e-10	2.768531302e-09	3.745312783e-09
	2.703125192e-09	2.623091903e-10	-2.009491117e-09	-2.477442239e-09	-5.349352662e-10
	2.777933137e-09	5.200430831e-09	4.704273689e-09	1.148026521e-09	-3.153121869e-09
	-4.738386125e-09	-1.539152638e-09	5.351028778e-09	1.229746441e-08	1.558994803e-08
	1.366666433e-08	7.667801975e-09	4.058911967e-10	-5.264493876e-09	-7.698554089e-09
	-6.860898519e-09	-3.941393725e-09	-5.73431633e-10	1.911307581e-09	2.90137299e-09
	2.523783407e-09	1.370835543e-09	1.29538866e-10	-7.106033752e-10	-9.798567119e-10
	-7.854004308e-10	-3.736599521e-10	1.553884477e-11	2.411875659e-10	2.805952666e-10
	1.937967794e-10	6.741098009e-11	-3.11252933e-11	-7.363657414e-11	-6.692532398e-11
	-3.543170943e-11	-3.457575108e-12	1.517119741e-11	1.853692697e-11	1.223293327e-11
	3.553653296e-12	-2.518943457e-12	-4.499315308e-12	-3.459079493e-12	-1.343353101e-12
	3.403934152e-13	1.017734643e-12	8.698238355e-13	3.813372306e-13	-4.011877643e-14
	-2.233827922e-13	-2.006567202e-13	-9.125107199e-14	6.461236561e-16	3.187361e-14
	1.659707152e-14	7.681141755e-44	1.048493865e-42	-4.676504582e-13	-1.821986467e-12
	-3.546659162e-12	-4.465676596e-12	-2.988593729e-12	2.09011624e-12	1.036855876e-11
	1.875460659e-11	2.140151539e-11	1.147336998e-11	-1.508938385e-11	-5.479720387e-11
	-9.310400652e-11	-1.051225429e-10	-6.286326667e-11	5.104057595e-11	2.26688589e-10
	4.142544366e-10	5.236508456e-10	4.43344672e-10	8.074806902e-11	-5.808039352e-10
	-1.426003435e-09	-2.188531116e-09	-2.517382195e-09	-2.148840808e-09	-1.112834187e-09
	1.860059586e-10	1.124006801e-09	1.189218351e-09	2.924273632e-10	-1.133395262e-09
	-2.32026994e-09	-2.557929064e-09	-1.593355104e-09	1.831672849e-10	1.893271921e-09
	2.622342661e-09	1.950245806e-09	2.627461299e-10	-1.380814017e-09	-1.827810668e-09
	-5.875789768e-10	1.698768128e-09	3.48275097e-09	3.276203615e-09	8.5214022e-10
	-2.237116339e-09	-3.507836926e-09	-1.398588096e-09	3.362202338e-09	8.190365559e-09
	1.047557369e-08	9.170807417e-09	5.110889199e-09	2.332512755e-10	-3.545160325e-09
	-5.144878687e-09	-4.563041507e-09	-2.604289767e-09	-3.593220198e-10	1.288000429e-09
	1.936002391e-09	1.674701392e-09	9.019710472e-10	7.593727512e-11	-4.791691627e-10
	-6.531037754e-10	-5.19646187e-10	-2.440437107e-10	1.422084811e-11	1.623463861e-10
	1.864809542e-10	1.27447404e-10	4.313337635e-11	-2.186700702e-11	-4.931972676e-11
	-4.419950237e-11	-2.297971719e-11	-1.795976619e-12	1.032863344e-11	1.230615148e-11
	7.969683442e-12	2.186827075e-12	-1.779342102e-12	-3.008346875e-12	-2.259593846e-12
	-8.394441031e-13	2.626402039e-13	6.865107467e-13	5.691580178e-13	2.384803304e-13
	-3.770843491e-14	-1.521465931e-13	-1.313966027e-13	-5.662443893e-14	3.744897052e-15
	2.28291564e-14	1.141911503e-14	4.963278108e-44	5.383832736e-43	-2.142967391e-13
	-8.513719171e-13	-1.68723138e-12	-2.168278217e-12	-1.518915043e-12	8.761467358e-13
	4.871718742e-12	9.013900462e-12	1.047542971e-11	5.884193093e-12	-6.850363235e-12
	-2.61775577e-11	-4.51181208e-11	-5.151926107e-11	-3.153365197e-11	2.363170254e-11
	1.094318636e-10	2.016502088e-10	2.562550514e-10	2.187125607e-10	4.338617157e-11
	-2.798368533e-10	-6.987891928e-10	-1.086301476e-09	-1.265494767e-09	-1.093097095e-09
	-5.73181808e-10	9.106218873e-11	5.772716411e-10	6.186072497e-10	1.654964297e-10
	-5.633527846e-10	-1.176120013e-09	-1.307537393e-09	-8.231639684e-10	8.322723726e-11
	9.651661614e-10	1.351298003e-09	1.016795342e-09	1.474297485e-10	-7.193692771e-10
	-9.830132395e-10	-3.659056786e-10	8.306893027e-10	1.812624593e-09	1.76956475e-09
	5.180478433e-10	-1.157677634e-09	-1.90098501e-09	-8.206398415e-10	1.684445921e-09
	4.189502371e-09	5.323761366e-09	4.603914921e-09	2.514693377e-09	5.785011552e-11
	-1.812831558e-09	-2.578683225e-09	-2.258342703e-09	-1.265570097e-09	-1.472648344e-10
	6.606350841e-10	9.664649772e-10	8.230420907e-10	4.328855853e-10	2.406790324e-11
	-2.452140527e-10	-3.242810657e-10	-2.530283896e-10	-1.14825559e-10	1.174375833e-11
	8.228449907e-11	9.162208492e-11	6.100906676e-11	1.926183497e-11	-1.203879526e-11
	-2.457059181e-11	-2.132293727e-11	-1.06288346e-11	-3.540316582e-13	5.288774502e-12
	5.981067313e-12	3.719097836e-12	8.926903541e-13	-9.640594353e-13	-1.475019221e-12
	-1.057310074e-12	-3.572340375e-13	1.593035853e-13	3.397243616e-13	2.661227282e-13
	1.018237049e-13	-2.73487673e-14	-7.590137733e-14	-6.122997536e-14	-2.381725535e-14
	4.390189957e-15	1.213794851e-14	5.724050787e-15	2.237588623e-44	  0
	  0	  0	  0	  0	  0
	  0	  0	  0	  0	  0
	  0	  0	  0	  0	  0
	  0	  0	  0	  0	  0
	  0	  0	  0	  0	  0
	  0	  0	  0	  0	  0
	  0	  0	  0	  0	  0
	  0	  0	  0	  0	  0
	  0	  0	  0	  0	  0
	  0	  0	  0	  0	  0
	  0	  0	  0	  0	  0
	  0	  0	  0	  0	  0
	  0	  0	  0	  0	  0
	  0	  0	  0	  0	  0
	  0	  0	  0	  0	  0
	  0	  0	  0	  0	  0
	  0	  0	  0	  0	  0
	  0	  0	  0	  0	  0
	  0	  0	  0	  0	  0
	  0	  0	  0	  0	  0
	