-10 0.1 -8.32e-05
-9.39394 0.1 -0.000162163
-8.78788 0.1 -0.000168923
-8.18182 0.1 -8.66175e-06
-7.57576 0.1 0.000354608
-6.9697 0.1 0.000797515
-6.36364 0.1 0.00097872
-5.75758 0.1 0.000414598
-5.15152 0.1 -0.00124805
-4.54545 0.1 -0.00380283
-3.93939 0.1 -0.00609019
-3.33333 0.1 -0.00595358
-2.72727 0.1 -0.000847268
-2.12121 0.1 0.0108254
-1.51515 0.1 0.0280206
-0.909091 0.1 0.0460457
-0.30303 0.1 0.0577814
0.30303 0.1 0.0576695
0.909091 0.1 0.0457633
1.51515 0.1 0.02769
2.12121 0.1 0.0105607
2.72727 0.1 -0.000994283
3.33333 0.1 -0.00599485
3.93939 0.1 -0.00607005
4.54545 0.1 -0.00376515
5.15152 0.1 -0.00121926
5.75758 0.1 0.000426745
6.36364 0.1 0.000978137
6.9697 0.1 0.000791665
7.57576 0.1 0.000349209
8.18182 0.1 -1.13101e-05
8.78788 0.1 -0.000169127
9.39394 0.1 -0.00016124
10 0.1 -6.4224e-05
-10 0.211111 -4.62713e-05
-9.39394 0.211111 -0.000118034
-8.78788 0.211111 -0.000152259
-8.18182 0.211111 -6.41307e-05
-7.57576 0.211111 0.000202433
-6.9697 0.211111 0.000583262
-6.36364 0.211111 0.000819962
-5.75758 0.211111 0.000491173
-5.15152 0.211111 -0.000773785
-4.54545 0.211111 -0.00290695
-3.93939 0.211111 -0.00499564
-3.33333 0.211111 -0.00515648
-2.72727 0.211111 -0.00101408
-2.12121 0.211111 0.00907881
-1.51515 0.211111 0.0243892
-0.909091 0.211111 0.0407193
-0.30303 0.211111 0.0514543
0.30303 0.211111 0.0513529
0.909091 0.211111 0.0404657
1.51515 0.211111 0.0240979
2.12121 0.211111 0.00885279
2.72727 0.211111 -0.00113303
3.33333 0.211111 -0.00518488
3.93939 0.211111 -0.00497573
4.54545 0.211111 -0.0028765
5.15152 0.211111 -0.000753005
5.75758 0.211111 0.000498203
6.36364 0.211111 0.000817853
6.9697 0.211111 0.000578282
7.57576 0.211111 0.000198647
8.18182 0.211111 -6.55537e-05
8.78788 0.211111 -0.00015198
9.39394 0.211111 -0.000117186
10 0.211111 -4.56268e-05
-10 0.322222 -1.89733e-05
-9.39394 0.322222 -7.78931e-05
-8.78788 0.322222 -0.000125862
-8.18182 0.322222 -9.32749e-05
-7.57576 0.322222 8.53021e-05
-6.9697 0.322222 0.000393849
-6.36364 0.322222 0.000653429
-5.75758 0.322222 0.000514507
-5.15152 0.322222 -0.00039046
-4.54545 0.322222 -0.0021105
-3.93939 0.322222 -0.00397068
-3.33333 0.322222 -0.00437152
-2.72727 0.322222 -0.00113361
-2.12121 0.322222 0.00741541
-1.51515 0.322222 0.020844
-0.909091 0.322222 0.0354609
-0.30303 0.322222 0.0451793
0.30303 0.322222 0.0450913
0.909091 0.322222 0.0352427
1.51515 0.322222 0.0205982
2.12121 0.322222 0.00723093
2.72727 0.322222 -0.00122507
3.33333 0.322222 -0.00438907
3.93939 0.322222 -0.00395245
4.54545 0.322222 -0.00208727
5.15152 0.322222 -0.000376607
5.75758 0.322222 0.000517732
6.36364 0.322222 0.000650667
6.9697 0.322222 0.000389968
7.57576 0.322222 8.29025e-05
8.18182 0.322222 -9.3836e-05
8.78788 0.322222 -0.000125361
9.39394 0.322222 -7.72005e-05
10 0.322222 -4.56268e-05
-10 0.433333 -1.43543e-06
-9.39394 0.433333 -4.45145e-05
-8.78788 0.433333 -9.42236e-05
-8.18182 0.433333 -9.95596e-05
-7.57576 0.433333 3.69212e-06
-6.9697 0.433333 0.000234366
-6.36364 0.433333 0.000486033
-5.75758 0.433333 0.000488516
-5.15152 0.433333 -0.000100398
-4.54545 0.433333 -0.00142063
-3.93939 0.433333 -0.00302164
-3.33333 0.433333 -0.0035982
-2.72727 0.433333 -0.00119741
-2.12121 0.433333 0.00584605
-1.51515 0.433333 0.0173896
-0.909091 0.433333 0.0302632
-0.30303 0.433333 0.0389391
0.30303 0.433333 0.0388661
0.909091 0.433333 0.0300842
1.51515 0.433333 0.0171923
2.12121 0.433333 0.00570344
2.72727 0.433333 -0.0012633
3.33333 0.433333 -0.00360719
3.93939 0.433333 -0.00300615
4.54545 0.433333 -0.00140418
5.15152 0.433333 -9.21486e-05
5.75758 0.433333 0.000489219
6.36364 0.433333 0.000483306
6.9697 0.433333 0.000231638
7.57576 0.433333 2.37459e-06
8.18182 0.433333 -9.96043e-05
8.78788 0.433333 -9.37069e-05
9.39394 0.433333 -4.40232e-05
10 0.433333 -1.85609e-05
-10 0.544444 7.17839e-06
-9.39394 0.544444 -2.00686e-05
-8.78788 0.544444 -6.23455e-05
-8.18182 0.544444 -8.79807e-05
-7.57576 0.544444 -4.33115e-05
-6.9697 0.544444 0.000110068
-6.36364 0.544444 0.000326703
-5.75758 0.544444 0.00041955
-5.15152 0.544444 9.47044e-05
-4.54545 0.544444 -0.000846702
-3.93939 0.544444 -0.0021583
-3.33333 0.544444 -0.00283793
-2.72727 0.544444 -0.00119553
-2.12121 0.544444 0.00438547
-1.51515 0.544444 0.0140332
-0.909091 0.544444 0.0251179
-0.30303 0.544444 0.0327124
0.30303 0.544444 0.0326554
0.909091 0.544444 0.0249797
1.51515 0.544444 0.0138847
2.12121 0.544444 0.00428282
2.72727 0.544444 -0.00123892
3.33333 0.544444 -0.00284079
3.93939 0.544444 -0.00214628
4.54545 0.544444 -0.000836176
5.15152 0.544444 9.88033e-05
5.75758 0.544444 0.000418891
6.36364 0.544444 0.000324483
6.9697 0.544444 0.000108382
7.57576 0.544444 -4.38927e-05
8.18182 0.544444 -8.77957e-05
8.78788 0.544444 -6.19246e-05
9.39394 0.544444 -1.97528e-05
10 0.544444 5.53779e-06
-10 0.655556 8.90299e-06
-9.39394 0.655556 -5.44649e-06
-8.78788 0.655556 -3.523e-05
-8.18182 0.655556 -6.53868e-05
-7.57576 0.655556 -5.9093e-05
-6.9697 0.655556 2.54956e-05
-6.36364 0.655556 0.000186741
-5.75758 0.655556 0.000317917
-5.15152 0.655556 0.000195136
-4.54545 0.655556 -0.000400527
-3.93939 0.655556 -0.00139598
-3.33333 0.655556 -0.00209583
-2.72727 0.655556 -0.00111623
-2.12121 0.655556 0.00305448
-1.51515 0.655556 0.0107874
-0.909091 0.655556 0.0200163
-0.30303 0.655556 0.0264721
0.30303 0.655556 0.026431
0.909091 0.655556 0.0199182
1.51515 0.655556 0.0106853
2.12121 0.655556 0.00298787
2.72727 0.655556 -0.00114112
3.33333 0.655556 -0.00209502
3.93939 0.655556 -0.00138775
4.54545 0.655556 -0.000394784
5.15152 0.655556 0.000196556
5.75758 0.655556 0.000316844
6.36364 0.655556 0.000185244
6.9697 0.655556 2.46077e-05
7.57576 0.655556 -5.92731e-05
8.18182 0.655556 -6.51711e-05
8.78788 0.655556 -3.49391e-05
9.39394 0.655556 -5.25352e-06
10 0.655556 6.18625e-06
-10 0.766667 6.79219e-06
-9.39394 0.766667 5.62199e-07
-8.78788 0.766667 -1.65861e-05
-8.18182 0.766667 -4.01942e-05
-7.57576 0.766667 -5.10695e-05
-6.9697 0.766667 -1.76588e-05
-6.36364 0.766667 7.95482e-05
-5.75758 0.766667 0.000200298
-5.15152 0.766667 0.00020609
-4.54545 0.766667 -9.60783e-05
-3.93939 0.766667 -0.000758599
-3.33333 0.766667 -0.00138476
-2.72727 0.766667 -0.000946416
-2.12121 0.766667 0.00188441
-1.51515 0.766667 0.00767431
-0.909091 0.766667 0.0149485
-0.30303 0.766667 0.0201806
0.30303 0.766667 0.0201547
0.909091 0.766667 0.0148877
1.51515 0.766667 0.00761385
2.12121 0.766667 0.00184813
2.72727 0.766667 -0.000957548
3.33333 0.766667 -0.00138261
3.93939 0.766667 -0.000754044
4.54545 0.766667 -9.37079e-05
5.15152 0.766667 0.000206197
5.75758 0.766667 0.000199442
6.36364 0.766667 7.873e-05
6.9697 0.766667 -1.80671e-05
7.57576 0.766667 -5.11057e-05
8.18182 0.766667 -4.00389e-05
8.78788 0.766667 -1.64028e-05
9.39394 0.766667 6.83064e-07
10 0.766667 4.48329e-06
-10 0.877778 3.84569e-06
-9.39394 0.877778 1.3476e-06
-8.78788 0.877778 -6.78636e-06
-8.18182 0.877778 -2.00386e-05
-7.57576 0.877778 -3.1415e-05
-6.9697 0.877778 -2.51506e-05
-6.36364 0.877778 1.69652e-05
-5.75758 0.877778 9.2814e-05
-5.15152 0.877778 0.00014546
-4.54545 0.877778 5.3506e-05
-3.93939 0.877778 -0.000285041
-3.33333 0.877778 -0.000733709
-2.72727 0.877778 -0.000673536
-2.12121 0.877778 0.000923395
-1.51515 0.877778 0.00473628
-0.909091 0.877778 0.00990733
-0.30303 0.877778 0.0137785
0.30303 0.877778 0.0137658
0.909091 0.877778 0.00987902
1.51515 0.877778 0.00471051
2.12121 0.877778 0.000910104
2.72727 0.877778 -0.000676313
3.33333 0.877778 -0.000732213
3.93939 0.877778 -0.000283415
4.54545 0.877778 5.40986e-05
5.15152 0.877778 0.000145286
5.75758 0.877778 9.23709e-05
6.36364 0.877778 1.6582e-05
6.9697 0.877778 -2.53443e-05
7.57576 0.877778 -3.1428e-05
8.18182 0.877778 -1.99476e-05
8.78788 0.877778 -6.67578e-06
9.39394 0.877778 1.42259e-06
10 0.877778 2.26749e-06
-10 0.988889 1.54894e-06
-9.39394 0.988889 6.32488e-07
-8.78788 0.988889 -2.36466e-06
-8.18182 0.988889 -7.36994e-06
-7.57576 0.988889 -1.25462e-05
-6.9697 0.988889 -1.32964e-05
-6.36364 0.988889 -2.597e-06
-5.75758 0.988889 2.4295e-05
-5.15152 0.988889 5.77561e-05
-4.54545 0.988889 5.90025e-05
-3.93939 0.988889 -3.23972e-05
-3.33333 0.988889 -0.000222611
-2.72727 0.988889 -0.000302159
-2.12121 0.988889 0.000266389
-1.51515 0.988889 0.00206493
-0.909091 0.988889 0.00488
-0.30303 0.988889 0.00716439
0.30303 0.988889 0.00716405
0.909091 0.988889 0.00487917
1.51515 0.988889 0.00206404
2.12121 0.988889 0.000265848
2.72727 0.988889 -0.000302246
3.33333 0.988889 -0.000222405
3.93939 0.988889 -3.21594e-05
4.54545 0.988889 5.90913e-05
5.15152 0.988889 5.767e-05
5.75758 0.988889 2.41188e-05
6.36364 0.988889 -2.7576e-06
6.9697 0.988889 -1.33795e-05
7.57576 0.988889 -1.25485e-05
8.18182 0.988889 -7.32498e-06
8.78788 0.988889 -2.31234e-06
9.39394 0.988889 6.66316e-07
10 0.988889 1.55752e-06
-10 1.1 0
-9.39394 1.1 0
-8.78788 1.1 -8.75546e-23
-8.18182 1.1 -5.82485e-22
-7.57576 1.1 0
-6.9697 1.1 -1.66459e-21
-6.36364 1.1 0
-5.75758 1.1 0
-5.15152 1.1 5.09176e-21
-4.54545 1.1 0
-3.93939 1.1 4.20331e-21
-3.33333 1.1 0
-2.72727 1.1 3.84144e-20
-2.12121 1.1 -2.77048e-20
-1.51515 1.1 0
-0.909091 1.1 0
-0.30303 1.1 0
0.30303 1.1 4.37853e-19
0.909091 1.1 3.58319e-19
1.51515 1.1 0
2.12121 1.1 0
2.72727 1.1 0
3.33333 1.1 1.92011e-20
3.93939 1.1 -6.86177e-21
4.54545 1.1 0
5.15152 1.1 0
5.75758 1.1 0
6.36364 1.1 -5.26217e-22
6.9697 1.1 5.9462e-22
7.57576 1.1 8.34968e-22
8.18182 1.1 6.13996e-22
8.78788 1.1 0
9.39394 1.1 0
10 1.1 0
