-30 0.05 -1.07704e-36
-29.4 0.05 3.43813e-07
-28.8 0.05 1.47218e-06
-28.2 0.05 3.40448e-06
-27.6 0.05 6.08813e-06
-27 0.05 9.46406e-06
-26.4 0.05 1.3476e-05
-25.8 0.05 1.80626e-05
-25.2 0.05 2.3153e-05
-24.6 0.05 2.8667e-05
-24 0.05 3.45177e-05
-23.4 0.05 4.06123e-05
-22.8 0.05 4.68549e-05
-22.2 0.05 5.31471e-05
-21.6 0.05 5.93908e-05
-21 0.05 6.54888e-05
-20.4 0.05 7.1342e-05
-19.8 0.05 7.68456e-05
-19.2 0.05 8.18993e-05
-18.6 0.05 8.64577e-05
-18 0.05 9.05969e-05
-17.4 0.05 9.44068e-05
-16.8 0.05 9.74076e-05
-16.2 0.05 9.77976e-05
-15.6 0.05 9.37923e-05
-15 0.05 9.05651e-05
-14.4 0.05 0.000101326
-13.8 0.05 0.000117764
-13.2 0.05 0.000121352
-12.6 0.05 0.000109897
-12 0.05 9.29428e-05
-11.4 0.05 7.9167e-05
-10.8 0.05 7.14909e-05
-10.2 0.05 6.83338e-05
-9.6 0.05 6.65415e-05
-9 0.05 6.36083e-05
-8.4 0.05 5.85921e-05
-7.8 0.05 5.19399e-05
-7.2 0.05 4.47409e-05
-6.6 0.05 3.7962e-05
-6 0.05 3.20334e-05
-5.4 0.05 2.68613e-05
-4.8 0.05 2.2108e-05
-4.2 0.05 1.75054e-05
-3.6 0.05 1.30346e-05
-3 0.05 8.93884e-06
-2.4 0.05 5.6116e-06
-1.8 0.05 3.39315e-06
-1.2 0.05 2.27692e-06
-0.6 0.05 1.69188e-06
0 0.05 9.81453e-07
0.6 0.05 5.98848e-07
1.2 0.05 1.3914e-06
1.8 0.05 3.31518e-06
2.4 0.05 6.05548e-06
3 0.05 9.45091e-06
3.6 0.05 1.34515e-05
4.2 0.05 1.80188e-05
4.8 0.05 2.30911e-05
5.4 0.05 2.85871e-05
6 0.05 3.44158e-05
6.6 0.05 4.04857e-05
7.2 0.05 4.67164e-05
7.8 0.05 5.30374e-05
8.4 0.05 5.93457e-05
9 0.05 6.54844e-05
9.6 0.05 7.13441e-05
10.2 0.05 7.68537e-05
10.8 0.05 8.19407e-05
11.4 0.05 8.6527e-05
12 0.05 9.05383e-05
12.6 0.05 9.39103e-05
13.2 0.05 9.65896e-05
13.8 0.05 9.8534e-05
14.4 0.05 9.97131e-05
15 0.05 0.000100108
15.6 0.05 9.97131e-05
16.2 0.05 9.8534e-05
16.8 0.05 9.65895e-05
17.4 0.05 9.39104e-05
18 0.05 9.05387e-05
18.6 0.05 8.65277e-05
19.2 0.05 8.19407e-05
19.8 0.05 7.685e-05
20.4 0.05 7.13359e-05
21 0.05 6.54853e-05
21.6 0.05 5.93906e-05
22.2 0.05 5.31477e-05
22.8 0.05 4.68553e-05
23.4 0.05 4.06124e-05
24 0.05 3.45176e-05
24.6 0.05 2.8667e-05
25.2 0.05 2.3153e-05
25.8 0.05 1.80626e-05
26.4 0.05 1.3476e-05
27 0.05 9.46407e-06
27.6 0.05 6.08813e-06
28.2 0.05 3.40448e-06
28.8 0.05 1.47218e-06
29.4 0.05 3.43813e-07
30 0.05 -1.07704e-36
-30 0.102632 -1.12371e-36
-29.4 0.102632 3.15538e-07
-28.8 0.102632 1.39296e-06
-28.2 0.102632 3.29786e-06
-27.6 0.102632 5.9841e-06
-27 0.102632 9.37474e-06
-26.4 0.102632 1.34003e-05
-25.8 0.102632 1.79974e-05
-25.2 0.102632 2.30978e-05
-24.6 0.102632 2.8623e-05
-24 0.102632 3.44858e-05
-23.4 0.102632 4.05928e-05
-22.8 0.102632 4.68479e-05
-22.2 0.102632 5.31553e-05
-21.6 0.102632 5.94198e-05
-21 0.102632 6.55385e-05
-20.4 0.102632 7.13879e-05
-19.8 0.102632 7.68364e-05
-19.2 0.102632 8.1833e-05
-18.6 0.102632 8.65387e-05
-18 0.102632 9.12316e-05
-17.4 0.102632 9.5595e-05
-16.8 0.102632 9.7686e-05
-16.2 0.102632 9.45606e-05
-15.6 0.102632 8.69364e-05
-15 0.102632 8.56253e-05
-14.4 0.102632 0.000104795
-13.8 0.102632 0.000131906
-13.2 0.102632 0.000140686
-12.6 0.102632 0.000124325
-12 0.102632 9.6274e-05
-11.4 0.102632 7.28531e-05
-10.8 0.102632 6.14037e-05
-10.2 0.102632 5.97667e-05
-9.6 0.102632 6.1642e-05
-9 0.102632 6.169e-05
-8.4 0.102632 5.77955e-05
-7.8 0.102632 5.07433e-05
-7.2 0.102632 4.26341e-05
-6.6 0.102632 3.5311e-05
-6 0.102632 2.95346e-05
-5.4 0.102632 2.502e-05
-4.8 0.102632 2.10004e-05
-4.2 0.102632 1.68564e-05
-3.6 0.102632 1.2489e-05
-3 0.102632 8.34567e-06
-2.4 0.102632 5.14701e-06
-1.8 0.102632 3.39646e-06
-1.2 0.102632 2.87759e-06
-0.6 0.102632 2.61277e-06
0 0.102632 1.78954e-06
0.6 0.102632 9.8319e-07
1.2 0.102632 1.33533e-06
1.8 0.102632 3.08133e-06
2.4 0.102632 5.85939e-06
3 0.102632 9.33096e-06
3.6 0.102632 1.33614e-05
4.2 0.102632 1.79224e-05
4.8 0.102632 2.29802e-05
5.4 0.102632 2.84635e-05
6 0.102632 3.42798e-05
6.6 0.102632 4.0343e-05
7.2 0.102632 4.65878e-05
7.8 0.102632 5.29505e-05
8.4 0.102632 5.93152e-05
9 0.102632 6.55078e-05
9.6 0.102632 7.14001e-05
10.2 0.102632 7.69216e-05
10.8 0.102632 8.20131e-05
11.4 0.102632 8.66054e-05
12 0.102632 9.0625e-05
12.6 0.102632 9.40049e-05
13.2 0.102632 9.66904e-05
13.8 0.102632 9.8639e-05
14.4 0.102632 9.98205e-05
15 0.102632 0.000100216
15.6 0.102632 9.98205e-05
16.2 0.102632 9.86389e-05
16.8 0.102632 9.66903e-05
17.4 0.102632 9.40054e-05
18 0.102632 9.06266e-05
18.6 0.102632 8.66071e-05
19.2 0.102632 8.20103e-05
19.8 0.102632 7.69087e-05
20.4 0.102632 7.13829e-05
21 0.102632 6.55198e-05
21.6 0.102632 5.9412e-05
22.2 0.102632 5.31559e-05
22.8 0.102632 4.685e-05
23.4 0.102632 4.05938e-05
24 0.102632 3.44859e-05
24.6 0.102632 2.86229e-05
25.2 0.102632 2.30977e-05
25.8 0.102632 1.79974e-05
26.4 0.102632 1.34003e-05
27 0.102632 9.37476e-06
27.6 0.102632 5.98411e-06
28.2 0.102632 3.29786e-06
28.8 0.102632 1.39297e-06
29.4 0.102632 3.15539e-07
30 0.102632 -1.12371e-36
-30 0.155263 -1.16768e-36
-29.4 0.155263 2.91626e-07
-28.8 0.155263 1.32481e-06
-28.2 0.155263 3.1977e-06
-27.6 0.155263 5.87753e-06
-27 0.155263 9.28009e-06
-26.4 0.155263 1.3322e-05
-25.8 0.155263 1.79325e-05
-25.2 0.155263 2.30437e-05
-24.6 0.155263 2.85793e-05
-24 0.155263 3.44527e-05
-23.4 0.155263 4.0571e-05
-22.8 0.155263 4.68411e-05
-22.2 0.155263 5.31721e-05
-21.6 0.155263 5.94639e-05
-21 0.155263 6.55849e-05
-20.4 0.155263 7.13738e-05
-19.8 0.155263 7.67316e-05
-19.2 0.155263 8.17953e-05
-18.6 0.155263 8.6956e-05
-18 0.155263 9.23123e-05
-17.4 0.155263 9.65878e-05
-16.8 0.155263 9.67637e-05
-16.2 0.155263 9.04162e-05
-15.6 0.155263 8.09447e-05
-15 0.155263 8.19666e-05
-14.4 0.155263 0.000108231
-13.8 0.155263 0.000143481
-13.2 0.155263 0.000155931
-12.6 0.155263 0.000136042
-12 0.155263 9.9382e-05
-11.4 0.155263 6.7542e-05
-10.8 0.155263 5.20817e-05
-10.2 0.155263 5.13293e-05
-9.6 0.155263 5.65482e-05
-9 0.155263 5.95819e-05
-8.4 0.155263 5.69156e-05
-7.8 0.155263 4.954e-05
-7.2 0.155263 4.05537e-05
-6.6 0.155263 3.26964e-05
-6 0.155263 2.70679e-05
-5.4 0.155263 2.3191e-05
-4.8 0.155263 1.98749e-05
-4.2 0.155263 1.61707e-05
-3.6 0.155263 1.19302e-05
-3 0.155263 7.80697e-06
-2.4 0.155263 4.77698e-06
-1.8 0.155263 3.41601e-06
-1.2 0.155263 3.34174e-06
-0.6 0.155263 3.33941e-06
0 0.155263 2.4732e-06
0.6 0.155263 1.37384e-06
1.2 0.155263 1.3693e-06
1.8 0.155263 2.88818e-06
2.4 0.155263 5.63075e-06
3 0.155263 9.17059e-06
3.6 0.155263 1.32624e-05
4.2 0.155263 1.78379e-05
4.8 0.155263 2.28803e-05
5.4 0.155263 2.83424e-05
6 0.155263 3.41441e-05
6.6 0.155263 4.02063e-05
7.2 0.155263 4.64696e-05
7.8 0.155263 5.28709e-05
8.4 0.155263 5.92862e-05
9 0.155263 6.55269e-05
9.6 0.155263 7.14532e-05
10.2 0.155263 7.69913e-05
10.8 0.155263 8.20888e-05
11.4 0.155263 8.66852e-05
12 0.155263 9.07112e-05
12.6 0.155263 9.40988e-05
13.2 0.155263 9.6791e-05
13.8 0.155263 9.87442e-05
14.4 0.155263 9.99282e-05
15 0.155263 0.000100325
15.6 0.155263 9.9928e-05
16.2 0.155263 9.87439e-05
16.8 0.155263 9.67912e-05
17.4 0.155263 9.41006e-05
18 0.155263 9.07145e-05
18.6 0.155263 8.66864e-05
19.2 0.155263 8.20799e-05
19.8 0.155263 7.69674e-05
20.4 0.155263 7.14298e-05
21 0.155263 6.55542e-05
21.6 0.155263 5.94335e-05
22.2 0.155263 5.3164e-05
22.8 0.155263 4.68446e-05
23.4 0.155263 4.05749e-05
24 0.155263 3.4454e-05
24.6 0.155263 2.85791e-05
25.2 0.155263 2.30433e-05
25.8 0.155263 1.79324e-05
26.4 0.155263 1.3322e-05
27 0.155263 9.28016e-06
27.6 0.155263 5.87756e-06
28.2 0.155263 3.19771e-06
28.8 0.155263 1.32481e-06
29.4 0.155263 2.91626e-07
30 0.155263 -1.16768e-36
-30 0.207895 -1.19069e-36
-29.4 0.207895 2.71099e-07
-28.8 0.207895 1.2631e-06
-28.2 0.207895 3.10268e-06
-27.6 0.207895 5.77122e-06
-27 0.207895 9.18196e-06
-26.4 0.207895 1.32405e-05
-25.8 0.207895 1.78671e-05
-25.2 0.207895 2.29904e-05
-24.6 0.207895 2.85352e-05
-24 0.207895 3.44172e-05
-23.4 0.207895 4.05481e-05
-22.8 0.207895 4.68416e-05
-22.2 0.207895 5.32049e-05
-21.6 0.207895 5.95125e-05
-21 0.207895 6.55891e-05
-20.4 0.207895 7.12752e-05
-19.8 0.207895 7.66038e-05
-19.2 0.207895 8.19388e-05
-18.6 0.207895 8.7705e-05
-18 0.207895 9.34927e-05
-17.4 0.207895 9.7113e-05
-16.8 0.207895 9.51127e-05
-16.2 0.207895 8.60339e-05
-15.6 0.207895 7.54985e-05
-15 0.207895 7.90756e-05
-14.4 0.207895 0.000111182
-13.8 0.207895 0.000152698
-13.2 0.207895 0.000167916
-12.6 0.207895 0.000145217
-12 0.207895 0.000101689
-11.4 0.207895 6.28393e-05
-10.8 0.207895 4.36636e-05
-10.2 0.207895 4.33178e-05
-9.6 0.207895 5.13692e-05
-9 0.207895 5.72117e-05
-8.4 0.207895 5.58532e-05
-7.8 0.207895 4.829e-05
-7.2 0.207895 3.85116e-05
-6.6 0.207895 3.01451e-05
-6 0.207895 2.46498e-05
-5.4 0.207895 2.13742e-05
-4.8 0.207895 1.87244e-05
-4.2 0.207895 1.54515e-05
-3.6 0.207895 1.13738e-05
-3 0.207895 7.32138e-06
-2.4 0.207895 4.46488e-06
-1.8 0.207895 3.4251e-06
-1.2 0.207895 3.69804e-06
-0.6 0.207895 3.90745e-06
0 0.207895 3.04504e-06
0.6 0.207895 1.75063e-06
1.2 0.207895 1.44975e-06
1.8 0.207895 2.73764e-06
2.4 0.207895 5.4021e-06
3 0.207895 8.98229e-06
3.6 0.207895 1.31432e-05
4.2 0.207895 1.7754e-05
4.8 0.207895 2.27905e-05
5.4 0.207895 2.82289e-05
6 0.207895 3.40127e-05
6.6 0.207895 4.00748e-05
7.2 0.207895 4.63588e-05
7.8 0.207895 5.27976e-05
8.4 0.207895 5.92587e-05
9 0.207895 6.55441e-05
9.6 0.207895 7.15042e-05
10.2 0.207895 7.70613e-05
10.8 0.207895 8.21667e-05
11.4 0.207895 8.6767e-05
12 0.207895 9.07978e-05
12.6 0.207895 9.41922e-05
13.2 0.207895 9.68911e-05
13.8 0.207895 9.88493e-05
14.4 0.207895 0.000100036
15 0.207895 0.000100433
15.6 0.207895 0.000100036
16.2 0.207895 9.88489e-05
16.8 0.207895 9.6892e-05
17.4 0.207895 9.41957e-05
18 0.207895 9.08025e-05
18.6 0.207895 8.67658e-05
19.2 0.207895 8.21495e-05
19.8 0.207895 7.70261e-05
20.4 0.207895 7.14767e-05
21 0.207895 6.55887e-05
21.6 0.207895 5.94549e-05
22.2 0.207895 5.3172e-05
22.8 0.207895 4.68389e-05
23.4 0.207895 4.05557e-05
24 0.207895 3.44221e-05
24.6 0.207895 2.85359e-05
25.2 0.207895 2.29896e-05
25.8 0.207895 1.78665e-05
26.4 0.207895 1.32404e-05
27 0.207895 9.18208e-06
27.6 0.207895 5.77132e-06
28.2 0.207895 3.1027e-06
28.8 0.207895 1.2631e-06
29.4 0.207895 2.71095e-07
30 0.207895 -1.19072e-36
-30 0.260526 -1.2067e-36
-29.4 0.260526 2.52608e-07
-28.8 0.260526 1.2061e-06
-28.2 0.260526 3.01179e-06
-27.6 0.260526 5.6658e-06
-27 0.260526 9.08178e-06
-26.4 0.260526 1.31565e-05
-25.8 0.260526 1.78003e-05
-25.2 0.260526 2.29362e-05
-24.6 0.260526 2.8489e-05
-24 0.260526 3.438e-05
-23.4 0.260526 4.053e-05
-22.8 0.260526 4.68562e-05
-22.2 0.260526 5.32486e-05
-21.6 0.260526 5.95397e-05
-21 0.260526 6.55285e-05
-20.4 0.260526 7.11226e-05
-19.8 0.260526 7.65398e-05
-19.2 0.260526 8.22982e-05
-18.6 0.260526 8.86589e-05
-18 0.260526 9.45982e-05
-17.4 0.260526 9.72135e-05
-16.8 0.260526 9.2998e-05
-16.2 0.260526 8.16228e-05
-15.6 0.260526 7.05553e-05
-15 0.260526 7.65374e-05
-14.4 0.260526 0.000113416
-13.8 0.260526 0.000159754
-13.2 0.260526 0.000176973
-12.6 0.260526 0.000151998
-12 0.260526 0.000103012
-11.4 0.260526 5.84649e-05
-10.8 0.260526 3.60921e-05
-10.2 0.260526 3.58945e-05
-9.6 0.260526 4.62575e-05
-9 0.260526 5.45887e-05
-8.4 0.260526 5.45281e-05
-7.8 0.260526 4.69289e-05
-7.2 0.260526 3.65001e-05
-6.6 0.260526 2.76815e-05
-6 0.260526 2.23016e-05
-5.4 0.260526 1.95752e-05
-4.8 0.260526 1.75486e-05
-4.2 0.260526 1.47024e-05
-3.6 0.260526 1.08211e-05
-3 0.260526 6.87752e-06
-2.4 0.260526 4.19223e-06
-1.8 0.260526 3.41592e-06
-1.2 0.260526 3.95789e-06
-0.6 0.260526 4.34173e-06
0 0.260526 3.51416e-06
0.6 0.260526 2.09712e-06
1.2 0.260526 1.55853e-06
1.8 0.260526 2.62454e-06
2.4 0.260526 5.18483e-06
3 0.260526 8.77921e-06
3.6 0.260526 1.30044e-05
4.2 0.260526 1.76627e-05
4.8 0.260526 2.27061e-05
5.4 0.260526 2.81253e-05
6 0.260526 3.38896e-05
6.6 0.260526 3.99485e-05
7.2 0.260526 4.62482e-05
7.8 0.260526 5.27202e-05
8.4 0.260526 5.92284e-05
9 0.260526 6.55599e-05
9.6 0.260526 7.15543e-05
10.2 0.260526 7.71315e-05
10.8 0.260526 8.22459e-05
11.4 0.260526 8.68503e-05
12 0.260526 9.08852e-05
12.6 0.260526 9.42854e-05
13.2 0.260526 9.69907e-05
13.8 0.260526 9.89542e-05
14.4 0.260526 0.000100144
15 0.260526 0.000100542
15.6 0.260526 0.000100143
16.2 0.260526 9.8954e-05
16.8 0.260526 9.6993e-05
17.4 0.260526 9.42909e-05
18 0.260526 9.08905e-05
18.6 0.260526 8.68453e-05
19.2 0.260526 8.22191e-05
19.8 0.260526 7.70848e-05
20.4 0.260526 7.15236e-05
21 0.260526 6.56231e-05
21.6 0.260526 5.94763e-05
22.2 0.260526 5.31798e-05
22.8 0.260526 4.6833e-05
23.4 0.260526 4.05365e-05
24 0.260526 3.43907e-05
24.6 0.260526 2.84935e-05
25.2 0.260526 2.29358e-05
25.8 0.260526 1.77988e-05
26.4 0.260526 1.31558e-05
27 0.260526 9.08182e-06
27.6 0.260526 5.66601e-06
28.2 0.260526 3.0119e-06
28.8 0.260526 1.20612e-06
29.4 0.260526 2.526e-07
30 0.260526 -1.20684e-36
-30 0.313158 -1.21687e-36
-29.4 0.313158 2.35624e-07
-28.8 0.313158 1.15258e-06
-28.2 0.313158 2.92431e-06
-27.6 0.313158 5.56165e-06
-27 0.313158 8.98058e-06
-26.4 0.313158 1.30704e-05
-25.8 0.313158 1.77311e-05
-25.2 0.313158 2.28792e-05
-24.6 0.313158 2.84406e-05
-24 0.313158 3.43452e-05
-23.4 0.313158 4.05229e-05
-22.8 0.313158 4.68848e-05
-22.2 0.313158 5.32885e-05
-21.6 0.313158 5.95261e-05
-21 0.313158 6.54082e-05
-20.4 0.313158 7.09611e-05
-19.8 0.313158 7.6584e-05
-19.2 0.313158 8.28476e-05
-18.6 0.313158 8.97198e-05
-18 0.313158 9.55597e-05
-17.4 0.313158 9.69532e-05
-16.8 0.313158 9.06005e-05
-16.2 0.313158 7.73114e-05
-15.6 0.313158 6.60137e-05
-15 0.313158 7.41338e-05
-14.4 0.313158 0.00011479
-13.8 0.313158 0.00016473
-13.2 0.313158 0.000183324
-12.6 0.313158 0.000156494
-12 0.313158 0.000103261
-11.4 0.313158 5.42508e-05
-10.8 0.313158 2.92916e-05
-10.2 0.313158 2.91281e-05
-9.6 0.313158 4.13282e-05
-9 0.313158 5.17587e-05
-8.4 0.313158 5.29006e-05
-7.8 0.313158 4.5396e-05
-7.2 0.313158 3.4493e-05
-6.6 0.313158 2.53177e-05
-6 0.313158 2.0046e-05
-5.4 0.313158 1.78082e-05
-4.8 0.313158 1.63515e-05
-4.2 0.313158 1.39222e-05
-3.6 0.313158 1.02668e-05
-3 0.313158 6.46462e-06
-2.4 0.313158 3.9471e-06
-1.8 0.313158 3.38515e-06
-1.2 0.313158 4.13187e-06
-0.6 0.313158 4.65685e-06
0 0.313158 3.8863e-06
0.6 0.313158 2.40559e-06
1.2 0.313158 1.68203e-06
1.8 0.313158 2.5437e-06
2.4 0.313158 4.98463e-06
3 0.313158 8.57001e-06
3.6 0.313158 1.28494e-05
4.2 0.313158 1.75612e-05
4.8 0.313158 2.26231e-05
5.4 0.313158 2.80299e-05
6 0.313158 3.3775e-05
6.6 0.313158 3.98296e-05
7.2 0.313158 4.61495e-05
7.8 0.313158 5.26581e-05
8.4 0.313158 5.92044e-05
9 0.313158 6.55745e-05
9.6 0.313158 7.16025e-05
10.2 0.313158 7.72015e-05
10.8 0.313158 8.23263e-05
11.4 0.313158 8.69351e-05
12 0.313158 9.09735e-05
12.6 0.313158 9.43786e-05
13.2 0.313158 9.70899e-05
13.8 0.313158 9.90587e-05
14.4 0.313158 0.000100252
15 0.313158 0.000100651
15.6 0.313158 0.000100251
16.2 0.313158 9.90592e-05
16.8 0.313158 9.70939e-05
17.4 0.313158 9.43862e-05
18 0.313158 9.09786e-05
18.6 0.313158 8.69247e-05
19.2 0.313158 8.22887e-05
19.8 0.313158 7.71436e-05
20.4 0.313158 7.15706e-05
21 0.313158 6.56575e-05
21.6 0.313158 5.94975e-05
22.2 0.313158 5.31874e-05
22.8 0.313158 4.68269e-05
23.4 0.313158 4.05174e-05
24 0.313158 3.43599e-05
24.6 0.313158 2.84515e-05
25.2 0.313158 2.28816e-05
25.8 0.313158 1.77293e-05
26.4 0.313158 1.30687e-05
27 0.313158 8.98011e-06
27.6 0.313158 5.56189e-06
28.2 0.313158 2.92459e-06
28.8 0.313158 1.15269e-06
29.4 0.313158 2.35633e-07
30 0.313158 -1.21717e-36
-30 0.365789 -1.22351e-36
-29.4 0.365789 2.19754e-07
-28.8 0.365789 1.10178e-06
-28.2 0.365789 2.83979e-06
-27.6 0.365789 5.45909e-06
-27 0.365789 8.87898e-06
-26.4 0.365789 1.29822e-05
-25.8 0.365789 1.76585e-05
-25.2 0.365789 2.28185e-05
-24.6 0.365789 2.83914e-05
-24 0.365789 3.43171e-05
-23.4 0.365789 4.05293e-05
-22.8 0.365789 4.69209e-05
-22.2 0.365789 5.33099e-05
-21.6 0.365789 5.94646e-05
-21 0.365789 6.52462e-05
-20.4 0.365789 7.08261e-05
-19.8 0.365789 7.6751e-05
-19.2 0.365789 8.3549e-05
-18.6 0.365789 9.08185e-05
-18 0.365789 9.63513e-05
-17.4 0.365789 9.64053e-05
-16.8 0.365789 8.80485e-05
-16.2 0.365789 7.31629e-05
-15.6 0.365789 6.18042e-05
-15 0.365789 7.17069e-05
-14.4 0.365789 0.000115208
-13.8 0.365789 0.000167674
-13.2 0.365789 0.000187098
-12.6 0.365789 0.000158791
-12 0.365789 0.000102398
-11.4 0.365789 5.00882e-05
-10.8 0.365789 2.31967e-05
-10.2 0.365789 2.3047e-05
-9.6 0.365789 3.66581e-05
-9 0.365789 4.87699e-05
-8.4 0.365789 5.09578e-05
-7.8 0.365789 4.36463e-05
-7.2 0.365789 3.24592e-05
-6.6 0.365789 2.30541e-05
-6 0.365789 1.79023e-05
-5.4 0.365789 1.60905e-05
-4.8 0.365789 1.514e-05
-4.2 0.365789 1.31085e-05
-3.6 0.365789 9.70287e-06
-3 0.365789 6.07208e-06
-2.4 0.365789 3.7212e-06
-1.8 0.365789 3.33233e-06
-1.2 0.365789 4.22801e-06
-0.6 0.365789 4.86346e-06
0 0.365789 4.16576e-06
0.6 0.365789 2.67073e-06
1.2 0.365789 1.81105e-06
1.8 0.365789 2.49001e-06
2.4 0.365789 4.80403e-06
3 0.365789 8.361e-06
3.6 0.365789 1.26822e-05
4.2 0.365789 1.74487e-05
4.8 0.365789 2.25381e-05
5.4 0.365789 2.79407e-05
6 0.365789 3.36702e-05
6.6 0.365789 3.97209e-05
7.2 0.365789 4.60573e-05
7.8 0.365789 5.25977e-05
8.4 0.365789 5.91824e-05
9 0.365789 6.559e-05
9.6 0.365789 7.16496e-05
10.2 0.365789 7.72706e-05
10.8 0.365789 8.24072e-05
11.4 0.365789 8.70211e-05
12 0.365789 9.10628e-05
12.6 0.365789 9.44721e-05
13.2 0.365789 9.71888e-05
13.8 0.365789 9.91628e-05
14.4 0.365789 0.00010036
15 0.365789 0.00010076
15.6 0.365789 0.000100359
16.2 0.365789 9.91645e-05
16.8 0.365789 9.7195e-05
17.4 0.365789 9.44815e-05
18 0.365789 9.10666e-05
18.6 0.365789 8.70042e-05
19.2 0.365789 8.23584e-05
19.8 0.365789 7.72024e-05
20.4 0.365789 7.16176e-05
21 0.365789 6.56919e-05
21.6 0.365789 5.95186e-05
22.2 0.365789 5.31947e-05
22.8 0.365789 4.68208e-05
23.4 0.365789 4.04986e-05
24 0.365789 3.43295e-05
24.6 0.365789 2.84098e-05
25.2 0.365789 2.28266e-05
25.8 0.365789 1.76579e-05
26.4 0.365789 1.29793e-05
27 0.365789 8.87741e-06
27.6 0.365789 5.45901e-06
28.2 0.365789 2.84023e-06
28.8 0.365789 1.10208e-06
29.4 0.365789 2.19828e-07
30 0.365789 -1.22381e-36
-30 0.418421 -1.22781e-36
-29.4 0.418421 2.04761e-07
-28.8 0.418421 1.05326e-06
-28.2 0.418421 2.758e-06
-27.6 0.418421 5.3583e-06
-27 0.418421 8.77713e-06
-26.4 0.418421 1.28913e-05
-25.8 0.418421 1.75815e-05
-25.2 0.418421 2.27544e-05
-24.6 0.418421 2.83444e-05
-24 0.418421 3.42991e-05
-23.4 0.418421 4.05478e-05
-22.8 0.418421 4.69556e-05
-22.2 0.418421 5.3303e-05
-21.6 0.418421 5.93574e-05
-21 0.418421 6.50626e-05
-20.4 0.418421 7.0741e-05
-19.8 0.418421 7.70392e-05
-19.2 0.418421 8.43636e-05
-18.6 0.418421 9.19081e-05
-18 0.418421 9.69716e-05
-17.4 0.418421 9.56373e-05
-16.8 0.418421 8.5436e-05
-16.2 0.418421 6.92169e-05
-15.6 0.418421 5.78669e-05
-15 0.418421 6.91441e-05
-14.4 0.418421 0.000114597
-13.8 0.418421 0.00016861
-13.2 0.418421 0.000188384
-12.6 0.418421 0.000158952
-12 0.418421 0.000100409
-11.4 0.418421 4.59099e-05
-10.8 0.418421 1.7756e-05
-10.2 0.418421 1.76591e-05
-9.6 0.418421 3.22967e-05
-9 0.418421 4.56624e-05
-8.4 0.418421 4.86999e-05
-7.8 0.418421 4.16505e-05
-7.2 0.418421 3.03711e-05
-6.6 0.418421 2.08848e-05
-6 0.418421 1.58832e-05
-5.4 0.418421 1.44388e-05
-4.8 0.418421 1.39228e-05
-4.2 0.418421 1.22598e-05
-3.6 0.418421 9.12064e-06
-3 0.418421 5.68987e-06
-2.4 0.418421 3.50811e-06
-1.8 0.418421 3.25792e-06
-1.2 0.418421 4.25318e-06
-0.6 0.418421 4.96969e-06
0 0.418421 4.35585e-06
0.6 0.418421 2.8889e-06
1.2 0.418421 1.9385e-06
1.8 0.418421 2.45898e-06
2.4 0.418421 4.64407e-06
3 0.418421 8.15672e-06
3.6 0.418421 1.25065e-05
4.2 0.418421 1.73255e-05
4.8 0.418421 2.24491e-05
5.4 0.418421 2.78563e-05
6 0.418421 3.35754e-05
6.6 0.418421 3.9622e-05
7.2 0.418421 4.59718e-05
7.8 0.418421 5.2541e-05
8.4 0.418421 5.91614e-05
9 0.418421 6.56054e-05
9.6 0.418421 7.16964e-05
10.2 0.418421 7.73394e-05
10.8 0.418421 8.24885e-05
11.4 0.418421 8.71081e-05
12 0.418421 9.1153e-05
12.6 0.418421 9.4566e-05
13.2 0.418421 9.72876e-05
13.8 0.418421 9.92667e-05
14.4 0.418421 0.000100467
15 0.418421 0.000100869
15.6 0.418421 0.000100468
16.2 0.418421 9.92701e-05
16.8 0.418421 9.72961e-05
17.4 0.418421 9.45768e-05
18 0.418421 9.11547e-05
18.6 0.418421 8.70837e-05
19.2 0.418421 8.24281e-05
19.8 0.418421 7.72612e-05
20.4 0.418421 7.16646e-05
21 0.418421 6.57262e-05
21.6 0.418421 5.95394e-05
22.2 0.418421 5.32019e-05
22.8 0.418421 4.68146e-05
23.4 0.418421 4.04802e-05
24 0.418421 3.42997e-05
24.6 0.418421 2.83681e-05
25.2 0.418421 2.27707e-05
25.8 0.418421 1.75847e-05
26.4 0.418421 1.28881e-05
27 0.418421 8.77405e-06
27.6 0.418421 5.35735e-06
28.2 0.418421 2.75838e-06
28.8 0.418421 1.05379e-06
29.4 0.418421 2.04955e-07
30 0.418421 -1.22763e-36
-30 0.471053 -1.23061e-36
-29.4 0.471053 1.90516e-07
-28.8 0.471053 1.00679e-06
-28.2 0.471053 2.67884e-06
-27.6 0.471053 5.25926e-06
-27 0.471053 8.67473e-06
-26.4 0.471053 1.2797e-05
-25.8 0.471053 1.74999e-05
-25.2 0.471053 2.26884e-05
-24.6 0.471053 2.83024e-05
-24 0.471053 3.42926e-05
-23.4 0.471053 4.05748e-05
-22.8 0.471053 4.69807e-05
-22.2 0.471053 5.32627e-05
-21.6 0.471053 5.92114e-05
-21 0.471053 6.48758e-05
-20.4 0.471053 7.07198e-05
-19.8 0.471053 7.74386e-05
-19.2 0.471053 8.52568e-05
-18.6 0.471053 9.29579e-05
-18 0.471053 9.74311e-05
-17.4 0.471053 9.47096e-05
-16.8 0.471053 8.28346e-05
-16.2 0.471053 6.54978e-05
-15.6 0.471053 5.4154e-05
-15 0.471053 6.63585e-05
-14.4 0.471053 0.000112895
-13.8 0.471053 0.000167541
-13.2 0.471053 0.000187234
-12.6 0.471053 0.000157024
-12 0.471053 9.72936e-05
-11.4 0.471053 4.16768e-05
-10.8 0.471053 1.29328e-05
-10.2 0.471053 1.29622e-05
-9.6 0.471053 2.82725e-05
-9 0.471053 4.24656e-05
-8.4 0.471053 4.61328e-05
-7.8 0.471053 3.93917e-05
-7.2 0.471053 2.82079e-05
-6.6 0.471053 1.88021e-05
-6 0.471053 1.39962e-05
-5.4 0.471053 1.28663e-05
-4.8 0.471053 1.27083e-05
-4.2 0.471053 1.13753e-05
-3.6 0.471053 8.51273e-06
-3 0.471053 5.3089e-06
-2.4 0.471053 3.30223e-06
-1.8 0.471053 3.16256e-06
-1.2 0.471053 4.21315e-06
-0.6 0.471053 4.9822e-06
0 0.471053 4.45939e-06
0.6 0.471053 3.05743e-06
1.2 0.471053 2.05881e-06
1.8 0.471053 2.44659e-06
2.4 0.471053 4.50491e-06
3 0.471053 7.96046e-06
3.6 0.471053 1.23255e-05
4.2 0.471053 1.71925e-05
4.8 0.471053 2.23552e-05
5.4 0.471053 2.77751e-05
6 0.471053 3.34896e-05
6.6 0.471053 3.9533e-05
7.2 0.471053 4.58938e-05
7.8 0.471053 5.24882e-05
8.4 0.471053 5.91417e-05
9 0.471053 6.56206e-05
9.6 0.471053 7.17425e-05
10.2 0.471053 7.7408e-05
10.8 0.471053 8.25701e-05
11.4 0.471053 8.71959e-05
12 0.471053 9.1244e-05
12.6 0.471053 9.46604e-05
13.2 0.471053 9.73864e-05
13.8 0.471053 9.93703e-05
14.4 0.471053 0.000100574
15 0.471053 0.000100978
15.6 0.471053 0.000100576
16.2 0.471053 9.93758e-05
16.8 0.471053 9.73974e-05
17.4 0.471053 9.46722e-05
18 0.471053 9.12428e-05
18.6 0.471053 8.71633e-05
19.2 0.471053 8.24978e-05
19.8 0.471053 7.732e-05
20.4 0.471053 7.17115e-05
21 0.471053 6.57603e-05
21.6 0.471053 5.95601e-05
22.2 0.471053 5.3209e-05
22.8 0.471053 4.68086e-05
23.4 0.471053 4.04621e-05
24 0.471053 3.42702e-05
24.6 0.471053 2.83262e-05
25.2 0.471053 2.27137e-05
25.8 0.471053 1.75096e-05
26.4 0.471053 1.27952e-05
27 0.471053 8.67022e-06
27.6 0.471053 5.25685e-06
28.2 0.471053 2.67873e-06
28.8 0.471053 1.00745e-06
29.4 0.471053 1.90847e-07
30 0.471053 -1.22931e-36
-30 0.523684 -1.2322e-36
-29.4 0.523684 1.76975e-07
-28.8 0.523684 9.62292e-07
-28.2 0.523684 2.60219e-06
-27.6 0.523684 5.16169e-06
-27 0.523684 8.57123e-06
-26.4 0.523684 1.2699e-05
-25.8 0.523684 1.74142e-05
-25.2 0.523684 2.26225e-05
-24.6 0.523684 2.82675e-05
-24 0.523684 3.42969e-05
-23.4 0.523684 4.06051e-05
-22.8 0.523684 4.69897e-05
-22.2 0.523684 5.31877e-05
-21.6 0.523684 5.9036e-05
-21 0.523684 6.47008e-05
-20.4 0.523684 7.0769e-05
-19.8 0.523684 7.79349e-05
-19.2 0.523684 8.61995e-05
-18.6 0.523684 9.3949e-05
-18 0.523684 9.77469e-05
-17.4 0.523684 9.36758e-05
-16.8 0.523684 8.03014e-05
-16.2 0.523684 6.20228e-05
-15.6 0.523684 5.06264e-05
-15 0.523684 6.32807e-05
-14.4 0.523684 0.000110048
-13.8 0.523684 0.000164458
-13.2 0.523684 0.000183677
-12.6 0.523684 0.000153043
-12 0.523684 9.30625e-05
-11.4 0.523684 3.73715e-05
-10.8 0.523684 8.7029e-06
-10.2 0.523684 8.94875e-06
-9.6 0.523684 2.45982e-05
-9 0.523684 3.91981e-05
-8.4 0.523684 4.32644e-05
-7.8 0.523684 3.68628e-05
-7.2 0.523684 2.59566e-05
-6.6 0.523684 1.67986e-05
-6 0.523684 1.22439e-05
-5.4 0.523684 1.13816e-05
-4.8 0.523684 1.15035e-05
-4.2 0.523684 1.04556e-05
-3.6 0.523684 7.87359e-06
-3 0.523684 4.92154e-06
-2.4 0.523684 3.09855e-06
-1.8 0.523684 3.04653e-06
-1.2 0.523684 4.11272e-06
-0.6 0.523684 4.90663e-06
0 0.523684 4.47893e-06
0.6 0.523684 3.17432e-06
1.2 0.523684 2.16741e-06
1.8 0.523684 2.44924e-06
2.4 0.523684 4.38617e-06
3 0.523684 7.77461e-06
3.6 0.523684 1.21421e-05
4.2 0.523684 1.70513e-05
4.8 0.523684 2.22558e-05
5.4 0.523684 2.76958e-05
6 0.523684 3.34117e-05
6.6 0.523684 3.9454e-05
7.2 0.523684 4.58239e-05
7.8 0.523684 5.244e-05
8.4 0.523684 5.91234e-05
9 0.523684 6.56355e-05
9.6 0.523684 7.17879e-05
10.2 0.523684 7.74761e-05
10.8 0.523684 8.26519e-05
11.4 0.523684 8.72844e-05
12 0.523684 9.13358e-05
12.6 0.523684 9.47552e-05
13.2 0.523684 9.74853e-05
13.8 0.523684 9.94737e-05
14.4 0.523684 0.000100682
15 0.523684 0.000101087
15.6 0.523684 0.000100684
16.2 0.523684 9.94816e-05
16.8 0.523684 9.74988e-05
17.4 0.523684 9.47676e-05
18 0.523684 9.1331e-05
18.6 0.523684 8.72429e-05
19.2 0.523684 8.25676e-05
19.8 0.523684 7.73789e-05
20.4 0.523684 7.17584e-05
21 0.523684 6.57943e-05
21.6 0.523684 5.95806e-05
22.2 0.523684 5.3216e-05
22.8 0.523684 4.68028e-05
23.4 0.523684 4.04445e-05
24 0.523684 3.42409e-05
24.6 0.523684 2.8284e-05
25.2 0.523684 2.26556e-05
25.8 0.523684 1.74329e-05
26.4 0.523684 1.27009e-05
27 0.523684 8.56607e-06
27.6 0.523684 5.15744e-06
28.2 0.523684 2.601e-06
28.8 0.523684 9.6276e-07
29.4 0.523684 1.77382e-07
30 0.523684 -1.2293e-36
-30 0.576316 -1.23249e-36
-29.4 0.576316 1.64138e-07
-28.8 0.576316 9.19719e-07
-28.2 0.576316 2.52786e-06
-27.6 0.576316 5.06512e-06
-27 0.576316 8.46606e-06
-26.4 0.576316 1.25971e-05
-25.8 0.576316 1.73256e-05
-25.2 0.576316 2.25587e-05
-24.6 0.576316 2.8241e-05
-24 0.576316 3.43104e-05
-23.4 0.576316 4.06339e-05
-22.8 0.576316 4.6978e-05
-22.2 0.576316 5.30796e-05
-21.6 0.576316 5.88409e-05
-21 0.576316 6.45493e-05
-20.4 0.576316 7.08898e-05
-19.8 0.576316 7.85127e-05
-19.2 0.576316 8.71672e-05
-18.6 0.576316 9.48699e-05
-18 0.576316 9.79392e-05
-17.4 0.576316 9.25837e-05
-16.8 0.576316 7.78833e-05
-16.2 0.576316 5.88051e-05
-15.6 0.576316 4.72522e-05
-15 0.576316 5.98525e-05
-14.4 0.576316 0.000106004
-13.8 0.576316 0.000159338
-13.2 0.576316 0.000177723
-12.6 0.576316 0.000147033
-12 0.576316 8.77348e-05
-11.4 0.576316 3.29942e-05
-10.8 0.576316 5.05363e-06
-10.2 0.576316 5.60766e-06
-9.6 0.576316 2.1274e-05
-9 0.576316 3.58687e-05
-8.4 0.576316 4.01026e-05
-7.8 0.576316 3.40646e-05
-7.2 0.576316 2.36115e-05
-6.6 0.576316 1.48686e-05
-6 0.576316 1.06257e-05
-5.4 0.576316 9.98854e-06
-4.8 0.576316 1.03131e-05
-4.2 0.576316 9.50217e-06
-3.6 0.576316 7.1998e-06
-3 0.576316 4.52185e-06
-2.4 0.576316 2.89252e-06
-1.8 0.576316 2.90952e-06
-1.2 0.576316 3.95563e-06
-0.6 0.576316 4.74785e-06
0 0.576316 4.41692e-06
0.6 0.576316 3.23818e-06
1.2 0.576316 2.2605e-06
1.8 0.576316 2.46364e-06
2.4 0.576316 4.28715e-06
3 0.576316 7.60101e-06
3.6 0.576316 1.19589e-05
4.2 0.576316 1.69034e-05
4.8 0.576316 2.2151e-05
5.4 0.576316 2.76173e-05
6 0.576316 3.33409e-05
6.6 0.576316 3.93847e-05
7.2 0.576316 4.57623e-05
7.8 0.576316 5.23967e-05
8.4 0.576316 5.91068e-05
9 0.576316 6.56501e-05
9.6 0.576316 7.18324e-05
10.2 0.576316 7.75438e-05
10.8 0.576316 8.27339e-05
11.4 0.576316 8.73735e-05
12 0.576316 9.14283e-05
12.6 0.576316 9.48505e-05
13.2 0.576316 9.75842e-05
13.8 0.576316 9.95769e-05
14.4 0.576316 0.000100789
15 0.576316 0.000101196
15.6 0.576316 0.000100793
16.2 0.576316 9.95876e-05
16.8 0.576316 9.76003e-05
17.4 0.576316 9.48631e-05
18 0.576316 9.14191e-05
18.6 0.576316 8.73225e-05
19.2 0.576316 8.26375e-05
19.8 0.576316 7.74378e-05
20.4 0.576316 7.18053e-05
21 0.576316 6.58282e-05
21.6 0.576316 5.96009e-05
22.2 0.576316 5.3223e-05
22.8 0.576316 4.67973e-05
23.4 0.576316 4.04272e-05
24 0.576316 3.42119e-05
24.6 0.576316 2.82414e-05
25.2 0.576316 2.25963e-05
25.8 0.576316 1.73546e-05
26.4 0.576316 1.26053e-05
27 0.576316 8.46169e-06
27.6 0.576316 5.05904e-06
28.2 0.576316 2.52497e-06
28.8 0.576316 9.1951e-07
29.4 0.576316 1.64467e-07
30 0.576316 -1.22791e-36
-30 0.628947 -1.23116e-36
-29.4 0.628947 1.52004e-07
-28.8 0.628947 8.78985e-07
-28.2 0.628947 2.45552e-06
-27.6 0.628947 4.969e-06
-27 0.628947 8.35876e-06
-26.4 0.628947 1.24917e-05
-25.8 0.628947 1.72354e-05
-25.2 0.628947 2.24986e-05
-24.6 0.628947 2.82232e-05
-24 0.628947 3.43303e-05
-23.4 0.628947 4.06564e-05
-22.8 0.628947 4.69428e-05
-22.2 0.628947 5.29417e-05
-21.6 0.628947 5.86352e-05
-21 0.628947 6.44294e-05
-20.4 0.628947 7.10802e-05
-19.8 0.628947 7.91559e-05
-19.2 0.628947 8.81403e-05
-18.6 0.628947 9.57154e-05
-18 0.628947 9.80296e-05
-17.4 0.628947 9.14761e-05
-16.8 0.628947 7.56205e-05
-16.2 0.628947 5.58566e-05
-15.6 0.628947 4.40062e-05
-15 0.628947 5.60237e-05
-14.4 0.628947 0.000100708
-13.8 0.628947 0.000152144
-13.2 0.628947 0.000169365
-12.6 0.628947 0.000139014
-12 0.628947 8.13379e-05
-11.4 0.628947 2.85609e-05
-10.8 0.628947 1.98196e-06
-10.2 0.628947 2.92466e-06
-9.6 0.628947 1.82884e-05
-9 0.628947 3.24768e-05
-8.4 0.628947 3.66552e-05
-7.8 0.628947 3.10044e-05
-7.2 0.628947 2.11743e-05
-6.6 0.628947 1.30086e-05
-6 0.628947 9.13764e-06
-5.4 0.628947 8.68684e-06
-4.8 0.628947 9.13964e-06
-4.2 0.628947 8.51685e-06
-3.6 0.628947 6.49008e-06
-3 0.628947 4.10562e-06
-2.4 0.628947 2.68003e-06
-1.8 0.628947 2.75055e-06
-1.2 0.628947 3.74466e-06
-0.6 0.628947 4.51007e-06
0 0.628947 4.27581e-06
0.6 0.628947 3.24809e-06
1.2 0.628947 2.33489e-06
1.8 0.628947 2.48678e-06
2.4 0.628947 4.20693e-06
3 0.628947 7.44098e-06
3.6 0.628947 1.17782e-05
4.2 0.628947 1.67504e-05
4.8 0.628947 2.20408e-05
5.4 0.628947 2.75388e-05
6 0.628947 3.32761e-05
6.6 0.628947 3.93244e-05
7.2 0.628947 4.57092e-05
7.8 0.628947 5.23589e-05
8.4 0.628947 5.90921e-05
9 0.628947 6.56645e-05
9.6 0.628947 7.1876e-05
10.2 0.628947 7.76109e-05
10.8 0.628947 8.28161e-05
11.4 0.628947 8.74633e-05
12 0.628947 9.15216e-05
12.6 0.628947 9.49463e-05
13.2 0.628947 9.76833e-05
13.8 0.628947 9.968e-05
14.4 0.628947 0.000100895
15 0.628947 0.000101305
15.6 0.628947 0.000100902
16.2 0.628947 9.96937e-05
16.8 0.628947 9.7702e-05
17.4 0.628947 9.49587e-05
18 0.628947 9.15074e-05
18.6 0.628947 8.74021e-05
19.2 0.628947 8.27073e-05
19.8 0.628947 7.74967e-05
20.4 0.628947 7.1852e-05
21 0.628947 6.58619e-05
21.6 0.628947 5.96212e-05
22.2 0.628947 5.323e-05
22.8 0.628947 4.6792e-05
23.4 0.628947 4.04103e-05
24 0.628947 3.4183e-05
24.6 0.628947 2.81983e-05
25.2 0.628947 2.25358e-05
25.8 0.628947 1.72748e-05
26.4 0.628947 1.25086e-05
27 0.628947 8.35716e-06
27.6 0.628947 4.96158e-06
28.2 0.628947 2.45046e-06
28.8 0.628947 8.77521e-07
29.4 0.628947 1.52031e-07
30 0.628947 -1.22538e-36
-30 0.681579 -1.22786e-36
-29.4 0.681579 1.4055e-07
-28.8 0.681579 8.39919e-07
-28.2 0.681579 2.38475e-06
-27.6 0.681579 4.87276e-06
-27 0.681579 8.2491e-06
-26.4 0.681579 1.23833e-05
-25.8 0.681579 1.71451e-05
-25.2 0.681579 2.24438e-05
-24.6 0.681579 2.82136e-05
-24 0.681579 3.43536e-05
-23.4 0.681579 4.06688e-05
-22.8 0.681579 4.68829e-05
-22.2 0.681579 5.27785e-05
-21.6 0.681579 5.84274e-05
-21 0.681579 6.43468e-05
-20.4 0.681579 7.13355e-05
-19.8 0.681579 7.98494e-05
-19.2 0.681579 8.91026e-05
-18.6 0.681579 9.64838e-05
-18 0.681579 9.804e-05
-17.4 0.681579 9.03918e-05
-16.8 0.681579 7.35485e-05
-16.2 0.681579 5.31889e-05
-15.6 0.681579 4.08683e-05
-15 0.681579 5.17489e-05
-14.4 0.681579 9.41029e-05
-13.8 0.681579 0.000142822
-13.2 0.681579 0.000158579
-12.6 0.681579 0.000129
-12 0.681579 7.39091e-05
-11.4 0.681579 2.41032e-05
-10.8 0.681579 -5.06787e-07
-10.2 0.681579 8.81461e-07
-9.6 0.681579 1.5619e-05
-9 0.681579 2.90141e-05
-8.4 0.681579 3.29303e-05
-7.8 0.681579 2.76964e-05
-7.2 0.681579 1.86528e-05
-6.6 0.681579 1.12166e-05
-6 0.681579 7.77308e-06
-5.4 0.681579 7.47202e-06
-4.8 0.681579 7.9834e-06
-4.2 0.681579 7.50211e-06
-3.6 0.681579 5.74505e-06
-3 0.681579 3.67028e-06
-2.4 0.681579 2.45734e-06
-1.8 0.681579 2.56797e-06
-1.2 0.681579 3.48163e-06
-0.6 0.681579 4.19704e-06
0 0.681579 4.05815e-06
0.6 0.681579 3.20368e-06
1.2 0.681579 2.38794e-06
1.8 0.681579 2.5159e-06
2.4 0.681579 4.14446e-06
3 0.681579 7.29551e-06
3.6 0.681579 1.16021e-05
4.2 0.681579 1.65938e-05
4.8 0.681579 2.19258e-05
5.4 0.681579 2.74596e-05
6 0.681579 3.32164e-05
6.6 0.681579 3.92729e-05
7.2 0.681579 4.56647e-05
7.8 0.681579 5.23268e-05
8.4 0.681579 5.90799e-05
9 0.681579 6.56788e-05
9.6 0.681579 7.19185e-05
10.2 0.681579 7.76773e-05
10.8 0.681579 8.28981e-05
11.4 0.681579 8.75536e-05
12 0.681579 9.16155e-05
12.6 0.681579 9.50426e-05
13.2 0.681579 9.77826e-05
13.8 0.681579 9.9783e-05
14.4 0.681579 0.000101002
15 0.681579 0.000101413
15.6 0.681579 0.00010101
16.2 0.681579 9.98e-05
16.8 0.681579 9.78038e-05
17.4 0.681579 9.50545e-05
18 0.681579 9.15957e-05
18.6 0.681579 8.74818e-05
19.2 0.681579 8.27772e-05
19.8 0.681579 7.75555e-05
20.4 0.681579 7.18986e-05
21 0.681579 6.58954e-05
21.6 0.681579 5.96413e-05
22.2 0.681579 5.32372e-05
22.8 0.681579 4.6787e-05
23.4 0.681579 4.03938e-05
24 0.681579 3.41541e-05
24.6 0.681579 2.81546e-05
25.2 0.681579 2.24742e-05
25.8 0.681579 1.71935e-05
26.4 0.681579 1.24108e-05
27 0.681579 8.25251e-06
27.6 0.681579 4.865e-06
28.2 0.681579 2.37732e-06
28.8 0.681579 8.36651e-07
29.4 0.681579 1.40014e-07
30 0.681579 -1.2219e-36
-30 0.734211 -1.22234e-36
-29.4 0.734211 1.29714e-07
-28.8 0.734211 8.02261e-07
-28.2 0.734211 2.31504e-06
-27.6 0.734211 4.77589e-06
-27 0.734211 8.13705e-06
-26.4 0.734211 1.22728e-05
-25.8 0.734211 1.70561e-05
-25.2 0.734211 2.23949e-05
-24.6 0.734211 2.82112e-05
-24 0.734211 3.43774e-05
-23.4 0.734211 4.06679e-05
-22.8 0.734211 4.67985e-05
-22.2 0.734211 5.25948e-05
-21.6 0.734211 5.82246e-05
-21 0.734211 6.43045e-05
-20.4 0.734211 7.16495e-05
-19.8 0.734211 8.05788e-05
-19.2 0.734211 9.00412e-05
-18.6 0.734211 9.71764e-05
-18 0.734211 9.79924e-05
-17.4 0.734211 8.93668e-05
-16.8 0.734211 7.17004e-05
-16.2 0.734211 5.08153e-05
-15.6 0.734211 3.78239e-05
-15 0.734211 4.69854e-05
-14.4 0.734211 8.61204e-05
-13.8 0.734211 0.000131302
-13.2 0.734211 0.000145321
-12.6 0.734211 0.000117001
-12 0.734211 6.54979e-05
-11.4 0.734211 1.96687e-05
-10.8 0.734211 -2.40065e-06
-10.2 0.734211 -5.46285e-07
-9.6 0.734211 1.32324e-05
-9 0.734211 2.54655e-05
-8.4 0.734211 2.89378e-05
-7.8 0.734211 2.4161e-05
-7.2 0.734211 1.606e-05
-6.6 0.734211 9.49148e-06
-6 0.734211 6.52268e-06
-5.4 0.734211 6.33629e-06
-4.8 0.734211 6.84296e-06
-4.2 0.734211 6.46087e-06
-3.6 0.734211 4.96708e-06
-3 0.734211 3.21475e-06
-2.4 0.734211 2.22105e-06
-1.8 0.734211 2.35941e-06
-1.2 0.734211 3.1675e-06
-0.6 0.734211 3.81209e-06
0 0.734211 3.76671e-06
0.6 0.734211 3.10505e-06
1.2 0.734211 2.41748e-06
1.8 0.734211 2.54846e-06
2.4 0.734211 4.09855e-06
3 0.734211 7.16527e-06
3.6 0.734211 1.14321e-05
4.2 0.734211 1.64353e-05
4.8 0.734211 2.18064e-05
5.4 0.734211 2.73793e-05
6 0.734211 3.3161e-05
6.6 0.734211 3.92295e-05
7.2 0.734211 4.56286e-05
7.8 0.734211 5.23008e-05
8.4 0.734211 5.90704e-05
9 0.734211 6.56932e-05
9.6 0.734211 7.19601e-05
10.2 0.734211 7.77427e-05
10.8 0.734211 8.29801e-05
11.4 0.734211 8.76443e-05
12 0.734211 9.17102e-05
12.6 0.734211 9.51395e-05
13.2 0.734211 9.78821e-05
13.8 0.734211 9.9886e-05
14.4 0.734211 0.000101108
15 0.734211 0.000101522
15.6 0.734211 0.000101119
16.2 0.734211 9.99063e-05
16.8 0.734211 9.79057e-05
17.4 0.734211 9.51503e-05
18 0.734211 9.16841e-05
18.6 0.734211 8.75616e-05
19.2 0.734211 8.28471e-05
19.8 0.734211 7.76143e-05
20.4 0.734211 7.19451e-05
21 0.734211 6.59288e-05
21.6 0.734211 5.96614e-05
22.2 0.734211 5.32445e-05
22.8 0.734211 4.67824e-05
23.4 0.734211 4.03775e-05
24 0.734211 3.41251e-05
24.6 0.734211 2.81103e-05
25.2 0.734211 2.24113e-05
25.8 0.734211 1.71109e-05
26.4 0.734211 1.23121e-05
27 0.734211 8.14778e-06
27.6 0.734211 4.76924e-06
28.2 0.734211 2.30541e-06
28.8 0.734211 7.96779e-07
29.4 0.734211 1.28368e-07
30 0.734211 -1.21759e-36
-30 0.786842 -1.21452e-36
-29.4 0.786842 1.19399e-07
-28.8 0.786842 7.65677e-07
-28.2 0.786842 2.24588e-06
-27.6 0.786842 4.678e-06
-27 0.786842 8.02281e-06
-26.4 0.786842 1.21612e-05
-25.8 0.786842 1.69696e-05
-25.2 0.786842 2.23524e-05
-24.6 0.786842 2.82146e-05
-24 0.786842 3.43988e-05
-23.4 0.786842 4.06516e-05
-22.8 0.786842 4.66906e-05
-22.2 0.786842 5.23958e-05
-21.6 0.786842 5.80328e-05
-21 0.786842 6.43041e-05
-20.4 0.786842 7.2015e-05
-19.8 0.786842 8.13305e-05
-19.2 0.786842 9.09455e-05
-18.6 0.786842 9.77963e-05
-18 0.786842 9.79082e-05
-17.4 0.786842 8.84346e-05
-16.8 0.786842 7.0108e-05
-16.2 0.786842 4.87516e-05
-15.6 0.786842 3.48635e-05
-15 0.786842 4.1691e-05
-14.4 0.786842 7.66812e-05
-13.8 0.786842 0.000117485
-13.2 0.786842 0.000129531
-12.6 0.786842 0.000103028
-12 0.786842 5.61712e-05
-11.4 0.786842 1.53229e-05
-10.8 0.786842 -3.68353e-06
-10.2 0.786842 -1.39252e-06
-9.6 0.786842 1.10832e-05
-9 0.786842 2.18117e-05
-8.4 0.786842 2.46919e-05
-7.8 0.786842 2.04253e-05
-7.2 0.786842 1.34127e-05
-6.6 0.786842 7.83177e-06
-6 0.786842 5.37457e-06
-5.4 0.786842 5.26927e-06
-4.8 0.786842 5.71558e-06
-4.2 0.786842 5.39644e-06
-3.6 0.786842 4.16001e-06
-3 0.786842 2.7393e-06
-2.4 0.786842 1.96794e-06
-1.8 0.786842 2.12165e-06
-1.2 0.786842 2.80228e-06
-0.6 0.786842 3.35839e-06
0 0.786842 3.40467e-06
0.6 0.786842 2.95291e-06
1.2 0.786842 2.42185e-06
1.8 0.786842 2.58215e-06
2.4 0.786842 4.06795e-06
3 0.786842 7.05068e-06
3.6 0.786842 1.127e-05
4.2 0.786842 1.62764e-05
4.8 0.786842 2.16834e-05
5.4 0.786842 2.72978e-05
6 0.786842 3.31093e-05
6.6 0.786842 3.91935e-05
7.2 0.786842 4.56008e-05
7.8 0.786842 5.22811e-05
8.4 0.786842 5.9064e-05
9 0.786842 6.5708e-05
9.6 0.786842 7.20007e-05
10.2 0.786842 7.78072e-05
10.8 0.786842 8.30616e-05
11.4 0.786842 8.77354e-05
12 0.786842 9.18055e-05
12.6 0.786842 9.5237e-05
13.2 0.786842 9.79819e-05
13.8 0.786842 9.99889e-05
14.4 0.786842 0.000101214
15 0.786842 0.00010163
15.6 0.786842 0.000101227
16.2 0.786842 0.000100013
16.8 0.786842 9.80078e-05
17.4 0.786842 9.52463e-05
18 0.786842 9.17726e-05
18.6 0.786842 8.76414e-05
19.2 0.786842 8.2917e-05
19.8 0.786842 7.7673e-05
20.4 0.786842 7.19915e-05
21 0.786842 6.59621e-05
21.6 0.786842 5.96815e-05
22.2 0.786842 5.3252e-05
22.8 0.786842 4.6778e-05
23.4 0.786842 4.03615e-05
24 0.786842 3.40961e-05
24.6 0.786842 2.80654e-05
25.2 0.786842 2.23473e-05
25.8 0.786842 1.7027e-05
26.4 0.786842 1.22125e-05
27 0.786842 8.043e-06
27.6 0.786842 4.67422e-06
28.2 0.786842 2.23463e-06
28.8 0.786842 7.57806e-07
29.4 0.786842 1.17055e-07
30 0.786842 -1.21258e-36
-30 0.839474 -1.20447e-36
-29.4 0.839474 1.0948e-07
-28.8 0.839474 7.29789e-07
-28.2 0.839474 2.17675e-06
-27.6 0.839474 4.57882e-06
-27 0.839474 7.90673e-06
-26.4 0.839474 1.20494e-05
-25.8 0.839474 1.68867e-05
-25.2 0.839474 2.23163e-05
-24.6 0.839474 2.8222e-05
-24 0.839474 3.44151e-05
-23.4 0.839474 4.06184e-05
-22.8 0.839474 4.65611e-05
-22.2 0.839474 5.21864e-05
-21.6 0.839474 5.7857e-05
-21 0.839474 6.43453e-05
-20.4 0.839474 7.24243e-05
-19.8 0.839474 8.20922e-05
-19.2 0.839474 9.18069e-05
-18.6 0.839474 9.83479e-05
-18 0.839474 9.7808e-05
-17.4 0.839474 8.76272e-05
-16.8 0.839474 6.88031e-05
-16.2 0.839474 4.70178e-05
-15.6 0.839474 3.19837e-05
-15 0.839474 3.58229e-05
-14.4 0.839474 6.56856e-05
-13.8 0.839474 0.000101241
-13.2 0.839474 0.000111121
-12.6 0.839474 8.70953e-05
-12 0.839474 4.6021e-05
-11.4 0.839474 1.11522e-05
-10.8 0.839474 -4.33978e-06
-10.2 0.839474 -1.70648e-06
-9.6 0.839474 9.11334e-06
-9 0.839474 1.80334e-05
-8.4 0.839474 2.02136e-05
-7.8 0.839474 1.65222e-05
-7.2 0.839474 1.07285e-05
-6.6 0.839474 6.23439e-06
-6 0.839474 4.31522e-06
-5.4 0.839474 4.25921e-06
-4.8 0.839474 4.59736e-06
-4.2 0.839474 4.31201e-06
-3.6 0.839474 3.32915e-06
-3 0.839474 2.2459e-06
-2.4 0.839474 1.69495e-06
-1.8 0.839474 1.8501e-06
-1.2 0.839474 2.38483e-06
-0.6 0.839474 2.8392e-06
0 0.839474 2.97614e-06
0.6 0.839474 2.74883e-06
1.2 0.839474 2.3999e-06
1.8 0.839474 2.61482e-06
2.4 0.839474 4.0513e-06
3 0.839474 6.95192e-06
3.6 0.839474 1.11169e-05
4.2 0.839474 1.61185e-05
4.8 0.839474 2.15575e-05
5.4 0.839474 2.72148e-05
6 0.839474 3.30605e-05
6.6 0.839474 3.91644e-05
7.2 0.839474 4.55812e-05
7.8 0.839474 5.22679e-05
8.4 0.839474 5.9061e-05
9 0.839474 6.57233e-05
9.6 0.839474 7.20403e-05
10.2 0.839474 7.78705e-05
10.8 0.839474 8.31427e-05
11.4 0.839474 8.78268e-05
12 0.839474 9.19015e-05
12.6 0.839474 9.5335e-05
13.2 0.839474 9.8082e-05
13.8 0.839474 0.000100092
14.4 0.839474 0.00010132
15 0.839474 0.000101739
15.6 0.839474 0.000101336
16.2 0.839474 0.000100119
16.8 0.839474 9.811e-05
17.4 0.839474 9.53425e-05
18 0.839474 9.18613e-05
18.6 0.839474 8.77213e-05
19.2 0.839474 8.29869e-05
19.8 0.839474 7.77317e-05
20.4 0.839474 7.20378e-05
21 0.839474 6.59953e-05
21.6 0.839474 5.97016e-05
22.2 0.839474 5.32597e-05
22.8 0.839474 4.6774e-05
23.4 0.839474 4.03457e-05
24 0.839474 3.40669e-05
24.6 0.839474 2.80197e-05
25.2 0.839474 2.22822e-05
25.8 0.839474 1.69418e-05
26.4 0.839474 1.21121e-05
27 0.839474 7.93817e-06
27.6 0.839474 4.5799e-06
28.2 0.839474 2.16488e-06
28.8 0.839474 7.19647e-07
29.4 0.839474 1.0604e-07
30 0.839474 -1.20695e-36
-30 0.892105 -1.19244e-36
-29.4 0.892105 9.98143e-08
-28.8 0.892105 6.94207e-07
-28.2 0.892105 2.10721e-06
-27.6 0.892105 4.47823e-06
-27 0.892105 7.78932e-06
-26.4 0.892105 1.19385e-05
-25.8 0.892105 1.68082e-05
-25.2 0.892105 2.22861e-05
-24.6 0.892105 2.82316e-05
-24 0.892105 3.44239e-05
-23.4 0.892105 4.05675e-05
-22.8 0.892105 4.64122e-05
-22.2 0.892105 5.19714e-05
-21.6 0.892105 5.7701e-05
-21 0.892105 6.44269e-05
-20.4 0.892105 7.28692e-05
-19.8 0.892105 8.28525e-05
-19.2 0.892105 9.26182e-05
-18.6 0.892105 9.88361e-05
-18 0.892105 9.77119e-05
-17.4 0.892105 8.69755e-05
-16.8 0.892105 6.78196e-05
-16.2 0.892105 4.56405e-05
-15.6 0.892105 2.91895e-05
-15 0.892105 2.9335e-05
-14.4 0.892105 5.30035e-05
-13.8 0.892105 8.23889e-05
-13.2 0.892105 8.9972e-05
-12.6 0.892105 6.92295e-05
-12 0.892105 3.51787e-05
-11.4 0.892105 7.26702e-06
-10.8 0.892105 -4.36348e-06
-10.2 0.892105 -1.56179e-06
-9.6 0.892105 7.25373e-06
-9 0.892105 1.41183e-05
-8.4 0.892105 1.55356e-05
-7.8 0.892105 1.24872e-05
-7.2 0.892105 8.02163e-06
-6.6 0.892105 4.69438e-06
-6 0.892105 3.3321e-06
-5.4 0.892105 3.29417e-06
-4.8 0.892105 3.48198e-06
-4.2 0.892105 3.20959e-06
-3.6 0.892105 2.48195e-06
-3 0.892105 1.7393e-06
-2.4 0.892105 1.39889e-06
-1.8 0.892105 1.5375e-06
-1.2 0.892105 1.91216e-06
-0.6 0.892105 2.2586e-06
0 0.892105 2.48716e-06
0.6 0.892105 2.49578e-06
1.2 0.892105 2.35105e-06
1.8 0.892105 2.64443e-06
2.4 0.892105 4.04711e-06
3 0.892105 6.86894e-06
3.6 0.892105 1.0974e-05
4.2 0.892105 1.5963e-05
4.8 0.892105 2.14295e-05
5.4 0.892105 2.71303e-05
6 0.892105 3.30142e-05
6.6 0.892105 3.91417e-05
7.2 0.892105 4.55693e-05
7.8 0.892105 5.22612e-05
8.4 0.892105 5.90616e-05
9 0.892105 6.57395e-05
9.6 0.892105 7.20791e-05
10.2 0.892105 7.79327e-05
10.8 0.892105 8.32232e-05
11.4 0.892105 8.79183e-05
12 0.892105 9.1998e-05
12.6 0.892105 9.54337e-05
13.2 0.892105 9.81825e-05
13.8 0.892105 0.000100195
14.4 0.892105 0.000101426
15 0.892105 0.000101847
15.6 0.892105 0.000101444
16.2 0.892105 0.000100226
16.8 0.892105 9.82124e-05
17.4 0.892105 9.54388e-05
18 0.892105 9.19501e-05
18.6 0.892105 8.78012e-05
19.2 0.892105 8.30567e-05
19.8 0.892105 7.77902e-05
20.4 0.892105 7.20839e-05
21 0.892105 6.60284e-05
21.6 0.892105 5.97218e-05
22.2 0.892105 5.32676e-05
22.8 0.892105 4.67703e-05
23.4 0.892105 4.033e-05
24 0.892105 3.40375e-05
24.6 0.892105 2.79734e-05
25.2 0.892105 2.22159e-05
25.8 0.892105 1.68555e-05
26.4 0.892105 1.20109e-05
27 0.892105 7.8333e-06
27.6 0.892105 4.48623e-06
28.2 0.892105 2.09607e-06
28.8 0.892105 6.82228e-07
29.4 0.892105 9.52973e-08
30 0.892105 -1.20077e-36
-30 0.944737 -1.17881e-36
-29.4 0.944737 9.02547e-08
-28.8 0.944737 6.58555e-07
-28.2 0.944737 2.03688e-06
-27.6 0.944737 4.37622e-06
-27 0.944737 7.67117e-06
-26.4 0.944737 1.18294e-05
-25.8 0.944737 1.67345e-05
-25.2 0.944737 2.22613e-05
-24.6 0.944737 2.82417e-05
-24 0.944737 3.44235e-05
-23.4 0.944737 4.04987e-05
-22.8 0.944737 4.62466e-05
-22.2 0.944737 5.17551e-05
-21.6 0.944737 5.75676e-05
-21 0.944737 6.45468e-05
-20.4 0.944737 7.33417e-05
-19.8 0.944737 8.36006e-05
-19.2 0.944737 9.33734e-05
-18.6 0.944737 9.92659e-05
-18 0.944737 9.76384e-05
-17.4 0.944737 8.65097e-05
-16.8 0.944737 6.71947e-05
-16.2 0.944737 4.46573e-05
-15.6 0.944737 2.65003e-05
-15 0.944737 2.21795e-05
-14.4 0.944737 3.84555e-05
-13.8 0.944737 6.06636e-05
-13.2 0.944737 6.59186e-05
-12.6 0.944737 4.94893e-05
-12 0.944737 2.38414e-05
-11.4 0.944737 3.80426e-06
-10.8 0.944737 -3.77855e-06
-10.2 0.944737 -1.07097e-06
-9.6 0.944737 5.43136e-06
-9 0.944737 1.00772e-05
-8.4 0.944737 1.07043e-05
-7.8 0.944737 8.34892e-06
-7.2 0.944737 5.29639e-06
-6.6 0.944737 3.20848e-06
-6 0.944737 2.41941e-06
-5.4 0.944737 2.36194e-06
-4.8 0.944737 2.35661e-06
-4.2 0.944737 2.08859e-06
-3.6 0.944737 1.63068e-06
-3 0.944737 1.22955e-06
-2.4 0.944737 1.07532e-06
-1.8 0.944737 1.17087e-06
-1.2 0.944737 1.37847e-06
-0.6 0.944737 1.62337e-06
0 0.944737 1.94816e-06
0.6 0.944737 2.19935e-06
1.2 0.944737 2.27554e-06
1.8 0.944737 2.66884e-06
2.4 0.944737 4.05358e-06
3 0.944737 6.80143e-06
3.6 0.944737 1.08422e-05
4.2 0.944737 1.58112e-05
4.8 0.944737 2.13004e-05
5.4 0.944737 2.70446e-05
6 0.944737 3.29698e-05
6.6 0.944737 3.91246e-05
7.2 0.944737 4.5565e-05
7.8 0.944737 5.22611e-05
8.4 0.944737 5.90662e-05
9 0.944737 6.57568e-05
9.6 0.944737 7.21172e-05
10.2 0.944737 7.79936e-05
10.8 0.944737 8.33029e-05
11.4 0.944737 8.80098e-05
12 0.944737 9.20951e-05
12.6 0.944737 9.5533e-05
13.2 0.944737 9.82833e-05
13.8 0.944737 0.000100298
14.4 0.944737 0.000101532
15 0.944737 0.000101955
15.6 0.944737 0.000101553
16.2 0.944737 0.000100332
16.8 0.944737 9.83148e-05
17.4 0.944737 9.55352e-05
18 0.944737 9.2039e-05
18.6 0.944737 8.78812e-05
19.2 0.944737 8.31266e-05
19.8 0.944737 7.78486e-05
20.4 0.944737 7.21298e-05
21 0.944737 6.60614e-05
21.6 0.944737 5.9742e-05
22.2 0.944737 5.32757e-05
22.8 0.944737 4.67669e-05
23.4 0.944737 4.03146e-05
24 0.944737 3.40079e-05
24.6 0.944737 2.79262e-05
25.2 0.944737 2.21484e-05
25.8 0.944737 1.67681e-05
26.4 0.944737 1.19091e-05
27 0.944737 7.72841e-06
27.6 0.944737 4.39317e-06
28.2 0.944737 2.02813e-06
28.8 0.944737 6.45487e-07
29.4 0.944737 8.48009e-08
30 0.944737 -1.1941e-36
-30 0.997368 -1.16402e-36
-29.4 0.997368 8.06601e-08
-28.8 0.997368 6.22498e-07
-28.2 0.997368 1.96546e-06
-27.6 0.997368 4.2729e-06
-27 0.997368 7.55291e-06
-26.4 0.997368 1.17229e-05
-25.8 0.997368 1.66659e-05
-25.2 0.997368 2.2241e-05
-24.6 0.997368 2.82503e-05
-24 0.997368 3.44123e-05
-23.4 0.997368 4.04125e-05
-22.8 0.997368 4.60671e-05
-22.2 0.997368 5.15416e-05
-21.6 0.997368 5.7459e-05
-21 0.997368 6.47019e-05
-20.4 0.997368 7.38334e-05
-19.8 0.997368 8.43267e-05
-19.2 0.997368 9.4067e-05
-18.6 0.997368 9.96419e-05
-18 0.997368 9.76044e-05
-17.4 0.997368 8.62586e-05
-16.8 0.997368 6.69705e-05
-16.2 0.997368 4.41255e-05
-15.6 0.997368 2.39687e-05
-15 0.997368 1.43174e-05
-14.4 0.997368 2.1776e-05
-13.8 0.997368 3.56462e-05
-13.2 0.997368 3.87198e-05
-12.6 0.997368 2.80075e-05
-12 0.997368 1.23272e-05
-11.4 0.997368 9.22297e-07
-10.8 0.997368 -2.6889e-06
-10.2 0.997368 -4.05425e-07
-9.6 0.997368 3.5991e-06
-9 0.997368 5.97125e-06
-8.4 0.997368 5.7711e-06
-7.8 0.997368 4.10675e-06
-7.2 0.997368 2.54327e-06
-6.6 0.997368 1.78827e-06
-6 0.997368 1.58682e-06
-5.4 0.997368 1.44497e-06
-4.8 0.997368 1.19309e-06
-4.2 0.997368 9.44988e-07
-3.6 0.997368 7.99359e-07
-3 0.997368 7.36626e-07
-2.4 0.997368 7.15253e-07
-1.8 0.997368 7.25115e-07
-1.2 0.997368 7.73515e-07
-0.6 0.997368 9.47722e-07
0 0.997368 1.37952e-06
0.6 0.997368 1.87048e-06
1.2 0.997368 2.17471e-06
1.8 0.997368 2.68542e-06
2.4 0.997368 4.06829e-06
3 0.997368 6.74869e-06
3.6 0.997368 1.07222e-05
4.2 0.997368 1.56643e-05
4.8 0.997368 2.11711e-05
5.4 0.997368 2.69578e-05
6 0.997368 3.29271e-05
6.6 0.997368 3.91128e-05
7.2 0.997368 4.55678e-05
7.8 0.997368 5.22676e-05
8.4 0.997368 5.9075e-05
9 0.997368 6.57755e-05
9.6 0.997368 7.21546e-05
10.2 0.997368 7.80533e-05
10.8 0.997368 8.33818e-05
11.4 0.997368 8.81012e-05
12 0.997368 9.21927e-05
12.6 0.997368 9.56329e-05
13.2 0.997368 9.83847e-05
13.8 0.997368 0.000100401
14.4 0.997368 0.000101638
15 0.997368 0.000102062
15.6 0.997368 0.000101661
16.2 0.997368 0.000100439
16.8 0.997368 9.84174e-05
17.4 0.997368 9.56319e-05
18 0.997368 9.2128e-05
18.6 0.997368 8.79613e-05
19.2 0.997368 8.31963e-05
19.8 0.997368 7.79069e-05
20.4 0.997368 7.21756e-05
21 0.997368 6.60943e-05
21.6 0.997368 5.97624e-05
22.2 0.997368 5.32841e-05
22.8 0.997368 4.67638e-05
23.4 0.997368 4.02992e-05
24 0.997368 3.39779e-05
24.6 0.997368 2.78784e-05
25.2 0.997368 2.20799e-05
25.8 0.997368 1.66795e-05
26.4 0.997368 1.18065e-05
27 0.997368 7.62349e-06
27.6 0.997368 4.30066e-06
28.2 0.997368 1.96099e-06
28.8 0.997368 6.09369e-07
29.4 0.997368 7.45304e-08
30 0.997368 -1.187e-36
-30 1.05 -1.14855e-36
-29.4 1.05 7.09033e-08
-28.8 1.05 5.85752e-07
-28.2 1.05 1.89279e-06
-27.6 1.05 4.16847e-06
-27 1.05 7.43516e-06
-26.4 1.05 1.16197e-05
-25.8 1.05 1.66026e-05
-25.2 1.05 2.22243e-05
-24.6 1.05 2.8256e-05
-24 1.05 3.43891e-05
-23.4 1.05 4.03094e-05
-22.8 1.05 4.58767e-05
-22.2 1.05 5.13345e-05
-21.6 1.05 5.73765e-05
-21 1.05 6.4889e-05
-20.4 1.05 7.43364e-05
-19.8 1.05 8.50217e-05
-19.2 1.05 9.46942e-05
-18.6 1.05 9.9967e-05
-18 1.05 9.76219e-05
-17.4 1.05 8.62473e-05
-16.8 1.05 6.71989e-05
-16.2 1.05 4.41409e-05
-15.6 1.05 2.17103e-05
-15 1.05 5.72774e-06
-14.4 1.05 2.54032e-06
-13.8 1.05 6.59527e-06
-13.2 1.05 7.97054e-06
-12.6 1.05 5.13367e-06
-12 1.05 1.21949e-06
-11.4 1.05 -1.27314e-06
-10.8 1.05 -1.41122e-06
-10.2 1.05 2.17299e-07
-9.6 1.05 1.82884e-06
-9 1.05 1.93581e-06
-8.4 1.05 7.43895e-07
-7.8 1.05 -3.02598e-07
-7.2 1.05 -2.46493e-07
-6.6 1.05 4.86093e-07
-6 1.05 8.64268e-07
-5.4 1.05 5.07415e-07
-4.8 1.05 -6.46825e-08
-4.2 1.05 -2.28432e-07
-3.6 1.05 3.60975e-08
-3 1.05 3.0028e-07
-2.4 1.05 2.97892e-07
-1.8 1.05 1.48041e-07
-1.2 1.05 8.10864e-08
-0.6 1.05 2.64893e-07
0 1.05 8.23048e-07
0.6 1.05 1.53059e-06
1.2 1.05 2.05159e-06
1.8 1.05 2.69008e-06
2.4 1.05 4.08744e-06
3 1.05 6.70942e-06
3.6 1.05 1.06148e-05
4.2 1.05 1.55238e-05
4.8 1.05 2.10425e-05
5.4 1.05 2.68703e-05
6 1.05 3.28858e-05
6.6 1.05 3.91057e-05
7.2 1.05 4.55774e-05
7.8 1.05 5.22806e-05
8.4 1.05 5.9088e-05
9 1.05 6.57957e-05
9.6 1.05 7.21916e-05
10.2 1.05 7.81118e-05
10.8 1.05 8.34597e-05
11.4 1.05 8.81923e-05
12 1.05 9.22906e-05
12.6 1.05 9.57335e-05
13.2 1.05 9.84864e-05
13.8 1.05 0.000100505
14.4 1.05 0.000101743
15 1.05 0.00010217
15.6 1.05 0.000101769
16.2 1.05 0.000100545
16.8 1.05 9.85201e-05
17.4 1.05 9.57286e-05
18 1.05 9.22172e-05
18.6 1.05 8.80414e-05
19.2 1.05 8.32661e-05
19.8 1.05 7.7965e-05
20.4 1.05 7.22213e-05
21 1.05 6.61272e-05
21.6 1.05 5.97828e-05
22.2 1.05 5.32928e-05
22.8 1.05 4.67609e-05
23.4 1.05 4.0284e-05
24 1.05 3.39477e-05
24.6 1.05 2.78297e-05
25.2 1.05 2.20103e-05
25.8 1.05 1.65899e-05
26.4 1.05 1.17033e-05
27 1.05 7.51853e-06
27.6 1.05 4.20866e-06
28.2 1.05 1.89459e-06
28.8 1.05 5.73824e-07
29.4 1.05 6.44675e-08
30 1.05 -1.17951e-36
