0 570.4 563.094 570.35
1 570.4 563.101 570.35
2 570.4 563.123 570.35
3 570.4 563.159 570.35
4 570.4 563.209 570.35
5 570.4 563.272 570.351
6 570.4 563.349 570.351
7 570.4 563.438 570.351
8 570.4 563.538 570.352
9 570.4 563.649 570.352
10 570.4 563.771 570.352
11 570.4 563.901 570.353
12 570.4 564.039 570.353
13 570.4 564.184 570.354
14 570.4 564.335 570.354
15 570.4 564.492 570.355
16 570.4 564.653 570.356
17 570.4 564.816 570.356
18 570.4 564.983 570.357
19 570.4 565.15 570.358
20 570.4 565.319 570.358
21 570.4 565.488 570.359
22 570.4 565.655 570.36
23 570.4 565.822 570.36
24 570.4 565.987 570.361
25 570.4 566.149 570.362
26 570.4 566.309 570.362
27 570.4 566.466 570.363
28 570.4 566.619 570.364
29 570.4 566.768 570.365
30 570.4 566.914 570.365
31 570.4 567.055 570.366
32 570.4 567.193 570.367
33 570.4 567.325 570.367
34 570.4 567.454 570.368
35 570.4 567.578 570.369
36 570.4 567.698 570.369
37 570.4 567.813 570.37
38 570.4 567.924 570.371
39 570.4 568.03 570.371
40 570.4 568.132 570.372
41 570.4 568.23 570.373
42 570.4 568.324 570.373
43 570.4 568.415 570.374
44 570.4 568.501 570.374
45 570.4 568.583 570.375
46 570.4 568.662 570.375
47 570.4 568.738 570.376
48 570.4 568.81 570.377
49 570.4 568.878 570.377
50 570.4 568.944 570.378
51 570.4 569.007 570.378
52 570.4 569.067 570.379
53 570.4 569.124 570.379
54 570.4 569.178 570.379
55 570.4 569.23 570.38
56 570.4 569.28 570.38
57 570.4 569.327 570.381
58 570.4 569.372 570.381
59 570.4 569.415 570.382
60 570.4 569.456 570.382
61 570.4 569.496 570.382
62 570.4 569.533 570.383
63 570.4 569.568 570.383
64 570.4 569.602 570.383
65 570.4 569.635 570.384
66 570.4 569.666 570.384
67 570.4 569.695 570.384
68 570.4 569.723 570.385
69 570.4 569.75 570.385
70 570.4 569.776 570.385
71 570.4 569.8 570.386
72 570.4 569.824 570.386
73 570.4 569.846 570.386
74 570.4 569.867 570.387
75 570.4 569.888 570.387
76 570.4 569.907 570.387
77 570.4 569.926 570.387
78 570.4 569.943 570.388
79 570.4 569.96 570.388
80 570.4 569.977 570.388
81 570.4 569.992 570.388
82 570.4 570.007 570.388
83 570.4 570.021 570.389
84 570.4 570.035 570.389
85 570.4 570.048 570.389
86 570.4 570.061 570.389
87 570.4 570.072 570.389
88 570.4 570.084 570.39
89 570.4 570.095 570.39
90 570.4 570.106 570.39
91 570.4 570.116 570.39
92 570.4 570.125 570.39
93 570.4 570.135 570.391
94 570.4 570.144 570.391
95 570.4 570.152 570.391
96 570.4 570.16 570.391
97 570.4 570.168 570.391
98 570.4 570.176 570.391
99 570.4 570.183 570.392
100 570.4 570.19 570.392
101 570.4 570.197 570.392
102 570.4 570.203 570.392
103 570.4 570.209 570.392
104 570.4 570.215 570.392
105 570.4 570.221 570.392
106 570.4 570.227 570.392
107 570.4 570.232 570.393
108 570.4 570.237 570.393
109 570.4 570.242 570.393
110 570.4 570.247 570.393
111 570.4 570.252 570.393
112 570.4 570.256 570.393
113 570.4 570.26 570.393
114 570.4 570.264 570.393
115 570.4 570.268 570.393
116 570.4 570.272 570.394
117 570.4 570.276 570.394
118 570.4 570.279 570.394
119 570.4 570.283 570.394
120 570.4 570.286 570.394
121 570.4 570.289 570.394
122 570.4 570.292 570.394
123 570.4 570.295 570.394
124 570.4 570.298 570.394
125 570.4 570.301 570.394
126 570.4 570.304 570.394
127 570.4 570.306 570.395
128 570.4 570.309 570.395
129 570.4 570.311 570.395
130 570.4 570.314 570.395
131 570.4 570.316 570.395
132 570.4 570.318 570.395
133 570.4 570.32 570.395
134 570.4 570.322 570.395
135 570.4 570.324 570.395
136 570.4 570.326 570.395
137 570.4 570.328 570.395
138 570.4 570.33 570.395
139 570.4 570.332 570.395
140 570.4 570.333 570.395
141 570.4 570.335 570.396
142 570.4 570.336 570.396
143 570.4 570.338 570.396
144 570.4 570.34 570.396
145 570.4 570.341 570.396
146 570.4 570.342 570.396
147 570.4 570.344 570.396
148 570.4 570.345 570.396
149 570.4 570.346 570.396
150 570.4 570.348 570.396
151 570.4 570.349 570.396
152 570.4 570.35 570.396
153 570.4 570.351 570.396
154 570.4 570.352 570.396
155 570.4 570.353 570.396
156 570.4 570.354 570.396
157 570.4 570.355 570.396
158 570.4 570.356 570.396
159 570.4 570.357 570.396
160 570.4 570.358 570.396
161 570.4 570.359 570.397
162 570.4 570.36 570.397
163 570.4 570.361 570.397
164 570.4 570.362 570.397
165 570.4 570.363 570.397
166 570.4 570.363 570.397
167 570.4 570.364 570.397
168 570.4 570.365 570.397
169 570.4 570.366 570.397
170 570.4 570.366 570.397
171 570.4 570.367 570.397
172 570.4 570.368 570.397
173 570.4 570.369 570.397
174 570.4 570.369 570.397
175 570.4 570.37 570.397
176 570.4 570.37 570.397
177 570.4 570.371 570.397
178 570.4 570.372 570.397
179 570.4 570.372 570.397
180 570.4 570.373 570.397
181 570.4 570.373 570.397
182 570.4 570.374 570.397
183 570.4 570.374 570.397
184 570.4 570.375 570.397
185 570.4 570.375 570.397
186 570.4 570.376 570.397
187 570.4 570.376 570.397
188 570.4 570.377 570.397
189 570.4 570.377 570.397
190 570.4 570.378 570.398
191 570.4 570.378 570.398
192 570.4 570.378 570.398
193 570.4 570.379 570.398
194 570.4 570.379 570.398
195 570.4 570.38 570.398
196 570.4 570.38 570.398
197 570.4 570.38 570.398
198 570.4 570.381 570.398
199 570.4 570.381 570.398
