-30 0.1 -1.00606e-37
-29.4 0.1 4.61748e-09
-28.8 0.1 4.69214e-08
-28.2 0.1 1.60633e-07
-27.6 0.1 3.63567e-07
-27 0.1 6.57473e-07
-26.4 0.1 1.03234e-06
-25.8 0.1 1.47241e-06
-25.2 0.1 1.9614e-06
-24.6 0.1 2.48572e-06
-24 0.1 3.03525e-06
-23.4 0.1 3.60257e-06
-22.8 0.1 4.18148e-06
-22.2 0.1 4.76568e-06
-21.6 0.1 5.3481e-06
-21 0.1 5.92077e-06
-20.4 0.1 6.47523e-06
-19.8 0.1 7.00294e-06
-19.2 0.1 7.49572e-06
-18.6 0.1 7.94592e-06
-18 0.1 8.34656e-06
-17.4 0.1 8.69133e-06
-16.8 0.1 8.9746e-06
-16.2 0.1 9.1915e-06
-15.6 0.1 9.33799e-06
-15 0.1 9.41088e-06
-14.4 0.1 9.40792e-06
-13.8 0.1 9.32796e-06
-13.2 0.1 9.17117e-06
-12.6 0.1 8.93939e-06
-12 0.1 8.63647e-06
-11.4 0.1 8.26811e-06
-10.8 0.1 7.84111e-06
-10.2 0.1 7.36187e-06
-9.6 0.1 6.8347e-06
-9 0.1 6.26139e-06
-8.4 0.1 5.64349e-06
-7.8 0.1 4.98829e-06
-7.2 0.1 4.31689e-06
-6.6 0.1 3.66993e-06
-6 0.1 3.10363e-06
-5.4 0.1 2.66974e-06
-4.8 0.1 2.37931e-06
-4.2 0.1 2.16142e-06
-3.6 0.1 1.84136e-06
-3 0.1 1.16864e-06
-2.4 0.1 -8.39492e-08
-1.8 0.1 -1.9591e-06
-1.2 0.1 -4.15396e-06
-0.6 0.1 -5.99587e-06
0 0.1 -6.71739e-06
0.6 0.1 -5.96789e-06
1.2 0.1 -4.0986e-06
1.8 0.1 -1.88534e-06
2.4 0.1 -1.41183e-08
3 0.1 1.20498e-06
3.6 0.1 1.82156e-06
4.2 0.1 2.0809e-06
4.8 0.1 2.2512e-06
5.4 0.1 2.51399e-06
6 0.1 2.93382e-06
6.6 0.1 3.48654e-06
7.2 0.1 4.10985e-06
7.8 0.1 4.7456e-06
8.4 0.1 5.35945e-06
9 0.1 5.94017e-06
9.6 0.1 6.48872e-06
10.2 0.1 7.00739e-06
10.8 0.1 7.49424e-06
11.4 0.1 7.94279e-06
12 0.1 8.34437e-06
12.6 0.1 8.69067e-06
13.2 0.1 8.9749e-06
13.8 0.1 9.19198e-06
14.4 0.1 9.33815e-06
15 0.1 9.41062e-06
15.6 0.1 9.4075e-06
16.2 0.1 9.32789e-06
16.8 0.1 9.17204e-06
17.4 0.1 8.9415e-06
18 0.1 8.63915e-06
18.6 0.1 8.26927e-06
19.2 0.1 7.8375e-06
19.8 0.1 7.35084e-06
20.4 0.1 6.81749e-06
21 0.1 6.24665e-06
21.6 0.1 5.64823e-06
22.2 0.1 5.03234e-06
22.8 0.1 4.40892e-06
23.4 0.1 3.78741e-06
24 0.1 3.17682e-06
24.6 0.1 2.58624e-06
25.2 0.1 2.02576e-06
25.8 0.1 1.5075e-06
26.4 0.1 1.0461e-06
27 0.1 6.57792e-07
27.6 0.1 3.57432e-07
28.2 0.1 1.53471e-07
28.8 0.1 4.2097e-08
29.4 0.1 3.03244e-09
30 0.1 -1.02926e-37
-30 0.211111 -8.91554e-38
-29.4 0.211111 4.04738e-09
-28.8 0.211111 4.1416e-08
-28.2 0.211111 1.41969e-07
-27.6 0.211111 3.21369e-07
-27 0.211111 5.80929e-07
-26.4 0.211111 9.11501e-07
-25.8 0.211111 1.29892e-06
-25.2 0.211111 1.72878e-06
-24.6 0.211111 2.18919e-06
-24 0.211111 2.67151e-06
-23.4 0.211111 3.16952e-06
-22.8 0.211111 3.67803e-06
-22.2 0.211111 4.19174e-06
-21.6 0.211111 4.70458e-06
-21 0.211111 5.20972e-06
-20.4 0.211111 5.69988e-06
-19.8 0.211111 6.16772e-06
-19.2 0.211111 6.60614e-06
-18.6 0.211111 7.00852e-06
-18 0.211111 7.3687e-06
-17.4 0.211111 7.68103e-06
-16.8 0.211111 7.94037e-06
-16.2 0.211111 8.14217e-06
-15.6 0.211111 8.28256e-06
-15 0.211111 8.3584e-06
-14.4 0.211111 8.36733e-06
-13.8 0.211111 8.30792e-06
-13.2 0.211111 8.17981e-06
-12.6 0.211111 7.98396e-06
-12 0.211111 7.72304e-06
-11.4 0.211111 7.40154e-06
-10.8 0.211111 7.0254e-06
-10.2 0.211111 6.60095e-06
-9.6 0.211111 6.1333e-06
-9 0.211111 5.62529e-06
-8.4 0.211111 5.07844e-06
-7.8 0.211111 4.49729e-06
-7.2 0.211111 3.8967e-06
-6.6 0.211111 3.30859e-06
-6 0.211111 2.78154e-06
-5.4 0.211111 2.36604e-06
-4.8 0.211111 2.08265e-06
-4.2 0.211111 1.88156e-06
-3.6 0.211111 1.61524e-06
-3 0.211111 1.05543e-06
-2.4 0.211111 -2.04248e-08
-1.8 0.211111 -1.67614e-06
-1.2 0.211111 -3.65375e-06
-0.6 0.211111 -5.33594e-06
0 0.211111 -6.00084e-06
0.6 0.211111 -5.31541e-06
1.2 0.211111 -3.61273e-06
1.8 0.211111 -1.62183e-06
2.4 0.211111 2.8194e-08
3 0.211111 1.07287e-06
3.6 0.211111 1.58158e-06
4.2 0.211111 1.79153e-06
4.8 0.211111 1.94468e-06
5.4 0.211111 2.19303e-06
6 0.211111 2.5808e-06
6.6 0.211111 3.07777e-06
7.2 0.211111 3.62726e-06
7.8 0.211111 4.18175e-06
8.4 0.211111 4.71634e-06
9 0.211111 5.22477e-06
9.6 0.211111 5.70888e-06
10.2 0.211111 6.16979e-06
10.8 0.211111 6.60441e-06
11.4 0.211111 7.00619e-06
12 0.211111 7.36736e-06
12.6 0.211111 7.68078e-06
13.2 0.211111 7.94068e-06
13.8 0.211111 8.14253e-06
14.4 0.211111 8.28268e-06
15 0.211111 8.35823e-06
15.6 0.211111 8.36699e-06
16.2 0.211111 8.3077e-06
16.8 0.211111 8.18013e-06
17.4 0.211111 7.98519e-06
18 0.211111 7.72507e-06
18.6 0.211111 7.40318e-06
19.2 0.211111 7.02426e-06
19.8 0.211111 6.59435e-06
20.4 0.211111 6.12071e-06
21 0.211111 5.61163e-06
21.6 0.211111 5.07617e-06
22.2 0.211111 4.52373e-06
22.8 0.211111 3.9636e-06
23.4 0.211111 3.40467e-06
24 0.211111 2.85533e-06
24.6 0.211111 2.32396e-06
25.2 0.211111 1.81969e-06
25.8 0.211111 1.35341e-06
26.4 0.211111 9.38284e-07
27 0.211111 5.8901e-07
27.6 0.211111 3.19082e-07
28.2 0.211111 1.36181e-07
28.8 0.211111 3.67945e-08
29.4 0.211111 2.40316e-09
30 0.211111 -9.28031e-38
-30 0.322222 -7.77051e-38
-29.4 0.322222 3.5235e-09
-28.8 0.322222 3.6076e-08
-28.2 0.322222 1.23643e-07
-27.6 0.322222 2.79755e-07
-27 0.322222 5.05367e-07
-26.4 0.322222 7.92296e-07
-25.8 0.322222 1.12806e-06
-25.2 0.322222 1.50008e-06
-24.6 0.322222 1.89814e-06
-24 0.322222 2.31495e-06
-23.4 0.322222 2.74537e-06
-22.8 0.322222 3.18512e-06
-22.2 0.322222 3.62979e-06
-21.6 0.322222 4.07429e-06
-21 0.322222 4.51284e-06
-20.4 0.322222 4.93927e-06
-19.8 0.322222 5.34736e-06
-19.2 0.322222 5.7311e-06
-18.6 0.322222 6.08482e-06
-18 0.322222 6.40318e-06
-17.4 0.322222 6.68125e-06
-16.8 0.322222 6.91444e-06
-16.2 0.322222 7.0986e-06
-15.6 0.322222 7.2301e-06
-15 0.322222 7.30593e-06
-14.4 0.322222 7.32374e-06
-13.8 0.322222 7.28195e-06
-13.2 0.322222 7.17982e-06
-12.6 0.322222 7.0177e-06
-12 0.322222 6.79725e-06
-11.4 0.322222 6.52178e-06
-10.8 0.322222 6.19617e-06
-10.2 0.322222 5.82623e-06
-9.6 0.322222 5.41748e-06
-9 0.322222 4.97373e-06
-8.4 0.322222 4.49701e-06
-7.8 0.322222 3.99019e-06
-7.2 0.322222 3.46291e-06
-6.6 0.322222 2.93874e-06
-6 0.322222 2.45768e-06
-5.4 0.322222 2.06675e-06
-4.8 0.322222 1.79363e-06
-4.2 0.322222 1.60812e-06
-3.6 0.322222 1.39048e-06
-3 0.322222 9.3723e-07
-2.4 0.322222 3.36032e-08
-1.8 0.322222 -1.40331e-06
-1.2 0.322222 -3.16077e-06
-0.6 0.322222 -4.67922e-06
0 0.322222 -5.28524e-06
0.6 0.322222 -4.66463e-06
1.2 0.322222 -3.13127e-06
1.8 0.322222 -1.36471e-06
2.4 0.322222 6.52684e-08
3 0.322222 9.4022e-07
3.6 0.322222 1.34748e-06
4.2 0.322222 1.51335e-06
4.8 0.322222 1.65148e-06
5.4 0.322222 1.88426e-06
6 0.322222 2.23725e-06
6.6 0.322222 2.67633e-06
7.2 0.322222 3.15186e-06
7.8 0.322222 3.62696e-06
8.4 0.322222 4.08507e-06
9 0.322222 4.52367e-06
9.6 0.322222 4.94466e-06
10.2 0.322222 5.3479e-06
10.8 0.322222 5.72952e-06
11.4 0.322222 6.08326e-06
12 0.322222 6.40246e-06
12.6 0.322222 6.68122e-06
13.2 0.322222 6.91469e-06
13.8 0.322222 7.09882e-06
14.4 0.322222 7.23017e-06
15 0.322222 7.30584e-06
15.6 0.322222 7.32353e-06
16.2 0.322222 7.28173e-06
16.8 0.322222 7.17984e-06
17.4 0.322222 7.01828e-06
18 0.322222 6.79854e-06
18.6 0.322222 6.5233e-06
19.2 0.322222 6.19641e-06
19.8 0.322222 5.82295e-06
20.4 0.322222 5.40922e-06
21 0.322222 4.96254e-06
21.6 0.322222 4.49106e-06
22.2 0.322222 4.00336e-06
22.8 0.322222 3.50798e-06
23.4 0.322222 3.01314e-06
24 0.322222 2.52657e-06
24.6 0.322222 2.05584e-06
25.2 0.322222 1.60913e-06
25.8 0.322222 1.1961e-06
26.4 0.322222 8.28448e-07
27 0.322222 5.19234e-07
27.6 0.322222 2.80496e-07
28.2 0.322222 1.19063e-07
28.8 0.322222 3.17318e-08
29.4 0.322222 1.87716e-09
30 0.322222 -8.2273e-38
-30 0.433333 -6.63023e-38
-29.4 0.433333 3.02979e-09
-28.8 0.433333 3.08587e-08
-28.2 0.433333 1.056e-07
-27.6 0.433333 2.38686e-07
-27 0.433333 4.30772e-07
-26.4 0.433333 6.74718e-07
-25.8 0.433333 9.59773e-07
-25.2 0.433333 1.27521e-06
-24.6 0.433333 1.61242e-06
-24 0.433333 1.96535e-06
-23.4 0.433333 2.32983e-06
-22.8 0.433333 2.7024e-06
-22.2 0.433333 3.07948e-06
-21.6 0.433333 3.45686e-06
-21 0.433333 3.82977e-06
-20.4 0.433333 4.19309e-06
-19.8 0.433333 4.54167e-06
-19.2 0.433333 4.87051e-06
-18.6 0.433333 5.17485e-06
-18 0.433333 5.4502e-06
-17.4 0.433333 5.69234e-06
-16.8 0.433333 5.89728e-06
-16.2 0.433333 6.06136e-06
-15.6 0.433333 6.18128e-06
-15 0.433333 6.25423e-06
-14.4 0.433333 6.27794e-06
-13.8 0.433333 6.2508e-06
-13.2 0.433333 6.17185e-06
-12.6 0.433333 6.04101e-06
-12 0.433333 5.85921e-06
-11.4 0.433333 5.62869e-06
-10.8 0.433333 5.35316e-06
-10.2 0.433333 5.03759e-06
-9.6 0.433333 4.68737e-06
-9 0.433333 4.30703e-06
-8.4 0.433333 3.89939e-06
-7.8 0.433333 3.46663e-06
-7.2 0.433333 3.01454e-06
-6.6 0.433333 2.55902e-06
-6 0.433333 2.13089e-06
-5.4 0.433333 1.77153e-06
-4.8 0.433333 1.51275e-06
-4.2 0.433333 1.34201e-06
-3.6 0.433333 1.16761e-06
-3 0.433333 8.13695e-07
-2.4 0.433333 7.71455e-08
-1.8 0.433333 -1.14146e-06
-1.2 0.433333 -2.67497e-06
-0.6 0.433333 -4.02464e-06
0 0.433333 -4.56907e-06
0.6 0.433333 -4.01462e-06
1.2 0.433333 -2.65449e-06
1.8 0.433333 -1.11522e-06
2.4 0.433333 9.57278e-08
3 0.433333 8.06376e-07
3.6 0.433333 1.11958e-06
4.2 0.433333 1.24719e-06
4.8 0.433333 1.37222e-06
5.4 0.433333 1.58762e-06
6 0.433333 1.90249e-06
6.6 0.433333 2.28138e-06
7.2 0.433333 2.68305e-06
7.8 0.433333 3.08099e-06
8.4 0.433333 3.46562e-06
9 0.433333 3.8368e-06
9.6 0.433333 4.19585e-06
10.2 0.433333 4.54143e-06
10.8 0.433333 4.86931e-06
11.4 0.433333 5.17395e-06
12 0.433333 5.44989e-06
12.6 0.433333 5.6924e-06
13.2 0.433333 5.89744e-06
13.8 0.433333 6.06147e-06
14.4 0.433333 6.18131e-06
15 0.433333 6.2542e-06
15.6 0.433333 6.27785e-06
16.2 0.433333 6.25066e-06
16.8 0.433333 6.17177e-06
17.4 0.433333 6.0412e-06
18 0.433333 5.85988e-06
18.6 0.433333 5.62978e-06
19.2 0.433333 5.35391e-06
19.8 0.433333 5.03646e-06
20.4 0.433333 4.68272e-06
21 0.433333 4.29902e-06
21.6 0.433333 3.8925e-06
22.2 0.433333 3.47082e-06
22.8 0.433333 3.04169e-06
23.4 0.433333 2.61251e-06
24 0.433333 2.19026e-06
24.6 0.433333 1.78169e-06
25.2 0.433333 1.39398e-06
25.8 0.433333 1.03555e-06
26.4 0.433333 7.16585e-07
27 0.433333 4.48457e-07
27.6 0.433333 2.41649e-07
28.2 0.433333 1.0208e-07
28.8 0.433333 2.68758e-08
29.4 0.433333 1.4415e-09
30 0.433333 -7.13797e-38
-30 0.544444 -5.49792e-38
-29.4 0.544444 2.55414e-09
-28.8 0.544444 2.57308e-08
-28.2 0.544444 8.77976e-08
-27.6 0.544444 1.98125e-07
-27 0.544444 3.57122e-07
-26.4 0.544444 5.58752e-07
-25.8 0.544444 7.94034e-07
-25.2 0.544444 1.05409e-06
-24.6 0.544444 1.33186e-06
-24 0.544444 1.62248e-06
-23.4 0.544444 1.92261e-06
-22.8 0.544444 2.22955e-06
-22.2 0.544444 2.54044e-06
-21.6 0.544444 2.85193e-06
-21 0.544444 3.16017e-06
-20.4 0.544444 3.46106e-06
-19.8 0.544444 3.75043e-06
-19.2 0.544444 4.02423e-06
-18.6 0.544444 4.27862e-06
-18 0.544444 4.50991e-06
-17.4 0.544444 4.7146e-06
-16.8 0.544444 4.88935e-06
-16.2 0.544444 5.03102e-06
-15.6 0.544444 5.13674e-06
-15 0.544444 5.204e-06
-14.4 0.544444 5.2307e-06
-13.8 0.544444 5.21524e-06
-13.2 0.544444 5.15661e-06
-12.6 0.544444 5.05444e-06
-12 0.544444 4.90916e-06
-11.4 0.544444 4.72218e-06
-10.8 0.544444 4.4961e-06
-10.2 0.544444 4.23479e-06
-9.6 0.544444 3.94302e-06
-9 0.544444 3.62553e-06
-8.4 0.544444 3.28591e-06
-7.8 0.544444 2.92651e-06
-7.2 0.544444 2.55065e-06
-6.6 0.544444 2.16789e-06
-6 0.544444 1.79973e-06
-5.4 0.544444 1.47979e-06
-4.8 0.544444 1.24064e-06
-4.2 0.544444 1.08448e-06
-3.6 0.544444 9.47495e-07
-3 0.544444 6.845e-07
-2.4 0.544444 1.08847e-07
-1.8 0.544444 -8.91908e-07
-1.2 0.544444 -2.19645e-06
-0.6 0.544444 -3.37077e-06
0 0.544444 -3.85033e-06
0.6 0.544444 -3.36416e-06
1.2 0.544444 -2.1828e-06
1.8 0.544444 -8.7507e-07
2.4 0.544444 1.1783e-07
3 0.544444 6.70691e-07
3.6 0.544444 8.98539e-07
4.2 0.544444 9.94257e-07
4.8 0.544444 1.10765e-06
5.4 0.544444 1.30288e-06
6 0.544444 1.57557e-06
6.6 0.544444 1.89193e-06
7.2 0.544444 2.2203e-06
7.8 0.544444 2.54377e-06
8.4 0.544444 2.85808e-06
9 0.544444 3.16411e-06
9.6 0.544444 3.46215e-06
10.2 0.544444 3.74997e-06
10.8 0.544444 4.02351e-06
11.4 0.544444 4.2782e-06
12 0.544444 4.50981e-06
12.6 0.544444 4.71465e-06
13.2 0.544444 4.88942e-06
13.8 0.544444 5.03106e-06
14.4 0.544444 5.13676e-06
15 0.544444 5.204e-06
15.6 0.544444 5.23067e-06
16.2 0.544444 5.21518e-06
16.8 0.544444 5.15654e-06
17.4 0.544444 5.05446e-06
18 0.544444 4.90942e-06
18.6 0.544444 4.72277e-06
19.2 0.544444 4.49678e-06
19.8 0.544444 4.23474e-06
20.4 0.544444 3.94095e-06
21 0.544444 3.6207e-06
21.6 0.544444 3.28008e-06
22.2 0.544444 2.92571e-06
22.8 0.544444 2.56432e-06
23.4 0.544444 2.20243e-06
24 0.544444 1.84615e-06
24.6 0.544444 1.50133e-06
25.2 0.544444 1.17413e-06
25.8 0.544444 8.71712e-07
26.4 0.544444 6.02681e-07
27 0.544444 3.76667e-07
27.6 0.544444 2.0252e-07
28.2 0.544444 8.52018e-08
28.8 0.544444 2.22014e-08
29.4 0.544444 1.08642e-09
30 0.544444 -6.01553e-38
-30 0.655556 -4.37575e-38
-29.4 0.655556 2.08706e-09
-28.8 0.655556 2.06654e-08
-28.2 0.655556 7.0198e-08
-27.6 0.655556 1.58036e-07
-27 0.655556 2.84392e-07
-26.4 0.655556 4.44375e-07
-25.8 0.655556 6.30804e-07
-25.2 0.655556 8.36637e-07
-24.6 0.655556 1.05634e-06
-24 0.655556 1.28612e-06
-23.4 0.655556 1.52343e-06
-22.8 0.655556 1.76623e-06
-22.2 0.655556 2.01232e-06
-21.6 0.655556 2.25914e-06
-21 0.655556 2.50371e-06
-20.4 0.655556 2.74287e-06
-19.8 0.655556 2.9734e-06
-19.2 0.655556 3.19215e-06
-18.6 0.655556 3.39613e-06
-18 0.655556 3.58244e-06
-17.4 0.655556 3.7483e-06
-16.8 0.655556 3.89104e-06
-16.2 0.655556 4.00811e-06
-15.6 0.655556 4.09713e-06
-15 0.655556 4.15595e-06
-14.4 0.655556 4.18275e-06
-13.8 0.655556 4.17604e-06
-13.2 0.655556 4.13483e-06
-12.6 0.655556 4.05861e-06
-12 0.655556 3.94748e-06
-11.4 0.655556 3.80226e-06
-10.8 0.655556 3.62465e-06
-10.2 0.655556 3.41741e-06
-9.6 0.655556 3.18426e-06
-9 0.655556 2.92951e-06
-8.4 0.655556 2.65714e-06
-7.8 0.655556 2.37003e-06
-7.2 0.655556 2.07055e-06
-6.6 0.655556 1.76366e-06
-6 0.655556 1.46227e-06
-5.4 0.655556 1.19055e-06
-4.8 0.655556 9.77928e-07
-4.2 0.655556 8.37323e-07
-3.6 0.655556 7.3158e-07
-3 0.655556 5.49411e-07
-2.4 0.655556 1.26815e-07
-1.8 0.655556 -6.567e-07
-1.2 0.655556 -1.72563e-06
-0.6 0.655556 -2.7158e-06
0 0.655556 -3.12616e-06
0.6 0.655556 -2.71159e-06
1.2 0.655556 -1.71693e-06
1.8 0.655556 -6.46698e-07
2.4 0.655556 1.29296e-07
3 0.655556 5.32619e-07
3.6 0.655556 6.85597e-07
4.2 0.655556 7.56288e-07
4.8 0.655556 8.58539e-07
5.4 0.655556 1.02943e-06
6 0.655556 1.25515e-06
6.6 0.655556 1.50686e-06
7.2 0.655556 1.76324e-06
7.8 0.655556 2.01551e-06
8.4 0.655556 2.26269e-06
9 0.655556 2.5055e-06
9.6 0.655556 2.74315e-06
10.2 0.655556 2.97307e-06
10.8 0.655556 3.19182e-06
11.4 0.655556 3.39597e-06
12 0.655556 3.58241e-06
12.6 0.655556 3.74832e-06
13.2 0.655556 3.89106e-06
13.8 0.655556 4.00812e-06
14.4 0.655556 4.09714e-06
15 0.655556 4.15595e-06
15.6 0.655556 4.18274e-06
16.2 0.655556 4.17602e-06
16.8 0.655556 4.1348e-06
17.4 0.655556 4.05859e-06
18 0.655556 3.94755e-06
18.6 0.655556 3.8025e-06
19.2 0.655556 3.62504e-06
19.8 0.655556 3.41764e-06
20.4 0.655556 3.18363e-06
21 0.655556 2.92722e-06
21.6 0.655556 2.65338e-06
22.2 0.655556 2.36759e-06
22.8 0.655556 2.07548e-06
23.4 0.655556 1.78256e-06
24 0.655556 1.49396e-06
24.6 0.655556 1.21457e-06
25.2 0.655556 9.4948e-07
25.8 0.655556 7.04529e-07
26.4 0.655556 4.86718e-07
27 0.655556 3.03854e-07
27.6 0.655556 1.6309e-07
28.2 0.655556 6.84022e-08
28.8 0.655556 1.76876e-08
29.4 0.655556 8.03899e-10
30 0.655556 -4.86249e-38
-30 0.766667 -3.26519e-38
-29.4 0.766667 1.62093e-09
-28.8 0.766667 1.56401e-08
-28.2 0.766667 5.27684e-08
-27.6 0.766667 1.18386e-07
-27 0.766667 2.12555e-07
-26.4 0.766667 3.31564e-07
-25.8 0.766667 4.70044e-07
-25.2 0.766667 6.22781e-07
-24.6 0.766667 7.85707e-07
-24 0.766667 9.56072e-07
-23.4 0.766667 1.13204e-06
-22.8 0.766667 1.31214e-06
-22.2 0.766667 1.49479e-06
-21.6 0.766667 1.67814e-06
-21 0.766667 1.86006e-06
-20.4 0.766667 2.03824e-06
-19.8 0.766667 2.21035e-06
-19.2 0.766667 2.3741e-06
-18.6 0.766667 2.52732e-06
-18 0.766667 2.66786e-06
-17.4 0.766667 2.79367e-06
-16.8 0.766667 2.90274e-06
-16.2 0.766667 2.99315e-06
-15.6 0.766667 3.06305e-06
-15 0.766667 3.11076e-06
-14.4 0.766667 3.1348e-06
-13.8 0.766667 3.13393e-06
-13.2 0.766667 3.10723e-06
-12.6 0.766667 3.05417e-06
-12 0.766667 2.97467e-06
-11.4 0.766667 2.86914e-06
-10.8 0.766667 2.73864e-06
-10.2 0.766667 2.58494e-06
-9.6 0.766667 2.41063e-06
-9 0.766667 2.21901e-06
-8.4 0.766667 2.0137e-06
-7.8 0.766667 1.79791e-06
-7.2 0.766667 1.57402e-06
-6.6 0.766667 1.34463e-06
-6 0.766667 1.11592e-06
-5.4 0.766667 9.0203e-07
-4.8 0.766667 7.25086e-07
-4.2 0.766667 6.03052e-07
-3.6 0.766667 5.22387e-07
-3 0.766667 4.08615e-07
-2.4 0.766667 1.28347e-07
-1.8 0.766667 -4.39251e-07
-1.2 0.766667 -1.26342e-06
-0.6 0.766667 -2.05707e-06
0 0.766667 -2.39242e-06
0.6 0.766667 -2.05446e-06
1.2 0.766667 -1.25814e-06
1.8 0.766667 -4.33932e-07
2.4 0.766667 1.27031e-07
3 0.766667 3.92033e-07
3.6 0.766667 4.83076e-07
4.2 0.766667 5.35734e-07
4.8 0.766667 6.2554e-07
5.4 0.766667 7.65975e-07
6 0.766667 9.39346e-07
6.6 0.766667 1.12512e-06
7.2 0.766667 1.31194e-06
7.8 0.766667 1.49672e-06
8.4 0.766667 1.67966e-06
9 0.766667 1.86067e-06
9.6 0.766667 2.03829e-06
10.2 0.766667 2.21023e-06
10.8 0.766667 2.37401e-06
11.4 0.766667 2.52727e-06
12 0.766667 2.66784e-06
12.6 0.766667 2.79366e-06
13.2 0.766667 2.90274e-06
13.8 0.766667 2.99315e-06
14.4 0.766667 3.06305e-06
15 0.766667 3.11076e-06
15.6 0.766667 3.1348e-06
16.2 0.766667 3.13392e-06
16.8 0.766667 3.10722e-06
17.4 0.766667 3.05417e-06
18 0.766667 2.97469e-06
18.6 0.766667 2.86922e-06
19.2 0.766667 2.73878e-06
19.8 0.766667 2.58508e-06
20.4 0.766667 2.41052e-06
21 0.766667 2.21822e-06
21.6 0.766667 2.01197e-06
22.2 0.766667 1.79599e-06
22.8 0.766667 1.57473e-06
23.4 0.766667 1.35251e-06
24 0.766667 1.13339e-06
24.6 0.766667 9.21214e-07
25.2 0.766667 7.19906e-07
25.8 0.766667 5.33951e-07
26.4 0.766667 3.68678e-07
27 0.766667 2.30007e-07
27.6 0.766667 1.23342e-07
28.2 0.766667 5.16583e-08
28.8 0.766667 1.33153e-08
29.4 0.766667 5.86588e-10
30 0.766667 -3.68118e-38
-30 0.877778 -2.16712e-38
-29.4 0.877778 1.14962e-09
-28.8 0.877778 1.06362e-08
-28.2 0.877778 3.54795e-08
-27.6 0.877778 7.91446e-08
-27 0.877778 1.41583e-07
-26.4 0.877778 2.2029e-07
-25.8 0.877778 3.11715e-07
-25.2 0.877778 4.12448e-07
-24.6 0.877778 5.19853e-07
-24 0.877778 6.32157e-07
-23.4 0.877778 7.48179e-07
-22.8 0.877778 8.66966e-07
-22.2 0.877778 9.87506e-07
-21.6 0.877778 1.1086e-06
-21 0.877778 1.22888e-06
-20.4 0.877778 1.34686e-06
-19.8 0.877778 1.46103e-06
-19.2 0.877778 1.56993e-06
-18.6 0.877778 1.67213e-06
-18 0.877778 1.76624e-06
-17.4 0.877778 1.8509e-06
-16.8 0.877778 1.92479e-06
-16.2 0.877778 1.9866e-06
-15.6 0.877778 2.03509e-06
-15 0.877778 2.06911e-06
-14.4 0.877778 2.08758e-06
-13.8 0.877778 2.08962e-06
-13.2 0.877778 2.07452e-06
-12.6 0.877778 2.0418e-06
-12 0.877778 1.99131e-06
-11.4 0.877778 1.92321e-06
-10.8 0.877778 1.83808e-06
-10.2 0.877778 1.73697e-06
-9.6 0.877778 1.62143e-06
-9 0.877778 1.49356e-06
-8.4 0.877778 1.35592e-06
-7.8 0.877778 1.21122e-06
-7.2 0.877778 1.06185e-06
-6.6 0.877778 9.09757e-07
-6 0.877778 7.57443e-07
-5.4 0.877778 6.10757e-07
-4.8 0.877778 4.81618e-07
-4.2 0.877778 3.85221e-07
-3.6 0.877778 3.24565e-07
-3 0.877778 2.63316e-07
-2.4 0.877778 1.09648e-07
-1.8 0.877778 -2.45382e-07
-1.2 0.877778 -8.12422e-07
-0.6 0.877778 -1.39068e-06
0 0.877778 -1.64169e-06
0.6 0.877778 -1.38908e-06
1.2 0.877778 -8.09393e-07
1.8 0.877778 -2.43017e-07
2.4 0.877778 1.06834e-07
3 0.877778 2.49836e-07
3.6 0.877778 2.95414e-07
4.2 0.877778 3.3606e-07
4.8 0.877778 4.08385e-07
5.4 0.877778 5.09716e-07
6 0.877778 6.25779e-07
6.6 0.877778 7.46236e-07
7.2 0.877778 8.67195e-07
7.8 0.877778 9.88144e-07
8.4 0.877778 1.10901e-06
9 0.877778 1.22905e-06
9.6 0.877778 1.34692e-06
10.2 0.877778 1.46105e-06
10.8 0.877778 1.56993e-06
11.4 0.877778 1.67211e-06
12 0.877778 1.76622e-06
12.6 0.877778 1.85089e-06
13.2 0.877778 1.92478e-06
13.8 0.877778 1.9866e-06
14.4 0.877778 2.0351e-06
15 0.877778 2.06911e-06
15.6 0.877778 2.08758e-06
16.2 0.877778 2.08962e-06
16.8 0.877778 2.07451e-06
17.4 0.877778 2.04181e-06
18 0.877778 1.99133e-06
18.6 0.877778 1.92324e-06
19.2 0.877778 1.83812e-06
19.8 0.877778 1.73699e-06
20.4 0.877778 1.62138e-06
21 0.877778 1.49334e-06
21.6 0.877778 1.3554e-06
22.2 0.877778 1.21047e-06
22.8 0.877778 1.06162e-06
23.4 0.877778 9.11901e-07
24 0.877778 7.6415e-07
24.6 0.877778 6.21045e-07
25.2 0.877778 4.85289e-07
25.8 0.877778 3.59925e-07
26.4 0.877778 2.48544e-07
27 0.877778 1.55117e-07
27.6 0.877778 8.32595e-08
28.2 0.877778 3.49473e-08
28.8 0.877778 9.06507e-09
29.4 0.877778 4.26932e-10
30 0.877778 -2.47409e-38
-30 0.988889 -1.0821e-38
-29.4 0.988889 6.68267e-10
-28.8 0.988889 5.63802e-09
-28.2 0.988889 1.83054e-08
-27.6 0.988889 4.02783e-08
-27 0.988889 7.14432e-08
-26.4 0.988889 1.10522e-07
-25.8 0.988889 1.55777e-07
-25.2 0.988889 2.05573e-07
-24.6 0.988889 2.58659e-07
-24 0.988889 3.14194e-07
-23.4 0.988889 3.71609e-07
-22.8 0.988889 4.30429e-07
-22.2 0.988889 4.9015e-07
-21.6 0.988889 5.5018e-07
-21 0.988889 6.09847e-07
-20.4 0.988889 6.68433e-07
-19.8 0.988889 7.2521e-07
-19.2 0.988889 7.79463e-07
-18.6 0.988889 8.30495e-07
-18 0.988889 8.77626e-07
-17.4 0.988889 9.20184e-07
-16.8 0.988889 9.5751e-07
-16.2 0.988889 9.88953e-07
-15.6 0.988889 1.01389e-06
-15 0.988889 1.03172e-06
-14.4 0.988889 1.04189e-06
-13.8 0.988889 1.04394e-06
-13.2 0.988889 1.03747e-06
-12.6 0.988889 1.0222e-06
-12 0.988889 9.9801e-07
-11.4 0.988889 9.64938e-07
-10.8 0.988889 9.23229e-07
-10.2 0.988889 8.73356e-07
-9.6 0.988889 8.16043e-07
-9 0.988889 7.52279e-07
-8.4 0.988889 6.83316e-07
-7.8 0.988889 6.10607e-07
-7.2 0.988889 5.35673e-07
-6.6 0.988889 4.59896e-07
-6 0.988889 3.84491e-07
-5.4 0.988889 3.11075e-07
-4.8 0.988889 2.4306e-07
-4.2 0.988889 1.867e-07
-3.6 0.988889 1.47922e-07
-3 0.988889 1.19948e-07
-2.4 0.988889 6.44772e-08
-1.8 0.988889 -8.81252e-08
-1.2 0.988889 -3.77652e-07
-0.6 0.988889 -7.09282e-07
0 0.988889 -8.61755e-07
0.6 0.988889 -7.08132e-07
1.2 0.988889 -3.76085e-07
1.8 0.988889 -8.75522e-08
2.4 0.988889 6.20668e-08
3 0.988889 1.12136e-07
3.6 0.988889 1.32049e-07
4.2 0.988889 1.60086e-07
4.8 0.988889 2.03241e-07
5.4 0.988889 2.56036e-07
6 0.988889 3.12884e-07
6.6 0.988889 3.71219e-07
7.2 0.988889 4.30388e-07
7.8 0.988889 4.90193e-07
8.4 0.988889 5.50242e-07
9 0.988889 6.09914e-07
9.6 0.988889 6.68487e-07
10.2 0.988889 7.25239e-07
10.8 0.988889 7.79466e-07
11.4 0.988889 8.30484e-07
12 0.988889 8.77612e-07
12.6 0.988889 9.20176e-07
13.2 0.988889 9.57508e-07
13.8 0.988889 9.88956e-07
14.4 0.988889 1.01389e-06
15 0.988889 1.03172e-06
15.6 0.988889 1.04189e-06
16.2 0.988889 1.04394e-06
16.8 0.988889 1.03746e-06
17.4 0.988889 1.0222e-06
18 0.988889 9.98019e-07
18.6 0.988889 9.64954e-07
19.2 0.988889 9.23242e-07
19.8 0.988889 8.73352e-07
20.4 0.988889 8.16006e-07
21 0.988889 7.52204e-07
21.6 0.988889 6.83209e-07
22.2 0.988889 6.10496e-07
22.8 0.988889 5.35657e-07
23.4 0.988889 4.60283e-07
24 0.988889 3.85872e-07
24.6 0.988889 3.13812e-07
25.2 0.988889 2.45478e-07
25.8 0.988889 1.82383e-07
26.4 0.988889 1.26297e-07
27 0.988889 7.91801e-08
27.6 0.988889 4.28288e-08
28.2 0.988889 1.82449e-08
28.8 0.988889 4.91529e-09
29.4 0.988889 3.16405e-10
30 0.988889 -1.2441e-38
-30 1.1 0
-29.4 1.1 0
-28.8 1.1 0
-28.2 1.1 0
-27.6 1.1 0
-27 1.1 0
-26.4 1.1 0
-25.8 1.1 0
-25.2 1.1 0
-24.6 1.1 0
-24 1.1 0
-23.4 1.1 0
-22.8 1.1 0
-22.2 1.1 0
-21.6 1.1 0
-21 1.1 0
-20.4 1.1 0
-19.8 1.1 0
-19.2 1.1 0
-18.6 1.1 0
-18 1.1 0
-17.4 1.1 0
-16.8 1.1 0
-16.2 1.1 0
-15.6 1.1 0
-15 1.1 0
-14.4 1.1 0
-13.8 1.1 0
-13.2 1.1 0
-12.6 1.1 0
-12 1.1 0
-11.4 1.1 0
-10.8 1.1 0
-10.2 1.1 0
-9.6 1.1 0
-9 1.1 0
-8.4 1.1 0
-7.8 1.1 0
-7.2 1.1 0
-6.6 1.1 0
-6 1.1 0
-5.4 1.1 0
-4.8 1.1 0
-4.2 1.1 0
-3.6 1.1 0
-3 1.1 0
-2.4 1.1 0
-1.8 1.1 0
-1.2 1.1 0
-0.6 1.1 0
0 1.1 0
0.6 1.1 0
1.2 1.1 0
1.8 1.1 0
2.4 1.1 0
3 1.1 0
3.6 1.1 0
4.2 1.1 0
4.8 1.1 0
5.4 1.1 0
6 1.1 0
6.6 1.1 0
7.2 1.1 0
7.8 1.1 0
8.4 1.1 0
9 1.1 0
9.6 1.1 0
10.2 1.1 0
10.8 1.1 0
11.4 1.1 0
12 1.1 0
12.6 1.1 0
13.2 1.1 0
13.8 1.1 0
14.4 1.1 0
15 1.1 0
15.6 1.1 0
16.2 1.1 0
16.8 1.1 0
17.4 1.1 0
18 1.1 0
18.6 1.1 0
19.2 1.1 0
19.8 1.1 0
20.4 1.1 0
21 1.1 0
21.6 1.1 0
22.2 1.1 0
22.8 1.1 0
23.4 1.1 0
24 1.1 0
24.6 1.1 0
25.2 1.1 0
25.8 1.1 0
26.4 1.1 0
27 1.1 0
27.6 1.1 0
28.2 1.1 0
28.8 1.1 0
29.4 1.1 0
30 1.1 0
