-30 0.05 -1.07416e-35
-29.4 0.05 3.4361e-06
-28.8 0.05 1.47104e-05
-28.2 0.05 3.40413e-05
-27.6 0.05 6.0991e-05
-27 0.05 9.50464e-05
-26.4 0.05 0.000135363
-25.8 0.05 0.000180274
-25.2 0.05 0.000228146
-24.6 0.05 0.00027973
-24 0.05 0.000335907
-23.4 0.05 0.000395113
-22.8 0.05 0.000455657
-22.2 0.05 0.000516792
-21.6 0.05 0.000578203
-21 0.05 0.000639226
-20.4 0.05 0.000698352
-19.8 0.05 0.000753248
-19.2 0.05 0.000801457
-18.6 0.05 0.00084167
-18 0.05 0.000874934
-17.4 0.05 0.000904757
-16.8 0.05 0.000935096
-16.2 0.05 0.000966372
-15.6 0.05 0.000992357
-15 0.05 0.00100388
-14.4 0.05 0.000999853
-13.8 0.05 0.00098708
-13.2 0.05 0.000969047
-12.6 0.05 0.000943563
-12 0.05 0.000903147
-11.4 0.05 0.000843238
-10.8 0.05 0.000790314
-10.2 0.05 0.000827356
-9.6 0.05 0.000981063
-9 0.05 0.000945775
-8.4 0.05 0.000378827
-7.8 0.05 -0.000578099
-7.2 0.05 -0.00118504
-6.6 0.05 -0.000507855
-6 0.05 0.00176169
-5.4 0.05 0.00447502
-4.8 0.05 0.00495123
-4.2 0.05 0.000436074
-3.6 0.05 -0.00882195
-3 0.05 -0.0163303
-2.4 0.05 -0.00945575
-1.8 0.05 0.0225153
-1.2 0.05 0.0715985
-0.6 0.05 0.0997205
0 0.05 0.0705429
0.6 0.05 0.0180232
1.2 0.05 -0.00594391
1.8 0.05 -0.00615642
2.4 0.05 -0.00155006
3 0.05 0.000562528
3.6 0.05 0.000647244
4.2 0.05 0.000319732
4.8 0.05 0.000199918
5.4 0.05 0.000251326
6 0.05 0.00034032
6.6 0.05 0.000414989
7.2 0.05 0.000476983
7.8 0.05 0.000535935
8.4 0.05 0.00059527
9 0.05 0.000654455
9.6 0.05 0.000712273
10.2 0.05 0.00076762
10.8 0.05 0.000819318
11.4 0.05 0.000866098
12 0.05 0.000906844
12.6 0.05 0.000940779
13.2 0.05 0.000967465
13.8 0.05 0.000986678
14.4 0.05 0.000998277
15 0.05 0.00100215
15.6 0.05 0.000998208
16.2 0.05 0.000986465
16.8 0.05 0.000967053
17.4 0.05 0.000940255
18 0.05 0.000906498
18.6 0.05 0.000866326
19.2 0.05 0.000820387
19.8 0.05 0.000769411
20.4 0.05 0.000714202
21 0.05 0.000655627
21.6 0.05 0.000594608
22.2 0.05 0.000532104
22.8 0.05 0.000469103
23.4 0.05 0.000406597
24 0.05 0.000345574
24.6 0.05 0.000286995
25.2 0.05 0.000231785
25.8 0.05 0.000180817
26.4 0.05 0.000134894
27 0.05 9.47256e-05
27.6 0.05 6.09282e-05
28.2 0.05 3.40655e-05
28.8 0.05 1.47278e-05
29.4 0.05 3.43872e-06
30 0.05 -1.07837e-35
-30 0.102632 -1.12551e-35
-29.4 0.102632 3.12793e-06
-28.8 0.102632 1.38599e-05
-28.2 0.102632 3.29913e-05
-27.6 0.102632 6.0263e-05
-27 0.102632 9.48392e-05
-26.4 0.102632 0.000135125
-25.8 0.102632 0.000178754
-25.2 0.102632 0.000224202
-24.6 0.102632 0.000272912
-24 0.102632 0.000326487
-23.4 0.102632 0.000383667
-22.8 0.102632 0.000442486
-22.2 0.102632 0.000502146
-21.6 0.102632 0.000562761
-21 0.102632 0.000623972
-20.4 0.102632 0.000683774
-19.8 0.102632 0.000738443
-19.2 0.102632 0.000783969
-18.6 0.102632 0.000818685
-18 0.102632 0.000845618
-17.4 0.102632 0.000872258
-16.8 0.102632 0.000906011
-16.2 0.102632 0.000946986
-15.6 0.102632 0.000984514
-15 0.102632 0.00100465
-14.4 0.102632 0.00100484
-13.8 0.102632 0.000994344
-13.2 0.102632 0.000977502
-12.6 0.102632 0.000944175
-12 0.102632 0.000878668
-11.4 0.102632 0.000796997
-10.8 0.102632 0.000792182
-10.2 0.102632 0.000995905
-9.6 0.102632 0.0013316
-9 0.102632 0.0012232
-8.4 0.102632 8.55309e-05
-7.8 0.102632 -0.00177811
-7.2 0.102632 -0.00287546
-6.6 0.102632 -0.00130619
-6 0.102632 0.00349584
-5.4 0.102632 0.00898224
-4.8 0.102632 0.00943272
-4.2 0.102632 -0.000570042
-3.6 0.102632 -0.0192231
-3 0.102632 -0.0315569
-2.4 0.102632 -0.0132682
-1.8 0.102632 0.0492195
-1.2 0.102632 0.132163
-0.6 0.102632 0.173955
0 0.102632 0.131473
0.6 0.102632 0.0481165
1.2 0.102632 -0.0047027
1.8 0.102632 -0.0153832
2.4 0.102632 -0.00754853
3 0.102632 -0.000283713
3.6 0.102632 0.00175957
4.2 0.102632 0.00111226
4.8 0.102632 0.000334582
5.4 0.102632 0.000134496
6 0.102632 0.00025619
6.6 0.102632 0.000405192
7.2 0.102632 0.000494816
7.8 0.102632 0.00054904
8.4 0.102632 0.000598672
9 0.102632 0.000653318
9.6 0.102632 0.000710734
10.2 0.102632 0.000767116
10.8 0.102632 0.000819993
11.4 0.102632 0.000867747
12 0.102632 0.000909136
12.6 0.102632 0.000943333
13.2 0.102632 0.000969977
13.8 0.102632 0.000989009
14.4 0.102632 0.00100045
15 0.102632 0.00100424
15.6 0.102632 0.0010003
16.2 0.102632 0.00098858
16.8 0.102632 0.00096916
17.4 0.102632 0.000942302
18 0.102632 0.000908434
18.6 0.102632 0.000868118
19.2 0.102632 0.000822015
19.8 0.102632 0.000770864
20.4 0.102632 0.000715473
21 0.102632 0.000656708
21.6 0.102632 0.00059549
22.2 0.102632 0.000532782
22.8 0.102632 0.000469573
23.4 0.102632 0.00040686
24 0.102632 0.000345633
24.6 0.102632 0.000286861
25.2 0.102632 0.000231474
25.8 0.102632 0.000180345
26.4 0.102632 0.000134262
27 0.102632 9.39119e-05
27.6 0.102632 5.99314e-05
28.2 0.102632 3.30181e-05
28.8 0.102632 1.3941e-05
29.4 0.102632 3.1564e-06
30 0.102632 -1.1263e-35
-30 0.155263 -1.19755e-35
-29.4 0.155263 2.84431e-06
-28.8 0.155263 1.31193e-05
-28.2 0.155263 3.21061e-05
-27.6 0.155263 5.96859e-05
-27 0.155263 9.46499e-05
-26.4 0.155263 0.000134737
-25.8 0.155263 0.00017711
-25.2 0.155263 0.000220285
-24.6 0.155263 0.000266257
-24 0.155263 0.000317229
-23.4 0.155263 0.000372178
-22.8 0.155263 0.000429149
-22.2 0.155263 0.000487413
-21.6 0.155263 0.000547355
-21 0.155263 0.000608763
-20.4 0.155263 0.000669111
-19.8 0.155263 0.00072337
-19.2 0.155263 0.000766179
-18.6 0.155263 0.000795737
-18 0.155263 0.000816988
-17.4 0.155263 0.000840702
-16.8 0.155263 0.000876828
-16.2 0.155263 0.000925423
-15.6 0.155263 0.000973322
-15 0.155263 0.00100363
-14.4 0.155263 0.0010122
-13.8 0.155263 0.00100684
-13.2 0.155263 0.000985631
-12.6 0.155263 0.000929702
-12 0.155263 0.000831122
-11.4 0.155263 0.000750325
-10.8 0.155263 0.000841825
-10.2 0.155263 0.00124158
-9.6 0.155263 0.00173949
-9 0.155263 0.0014831
-8.4 0.155263 -0.000307686
-7.8 0.155263 -0.00308287
-7.2 0.155263 -0.00453115
-6.6 0.155263 -0.00181588
-6 0.155263 0.00564853
-5.4 0.155263 0.0135159
-4.8 0.155263 0.0129674
-4.2 0.155263 -0.00309245
-3.6 0.155263 -0.0296461
-3 0.155263 -0.0434421
-2.4 0.155263 -0.0128439
-1.8 0.155263 0.0739857
-1.2 0.155263 0.181603
-0.6 0.155263 0.235139
0 0.155263 0.185161
0.6 0.155263 0.0795304
1.2 0.155263 0.0024107
1.8 0.155263 -0.0224771
2.4 0.155263 -0.0159989
3 0.155263 -0.00380848
3.6 0.155263 0.0022535
4.2 0.155263 0.00253562
4.8 0.155263 0.0010361
5.4 0.155263 0.000130245
6 0.155263 6.3055e-05
6.6 0.155263 0.000305811
7.2 0.155263 0.000496303
7.8 0.155263 0.000577709
8.4 0.155263 0.000614122
9 0.155263 0.000654181
9.6 0.155263 0.00070715
10.2 0.155263 0.000765101
10.8 0.155263 0.000820403
11.4 0.155263 0.000869589
12 0.155263 0.000911534
12.6 0.155263 0.000945844
13.2 0.155263 0.000972399
13.8 0.155263 0.000991267
14.4 0.155263 0.00100256
15 0.155263 0.00100628
15.6 0.155263 0.00100234
16.2 0.155263 0.000990637
16.8 0.155263 0.000971209
17.4 0.155263 0.000944293
18 0.155263 0.000910318
18.6 0.155263 0.00086986
19.2 0.155263 0.000823596
19.8 0.155263 0.000772273
20.4 0.155263 0.000716702
21 0.155263 0.000657749
21.6 0.155263 0.000596337
22.2 0.155263 0.000533428
22.8 0.155263 0.000470015
23.4 0.155263 0.000407097
24 0.155263 0.000345671
24.6 0.155263 0.000286713
25.2 0.155263 0.000231158
25.8 0.155263 0.000179866
26.4 0.155263 0.000133598
27 0.155263 9.304e-05
27.6 0.155263 5.8906e-05
28.2 0.155263 3.20336e-05
28.8 0.155263 1.32639e-05
29.4 0.155263 2.91753e-06
30 0.155263 -1.17147e-35
-30 0.207895 -1.26188e-35
-29.4 0.207895 2.5994e-06
-28.8 0.207895 1.24892e-05
-28.2 0.207895 3.13769e-05
-27.6 0.207895 5.9219e-05
-27 0.207895 9.44558e-05
-26.4 0.207895 0.000134259
-25.8 0.207895 0.000175383
-25.2 0.207895 0.000216391
-24.6 0.207895 0.000259715
-24 0.207895 0.000308054
-23.4 0.207895 0.000360677
-22.8 0.207895 0.000415733
-22.2 0.207895 0.000472634
-21.6 0.207895 0.000531976
-21 0.207895 0.000593558
-20.4 0.207895 0.000654279
-19.8 0.207895 0.000707956
-19.2 0.207895 0.000748151
-18.6 0.207895 0.000773063
-18 0.207895 0.000789199
-17.4 0.207895 0.000809838
-16.8 0.207895 0.000847023
-16.2 0.207895 0.000901494
-15.6 0.207895 0.000959486
-15 0.207895 0.00100257
-14.4 0.207895 0.00102312
-13.8 0.207895 0.00102188
-13.2 0.207895 0.000987085
-12.6 0.207895 0.000897414
-12 0.207895 0.000768539
-11.4 0.207895 0.000715403
-10.8 0.207895 0.000942439
-10.2 0.207895 0.00155716
-9.6 0.207895 0.00218006
-9 0.207895 0.00168907
-8.4 0.207895 -0.000822162
-7.8 0.207895 -0.0044505
-7.2 0.207895 -0.00601941
-6.6 0.207895 -0.00191641
-6 0.207895 0.00808891
-5.4 0.207895 0.0176239
-4.8 0.207895 0.0152757
-4.2 0.207895 -0.00650854
-3.6 0.207895 -0.0389384
-3 0.207895 -0.0522198
-2.4 0.207895 -0.0104492
-1.8 0.207895 0.0958087
-1.2 0.207895 0.22264
-0.6 0.207895 0.286115
0 0.207895 0.232601
0.6 0.207895 0.110941
1.2 0.207895 0.0128289
1.8 0.207895 -0.0270554
2.4 0.207895 -0.0248349
3 0.207895 -0.00937696
3.6 0.207895 0.0013504
4.2 0.207895 0.00394201
4.8 0.207895 0.00233233
5.4 0.207895 0.000514771
6 0.207895 -0.000108908
6.6 0.207895 8.49613e-05
7.2 0.207895 0.000420698
7.8 0.207895 0.000600979
8.4 0.207895 0.00064983
9 0.207895 0.000667566
9.6 0.207895 0.000704465
10.2 0.207895 0.000760069
10.8 0.207895 0.000818976
11.4 0.207895 0.00087125
12 0.207895 0.000914272
12.6 0.207895 0.000948522
13.2 0.207895 0.000974773
13.8 0.207895 0.00099342
14.4 0.207895 0.0010046
15 0.207895 0.00100828
15.6 0.207895 0.00100433
16.2 0.207895 0.000992639
16.8 0.207895 0.000973198
17.4 0.207895 0.000946226
18 0.207895 0.000912149
18.6 0.207895 0.000871554
19.2 0.207895 0.000825131
19.8 0.207895 0.000773638
20.4 0.207895 0.00071789
21 0.207895 0.000658753
21.6 0.207895 0.000597149
22.2 0.207895 0.000534042
22.8 0.207895 0.000470426
23.4 0.207895 0.000407308
24 0.207895 0.00034569
24.6 0.207895 0.000286557
25.2 0.207895 0.000230835
25.8 0.207895 0.000179366
26.4 0.207895 0.000132892
27 0.207895 9.2128e-05
27.6 0.207895 5.78803e-05
28.2 0.207895 3.10988e-05
28.8 0.207895 1.26506e-05
29.4 0.207895 2.71235e-06
30 0.207895 -1.19563e-35
-30 0.260526 -1.3204e-35
-29.4 0.260526 2.39279e-06
-28.8 0.260526 1.19662e-05
-28.2 0.260526 3.07821e-05
-27.6 0.260526 5.88419e-05
-27 0.260526 9.42619e-05
-26.4 0.260526 0.000133714
-25.8 0.260526 0.000173602
-25.2 0.260526 0.000212511
-24.6 0.260526 0.000253239
-24 0.260526 0.000298935
-23.4 0.260526 0.000349174
-22.8 0.260526 0.000402289
-22.2 0.260526 0.000457859
-21.6 0.260526 0.000516626
-21 0.260526 0.000578296
-20.4 0.260526 0.000639203
-19.8 0.260526 0.000692194
-19.2 0.260526 0.000730005
-18.6 0.260526 0.000750817
-18 0.260526 0.000762221
-17.4 0.260526 0.000779338
-16.8 0.260526 0.00081622
-16.2 0.260526 0.00087541
-15.6 0.260526 0.000944248
-15 0.260526 0.00100289
-14.4 0.260526 0.00103702
-13.8 0.260526 0.00103586
-13.2 0.260526 0.00097779
-12.6 0.260526 0.000847658
-12 0.260526 0.000697825
-11.4 0.260526 0.000702484
-10.8 0.260526 0.00109912
-10.2 0.260526 0.0019299
-9.6 0.260526 0.00261954
-9 0.260526 0.00180412
-8.4 0.260526 -0.00145183
-7.8 0.260526 -0.00579382
-7.2 0.260526 -0.00722375
-6.6 0.260526 -0.0016222
-6 0.260526 0.0105722
-5.4 0.260526 0.0210442
-4.8 0.260526 0.0165101
-4.2 0.260526 -0.0102266
-3.6 0.260526 -0.0468208
-3 0.260526 -0.0585679
-2.4 0.260526 -0.00707061
-1.8 0.260526 0.114681
-1.2 0.260526 0.25666
-0.6 0.260526 0.328976
0 0.260526 0.274587
0.6 0.260526 0.1414
1.2 0.260526 0.025493
1.8 0.260526 -0.0293399
2.4 0.260526 -0.0332926
3 0.260526 -0.0162036
3.6 0.260526 -0.000960302
4.2 0.260526 0.00484438
4.8 0.260526 0.00394594
5.4 0.260526 0.00137568
6 0.260526 -7.89681e-05
6.6 0.260526 -0.000191818
7.2 0.260526 0.000231525
7.8 0.260526 0.000573024
8.4 0.260526 0.000693576
9 0.260526 0.000702766
9.6 0.260526 0.000711863
10.2 0.260526 0.000753968
10.8 0.260526 0.000813866
11.4 0.260526 0.000871155
12 0.260526 0.000917069
12.6 0.260526 0.000951678
13.2 0.260526 0.000977338
13.8 0.260526 0.000995504
14.4 0.260526 0.00100651
15 0.260526 0.00101019
15.6 0.260526 0.00100627
16.2 0.260526 0.000994592
16.8 0.260526 0.000975131
17.4 0.260526 0.0009481
18 0.260526 0.000913924
18.6 0.260526 0.000873197
19.2 0.260526 0.000826619
19.8 0.260526 0.00077496
20.4 0.260526 0.000719036
21 0.260526 0.000659718
21.6 0.260526 0.000597925
22.2 0.260526 0.000534623
22.8 0.260526 0.000470808
23.4 0.260526 0.000407494
24 0.260526 0.000345694
24.6 0.260526 0.00028639
25.2 0.260526 0.000230499
25.8 0.260526 0.000178838
26.4 0.260526 0.000132149
27 0.260526 9.11889e-05
27.6 0.260526 5.68607e-05
28.2 0.260526 3.02044e-05
28.8 0.260526 1.2084e-05
29.4 0.260526 2.52741e-06
30 0.260526 -1.21279e-35
-30 0.313158 -1.37061e-35
-29.4 0.313158 2.22205e-06
-28.8 0.313158 1.1539e-05
-28.2 0.313158 3.03055e-05
-27.6 0.313158 5.85434e-05
-27 0.313158 9.40736e-05
-26.4 0.313158 0.000133124
-25.8 0.313158 0.000171781
-25.2 0.313158 0.000208637
-24.6 0.313158 0.000246803
-24 0.313158 0.000289848
-23.4 0.313158 0.000337682
-22.8 0.313158 0.000388858
-22.2 0.313158 0.000443121
-21.6 0.313158 0.000501292
-21 0.313158 0.000562925
-20.4 0.313158 0.000623841
-19.8 0.313158 0.000676127
-19.2 0.313158 0.000711853
-18.6 0.313158 0.00072905
-18 0.313158 0.000735882
-17.4 0.313158 0.000748857
-16.8 0.313158 0.00078432
-16.2 0.313158 0.000847829
-15.6 0.313158 0.000928873
-15 0.313158 0.00100523
-14.4 0.313158 0.00105246
-13.8 0.313158 0.00104533
-13.2 0.313158 0.000954933
-12.6 0.313158 0.000782232
-12 0.313158 0.000627196
-11.4 0.313158 0.000721651
-10.8 0.313158 0.00131204
-10.2 0.313158 0.00233915
-9.6 0.313158 0.00302108
-9 0.313158 0.00180822
-8.4 0.313158 -0.00215848
-7.8 0.313158 -0.00702366
-7.2 0.313158 -0.00809582
-6.6 0.313158 -0.00102859
-6 0.313158 0.0129053
-5.4 0.313158 0.0237165
-4.8 0.313158 0.0169068
-4.2 0.313158 -0.0139181
-3.6 0.313158 -0.0533176
-3 0.313158 -0.0630104
-2.4 0.313158 -0.00326464
-1.8 0.313158 0.130782
-1.2 0.313158 0.284832
-0.6 0.313158 0.365072
0 0.313158 0.311738
0.6 0.313158 0.17053
1.2 0.313158 0.0396095
1.8 0.313158 -0.0295981
2.4 0.313158 -0.0409842
3 0.313158 -0.0237516
3.6 0.313158 -0.00449192
4.2 0.313158 0.00503038
4.8 0.313158 0.00559983
5.4 0.313158 0.00264334
6 0.313158 0.0002593
6.6 0.313158 -0.000417721
7.2 0.313158 -5.31427e-05
7.8 0.313158 0.000457177
8.4 0.313158 0.000714992
9 0.313158 0.000756122
9.6 0.313158 0.00073883
10.2 0.313158 0.000753699
10.8 0.313158 0.000805692
11.4 0.313158 0.000867293
12 0.313158 0.000918591
12.6 0.313158 0.000955221
13.2 0.313158 0.000980465
13.8 0.313158 0.000997748
14.4 0.313158 0.00100831
15 0.313158 0.00101195
15.6 0.313158 0.00100813
16.2 0.313158 0.000996494
16.8 0.313158 0.000977017
17.4 0.313158 0.000949921
18 0.313158 0.000915645
18.6 0.313158 0.000874789
19.2 0.313158 0.000828061
19.8 0.313158 0.000776238
20.4 0.313158 0.000720142
21 0.313158 0.000660644
21.6 0.313158 0.000598665
22.2 0.313158 0.00053517
22.8 0.313158 0.000471161
23.4 0.313158 0.000407659
24 0.313158 0.000345683
24.6 0.313158 0.000286212
25.2 0.313158 0.000230145
25.8 0.313158 0.000178282
26.4 0.313158 0.000131372
27 0.313158 9.023e-05
27.6 0.313158 5.58499e-05
28.2 0.313158 2.93433e-05
28.8 0.313158 1.15523e-05
29.4 0.313158 2.35763e-06
30 0.313158 -1.22409e-35
-30 0.365789 -1.41365e-35
-29.4 0.365789 2.08289e-06
-28.8 0.365789 1.11961e-05
-28.2 0.365789 2.99328e-05
-27.6 0.365789 5.83171e-05
-27 0.365789 9.38986e-05
-26.4 0.365789 0.000132505
-25.8 0.365789 0.00016993
-25.2 0.365789 0.000204757
-24.6 0.365789 0.000240385
-24 0.365789 0.000280783
-23.4 0.365789 0.000326212
-22.8 0.365789 0.000375468
-22.2 0.365789 0.000428436
-21.6 0.365789 0.000485957
-21 0.365789 0.000547408
-20.4 0.365789 0.000608198
-19.8 0.365789 0.000659825
-19.2 0.365789 0.000693774
-18.6 0.365789 0.0007077
-18 0.365789 0.000709918
-17.4 0.365789 0.000718136
-16.8 0.365789 0.00075152
-16.2 0.365789 0.000819646
-15.6 0.365789 0.000914441
-15 0.365789 0.00100961
-14.4 0.365789 0.00106742
-13.8 0.365789 0.00104694
-13.2 0.365789 0.000916961
-12.6 0.365789 0.000705012
-12 0.365789 0.000565941
-11.4 0.365789 0.000780282
-10.8 0.365789 0.00157455
-10.2 0.365789 0.00275892
-9.6 0.365789 0.00335538
-9 0.365789 0.00170262
-8.4 0.365789 -0.00289202
-7.8 0.365789 -0.00807811
-7.2 0.365789 -0.00864045
-6.6 0.365789 -0.000239324
-6 0.365789 0.014976
-5.4 0.365789 0.0256714
-4.8 0.365789 0.016667
-4.2 0.365789 -0.0174106
-3.6 0.365789 -0.0585509
-3 0.365789 -0.0659642
-2.4 0.365789 0.000659955
-1.8 0.365789 0.144386
-1.2 0.365789 0.30805
-0.6 0.365789 0.395435
0 0.365789 0.344566
0.6 0.365789 0.198121
1.2 0.365789 0.0546583
1.8 0.365789 -0.028115
2.4 0.365789 -0.0477294
3 0.365789 -0.0316295
3.6 0.365789 -0.00902269
4.2 0.365789 0.00442792
4.8 0.365789 0.00709041
5.4 0.365789 0.00419848
6 0.365789 0.000934865
6.6 0.365789 -0.000502407
7.2 0.365789 -0.000382187
7.8 0.365789 0.000244088
8.4 0.365789 0.000683081
9 0.365789 0.000811008
9.6 0.365789 0.000787848
10.2 0.365789 0.000767711
10.8 0.365789 0.000798762
11.4 0.365789 0.000859093
12 0.365789 0.000916908
12.6 0.365789 0.000958207
13.2 0.365789 0.000984268
13.8 0.365789 0.00100053
14.4 0.365789 0.00101018
15 0.365789 0.00101355
15.6 0.365789 0.00100982
16.2 0.365789 0.000998314
16.8 0.365789 0.000978859
17.4 0.365789 0.000951699
18 0.365789 0.000917314
18.6 0.365789 0.000876328
19.2 0.365789 0.000829455
19.8 0.365789 0.000777473
20.4 0.365789 0.000721207
21 0.365789 0.000661532
21.6 0.365789 0.000599368
22.2 0.365789 0.000535683
22.8 0.365789 0.000471485
23.4 0.365789 0.000407803
24 0.365789 0.000345657
24.6 0.365789 0.000286019
25.2 0.365789 0.00022977
25.8 0.365789 0.000177696
26.4 0.365789 0.000130566
27 0.365789 8.92561e-05
27.6 0.365789 5.48483e-05
28.2 0.365789 2.851e-05
28.8 0.365789 1.10483e-05
29.4 0.365789 2.19936e-06
30 0.365789 -1.23162e-35
-30 0.418421 -1.45044e-35
-29.4 0.418421 1.97124e-06
-28.8 0.418421 1.09267e-05
-28.2 0.418421 2.96526e-05
-27.6 0.418421 5.81589e-05
-27 0.418421 9.37432e-05
-26.4 0.418421 0.000131867
-25.8 0.418421 0.000168051
-25.2 0.418421 0.000200865
-24.6 0.418421 0.00023397
-24 0.418421 0.000271735
-23.4 0.418421 0.000314778
-22.8 0.418421 0.000362137
-22.2 0.418421 0.000413805
-21.6 0.418421 0.0004706
-21 0.418421 0.000531737
-20.4 0.418421 0.000592311
-19.8 0.418421 0.000643364
-19.2 0.418421 0.00067578
-18.6 0.418421 0.00068661
-18 0.418421 0.000684041
-17.4 0.418421 0.00068706
-16.8 0.418421 0.00071826
-16.2 0.418421 0.000791859
-15.6 0.418421 0.000901763
-15 0.418421 0.00101545
-14.4 0.418421 0.00107941
-13.8 0.418421 0.00103784
-13.2 0.418421 0.00086402
-12.6 0.418421 0.000621715
-12 0.418421 0.000522862
-11.4 0.418421 0.000881263
-10.8 0.418421 0.00187424
-10.2 0.418421 0.00316403
-9.6 0.418421 0.00360496
-9 0.418421 0.00150213
-8.4 0.418421 -0.00360719
-7.8 0.418421 -0.0089243
-7.2 0.418421 -0.00888709
-6.6 0.418421 0.000661087
-6 0.418421 0.0167299
-5.4 0.418421 0.0269728
-4.8 0.418421 0.0159438
-4.2 0.418421 -0.0206291
-3.6 0.418421 -0.0626761
-3 0.418421 -0.0677454
-2.4 0.418421 0.00453621
-1.8 0.418421 0.155778
-1.2 0.418421 0.327047
-0.6 0.418421 0.420867
0 0.418421 0.373503
0.6 0.418421 0.224076
1.2 0.418421 0.070257
1.8 0.418421 -0.0251447
2.4 0.418421 -0.0534555
3 0.418421 -0.0395601
3.6 0.418421 -0.0143374
4.2 0.418421 0.00304242
4.8 0.418421 0.00827878
5.4 0.418421 0.00591772
6 0.418421 0.00193
6.6 0.418421 -0.000386402
7.2 0.418421 -0.000697178
7.8 0.418421 -5.27645e-05
8.4 0.418421 0.00057767
9 0.418421 0.000845759
9.6 0.418421 0.000852875
10.2 0.418421 0.000801585
10.8 0.418421 0.000799508
11.4 0.418421 0.000848504
12 0.418421 0.000910701
12.6 0.418421 0.000959038
13.2 0.418421 0.000988244
13.8 0.418421 0.00100414
14.4 0.418421 0.00101247
15 0.418421 0.0010151
15.6 0.418421 0.00101131
16.2 0.418421 0.000999986
16.8 0.418421 0.000980635
17.4 0.418421 0.000953442
18 0.418421 0.000918944
18.6 0.418421 0.00087782
19.2 0.418421 0.0008308
19.8 0.418421 0.000778662
20.4 0.418421 0.000722231
21 0.418421 0.00066238
21.6 0.418421 0.000600034
22.2 0.418421 0.000536164
22.8 0.418421 0.000471783
23.4 0.418421 0.000407926
24 0.418421 0.000345616
24.6 0.418421 0.00028581
25.2 0.418421 0.000229372
25.8 0.418421 0.000177082
26.4 0.418421 0.000129733
27 0.418421 8.82704e-05
27.6 0.418421 5.38558e-05
28.2 0.418421 2.77004e-05
28.8 0.418421 1.05669e-05
29.4 0.418421 2.0503e-06
30 0.418421 -1.23626e-35
-30 0.471053 -1.48211e-35
-29.4 0.471053 1.88341e-06
-28.8 0.471053 1.07221e-05
-28.2 0.471053 2.94557e-05
-27.6 0.471053 5.80661e-05
-27 0.471053 9.36131e-05
-26.4 0.471053 0.000131218
-25.8 0.471053 0.000166148
-25.2 0.471053 0.000196954
-24.6 0.471053 0.000227551
-24 0.471053 0.000262702
-23.4 0.471053 0.000303387
-22.8 0.471053 0.00034887
-22.2 0.471053 0.000399221
-21.6 0.471053 0.000455212
-21 0.471053 0.000515928
-20.4 0.471053 0.000576244
-19.8 0.471053 0.000626804
-19.2 0.471053 0.000657824
-18.6 0.471053 0.000665559
-18 0.471053 0.000657989
-17.4 0.471053 0.00065567
-16.8 0.471053 0.000685169
-16.2 0.471053 0.000765462
-15.6 0.471053 0.000891279
-15 0.471053 0.00102161
-14.4 0.471053 0.00108584
-13.8 0.471053 0.0010161
-13.2 0.471053 0.000798011
-12.6 0.471053 0.000538969
-12 0.471053 0.000504767
-11.4 0.471053 0.00102293
-10.8 0.471053 0.00219609
-10.2 0.471053 0.00353387
-9.6 0.471053 0.00376268
-9 0.471053 0.00122649
-8.4 0.471053 -0.00426987
-7.8 0.471053 -0.00955038
-7.2 0.471053 -0.00887217
-6.6 0.471053 0.00161225
-6 0.471053 0.0181506
-5.4 0.471053 0.0276916
-4.8 0.471053 0.0148445
-4.2 0.471053 -0.0235585
-3.6 0.471053 -0.0658505
-3 0.471053 -0.0685936
-2.4 0.471053 0.00828163
-1.8 0.471053 0.165235
-1.2 0.471053 0.342424
-0.6 0.471053 0.442017
0 0.471053 0.398915
0.6 0.471053 0.248354
1.2 0.471053 0.086122
1.8 0.471053 -0.0209135
2.4 0.471053 -0.0581491
3 0.471053 -0.0473457
3.6 0.471053 -0.0202445
4.2 0.471053 0.000920137
4.8 0.471053 0.00907737
5.4 0.471053 0.0076902
6 0.471053 0.00320191
6.6 0.471053 -3.81967e-05
7.2 0.471053 -0.000945212
7.8 0.471053 -0.00040686
8.4 0.471053 0.000391399
9 0.471053 0.000840459
9.6 0.471053 0.000922128
10.2 0.471053 0.000856085
10.8 0.471053 0.000813997
11.4 0.471053 0.000839539
12 0.471053 0.000900144
12.6 0.471053 0.000956147
13.2 0.471053 0.000991275
13.8 0.471053 0.00100845
14.4 0.471053 0.00101553
15 0.471053 0.00101686
15.6 0.471053 0.00101263
16.2 0.471053 0.00100144
16.8 0.471053 0.000982288
17.4 0.471053 0.00095514
18 0.471053 0.000920549
18.6 0.471053 0.000879273
19.2 0.471053 0.000832096
19.8 0.471053 0.000779803
20.4 0.471053 0.000723211
21 0.471053 0.000663189
21.6 0.471053 0.000600664
22.2 0.471053 0.000536612
22.8 0.471053 0.000472054
23.4 0.471053 0.00040803
24 0.471053 0.000345558
24.6 0.471053 0.000285583
25.2 0.471053 0.00022895
25.8 0.471053 0.000176439
26.4 0.471053 0.000128877
27 0.471053 8.7275e-05
27.6 0.471053 5.28719e-05
28.2 0.471053 2.69112e-05
28.8 0.471053 1.01043e-05
29.4 0.471053 1.90881e-06
30 0.471053 -1.23869e-35
-30 0.523684 -1.50965e-35
-29.4 0.523684 1.81636e-06
-28.8 0.523684 1.05748e-05
-28.2 0.523684 2.9335e-05
-27.6 0.523684 5.80367e-05
-27 0.523684 9.35119e-05
-26.4 0.523684 0.000130564
-25.8 0.523684 0.00016422
-25.2 0.523684 0.000193018
-24.6 0.523684 0.000221122
-24 0.523684 0.000253686
-23.4 0.523684 0.000292041
-22.8 0.523684 0.000335662
-22.2 0.523684 0.000384672
-21.6 0.523684 0.000439793
-21 0.523684 0.00050002
-20.4 0.523684 0.000560065
-19.8 0.523684 0.000610174
-19.2 0.523684 0.000639795
-18.6 0.523684 0.000644294
-18 0.523684 0.000631571
-17.4 0.523684 0.000624169
-16.8 0.523684 0.00065299
-16.2 0.523684 0.000741309
-15.6 0.523684 0.000882989
-15 0.523684 0.00102654
-14.4 0.523684 0.00108433
-13.8 0.523684 0.00098099
-13.2 0.523684 0.0007222
-12.6 0.523684 0.000463236
-12 0.523684 0.000515813
-11.4 0.523684 0.00120027
-10.8 0.523684 0.00252512
-10.2 0.523684 0.00385345
-9.6 0.523684 0.00382836
-9 0.523684 0.000894915
-8.4 0.523684 -0.00485763
-7.8 0.523684 -0.00995776
-7.2 0.523684 -0.00863
-6.6 0.523684 0.00257608
-6 0.523684 0.0192448
-5.4 0.523684 0.0278936
-4.8 0.523684 0.0134377
-4.2 0.523684 -0.0262204
-3.6 0.523684 -0.0682222
-3 0.523684 -0.0686894
-2.4 0.523684 0.0118674
-1.8 0.523684 0.173013
-1.2 0.523684 0.354682
-0.6 0.523684 0.459415
0 0.523684 0.421117
0.6 0.523684 0.270948
1.2 0.523684 0.102036
1.8 0.523684 -0.0156192
2.4 0.523684 -0.0618306
3 0.523684 -0.0548451
3.6 0.523684 -0.0265788
4.2 0.523684 -0.00187257
4.8 0.523684 0.00943615
5.4 0.523684 0.00942312
6 0.523684 0.00469664
6.6 0.523684 0.000552039
7.2 0.523684 -0.00108381
7.8 0.523684 -0.000786276
8.4 0.523684 0.000127585
9 0.523684 0.000780247
9.6 0.523684 0.000981529
10.2 0.523684 0.000927469
10.8 0.523684 0.000846249
11.4 0.523684 0.000837064
12 0.523684 0.000887024
12.6 0.523684 0.000948667
13.2 0.523684 0.000991966
13.8 0.523684 0.00101286
14.4 0.523684 0.00101952
15 0.523684 0.00101919
15.6 0.523684 0.00101395
16.2 0.523684 0.00100264
16.8 0.523684 0.000983741
17.4 0.523684 0.000956755
18 0.523684 0.000922129
18.6 0.523684 0.000880705
19.2 0.523684 0.000833354
19.8 0.523684 0.000780896
20.4 0.523684 0.000724144
21 0.523684 0.000663957
21.6 0.523684 0.000601257
22.2 0.523684 0.000537028
22.8 0.523684 0.0004723
23.4 0.523684 0.000408115
24 0.523684 0.000345484
24.6 0.523684 0.000285337
25.2 0.523684 0.000228504
25.8 0.523684 0.00017577
26.4 0.523684 0.000127998
27 0.523684 8.62714e-05
27.6 0.523684 5.18959e-05
28.2 0.523684 2.61398e-05
28.8 0.523684 9.65785e-06
29.4 0.523684 1.77367e-06
30 0.523684 -1.23934e-35
-30 0.576316 -1.53391e-35
-29.4 0.576316 1.76766e-06
-28.8 0.576316 1.04791e-05
-28.2 0.576316 2.92848e-05
-27.6 0.576316 5.80689e-05
-27 0.576316 9.34423e-05
-26.4 0.576316 0.000129908
-25.8 0.576316 0.000162269
-25.2 0.576316 0.000189058
-24.6 0.576316 0.000214685
-24 0.576316 0.000244687
-23.4 0.576316 0.000280738
-22.8 0.576316 0.000322504
-22.2 0.576316 0.000370151
-21.6 0.576316 0.00042436
-21 0.576316 0.000484068
-20.4 0.576316 0.000543838
-19.8 0.576316 0.000593463
-19.2 0.576316 0.000621537
-18.6 0.576316 0.000622574
-18 0.576316 0.000604699
-17.4 0.576316 0.000592904
-16.8 0.576316 0.000622484
-16.2 0.576316 0.000720002
-15.6 0.576316 0.000876469
-15 0.576316 0.0010285
-14.4 0.576316 0.00107308
-13.8 0.576316 0.000932929
-13.2 0.576316 0.000640608
-12.6 0.576316 0.000400052
-12 0.576316 0.000557616
-11.4 0.576316 0.00140643
-10.8 0.576316 0.0028481
-10.2 0.576316 0.00411303
-9.6 0.576316 0.00380571
-9 0.576316 0.000523281
-8.4 0.576316 -0.00535821
-7.8 0.576316 -0.0101553
-7.2 0.576316 -0.0081887
-6.6 0.576316 0.00353292
-6 0.576316 0.0200322
-5.4 0.576316 0.0276343
-4.8 0.576316 0.0117611
-4.2 0.576316 -0.0286603
-3.6 0.576316 -0.0699266
-3 0.576316 -0.0681684
-2.4 0.576316 0.0152999
-1.8 0.576316 0.17935
-1.2 0.576316 0.364243
-0.6 0.576316 0.473499
0 0.576316 0.440375
0.6 0.576316 0.291871
1.2 0.576316 0.117831
1.8 0.576316 -0.00943501
2.4 0.576316 -0.0645395
3 0.576316 -0.0619583
3.6 0.576316 -0.0331996
4.2 0.576316 -0.00526082
4.8 0.576316 0.009332
5.4 0.576316 0.0110419
6 0.576316 0.00635719
6.6 0.576316 0.00137871
7.2 0.576316 -0.00108187
7.8 0.576316 -0.00115866
8.4 0.576316 -0.000202861
9 0.576316 0.000656242
9.6 0.576316 0.00101729
10.2 0.576316 0.00100877
10.8 0.576316 0.000897611
11.4 0.576316 0.000845657
12 0.576316 0.000874308
12.6 0.576316 0.000936739
13.2 0.576316 0.000989072
13.8 0.576316 0.00101638
14.4 0.576316 0.00102425
15 0.576316 0.00102236
15.6 0.576316 0.00101554
16.2 0.576316 0.00100368
16.8 0.576316 0.000984936
17.4 0.576316 0.000958218
18 0.576316 0.000923665
18.6 0.576316 0.000882125
19.2 0.576316 0.000834586
19.8 0.576316 0.000781945
20.4 0.576316 0.000725029
21 0.576316 0.00066468
21.6 0.576316 0.000601813
22.2 0.576316 0.000537414
22.8 0.576316 0.000472521
23.4 0.576316 0.000408179
24 0.576316 0.000345391
24.6 0.576316 0.00028507
25.2 0.576316 0.000228033
25.8 0.576316 0.000175074
26.4 0.576316 0.0001271
27 0.576316 8.52605e-05
27.6 0.576316 5.09271e-05
28.2 0.576316 2.5384e-05
28.8 0.576316 9.22528e-06
29.4 0.576316 1.64395e-06
30 0.576316 -1.23855e-35
-30 0.628947 -1.55552e-35
-29.4 0.628947 1.7354e-06
-28.8 0.628947 1.04304e-05
-28.2 0.628947 2.93003e-05
-27.6 0.628947 5.81607e-05
-27 0.628947 9.34053e-05
-26.4 0.628947 0.000129252
-25.8 0.628947 0.000160297
-25.2 0.628947 0.000185074
-24.6 0.628947 0.000208239
-24 0.628947 0.000235703
-23.4 0.628947 0.000269467
-22.8 0.628947 0.000309383
-22.2 0.628947 0.000355655
-21.6 0.628947 0.000408943
-21 0.628947 0.000468135
-20.4 0.628947 0.000527605
-19.8 0.628947 0.000576614
-19.2 0.628947 0.000602867
-18.6 0.628947 0.000600199
-18 0.628947 0.000577405
-17.4 0.628947 0.000562323
-16.8 0.628947 0.000594334
-16.2 0.628947 0.000701829
-15.6 0.628947 0.000870955
-15 0.628947 0.00102583
-14.4 0.628947 0.00105097
-13.8 0.628947 0.0008733
-13.2 0.628947 0.000557448
-12.6 0.628947 0.000353668
-12 0.628947 0.000629747
-11.4 0.628947 0.00163386
-10.8 0.628947 0.00315416
-10.2 0.628947 0.00430704
-9.6 0.628947 0.00370017
-9 0.628947 0.000123158
-8.4 0.628947 -0.00576741
-7.8 0.628947 -0.0101553
-7.2 0.628947 -0.00756883
-6.6 0.628947 0.00447788
-6 0.628947 0.0205404
-5.4 0.628947 0.0269577
-4.8 0.628947 0.00982716
-4.2 0.628947 -0.0309401
-3.6 0.628947 -0.0710869
-3 0.628947 -0.0671309
-2.4 0.628947 0.0186102
-1.8 0.628947 0.184463
-1.2 0.628947 0.371463
-0.6 0.628947 0.484629
0 0.628947 0.456916
0.6 0.628947 0.311142
1.2 0.628947 0.133371
1.8 0.628947 -0.00251203
2.4 0.628947 -0.0663261
3 0.628947 -0.0686153
3.6 0.628947 -0.0399884
4.2 0.628947 -0.00916781
4.8 0.628947 0.00876072
5.4 0.628947 0.0124886
6 0.628947 0.00812824
6.6 0.628947 0.00242591
7.2 0.628947 -0.000918785
7.8 0.628947 -0.00149412
8.4 0.628947 -0.000584303
9 0.628947 0.000465192
9.6 0.628947 0.00101749
10.2 0.628947 0.00109119
10.8 0.628947 0.000966857
11.4 0.628947 0.000868848
12 0.628947 0.000865542
12.6 0.628947 0.000921513
13.2 0.628947 0.000981815
13.8 0.628947 0.00101787
14.4 0.628947 0.00102922
15 0.628947 0.0010265
15.6 0.628947 0.00101771
16.2 0.628947 0.00100471
16.8 0.628947 0.000985866
17.4 0.628947 0.000959459
18 0.628947 0.000925108
18.6 0.628947 0.000883529
19.2 0.628947 0.000835809
19.8 0.628947 0.000782963
20.4 0.628947 0.000725866
21 0.628947 0.000665356
21.6 0.628947 0.000602329
22.2 0.628947 0.00053777
22.8 0.628947 0.000472719
23.4 0.628947 0.000408225
24 0.628947 0.00034528
24.6 0.628947 0.000284781
25.2 0.628947 0.000227537
25.8 0.628947 0.000174353
26.4 0.628947 0.000126182
27 0.628947 8.42432e-05
27.6 0.628947 4.99649e-05
28.2 0.628947 2.4642e-05
28.8 0.628947 8.80486e-06
29.4 0.628947 1.51895e-06
30 0.628947 -1.23653e-35
-30 0.681579 -1.57495e-35
-29.4 0.681579 1.71809e-06
-28.8 0.681579 1.0425e-05
-28.2 0.681579 2.93778e-05
-27.6 0.681579 5.83102e-05
-27 0.681579 9.34013e-05
-26.4 0.681579 0.000128599
-25.8 0.681579 0.000158306
-25.2 0.681579 0.00018107
-24.6 0.681579 0.000201786
-24 0.681579 0.000226729
-23.4 0.681579 0.000258218
-22.8 0.681579 0.000296287
-22.2 0.681579 0.000341193
-21.6 0.681579 0.000393585
-21 0.681579 0.000452279
-20.4 0.681579 0.000511383
-19.8 0.681579 0.000559536
-19.2 0.681579 0.000583596
-18.6 0.681579 0.000577041
-18 0.681579 0.000549841
-17.4 0.681579 0.000532922
-16.8 0.681579 0.000569073
-16.2 0.681579 0.000686756
-15.6 0.681579 0.000865463
-15 0.681579 0.00101712
-14.4 0.681579 0.00101762
-13.8 0.681579 0.000804139
-13.2 0.681579 0.000476704
-12.6 0.681579 0.000326996
-12 0.681579 0.000730346
-11.4 0.681579 0.00187525
-10.8 0.681579 0.00343502
-10.2 0.681579 0.0044331
-9.6 0.681579 0.00351753
-9 0.681579 -0.000298172
-8.4 0.681579 -0.00608709
-7.8 0.681579 -0.00997154
-7.2 0.681579 -0.00678364
-6.6 0.681579 0.00541764
-6 0.681579 0.0208014
-5.4 0.681579 0.0258973
-4.8 0.681579 0.00762785
-4.2 0.681579 -0.0331344
-3.6 0.681579 -0.0718165
-3 0.681579 -0.0656503
-2.4 0.681579 0.0218484
-1.8 0.681579 0.188555
-1.2 0.681579 0.376644
-0.6 0.681579 0.493103
0 0.681579 0.470927
0.6 0.681579 0.328784
1.2 0.681579 0.148548
1.8 0.681579 0.00501732
2.4 0.681579 -0.0672449
3 0.681579 -0.0747677
3.6 0.681579 -0.0468459
4.2 0.681579 -0.0135185
4.8 0.681579 0.00773119
5.4 0.681579 0.0137194
6 0.681579 0.00995846
6.6 0.681579 0.00367124
7.2 0.681579 -0.000582925
7.8 0.681579 -0.00176661
8.4 0.681579 -0.000998658
9 0.681579 0.000208574
9.6 0.681579 0.000972833
10.2 0.681579 0.00116535
10.8 0.681579 0.00105065
11.4 0.681579 0.000908748
12 0.681579 0.000864295
12.6 0.681579 0.000904933
13.2 0.681579 0.000970046
13.8 0.681579 0.00101628
14.4 0.681579 0.00103366
15 0.681579 0.00103149
15.6 0.681579 0.00102072
16.2 0.681579 0.00100599
16.8 0.681579 0.000986602
17.4 0.681579 0.000960424
18 0.681579 0.000926393
18.6 0.681579 0.000884892
19.2 0.681579 0.000837031
19.8 0.681579 0.000783965
20.4 0.681579 0.000726664
21 0.681579 0.000665983
21.6 0.681579 0.000602804
22.2 0.681579 0.000538094
22.8 0.681579 0.000472894
23.4 0.681579 0.000408251
24 0.681579 0.000345149
24.6 0.681579 0.00028447
25.2 0.681579 0.000227015
25.8 0.681579 0.000173607
26.4 0.681579 0.000125247
27 0.681579 8.32199e-05
27.6 0.681579 4.90087e-05
28.2 0.681579 2.39124e-05
28.8 0.681579 8.39518e-06
29.4 0.681579 1.39807e-06
30 0.681579 -1.23349e-35
-30 0.734211 -1.59253e-35
-29.4 0.734211 1.71459e-06
-28.8 0.734211 1.04601e-05
-28.2 0.734211 2.95136e-05
-27.6 0.734211 5.85149e-05
-27 0.734211 9.34301e-05
-26.4 0.734211 0.000127949
-25.8 0.734211 0.000156301
-25.2 0.734211 0.000177049
-24.6 0.734211 0.000195326
-24 0.734211 0.000217757
-23.4 0.734211 0.000246977
-22.8 0.734211 0.000283208
-22.2 0.734211 0.000326783
-21.6 0.734211 0.000378335
-21 0.734211 0.000436549
-20.4 0.734211 0.000495157
-19.8 0.734211 0.000542107
-19.2 0.734211 0.000563556
-18.6 0.734211 0.000553053
-18 0.734211 0.000522251
-17.4 0.734211 0.000505185
-16.8 0.734211 0.000547038
-16.2 0.734211 0.00067446
-15.6 0.734211 0.000858911
-15 0.734211 0.00100126
-14.4 0.734211 0.000973269
-13.8 0.734211 0.000727847
-13.2 0.734211 0.000401881
-12.6 0.734211 0.000321737
-12 0.734211 0.000856669
-11.4 0.734211 0.00212399
-10.8 0.734211 0.00368478
-10.2 0.734211 0.00449115
-9.6 0.734211 0.0032633
-9 0.734211 -0.000737094
-8.4 0.734211 -0.0063235
-7.8 0.734211 -0.00961808
-7.2 0.734211 -0.00584001
-6.6 0.734211 0.00636798
-6 0.734211 0.0208502
-5.4 0.734211 0.024477
-4.8 0.734211 0.00513763
-4.2 0.734211 -0.0353295
-3.6 0.734211 -0.0722227
-3 0.734211 -0.0637791
-2.4 0.734211 0.0250807
-1.8 0.734211 0.191818
-1.2 0.734211 0.380048
-0.6 0.734211 0.499165
0 0.734211 0.482557
0.6 0.734211 0.344815
1.2 0.734211 0.163271
1.8 0.734211 0.0130369
2.4 0.734211 -0.0673521
3 0.734211 -0.0803835
3.6 0.734211 -0.0536883
4.2 0.734211 -0.0182416
4.8 0.734211 0.00626119
5.4 0.734211 0.0147025
6 0.734211 0.0118017
6.6 0.734211 0.00508863
7.2 0.734211 -6.99552e-05
7.8 0.734211 -0.00195455
8.4 0.734211 -0.00142706
9 0.734211 -0.000108459
9.6 0.734211 0.000876908
10.2 0.734211 0.00122209
10.8 0.734211 0.00114413
11.4 0.734211 0.000965969
12 0.734211 0.00087373
12.6 0.734211 0.000889456
13.2 0.734211 0.000954262
13.8 0.734211 0.00101081
14.4 0.734211 0.00103666
15 0.734211 0.00103698
15.6 0.734211 0.0010247
16.2 0.734211 0.00100777
16.8 0.734211 0.000987287
17.4 0.734211 0.000961106
18 0.734211 0.000927453
18.6 0.734211 0.000886169
19.2 0.734211 0.000838245
19.8 0.734211 0.000784964
20.4 0.734211 0.000727433
21 0.734211 0.000666565
21.6 0.734211 0.000603233
22.2 0.734211 0.000538384
22.8 0.734211 0.000473045
23.4 0.734211 0.000408258
24 0.734211 0.000344998
24.6 0.734211 0.000284137
25.2 0.734211 0.000226468
25.8 0.734211 0.000172838
26.4 0.734211 0.000124296
27 0.734211 8.21912e-05
27.6 0.734211 4.80578e-05
28.2 0.734211 2.31939e-05
28.8 0.734211 7.99506e-06
29.4 0.734211 1.28085e-06
30 0.734211 -1.22955e-35
-30 0.786842 -1.60846e-35
-29.4 0.786842 1.72394e-06
-28.8 0.786842 1.0533e-05
-28.2 0.786842 2.97045e-05
-27.6 0.786842 5.87725e-05
-27 0.786842 9.34915e-05
-26.4 0.786842 0.000127306
-25.8 0.786842 0.000154284
-25.2 0.786842 0.000173014
-24.6 0.786842 0.000188857
-24 0.786842 0.000208779
-23.4 0.786842 0.00023573
-22.8 0.786842 0.000270146
-22.2 0.786842 0.000312451
-21.6 0.786842 0.000363241
-21 0.786842 0.000420976
-20.4 0.786842 0.00047888
-19.8 0.786842 0.000524195
-19.2 0.786842 0.000542616
-18.6 0.786842 0.000528275
-18 0.786842 0.000494947
-17.4 0.786842 0.000479544
-16.8 0.786842 0.000528367
-16.2 0.786842 0.000664405
-15.6 0.786842 0.000850223
-15 0.786842 0.000977519
-14.4 0.786842 0.000918668
-13.8 0.786842 0.00064695
-13.2 0.786842 0.000335886
-12.6 0.786842 0.000338592
-12 0.786842 0.00100554
-11.4 0.786842 0.00237442
-10.8 0.786842 0.0038996
-10.2 0.786842 0.00448272
-9.6 0.786842 0.00294256
-9 0.786842 -0.00119269
-8.4 0.786842 -0.00648582
-7.8 0.786842 -0.00910881
-7.2 0.786842 -0.00473996
-6.6 0.786842 0.00735166
-6 0.786842 0.0207244
-5.4 0.786842 0.022714
-4.8 0.786842 0.00231629
-4.2 0.786842 -0.0376241
-3.6 0.786842 -0.0724115
-3 0.786842 -0.0615539
-2.4 0.786842 0.0283893
-1.8 0.786842 0.194439
-1.2 0.786842 0.381904
-0.6 0.786842 0.503011
0 0.786842 0.491922
0.6 0.786842 0.359244
1.2 0.786842 0.177462
1.8 0.786842 0.0214443
2.4 0.786842 -0.0667028
3 0.786842 -0.0854419
3.6 0.786842 -0.0604457
4.2 0.786842 -0.0232706
4.8 0.786842 0.00437432
5.4 0.786842 0.0154157
6 0.786842 0.0136174
6.6 0.786842 0.00665028
7.2 0.786842 0.000618721
7.8 0.786842 -0.00204079
8.4 0.786842 -0.00185101
9 0.786842 -0.000478089
9.6 0.786842 0.000726055
10.2 0.786842 0.00125315
10.8 0.786842 0.00124149
11.4 0.786842 0.00103974
12 0.786842 0.000896338
12.6 0.786842 0.000877758
13.2 0.786842 0.000935535
13.8 0.786842 0.00100101
14.4 0.786842 0.00103731
15 0.786842 0.00104242
15.6 0.786842 0.00102963
16.2 0.786842 0.00101031
16.8 0.786842 0.000988122
17.4 0.786842 0.000961555
18 0.786842 0.000928236
18.6 0.786842 0.000887298
19.2 0.786842 0.00083943
19.8 0.786842 0.000785969
20.4 0.786842 0.000728191
21 0.786842 0.00066711
21.6 0.786842 0.000603617
22.2 0.786842 0.000538636
22.8 0.786842 0.000473169
23.4 0.786842 0.000408245
24 0.786842 0.000344829
24.6 0.786842 0.00028378
25.2 0.786842 0.000225897
25.8 0.786842 0.000172045
26.4 0.786842 0.000123328
27 0.786842 8.11571e-05
27.6 0.786842 4.71119e-05
28.2 0.786842 2.24854e-05
28.8 0.786842 7.60352e-06
29.4 0.786842 1.1669e-06
30 0.786842 -1.22483e-35
-30 0.839474 -1.62291e-35
-29.4 0.839474 1.74529e-06
-28.8 0.839474 1.06414e-05
-28.2 0.839474 2.99474e-05
-27.6 0.839474 5.90807e-05
-27 0.839474 9.35856e-05
-26.4 0.839474 0.000126673
-25.8 0.839474 0.000152262
-25.2 0.839474 0.000168968
-24.6 0.839474 0.000182376
-24 0.839474 0.000199783
-23.4 0.839474 0.000224468
-22.8 0.839474 0.000257108
-22.2 0.839474 0.00029823
-21.6 0.839474 0.000348346
-21 0.839474 0.000405565
-20.4 0.839474 0.000462484
-19.8 0.839474 0.000505671
-19.2 0.839474 0.000520697
-18.6 0.839474 0.000502821
-18 0.839474 0.000468264
-17.4 0.839474 0.000456341
-16.8 0.839474 0.000513012
-16.2 0.839474 0.000655913
-15.6 0.839474 0.000838413
-15 0.839474 0.000945512
-14.4 0.839474 0.000854913
-13.8 0.839474 0.000563921
-13.2 0.839474 0.000281008
-12.6 0.839474 0.000377497
-12 0.839474 0.00117367
-11.4 0.839474 0.00262191
-10.8 0.839474 0.00407729
-10.2 0.839474 0.00441042
-9.6 0.839474 0.00256002
-9 0.839474 -0.00166558
-8.4 0.839474 -0.00658475
-7.8 0.839474 -0.00845746
-7.2 0.839474 -0.00348256
-6.6 0.839474 0.00839632
-6 0.839474 0.0204648
-5.4 0.839474 0.0206215
-4.8 0.839474 -0.000888565
-4.2 0.839474 -0.0401309
-3.6 0.839474 -0.072494
-3 0.839474 -0.0590015
-2.4 0.839474 0.0318735
-1.8 0.839474 0.196612
-1.2 0.839474 0.382417
-0.6 0.839474 0.504794
0 0.839474 0.499098
0.6 0.839474 0.372068
1.2 0.839474 0.191048
1.8 0.839474 0.0301487
2.4 0.839474 -0.0653491
3 0.839474 -0.0899303
3.6 0.839474 -0.0670588
4.2 0.839474 -0.0285439
4.8 0.839474 0.00209774
5.4 0.839474 0.0158449
6 0.839474 0.0153704
6.6 0.839474 0.0083281
7.2 0.839474 0.00147732
7.8 0.839474 -0.00201238
8.4 0.839474 -0.0022531
9 0.839474 -0.000890705
9.6 0.839474 0.000519109
10.2 0.839474 0.00125147
10.8 0.839474 0.00133646
11.4 0.839474 0.00112809
12 0.839474 0.000933802
12.6 0.839474 0.000872483
13.2 0.839474 0.000915381
13.8 0.839474 0.000986875
14.4 0.839474 0.00103482
15 0.839474 0.00104712
15.6 0.839474 0.00103532
16.2 0.839474 0.00101376
16.8 0.839474 0.000989337
17.4 0.839474 0.000961876
18 0.839474 0.000928724
18.6 0.839474 0.000888218
19.2 0.839474 0.000840544
19.8 0.839474 0.000786977
20.4 0.839474 0.00072895
21 0.839474 0.00066763
21.6 0.839474 0.00060396
22.2 0.839474 0.000538848
22.8 0.839474 0.000473264
23.4 0.839474 0.000408211
24 0.839474 0.00034464
24.6 0.839474 0.000283402
25.2 0.839474 0.000225301
25.8 0.839474 0.00017123
26.4 0.839474 0.000122344
27 0.839474 8.01179e-05
27.6 0.839474 4.61703e-05
28.2 0.839474 2.1786e-05
28.8 0.839474 7.21976e-06
29.4 0.839474 1.05588e-06
30 0.839474 -1.21943e-35
-30 0.892105 -1.63599e-35
-29.4 0.892105 1.77785e-06
-28.8 0.892105 1.07829e-05
-28.2 0.892105 3.02393e-05
-27.6 0.892105 5.94373e-05
-27 0.892105 9.37129e-05
-26.4 0.892105 0.000126053
-25.8 0.892105 0.000150238
-25.2 0.892105 0.000164913
-24.6 0.892105 0.000175877
-24 0.892105 0.000190761
-23.4 0.892105 0.000213189
-22.8 0.892105 0.000244109
-22.2 0.892105 0.000284153
-21.6 0.892105 0.000333679
-21 0.892105 0.000390301
-20.4 0.892105 0.000445884
-19.8 0.892105 0.000486424
-19.2 0.892105 0.000497778
-18.6 0.892105 0.000476865
-18 0.892105 0.000442533
-17.4 0.892105 0.000435809
-16.8 0.892105 0.000500765
-16.2 0.892105 0.000648243
-15.6 0.892105 0.000822648
-15 0.892105 0.000905173
-14.4 0.892105 0.000783325
-13.8 0.892105 0.000481054
-13.2 0.892105 0.000238953
-12.6 0.892105 0.000437852
-12 0.892105 0.00135789
-11.4 0.892105 0.00286277
-10.8 0.892105 0.0042168
-10.2 0.892105 0.00427731
-9.6 0.892105 0.00212004
-9 0.892105 -0.00215675
-8.4 0.892105 -0.00663084
-7.8 0.892105 -0.00767737
-7.2 0.892105 -0.00206607
-6.6 0.892105 0.00953181
-6 0.892105 0.0201152
-5.4 0.892105 0.0182128
-4.8 0.892105 -0.00453801
-4.2 0.892105 -0.0429795
-3.6 0.892105 -0.072595
-3 0.892105 -0.0561452
-2.4 0.892105 0.0356521
-1.8 0.892105 0.198544
-1.2 0.892105 0.381786
-0.6 0.892105 0.504633
0 0.892105 0.504124
0.6 0.892105 0.383265
1.2 0.892105 0.203961
1.8 0.892105 0.0390689
2.4 0.892105 -0.0633395
3 0.892105 -0.0938409
3.6 0.892105 -0.0734773
4.2 0.892105 -0.0340051
4.8 0.892105 -0.000539429
5.4 0.892105 0.0159821
6 0.892105 0.0170306
6.6 0.892105 0.0100945
7.2 0.892105 0.00249684
7.8 0.892105 -0.00186015
8.4 0.892105 -0.0026175
9 0.892105 -0.00133562
9.6 0.892105 0.000257034
10.2 0.892105 0.00121136
10.8 0.892105 0.00142274
11.4 0.892105 0.00122814
12 0.892105 0.000986952
12.6 0.892105 0.000876055
13.2 0.892105 0.000895622
13.8 0.892105 0.000968773
14.4 0.892105 0.00102857
15 0.892105 0.00105036
15.6 0.892105 0.00104144
16.2 0.892105 0.00101821
16.8 0.892105 0.000991158
17.4 0.892105 0.000962223
18 0.892105 0.000928936
18.6 0.892105 0.000888874
19.2 0.892105 0.000841535
19.8 0.892105 0.00078797
20.4 0.892105 0.000729721
21 0.892105 0.000668139
21.6 0.892105 0.000604267
22.2 0.892105 0.000539019
22.8 0.892105 0.000473326
23.4 0.892105 0.000408154
24 0.892105 0.000344431
24.6 0.892105 0.000283003
25.2 0.892105 0.000224681
25.8 0.892105 0.000170393
26.4 0.892105 0.000121346
27 0.892105 7.90736e-05
27.6 0.892105 4.52326e-05
28.2 0.892105 2.10949e-05
28.8 0.892105 6.8431e-06
29.4 0.892105 9.47554e-07
30 0.892105 -1.21341e-35
-30 0.944737 -1.64784e-35
-29.4 0.944737 1.82083e-06
-28.8 0.944737 1.09555e-05
-28.2 0.944737 3.05773e-05
-27.6 0.944737 5.98408e-05
-27 0.944737 9.38743e-05
-26.4 0.944737 0.00012545
-25.8 0.944737 0.000148215
-25.2 0.944737 0.000160847
-24.6 0.944737 0.000169354
-24 0.944737 0.000181705
-23.4 0.944737 0.000201895
-22.8 0.944737 0.000231169
-22.2 0.944737 0.000270254
-21.6 0.944737 0.000319254
-21 0.944737 0.000375145
-20.4 0.944737 0.000428986
-19.8 0.944737 0.000466372
-19.2 0.944737 0.000473894
-18.6 0.944737 0.000450621
-18 0.944737 0.00041805
-17.4 0.944737 0.000418059
-16.8 0.944737 0.000491292
-16.2 0.944737 0.000640652
-15.6 0.944737 0.000802283
-15 0.944737 0.000856712
-14.4 0.944737 0.000705334
-13.8 0.944737 0.000400397
-13.2 0.944737 0.000210925
-12.6 0.944737 0.000518725
-12 0.944737 0.00155531
-11.4 0.944737 0.00309414
-10.8 0.944737 0.00431778
-10.2 0.944737 0.00408624
-9.6 0.944737 0.00162638
-9 0.944737 -0.00266665
-8.4 0.944737 -0.00663271
-7.8 0.944737 -0.00678046
-7.2 0.944737 -0.00048977
-6.6 0.944737 0.0107864
-6 0.944737 0.0197216
-5.4 0.944737 0.0155058
-4.8 0.944737 -0.00869601
-4.2 0.944737 -0.046318
-3.6 0.944737 -0.0728639
-3 0.944737 -0.0530158
-2.4 0.944737 0.0398668
-1.8 0.944737 0.200478
-1.2 0.944737 0.380213
-0.6 0.944737 0.502612
0 0.944737 0.506994
0.6 0.944737 0.392785
1.2 0.944737 0.216128
1.8 0.944737 0.0481314
2.4 0.944737 -0.0607172
3 0.944737 -0.0971688
3.6 0.944737 -0.0796576
4.2 0.944737 -0.0396026
4.8 0.944737 -0.00350731
5.4 0.944737 0.015824
6 0.944737 0.0185726
6.6 0.944737 0.0119233
7.2 0.944737 0.00366594
7.8 0.944737 -0.00157826
8.4 0.944737 -0.00293015
9 0.944737 -0.00180166
9.6 0.944737 -5.74507e-05
10.2 0.944737 0.00112858
10.8 0.944737 0.00149426
11.4 0.944737 0.00133632
12 0.944737 0.0010558
12.6 0.944737 0.00089054
13.2 0.944737 0.000878237
13.8 0.944737 0.000947445
14.4 0.944737 0.00101819
15 0.944737 0.00105139
15.6 0.944737 0.00104753
16.2 0.944737 0.00102362
16.8 0.944737 0.000993776
17.4 0.944737 0.000962781
18 0.944737 0.000928937
18.6 0.944737 0.000889233
19.2 0.944737 0.000842346
19.8 0.944737 0.000788916
20.4 0.944737 0.000730505
21 0.944737 0.000668652
21.6 0.944737 0.000604551
22.2 0.944737 0.000539151
22.8 0.944737 0.000473352
23.4 0.944737 0.000408069
24 0.944737 0.000344201
24.6 0.944737 0.000282582
25.2 0.944737 0.000224038
25.8 0.944737 0.000169535
26.4 0.944737 0.000120333
27 0.944737 7.8024e-05
27.6 0.944737 4.42983e-05
28.2 0.944737 2.04114e-05
28.8 0.944737 6.47295e-06
29.4 0.944737 8.41683e-07
30 0.944737 -1.20683e-35
-30 0.997368 -1.6586e-35
-29.4 0.997368 1.87346e-06
-28.8 0.997368 1.1157e-05
-28.2 0.997368 3.0959e-05
-27.6 0.997368 6.02899e-05
-27 0.997368 9.40713e-05
-26.4 0.997368 0.000124866
-25.8 0.997368 0.000146196
-25.2 0.997368 0.000156768
-24.6 0.997368 0.000162802
-24 0.997368 0.000172612
-23.4 0.997368 0.000190595
-22.8 0.997368 0.000218315
-22.2 0.997368 0.000256559
-21.6 0.997368 0.000305068
-21 0.997368 0.000360041
-20.4 0.997368 0.0004117
-19.8 0.997368 0.000445467
-19.2 0.997368 0.000449132
-18.6 0.997368 0.000424328
-18 0.997368 0.000395061
-17.4 0.997368 0.000403088
-16.8 0.997368 0.000484164
-16.2 0.997368 0.000632434
-15.6 0.997368 0.000776876
-15 0.997368 0.000800565
-14.4 0.997368 0.000622403
-13.8 0.997368 0.000323726
-13.2 0.997368 0.000197721
-12.6 0.997368 0.000619034
-12 0.997368 0.00176343
-11.4 0.997368 0.00331381
-10.8 0.997368 0.00438
-10.2 0.997368 0.00383918
-9.6 0.997368 0.0010816
-9 0.997368 -0.00319512
-8.4 0.997368 -0.00659535
-7.8 0.997368 -0.00577495
-7.2 0.997368 0.00124585
-6.6 0.997368 0.0121821
-6 0.997368 0.0193275
-5.4 0.997368 0.0125263
-4.8 0.997368 -0.0134189
-4.2 0.997368 -0.0503102
-3.6 0.997368 -0.0734908
-3 0.997368 -0.0496715
-2.4 0.997368 0.0446837
-1.8 0.997368 0.202717
-1.2 0.997368 0.377936
-0.6 0.997368 0.498789
0 0.997368 0.507645
0.6 0.997368 0.400541
1.2 0.997368 0.227467
1.8 0.997368 0.0572686
2.4 0.997368 -0.0575191
3 0.997368 -0.099909
3.6 0.997368 -0.0855613
4.2 0.997368 -0.0452892
4.8 0.997368 -0.00677616
5.4 0.997368 0.0153712
6 0.997368 0.0199751
6.6 0.997368 0.0137895
7.2 0.997368 0.00497177
7.8 0.997368 -0.00116368
8.4 0.997368 -0.00317887
9 0.997368 -0.00227755
9.6 0.997368 -0.000420233
10.2 0.997368 0.00100024
10.8 0.997368 0.00154541
11.4 0.997368 0.00144861
12 0.997368 0.00113962
12.6 0.997368 0.000917562
13.2 0.997368 0.000865238
13.8 0.997368 0.000923931
14.4 0.997368 0.00100357
15 0.997368 0.00104955
15.6 0.997368 0.00105302
16.2 0.997368 0.00102981
16.8 0.997368 0.000997331
17.4 0.997368 0.000963751
18 0.997368 0.000928833
18.6 0.997368 0.000889288
19.2 0.997368 0.000842923
19.8 0.997368 0.000789774
20.4 0.997368 0.000731291
21 0.997368 0.000669182
21.6 0.997368 0.000604825
22.2 0.997368 0.000539251
22.8 0.997368 0.00047334
23.4 0.997368 0.000407954
24 0.997368 0.000343947
24.6 0.997368 0.000282139
25.2 0.997368 0.000223374
25.8 0.997368 0.000168656
26.4 0.997368 0.000119306
27 0.997368 7.69692e-05
27.6 0.997368 4.33668e-05
28.2 0.997368 1.97349e-05
28.8 0.997368 6.10878e-06
29.4 0.997368 7.38082e-07
30 0.997368 -1.19973e-35
-30 1.05 -1.66848e-35
-29.4 1.05 1.93498e-06
-28.8 1.05 1.13855e-05
-28.2 1.05 3.13823e-05
-27.6 1.05 6.07841e-05
-27 1.05 9.43054e-05
-26.4 1.05 0.000124304
-25.8 1.05 0.000144181
-25.2 1.05 0.000152673
-24.6 1.05 0.000156215
-24 1.05 0.000163485
-23.4 1.05 0.000179304
-22.8 1.05 0.000205572
-22.2 1.05 0.000243086
-21.6 1.05 0.000291102
-21 1.05 0.000344917
-20.4 1.05 0.000393941
-19.8 1.05 0.000423696
-19.2 1.05 0.000423629
-18.6 1.05 0.000398235
-18 1.05 0.000373753
-17.4 1.05 0.000390784
-16.8 1.05 0.000478884
-16.2 1.05 0.000622951
-15.6 1.05 0.000746166
-15 1.05 0.000737333
-14.4 1.05 0.000535961
-13.8 1.05 0.000252552
-13.2 1.05 0.000199841
-12.6 1.05 0.000737688
-12 1.05 0.0019801
-11.4 1.05 0.00352
-10.8 1.05 0.00440318
-10.2 1.05 0.00353729
-9.6 1.05 0.000487253
-9 1.05 -0.00374152
-8.4 1.05 -0.0065202
-7.8 1.05 -0.00466422
-7.2 1.05 0.00313963
-6.6 1.05 0.0137303
-6 1.05 0.0189647
-5.4 1.05 0.00930839
-4.8 1.05 -0.0187335
-4.2 1.05 -0.0551105
-3.6 1.05 -0.0747185
-3 1.05 -0.0462468
-2.4 1.05 0.0502733
-1.8 1.05 0.205671
-1.2 1.05 0.375292
-0.6 1.05 0.493209
0 1.05 0.505933
0.6 1.05 0.406383
1.2 1.05 0.237875
1.8 1.05 0.0664174
2.4 1.05 -0.0537734
3 1.05 -0.102054
3.6 1.05 -0.091153
4.2 1.05 -0.0510216
4.8 1.05 -0.0103172
5.4 1.05 0.0146269
6 1.05 0.0212206
6.6 1.05 0.0156701
7.2 1.05 0.00640049
7.8 1.05 -0.000615797
8.4 1.05 -0.00335336
9 1.05 -0.00275229
9.6 1.05 -0.00082614
10.2 1.05 0.000824743
10.8 1.05 0.00157121
11.4 1.05 0.00156074
12 1.05 0.00123705
12.6 1.05 0.000958262
13.2 1.05 0.000858568
13.8 1.05 0.000899496
14.4 1.05 0.000984844
15 1.05 0.0010443
15.6 1.05 0.00105734
16.2 1.05 0.00103654
16.8 1.05 0.00100189
17.4 1.05 0.000965324
18 1.05 0.000928761
18.6 1.05 0.000889066
19.2 1.05 0.00084322
19.8 1.05 0.000790494
20.4 1.05 0.000732059
21 1.05 0.000669732
21.6 1.05 0.000605103
22.2 1.05 0.000539327
22.8 1.05 0.000473291
23.4 1.05 0.000407804
24 1.05 0.000343665
24.6 1.05 0.000281674
25.2 1.05 0.000222689
25.8 1.05 0.000167759
26.4 1.05 0.000118265
27 1.05 7.59091e-05
27.6 1.05 4.24376e-05
28.2 1.05 1.90645e-05
28.8 1.05 5.75013e-06
29.4 1.05 6.36581e-07
30 1.05 -1.19213e-35
