-30 0.1 0
-28.8 0.1 0
-27.6 0.1 0
-26.4 0.1 0
-25.2 0.1 0
-24 0.1 0
-22.8 0.1 0
-21.6 0.1 0
-20.4 0.1 0
-19.2 0.1 0
-18 0.1 0
-16.8 0.1 0
-15.6 0.1 0
-14.4 0.1 0
-13.2 0.1 0
-12 0.1 0
-10.8 0.1 0
-9.6 0.1 0
-8.4 0.1 0
-7.2 0.1 0
-6 0.1 0
-4.8 0.1 0
-3.6 0.1 0
-2.4 0.1 0
-1.2 0.1 0
0 0.1 0
1.2 0.1 1.70282e-06
2.4 0.1 -2.64478e-06
3.6 0.1 -1.04664e-05
4.8 0.1 -2.11288e-05
6 0.1 -3.43177e-05
7.2 0.1 -5.02211e-05
8.4 0.1 -6.83269e-05
9.6 0.1 0
10.8 0.1 0
12 0.1 0
13.2 0.1 0
14.4 0.1 0
15.6 0.1 0
16.8 0.1 0
18 0.1 0
19.2 0.1 0
20.4 0.1 0
21.6 0.1 0
22.8 0.1 0
24 0.1 0
25.2 0.1 0
26.4 0.1 0
27.6 0.1 0
28.8 0.1 0
30 0.1 0
-30 0.205263 0
-28.8 0.205263 0
-27.6 0.205263 0
-26.4 0.205263 0
-25.2 0.205263 0
-24 0.205263 0
-22.8 0.205263 0
-21.6 0.205263 0
-20.4 0.205263 0
-19.2 0.205263 0
-18 0.205263 0
-16.8 0.205263 0
-15.6 0.205263 0
-14.4 0.205263 0
-13.2 0.205263 0
-12 0.205263 0
-10.8 0.205263 0
-9.6 0.205263 0
-8.4 0.205263 0
-7.2 0.205263 0
-6 0.205263 0
-4.8 0.205263 0
-3.6 0.205263 0
-2.4 0.205263 0
-1.2 0.205263 0
0 0.205263 0
1.2 0.205263 1.581e-06
2.4 0.205263 -2.49496e-06
3.6 0.205263 -9.88783e-06
4.8 0.205263 -1.99586e-05
6 0.205263 -3.23988e-05
7.2 0.205263 -4.74385e-05
8.4 0.205263 -6.46316e-05
9.6 0.205263 0
10.8 0.205263 0
12 0.205263 0
13.2 0.205263 0
14.4 0.205263 0
15.6 0.205263 0
16.8 0.205263 0
18 0.205263 0
19.2 0.205263 0
20.4 0.205263 0
21.6 0.205263 0
22.8 0.205263 0
24 0.205263 0
25.2 0.205263 0
26.4 0.205263 0
27.6 0.205263 0
28.8 0.205263 0
30 0.205263 0
-30 0.310526 0
-28.8 0.310526 0
-27.6 0.310526 0
-26.4 0.310526 0
-25.2 0.310526 0
-24 0.310526 0
-22.8 0.310526 0
-21.6 0.310526 0
-20.4 0.310526 0
-19.2 0.310526 0
-18 0.310526 0
-16.8 0.310526 0
-15.6 0.310526 0
-14.4 0.310526 0
-13.2 0.310526 0
-12 0.310526 0
-10.8 0.310526 0
-9.6 0.310526 0
-8.4 0.310526 0
-7.2 0.310526 0
-6 0.310526 0
-4.8 0.310526 0
-3.6 0.310526 0
-2.4 0.310526 0
-1.2 0.310526 0
0 0.310526 0
1.2 0.310526 1.46348e-06
2.4 0.310526 -2.34669e-06
3.6 0.310526 -9.31348e-06
4.8 0.310526 -1.87982e-05
6 0.310526 -3.04994e-05
7.2 0.310526 -4.46798e-05
8.4 0.310526 -6.09527e-05
9.6 0.310526 0
10.8 0.310526 0
12 0.310526 0
13.2 0.310526 0
14.4 0.310526 0
15.6 0.310526 0
16.8 0.310526 0
18 0.310526 0
19.2 0.310526 0
20.4 0.310526 0
21.6 0.310526 0
22.8 0.310526 0
24 0.310526 0
25.2 0.310526 0
26.4 0.310526 0
27.6 0.310526 0
28.8 0.310526 0
30 0.310526 0
-30 0.415789 0
-28.8 0.415789 0
-27.6 0.415789 0
-26.4 0.415789 0
-25.2 0.415789 0
-24 0.415789 0
-22.8 0.415789 0
-21.6 0.415789 0
-20.4 0.415789 0
-19.2 0.415789 0
-18 0.415789 0
-16.8 0.415789 0
-15.6 0.415789 0
-14.4 0.415789 0
-13.2 0.415789 0
-12 0.415789 0
-10.8 0.415789 0
-9.6 0.415789 0
-8.4 0.415789 0
-7.2 0.415789 0
-6 0.415789 0
-4.8 0.415789 0
-3.6 0.415789 0
-2.4 0.415789 0
-1.2 0.415789 0
0 0.415789 0
1.2 0.415789 1.35024e-06
2.4 0.415789 -2.19991e-06
3.6 0.415789 -8.74323e-06
4.8 0.415789 -1.76471e-05
6 0.415789 -2.86183e-05
7.2 0.415789 -4.19435e-05
8.4 0.415789 -5.72892e-05
9.6 0.415789 0
10.8 0.415789 0
12 0.415789 0
13.2 0.415789 0
14.4 0.415789 0
15.6 0.415789 0
16.8 0.415789 0
18 0.415789 0
19.2 0.415789 0
20.4 0.415789 0
21.6 0.415789 0
22.8 0.415789 0
24 0.415789 0
25.2 0.415789 0
26.4 0.415789 0
27.6 0.415789 0
28.8 0.415789 0
30 0.415789 0
-30 0.521053 0
-28.8 0.521053 0
-27.6 0.521053 0
-26.4 0.521053 0
-25.2 0.521053 0
-24 0.521053 0
-22.8 0.521053 0
-21.6 0.521053 0
-20.4 0.521053 0
-19.2 0.521053 0
-18 0.521053 0
-16.8 0.521053 0
-15.6 0.521053 0
-14.4 0.521053 0
-13.2 0.521053 0
-12 0.521053 0
-10.8 0.521053 0
-9.6 0.521053 0
-8.4 0.521053 0
-7.2 0.521053 0
-6 0.521053 0
-4.8 0.521053 0
-3.6 0.521053 0
-2.4 0.521053 0
-1.2 0.521053 0
0 0.521053 0
1.2 0.521053 1.24121e-06
2.4 0.521053 -2.05458e-06
3.6 0.521053 -8.17694e-06
4.8 0.521053 -1.65048e-05
6 0.521053 -2.67541e-05
7.2 0.521053 -3.92279e-05
8.4 0.521053 -5.36403e-05
9.6 0.521053 0
10.8 0.521053 0
12 0.521053 0
13.2 0.521053 0
14.4 0.521053 0
15.6 0.521053 0
16.8 0.521053 0
18 0.521053 0
19.2 0.521053 0
20.4 0.521053 0
21.6 0.521053 0
22.8 0.521053 0
24 0.521053 0
25.2 0.521053 0
26.4 0.521053 0
27.6 0.521053 0
28.8 0.521053 0
30 0.521053 0
-30 0.626316 0
-28.8 0.626316 0
-27.6 0.626316 0
-26.4 0.626316 0
-25.2 0.626316 0
-24 0.626316 0
-22.8 0.626316 0
-21.6 0.626316 0
-20.4 0.626316 0
-19.2 0.626316 0
-18 0.626316 0
-16.8 0.626316 0
-15.6 0.626316 0
-14.4 0.626316 0
-13.2 0.626316 0
-12 0.626316 0
-10.8 0.626316 0
-9.6 0.626316 0
-8.4 0.626316 0
-7.2 0.626316 0
-6 0.626316 0
-4.8 0.626316 0
-3.6 0.626316 0
-2.4 0.626316 0
-1.2 0.626316 0
0 0.626316 0
1.2 0.626316 1.1363e-06
2.4 0.626316 -1.91064e-06
3.6 0.626316 -7.61444e-06
4.8 0.626316 -1.53705e-05
6 0.626316 -2.49056e-05
7.2 0.626316 -3.65315e-05
8.4 0.626316 -5.00048e-05
9.6 0.626316 0
10.8 0.626316 0
12 0.626316 0
13.2 0.626316 0
14.4 0.626316 0
15.6 0.626316 0
16.8 0.626316 0
18 0.626316 0
19.2 0.626316 0
20.4 0.626316 0
21.6 0.626316 0
22.8 0.626316 0
24 0.626316 0
25.2 0.626316 0
26.4 0.626316 0
27.6 0.626316 0
28.8 0.626316 0
30 0.626316 0
-30 0.731579 0
-28.8 0.731579 0
-27.6 0.731579 0
-26.4 0.731579 0
-25.2 0.731579 0
-24 0.731579 0
-22.8 0.731579 0
-21.6 0.731579 0
-20.4 0.731579 0
-19.2 0.731579 0
-18 0.731579 0
-16.8 0.731579 0
-15.6 0.731579 0
-14.4 0.731579 0
-13.2 0.731579 0
-12 0.731579 0
-10.8 0.731579 0
-9.6 0.731579 0
-8.4 0.731579 0
-7.2 0.731579 0
-6 0.731579 0
-4.8 0.731579 0
-3.6 0.731579 0
-2.4 0.731579 0
-1.2 0.731579 0
0 0.731579 0
1.2 0.731579 1.03541e-06
2.4 0.731579 -1.76806e-06
3.6 0.731579 -7.05557e-06
4.8 0.731579 -1.42439e-05
6 0.731579 -2.30714e-05
7.2 0.731579 -3.38529e-05
8.4 0.731579 -4.6382e-05
9.6 0.731579 0
10.8 0.731579 0
12 0.731579 0
13.2 0.731579 0
14.4 0.731579 0
15.6 0.731579 0
16.8 0.731579 0
18 0.731579 0
19.2 0.731579 0
20.4 0.731579 0
21.6 0.731579 0
22.8 0.731579 0
24 0.731579 0
25.2 0.731579 0
26.4 0.731579 0
27.6 0.731579 0
28.8 0.731579 0
30 0.731579 0
-30 0.836842 0
-28.8 0.836842 0
-27.6 0.836842 0
-26.4 0.836842 0
-25.2 0.836842 0
-24 0.836842 0
-22.8 0.836842 0
-21.6 0.836842 0
-20.4 0.836842 0
-19.2 0.836842 0
-18 0.836842 0
-16.8 0.836842 0
-15.6 0.836842 0
-14.4 0.836842 0
-13.2 0.836842 0
-12 0.836842 0
-10.8 0.836842 0
-9.6 0.836842 0
-8.4 0.836842 0
-7.2 0.836842 0
-6 0.836842 0
-4.8 0.836842 0
-3.6 0.836842 0
-2.4 0.836842 0
-1.2 0.836842 0
0 0.836842 0
1.2 0.836842 9.38396e-07
2.4 0.836842 -1.6268e-06
3.6 0.836842 -6.50014e-06
4.8 0.836842 -1.31241e-05
6 0.836842 -2.12504e-05
7.2 0.836842 -3.11904e-05
8.4 0.836842 -4.27708e-05
9.6 0.836842 0
10.8 0.836842 0
12 0.836842 0
13.2 0.836842 0
14.4 0.836842 0
15.6 0.836842 0
16.8 0.836842 0
18 0.836842 0
19.2 0.836842 0
20.4 0.836842 0
21.6 0.836842 0
22.8 0.836842 0
24 0.836842 0
25.2 0.836842 0
26.4 0.836842 0
27.6 0.836842 0
28.8 0.836842 0
30 0.836842 0
-30 0.942105 0
-28.8 0.942105 0
-27.6 0.942105 0
-26.4 0.942105 0
-25.2 0.942105 0
-24 0.942105 0
-22.8 0.942105 0
-21.6 0.942105 0
-20.4 0.942105 0
-19.2 0.942105 0
-18 0.942105 0
-16.8 0.942105 0
-15.6 0.942105 0
-14.4 0.942105 0
-13.2 0.942105 0
-12 0.942105 0
-10.8 0.942105 0
-9.6 0.942105 0
-8.4 0.942105 0
-7.2 0.942105 0
-6 0.942105 0
-4.8 0.942105 0
-3.6 0.942105 0
-2.4 0.942105 0
-1.2 0.942105 0
0 0.942105 0
1.2 0.942105 8.45081e-07
2.4 0.942105 -1.4868e-06
3.6 0.942105 -5.94793e-06
4.8 0.942105 -1.20108e-05
6 0.942105 -1.94415e-05
7.2 0.942105 -2.85428e-05
8.4 0.942105 -3.91704e-05
9.6 0.942105 0
10.8 0.942105 0
12 0.942105 0
13.2 0.942105 0
14.4 0.942105 0
15.6 0.942105 0
16.8 0.942105 0
18 0.942105 0
19.2 0.942105 0
20.4 0.942105 0
21.6 0.942105 0
22.8 0.942105 0
24 0.942105 0
25.2 0.942105 0
26.4 0.942105 0
27.6 0.942105 0
28.8 0.942105 0
30 0.942105 0
-30 1.04737 0
-28.8 1.04737 0
-27.6 1.04737 0
-26.4 1.04737 0
-25.2 1.04737 0
-24 1.04737 0
-22.8 1.04737 0
-21.6 1.04737 0
-20.4 1.04737 0
-19.2 1.04737 0
-18 1.04737 0
-16.8 1.04737 0
-15.6 1.04737 0
-14.4 1.04737 0
-13.2 1.04737 0
-12 1.04737 0
-10.8 1.04737 0
-9.6 1.04737 0
-8.4 1.04737 0
-7.2 1.04737 0
-6 1.04737 0
-4.8 1.04737 0
-3.6 1.04737 0
-2.4 1.04737 0
-1.2 1.04737 0
0 1.04737 0
1.2 1.04737 7.55268e-07
2.4 1.04737 -1.34802e-06
3.6 1.04737 -5.39873e-06
4.8 1.04737 -1.09032e-05
6 1.04737 -1.76433e-05
7.2 1.04737 -2.59086e-05
8.4 1.04737 -3.55797e-05
9.6 1.04737 0
10.8 1.04737 0
12 1.04737 0
13.2 1.04737 0
14.4 1.04737 0
15.6 1.04737 0
16.8 1.04737 0
18 1.04737 0
19.2 1.04737 0
20.4 1.04737 0
21.6 1.04737 0
22.8 1.04737 0
24 1.04737 0
25.2 1.04737 0
26.4 1.04737 0
27.6 1.04737 0
28.8 1.04737 0
30 1.04737 0
-30 1.15263 0
-28.8 1.15263 0
-27.6 1.15263 0
-26.4 1.15263 0
-25.2 1.15263 0
-24 1.15263 0
-22.8 1.15263 0
-21.6 1.15263 0
-20.4 1.15263 0
-19.2 1.15263 0
-18 1.15263 0
-16.8 1.15263 0
-15.6 1.15263 0
-14.4 1.15263 0
-13.2 1.15263 0
-12 1.15263 0
-10.8 1.15263 0
-9.6 1.15263 0
-8.4 1.15263 0
-7.2 1.15263 0
-6 1.15263 0
-4.8 1.15263 0
-3.6 1.15263 0
-2.4 1.15263 0
-1.2 1.15263 0
0 1.15263 0
1.2 1.15263 6.68728e-07
2.4 1.15263 -1.21038e-06
3.6 1.15263 -4.85228e-06
4.8 1.15263 -9.80073e-06
6 1.15263 -1.58548e-05
7.2 1.15263 -2.32864e-05
8.4 1.15263 -3.19978e-05
9.6 1.15263 0
10.8 1.15263 0
12 1.15263 0
13.2 1.15263 0
14.4 1.15263 0
15.6 1.15263 0
16.8 1.15263 0
18 1.15263 0
19.2 1.15263 0
20.4 1.15263 0
21.6 1.15263 0
22.8 1.15263 0
24 1.15263 0
25.2 1.15263 0
26.4 1.15263 0
27.6 1.15263 0
28.8 1.15263 0
30 1.15263 0
-30 1.25789 0
-28.8 1.25789 0
-27.6 1.25789 0
-26.4 1.25789 0
-25.2 1.25789 0
-24 1.25789 0
-22.8 1.25789 0
-21.6 1.25789 0
-20.4 1.25789 0
-19.2 1.25789 0
-18 1.25789 0
-16.8 1.25789 0
-15.6 1.25789 0
-14.4 1.25789 0
-13.2 1.25789 0
-12 1.25789 0
-10.8 1.25789 0
-9.6 1.25789 0
-8.4 1.25789 0
-7.2 1.25789 0
-6 1.25789 0
-4.8 1.25789 0
-3.6 1.25789 0
-2.4 1.25789 0
-1.2 1.25789 0
0 1.25789 0
1.2 1.25789 5.85213e-07
2.4 1.25789 -1.07382e-06
3.6 1.25789 -4.30834e-06
4.8 1.25789 -8.70285e-06
6 1.25789 -1.40747e-05
7.2 1.25789 -2.06748e-05
8.4 1.25789 -2.84237e-05
9.6 1.25789 0
10.8 1.25789 0
12 1.25789 0
13.2 1.25789 0
14.4 1.25789 0
15.6 1.25789 0
16.8 1.25789 0
18 1.25789 0
19.2 1.25789 0
20.4 1.25789 0
21.6 1.25789 0
22.8 1.25789 0
24 1.25789 0
25.2 1.25789 0
26.4 1.25789 0
27.6 1.25789 0
28.8 1.25789 0
30 1.25789 0
-30 1.36316 0
-28.8 1.36316 0
-27.6 1.36316 0
-26.4 1.36316 0
-25.2 1.36316 0
-24 1.36316 0
-22.8 1.36316 0
-21.6 1.36316 0
-20.4 1.36316 0
-19.2 1.36316 0
-18 1.36316 0
-16.8 1.36316 0
-15.6 1.36316 0
-14.4 1.36316 0
-13.2 1.36316 0
-12 1.36316 0
-10.8 1.36316 0
-9.6 1.36316 0
-8.4 1.36316 0
-7.2 1.36316 0
-6 1.36316 0
-4.8 1.36316 0
-3.6 1.36316 0
-2.4 1.36316 0
-1.2 1.36316 0
0 1.36316 0
1.2 1.36316 5.04458e-07
2.4 1.36316 -9.38252e-07
3.6 1.36316 -3.76663e-06
4.8 1.36316 -7.60894e-06
6 1.36316 -1.23021e-05
7.2 1.36316 -1.80725e-05
8.4 1.36316 -2.48566e-05
9.6 1.36316 0
10.8 1.36316 0
12 1.36316 0
13.2 1.36316 0
14.4 1.36316 0
15.6 1.36316 0
16.8 1.36316 0
18 1.36316 0
19.2 1.36316 0
20.4 1.36316 0
21.6 1.36316 0
22.8 1.36316 0
24 1.36316 0
25.2 1.36316 0
26.4 1.36316 0
27.6 1.36316 0
28.8 1.36316 0
30 1.36316 0
-30 1.46842 0
-28.8 1.46842 0
-27.6 1.46842 0
-26.4 1.46842 0
-25.2 1.46842 0
-24 1.46842 0
-22.8 1.46842 0
-21.6 1.46842 0
-20.4 1.46842 0
-19.2 1.46842 0
-18 1.46842 0
-16.8 1.46842 0
-15.6 1.46842 0
-14.4 1.46842 0
-13.2 1.46842 0
-12 1.46842 0
-10.8 1.46842 0
-9.6 1.46842 0
-8.4 1.46842 0
-7.2 1.46842 0
-6 1.46842 0
-4.8 1.46842 0
-3.6 1.46842 0
-2.4 1.46842 0
-1.2 1.46842 0
0 1.46842 0
1.2 1.46842 4.26195e-07
2.4 1.46842 -8.03573e-07
3.6 1.46842 -3.22688e-06
4.8 1.46842 -6.5184e-06
6 1.46842 -1.05357e-05
7.2 1.46842 -1.54781e-05
8.4 1.46842 -2.12954e-05
9.6 1.46842 0
10.8 1.46842 0
12 1.46842 0
13.2 1.46842 0
14.4 1.46842 0
15.6 1.46842 0
16.8 1.46842 0
18 1.46842 0
19.2 1.46842 0
20.4 1.46842 0
21.6 1.46842 0
22.8 1.46842 0
24 1.46842 0
25.2 1.46842 0
26.4 1.46842 0
27.6 1.46842 0
28.8 1.46842 0
30 1.46842 0
-30 1.57368 0
-28.8 1.57368 0
-27.6 1.57368 0
-26.4 1.57368 0
-25.2 1.57368 0
-24 1.57368 0
-22.8 1.57368 0
-21.6 1.57368 0
-20.4 1.57368 0
-19.2 1.57368 0
-18 1.57368 0
-16.8 1.57368 0
-15.6 1.57368 0
-14.4 1.57368 0
-13.2 1.57368 0
-12 1.57368 0
-10.8 1.57368 0
-9.6 1.57368 0
-8.4 1.57368 0
-7.2 1.57368 0
-6 1.57368 0
-4.8 1.57368 0
-3.6 1.57368 0
-2.4 1.57368 0
-1.2 1.57368 0
0 1.57368 0
1.2 1.57368 3.50152e-07
2.4 1.57368 -6.69688e-07
3.6 1.57368 -2.68881e-06
4.8 1.57368 -5.43066e-06
6 1.57368 -8.77445e-06
7.2 1.57368 -1.28902e-05
8.4 1.57368 -1.77391e-05
9.6 1.57368 0
10.8 1.57368 0
12 1.57368 0
13.2 1.57368 0
14.4 1.57368 0
15.6 1.57368 0
16.8 1.57368 0
18 1.57368 0
19.2 1.57368 0
20.4 1.57368 0
21.6 1.57368 0
22.8 1.57368 0
24 1.57368 0
25.2 1.57368 0
26.4 1.57368 0
27.6 1.57368 0
28.8 1.57368 0
30 1.57368 0
-30 1.67895 0
-28.8 1.67895 0
-27.6 1.67895 0
-26.4 1.67895 0
-25.2 1.67895 0
-24 1.67895 0
-22.8 1.67895 0
-21.6 1.67895 0
-20.4 1.67895 0
-19.2 1.67895 0
-18 1.67895 0
-16.8 1.67895 0
-15.6 1.67895 0
-14.4 1.67895 0
-13.2 1.67895 0
-12 1.67895 0
-10.8 1.67895 0
-9.6 1.67895 0
-8.4 1.67895 0
-7.2 1.67895 0
-6 1.67895 0
-4.8 1.67895 0
-3.6 1.67895 0
-2.4 1.67895 0
-1.2 1.67895 0
0 1.67895 0
1.2 1.67895 2.76069e-07
2.4 1.67895 -5.365e-07
3.6 1.67895 -2.15215e-06
4.8 1.67895 -4.34513e-06
6 1.67895 -7.0173e-06
7.2 1.67895 -1.03076e-05
8.4 1.67895 -1.41869e-05
9.6 1.67895 0
10.8 1.67895 0
12 1.67895 0
13.2 1.67895 0
14.4 1.67895 0
15.6 1.67895 0
16.8 1.67895 0
18 1.67895 0
19.2 1.67895 0
20.4 1.67895 0
21.6 1.67895 0
22.8 1.67895 0
24 1.67895 0
25.2 1.67895 0
26.4 1.67895 0
27.6 1.67895 0
28.8 1.67895 0
30 1.67895 0
-30 1.78421 0
-28.8 1.78421 0
-27.6 1.78421 0
-26.4 1.78421 0
-25.2 1.78421 0
-24 1.78421 0
-22.8 1.78421 0
-21.6 1.78421 0
-20.4 1.78421 0
-19.2 1.78421 0
-18 1.78421 0
-16.8 1.78421 0
-15.6 1.78421 0
-14.4 1.78421 0
-13.2 1.78421 0
-12 1.78421 0
-10.8 1.78421 0
-9.6 1.78421 0
-8.4 1.78421 0
-7.2 1.78421 0
-6 1.78421 0
-4.8 1.78421 0
-3.6 1.78421 0
-2.4 1.78421 0
-1.2 1.78421 0
0 1.78421 0
1.2 1.78421 2.03685e-07
2.4 1.78421 -4.03925e-07
3.6 1.78421 -1.61659e-06
4.8 1.78421 -3.26121e-06
6 1.78421 -5.26317e-06
7.2 1.78421 -7.72883e-06
8.4 1.78421 -1.06377e-05
9.6 1.78421 0
10.8 1.78421 0
12 1.78421 0
13.2 1.78421 0
14.4 1.78421 0
15.6 1.78421 0
16.8 1.78421 0
18 1.78421 0
19.2 1.78421 0
20.4 1.78421 0
21.6 1.78421 0
22.8 1.78421 0
24 1.78421 0
25.2 1.78421 0
26.4 1.78421 0
27.6 1.78421 0
28.8 1.78421 0
30 1.78421 0
-30 1.88947 0
-28.8 1.88947 0
-27.6 1.88947 0
-26.4 1.88947 0
-25.2 1.88947 0
-24 1.88947 0
-22.8 1.88947 0
-21.6 1.88947 0
-20.4 1.88947 0
-19.2 1.88947 0
-18 1.88947 0
-16.8 1.88947 0
-15.6 1.88947 0
-14.4 1.88947 0
-13.2 1.88947 0
-12 1.88947 0
-10.8 1.88947 0
-9.6 1.88947 0
-8.4 1.88947 0
-7.2 1.88947 0
-6 1.88947 0
-4.8 1.88947 0
-3.6 1.88947 0
-2.4 1.88947 0
-1.2 1.88947 0
0 1.88947 0
1.2 1.88947 1.32733e-07
2.4 1.88947 -2.71902e-07
3.6 1.88947 -1.08183e-06
4.8 1.88947 -2.17833e-06
6 1.88947 -3.511e-06
7.2 1.88947 -5.15262e-06
8.4 1.88947 -7.0906e-06
9.6 1.88947 0
10.8 1.88947 0
12 1.88947 0
13.2 1.88947 0
14.4 1.88947 0
15.6 1.88947 0
16.8 1.88947 0
18 1.88947 0
19.2 1.88947 0
20.4 1.88947 0
21.6 1.88947 0
22.8 1.88947 0
24 1.88947 0
25.2 1.88947 0
26.4 1.88947 0
27.6 1.88947 0
28.8 1.88947 0
30 1.88947 0
-30 1.99474 0
-28.8 1.99474 0
-27.6 1.99474 0
-26.4 1.99474 0
-25.2 1.99474 0
-24 1.99474 0
-22.8 1.99474 0
-21.6 1.99474 0
-20.4 1.99474 0
-19.2 1.99474 0
-18 1.99474 0
-16.8 1.99474 0
-15.6 1.99474 0
-14.4 1.99474 0
-13.2 1.99474 0
-12 1.99474 0
-10.8 1.99474 0
-9.6 1.99474 0
-8.4 1.99474 0
-7.2 1.99474 0
-6 1.99474 0
-4.8 1.99474 0
-3.6 1.99474 0
-2.4 1.99474 0
-1.2 1.99474 0
0 1.99474 0
1.2 1.99474 6.29131e-08
2.4 1.99474 -1.40403e-07
3.6 1.99474 -5.47495e-07
4.8 1.99474 -1.09589e-06
6 1.99474 -1.7598e-06
7.2 1.99474 -2.57757e-06
8.4 1.99474 -3.54455e-06
9.6 1.99474 0
10.8 1.99474 0
12 1.99474 0
13.2 1.99474 0
14.4 1.99474 0
15.6 1.99474 0
16.8 1.99474 0
18 1.99474 0
19.2 1.99474 0
20.4 1.99474 0
21.6 1.99474 0
22.8 1.99474 0
24 1.99474 0
25.2 1.99474 0
26.4 1.99474 0
27.6 1.99474 0
28.8 1.99474 0
30 1.99474 0
-30 2.1 0
-28.8 2.1 0
-27.6 2.1 0
-26.4 2.1 0
-25.2 2.1 0
-24 2.1 0
-22.8 2.1 0
-21.6 2.1 0
-20.4 2.1 0
-19.2 2.1 0
-18 2.1 0
-16.8 2.1 0
-15.6 2.1 0
-14.4 2.1 0
-13.2 2.1 0
-12 2.1 0
-10.8 2.1 0
-9.6 2.1 0
-8.4 2.1 0
-7.2 2.1 0
-6 2.1 0
-4.8 2.1 0
-3.6 2.1 0
-2.4 2.1 0
-1.2 2.1 0
0 2.1 0
1.2 2.1 0
2.4 2.1 0
3.6 2.1 0
4.8 2.1 0
6 2.1 0
7.2 2.1 0
8.4 2.1 0
9.6 2.1 0
10.8 2.1 0
12 2.1 0
13.2 2.1 0
14.4 2.1 0
15.6 2.1 0
16.8 2.1 0
18 2.1 0
19.2 2.1 0
20.4 2.1 0
21.6 2.1 0
22.8 2.1 0
24 2.1 0
25.2 2.1 0
26.4 2.1 0
27.6 2.1 0
28.8 2.1 0
30 2.1 0
