-10 0.05 -5.1719e-06
-8.75 0.05 6.56275e-07
-7.5 0.05 9.06274e-06
-6.25 0.05 1.85113e-05
-5 0.05 2.73917e-05
-3.75 0.05 3.43975e-05
-2.5 0.05 3.88152e-05
-1.25 0.05 4.06545e-05
0 0.05 4.05817e-05
1.25 0.05 3.9686e-05
2.5 0.05 3.91473e-05
3.75 0.05 3.9718e-05
5 0.05 4.1547e-05
6.25 0.05 4.41134e-05
7.5 0.05 4.63582e-05
8.75 0.05 4.69757e-05
10 0.05 4.62022e-05
-10 0.102632 -5.05469e-06
-8.75 0.102632 6.20465e-07
-7.5 0.102632 8.89039e-06
-6.25 0.102632 1.82289e-05
-5 0.102632 2.7026e-05
-3.75 0.102632 3.39733e-05
-2.5 0.102632 3.8359e-05
-1.25 0.102632 4.01951e-05
0 0.102632 4.0145e-05
1.25 0.102632 3.92832e-05
2.5 0.102632 3.87648e-05
3.75 0.102632 3.93208e-05
5 0.102632 4.10947e-05
6.25 0.102632 4.35839e-05
7.5 0.102632 4.57687e-05
8.75 0.102632 4.63893e-05
10 0.102632 4.5661e-05
-10 0.155263 -4.92512e-06
-8.75 0.155263 5.74497e-07
-7.5 0.155263 8.67291e-06
-6.25 0.155263 1.7861e-05
-5 0.155263 2.65359e-05
-3.75 0.155263 3.33934e-05
-2.5 0.155263 3.77262e-05
-1.25 0.155263 3.95489e-05
0 0.155263 3.9519e-05
1.25 0.155263 3.86922e-05
2.5 0.155263 3.81947e-05
3.75 0.155263 3.87338e-05
5 0.155263 4.04471e-05
6.25 0.155263 4.28516e-05
7.5 0.155263 4.49691e-05
8.75 0.155263 4.55894e-05
10 0.155263 4.49071e-05
-10 0.207895 -4.782e-06
-8.75 0.207895 5.20294e-07
-7.5 0.207895 8.41225e-06
-6.25 0.207895 1.74089e-05
-5 0.207895 2.59222e-05
-3.75 0.207895 3.2658e-05
-2.5 0.207895 3.69168e-05
-1.25 0.207895 3.87158e-05
0 0.207895 3.87038e-05
1.25 0.207895 3.79133e-05
2.5 0.207895 3.74374e-05
3.75 0.207895 3.79573e-05
5 0.207895 3.96045e-05
6.25 0.207895 4.19169e-05
7.5 0.207895 4.39602e-05
8.75 0.207895 4.45766e-05
10 0.207895 4.39407e-05
-10 0.260526 -4.62416e-06
-8.75 0.260526 4.59794e-07
-7.5 0.260526 8.11038e-06
-6.25 0.260526 1.68742e-05
-5 0.260526 2.51858e-05
-3.75 0.260526 3.17675e-05
-2.5 0.260526 3.59309e-05
-1.25 0.260526 3.76958e-05
0 0.260526 3.76993e-05
1.25 0.260526 3.69465e-05
2.5 0.260526 3.64929e-05
3.75 0.260526 3.69916e-05
5 0.260526 3.85676e-05
6.25 0.260526 4.07806e-05
7.5 0.260526 4.27427e-05
8.75 0.260526 4.33515e-05
10 0.260526 4.27623e-05
-10 0.313158 -4.45049e-06
-8.75 0.313158 3.94945e-07
-7.5 0.313158 7.76933e-06
-6.25 0.313158 1.62584e-05
-5 0.313158 2.43275e-05
-3.75 0.313158 3.0722e-05
-2.5 0.313158 3.47685e-05
-1.25 0.313158 3.64889e-05
0 0.313158 3.65057e-05
1.25 0.313158 3.57919e-05
2.5 0.313158 3.53613e-05
3.75 0.313158 3.58369e-05
5 0.313158 3.73366e-05
6.25 0.313158 3.94433e-05
7.5 0.313158 4.13174e-05
8.75 0.313158 4.19148e-05
10 0.313158 4.13721e-05
-10 0.365789 -4.25991e-06
-8.75 0.365789 3.27701e-07
-7.5 0.365789 7.39116e-06
-6.25 0.365789 1.5563e-05
-5 0.365789 2.33481e-05
-3.75 0.365789 2.95219e-05
-2.5 0.365789 3.34295e-05
-1.25 0.365789 3.50951e-05
0 0.365789 3.51231e-05
1.25 0.365789 3.44496e-05
2.5 0.365789 3.4043e-05
3.75 0.365789 3.44934e-05
5 0.365789 3.59119e-05
6.25 0.365789 3.79056e-05
7.5 0.365789 3.96849e-05
8.75 0.365789 4.02669e-05
10 0.365789 3.97706e-05
-10 0.418421 -4.05139e-06
-8.75 0.418421 2.60028e-07
-7.5 0.418421 6.97794e-06
-6.25 0.418421 1.47897e-05
-5 0.418421 2.22485e-05
-3.75 0.418421 2.81675e-05
-2.5 0.418421 3.19142e-05
-1.25 0.418421 3.35144e-05
0 0.418421 3.35513e-05
1.25 0.418421 3.29198e-05
2.5 0.418421 3.25379e-05
3.75 0.418421 3.29615e-05
5 0.418421 3.42942e-05
6.25 0.418421 3.61682e-05
7.5 0.418421 3.7846e-05
8.75 0.418421 3.84086e-05
10 0.418421 3.7958e-05
-10 0.471053 -3.82395e-06
-8.75 0.471053 1.93894e-07
-7.5 0.471053 6.53182e-06
-6.25 0.471053 1.394e-05
-5 0.471053 2.10296e-05
-3.75 0.471053 2.66591e-05
-2.5 0.471053 3.02223e-05
-1.25 0.471053 3.17468e-05
0 0.471053 3.17906e-05
1.25 0.471053 3.12024e-05
2.5 0.471053 3.08462e-05
3.75 0.471053 3.12413e-05
5 0.471053 3.24836e-05
6.25 0.471053 3.42315e-05
7.5 0.471053 3.58015e-05
8.75 0.471053 3.63405e-05
10 0.471053 3.59349e-05
-10 0.523684 -3.57667e-06
-8.75 0.523684 1.31275e-07
-7.5 0.523684 6.05497e-06
-6.25 0.523684 1.30157e-05
-5 0.523684 1.96923e-05
-3.75 0.523684 2.4997e-05
-2.5 0.523684 2.8354e-05
-1.25 0.523684 2.97923e-05
0 0.523684 2.9841e-05
1.25 0.523684 2.92977e-05
2.5 0.523684 2.89682e-05
3.75 0.523684 2.93332e-05
5 0.523684 3.04806e-05
6.25 0.523684 3.20962e-05
7.5 0.523684 3.35519e-05
8.75 0.523684 3.40631e-05
10 0.523684 3.37016e-05
-10 0.576316 -3.30869e-06
-8.75 0.576316 7.41485e-08
-7.5 0.576316 5.54959e-06
-6.25 0.576316 1.20184e-05
-5 0.576316 1.82375e-05
-3.75 0.576316 2.31815e-05
-2.5 0.576316 2.63094e-05
-1.25 0.576316 2.76508e-05
0 0.576316 2.77024e-05
1.25 0.576316 2.72058e-05
2.5 0.576316 2.69039e-05
3.75 0.576316 2.72373e-05
5 0.576316 2.82857e-05
6.25 0.576316 2.97629e-05
7.5 0.576316 3.1098e-05
8.75 0.576316 3.1577e-05
10 0.576316 3.12586e-05
-10 0.628947 -3.01921e-06
-8.75 0.628947 2.44946e-08
-7.5 0.628947 5.01793e-06
-6.25 0.628947 1.09499e-05
-5 0.628947 1.66662e-05
-3.75 0.628947 2.12128e-05
-2.5 0.628947 2.40883e-05
-1.25 0.628947 2.53224e-05
0 0.628947 2.53751e-05
1.25 0.628947 2.49266e-05
2.5 0.628947 2.46536e-05
3.75 0.628947 2.49539e-05
5 0.628947 2.58992e-05
6.25 0.628947 2.72321e-05
7.5 0.628947 2.84404e-05
8.75 0.628947 2.8883e-05
10 0.628947 2.86064e-05
-10 0.681579 -2.70749e-06
-8.75 0.681579 -1.57082e-08
-7.5 0.681579 4.4623e-06
-6.25 0.681579 9.81192e-06
-5 0.681579 1.49794e-05
-3.75 0.681579 1.90914e-05
-2.5 0.681579 2.16908e-05
-1.25 0.681579 2.2807e-05
0 0.681579 2.28589e-05
1.25 0.681579 2.24605e-05
2.5 0.681579 2.22173e-05
3.75 0.681579 2.24833e-05
5 0.681579 2.33215e-05
6.25 0.681579 2.45045e-05
7.5 0.681579 2.55799e-05
8.75 0.681579 2.59816e-05
10 0.681579 2.57453e-05
-10 0.734211 -2.37287e-06
-8.75 0.734211 -4.44839e-08
-7.5 0.734211 3.88501e-06
-6.25 0.734211 8.60637e-06
-5 0.734211 1.3178e-05
-3.75 0.734211 1.68175e-05
-2.5 0.734211 1.9117e-05
-1.25 0.734211 2.01047e-05
0 0.734211 2.01541e-05
1.25 0.734211 1.98073e-05
2.5 0.734211 1.95952e-05
3.75 0.734211 1.98257e-05
5 0.734211 2.05531e-05
6.25 0.734211 2.15804e-05
7.5 0.734211 2.25171e-05
8.75 0.734211 2.28734e-05
10 0.734211 2.26759e-05
-10 0.786842 -2.01477e-06
-8.75 0.786842 -5.98616e-08
-7.5 0.786842 3.28845e-06
-6.25 0.786842 7.3351e-06
-5 0.786842 1.12629e-05
-3.75 0.786842 1.43913e-05
-2.5 0.786842 1.63667e-05
-1.25 0.786842 1.72153e-05
0 0.786842 1.72606e-05
1.25 0.786842 1.69674e-05
2.5 0.786842 1.67875e-05
3.75 0.786842 1.69813e-05
5 0.786842 1.75942e-05
6.25 0.786842 1.84605e-05
7.5 0.786842 1.92526e-05
8.75 0.786842 1.95592e-05
10 0.786842 1.93987e-05
-10 0.839474 -1.63267e-06
-8.75 0.839474 -5.98779e-08
-7.5 0.839474 2.67503e-06
-6.25 0.839474 6.00003e-06
-5 0.839474 9.23533e-06
-3.75 0.839474 1.18133e-05
-2.5 0.839474 1.34401e-05
-1.25 0.839474 1.4139e-05
0 0.839474 1.41785e-05
1.25 0.839474 1.39408e-05
2.5 0.839474 1.37944e-05
3.75 0.839474 1.39504e-05
5 0.839474 1.44452e-05
6.25 0.839474 1.51454e-05
7.5 0.839474 1.57872e-05
8.75 0.839474 1.60394e-05
10 0.839474 1.59142e-05
-10 0.892105 -1.22617e-06
-8.75 0.892105 -4.25796e-08
-7.5 0.892105 2.04722e-06
-6.25 0.892105 4.60311e-06
-5 0.892105 7.0962e-06
-3.75 0.892105 9.08361e-06
-2.5 0.892105 1.03371e-05
-1.25 0.892105 1.08757e-05
0 0.892105 1.09078e-05
1.25 0.892105 1.07275e-05
2.5 0.892105 1.0616e-05
3.75 0.892105 1.07331e-05
5 0.892105 1.11065e-05
6.25 0.892105 1.16355e-05
7.5 0.892105 1.21214e-05
8.75 0.892105 1.23147e-05
10 0.892105 1.22229e-05
-10 0.944737 -7.94911e-07
-8.75 0.944737 -6.02305e-09
-7.5 0.944737 1.40753e-06
-6.25 0.944737 3.14635e-06
-5 0.944737 4.84661e-06
-3.75 0.944737 6.20268e-06
-2.5 0.944737 7.05764e-06
-1.25 0.944737 7.42534e-06
0 0.944737 7.44875e-06
1.25 0.944737 7.3278e-06
2.5 0.944737 7.25239e-06
3.75 0.944737 7.32987e-06
5 0.944737 7.57859e-06
6.25 0.944737 7.93136e-06
7.5 0.944737 8.25587e-06
8.75 0.944737 8.38571e-06
10 0.944737 8.3253e-06
-10 0.997368 -3.38722e-07
-8.75 0.997368 5.1992e-08
-7.5 0.997368 7.58906e-07
-6.25 0.997368 1.63219e-06
-5 0.997368 2.48783e-06
-3.75 0.997368 3.17084e-06
-2.5 0.997368 3.60182e-06
-1.25 0.997368 3.78795e-06
0 0.997368 3.80125e-06
1.25 0.997368 3.74171e-06
2.5 0.997368 3.70383e-06
3.75 0.997368 3.7408e-06
5 0.997368 3.86172e-06
6.25 0.997368 4.03359e-06
7.5 0.997368 4.19137e-06
8.75 0.997368 4.2532e-06
10 0.997368 4.22195e-06
-10 1.05 -1.42678e-07
-8.75 1.05 -1.63011e-23
-7.5 1.05 1.07868e-23
-6.25 1.05 2.62874e-23
-5 1.05 -1.00612e-22
-3.75 1.05 -3.64001e-23
-2.5 1.05 -1.35272e-22
-1.25 1.05 1.26076e-22
0 1.05 0
1.25 1.05 0
2.5 1.05 -4.1097e-22
3.75 1.05 4.13829e-22
5 1.05 0
6.25 1.05 0
7.5 1.05 0
8.75 1.05 0
10 1.05 0
