-30 0.05 0
-28.8 0.05 0
-27.6 0.05 0
-26.4 0.05 0
-25.2 0.05 0
-24 0.05 0
-22.8 0.05 0
-21.6 0.05 0
-20.4 0.05 0
-19.2 0.05 0
-18 0.05 0
-16.8 0.05 0
-15.6 0.05 0
-14.4 0.05 0
-13.2 0.05 0
-12 0.05 0
-10.8 0.05 -7.45999e-06
-9.6 0.05 -4.02786e-06
-8.4 0.05 2.58504e-06
-7.2 0.05 1.1222e-05
-6 0.05 2.04295e-05
-4.8 0.05 2.87842e-05
-3.6 0.05 3.51994e-05
-2.4 0.05 3.91439e-05
-1.2 0.05 4.07202e-05
0 0.05 4.05817e-05
1.2 0.05 3.97109e-05
2.4 0.05 3.91139e-05
3.6 0.05 3.95155e-05
4.8 0.05 4.11354e-05
6 0.05 4.36048e-05
7.2 0.05 4.60462e-05
8.4 0.05 4.72942e-05
9.6 0.05 4.62022e-05
10.8 0.05 0
12 0.05 0
13.2 0.05 0
14.4 0.05 0
15.6 0.05 0
16.8 0.05 0
18 0.05 0
19.2 0.05 0
20.4 0.05 0
21.6 0.05 0
22.8 0.05 0
24 0.05 0
25.2 0.05 0
26.4 0.05 0
27.6 0.05 0
28.8 0.05 0
30 0.05 0
-30 0.102632 0
-28.8 0.102632 0
-27.6 0.102632 0
-26.4 0.102632 0
-25.2 0.102632 0
-24 0.102632 0
-22.8 0.102632 0
-21.6 0.102632 0
-20.4 0.102632 0
-19.2 0.102632 0
-18 0.102632 0
-16.8 0.102632 0
-15.6 0.102632 0
-14.4 0.102632 0
-13.2 0.102632 0
-12 0.102632 0
-10.8 0.102632 -7.24362e-06
-9.6 0.102632 -3.96022e-06
-8.4 0.102632 2.50663e-06
-7.2 0.102632 1.10183e-05
-6 0.102632 2.01265e-05
-4.8 0.102632 2.84059e-05
-3.6 0.102632 3.47687e-05
-2.4 0.102632 3.86854e-05
-1.2 0.102632 4.02608e-05
0 0.102632 4.0145e-05
1.2 0.102632 3.93071e-05
2.4 0.102632 3.87321e-05
3.6 0.102632 3.91244e-05
4.8 0.102632 4.06957e-05
6 0.102632 4.30898e-05
7.2 0.102632 4.54619e-05
8.4 0.102632 4.66892e-05
9.6 0.102632 4.5661e-05
10.8 0.102632 0
12 0.102632 0
13.2 0.102632 0
14.4 0.102632 0
15.6 0.102632 0
16.8 0.102632 0
18 0.102632 0
19.2 0.102632 0
20.4 0.102632 0
21.6 0.102632 0
22.8 0.102632 0
24 0.102632 0
25.2 0.102632 0
26.4 0.102632 0
27.6 0.102632 0
28.8 0.102632 0
30 0.102632 0
-30 0.155263 0
-28.8 0.155263 0
-27.6 0.155263 0
-26.4 0.155263 0
-25.2 0.155263 0
-24 0.155263 0
-22.8 0.155263 0
-21.6 0.155263 0
-20.4 0.155263 0
-19.2 0.155263 0
-18 0.155263 0
-16.8 0.155263 0
-15.6 0.155263 0
-14.4 0.155263 0
-13.2 0.155263 0
-12 0.155263 0
-10.8 0.155263 -7.00738e-06
-9.6 0.155263 -3.88399e-06
-8.4 0.155263 2.41034e-06
-7.2 0.155263 1.07604e-05
-6 0.155263 1.97296e-05
-4.8 0.155263 2.78972e-05
-3.6 0.155263 3.41786e-05
-2.4 0.155263 3.80487e-05
-1.2 0.155263 3.96141e-05
0 0.155263 3.9519e-05
1.2 0.155263 3.87153e-05
2.4 0.155263 3.8163e-05
3.6 0.155263 3.85441e-05
4.8 0.155263 4.00618e-05
6 0.155263 4.23734e-05
7.2 0.155263 4.46687e-05
8.4 0.155263 4.58703e-05
9.6 0.155263 4.49071e-05
10.8 0.155263 0
12 0.155263 0
13.2 0.155263 0
14.4 0.155263 0
15.6 0.155263 0
16.8 0.155263 0
18 0.155263 0
19.2 0.155263 0
20.4 0.155263 0
21.6 0.155263 0
22.8 0.155263 0
24 0.155263 0
25.2 0.155263 0
26.4 0.155263 0
27.6 0.155263 0
28.8 0.155263 0
30 0.155263 0
-30 0.207895 0
-28.8 0.207895 0
-27.6 0.207895 0
-26.4 0.207895 0
-25.2 0.207895 0
-24 0.207895 0
-22.8 0.207895 0
-21.6 0.207895 0
-20.4 0.207895 0
-19.2 0.207895 0
-18 0.207895 0
-16.8 0.207895 0
-15.6 0.207895 0
-14.4 0.207895 0
-13.2 0.207895 0
-12 0.207895 0
-10.8 0.207895 -6.75081e-06
-9.6 0.207895 -3.79759e-06
-8.4 0.207895 2.29825e-06
-7.2 0.207895 1.04502e-05
-6 0.207895 1.92402e-05
-4.8 0.207895 2.72586e-05
-3.6 0.207895 3.34294e-05
-2.4 0.207895 3.72339e-05
-1.2 0.207895 3.87802e-05
0 0.207895 3.87038e-05
1.2 0.207895 3.79354e-05
2.4 0.207895 3.74067e-05
3.6 0.207895 3.77749e-05
4.8 0.207895 3.92342e-05
6 0.207895 4.14562e-05
7.2 0.207895 4.36674e-05
8.4 0.207895 4.48384e-05
9.6 0.207895 4.39407e-05
10.8 0.207895 0
12 0.207895 0
13.2 0.207895 0
14.4 0.207895 0
15.6 0.207895 0
16.8 0.207895 0
18 0.207895 0
19.2 0.207895 0
20.4 0.207895 0
21.6 0.207895 0
22.8 0.207895 0
24 0.207895 0
25.2 0.207895 0
26.4 0.207895 0
27.6 0.207895 0
28.8 0.207895 0
30 0.207895 0
-30 0.260526 0
-28.8 0.260526 0
-27.6 0.260526 0
-26.4 0.260526 0
-25.2 0.260526 0
-24 0.260526 0
-22.8 0.260526 0
-21.6 0.260526 0
-20.4 0.260526 0
-19.2 0.260526 0
-18 0.260526 0
-16.8 0.260526 0
-15.6 0.260526 0
-14.4 0.260526 0
-13.2 0.260526 0
-12 0.260526 0
-10.8 0.260526 -6.47356e-06
-9.6 0.260526 -3.69946e-06
-8.4 0.260526 2.17243e-06
-7.2 0.260526 1.00897e-05
-6 0.260526 1.86596e-05
-4.8 0.260526 2.6491e-05
-3.6 0.260526 3.25212e-05
-2.4 0.260526 3.62409e-05
-1.2 0.260526 3.7759e-05
0 0.260526 3.76993e-05
1.2 0.260526 3.69675e-05
2.4 0.260526 3.64634e-05
3.6 0.260526 3.68171e-05
4.8 0.260526 3.82133e-05
6 0.260526 4.0339e-05
7.2 0.260526 4.24589e-05
8.4 0.260526 4.35942e-05
9.6 0.260526 4.27623e-05
10.8 0.260526 0
12 0.260526 0
13.2 0.260526 0
14.4 0.260526 0
15.6 0.260526 0
16.8 0.260526 0
18 0.260526 0
19.2 0.260526 0
20.4 0.260526 0
21.6 0.260526 0
22.8 0.260526 0
24 0.260526 0
25.2 0.260526 0
26.4 0.260526 0
27.6 0.260526 0
28.8 0.260526 0
30 0.260526 0
-30 0.313158 0
-28.8 0.313158 0
-27.6 0.313158 0
-26.4 0.313158 0
-25.2 0.313158 0
-24 0.313158 0
-22.8 0.313158 0
-21.6 0.313158 0
-20.4 0.313158 0
-19.2 0.313158 0
-18 0.313158 0
-16.8 0.313158 0
-15.6 0.313158 0
-14.4 0.313158 0
-13.2 0.313158 0
-12 0.313158 0
-10.8 0.313158 -6.17535e-06
-9.6 0.313158 -3.58806e-06
-8.4 0.313158 2.03501e-06
-7.2 0.313158 9.68078e-06
-6 0.313158 1.79894e-05
-4.8 0.313158 2.55951e-05
-3.6 0.313158 3.14544e-05
-2.4 0.313158 3.50698e-05
-1.2 0.313158 3.65506e-05
0 0.313158 3.65057e-05
1.2 0.313158 3.58119e-05
2.4 0.313158 3.53332e-05
3.6 0.313158 3.56708e-05
4.8 0.313158 3.69994e-05
6 0.313158 3.90222e-05
7.2 0.313158 4.10437e-05
8.4 0.313158 4.21382e-05
9.6 0.313158 4.13721e-05
10.8 0.313158 0
12 0.313158 0
13.2 0.313158 0
14.4 0.313158 0
15.6 0.313158 0
16.8 0.313158 0
18 0.313158 0
19.2 0.313158 0
20.4 0.313158 0
21.6 0.313158 0
22.8 0.313158 0
24 0.313158 0
25.2 0.313158 0
26.4 0.313158 0
27.6 0.313158 0
28.8 0.313158 0
30 0.313158 0
-30 0.365789 0
-28.8 0.365789 0
-27.6 0.365789 0
-26.4 0.365789 0
-25.2 0.365789 0
-24 0.365789 0
-22.8 0.365789 0
-21.6 0.365789 0
-20.4 0.365789 0
-19.2 0.365789 0
-18 0.365789 0
-16.8 0.365789 0
-15.6 0.365789 0
-14.4 0.365789 0
-13.2 0.365789 0
-12 0.365789 0
-10.8 0.365789 -5.85597e-06
-9.6 0.365789 -3.46188e-06
-8.4 0.365789 1.88812e-06
-7.2 0.365789 9.2255e-06
-6 0.365789 1.72308e-05
-4.8 0.365789 2.45715e-05
-3.6 0.365789 3.02291e-05
-2.4 0.365789 3.37205e-05
-1.2 0.365789 3.51549e-05
0 0.365789 3.51231e-05
1.2 0.365789 3.44685e-05
2.4 0.365789 3.40163e-05
3.6 0.365789 3.43364e-05
4.8 0.365789 3.55931e-05
6 0.365789 3.75064e-05
7.2 0.365789 3.94228e-05
8.4 0.365789 4.04713e-05
9.6 0.365789 3.97706e-05
10.8 0.365789 0
12 0.365789 0
13.2 0.365789 0
14.4 0.365789 0
15.6 0.365789 0
16.8 0.365789 0
18 0.365789 0
19.2 0.365789 0
20.4 0.365789 0
21.6 0.365789 0
22.8 0.365789 0
24 0.365789 0
25.2 0.365789 0
26.4 0.365789 0
27.6 0.365789 0
28.8 0.365789 0
30 0.365789 0
-30 0.418421 0
-28.8 0.418421 0
-27.6 0.418421 0
-26.4 0.418421 0
-25.2 0.418421 0
-24 0.418421 0
-22.8 0.418421 0
-21.6 0.418421 0
-20.4 0.418421 0
-19.2 0.418421 0
-18 0.418421 0
-16.8 0.418421 0
-15.6 0.418421 0
-14.4 0.418421 0
-13.2 0.418421 0
-12 0.418421 0
-10.8 0.418421 -5.5153e-06
-9.6 0.418421 -3.31943e-06
-8.4 0.418421 1.73392e-06
-7.2 0.418421 8.72595e-06
-6 0.418421 1.63854e-05
-4.8 0.418421 2.34211e-05
-3.6 0.418421 2.88456e-05
-2.4 0.418421 3.21931e-05
-1.2 0.418421 3.35718e-05
0 0.418421 3.35513e-05
1.2 0.418421 3.29375e-05
2.4 0.418421 3.25128e-05
3.6 0.418421 3.28139e-05
4.8 0.418421 3.39945e-05
6 0.418421 3.57923e-05
7.2 0.418421 3.75966e-05
8.4 0.418421 3.85942e-05
9.6 0.418421 3.7958e-05
10.8 0.418421 0
12 0.418421 0
13.2 0.418421 0
14.4 0.418421 0
15.6 0.418421 0
16.8 0.418421 0
18 0.418421 0
19.2 0.418421 0
20.4 0.418421 0
21.6 0.418421 0
22.8 0.418421 0
24 0.418421 0
25.2 0.418421 0
26.4 0.418421 0
27.6 0.418421 0
28.8 0.418421 0
30 0.418421 0
-30 0.471053 0
-28.8 0.471053 0
-27.6 0.471053 0
-26.4 0.471053 0
-25.2 0.471053 0
-24 0.471053 0
-22.8 0.471053 0
-21.6 0.471053 0
-20.4 0.471053 0
-19.2 0.471053 0
-18 0.471053 0
-16.8 0.471053 0
-15.6 0.471053 0
-14.4 0.471053 0
-13.2 0.471053 0
-12 0.471053 0
-10.8 0.471053 -5.15332e-06
-9.6 0.471053 -3.15926e-06
-8.4 0.471053 1.5746e-06
-7.2 0.471053 8.18423e-06
-6 0.471053 1.54547e-05
-4.8 0.471053 2.21445e-05
-3.6 0.471053 2.7304e-05
-2.4 0.471053 3.04876e-05
-1.2 0.471053 3.18015e-05
0 0.471053 3.17906e-05
1.2 0.471053 3.12189e-05
2.4 0.471053 3.08228e-05
3.6 0.471053 3.11038e-05
4.8 0.471053 3.22042e-05
6 0.471053 3.38803e-05
7.2 0.471053 3.55661e-05
8.4 0.471053 3.65075e-05
9.6 0.471053 3.59349e-05
10.8 0.471053 0
12 0.471053 0
13.2 0.471053 0
14.4 0.471053 0
15.6 0.471053 0
16.8 0.471053 0
18 0.471053 0
19.2 0.471053 0
20.4 0.471053 0
21.6 0.471053 0
22.8 0.471053 0
24 0.471053 0
25.2 0.471053 0
26.4 0.471053 0
27.6 0.471053 0
28.8 0.471053 0
30 0.471053 0
-30 0.523684 0
-28.8 0.523684 0
-27.6 0.523684 0
-26.4 0.523684 0
-25.2 0.523684 0
-24 0.523684 0
-22.8 0.523684 0
-21.6 0.523684 0
-20.4 0.523684 0
-19.2 0.523684 0
-18 0.523684 0
-16.8 0.523684 0
-15.6 0.523684 0
-14.4 0.523684 0
-13.2 0.523684 0
-12 0.523684 0
-10.8 0.523684 -4.7701e-06
-9.6 0.523684 -2.97996e-06
-8.4 0.523684 1.41237e-06
-7.2 0.523684 7.6025e-06
-6 0.523684 1.44402e-05
-4.8 0.523684 2.07427e-05
-3.6 0.523684 2.56048e-05
-2.4 0.523684 2.8604e-05
-1.2 0.523684 2.98439e-05
0 0.523684 2.9841e-05
1.2 0.523684 2.9313e-05
2.4 0.523684 2.89465e-05
3.6 0.523684 2.92061e-05
4.8 0.523684 3.02226e-05
6 0.523684 3.17711e-05
7.2 0.523684 3.33319e-05
8.4 0.523684 3.42119e-05
9.6 0.523684 3.37016e-05
10.8 0.523684 0
12 0.523684 0
13.2 0.523684 0
14.4 0.523684 0
15.6 0.523684 0
16.8 0.523684 0
18 0.523684 0
19.2 0.523684 0
20.4 0.523684 0
21.6 0.523684 0
22.8 0.523684 0
24 0.523684 0
25.2 0.523684 0
26.4 0.523684 0
27.6 0.523684 0
28.8 0.523684 0
30 0.523684 0
-30 0.576316 0
-28.8 0.576316 0
-27.6 0.576316 0
-26.4 0.576316 0
-25.2 0.576316 0
-24 0.576316 0
-22.8 0.576316 0
-21.6 0.576316 0
-20.4 0.576316 0
-19.2 0.576316 0
-18 0.576316 0
-16.8 0.576316 0
-15.6 0.576316 0
-14.4 0.576316 0
-13.2 0.576316 0
-12 0.576316 0
-10.8 0.576316 -4.3658e-06
-9.6 0.576316 -2.78013e-06
-8.4 0.576316 1.24944e-06
-7.2 0.576316 6.98297e-06
-6 0.576316 1.33435e-05
-4.8 0.576316 1.92163e-05
-3.6 0.576316 2.37479e-05
-2.4 0.576316 2.65422e-05
-1.2 0.576316 2.7699e-05
0 0.576316 2.77024e-05
1.2 0.576316 2.72197e-05
2.4 0.576316 2.68842e-05
3.6 0.576316 2.71212e-05
4.8 0.576316 2.80498e-05
6 0.576316 2.94651e-05
7.2 0.576316 3.08946e-05
8.4 0.576316 3.17082e-05
9.6 0.576316 3.12586e-05
10.8 0.576316 0
12 0.576316 0
13.2 0.576316 0
14.4 0.576316 0
15.6 0.576316 0
16.8 0.576316 0
18 0.576316 0
19.2 0.576316 0
20.4 0.576316 0
21.6 0.576316 0
22.8 0.576316 0
24 0.576316 0
25.2 0.576316 0
26.4 0.576316 0
27.6 0.576316 0
28.8 0.576316 0
30 0.576316 0
-30 0.628947 0
-28.8 0.628947 0
-27.6 0.628947 0
-26.4 0.628947 0
-25.2 0.628947 0
-24 0.628947 0
-22.8 0.628947 0
-21.6 0.628947 0
-20.4 0.628947 0
-19.2 0.628947 0
-18 0.628947 0
-16.8 0.628947 0
-15.6 0.628947 0
-14.4 0.628947 0
-13.2 0.628947 0
-12 0.628947 0
-10.8 0.628947 -3.9407e-06
-9.6 0.628947 -2.55846e-06
-8.4 0.628947 1.08806e-06
-7.2 0.628947 6.32789e-06
-6 0.628947 1.21662e-05
-4.8 0.628947 1.75663e-05
-3.6 0.628947 2.17338e-05
-2.4 0.628947 2.43023e-05
-1.2 0.628947 2.53667e-05
0 0.628947 2.53751e-05
1.2 0.628947 2.49393e-05
2.4 0.628947 2.46358e-05
3.6 0.628947 2.48493e-05
4.8 0.628947 2.56865e-05
6 0.628947 2.6963e-05
7.2 0.628947 2.82549e-05
8.4 0.628947 2.89969e-05
9.6 0.628947 2.86064e-05
10.8 0.628947 0
12 0.628947 0
13.2 0.628947 0
14.4 0.628947 0
15.6 0.628947 0
16.8 0.628947 0
18 0.628947 0
19.2 0.628947 0
20.4 0.628947 0
21.6 0.628947 0
22.8 0.628947 0
24 0.628947 0
25.2 0.628947 0
26.4 0.628947 0
27.6 0.628947 0
28.8 0.628947 0
30 0.628947 0
-30 0.681579 0
-28.8 0.681579 0
-27.6 0.681579 0
-26.4 0.681579 0
-25.2 0.681579 0
-24 0.681579 0
-22.8 0.681579 0
-21.6 0.681579 0
-20.4 0.681579 0
-19.2 0.681579 0
-18 0.681579 0
-16.8 0.681579 0
-15.6 0.681579 0
-14.4 0.681579 0
-13.2 0.681579 0
-12 0.681579 0
-10.8 0.681579 -3.49516e-06
-9.6 0.681579 -2.31365e-06
-8.4 0.681579 9.30503e-07
-7.2 0.681579 5.63956e-06
-6 0.681579 1.09099e-05
-4.8 0.681579 1.57933e-05
-3.6 0.681579 1.95626e-05
-2.4 0.681579 2.18843e-05
-1.2 0.681579 2.28471e-05
0 0.681579 2.28589e-05
1.2 0.681579 2.24717e-05
2.4 0.681579 2.22015e-05
3.6 0.681579 2.23905e-05
4.8 0.681579 2.31328e-05
6 0.681579 2.42652e-05
7.2 0.681579 2.54136e-05
8.4 0.681579 2.60789e-05
9.6 0.681579 2.57453e-05
10.8 0.681579 0
12 0.681579 0
13.2 0.681579 0
14.4 0.681579 0
15.6 0.681579 0
16.8 0.681579 0
18 0.681579 0
19.2 0.681579 0
20.4 0.681579 0
21.6 0.681579 0
22.8 0.681579 0
24 0.681579 0
25.2 0.681579 0
26.4 0.681579 0
27.6 0.681579 0
28.8 0.681579 0
30 0.681579 0
-30 0.734211 0
-28.8 0.734211 0
-27.6 0.734211 0
-26.4 0.734211 0
-25.2 0.734211 0
-24 0.734211 0
-22.8 0.734211 0
-21.6 0.734211 0
-20.4 0.734211 0
-19.2 0.734211 0
-18 0.734211 0
-16.8 0.734211 0
-15.6 0.734211 0
-14.4 0.734211 0
-13.2 0.734211 0
-12 0.734211 0
-10.8 0.734211 -3.02968e-06
-9.6 0.734211 -2.04446e-06
-8.4 0.734211 7.79036e-07
-7.2 0.734211 4.92033e-06
-6 0.734211 9.57638e-06
-4.8 0.734211 1.38983e-05
-3.6 0.734211 1.72345e-05
-2.4 0.734211 1.92881e-05
-1.2 0.734211 2.01402e-05
0 0.734211 2.01541e-05
1.2 0.734211 1.98172e-05
2.4 0.734211 1.95816e-05
3.6 0.734211 1.97452e-05
4.8 0.734211 2.03892e-05
6 0.734211 2.13723e-05
7.2 0.734211 2.23712e-05
8.4 0.734211 2.29548e-05
9.6 0.734211 2.26759e-05
10.8 0.734211 0
12 0.734211 0
13.2 0.734211 0
14.4 0.734211 0
15.6 0.734211 0
16.8 0.734211 0
18 0.734211 0
19.2 0.734211 0
20.4 0.734211 0
21.6 0.734211 0
22.8 0.734211 0
24 0.734211 0
25.2 0.734211 0
26.4 0.734211 0
27.6 0.734211 0
28.8 0.734211 0
30 0.734211 0
-30 0.786842 0
-28.8 0.786842 0
-27.6 0.786842 0
-26.4 0.786842 0
-25.2 0.786842 0
-24 0.786842 0
-22.8 0.786842 0
-21.6 0.786842 0
-20.4 0.786842 0
-19.2 0.786842 0
-18 0.786842 0
-16.8 0.786842 0
-15.6 0.786842 0
-14.4 0.786842 0
-13.2 0.786842 0
-12 0.786842 0
-10.8 0.786842 -2.54487e-06
-9.6 0.786842 -1.74971e-06
-8.4 0.786842 6.3596e-07
-7.2 0.786842 4.17261e-06
-6 0.786842 8.16734e-06
-4.8 0.786842 1.1882e-05
-3.6 0.786842 1.47498e-05
-2.4 0.786842 1.65137e-05
-1.2 0.786842 1.72458e-05
0 0.786842 1.72606e-05
1.2 0.786842 1.69757e-05
2.4 0.786842 1.67761e-05
3.6 0.786842 1.69135e-05
4.8 0.786842 1.7456e-05
6 0.786842 1.82848e-05
7.2 0.786842 1.91285e-05
8.4 0.786842 1.96252e-05
9.6 0.786842 1.93987e-05
10.8 0.786842 0
12 0.786842 0
13.2 0.786842 0
14.4 0.786842 0
15.6 0.786842 0
16.8 0.786842 0
18 0.786842 0
19.2 0.786842 0
20.4 0.786842 0
21.6 0.786842 0
22.8 0.786842 0
24 0.786842 0
25.2 0.786842 0
26.4 0.786842 0
27.6 0.786842 0
28.8 0.786842 0
30 0.786842 0
-30 0.839474 0
-28.8 0.839474 0
-27.6 0.839474 0
-26.4 0.839474 0
-25.2 0.839474 0
-24 0.839474 0
-22.8 0.839474 0
-21.6 0.839474 0
-20.4 0.839474 0
-19.2 0.839474 0
-18 0.839474 0
-16.8 0.839474 0
-15.6 0.839474 0
-14.4 0.839474 0
-13.2 0.839474 0
-12 0.839474 0
-10.8 0.839474 -2.04144e-06
-9.6 0.839474 -1.42829e-06
-8.4 0.839474 5.03586e-07
-7.2 0.839474 3.39885e-06
-6 0.839474 6.68455e-06
-4.8 0.839474 9.74548e-06
-3.6 0.839474 1.21086e-05
-2.4 0.839474 1.35611e-05
-1.2 0.839474 1.41642e-05
0 0.839474 1.41785e-05
1.2 0.839474 1.39475e-05
2.4 0.839474 1.37852e-05
3.6 0.839474 1.38956e-05
4.8 0.839474 1.43336e-05
6 0.839474 1.50031e-05
7.2 0.839474 1.5686e-05
8.4 0.839474 1.60909e-05
9.6 0.839474 1.59142e-05
10.8 0.839474 0
12 0.839474 0
13.2 0.839474 0
14.4 0.839474 0
15.6 0.839474 0
16.8 0.839474 0
18 0.839474 0
19.2 0.839474 0
20.4 0.839474 0
21.6 0.839474 0
22.8 0.839474 0
24 0.839474 0
25.2 0.839474 0
26.4 0.839474 0
27.6 0.839474 0
28.8 0.839474 0
30 0.839474 0
-30 0.892105 0
-28.8 0.892105 0
-27.6 0.892105 0
-26.4 0.892105 0
-25.2 0.892105 0
-24 0.892105 0
-22.8 0.892105 0
-21.6 0.892105 0
-20.4 0.892105 0
-19.2 0.892105 0
-18 0.892105 0
-16.8 0.892105 0
-15.6 0.892105 0
-14.4 0.892105 0
-13.2 0.892105 0
-12 0.892105 0
-10.8 0.892105 -1.52024e-06
-9.6 0.892105 -1.07913e-06
-8.4 0.892105 3.84236e-07
-7.2 0.892105 2.60155e-06
-6 0.892105 5.12983e-06
-4.8 0.892105 7.48947e-06
-3.6 0.892105 9.31134e-06
-2.4 0.892105 1.04303e-05
-1.2 0.892105 1.08951e-05
0 0.892105 1.09078e-05
1.2 0.892105 1.07327e-05
2.4 0.892105 1.06091e-05
3.6 0.892105 1.06918e-05
4.8 0.892105 1.10223e-05
6 0.892105 1.15279e-05
7.2 0.892105 1.20444e-05
8.4 0.892105 1.23524e-05
9.6 0.892105 1.22229e-05
10.8 0.892105 0
12 0.892105 0
13.2 0.892105 0
14.4 0.892105 0
15.6 0.892105 0
16.8 0.892105 0
18 0.892105 0
19.2 0.892105 0
20.4 0.892105 0
21.6 0.892105 0
22.8 0.892105 0
24 0.892105 0
25.2 0.892105 0
26.4 0.892105 0
27.6 0.892105 0
28.8 0.892105 0
30 0.892105 0
-30 0.944737 0
-28.8 0.944737 0
-27.6 0.944737 0
-26.4 0.944737 0
-25.2 0.944737 0
-24 0.944737 0
-22.8 0.944737 0
-21.6 0.944737 0
-20.4 0.944737 0
-19.2 0.944737 0
-18 0.944737 0
-16.8 0.944737 0
-15.6 0.944737 0
-14.4 0.944737 0
-13.2 0.944737 0
-12 0.944737 0
-10.8 0.944737 -9.82237e-07
-9.6 0.944737 -7.01249e-07
-8.4 0.944737 2.80246e-07
-7.2 0.944737 1.78329e-06
-6 0.944737 3.50506e-06
-4.8 0.944737 5.11492e-06
-3.6 0.944737 6.35807e-06
-2.4 0.944737 7.12123e-06
-1.2 0.944737 7.43857e-06
0 0.944737 7.44875e-06
1.2 0.944737 7.33128e-06
2.4 0.944737 7.24785e-06
3.6 0.944737 7.30237e-06
4.8 0.944737 7.5224e-06
6 0.944737 7.85954e-06
7.2 0.944737 8.2043e-06
8.4 0.944737 8.41059e-06
9.6 0.944737 8.3253e-06
10.8 0.944737 0
12 0.944737 0
13.2 0.944737 0
14.4 0.944737 0
15.6 0.944737 0
16.8 0.944737 0
18 0.944737 0
19.2 0.944737 0
20.4 0.944737 0
21.6 0.944737 0
22.8 0.944737 0
24 0.944737 0
25.2 0.944737 0
26.4 0.944737 0
27.6 0.944737 0
28.8 0.944737 0
30 0.944737 0
-30 0.997368 0
-28.8 0.997368 0
-27.6 0.997368 0
-26.4 0.997368 0
-25.2 0.997368 0
-24 0.997368 0
-22.8 0.997368 0
-21.6 0.997368 0
-20.4 0.997368 0
-19.2 0.997368 0
-18 0.997368 0
-16.8 0.997368 0
-15.6 0.997368 0
-14.4 0.997368 0
-13.2 0.997368 0
-12 0.997368 0
-10.8 0.997368 -4.28858e-07
-9.6 0.997368 -2.93655e-07
-8.4 0.997368 1.94317e-07
-7.2 0.997368 9.47102e-07
-6 0.997368 1.81247e-06
-4.8 0.997368 2.6229e-06
-3.6 0.997368 3.24912e-06
-2.4 0.997368 3.63388e-06
-1.2 0.997368 3.79465e-06
0 0.997368 3.80125e-06
1.2 0.997368 3.74345e-06
2.4 0.997368 3.70168e-06
3.6 0.997368 3.72744e-06
4.8 0.997368 3.83434e-06
6 0.997368 3.99862e-06
7.2 0.997368 4.16647e-06
8.4 0.997368 4.26606e-06
9.6 0.997368 4.22195e-06
10.8 0.997368 0
12 0.997368 0
13.2 0.997368 0
14.4 0.997368 0
15.6 0.997368 0
16.8 0.997368 0
18 0.997368 0
19.2 0.997368 0
20.4 0.997368 0
21.6 0.997368 0
22.8 0.997368 0
24 0.997368 0
25.2 0.997368 0
26.4 0.997368 0
27.6 0.997368 0
28.8 0.997368 0
30 0.997368 0
-30 1.05 0
-28.8 1.05 0
-27.6 1.05 0
-26.4 1.05 0
-25.2 1.05 0
-24 1.05 0
-22.8 1.05 0
-21.6 1.05 0
-20.4 1.05 0
-19.2 1.05 0
-18 1.05 0
-16.8 1.05 0
-15.6 1.05 0
-14.4 1.05 0
-13.2 1.05 0
-12 1.05 0
-10.8 1.05 0
-9.6 1.05 0
-8.4 1.05 0
-7.2 1.05 0
-6 1.05 0
-4.8 1.05 0
-3.6 1.05 0
-2.4 1.05 0
-1.2 1.05 0
0 1.05 0
1.2 1.05 0
2.4 1.05 0
3.6 1.05 0
4.8 1.05 0
6 1.05 0
7.2 1.05 0
8.4 1.05 0
9.6 1.05 0
10.8 1.05 0
12 1.05 0
13.2 1.05 0
14.4 1.05 0
15.6 1.05 0
16.8 1.05 0
18 1.05 0
19.2 1.05 0
20.4 1.05 0
21.6 1.05 0
22.8 1.05 0
24 1.05 0
25.2 1.05 0
26.4 1.05 0
27.6 1.05 0
28.8 1.05 0
30 1.05 0
