0.05 6.98545e-71
0.1 7.62761e-71
0.15 8.25802e-71
0.2 8.60771e-71
0.25 8.86099e-71
0.3 9.02995e-71
0.35 9.14295e-71
0.4 9.21183e-71
0.45 9.24604e-71
0.5 9.25182e-71
0.55 9.23386e-71
0.6 9.19575e-71
0.65 9.14031e-71
0.7 9.06977e-71
0.75 8.98589e-71
0.8 8.89002e-71
0.85 8.78318e-71
0.9 8.66611e-71
0.95 8.53939e-71
1 8.40345e-71
1.05 8.25865e-71
1.1 8.10537e-71
1.15 7.94398e-71
1.2 7.77492e-71
1.25 7.59868e-71
1.3 7.41585e-71
1.35 7.22708e-71
1.4 7.03309e-71
1.45 6.83466e-71
1.5 6.63261e-71
1.55 6.4278e-71
1.6 6.22109e-71
1.65 6.01336e-71
1.7 5.80547e-71
1.75 5.59824e-71
1.8 5.39247e-71
1.85 5.1889e-71
1.9 4.98823e-71
1.95 4.79107e-71
2 4.598e-71
2.05 4.40951e-71
2.1 4.22601e-71
2.15 4.04785e-71
2.2 3.87533e-71
2.25 3.70865e-71
2.3 3.54796e-71
2.35 3.39335e-71
2.4 3.24484e-71
2.45 3.10242e-71
2.5 2.96601e-71
2.55 2.83549e-71
2.6 2.7107e-71
2.65 2.59145e-71
2.7 2.47753e-71
2.75 2.36867e-71
2.8 2.26462e-71
2.85 2.16507e-71
2.9 2.06974e-71
2.95 1.97829e-71
3 1.89041e-71
