0 12.0201 11.872 1492.64
1 12.0201 11.8722 1491.16
2 12.0201 11.8726 1486.74
3 12.0201 11.8734 1479.4
4 12.0201 11.8744 1469.23
5 12.0201 11.8757 1456.31
6 12.0201 11.8772 1440.74
7 12.0201 11.879 1422.67
8 12.0201 11.8811 1402.24
9 12.0201 11.8833 1379.62
10 12.0201 11.8858 1354.99
11 12.0201 11.8884 1328.52
12 12.0201 11.8913 1300.43
13 12.0201 11.8942 1270.9
14 12.0201 11.8973 1240.13
15 12.0201 11.9005 1208.33
16 12.0201 11.9037 1175.68
17 12.0201 11.9071 1142.37
18 12.0201 11.9104 1108.58
19 12.0201 11.9139 1074.48
20 12.0201 11.9173 1040.23
21 12.0201 11.9207 1005.98
22 12.0201 11.9241 971.863
23 12.0201 11.9275 938.009
24 12.0201 11.9309 904.528
25 12.0201 11.9342 871.518
26 12.0201 11.9374 839.069
27 12.0201 11.9406 807.257
28 12.0201 11.9437 776.146
29 12.0201 11.9467 745.792
30 12.0201 11.9497 716.239
31 12.0201 11.9526 687.522
32 12.0201 11.9553 659.67
33 12.0201 11.958 632.7
34 12.0201 11.9607 606.626
35 12.0201 11.9632 581.455
36 12.0201 11.9656 557.187
37 12.0201 11.9679 533.817
38 12.0201 11.9702 511.338
39 12.0201 11.9723 489.738
40 12.0201 11.9744 469.002
41 12.0201 11.9764 449.111
42 12.0201 11.9783 430.047
43 12.0201 11.9801 411.788
44 12.0201 11.9819 394.31
45 12.0201 11.9836 377.591
46 12.0201 11.9852 361.605
47 12.0201 11.9867 346.327
48 12.0201 11.9882 331.732
49 12.0201 11.9895 317.794
50 12.0201 11.9909 304.488
51 12.0201 11.9921 291.789
52 12.0201 11.9934 279.671
53 12.0201 11.9945 268.111
54 12.0201 11.9956 257.084
55 12.0201 11.9967 246.568
56 12.0201 11.9977 236.539
57 12.0201 11.9986 226.977
58 12.0201 11.9995 217.858
59 12.0201 12.0004 209.164
60 12.0201 12.0012 200.875
61 12.0201 12.002 192.971
62 12.0201 12.0028 185.434
63 12.0201 12.0035 178.247
64 12.0201 12.0042 171.393
65 12.0201 12.0048 164.856
66 12.0201 12.0055 158.621
67 12.0201 12.0061 152.673
68 12.0201 12.0066 146.998
69 12.0201 12.0072 141.583
70 12.0201 12.0077 136.416
71 12.0201 12.0082 131.484
72 12.0201 12.0087 126.775
73 12.0201 12.0091 122.279
74 12.0201 12.0095 117.986
75 12.0201 12.0099 113.885
76 12.0201 12.0103 109.967
77 12.0201 12.0107 106.224
78 12.0201 12.0111 102.646
79 12.0201 12.0114 99.2256
80 12.0201 12.0117 95.9555
81 12.0201 12.0121 92.8282
82 12.0201 12.0124 89.8367
83 12.0201 12.0126 86.9746
84 12.0201 12.0129 84.2357
85 12.0201 12.0132 81.614
86 12.0201 12.0134 79.1039
87 12.0201 12.0137 76.7002
88 12.0201 12.0139 74.3978
89 12.0201 12.0141 72.1919
90 12.0201 12.0143 70.078
91 12.0201 12.0145 68.0517
92 12.0201 12.0147 66.109
93 12.0201 12.0149 64.246
94 12.0201 12.0151 62.459
95 12.0201 12.0153 60.7445
96 12.0201 12.0154 59.0992
97 12.0201 12.0156 57.5198
98 12.0201 12.0157 56.0035
99 12.0201 12.0159 54.5473
100 12.0201 12.016 53.1485
101 12.0201 12.0162 51.8045
102 12.0201 12.0163 50.513
103 12.0201 12.0164 49.2715
104 12.0201 12.0165 48.0779
105 12.0201 12.0167 46.93
106 12.0201 12.0168 45.8258
107 12.0201 12.0169 44.7635
108 12.0201 12.017 43.7412
109 12.0201 12.0171 42.7572
110 12.0201 12.0172 41.8098
111 12.0201 12.0173 40.8975
112 12.0201 12.0173 40.0187
113 12.0201 12.0174 39.1721
114 12.0201 12.0175 38.3563
115 12.0201 12.0176 37.57
116 12.0201 12.0177 36.812
117 12.0201 12.0177 36.0811
118 12.0201 12.0178 35.3762
119 12.0201 12.0179 34.6962
120 12.0201 12.0179 34.0401
121 12.0201 12.018 33.4069
122 12.0201 12.0181 32.7957
123 12.0201 12.0181 32.2056
124 12.0201 12.0182 31.6358
125 12.0201 12.0182 31.0855
126 12.0201 12.0183 30.5539
127 12.0201 12.0183 30.0402
128 12.0201 12.0184 29.5438
129 12.0201 12.0184 29.0639
130 12.0201 12.0185 28.6
131 12.0201 12.0185 28.1514
132 12.0201 12.0186 27.7175
133 12.0201 12.0186 27.2978
134 12.0201 12.0187 26.8917
135 12.0201 12.0187 26.4987
136 12.0201 12.0187 26.1184
137 12.0201 12.0188 25.7502
138 12.0201 12.0188 25.3937
139 12.0201 12.0188 25.0485
140 12.0201 12.0189 24.7141
141 12.0201 12.0189 24.3901
142 12.0201 12.0189 24.0763
143 12.0201 12.019 23.7721
144 12.0201 12.019 23.4773
145 12.0201 12.019 23.1915
146 12.0201 12.0191 22.9143
147 12.0201 12.0191 22.6456
148 12.0201 12.0191 22.385
149 12.0201 12.0191 22.1321
150 12.0201 12.0192 21.8868
151 12.0201 12.0192 21.6488
152 12.0201 12.0192 21.4178
153 12.0201 12.0192 21.1935
154 12.0201 12.0192 20.9758
155 12.0201 12.0193 20.7644
156 12.0201 12.0193 20.5591
157 12.0201 12.0193 20.3597
158 12.0201 12.0193 20.166
159 12.0201 12.0193 19.9778
160 12.0201 12.0194 19.7949
161 12.0201 12.0194 19.6171
162 12.0201 12.0194 19.4444
163 12.0201 12.0194 19.2764
164 12.0201 12.0194 19.1131
165 12.0201 12.0195 18.9543
166 12.0201 12.0195 18.7999
167 12.0201 12.0195 18.6496
168 12.0201 12.0195 18.5035
169 12.0201 12.0195 18.3613
170 12.0201 12.0195 18.2229
171 12.0201 12.0195 18.0883
172 12.0201 12.0196 17.9572
173 12.0201 12.0196 17.8296
174 12.0201 12.0196 17.7053
175 12.0201 12.0196 17.5843
176 12.0201 12.0196 17.4665
177 12.0201 12.0196 17.3518
178 12.0201 12.0196 17.24
179 12.0201 12.0196 17.1311
180 12.0201 12.0196 17.0249
181 12.0201 12.0197 16.9215
182 12.0201 12.0197 16.8207
183 12.0201 12.0197 16.7225
184 12.0201 12.0197 16.6267
185 12.0201 12.0197 16.5334
186 12.0201 12.0197 16.4423
187 12.0201 12.0197 16.3535
188 12.0201 12.0197 16.2669
189 12.0201 12.0197 16.1825
190 12.0201 12.0197 16.1001
191 12.0201 12.0197 16.0197
192 12.0201 12.0198 15.9413
193 12.0201 12.0198 15.8647
194 12.0201 12.0198 15.79
195 12.0201 12.0198 15.7171
196 12.0201 12.0198 15.6459
197 12.0201 12.0198 15.5764
198 12.0201 12.0198 15.5085
199 12.0201 12.0198 15.4423
