0.05 8.63271e-63
0.1 8.21786e-63
0.15 7.81205e-63
0.2 7.42376e-63
0.25 7.05365e-63
0.3 6.70056e-63
0.35 6.36303e-63
0.4 6.03964e-63
0.45 5.72913e-63
0.5 5.43044e-63
0.55 5.14266e-63
0.6 4.86502e-63
0.65 4.59687e-63
0.7 4.33769e-63
0.75 4.08702e-63
0.8 3.84448e-63
0.85 3.60976e-63
0.9 3.3826e-63
0.95 3.16276e-63
1 2.95007e-63
1.05 2.74438e-63
1.1 2.54558e-63
1.15 2.35358e-63
1.2 2.16831e-63
1.25 1.98974e-63
1.3 1.81787e-63
1.35 1.65271e-63
1.4 1.4943e-63
1.45 1.3427e-63
1.5 1.19801e-63
1.55 1.06034e-63
1.6 9.29841e-64
1.65 8.06673e-64
1.7 6.91033e-64
1.75 5.83146e-64
1.8 4.83264e-64
1.85 3.91665e-64
1.9 3.08662e-64
1.95 2.34596e-64
2 1.6984e-64
2.05 1.148e-64
2.1 6.99177e-65
2.15 3.56682e-65
2.2 1.25654e-65
2.25 1.16106e-66
2.3 2.04789e-66
2.35 1.5861e-65
2.4 4.328e-65
2.45 8.5032e-65
2.5 1.41893e-64
2.55 2.14693e-64
2.6 3.04316e-64
2.65 4.11706e-64
2.7 5.37868e-64
2.75 6.83876e-64
2.8 8.50871e-64
2.85 1.04007e-63
2.9 1.25278e-63
2.95 1.49037e-63
3 1.75433e-63
3.05 2.04621e-63
3.1 2.3677e-63
3.15 2.72058e-63
3.2 3.10674e-63
3.25 3.52821e-63
3.3 3.98713e-63
3.35 4.48581e-63
3.4 5.02667e-63
3.45 5.61232e-63
3.5 6.24552e-63
3.55 6.92921e-63
3.6 7.6665e-63
3.65 8.46071e-63
3.7 9.31537e-63
3.75 1.02342e-62
3.8 1.12212e-62
3.85 1.22805e-62
3.9 1.34167e-62
3.95 1.46344e-62
4 1.59385e-62
4.05 1.73344e-62
4.1 1.88277e-62
4.15 2.04241e-62
4.2 2.21298e-62
4.25 2.39514e-62
4.3 2.58956e-62
4.35 2.79696e-62
4.4 3.01809e-62
4.45 3.25373e-62
4.5 3.50471e-62
4.55 3.77187e-62
4.6 4.0561e-62
4.65 4.35834e-62
4.7 4.67953e-62
4.75 5.02067e-62
4.8 5.38278e-62
4.85 5.76691e-62
4.9 6.17414e-62
4.95 6.60557e-62
5 7.06234e-62
