-30 0.1 -9.60996e-33
-29.4 0.1 0.00314575
-28.8 0.1 0.0139275
-28.2 0.1 0.0328964
-27.6 0.1 0.0595524
-27 0.1 0.0931593
-26.4 0.1 0.133032
-25.8 0.1 0.17852
-25.2 0.1 0.228934
-24.6 0.1 0.283508
-24 0.1 0.341404
-23.4 0.1 0.401731
-22.8 0.1 0.463563
-22.2 0.1 0.525953
-21.6 0.1 0.58795
-21 0.1 0.648605
-20.4 0.1 0.70699
-19.8 0.1 0.762207
-19.2 0.1 0.813401
-18.6 0.1 0.859776
-18 0.1 0.900602
-17.4 0.1 0.935229
-16.8 0.1 0.963097
-16.2 0.1 0.983748
-15.6 0.1 0.99683
-15 0.1 1.00211
-14.4 0.1 0.999466
-13.8 0.1 0.988917
-13.2 0.1 0.970598
-12.6 0.1 0.944771
-12 0.1 0.911825
-11.4 0.1 0.872265
-10.8 0.1 0.826709
-10.2 0.1 0.775879
-9.6 0.1 0.720584
-9 0.1 0.661715
-8.4 0.1 0.600222
-7.8 0.1 0.537103
-7.2 0.1 0.473382
-6.6 0.1 0.410097
-6 0.1 0.348276
-5.4 0.1 0.288922
-4.8 0.1 0.232992
-4.2 0.1 0.181386
-3.6 0.1 0.134927
-3 0.1 0.094351
-2.4 0.1 0.0602906
-1.8 0.1 0.0332702
-1.2 0.1 0.0136958
-0.6 0.1 0.00185096
0 0.1 -0.00210668
0.6 0.1 0.00185427
1.2 0.1 0.0136403
1.8 0.1 0.0330363
2.4 0.1 0.0597111
3 0.1 0.093224
3.6 0.1 0.133033
4.2 0.1 0.178505
4.8 0.1 0.228924
5.4 0.1 0.283506
6 0.1 0.341405
6.6 0.1 0.401732
7.2 0.1 0.463563
7.8 0.1 0.525953
8.4 0.1 0.587949
9 0.1 0.648604
9.6 0.1 0.70699
10.2 0.1 0.762207
10.8 0.1 0.813401
11.4 0.1 0.859776
12 0.1 0.900602
12.6 0.1 0.935229
13.2 0.1 0.963097
13.8 0.1 0.983748
14.4 0.1 0.99683
15 0.1 1.00211
15.6 0.1 0.999466
16.2 0.1 0.988917
16.8 0.1 0.970598
17.4 0.1 0.944771
18 0.1 0.911825
18.6 0.1 0.872265
19.2 0.1 0.826709
19.8 0.1 0.775879
20.4 0.1 0.720585
21 0.1 0.661715
21.6 0.1 0.600222
22.2 0.1 0.537103
22.8 0.1 0.473382
23.4 0.1 0.410096
24 0.1 0.348276
24.6 0.1 0.288924
25.2 0.1 0.233002
25.8 0.1 0.181401
26.4 0.1 0.134926
27 0.1 0.0942858
27.6 0.1 0.0601316
28.2 0.1 0.0331312
28.8 0.1 0.0139867
29.4 0.1 0.00314837
30 0.1 -9.77109e-33
-30 0.211111 -9.98286e-33
-29.4 0.211111 0.00273089
-28.8 0.211111 0.0126207
-28.2 0.211111 0.0308522
-27.6 0.211111 0.0571835
-27 0.211111 0.0907227
-26.4 0.211111 0.13053
-25.8 0.211111 0.175816
-25.2 0.211111 0.225882
-24.6 0.211111 0.280013
-24 0.211111 0.337425
-23.4 0.211111 0.397263
-22.8 0.211111 0.458632
-22.2 0.211111 0.520618
-21.6 0.211111 0.5823
-21 0.211111 0.642764
-20.4 0.211111 0.701113
-19.8 0.211111 0.756472
-19.2 0.211111 0.808005
-18.6 0.211111 0.85492
-18 0.211111 0.896486
-17.4 0.211111 0.93204
-16.8 0.211111 0.960999
-16.2 0.211111 0.98287
-15.6 0.211111 0.997261
-15 0.211111 1.00389
-14.4 0.211111 1.00258
-13.8 0.211111 0.993305
-13.2 0.211111 0.976138
-12.6 0.211111 0.951298
-12 0.211111 0.919132
-11.4 0.211111 0.880116
-10.8 0.211111 0.834847
-10.2 0.211111 0.784041
-9.6 0.211111 0.728514
-9 0.211111 0.669176
-8.4 0.211111 0.607008
-7.8 0.211111 0.543048
-7.2 0.211111 0.478368
-6.6 0.211111 0.414054
-6 0.211111 0.351185
-5.4 0.211111 0.290813
-4.8 0.211111 0.233937
-4.2 0.211111 0.181491
-3.6 0.211111 0.134322
-3 0.211111 0.0931788
-2.4 0.211111 0.0586969
-1.8 0.211111 0.0313921
-1.2 0.211111 0.0116532
-0.6 0.211111 -0.000260977
0 0.211111 -0.0042225
0.6 0.211111 -0.000232118
1.2 0.211111 0.0115846
1.8 0.211111 0.030983
2.4 0.211111 0.0576071
3 0.211111 0.0909979
3.6 0.211111 0.130603
4.2 0.211111 0.175786
4.8 0.211111 0.22584
5.4 0.211111 0.279992
6 0.211111 0.337422
6.6 0.211111 0.397267
7.2 0.211111 0.458635
7.8 0.211111 0.520619
8.4 0.211111 0.582299
9 0.211111 0.642763
9.6 0.211111 0.701112
10.2 0.211111 0.756472
10.8 0.211111 0.808005
11.4 0.211111 0.85492
12 0.211111 0.896486
12.6 0.211111 0.93204
13.2 0.211111 0.960999
13.8 0.211111 0.98287
14.4 0.211111 0.997261
15 0.211111 1.00389
15.6 0.211111 1.00258
16.2 0.211111 0.993305
16.8 0.211111 0.976138
17.4 0.211111 0.951298
18 0.211111 0.919132
18.6 0.211111 0.880116
19.2 0.211111 0.834847
19.8 0.211111 0.784041
20.4 0.211111 0.728515
21 0.211111 0.669177
21.6 0.211111 0.607009
22.2 0.211111 0.543047
22.8 0.211111 0.478364
23.4 0.211111 0.41405
24 0.211111 0.351188
24.6 0.211111 0.290834
25.2 0.211111 0.23398
25.8 0.211111 0.181521
26.4 0.211111 0.13425
27 0.211111 0.0929028
27.6 0.211111 0.0582716
28.2 0.211111 0.0312644
28.8 0.211111 0.0127045
29.4 0.211111 0.00272529
30 0.211111 -1.03152e-32
-30 0.322222 -1.04825e-32
-29.4 0.322222 0.0023787
-28.8 0.322222 0.0115178
-28.2 0.322222 0.0290119
-27.6 0.322222 0.054876
-27 0.322222 0.0882287
-26.4 0.322222 0.127962
-25.8 0.322222 0.173109
-25.2 0.322222 0.222888
-24.6 0.322222 0.276603
-24 0.322222 0.333528
-23.4 0.322222 0.392868
-22.8 0.322222 0.453768
-22.2 0.322222 0.515343
-21.6 0.322222 0.576701
-21 0.322222 0.636958
-20.4 0.322222 0.695246
-19.8 0.322222 0.750716
-19.2 0.322222 0.80255
-18.6 0.322222 0.849965
-18 0.322222 0.892232
-17.4 0.322222 0.928676
-16.8 0.322222 0.958695
-16.2 0.322222 0.981766
-15.6 0.322222 0.997458
-15 0.322222 1.00544
-14.4 0.322222 1.00549
-13.8 0.322222 0.997522
-13.2 0.322222 0.981556
-12.6 0.322222 0.957759
-12 0.322222 0.926433
-11.4 0.322222 0.888019
-10.8 0.322222 0.84309
-10.2 0.322222 0.792351
-9.6 0.322222 0.736623
-9 0.322222 0.676831
-8.4 0.322222 0.613989
-7.8 0.322222 0.549174
-7.2 0.322222 0.483509
-6.6 0.322222 0.418134
-6 0.322222 0.354183
-5.4 0.322222 0.292757
-4.8 0.322222 0.234904
-4.2 0.322222 0.181591
-3.6 0.322222 0.133694
-3 0.322222 0.0919728
-2.4 0.322222 0.0570657
-1.8 0.322222 0.0294789
-1.2 0.322222 0.009582
-0.6 0.322222 -0.00239254
0 0.322222 -0.00634787
0.6 0.322222 -0.00231808
1.2 0.322222 0.00953851
1.8 0.322222 0.0289476
2.4 0.322222 0.0555285
3 0.322222 0.0888041
3.6 0.322222 0.128212
4.2 0.322222 0.173114
4.8 0.322222 0.222808
5.4 0.322222 0.276539
6 0.322222 0.333504
6.6 0.322222 0.39287
7.2 0.322222 0.453777
7.8 0.322222 0.515348
8.4 0.322222 0.576702
9 0.322222 0.636957
9.6 0.322222 0.695245
10.2 0.322222 0.750715
10.8 0.322222 0.802549
11.4 0.322222 0.849966
12 0.322222 0.892232
12.6 0.322222 0.928677
13.2 0.322222 0.958695
13.8 0.322222 0.981766
14.4 0.322222 0.997458
15 0.322222 1.00544
15.6 0.322222 1.00549
16.2 0.322222 0.997522
16.8 0.322222 0.981556
17.4 0.322222 0.957758
18 0.322222 0.926433
18.6 0.322222 0.888019
19.2 0.322222 0.84309
19.8 0.322222 0.792352
20.4 0.322222 0.736625
21 0.322222 0.676833
21.6 0.322222 0.613989
22.2 0.322222 0.549169
22.8 0.322222 0.4835
23.4 0.322222 0.418131
24 0.322222 0.354204
24.6 0.322222 0.292821
25.2 0.322222 0.234986
25.8 0.322222 0.181591
26.4 0.322222 0.133448
27 0.322222 0.091394
27.6 0.322222 0.0564082
28.2 0.322222 0.0295529
28.8 0.322222 0.0116003
29.4 0.322222 0.00235771
30 0.322222 -1.09828e-32
-30 0.433333 -1.06724e-32
-29.4 0.433333 0.00208243
-28.8 0.433333 0.0105383
-28.2 0.433333 0.0273082
-27.6 0.433333 0.0526503
-27 0.433333 0.0857359
-26.4 0.433333 0.125354
-25.8 0.433333 0.17038
-25.2 0.433333 0.219924
-24.6 0.433333 0.273265
-24 0.433333 0.329719
-23.4 0.433333 0.388556
-22.8 0.433333 0.448975
-22.2 0.433333 0.510129
-21.6 0.433333 0.571152
-21 0.433333 0.631188
-20.4 0.433333 0.689393
-19.8 0.433333 0.744944
-19.2 0.433333 0.797041
-18.6 0.433333 0.844918
-18 0.433333 0.887845
-17.4 0.433333 0.925142
-16.8 0.433333 0.956189
-16.2 0.433333 0.980437
-15.6 0.433333 0.997419
-15 0.433333 1.00676
-14.4 0.433333 1.00819
-13.8 0.433333 1.00156
-13.2 0.433333 0.986839
-12.6 0.433333 0.964141
-12 0.433333 0.933717
-11.4 0.433333 0.895966
-10.8 0.433333 0.851434
-10.2 0.433333 0.800809
-9.6 0.433333 0.744913
-9 0.433333 0.684686
-8.4 0.433333 0.621171
-7.8 0.433333 0.555489
-7.2 0.433333 0.488815
-6.6 0.433333 0.422346
-6 0.433333 0.357274
-5.4 0.433333 0.294758
-4.8 0.433333 0.235892
-4.2 0.433333 0.181687
-3.6 0.433333 0.133041
-3 0.433333 0.0907312
-2.4 0.433333 0.0553954
-1.8 0.433333 0.027529
-1.2 0.433333 0.00748103
-0.6 0.433333 -0.00454436
0 0.433333 -0.00848309
0.6 0.433333 -0.0044037
1.2 0.433333 0.0075021
1.8 0.433333 0.0269301
2.4 0.433333 0.053475
3 0.433333 0.0866424
3.6 0.433333 0.12586
4.2 0.433333 0.170487
4.8 0.433333 0.21983
5.4 0.433333 0.273145
6 0.433333 0.329652
6.6 0.433333 0.388543
7.2 0.433333 0.448988
7.8 0.433333 0.510143
8.4 0.433333 0.571159
9 0.433333 0.631188
9.6 0.433333 0.68939
10.2 0.433333 0.744941
10.8 0.433333 0.797041
11.4 0.433333 0.844918
12 0.433333 0.887845
12.6 0.433333 0.925142
13.2 0.433333 0.956189
13.8 0.433333 0.980437
14.4 0.433333 0.997419
15 0.433333 1.00676
15.6 0.433333 1.00819
16.2 0.433333 1.00156
16.8 0.433333 0.986839
17.4 0.433333 0.964141
18 0.433333 0.933716
18.6 0.433333 0.895966
19.2 0.433333 0.851435
19.8 0.433333 0.800811
20.4 0.433333 0.744916
21 0.433333 0.684687
21.6 0.433333 0.621166
22.2 0.433333 0.555476
22.8 0.433333 0.4888
23.4 0.433333 0.422354
24 0.433333 0.357336
24.6 0.433333 0.294878
25.2 0.433333 0.235995
25.8 0.433333 0.181591
26.4 0.433333 0.132539
27 0.433333 0.0898147
27.6 0.433333 0.0545621
28.2 0.433333 0.0279316
28.8 0.433333 0.0105948
29.4 0.433333 0.00203913
30 0.433333 -1.13391e-32
-30 0.544444 -1.0789e-32
-29.4 0.544444 0.00181868
-28.8 0.544444 0.00964815
-28.2 0.544444 0.0257133
-27.6 0.544444 0.050501
-27 0.544444 0.0832642
-26.4 0.544444 0.122728
-25.8 0.544444 0.167634
-25.2 0.544444 0.216975
-24.6 0.544444 0.269982
-24 0.544444 0.325993
-23.4 0.544444 0.384332
-22.8 0.544444 0.444261
-22.2 0.544444 0.50498
-21.6 0.544444 0.565656
-21 0.544444 0.625454
-20.4 0.544444 0.683556
-19.8 0.544444 0.739159
-19.2 0.544444 0.791487
-18.6 0.544444 0.839785
-18 0.544444 0.883331
-17.4 0.544444 0.921442
-16.8 0.544444 0.953484
-16.2 0.544444 0.978884
-15.6 0.544444 0.997142
-15 0.544444 1.00784
-14.4 0.544444 1.01067
-13.8 0.544444 1.0054
-13.2 0.544444 0.991976
-12.6 0.544444 0.970432
-12 0.544444 0.940972
-11.4 0.544444 0.903949
-10.8 0.544444 0.859874
-10.2 0.544444 0.809414
-9.6 0.544444 0.753387
-9 0.544444 0.692745
-8.4 0.544444 0.628562
-7.8 0.544444 0.562002
-7.2 0.544444 0.494293
-6.6 0.544444 0.426694
-6 0.544444 0.360463
-5.4 0.544444 0.296816
-4.8 0.544444 0.236904
-4.2 0.544444 0.181777
-3.6 0.544444 0.132363
-3 0.544444 0.089452
-2.4 0.544444 0.0536839
-1.8 0.544444 0.0255409
-1.2 0.544444 0.00534925
-0.6 0.544444 -0.00671707
0 0.544444 -0.0106284
0.6 0.544444 -0.00648904
1.2 0.544444 0.00547534
1.8 0.544444 0.0249304
2.4 0.544444 0.0514468
3 0.544444 0.0845125
3.6 0.544444 0.123546
4.2 0.544444 0.167906
4.8 0.544444 0.216904
5.4 0.544444 0.26981
6 0.544444 0.325865
6.6 0.544444 0.384284
7.2 0.544444 0.444268
7.8 0.544444 0.505003
8.4 0.544444 0.565672
9 0.544444 0.625459
9.6 0.544444 0.683553
10.2 0.544444 0.739156
10.8 0.544444 0.791485
11.4 0.544444 0.839785
12 0.544444 0.883332
12.6 0.544444 0.921442
13.2 0.544444 0.953484
13.8 0.544444 0.978884
14.4 0.544444 0.997142
15 0.544444 1.00784
15.6 0.544444 1.01067
16.2 0.544444 1.0054
16.8 0.544444 0.991976
17.4 0.544444 0.970432
18 0.544444 0.940971
18.6 0.544444 0.903949
19.2 0.544444 0.859876
19.8 0.544444 0.809418
20.4 0.544444 0.75339
21 0.544444 0.692743
21.6 0.544444 0.628548
22.2 0.544444 0.561978
22.8 0.544444 0.494279
23.4 0.544444 0.426731
24 0.544444 0.360584
24.6 0.544444 0.296996
25.2 0.544444 0.236996
25.8 0.544444 0.181523
26.4 0.544444 0.131545
27 0.544444 0.0881835
27.6 0.544444 0.052728
28.2 0.544444 0.0263733
28.8 0.544444 0.00965486
29.4 0.544444 0.00174652
30 0.544444 -1.16187e-32
-30 0.655556 -1.08297e-32
-29.4 0.655556 0.00158012
-28.8 0.655556 0.00882552
-28.2 0.655556 0.0242064
-27.6 0.655556 0.0484227
-27 0.655556 0.0808231
-26.4 0.655556 0.120098
-25.8 0.655556 0.164877
-25.2 0.655556 0.214037
-24.6 0.655556 0.266745
-24 0.655556 0.32234
-23.4 0.655556 0.380194
-22.8 0.655556 0.439631
-22.2 0.655556 0.499902
-21.6 0.655556 0.560214
-21 0.655556 0.619759
-20.4 0.655556 0.677737
-19.8 0.655556 0.733368
-19.2 0.655556 0.785893
-18.6 0.655556 0.834575
-18 0.655556 0.8787
-17.4 0.655556 0.917584
-16.8 0.655556 0.950584
-16.2 0.655556 0.977109
-15.6 0.655556 0.996626
-15 0.655556 1.00868
-14.4 0.655556 1.01291
-13.8 0.655556 1.00905
-13.2 0.655556 0.996953
-12.6 0.655556 0.976618
-12 0.655556 0.948186
-11.4 0.655556 0.911957
-10.8 0.655556 0.868402
-10.2 0.655556 0.818162
-9.6 0.655556 0.762046
-9 0.655556 0.701015
-8.4 0.655556 0.63617
-7.8 0.655556 0.56872
-7.2 0.655556 0.499951
-6.6 0.655556 0.431188
-6 0.655556 0.363755
-5.4 0.655556 0.298937
-4.8 0.655556 0.23794
-4.2 0.655556 0.18186
-3.6 0.655556 0.131656
-3 0.655556 0.0881331
-2.4 0.655556 0.0519292
-1.8 0.655556 0.0235129
-1.2 0.655556 0.00318552
-0.6 0.655556 -0.00891131
0 0.655556 -0.0127842
0.6 0.655556 -0.00857414
1.2 0.655556 0.00345832
1.8 0.655556 0.0229487
2.4 0.655556 0.0494435
3 0.655556 0.0824143
3.6 0.655556 0.12127
4.2 0.655556 0.165369
4.8 0.655556 0.214029
5.4 0.655556 0.266533
6 0.655556 0.322142
6.6 0.655556 0.380094
7.2 0.655556 0.439617
7.8 0.655556 0.499929
8.4 0.655556 0.560243
9 0.655556 0.619773
9.6 0.655556 0.677738
10.2 0.655556 0.733363
10.8 0.655556 0.785889
11.4 0.655556 0.834573
12 0.655556 0.878699
12.6 0.655556 0.917585
13.2 0.655556 0.950585
13.8 0.655556 0.977109
14.4 0.655556 0.996626
15 0.655556 1.00868
15.6 0.655556 1.01291
16.2 0.655556 1.00905
16.8 0.655556 0.996952
17.4 0.655556 0.976618
18 0.655556 0.948185
18.6 0.655556 0.911958
19.2 0.655556 0.868406
19.8 0.655556 0.818168
20.4 0.655556 0.762049
21 0.655556 0.701006
21.6 0.655556 0.636144
22.2 0.655556 0.568687
22.8 0.655556 0.499949
23.4 0.655556 0.431271
24 0.655556 0.363949
24.6 0.655556 0.299168
25.2 0.655556 0.237983
25.8 0.655556 0.181393
26.4 0.655556 0.130477
27 0.655556 0.0865085
27.6 0.655556 0.0509003
28.2 0.655556 0.0248579
28.8 0.655556 0.00875924
29.4 0.655556 0.00147279
30 0.655556 -1.18181e-32
-30 0.766667 -1.08261e-32
-29.4 0.766667 0.00136082
-28.8 0.766667 0.00805726
-28.2 0.766667 0.0227735
-27.6 0.766667 0.0464092
-27 0.766667 0.0784169
-26.4 0.766667 0.117474
-25.8 0.766667 0.162115
-25.2 0.766667 0.211108
-24.6 0.766667 0.263546
-24 0.766667 0.318753
-23.4 0.766667 0.376139
-22.8 0.766667 0.435084
-22.2 0.766667 0.494899
-21.6 0.766667 0.554832
-21 0.766667 0.614104
-20.4 0.766667 0.671938
-19.8 0.766667 0.727572
-19.2 0.766667 0.780265
-18.6 0.766667 0.829294
-18 0.766667 0.873958
-17.4 0.766667 0.913575
-16.8 0.766667 0.947497
-16.2 0.766667 0.975115
-15.6 0.766667 0.995872
-15 0.766667 1.00928
-14.4 0.766667 1.01492
-13.8 0.766667 1.01248
-13.2 0.766667 1.00176
-12.6 0.766667 0.982686
-12 0.766667 0.955345
-11.4 0.766667 0.919979
-10.8 0.766667 0.877011
-10.2 0.766667 0.827052
-9.6 0.766667 0.770892
-9 0.766667 0.709501
-8.4 0.766667 0.644004
-7.8 0.766667 0.575655
-7.2 0.766667 0.505799
-6.6 0.766667 0.435834
-6 0.766667 0.367156
-5.4 0.766667 0.301122
-4.8 0.766667 0.239
-4.2 0.766667 0.181936
-3.6 0.766667 0.13092
-3 0.766667 0.0867723
-2.4 0.766667 0.0501293
-1.8 0.766667 0.0214434
-1.2 0.766667 0.000988705
-0.6 0.766667 -0.0111277
0 0.766667 -0.0149505
0.6 0.766667 -0.010659
1.2 0.766667 0.00145111
1.8 0.766667 0.020985
2.4 0.766667 0.0474654
3 0.766667 0.0803475
3.6 0.766667 0.119032
4.2 0.766667 0.162877
4.8 0.766667 0.211205
5.4 0.766667 0.263314
6 0.766667 0.318481
6.6 0.766667 0.375971
7.2 0.766667 0.435035
7.8 0.766667 0.494921
8.4 0.766667 0.554872
9 0.766667 0.614133
9.6 0.766667 0.671948
10.2 0.766667 0.727569
10.8 0.766667 0.780258
11.4 0.766667 0.82929
12 0.766667 0.873956
12.6 0.766667 0.913575
13.2 0.766667 0.947498
13.8 0.766667 0.975116
14.4 0.766667 0.995872
15 0.766667 1.00928
15.6 0.766667 1.01492
16.2 0.766667 1.01248
16.8 0.766667 1.00176
17.4 0.766667 0.982685
18 0.766667 0.955344
18.6 0.766667 0.919981
19.2 0.766667 0.877018
19.8 0.766667 0.827059
20.4 0.766667 0.770891
21 0.766667 0.70948
21.6 0.766667 0.643962
22.2 0.766667 0.575617
22.8 0.766667 0.505822
23.4 0.766667 0.43598
24 0.766667 0.367431
24.6 0.766667 0.301391
25.2 0.766667 0.238956
25.8 0.766667 0.181204
26.4 0.766667 0.129342
27 0.766667 0.0847925
27.6 0.766667 0.0490722
28.2 0.766667 0.0233716
28.8 0.766667 0.00789512
29.4 0.766667 0.00121219
30 0.766667 -1.19684e-32
-30 0.877778 -1.0788e-32
-29.4 0.877778 0.00115721
-28.8 0.877778 0.00733398
-28.2 0.877778 0.0214043
-27.6 0.877778 0.0444549
-27 0.877778 0.0760472
-26.4 0.877778 0.114861
-25.8 0.877778 0.159353
-25.2 0.877778 0.208188
-24.6 0.877778 0.260379
-24 0.877778 0.315227
-23.4 0.877778 0.372163
-22.8 0.877778 0.430623
-22.2 0.877778 0.489973
-21.6 0.877778 0.549513
-21 0.877778 0.608495
-20.4 0.877778 0.666165
-19.8 0.877778 0.721777
-19.2 0.877778 0.774608
-18.6 0.877778 0.82395
-18 0.877778 0.869113
-17.4 0.877778 0.909423
-16.8 0.877778 0.944228
-16.2 0.877778 0.972906
-15.6 0.877778 0.994879
-15 0.877778 1.00962
-14.4 0.877778 1.01668
-13.8 0.877778 1.01568
-13.2 0.877778 1.00637
-12.6 0.877778 0.98862
-12 0.877778 0.962434
-11.4 0.877778 0.928002
-10.8 0.877778 0.885693
-10.2 0.877778 0.836077
-9.6 0.877778 0.779925
-9 0.877778 0.718207
-8.4 0.877778 0.652071
-7.8 0.877778 0.582815
-7.2 0.877778 0.511848
-6.6 0.877778 0.440641
-6 0.877778 0.370673
-5.4 0.877778 0.303376
-4.8 0.877778 0.240087
-4.2 0.877778 0.182004
-3.6 0.877778 0.130152
-3 0.877778 0.0853671
-2.4 0.877778 0.0482819
-1.8 0.877778 0.0193306
-1.2 0.877778 -0.00124241
-0.6 0.877778 -0.0133669
0 0.877778 -0.0171277
0.6 0.877778 -0.0127435
1.2 0.877778 -0.000546121
1.8 0.877778 0.0190393
2.4 0.877778 0.0455122
3 0.877778 0.078312
3.6 0.877778 0.116832
4.2 0.877778 0.160428
4.8 0.877778 0.208431
5.4 0.877778 0.260151
6 0.877778 0.314883
6.6 0.877778 0.371914
7.2 0.877778 0.430521
7.8 0.877778 0.48998
8.4 0.877778 0.549562
9 0.877778 0.60854
9.6 0.877778 0.666186
10.2 0.877778 0.721779
10.8 0.877778 0.7746
11.4 0.877778 0.823942
12 0.877778 0.869109
12.6 0.877778 0.909422
13.2 0.877778 0.944229
13.8 0.877778 0.972908
14.4 0.877778 0.99488
15 0.877778 1.00962
15.6 0.877778 1.01668
16.2 0.877778 1.01568
16.8 0.877778 1.00637
17.4 0.877778 0.988618
18 0.877778 0.962435
18.6 0.877778 0.928007
19.2 0.877778 0.885703
19.8 0.877778 0.836084
20.4 0.877778 0.779917
21 0.877778 0.718171
21.6 0.877778 0.652013
22.2 0.877778 0.582779
22.8 0.877778 0.511909
23.4 0.877778 0.440866
24 0.877778 0.371033
24.6 0.877778 0.303665
25.2 0.877778 0.239917
25.8 0.877778 0.180962
26.4 0.877778 0.128145
27 0.877778 0.083036
27.6 0.877778 0.0472377
28.2 0.877778 0.0219039
28.8 0.877778 0.00705336
29.4 0.877778 0.000961246
30 0.877778 -1.20787e-32
-30 0.988889 -1.07247e-32
-29.4 0.988889 0.000966633
-28.8 0.988889 0.00664891
-28.2 0.988889 0.0200907
-27.6 0.988889 0.0425551
-27 0.988889 0.0737146
-26.4 0.988889 0.112264
-25.8 0.988889 0.156597
-25.2 0.988889 0.205278
-24.6 0.988889 0.257243
-24 0.988889 0.311755
-23.4 0.988889 0.368262
-22.8 0.988889 0.426244
-22.2 0.988889 0.485127
-21.6 0.988889 0.544261
-21 0.988889 0.602935
-20.4 0.988889 0.660419
-19.8 0.988889 0.715986
-19.2 0.988889 0.768926
-18.6 0.988889 0.818548
-18 0.988889 0.864172
-17.4 0.988889 0.905134
-16.8 0.988889 0.940783
-16.2 0.988889 0.970487
-15.6 0.988889 0.993649
-15 0.988889 1.00971
-14.4 0.988889 1.01819
-13.8 0.988889 1.01865
-13.2 0.988889 1.01079
-12.6 0.988889 0.994405
-12 0.988889 0.969439
-11.4 0.988889 0.936013
-10.8 0.988889 0.894437
-10.2 0.988889 0.845233
-9.6 0.988889 0.789146
-9 0.988889 0.727139
-8.4 0.988889 0.660379
-7.8 0.988889 0.590211
-7.2 0.988889 0.518107
-6.6 0.988889 0.445619
-6 0.988889 0.374312
-5.4 0.988889 0.305703
-4.8 0.988889 0.241202
-4.2 0.988889 0.182063
-3.6 0.988889 0.129351
-3 0.988889 0.0839152
-2.4 0.988889 0.0463845
-1.8 0.988889 0.0171725
-1.2 0.988889 -0.00350905
-0.6 0.988889 -0.0156296
0 0.988889 -0.019316
0.6 0.988889 -0.0148277
1.2 0.988889 -0.00253321
1.8 0.988889 0.017112
2.4 0.988889 0.0435841
3 0.988889 0.0763076
3.6 0.988889 0.114668
4.2 0.988889 0.158022
4.8 0.988889 0.205706
5.4 0.988889 0.257043
6 0.988889 0.311347
6.6 0.988889 0.367923
7.2 0.988889 0.426076
7.8 0.988889 0.485106
8.4 0.988889 0.544312
9 0.988889 0.602996
9.6 0.988889 0.660457
10.2 0.988889 0.715996
10.8 0.988889 0.76892
11.4 0.988889 0.818537
12 0.988889 0.864165
12.6 0.988889 0.905132
13.2 0.988889 0.940783
13.8 0.988889 0.970489
14.4 0.988889 0.99365
15 0.988889 1.00971
15.6 0.988889 1.01819
16.2 0.988889 1.01865
16.8 0.988889 1.01079
17.4 0.988889 0.994404
18 0.988889 0.969442
18.6 0.988889 0.936022
19.2 0.988889 0.89445
19.8 0.988889 0.845238
20.4 0.988889 0.789126
21 0.988889 0.727083
21.6 0.988889 0.660307
22.2 0.988889 0.590185
22.8 0.988889 0.518221
23.4 0.988889 0.445935
24 0.988889 0.374757
24.6 0.988889 0.305993
25.2 0.988889 0.240867
25.8 0.988889 0.180668
26.4 0.988889 0.126888
27 0.988889 0.0812378
27.6 0.988889 0.0453912
28.2 0.988889 0.0204468
28.8 0.988889 0.00622727
29.4 0.988889 0.000717386
30 0.988889 -1.21576e-32
-30 1.1 -1.06415e-32
-29.4 1.1 0.000787158
-28.8 1.1 0.00599691
-28.2 1.1 0.0188265
-27.6 1.1 0.0407054
-27 1.1 0.0714187
-26.4 1.1 0.109686
-25.8 1.1 0.153848
-25.2 1.1 0.20238
-24.6 1.1 0.254135
-24 1.1 0.308335
-23.4 1.1 0.364431
-22.8 1.1 0.421947
-22.2 1.1 0.480362
-21.6 1.1 0.539078
-21 1.1 0.597427
-20.4 1.1 0.654705
-19.8 1.1 0.710202
-19.2 1.1 0.763225
-18.6 1.1 0.813094
-18 1.1 0.859143
-17.4 1.1 0.900718
-16.8 1.1 0.937169
-16.2 1.1 0.967862
-15.6 1.1 0.992184
-15 1.1 1.00955
-14.4 1.1 1.01944
-13.8 1.1 1.02138
-13.2 1.1 1.015
-12.6 1.1 1.00003
-12 1.1 0.976345
-11.4 1.1 0.943998
-10.8 1.1 0.903232
-10.2 1.1 0.854514
-9.6 1.1 0.798553
-9 1.1 0.736299
-8.4 1.1 0.668937
-7.8 1.1 0.597853
-7.2 1.1 0.524588
-6.6 1.1 0.450778
-6 1.1 0.378081
-5.4 1.1 0.308106
-4.8 1.1 0.242345
-4.2 1.1 0.182113
-3.6 1.1 0.128515
-3 1.1 0.0824139
-2.4 1.1 0.0444347
-1.8 1.1 0.0149672
-1.2 1.1 -0.0058125
-0.6 1.1 -0.0179163
0 1.1 -0.0215154
0.6 1.1 -0.0169113
1.2 1.1 -0.00450991
1.8 1.1 0.015203
2.4 1.1 0.0416812
3 1.1 0.0743342
3.6 1.1 0.112541
4.2 1.1 0.155658
4.8 1.1 0.20303
5.4 1.1 0.25399
6 1.1 0.30787
6.6 1.1 0.363997
7.2 1.1 0.421698
7.8 1.1 0.480298
8.4 1.1 0.539124
9 1.1 0.597504
9.6 1.1 0.654762
10.2 1.1 0.710226
10.8 1.1 0.763224
11.4 1.1 0.813082
12 1.1 0.859132
12.6 1.1 0.900712
13.2 1.1 0.937168
13.8 1.1 0.967865
14.4 1.1 0.992187
15 1.1 1.00956
15.6 1.1 1.01944
16.2 1.1 1.02138
16.8 1.1 1.01499
17.4 1.1 1.00003
18 1.1 0.976351
18.6 1.1 0.944012
19.2 1.1 0.903247
19.8 1.1 0.854514
20.4 1.1 0.798517
21 1.1 0.736222
21.6 1.1 0.668853
22.2 1.1 0.597847
22.8 1.1 0.524769
23.4 1.1 0.451195
24 1.1 0.378609
24.6 1.1 0.308376
25.2 1.1 0.24181
25.8 1.1 0.180326
26.4 1.1 0.125573
27 1.1 0.0793959
27.6 1.1 0.0435274
28.2 1.1 0.0189936
28.8 1.1 0.00541169
29.4 1.1 0.000478713
30 1.1 -1.22101e-32
