-10 0.05 -0.00997183
-8.75 0.05 0.00598879
-7.5 0.05 0.0204032
-6.25 0.05 0.0333008
-5 0.05 0.0449434
-3.75 0.05 0.0543683
-2.5 0.05 0.0597359
-1.25 0.05 0.0603437
0 0.05 0.0583798
1.25 0.05 0.0577486
2.5 0.05 0.0592373
3.75 0.05 0.0592022
5 0.05 0.0553654
6.25 0.05 0.0532825
7.5 0.05 0.0628382
8.75 0.05 0.0853497
10 0.05 0.10313
-10 0.100505 -0.0102431
-8.75 0.100505 0.00559766
-7.5 0.100505 0.0200803
-6.25 0.100505 0.0330427
-5 0.100505 0.0447312
-3.75 0.100505 0.0542028
-2.5 0.100505 0.0596347
-1.25 0.100505 0.0603043
0 0.100505 0.05835
1.25 0.100505 0.0576726
2.5 0.100505 0.0591632
3.75 0.100505 0.0592695
5 0.100505 0.0556049
6.25 0.100505 0.0534362
7.5 0.100505 0.0625196
8.75 0.100505 0.0844983
10 0.100505 0.102094
-10 0.15101 -0.0102159
-8.75 0.15101 0.00520548
-7.5 0.15101 0.0197529
-6.25 0.15101 0.0327786
-5 0.15101 0.0445118
-3.75 0.15101 0.0540286
-2.5 0.15101 0.0595236
-1.25 0.15101 0.0602545
0 0.15101 0.0583115
1.25 0.15101 0.0575893
2.5 0.15101 0.0590795
3.75 0.15101 0.0593211
5 0.15101 0.055826
6.25 0.15101 0.0535802
7.5 0.15101 0.0622066
8.75 0.15101 0.0836545
10 0.15101 0.101055
-10 0.201515 -0.0106032
-8.75 0.201515 0.00481247
-7.5 0.201515 0.0194211
-6.25 0.201515 0.0325084
-5 0.201515 0.0442851
-3.75 0.201515 0.0538457
-2.5 0.201515 0.0594024
-1.25 0.201515 0.0601945
0 0.201515 0.0582641
1.25 0.201515 0.0574986
2.5 0.201515 0.0589863
3.75 0.201515 0.0593572
5 0.201515 0.0560288
6.25 0.201515 0.0537143
7.5 0.201515 0.0618987
8.75 0.201515 0.0828185
10 0.201515 0.100012
-10 0.25202 -0.0105762
-8.75 0.25202 0.00441887
-7.5 0.25202 0.019085
-6.25 0.25202 0.0322322
-5 0.25202 0.0440512
-3.75 0.25202 0.0536542
-2.5 0.25202 0.0592712
-1.25 0.25202 0.0601242
0 0.25202 0.0582078
1.25 0.25202 0.0574004
2.5 0.25202 0.0588836
3.75 0.25202 0.0593781
5 0.25202 0.0562134
6.25 0.25202 0.0538382
7.5 0.25202 0.0615953
8.75 0.25202 0.0819903
10 0.25202 0.0989681
-10 0.302525 -0.0101344
-8.75 0.302525 0.00402492
-7.5 0.302525 0.0187447
-6.25 0.302525 0.0319501
-5 0.302525 0.0438102
-3.75 0.302525 0.0534542
-2.5 0.302525 0.0591301
-1.25 0.302525 0.0600435
0 0.302525 0.0581426
1.25 0.302525 0.0572947
2.5 0.302525 0.0587716
3.75 0.302525 0.0593839
5 0.302525 0.0563799
6.25 0.302525 0.0539516
7.5 0.302525 0.0612959
8.75 0.302525 0.0811698
10 0.302525 0.0979226
-10 0.35303 -0.0101072
-8.75 0.35303 0.00363084
-7.5 0.35303 0.0184003
-6.25 0.35303 0.0316621
-5 0.35303 0.043562
-3.75 0.35303 0.0532456
-2.5 0.35303 0.058979
-1.25 0.35303 0.0599525
0 0.35303 0.0580682
1.25 0.35303 0.0571814
2.5 0.35303 0.0586501
3.75 0.35303 0.0593748
5 0.35303 0.0565284
6.25 0.35303 0.0540543
7.5 0.35303 0.0609999
8.75 0.35303 0.080357
10 0.35303 0.0968765
-10 0.403535 -0.0109037
-8.75 0.403535 0.00323689
-7.5 0.403535 0.0180519
-6.25 0.403535 0.0313683
-5 0.403535 0.0433068
-3.75 0.403535 0.0530284
-2.5 0.403535 0.0588179
-1.25 0.403535 0.0598511
0 0.403535 0.0579847
1.25 0.403535 0.0570604
2.5 0.403535 0.0585193
3.75 0.403535 0.0593508
5 0.403535 0.0566589
6.25 0.403535 0.0541459
7.5 0.403535 0.0607069
8.75 0.403535 0.0795518
10 0.403535 0.0958306
-10 0.45404 -0.0104681
-8.75 0.45404 0.00284332
-7.5 0.45404 0.0176997
-6.25 0.45404 0.0310688
-5 0.45404 0.0430445
-3.75 0.45404 0.0528027
-2.5 0.45404 0.0586468
-1.25 0.45404 0.0597392
0 0.45404 0.057892
1.25 0.45404 0.0569317
2.5 0.45404 0.0583792
3.75 0.45404 0.0593122
5 0.45404 0.0567717
6.25 0.45404 0.0542262
7.5 0.45404 0.0604163
8.75 0.45404 0.0787541
10 0.45404 0.0947854
-10 0.504545 -0.0100257
-8.75 0.504545 0.00245038
-7.5 0.504545 0.0173439
-6.25 0.504545 0.0307636
-5 0.504545 0.0427752
-3.75 0.504545 0.0525686
-2.5 0.504545 0.0584659
-1.25 0.504545 0.0596169
0 0.504545 0.0577899
1.25 0.504545 0.0567951
2.5 0.504545 0.0582297
3.75 0.504545 0.0592592
5 0.504545 0.0568667
6.25 0.504545 0.054295
7.5 0.504545 0.0601275
8.75 0.504545 0.0779638
10 0.504545 0.0937416
-10 0.555051 -0.00999849
-8.75 0.555051 0.00205833
-7.5 0.555051 0.0169845
-6.25 0.555051 0.0304528
-5 0.555051 0.0424989
-3.75 0.555051 0.0523259
-2.5 0.555051 0.0582749
-1.25 0.555051 0.0594842
0 0.555051 0.0576785
1.25 0.555051 0.0566506
2.5 0.555051 0.058071
3.75 0.555051 0.0591918
5 0.555051 0.0569442
6.25 0.555051 0.0543521
7.5 0.555051 0.05984
8.75 0.555051 0.0771806
10 0.555051 0.0926995
-10 0.605556 -0.0099713
-8.75 0.605556 0.00166743
-7.5 0.605556 0.0166217
-6.25 0.605556 0.0301365
-5 0.605556 0.0422158
-3.75 0.605556 0.0520749
-2.5 0.605556 0.0580741
-1.25 0.605556 0.0593409
0 0.605556 0.0575577
1.25 0.605556 0.0564982
2.5 0.605556 0.0579029
3.75 0.605556 0.0591102
5 0.605556 0.0570042
6.25 0.605556 0.0543972
7.5 0.605556 0.0595534
8.75 0.605556 0.0764045
10 0.605556 0.0916598
-10 0.656061 -0.01036
-8.75 0.656061 0.00127794
-7.5 0.656061 0.0162557
-6.25 0.656061 0.0298147
-5 0.656061 0.0419257
-3.75 0.656061 0.0518154
-2.5 0.656061 0.0578633
-1.25 0.656061 0.0591871
0 0.656061 0.0574274
1.25 0.656061 0.0563377
2.5 0.656061 0.0577255
3.75 0.656061 0.0590145
5 0.656061 0.0570469
6.25 0.656061 0.0544302
7.5 0.656061 0.0592671
8.75 0.656061 0.0756352
10 0.656061 0.0906227
-10 0.706566 -0.0107427
-8.75 0.706566 0.000890143
-7.5 0.706566 0.0158865
-6.25 0.706566 0.0294875
-5 0.706566 0.0416288
-3.75 0.706566 0.0515475
-2.5 0.706566 0.0576425
-1.25 0.706566 0.0590227
0 0.706566 0.0572875
1.25 0.706566 0.056169
2.5 0.706566 0.0575388
3.75 0.706566 0.0589049
5 0.706566 0.0570723
6.25 0.706566 0.0544509
7.5 0.706566 0.0589805
8.75 0.706566 0.0748724
10 0.706566 0.0895886
-10 0.757071 -0.00988976
-8.75 0.757071 0.000504307
-7.5 0.757071 0.0155144
-6.25 0.757071 0.029155
-5 0.757071 0.0413251
-3.75 0.757071 0.0512712
-2.5 0.757071 0.0574118
-1.25 0.757071 0.0588477
0 0.757071 0.0571379
1.25 0.757071 0.0559922
2.5 0.757071 0.0573428
3.75 0.757071 0.0587814
5 0.757071 0.0570806
6.25 0.757071 0.054459
7.5 0.757071 0.0586934
8.75 0.757071 0.074116
10 0.757071 0.0885578
-10 0.807576 -0.00986257
-8.75 0.807576 0.00012071
-7.5 0.807576 0.0151396
-6.25 0.807576 0.0288173
-5 0.807576 0.0410147
-3.75 0.807576 0.0509866
-2.5 0.807576 0.0571712
-1.25 0.807576 0.0586621
0 0.807576 0.0569787
1.25 0.807576 0.055807
2.5 0.807576 0.0571375
3.75 0.807576 0.0586442
5 0.807576 0.057072
6.25 0.807576 0.0544545
7.5 0.807576 0.058405
8.75 0.807576 0.0733656
10 0.807576 0.0875306
-10 0.858081 -0.0177826
-8.75 0.858081 -0.000260365
-7.5 0.858081 0.0147621
-6.25 0.858081 0.0284744
-5 0.858081 0.0406975
-3.75 0.858081 0.0506936
-2.5 0.858081 0.0569206
-1.25 0.858081 0.0584658
0 0.858081 0.0568097
1.25 0.858081 0.0556135
2.5 0.858081 0.0569228
3.75 0.858081 0.0584934
5 0.858081 0.0570464
6.25 0.858081 0.0544372
7.5 0.858081 0.0581151
8.75 0.858081 0.072621
10 0.858081 0.0865072
-10 0.908586 -0.0178397
-8.75 0.908586 -0.000638634
-7.5 0.908586 0.0143822
-6.25 0.908586 0.0281265
-5 0.908586 0.0403737
-3.75 0.908586 0.0503924
-2.5 0.908586 0.0566601
-1.25 0.908586 0.0582589
0 0.908586 0.0566308
1.25 0.908586 0.0554115
2.5 0.908586 0.0566987
3.75 0.908586 0.0583291
5 0.908586 0.0570041
6.25 0.908586 0.054407
7.5 0.908586 0.057823
8.75 0.908586 0.0718819
10 0.908586 0.0854878
-10 0.959091 -0.017882
-8.75 0.959091 -0.00101381
-7.5 0.959091 0.014
-6.25 0.959091 0.0277735
-5 0.959091 0.0400433
-3.75 0.959091 0.0500828
-2.5 0.959091 0.0563897
-1.25 0.959091 0.0580412
0 0.959091 0.056442
1.25 0.959091 0.055201
2.5 0.959091 0.0564652
3.75 0.959091 0.0581513
5 0.959091 0.0569451
6.25 0.959091 0.0543636
7.5 0.959091 0.0575285
8.75 0.959091 0.0711479
10 0.959091 0.0844725
-10 1.0096 -0.0179093
-8.75 1.0096 -0.00138559
-7.5 1.0096 0.0136158
-6.25 1.0096 0.0274157
-5 1.0096 0.0397063
-3.75 1.0096 0.049765
-2.5 1.0096 0.0561092
-1.25 1.0096 0.0578127
0 1.0096 0.0562432
1.25 1.0096 0.0549819
2.5 1.0096 0.0562222
3.75 1.0096 0.0579603
5 1.0096 0.0568695
6.25 1.0096 0.054307
7.5 1.0096 0.057231
8.75 1.0096 0.0704188
10 1.0096 0.0834613
-10 1.0601 -0.0179216
-8.75 1.0601 -0.00175369
-7.5 1.0601 0.0132296
-6.25 1.0601 0.0270531
-5 1.0601 0.0393627
-3.75 1.0601 0.049439
-2.5 1.0601 0.0558189
-1.25 1.0601 0.0575734
0 1.0601 0.0560344
1.25 1.0601 0.054754
2.5 1.0601 0.0559698
3.75 1.0601 0.0577559
5 1.0601 0.0567775
6.25 1.0601 0.0542372
7.5 1.0601 0.0569302
8.75 1.0601 0.0696943
10 1.0601 0.0824545
-10 1.11061 -0.0179187
-8.75 1.11061 -0.00211781
-7.5 1.11061 0.0128417
-6.25 1.11061 0.0266858
-5 1.11061 0.0390127
-3.75 1.11061 0.0491047
-2.5 1.11061 0.0555185
-1.25 1.11061 0.0573233
0 1.11061 0.0558155
1.25 1.11061 0.0545174
2.5 1.11061 0.055708
3.75 1.11061 0.0575384
5 1.11061 0.0566691
6.25 1.11061 0.0541538
7.5 1.11061 0.0566255
8.75 1.11061 0.0689738
10 1.11061 0.0814519
-10 1.16111 -0.0179005
-8.75 1.16111 -0.00247765
-7.5 1.16111 0.0124523
-6.25 1.16111 0.0263139
-5 1.16111 0.0386563
-3.75 1.16111 0.0487623
-2.5 1.16111 0.0552082
-1.25 1.16111 0.0570623
0 1.16111 0.0555863
1.25 1.16111 0.0542719
2.5 1.16111 0.0554365
3.75 1.16111 0.0573077
5 1.16111 0.0565445
6.25 1.16111 0.054057
7.5 1.16111 0.0563168
8.75 1.16111 0.0682572
10 1.16111 0.0804536
-10 1.21162 -0.0178669
-8.75 1.21162 -0.0028329
-7.5 1.21162 0.0120616
-6.25 1.21162 0.0259374
-5 1.21162 0.0382934
-3.75 1.21162 0.0484117
-2.5 1.21162 0.054888
-1.25 1.21162 0.0567904
0 1.21162 0.0553469
1.25 1.21162 0.0540174
2.5 1.21162 0.0551555
3.75 1.21162 0.057064
5 1.21162 0.0564037
6.25 1.21162 0.0539465
7.5 1.21162 0.0560034
8.75 1.21162 0.0675441
10 1.21162 0.0794596
-10 1.26212 -0.0178178
-8.75 1.26212 -0.00318325
-7.5 1.26212 0.0116698
-6.25 1.26212 0.0255566
-5 1.26212 0.0379243
-3.75 1.26212 0.0480529
-2.5 1.26212 0.0545577
-1.25 1.26212 0.0565075
0 1.26212 0.0550971
1.25 1.26212 0.0537539
2.5 1.26212 0.0548649
3.75 1.26212 0.0568074
5 1.26212 0.0562468
6.25 1.26212 0.0538223
7.5 1.26212 0.0556852
8.75 1.26212 0.0668341
10 1.26212 0.0784697
-10 1.31263 -0.0177533
-8.75 1.31263 -0.0035284
-7.5 1.31263 0.0112771
-6.25 1.31263 0.0251715
-5 1.31263 0.0375488
-3.75 1.31263 0.047686
-2.5 1.31263 0.0542175
-1.25 1.31263 0.0562136
0 1.31263 0.054837
1.25 1.31263 0.0534812
2.5 1.31263 0.0545647
3.75 1.31263 0.0565377
5 1.31263 0.0560739
6.25 1.31263 0.0536844
7.5 1.31263 0.0553617
8.75 1.31263 0.0661268
10 1.31263 0.0774839
-10 1.36313 -0.0176733
-8.75 1.36313 -0.00386804
-7.5 1.36313 0.0108836
-6.25 1.36313 0.0247822
-5 1.36313 0.0371671
-3.75 1.36313 0.047311
-2.5 1.36313 0.0538673
-1.25 1.36313 0.0559087
0 1.36313 0.0545663
1.25 1.36313 0.0531993
2.5 1.36313 0.0542548
3.75 1.36313 0.0562552
5 1.36313 0.0558851
6.25 1.36313 0.0535325
7.5 1.36313 0.0550326
8.75 1.36313 0.0654219
10 1.36313 0.0765021
-10 1.41364 -0.0175777
-8.75 1.41364 -0.00420186
-7.5 1.41364 0.0104898
-6.25 1.41364 0.0243888
-5 1.41364 0.0367792
-3.75 1.41364 0.0469279
-2.5 1.41364 0.0535071
-1.25 1.41364 0.0555927
0 1.41364 0.054285
1.25 1.41364 0.0529081
2.5 1.41364 0.0539351
3.75 1.41364 0.0559598
5 1.41364 0.0556805
6.25 1.41364 0.0533667
7.5 1.41364 0.0546976
8.75 1.41364 0.064719
10 1.41364 0.0755241
-10 1.46414 -0.0174666
-8.75 1.46414 -0.00452953
-7.5 1.46414 0.0100956
-6.25 1.46414 0.0239915
-5 1.46414 0.0363852
-3.75 1.46414 0.0465368
-2.5 1.46414 0.0531369
-1.25 1.46414 0.0552656
0 1.46414 0.0539931
1.25 1.46414 0.0526075
2.5 1.46414 0.0536057
3.75 1.46414 0.0556516
5 1.46414 0.05546
6.25 1.46414 0.053187
7.5 1.46414 0.0543563
8.75 1.46414 0.0640177
10 1.46414 0.0745498
-10 1.51465 -0.0173401
-8.75 1.51465 -0.00485075
-7.5 1.51465 0.00970152
-6.25 1.51465 0.0235903
-5 1.51465 0.0359852
-3.75 1.51465 0.0461376
-2.5 1.51465 0.0527567
-1.25 1.51465 0.0549273
0 1.51465 0.0536904
1.25 1.51465 0.0522974
2.5 1.51465 0.0532664
3.75 1.51465 0.0553307
5 1.51465 0.0552239
6.25 1.51465 0.0529931
7.5 1.51465 0.0540084
8.75 1.51465 0.0633178
10 1.51465 0.0735789
-10 1.56515 -0.0171981
-8.75 1.56515 -0.0051652
-7.5 1.56515 0.00930763
-6.25 1.56515 0.0231855
-5 1.56515 0.0355791
-3.75 1.56515 0.0457304
-2.5 1.56515 0.0523665
-1.25 1.56515 0.0545778
0 1.56515 0.0533769
1.25 1.56515 0.0519778
2.5 1.56515 0.0529173
3.75 1.56515 0.054997
5 1.56515 0.0549721
6.25 1.56515 0.0527851
7.5 1.56515 0.0536537
8.75 1.56515 0.0626187
10 1.56515 0.0726114
-10 1.61566 -0.0170409
-8.75 1.61566 -0.00547256
-7.5 1.61566 0.00891421
-6.25 1.61566 0.022777
-5 1.61566 0.0351671
-3.75 1.61566 0.0453152
-2.5 1.61566 0.0519662
-1.25 1.61566 0.054217
0 1.61566 0.0530525
1.25 1.61566 0.0516484
2.5 1.61566 0.0525583
3.75 1.61566 0.0546506
5 1.61566 0.0547047
6.25 1.61566 0.0525629
7.5 1.61566 0.0532918
8.75 1.61566 0.0619202
10 1.61566 0.0716469
-10 1.66616 -0.0168684
-8.75 1.66616 -0.00577252
-7.5 1.66616 0.0085215
-6.25 1.66616 0.0223652
-5 1.66616 0.0347491
-3.75 1.66616 0.044892
-2.5 1.66616 0.0515559
-1.25 1.66616 0.0538449
0 1.66616 0.0527171
1.25 1.66616 0.0513093
2.5 1.66616 0.0521892
3.75 1.66616 0.0542914
5 1.66616 0.0544217
6.25 1.66616 0.0523265
7.5 1.66616 0.0529225
8.75 1.66616 0.0612219
10 1.66616 0.0706852
-10 1.71667 -0.0166808
-8.75 1.71667 -0.00606475
-7.5 1.71667 0.00812977
-6.25 1.71667 0.02195
-5 1.71667 0.0343254
-3.75 1.71667 0.0444609
-2.5 1.71667 0.0511356
-1.25 1.71667 0.0534615
0 1.71667 0.0523706
1.25 1.71667 0.0509603
2.5 1.71667 0.0518102
3.75 1.71667 0.0539197
5 1.71667 0.0541232
6.25 1.71667 0.0520757
7.5 1.71667 0.0525456
8.75 1.71667 0.0605234
10 1.71667 0.0697262
-10 1.76717 -0.0164783
-8.75 1.76717 -0.00634894
-7.5 1.76717 0.00773928
-6.25 1.76717 0.0215317
-5 1.76717 0.0338958
-3.75 1.76717 0.0440218
-2.5 1.76717 0.0507053
-1.25 1.76717 0.0530667
0 1.76717 0.052013
1.25 1.76717 0.0506014
2.5 1.76717 0.0514211
3.75 1.76717 0.0535352
5 1.76717 0.0538092
6.25 1.76717 0.0518106
7.5 1.76717 0.0521606
8.75 1.76717 0.0598245
10 1.76717 0.0687695
-10 1.81768 -0.0162611
-8.75 1.81768 -0.00662477
-7.5 1.81768 0.00735028
-6.25 1.81768 0.0211104
-5 1.81768 0.0334606
-3.75 1.81768 0.0435749
-2.5 1.81768 0.0502649
-1.25 1.81768 0.0526604
0 1.81768 0.0516441
1.25 1.81768 0.0502323
2.5 1.81768 0.0510219
3.75 1.81768 0.0531381
5 1.81768 0.0534798
6.25 1.81768 0.0515311
7.5 1.81768 0.0517675
8.75 1.81768 0.0591247
10 1.81768 0.0678149
-10 1.86818 -0.0160294
-8.75 1.86818 -0.00689194
-7.5 1.86818 0.00696304
-6.25 1.86818 0.0206862
-5 1.86818 0.0330197
-3.75 1.86818 0.04312
-2.5 1.86818 0.0498144
-1.25 1.86818 0.0522426
0 1.86818 0.0512638
1.25 1.86818 0.0498532
2.5 1.86818 0.0506124
3.75 1.86818 0.0527284
5 1.86818 0.053135
6.25 1.86818 0.051237
7.5 1.86818 0.051366
8.75 1.86818 0.0584237
10 1.86818 0.0668622
-10 1.91869 -0.0157834
-8.75 1.91869 -0.00715011
-7.5 1.91869 0.00657785
-6.25 1.91869 0.0202593
-5 1.91869 0.0325732
-3.75 1.91869 0.0426573
-2.5 1.91869 0.0493539
-1.25 1.91869 0.0518133
0 1.91869 0.0508722
1.25 1.91869 0.0494637
2.5 1.91869 0.0501928
3.75 1.91869 0.0523061
5 1.91869 0.0527748
6.25 1.91869 0.0509284
7.5 1.91869 0.0509558
8.75 1.91869 0.0577212
10 1.91869 0.065911
-10 1.96919 -0.0155234
-8.75 1.96919 -0.007399
-7.5 1.96919 0.00619499
-6.25 1.96919 0.0198299
-5 1.96919 0.0321213
-3.75 1.96919 0.0421867
-2.5 1.96919 0.0488833
-1.25 1.96919 0.0513723
0 1.96919 0.0504689
1.25 1.96919 0.0490639
2.5 1.96919 0.0497628
3.75 1.96919 0.0518711
5 1.96919 0.0523993
6.25 1.96919 0.0506052
7.5 1.96919 0.0505367
8.75 1.96919 0.0570169
10 1.96919 0.0649611
-10 2.0197 -0.0152497
-8.75 2.0197 -0.00763827
-7.5 2.0197 0.00581473
-6.25 2.0197 0.0193981
-5 2.0197 0.0316639
-3.75 2.0197 0.0417084
-2.5 2.0197 0.0484026
-1.25 2.0197 0.0509198
0 2.0197 0.0500541
1.25 2.0197 0.0486536
2.5 2.0197 0.0493225
3.75 2.0197 0.0514235
5 2.0197 0.0520084
6.25 2.0197 0.0502673
7.5 2.0197 0.0501085
8.75 2.0197 0.0563104
10 2.0197 0.0640123
-10 2.0702 -0.0149626
-8.75 2.0702 -0.00786764
-7.5 2.0702 0.00543738
-6.25 2.0702 0.0189641
-5 2.0702 0.0312011
-3.75 2.0702 0.0412222
-2.5 2.0702 0.0479118
-1.25 2.0702 0.0504555
0 2.0702 0.0496275
1.25 2.0702 0.0482328
2.5 2.0702 0.0488717
3.75 2.0702 0.0509633
5 2.0702 0.0516022
6.25 2.0702 0.0499146
7.5 2.0702 0.049671
8.75 2.0702 0.0556015
10 2.0702 0.0630642
-10 2.12071 -0.0146625
-8.75 2.12071 -0.00808679
-7.5 2.12071 0.00506322
-6.25 2.12071 0.0185281
-5 2.12071 0.0307331
-3.75 2.12071 0.0407282
-2.5 2.12071 0.0474109
-1.25 2.12071 0.0499795
0 2.12071 0.0491891
1.25 2.12071 0.0478012
2.5 2.12071 0.0484104
3.75 2.12071 0.0504905
5 2.12071 0.0511806
6.25 2.12071 0.0495471
7.5 2.12071 0.049224
8.75 2.12071 0.0548899
10 2.12071 0.0621166
-10 2.17121 -0.0143498
-8.75 2.17121 -0.00829543
-7.5 2.17121 0.00469257
-6.25 2.17121 0.0180903
-5 2.17121 0.0302599
-3.75 2.17121 0.0402265
-2.5 2.17121 0.0468999
-1.25 2.17121 0.0494917
0 2.17121 0.0487388
1.25 2.17121 0.0473588
2.5 2.17121 0.0479386
3.75 2.17121 0.0500051
5 2.17121 0.0507438
6.25 2.17121 0.0491648
7.5 2.17121 0.0487672
8.75 2.17121 0.0541752
10 2.17121 0.0611693
-10 2.22172 -0.0140249
-8.75 2.22172 -0.00849327
-7.5 2.22172 0.00432573
-6.25 2.22172 0.0176508
-5 2.22172 0.0297815
-3.75 2.22172 0.0397171
-2.5 2.22172 0.0463787
-1.25 2.22172 0.048992
0 2.22172 0.0482765
1.25 2.22172 0.0469056
2.5 2.22172 0.0474562
3.75 2.22172 0.0495071
5 2.22172 0.0502917
6.25 2.22172 0.0487675
7.5 2.22172 0.0483005
8.75 2.22172 0.0534572
10 2.22172 0.0602218
-10 2.27222 -0.0136883
-8.75 2.27222 -0.00868002
-7.5 2.27222 0.00396301
-6.25 2.27222 0.0172099
-5 2.27222 0.0292981
-3.75 2.27222 0.0392
-2.5 2.27222 0.0458474
-1.25 2.27222 0.0484805
0 2.27222 0.047802
1.25 2.27222 0.0464413
2.5 2.27222 0.046963
3.75 2.27222 0.0489964
5 2.27222 0.0498242
6.25 2.27222 0.0483552
7.5 2.27222 0.0478236
8.75 2.27222 0.0527356
10 2.27222 0.0592741
-10 2.32273 -0.0133404
-8.75 2.32273 -0.00885539
-7.5 2.32273 0.00360474
-6.25 2.32273 0.0167678
-5 2.32273 0.0288098
-3.75 2.32273 0.0386752
-2.5 2.32273 0.045306
-1.25 2.32273 0.047957
0 2.32273 0.0473154
1.25 2.32273 0.0459658
2.5 2.32273 0.0464591
3.75 2.32273 0.0484731
5 2.32273 0.0493415
6.25 2.32273 0.0479277
7.5 2.32273 0.0473364
8.75 2.32273 0.0520101
10 2.32273 0.0583258
-10 2.37323 -0.0129818
-8.75 2.37323 -0.0090191
-7.5 2.37323 0.00325122
-6.25 2.37323 0.0163246
-5 2.37323 0.0283167
-3.75 2.37323 0.0381427
-2.5 2.37323 0.0447544
-1.25 2.37323 0.0474215
0 2.37323 0.0468164
1.25 2.37323 0.0454791
2.5 2.37323 0.0459443
3.75 2.37323 0.0479372
5 2.37323 0.0488435
6.25 2.37323 0.0474851
7.5 2.37323 0.0468387
8.75 2.37323 0.0512805
10 2.37323 0.0573766
-10 2.42374 -0.012613
-8.75 2.42374 -0.0091709
-7.5 2.42374 0.00290281
-6.25 2.42374 0.0158807
-5 2.42374 0.0278187
-3.75 2.42374 0.0376026
-2.5 2.42374 0.0441925
-1.25 2.42374 0.0468739
0 2.42374 0.0463051
1.25 2.42374 0.044981
2.5 2.42374 0.0454186
3.75 2.42374 0.0473885
5 2.42374 0.0483301
6.25 2.42374 0.0470272
7.5 2.42374 0.0463303
8.75 2.42374 0.0505465
10 2.42374 0.0564264
-10 2.47424 -0.0122347
-8.75 2.47424 -0.00931052
-7.5 2.47424 0.00255981
-6.25 2.47424 0.0154361
-5 2.47424 0.0273162
-3.75 2.47424 0.0370548
-2.5 2.47424 0.0436205
-1.25 2.47424 0.0463142
0 2.47424 0.0457812
1.25 2.47424 0.0444713
2.5 2.47424 0.0448819
3.75 2.47424 0.0468273
5 2.47424 0.0478015
6.25 2.47424 0.046554
7.5 2.47424 0.0458109
8.75 2.47424 0.0498078
10 2.47424 0.0554748
-10 2.52475 -0.0118474
-8.75 2.52475 -0.0094377
-7.5 2.52475 0.00222258
-6.25 2.52475 0.0149913
-5 2.52475 0.026809
-3.75 2.52475 0.0364995
-2.5 2.52475 0.0430383
-1.25 2.52475 0.0457423
0 2.52475 0.0452446
1.25 2.52475 0.0439501
2.5 2.52475 0.044334
3.75 2.52475 0.0462533
5 2.52475 0.0472576
6.25 2.52475 0.0460653
7.5 2.52475 0.0452805
8.75 2.52475 0.0490643
10 2.52475 0.0545217
-10 2.57525 -0.0114518
-8.75 2.57525 -0.00955221
-7.5 2.57525 0.00189145
-6.25 2.57525 0.0145463
-5 2.57525 0.0262975
-3.75 2.57525 0.0359366
-2.5 2.57525 0.0424458
-1.25 2.57525 0.0451583
0 2.57525 0.0446954
1.25 2.57525 0.043417
2.5 2.57525 0.043775
3.75 2.57525 0.0456666
5 2.57525 0.0466983
6.25 2.57525 0.0455611
7.5 2.57525 0.0447387
8.75 2.57525 0.0483155
10 2.57525 0.0535667
-10 2.62576 -0.0110487
-8.75 2.62576 -0.00965381
-7.5 2.62576 0.00156677
-6.25 2.62576 0.0141014
-5 2.62576 0.0257816
-3.75 2.62576 0.0353662
-2.5 2.62576 0.0418431
-1.25 2.62576 0.0445619
0 2.62576 0.0441334
1.25 2.62576 0.0428721
2.5 2.62576 0.0432047
3.75 2.62576 0.0450672
5 2.62576 0.0461237
6.25 2.62576 0.0450413
7.5 2.62576 0.0441854
8.75 2.62576 0.0475615
10 2.62576 0.0526098
-10 2.67626 -0.0106387
-8.75 2.67626 -0.00974228
-7.5 2.67626 0.00124889
-6.25 2.67626 0.013657
-5 2.67626 0.0252615
-3.75 2.67626 0.0347882
-2.5 2.67626 0.0412301
-1.25 2.67626 0.0439532
0 2.67626 0.0435584
1.25 2.67626 0.0423152
2.5 2.67626 0.042623
3.75 2.67626 0.044455
5 2.67626 0.0455338
6.25 2.67626 0.0445057
7.5 2.67626 0.0436205
8.75 2.67626 0.0468018
10 2.67626 0.0516506
-10 2.72677 -0.0102226
-8.75 2.72677 -0.00981741
-7.5 2.72677 0.000938151
-6.25 2.72677 0.0132132
-5 2.72677 0.0247373
-3.75 2.72677 0.0342028
-2.5 2.72677 0.0406067
-1.25 2.72677 0.0433321
0 2.72677 0.0429704
1.25 2.72677 0.0417461
2.5 2.72677 0.0420298
3.75 2.72677 0.0438301
5 2.72677 0.0449285
6.25 2.72677 0.0439544
7.5 2.72677 0.0430436
8.75 2.72677 0.0460362
10 2.72677 0.050689
-10 2.77727 -0.00980129
-8.75 2.77727 -0.009879
-7.5 2.77727 0.00063492
-6.25 2.77727 0.0127703
-5 2.77727 0.0242091
-3.75 2.77727 0.0336098
-2.5 2.77727 0.0399731
-1.25 2.77727 0.0426986
0 2.77727 0.0423692
1.25 2.77727 0.0411647
2.5 2.77727 0.0414251
3.75 2.77727 0.0431923
5 2.77727 0.0443078
6.25 2.77727 0.0433872
7.5 2.77727 0.0424547
8.75 2.77727 0.0452646
10 2.77727 0.0497247
-10 2.82778 -0.00937552
-8.75 2.82778 -0.00992687
-7.5 2.82778 0.000339551
-6.25 2.82778 0.0123286
-5 2.82778 0.0236771
-3.75 2.82778 0.0330095
-2.5 2.82778 0.0393291
-1.25 2.82778 0.0420525
0 2.82778 0.0417549
1.25 2.82778 0.0405709
2.5 2.82778 0.0408087
3.75 2.82778 0.0425417
5 2.82778 0.0436718
6.25 2.82778 0.0428039
7.5 2.82778 0.0418534
8.75 2.82778 0.0444866
10 2.82778 0.0487576
-10 2.87828 -0.0089462
-8.75 2.87828 -0.00996084
-7.5 2.87828 5.24069e-05
-6.25 2.87828 0.0118885
-5 2.87828 0.0231414
-3.75 2.87828 0.0324017
-2.5 2.87828 0.0386747
-1.25 2.87828 0.0413939
0 2.87828 0.0411271
1.25 2.87828 0.0399646
2.5 2.87828 0.0401805
3.75 2.87828 0.0418783
5 2.87828 0.0430204
6.25 2.87828 0.0422046
7.5 2.87828 0.0412397
8.75 2.87828 0.0437021
10 2.87828 0.0477874
-10 2.92879 -0.00851423
-8.75 2.92879 -0.00998077
-7.5 2.92879 -0.000226151
-6.25 2.92879 0.0114501
-5 2.92879 0.0226021
-3.75 2.92879 0.0317865
-2.5 2.92879 0.0380099
-1.25 2.92879 0.0407227
0 2.92879 0.040486
1.25 2.92879 0.0393455
2.5 2.92879 0.0395404
3.75 2.92879 0.0412019
5 2.92879 0.0423536
6.25 2.92879 0.0415891
7.5 2.92879 0.0406132
8.75 2.92879 0.0429109
10 2.92879 0.0468139
-10 2.97929 -0.00808057
-8.75 2.97929 -0.00998652
-7.5 2.97929 -0.000495757
-6.25 2.97929 0.0110138
-5 2.97929 0.0220595
-3.75 2.97929 0.031164
-2.5 2.97929 0.0373347
-1.25 2.97929 0.0400387
0 2.97929 0.0398313
1.25 2.97929 0.0387136
2.5 2.97929 0.0388882
3.75 2.97929 0.0405125
5 2.97929 0.0416714
6.25 2.97929 0.0409573
7.5 2.97929 0.0399738
8.75 2.97929 0.0421126
10 2.97929 0.0458371
-10 3.0298 -0.00764619
-8.75 3.0298 -0.00997797
-7.5 3.0298 -0.000756046
-6.25 3.0298 0.0105799
-5 3.0298 0.0215136
-3.75 3.0298 0.0305341
-2.5 3.0298 0.036649
-1.25 3.0298 0.039342
0 3.0298 0.039163
1.25 3.0298 0.0380688
2.5 3.0298 0.038224
3.75 3.0298 0.0398102
5 3.0298 0.0409737
6.25 3.0298 0.0403092
7.5 3.0298 0.0393213
8.75 3.0298 0.0413071
10 3.0298 0.0448566
-10 3.0803 -0.00721211
-8.75 3.0803 -0.00995501
-7.5 3.0803 -0.00100665
-6.25 3.0803 0.0101488
-5 3.0803 0.0209646
-3.75 3.0803 0.029897
-2.5 3.0803 0.0359528
-1.25 3.0803 0.0386325
0 3.0803 0.0384809
1.25 3.0803 0.0374108
2.5 3.0803 0.0375475
3.75 3.0803 0.0390948
5 3.0803 0.0402606
6.25 3.0803 0.0396445
7.5 3.0803 0.0386554
8.75 3.0803 0.0404942
10 3.0803 0.0438723
-10 3.13081 -0.00677938
-8.75 3.13081 -0.00991756
-7.5 3.13081 -0.0012472
-6.25 3.13081 0.00972074
-5 3.13081 0.0204127
-3.75 3.13081 0.0292526
-2.5 3.13081 0.0352461
-1.25 3.13081 0.0379101
0 3.13081 0.0377849
1.25 3.13081 0.0367396
2.5 3.13081 0.0368586
3.75 3.13081 0.0383663
5 3.13081 0.0395321
6.25 3.13081 0.0389633
7.5 3.13081 0.037976
8.75 3.13081 0.0396735
10 3.13081 0.0428841
-10 3.18131 -0.00634907
-8.75 3.18131 -0.00986557
-7.5 3.18131 -0.00147733
-6.25 3.18131 0.00929608
-5 3.18131 0.019858
-3.75 3.18131 0.0286009
-2.5 3.18131 0.0345288
-1.25 3.18131 0.0371748
0 3.18131 0.037075
1.25 3.18131 0.036055
2.5 3.18131 0.0361572
3.75 3.18131 0.0376247
5 3.18131 0.038788
6.25 3.18131 0.0382654
7.5 3.18131 0.0372828
8.75 3.18131 0.0388449
10 3.18131 0.0418917
-10 3.23182 -0.00592231
-8.75 3.23182 -0.00979898
-7.5 3.23182 -0.00169668
-6.25 3.23182 0.00887519
-5 3.23182 0.0193008
-3.75 3.23182 0.0279421
-2.5 3.23182 0.0338009
-1.25 3.23182 0.0364264
0 3.23182 0.036351
1.25 3.23182 0.0353568
2.5 3.23182 0.0354431
3.75 3.23182 0.0368698
5 3.23182 0.0380285
6.25 3.23182 0.0375508
7.5 3.23182 0.0365755
8.75 3.23182 0.0380081
10 3.23182 0.0408949
-10 3.28232 -0.00550022
-8.75 3.28232 -0.00971779
-7.5 3.28232 -0.00190487
-6.25 3.28232 0.00845843
-5 3.28232 0.0187413
-3.75 3.28232 0.0272761
-2.5 3.28232 0.0330623
-1.25 3.28232 0.0356649
0 3.28232 0.0356129
1.25 3.28232 0.034645
2.5 3.28232 0.0347163
3.75 3.28232 0.0361017
5 3.28232 0.0372535
6.25 3.28232 0.0368193
7.5 3.28232 0.0358541
8.75 3.28232 0.0371628
10 3.28232 0.0398936
-10 3.33283 -0.00508399
-8.75 3.33283 -0.00962199
-7.5 3.33283 -0.00210155
-6.25 3.33283 0.00804615
-5 3.33283 0.0181796
-3.75 3.33283 0.026603
-2.5 3.33283 0.0323131
-1.25 3.33283 0.0348902
0 3.33283 0.0348605
1.25 3.33283 0.0339194
2.5 3.33283 0.0339765
3.75 3.33283 0.0353201
5 3.33283 0.036463
6.25 3.33283 0.0360708
7.5 3.33283 0.0351182
8.75 3.33283 0.0363089
10 3.33283 0.0388876
-10 3.38333 -0.0046748
-8.75 3.38333 -0.00951163
-7.5 3.38333 -0.00228635
-6.25 3.38333 0.00763876
-5 3.38333 0.0176159
-3.75 3.38333 0.0259228
-2.5 3.38333 0.031553
-1.25 3.38333 0.0341023
0 3.38333 0.0340937
1.25 3.38333 0.0331798
2.5 3.38333 0.0332237
3.75 3.38333 0.0345252
5 3.38333 0.0356569
6.25 3.38333 0.0353054
7.5 3.38333 0.0343676
8.75 3.38333 0.035446
10 3.38333 0.0378767
-10 3.43384 -0.0042739
-8.75 3.43384 -0.00938676
-7.5 3.43384 -0.00245892
-6.25 3.43384 0.00723663
-5 3.43384 0.0170505
-3.75 3.43384 0.0252355
-2.5 3.43384 0.0307822
-1.25 3.43384 0.0333011
0 3.43384 0.0333125
1.25 3.43384 0.0324261
2.5 3.43384 0.0324576
3.75 3.43384 0.0337167
5 3.43384 0.0348352
6.25 3.43384 0.0345228
7.5 3.43384 0.0336021
8.75 3.43384 0.0345738
10 3.43384 0.0368607
-10 3.48434 -0.00388251
-8.75 3.48434 -0.00924747
-7.5 3.48434 -0.00261891
-6.25 3.48434 0.00684017
-5 3.48434 0.0164836
-3.75 3.48434 0.0245413
-2.5 3.48434 0.0300006
-1.25 3.48434 0.0324864
0 3.48434 0.0325166
1.25 3.48434 0.0316581
2.5 3.48434 0.0316783
3.75 3.48434 0.0328947
5 3.48434 0.0339979
6.25 3.48434 0.033723
7.5 3.48434 0.0328214
8.75 3.48434 0.0336922
10 3.48434 0.0358394
-10 3.53485 -0.00350193
-8.75 3.53485 -0.00909386
-7.5 3.53485 -0.00276596
-6.25 3.53485 0.00644979
-5 3.53485 0.0159155
-3.75 3.53485 0.0238402
-2.5 3.53485 0.029208
-1.25 3.53485 0.0316582
0 3.53485 0.0317061
1.25 3.53485 0.0308758
2.5 3.53485 0.0308854
3.75 3.53485 0.032059
5 3.53485 0.033145
6.25 3.53485 0.032906
7.5 3.53485 0.0320254
8.75 3.53485 0.0328008
10 3.53485 0.0348125
-10 3.58535 -0.00313343
-8.75 3.58535 -0.0089261
-7.5 3.58535 -0.00289973
-6.25 3.58535 0.00606592
-5 3.58535 0.0153463
-3.75 3.58535 0.0231321
-2.5 3.58535 0.0284045
-1.25 3.58535 0.0308165
0 3.58535 0.0308808
1.25 3.58535 0.0300789
2.5 3.58535 0.0300788
3.75 3.58535 0.0312094
5 3.58535 0.0322765
6.25 3.58535 0.0320716
7.5 3.58535 0.0312138
8.75 3.58535 0.0318993
10 3.58535 0.0337799
-10 3.63586 -0.00277834
-8.75 3.63586 -0.00874435
-7.5 3.63586 -0.00301989
-6.25 3.63586 0.00568898
-5 3.63586 0.0147764
-3.75 3.63586 0.0224173
-2.5 3.63586 0.02759
-1.25 3.63586 0.0299611
0 3.63586 0.0300406
1.25 3.63586 0.0292673
2.5 3.63586 0.0292584
3.75 3.63586 0.030346
5 3.63586 0.0313923
6.25 3.63586 0.0312198
7.5 3.63586 0.0303864
8.75 3.63586 0.0309875
10 3.63586 0.0327413
-10 3.68636 -0.00243796
-8.75 3.68636 -0.00854883
-7.5 3.68636 -0.00312611
-6.25 3.68636 0.00531942
-5 3.68636 0.014206
-3.75 3.68636 0.0216956
-2.5 3.68636 0.0267644
-1.25 3.68636 0.0290919
0 3.68636 0.0291854
1.25 3.68636 0.028441
2.5 3.68636 0.0284241
3.75 3.68636 0.0294687
5 3.68636 0.0304923
6.25 3.68636 0.0303504
7.5 3.68636 0.029543
8.75 3.68636 0.030065
10 3.68636 0.0316965
-10 3.73687 -0.00211365
-8.75 3.73687 -0.00833978
-7.5 3.73687 -0.00321807
-6.25 3.73687 0.00495769
-5 3.73687 0.0136354
-3.75 3.73687 0.0209673
-2.5 3.73687 0.0259277
-1.25 3.73687 0.0282089
0 3.73687 0.028315
1.25 3.73687 0.0275996
2.5 3.73687 0.0275756
3.75 3.73687 0.0285772
5 3.73687 0.0295766
6.25 3.73687 0.0294635
7.5 3.73687 0.0286833
8.75 3.73687 0.0291316
10 3.73687 0.0306453
-10 3.78737 -0.00180675
-8.75 3.78737 -0.00811748
-7.5 3.78737 -0.00329546
-6.25 3.78737 0.00460425
-5 3.78737 0.0130649
-3.75 3.78737 0.0202323
-2.5 3.78737 0.0250797
-1.25 3.78737 0.0273119
0 3.78737 0.0274295
1.25 3.78737 0.0267432
2.5 3.78737 0.0267129
3.75 3.78737 0.0276715
5 3.78737 0.028645
6.25 3.78737 0.028559
7.5 3.78737 0.0278072
8.75 3.78737 0.028187
10 3.78737 0.0295873
-10 3.83788 -0.00151861
-8.75 3.83788 -0.00788226
-7.5 3.83788 -0.00335799
-6.25 3.83788 0.00425958
-5 3.83788 0.0124949
-3.75 3.83788 0.0194908
-2.5 3.83788 0.0242205
-1.25 3.83788 0.0264009
0 3.83788 0.0265286
1.25 3.83788 0.0258715
2.5 3.83788 0.0258357
3.75 3.83788 0.0267515
5 3.83788 0.0276976
6.25 3.83788 0.0276367
7.5 3.83788 0.0269143
8.75 3.83788 0.0272308
10 3.83788 0.0285223
-10 3.88838 -0.00125058
-8.75 3.88838 -0.00763446
-7.5 3.88838 -0.00340537
-6.25 3.88838 0.00392416
-5 3.88838 0.0119255
-3.75 3.88838 0.0187427
-2.5 3.88838 0.02335
-1.25 3.88838 0.0254757
0 3.88838 0.0256122
1.25 3.88838 0.0249845
2.5 3.88838 0.0249438
3.75 3.88838 0.025817
5 3.88838 0.0267343
6.25 3.88838 0.0266967
7.5 3.88838 0.0260046
8.75 3.88838 0.0262627
10 3.88838 0.02745
-10 3.93889 -0.00100402
-8.75 3.93889 -0.00737448
-7.5 3.93889 -0.00343733
-6.25 3.93889 0.0035985
-5 3.93889 0.0113572
-3.75 3.93889 0.0179882
-2.5 3.93889 0.022468
-1.25 3.93889 0.0245362
0 3.93889 0.0246803
1.25 3.93889 0.0240818
2.5 3.93889 0.0240372
3.75 3.93889 0.024868
5 3.93889 0.025755
6.25 3.93889 0.0257388
7.5 3.93889 0.0250779
8.75 3.93889 0.0252824
10 3.93889 0.0263701
-10 3.98939 -0.000780264
-8.75 3.98939 -0.00710277
-7.5 3.98939 -0.0034536
-6.25 3.98939 0.00328308
-5 3.98939 0.0107903
-3.75 3.98939 0.0172274
-2.5 3.98939 0.0215746
-1.25 3.98939 0.0235823
0 3.98939 0.0237327
1.25 3.98939 0.0231636
2.5 3.98939 0.0231157
3.75 3.98939 0.0239042
5 3.98939 0.0247597
6.25 3.98939 0.024763
7.5 3.98939 0.0241338
8.75 3.98939 0.0242896
10 3.98939 0.0252823
-10 4.0399 -0.000580652
-8.75 4.0399 -0.0068198
-7.5 4.0399 -0.00345396
-6.25 4.0399 0.00297843
-5 4.0399 0.0102252
-3.75 4.0399 0.0164604
-2.5 4.0399 0.0206696
-1.25 4.0399 0.022614
0 4.0399 0.0227694
1.25 4.0399 0.0222295
2.5 4.0399 0.022179
3.75 4.0399 0.0229256
5 4.0399 0.0237483
6.25 4.0399 0.0237692
7.5 4.0399 0.0231722
8.75 4.0399 0.0232839
10 4.0399 0.0241863
-10 4.0904 -0.000406494
-8.75 4.0904 -0.0065261
-7.5 4.0904 -0.00343818
-6.25 4.0904 0.00268507
-5 4.0904 0.00966228
-3.75 4.0904 0.0156872
-2.5 4.0904 0.019753
-1.25 4.0904 0.021631
0 4.0904 0.0217901
1.25 4.0904 0.0212794
2.5 4.0904 0.021227
3.75 4.0904 0.021932
5 4.0904 0.0227207
6.25 4.0904 0.0227574
7.5 4.0904 0.022193
8.75 4.0904 0.0222651
10 4.0904 0.0230817
-10 4.14091 -0.000259077
-8.75 4.14091 -0.00622225
-7.5 4.14091 -0.00340606
-6.25 4.14091 0.00240354
-5 4.14091 0.00910188
-3.75 4.14091 0.0149079
-2.5 4.14091 0.0188246
-1.25 4.14091 0.0206333
0 4.14091 0.0207948
1.25 4.14091 0.0203132
2.5 4.14091 0.0202595
3.75 4.14091 0.0209233
5 4.14091 0.0216769
6.25 4.14091 0.0217274
7.5 4.14091 0.0211958
8.75 4.14091 0.0212328
10 4.14091 0.0219682
-10 4.19141 -0.000139654
-8.75 4.19141 -0.00590886
-7.5 4.19141 -0.00335741
-6.25 4.19141 0.00213438
-5 4.19141 0.00854444
-3.75 4.19141 0.0141227
-2.5 4.19141 0.0178844
-1.25 4.19141 0.0196208
0 4.19141 0.0197834
1.25 4.19141 0.0193308
2.5 4.19141 0.0192764
3.75 4.19141 0.0198993
5 4.19141 0.0206167
6.25 4.19141 0.0206792
7.5 4.19141 0.0201807
8.75 4.19141 0.0201867
10 4.19141 0.0208455
-10 4.24192 -4.96255e-05
-8.75 4.24192 -0.0055866
-7.5 4.24192 -0.00329209
-6.25 4.24192 0.00187815
-5 4.24192 0.00799038
-3.75 4.24192 0.0133317
-2.5 4.24192 0.0169323
-1.25 4.24192 0.0185932
0 4.24192 0.0187558
1.25 4.24192 0.0183319
2.5 4.24192 0.0182775
3.75 4.24192 0.0188599
5 4.24192 0.0195402
6.25 4.24192 0.0196128
7.5 4.24192 0.0191473
8.75 4.24192 0.0191265
10 4.24192 0.0197132
-10 4.29242 -0.000139654
-8.75 4.29242 -0.00525618
-7.5 4.29242 -0.00320996
-6.25 4.29242 0.0016354
-5 4.29242 0.00744016
-3.75 4.29242 0.012535
-2.5 4.29242 0.0159682
-1.25 4.29242 0.0175506
0 4.29242 0.0177117
1.25 4.29242 0.0173166
2.5 4.29242 0.0172626
3.75 4.29242 0.0178049
5 4.29242 0.0184471
6.25 4.29242 0.018528
7.5 4.29242 0.0180955
8.75 4.29242 0.0180519
10 4.29242 0.0185709
-10 4.34293 -4.96255e-05
-8.75 4.34293 -0.00491839
-7.5 4.34293 -0.00311091
-6.25 4.34293 0.00140671
-5 4.34293 0.00689424
-3.75 4.34293 0.0117326
-2.5 4.34293 0.014992
-1.25 4.34293 0.0164926
0 4.34293 0.0166512
1.25 4.34293 0.0162845
2.5 4.34293 0.0162316
3.75 4.34293 0.0167341
5 4.34293 0.0173374
6.25 4.34293 0.0174248
7.5 4.34293 0.0170251
8.75 4.34293 0.0169625
10 4.34293 0.0174183
-10 4.39343 -0.000139654
-8.75 4.39343 -0.00457404
-7.5 4.39343 -0.00299488
-6.25 4.39343 0.00119266
-5 4.39343 0.0063531
-3.75 4.39343 0.0109248
-2.5 4.39343 0.0140036
-1.25 4.39343 0.0154193
0 4.39343 0.015574
1.25 4.39343 0.0152356
2.5 4.39343 0.0151842
3.75 4.39343 0.0156475
5 4.39343 0.016211
6.25 4.39343 0.016303
7.5 4.39343 0.015936
8.75 4.39343 0.015858
10 4.39343 0.016255
-10 4.44394 -0.000139654
-8.75 4.44394 -0.00422401
-7.5 4.44394 -0.00286181
-6.25 4.44394 0.000993842
-5 4.44394 0.00581725
-3.75 4.44394 0.0101117
-2.5 4.44394 0.0130029
-1.25 4.44394 0.0143305
0 4.44394 0.01448
1.25 4.44394 0.0141696
2.5 4.44394 0.0141202
3.75 4.44394 0.0145448
5 4.44394 0.0150679
6.25 4.44394 0.0151627
7.5 4.44394 0.0148279
8.75 4.44394 0.0147382
10 4.44394 0.0150806
-10 4.49444 -0.000139654
-8.75 4.49444 -0.00386924
-7.5 4.49444 -0.00271171
-6.25 4.49444 0.000810849
-5 4.49444 0.0052872
-3.75 4.49444 0.00929346
-2.5 4.49444 0.0119898
-1.25 4.49444 0.0132259
0 4.49444 0.0133692
1.25 4.49444 0.0130866
2.5 4.49444 0.0130395
3.75 4.49444 0.0134258
5 4.49444 0.0139078
6.25 4.49444 0.0140037
7.5 4.49444 0.0137008
8.75 4.49444 0.0136027
10 4.49444 0.0138948
-10 4.54495 -0.000259077
-8.75 4.54495 -0.00351071
-7.5 4.54495 -0.00254459
-6.25 4.54495 0.000644289
-5 4.54495 0.00476351
-3.75 4.54495 0.00847018
-2.5 4.54495 0.0109641
-1.25 4.54495 0.0121055
0 4.54495 0.0122414
1.25 4.54495 0.0119862
2.5 4.54495 0.011942
3.75 4.54495 0.0122905
5 4.54495 0.0127307
6.25 4.54495 0.012826
7.5 4.54495 0.0125544
8.75 4.54495 0.0124512
10 4.54495 0.0126971
-10 4.59545 -4.96255e-05
-8.75 4.59545 -0.00314948
-7.5 4.59545 -0.00236054
-6.25 4.59545 0.000494773
-5 4.59545 0.00424674
-3.75 4.59545 0.00764205
-2.5 4.59545 0.0099259
-1.25 4.59545 0.0109691
0 4.59545 0.0110965
1.25 4.59545 0.0108684
2.5 4.59545 0.0108273
3.75 4.59545 0.0111386
5 4.59545 0.0115364
6.25 4.59545 0.0116293
7.5 4.59545 0.0113885
8.75 4.59545 0.0112835
10 4.59545 0.0114874
-10 4.64596 -4.96255e-05
-8.75 4.64596 -0.00278666
-7.5 4.64596 -0.00215965
-6.25 4.64596 0.000362922
-5 4.64596 0.00373747
-3.75 4.64596 0.00680925
-2.5 4.64596 0.00887494
-1.25 4.64596 0.00981652
0 4.64596 0.0099342
1.25 4.64596 0.00973296
2.5 4.64596 0.00969544
3.75 4.64596 0.00996997
5 4.64596 0.0103249
6.25 4.64596 0.0104137
7.5 4.64596 0.0102031
8.75 4.64596 0.0100992
10 4.64596 0.0102651
-10 4.69646 -4.96255e-05
-8.75 4.69646 -0.00242342
-7.5 4.69646 -0.00194208
-6.25 4.69646 0.000249363
-5 4.69646 0.00323633
-3.75 4.69646 0.00597196
-2.5 4.69646 0.00781113
-1.25 4.69646 0.00864763
0 4.69646 0.00875452
1.25 4.69646 0.00857979
2.5 4.69646 0.00854608
3.75 4.69646 0.00878442
5 4.69646 0.00909601
6.25 4.69646 0.00917908
7.5 4.69646 0.00899789
8.75 4.69646 0.00889813
10 4.69646 0.00903002
-10 4.74697 -4.96255e-05
-8.75 4.74697 -0.00206099
-7.5 4.74697 -0.00170804
-6.25 4.74697 0.000154731
-5 4.74697 0.00274394
-3.75 4.74697 0.00513035
-2.5 4.74697 0.00673436
-1.25 4.74697 0.00746226
0 4.74697 0.00755727
1.25 4.74697 0.00740869
2.5 4.74697 0.00737909
3.75 4.74697 0.00758176
5 4.74697 0.0078496
6.25 4.74697 0.00792526
7.5 4.74697 0.00777275
8.75 4.74697 0.0076799
10 4.74697 0.00778172
-10 4.79747 -4.96255e-05
-8.75 4.79747 -0.00170068
-7.5 4.79747 -0.00145779
-6.25 4.79747 7.96691e-05
-5 4.79747 0.00226096
-3.75 4.79747 0.00428464
-2.5 4.79747 0.00564452
-1.25 4.79747 0.00626024
0 4.79747 0.0063423
1.25 4.79747 0.00621951
2.5 4.79747 0.00619428
3.75 4.79747 0.00636182
5 4.79747 0.00658555
6.25 4.79747 0.00665219
7.5 4.79747 0.00652751
8.75 4.79747 0.00644426
10 4.79747 0.00651989
-10 4.84798 -0.000139654
-8.75 4.84798 -0.00134385
-7.5 4.84798 -0.00119163
-6.25 4.84798 2.48275e-05
-5 4.84798 0.00178808
-3.75 4.84798 0.00343501
-2.5 4.84798 0.00454149
-1.25 4.84798 0.00504139
0 4.84798 0.00510944
1.25 4.84798 0.0050121
2.5 4.84798 0.00499148
3.75 4.84798 0.00512441
5 4.84798 0.0053037
6.25 4.84798 0.00535976
7.5 4.84798 0.00526199
8.75 4.84798 0.00519091
10 4.84798 0.00524417
-10 4.89848 -4.96255e-05
-8.75 4.89848 -0.000991942
-7.5 4.89848 -0.000909953
-6.25 4.89848 -9.13373e-06
-5 4.89848 0.00132602
-3.75 4.89848 0.00258169
-2.5 4.89848 0.00342516
-1.25 4.89848 0.00380555
0 4.89848 0.00385853
1.25 4.89848 0.00378628
2.5 4.89848 0.0037705
3.75 4.89848 0.00386933
5 4.89848 0.00400391
6.25 4.89848 0.00404787
7.5 4.89848 0.00397603
8.75 4.89848 0.00391955
10 4.89848 0.00395424
-10 4.94899 -4.96255e-05
-8.75 4.94899 -0.000646458
-7.5 4.94899 -0.00061318
-6.25 4.94899 -2.15419e-05
-5 4.94899 0.000875489
-3.75 4.94899 0.00172487
-2.5 4.94899 0.00229542
-1.25 4.94899 0.00255255
0 4.94899 0.0025894
1.25 4.94899 0.00254189
2.5 4.94899 0.00253116
3.75 4.94899 0.00259638
5 4.94899 0.00268601
6.25 4.94899 0.00271641
7.5 4.94899 0.00266946
8.75 4.94899 0.00262989
10 4.94899 0.00264972
-10 4.99949 -4.96255e-05
-8.75 4.99949 -0.000309155
-7.5 4.99949 -0.000301869
-6.25 4.99949 -1.16163e-05
-5 4.99949 0.000437384
-3.75 4.99949 0.000864846
-2.5 4.99949 0.00115218
-1.25 4.99949 0.0012822
0 4.99949 0.00130187
1.25 4.99949 0.00127876
2.5 4.99949 0.00127331
3.75 4.99949 0.00130539
5 4.99949 0.00134986
6.25 4.99949 0.00136528
7.5 4.99949 0.00134213
8.75 4.99949 0.00132161
10 4.99949 0.00133025
-10 5.05 6.55496e-05
-8.75 5.05 -9.59993e-21
-7.5 5.05 -1.01376e-20
-6.25 5.05 -7.79222e-21
-5 5.05 -1.64332e-21
-3.75 5.05 1.42392e-20
-2.5 5.05 1.26997e-20
-1.25 5.05 2.44333e-20
0 5.05 0
1.25 5.05 1.42009e-19
2.5 5.05 0
3.75 5.05 0
5 5.05 0
6.25 5.05 0
7.5 5.05 0
8.75 5.05 0
10 5.05 0
