-30 0.05 0
-28.8 0.05 0
-27.6 0.05 0
-26.4 0.05 0
-25.2 0.05 0
-24 0.05 0
-22.8 0.05 0
-21.6 0.05 0
-20.4 0.05 0
-19.2 0.05 0
-18 0.05 0
-16.8 0.05 0
-15.6 0.05 0
-14.4 0.05 0
-13.2 0.05 0
-12 0.05 0
-10.8 0.05 -0.0205006
-9.6 0.05 -0.00470744
-8.4 0.05 0.0103931
-7.2 0.05 0.0237399
-6 0.05 0.0358168
-4.8 0.05 0.0467687
-3.6 0.05 0.055454
-2.4 0.05 0.0601252
-1.2 0.05 0.0603532
0 0.05 0.0583798
1.2 0.05 0.0576856
2.4 0.05 0.0591992
3.6 0.05 0.059657
4.8 0.05 0.0560185
6 0.05 0.0521003
7.2 0.05 0.0577749
8.4 0.05 0.0780283
9.6 0.05 0.10313
10.8 0.05 0
12 0.05 0
13.2 0.05 0
14.4 0.05 0
15.6 0.05 0
16.8 0.05 0
18 0.05 0
19.2 0.05 0
20.4 0.05 0
21.6 0.05 0
22.8 0.05 0
24 0.05 0
25.2 0.05 0
26.4 0.05 0
27.6 0.05 0
28.8 0.05 0
30 0.05 0
-30 0.100505 0
-28.8 0.100505 0
-27.6 0.100505 0
-26.4 0.100505 0
-25.2 0.100505 0
-24 0.100505 0
-22.8 0.100505 0
-21.6 0.100505 0
-20.4 0.100505 0
-19.2 0.100505 0
-18 0.100505 0
-16.8 0.100505 0
-15.6 0.100505 0
-14.4 0.100505 0
-13.2 0.100505 0
-12 0.100505 0
-10.8 0.100505 -0.0208265
-9.6 0.100505 -0.00512797
-8.4 0.100505 0.0100141
-7.2 0.100505 0.0234357
-6 0.100505 0.0355709
-4.8 0.100505 0.0465633
-3.6 0.100505 0.0552941
-2.4 0.100505 0.0600293
-1.2 0.100505 0.0603162
0 0.100505 0.05835
1.2 0.100505 0.0576099
2.4 0.100505 0.0591144
3.6 0.100505 0.0596996
4.8 0.100505 0.0562582
6 0.100505 0.0523382
7.2 0.100505 0.0576085
8.4 0.100505 0.0772528
9.6 0.100505 0.102094
10.8 0.100505 0
12 0.100505 0
13.2 0.100505 0
14.4 0.100505 0
15.6 0.100505 0
16.8 0.100505 0
18 0.100505 0
19.2 0.100505 0
20.4 0.100505 0
21.6 0.100505 0
22.8 0.100505 0
24 0.100505 0
25.2 0.100505 0
26.4 0.100505 0
27.6 0.100505 0
28.8 0.100505 0
30 0.100505 0
-30 0.15101 0
-28.8 0.15101 0
-27.6 0.15101 0
-26.4 0.15101 0
-25.2 0.15101 0
-24 0.15101 0
-22.8 0.15101 0
-21.6 0.15101 0
-20.4 0.15101 0
-19.2 0.15101 0
-18 0.15101 0
-16.8 0.15101 0
-15.6 0.15101 0
-14.4 0.15101 0
-13.2 0.15101 0
-12 0.15101 0
-10.8 0.15101 -0.0211402
-9.6 0.15101 -0.0055456
-8.4 0.15101 0.00963239
-7.2 0.15101 0.0231264
-6 0.15101 0.0353186
-4.8 0.15101 0.0463504
-3.6 0.15101 0.0551254
-2.4 0.15101 0.0599234
-1.2 0.15101 0.0602689
0 0.15101 0.0583115
1.2 0.15101 0.0575271
2.4 0.15101 0.0590206
3.6 0.15101 0.0597271
4.8 0.15101 0.0564786
6 0.15101 0.052563
7.2 0.15101 0.0574456
8.4 0.15101 0.0764897
9.6 0.15101 0.101055
10.8 0.15101 0
12 0.15101 0
13.2 0.15101 0
14.4 0.15101 0
15.6 0.15101 0
16.8 0.15101 0
18 0.15101 0
19.2 0.15101 0
20.4 0.15101 0
21.6 0.15101 0
22.8 0.15101 0
24 0.15101 0
25.2 0.15101 0
26.4 0.15101 0
27.6 0.15101 0
28.8 0.15101 0
30 0.15101 0
-30 0.201515 0
-28.8 0.201515 0
-27.6 0.201515 0
-26.4 0.201515 0
-25.2 0.201515 0
-24 0.201515 0
-22.8 0.201515 0
-21.6 0.201515 0
-20.4 0.201515 0
-19.2 0.201515 0
-18 0.201515 0
-16.8 0.201515 0
-15.6 0.201515 0
-14.4 0.201515 0
-13.2 0.201515 0
-12 0.201515 0
-10.8 0.201515 -0.0214414
-9.6 0.201515 -0.00596
-8.4 0.201515 0.0092482
-7.2 0.201515 0.0228121
-6 0.201515 0.0350601
-4.8 0.201515 0.0461301
-3.6 0.201515 0.0549479
-2.4 0.201515 0.0598073
-1.2 0.201515 0.0602114
0 0.201515 0.0582641
1.2 0.201515 0.0574369
2.4 0.201515 0.0589178
3.6 0.201515 0.0597398
4.8 0.201515 0.0566796
6 0.201515 0.0527746
7.2 0.201515 0.0572853
8.4 0.201515 0.0757387
9.6 0.201515 0.100012
10.8 0.201515 0
12 0.201515 0
13.2 0.201515 0
14.4 0.201515 0
15.6 0.201515 0
16.8 0.201515 0
18 0.201515 0
19.2 0.201515 0
20.4 0.201515 0
21.6 0.201515 0
22.8 0.201515 0
24 0.201515 0
25.2 0.201515 0
26.4 0.201515 0
27.6 0.201515 0
28.8 0.201515 0
30 0.201515 0
-30 0.25202 0
-28.8 0.25202 0
-27.6 0.25202 0
-26.4 0.25202 0
-25.2 0.25202 0
-24 0.25202 0
-22.8 0.25202 0
-21.6 0.25202 0
-20.4 0.25202 0
-19.2 0.25202 0
-18 0.25202 0
-16.8 0.25202 0
-15.6 0.25202 0
-14.4 0.25202 0
-13.2 0.25202 0
-12 0.25202 0
-10.8 0.25202 -0.0217296
-9.6 0.25202 -0.00637084
-8.4 0.25202 0.0088617
-7.2 0.25202 0.0224927
-6 0.25202 0.0347952
-4.8 0.25202 0.0459024
-3.6 0.25202 0.0547616
-2.4 0.25202 0.0596812
-1.2 0.25202 0.0601435
0 0.25202 0.0582078
1.2 0.25202 0.0573393
2.4 0.25202 0.058806
3.6 0.25202 0.0597376
4.8 0.25202 0.0568615
6 0.25202 0.0529727
7.2 0.25202 0.0571272
8.4 0.25202 0.0749995
9.6 0.25202 0.0989681
10.8 0.25202 0
12 0.25202 0
13.2 0.25202 0
14.4 0.25202 0
15.6 0.25202 0
16.8 0.25202 0
18 0.25202 0
19.2 0.25202 0
20.4 0.25202 0
21.6 0.25202 0
22.8 0.25202 0
24 0.25202 0
25.2 0.25202 0
26.4 0.25202 0
27.6 0.25202 0
28.8 0.25202 0
30 0.25202 0
-30 0.302525 0
-28.8 0.302525 0
-27.6 0.302525 0
-26.4 0.302525 0
-25.2 0.302525 0
-24 0.302525 0
-22.8 0.302525 0
-21.6 0.302525 0
-20.4 0.302525 0
-19.2 0.302525 0
-18 0.302525 0
-16.8 0.302525 0
-15.6 0.302525 0
-14.4 0.302525 0
-13.2 0.302525 0
-12 0.302525 0
-10.8 0.302525 -0.0220047
-9.6 0.302525 -0.00677779
-8.4 0.302525 0.00847309
-7.2 0.302525 0.0221685
-6 0.302525 0.0345242
-4.8 0.302525 0.0456674
-3.6 0.302525 0.0545666
-2.4 0.302525 0.0595449
-1.2 0.302525 0.0600652
0 0.302525 0.0581426
1.2 0.302525 0.0572342
2.4 0.302525 0.0586852
3.6 0.302525 0.059721
4.8 0.302525 0.0570244
6 0.302525 0.0531572
7.2 0.302525 0.0569706
8.4 0.302525 0.0742717
9.6 0.302525 0.0979226
10.8 0.302525 0
12 0.302525 0
13.2 0.302525 0
14.4 0.302525 0
15.6 0.302525 0
16.8 0.302525 0
18 0.302525 0
19.2 0.302525 0
20.4 0.302525 0
21.6 0.302525 0
22.8 0.302525 0
24 0.302525 0
25.2 0.302525 0
26.4 0.302525 0
27.6 0.302525 0
28.8 0.302525 0
30 0.302525 0
-30 0.35303 0
-28.8 0.35303 0
-27.6 0.35303 0
-26.4 0.35303 0
-25.2 0.35303 0
-24 0.35303 0
-22.8 0.35303 0
-21.6 0.35303 0
-20.4 0.35303 0
-19.2 0.35303 0
-18 0.35303 0
-16.8 0.35303 0
-15.6 0.35303 0
-14.4 0.35303 0
-13.2 0.35303 0
-12 0.35303 0
-10.8 0.35303 -0.0222662
-9.6 0.35303 -0.00718051
-8.4 0.35303 0.00808257
-7.2 0.35303 0.0218395
-6 0.35303 0.034247
-4.8 0.35303 0.045425
-3.6 0.35303 0.0543628
-2.4 0.35303 0.0593986
-1.2 0.35303 0.0599766
0 0.35303 0.0580682
1.2 0.35303 0.0571216
2.4 0.35303 0.0585556
3.6 0.35303 0.0596899
4.8 0.35303 0.0571685
6 0.35303 0.0533278
7.2 0.35303 0.0568149
8.4 0.35303 0.0735549
9.6 0.35303 0.0968765
10.8 0.35303 0
12 0.35303 0
13.2 0.35303 0
14.4 0.35303 0
15.6 0.35303 0
16.8 0.35303 0
18 0.35303 0
19.2 0.35303 0
20.4 0.35303 0
21.6 0.35303 0
22.8 0.35303 0
24 0.35303 0
25.2 0.35303 0
26.4 0.35303 0
27.6 0.35303 0
28.8 0.35303 0
30 0.35303 0
-30 0.403535 0
-28.8 0.403535 0
-27.6 0.403535 0
-26.4 0.403535 0
-25.2 0.403535 0
-24 0.403535 0
-22.8 0.403535 0
-21.6 0.403535 0
-20.4 0.403535 0
-19.2 0.403535 0
-18 0.403535 0
-16.8 0.403535 0
-15.6 0.403535 0
-14.4 0.403535 0
-13.2 0.403535 0
-12 0.403535 0
-10.8 0.403535 -0.0225138
-9.6 0.403535 -0.00757866
-8.4 0.403535 0.00769036
-7.2 0.403535 0.0215058
-6 0.403535 0.0339638
-4.8 0.403535 0.0451754
-3.6 0.403535 0.0541503
-2.4 0.403535 0.0592422
-1.2 0.403535 0.0598775
0 0.403535 0.0579847
1.2 0.403535 0.0570014
2.4 0.403535 0.058417
3.6 0.403535 0.0596447
4.8 0.403535 0.0572938
6 0.403535 0.0534844
7.2 0.403535 0.0566596
8.4 0.403535 0.0728488
9.6 0.403535 0.0958306
10.8 0.403535 0
12 0.403535 0
13.2 0.403535 0
14.4 0.403535 0
15.6 0.403535 0
16.8 0.403535 0
18 0.403535 0
19.2 0.403535 0
20.4 0.403535 0
21.6 0.403535 0
22.8 0.403535 0
24 0.403535 0
25.2 0.403535 0
26.4 0.403535 0
27.6 0.403535 0
28.8 0.403535 0
30 0.403535 0
-30 0.45404 0
-28.8 0.45404 0
-27.6 0.45404 0
-26.4 0.45404 0
-25.2 0.45404 0
-24 0.45404 0
-22.8 0.45404 0
-21.6 0.45404 0
-20.4 0.45404 0
-19.2 0.45404 0
-18 0.45404 0
-16.8 0.45404 0
-15.6 0.45404 0
-14.4 0.45404 0
-13.2 0.45404 0
-12 0.45404 0
-10.8 0.45404 -0.0227471
-9.6 0.45404 -0.00797191
-8.4 0.45404 0.00729665
-7.2 0.45404 0.0211674
-6 0.45404 0.0336745
-4.8 0.45404 0.0449185
-3.6 0.45404 0.0539291
-2.4 0.45404 0.0590757
-1.2 0.45404 0.0597681
0 0.45404 0.057892
1.2 0.45404 0.0568735
2.4 0.45404 0.0582695
3.6 0.45404 0.0595853
4.8 0.45404 0.0574006
6 0.45404 0.0536268
7.2 0.45404 0.056504
8.4 0.45404 0.072153
9.6 0.45404 0.0947854
10.8 0.45404 0
12 0.45404 0
13.2 0.45404 0
14.4 0.45404 0
15.6 0.45404 0
16.8 0.45404 0
18 0.45404 0
19.2 0.45404 0
20.4 0.45404 0
21.6 0.45404 0
22.8 0.45404 0
24 0.45404 0
25.2 0.45404 0
26.4 0.45404 0
27.6 0.45404 0
28.8 0.45404 0
30 0.45404 0
-30 0.504545 0
-28.8 0.504545 0
-27.6 0.504545 0
-26.4 0.504545 0
-25.2 0.504545 0
-24 0.504545 0
-22.8 0.504545 0
-21.6 0.504545 0
-20.4 0.504545 0
-19.2 0.504545 0
-18 0.504545 0
-16.8 0.504545 0
-15.6 0.504545 0
-14.4 0.504545 0
-13.2 0.504545 0
-12 0.504545 0
-10.8 0.504545 -0.0229659
-9.6 0.504545 -0.00835992
-8.4 0.504545 0.00690168
-7.2 0.504545 0.0208246
-6 0.504545 0.0333792
-4.8 0.504545 0.0446544
-3.6 0.504545 0.0536992
-2.4 0.504545 0.0588992
-1.2 0.504545 0.0596481
0 0.504545 0.0577899
1.2 0.504545 0.0567378
2.4 0.504545 0.0581131
3.6 0.504545 0.059512
4.8 0.504545 0.0574891
6 0.504545 0.0537548
7.2 0.504545 0.0563476
8.4 0.504545 0.071467
9.6 0.504545 0.0937416
10.8 0.504545 0
12 0.504545 0
13.2 0.504545 0
14.4 0.504545 0
15.6 0.504545 0
16.8 0.504545 0
18 0.504545 0
19.2 0.504545 0
20.4 0.504545 0
21.6 0.504545 0
22.8 0.504545 0
24 0.504545 0
25.2 0.504545 0
26.4 0.504545 0
27.6 0.504545 0
28.8 0.504545 0
30 0.504545 0
-30 0.555051 0
-28.8 0.555051 0
-27.6 0.555051 0
-26.4 0.555051 0
-25.2 0.555051 0
-24 0.555051 0
-22.8 0.555051 0
-21.6 0.555051 0
-20.4 0.555051 0
-19.2 0.555051 0
-18 0.555051 0
-16.8 0.555051 0
-15.6 0.555051 0
-14.4 0.555051 0
-13.2 0.555051 0
-12 0.555051 0
-10.8 0.555051 -0.0231698
-9.6 0.555051 -0.00874234
-8.4 0.555051 0.00650567
-7.2 0.555051 0.0204774
-6 0.555051 0.0330779
-4.8 0.555051 0.0443831
-3.6 0.555051 0.0534606
-2.4 0.555051 0.0587126
-1.2 0.555051 0.0595177
0 0.555051 0.0576785
1.2 0.555051 0.0565942
2.4 0.555051 0.0579479
3.6 0.555051 0.059425
4.8 0.555051 0.0575594
6 0.555051 0.0538684
7.2 0.555051 0.0561899
8.4 0.555051 0.0707905
9.6 0.555051 0.0926995
10.8 0.555051 0
12 0.555051 0
13.2 0.555051 0
14.4 0.555051 0
15.6 0.555051 0
16.8 0.555051 0
18 0.555051 0
19.2 0.555051 0
20.4 0.555051 0
21.6 0.555051 0
22.8 0.555051 0
24 0.555051 0
25.2 0.555051 0
26.4 0.555051 0
27.6 0.555051 0
28.8 0.555051 0
30 0.555051 0
-30 0.605556 0
-28.8 0.605556 0
-27.6 0.605556 0
-26.4 0.605556 0
-25.2 0.605556 0
-24 0.605556 0
-22.8 0.605556 0
-21.6 0.605556 0
-20.4 0.605556 0
-19.2 0.605556 0
-18 0.605556 0
-16.8 0.605556 0
-15.6 0.605556 0
-14.4 0.605556 0
-13.2 0.605556 0
-12 0.605556 0
-10.8 0.605556 -0.0233586
-9.6 0.605556 -0.00911884
-8.4 0.605556 0.00610883
-7.2 0.605556 0.020126
-6 0.605556 0.0327708
-4.8 0.605556 0.0441048
-3.6 0.605556 0.0532134
-2.4 0.605556 0.058516
-1.2 0.605556 0.0593767
0 0.605556 0.0575577
1.2 0.605556 0.0564427
2.4 0.605556 0.0577737
3.6 0.605556 0.0593243
4.8 0.605556 0.0576116
6 0.605556 0.0539675
7.2 0.605556 0.0560302
8.4 0.605556 0.0701229
9.6 0.605556 0.0916598
10.8 0.605556 0
12 0.605556 0
13.2 0.605556 0
14.4 0.605556 0
15.6 0.605556 0
16.8 0.605556 0
18 0.605556 0
19.2 0.605556 0
20.4 0.605556 0
21.6 0.605556 0
22.8 0.605556 0
24 0.605556 0
25.2 0.605556 0
26.4 0.605556 0
27.6 0.605556 0
28.8 0.605556 0
30 0.605556 0
-30 0.656061 0
-28.8 0.656061 0
-27.6 0.656061 0
-26.4 0.656061 0
-25.2 0.656061 0
-24 0.656061 0
-22.8 0.656061 0
-21.6 0.656061 0
-20.4 0.656061 0
-19.2 0.656061 0
-18 0.656061 0
-16.8 0.656061 0
-15.6 0.656061 0
-14.4 0.656061 0
-13.2 0.656061 0
-12 0.656061 0
-10.8 0.656061 -0.0235319
-9.6 0.656061 -0.00948907
-8.4 0.656061 0.00571142
-7.2 0.656061 0.0197704
-6 0.656061 0.0324579
-4.8 0.656061 0.0438193
-3.6 0.656061 0.0529576
-2.4 0.656061 0.0583092
-1.2 0.656061 0.0592252
0 0.656061 0.0574274
1.2 0.656061 0.0562832
2.4 0.656061 0.0575906
3.6 0.656061 0.05921
4.8 0.656061 0.0576459
6 0.656061 0.0540518
7.2 0.656061 0.0558681
8.4 0.656061 0.0694638
9.6 0.656061 0.0906227
10.8 0.656061 0
12 0.656061 0
13.2 0.656061 0
14.4 0.656061 0
15.6 0.656061 0
16.8 0.656061 0
18 0.656061 0
19.2 0.656061 0
20.4 0.656061 0
21.6 0.656061 0
22.8 0.656061 0
24 0.656061 0
25.2 0.656061 0
26.4 0.656061 0
27.6 0.656061 0
28.8 0.656061 0
30 0.656061 0
-30 0.706566 0
-28.8 0.706566 0
-27.6 0.706566 0
-26.4 0.706566 0
-25.2 0.706566 0
-24 0.706566 0
-22.8 0.706566 0
-21.6 0.706566 0
-20.4 0.706566 0
-19.2 0.706566 0
-18 0.706566 0
-16.8 0.706566 0
-15.6 0.706566 0
-14.4 0.706566 0
-13.2 0.706566 0
-12 0.706566 0
-10.8 0.706566 -0.0236895
-9.6 0.706566 -0.00985268
-8.4 0.706566 0.00531366
-7.2 0.706566 0.0194108
-6 0.706566 0.0321393
-4.8 0.706566 0.0435267
-3.6 0.706566 0.0526933
-2.4 0.706566 0.0580925
-1.2 0.706566 0.0590631
0 0.706566 0.0572875
1.2 0.706566 0.0561156
2.4 0.706566 0.0573985
3.6 0.706566 0.0590823
4.8 0.706566 0.0576625
6 0.706566 0.0541213
7.2 0.706566 0.0557031
8.4 0.706566 0.0688128
9.6 0.706566 0.0895886
10.8 0.706566 0
12 0.706566 0
13.2 0.706566 0
14.4 0.706566 0
15.6 0.706566 0
16.8 0.706566 0
18 0.706566 0
19.2 0.706566 0
20.4 0.706566 0
21.6 0.706566 0
22.8 0.706566 0
24 0.706566 0
25.2 0.706566 0
26.4 0.706566 0
27.6 0.706566 0
28.8 0.706566 0
30 0.706566 0
-30 0.757071 0
-28.8 0.757071 0
-27.6 0.757071 0
-26.4 0.757071 0
-25.2 0.757071 0
-24 0.757071 0
-22.8 0.757071 0
-21.6 0.757071 0
-20.4 0.757071 0
-19.2 0.757071 0
-18 0.757071 0
-16.8 0.757071 0
-15.6 0.757071 0
-14.4 0.757071 0
-13.2 0.757071 0
-12 0.757071 0
-10.8 0.757071 -0.023831
-9.6 0.757071 -0.0102093
-8.4 0.757071 0.00491581
-7.2 0.757071 0.0190473
-6 0.757071 0.0318149
-4.8 0.757071 0.0432272
-3.6 0.757071 0.0524203
-2.4 0.757071 0.0578656
-1.2 0.757071 0.0588904
0 0.757071 0.0571379
1.2 0.757071 0.0559398
2.4 0.757071 0.0571975
3.6 0.757071 0.0589414
4.8 0.757071 0.0576616
6 0.757071 0.054176
7.2 0.757071 0.0555347
8.4 0.757071 0.0681693
9.6 0.757071 0.0885578
10.8 0.757071 0
12 0.757071 0
13.2 0.757071 0
14.4 0.757071 0
15.6 0.757071 0
16.8 0.757071 0
18 0.757071 0
19.2 0.757071 0
20.4 0.757071 0
21.6 0.757071 0
22.8 0.757071 0
24 0.757071 0
25.2 0.757071 0
26.4 0.757071 0
27.6 0.757071 0
28.8 0.757071 0
30 0.757071 0
-30 0.807576 0
-28.8 0.807576 0
-27.6 0.807576 0
-26.4 0.807576 0
-25.2 0.807576 0
-24 0.807576 0
-22.8 0.807576 0
-21.6 0.807576 0
-20.4 0.807576 0
-19.2 0.807576 0
-18 0.807576 0
-16.8 0.807576 0
-15.6 0.807576 0
-14.4 0.807576 0
-13.2 0.807576 0
-12 0.807576 0
-10.8 0.807576 -0.0239563
-9.6 0.807576 -0.0105587
-8.4 0.807576 0.0045181
-7.2 0.807576 0.0186801
-6 0.807576 0.031485
-4.8 0.807576 0.0429206
-3.6 0.807576 0.0521388
-2.4 0.807576 0.0576287
-1.2 0.807576 0.058707
0 0.807576 0.0569787
1.2 0.807576 0.0557557
2.4 0.807576 0.0569875
3.6 0.807576 0.0587872
4.8 0.807576 0.0576432
6 0.807576 0.0542156
7.2 0.807576 0.0553624
8.4 0.807576 0.0675329
9.6 0.807576 0.0875306
10.8 0.807576 0
12 0.807576 0
13.2 0.807576 0
14.4 0.807576 0
15.6 0.807576 0
16.8 0.807576 0
18 0.807576 0
19.2 0.807576 0
20.4 0.807576 0
21.6 0.807576 0
22.8 0.807576 0
24 0.807576 0
25.2 0.807576 0
26.4 0.807576 0
27.6 0.807576 0
28.8 0.807576 0
30 0.807576 0
-30 0.858081 0
-28.8 0.858081 0
-27.6 0.858081 0
-26.4 0.858081 0
-25.2 0.858081 0
-24 0.858081 0
-22.8 0.858081 0
-21.6 0.858081 0
-20.4 0.858081 0
-19.2 0.858081 0
-18 0.858081 0
-16.8 0.858081 0
-15.6 0.858081 0
-14.4 0.858081 0
-13.2 0.858081 0
-12 0.858081 0
-10.8 0.858081 -0.0240651
-9.6 0.858081 -0.0109004
-8.4 0.858081 0.00412081
-7.2 0.858081 0.0183092
-6 0.858081 0.0311494
-4.8 0.858081 0.0426072
-3.6 0.858081 0.0518488
-2.4 0.858081 0.0573817
-1.2 0.858081 0.058513
0 0.858081 0.0568097
1.2 0.858081 0.0555633
2.4 0.858081 0.0567685
3.6 0.858081 0.05862
4.8 0.858081 0.0576076
6 0.858081 0.0542403
7.2 0.858081 0.0551857
8.4 0.858081 0.0669031
9.6 0.858081 0.0865072
10.8 0.858081 0
12 0.858081 0
13.2 0.858081 0
14.4 0.858081 0
15.6 0.858081 0
16.8 0.858081 0
18 0.858081 0
19.2 0.858081 0
20.4 0.858081 0
21.6 0.858081 0
22.8 0.858081 0
24 0.858081 0
25.2 0.858081 0
26.4 0.858081 0
27.6 0.858081 0
28.8 0.858081 0
30 0.858081 0
-30 0.908586 0
-28.8 0.908586 0
-27.6 0.908586 0
-26.4 0.908586 0
-25.2 0.908586 0
-24 0.908586 0
-22.8 0.908586 0
-21.6 0.908586 0
-20.4 0.908586 0
-19.2 0.908586 0
-18 0.908586 0
-16.8 0.908586 0
-15.6 0.908586 0
-14.4 0.908586 0
-13.2 0.908586 0
-12 0.908586 0
-10.8 0.908586 -0.0241572
-9.6 0.908586 -0.0112341
-8.4 0.908586 0.00372419
-7.2 0.908586 0.0179349
-6 0.908586 0.0308085
-4.8 0.908586 0.0422868
-3.6 0.908586 0.0515503
-2.4 0.908586 0.0571247
-1.2 0.908586 0.0583082
0 0.908586 0.0566308
1.2 0.908586 0.0553625
2.4 0.908586 0.0565404
3.6 0.908586 0.0584397
4.8 0.908586 0.0575549
6 0.908586 0.0542498
7.2 0.908586 0.0550042
8.4 0.908586 0.0662795
9.6 0.908586 0.0854878
10.8 0.908586 0
12 0.908586 0
13.2 0.908586 0
14.4 0.908586 0
15.6 0.908586 0
16.8 0.908586 0
18 0.908586 0
19.2 0.908586 0
20.4 0.908586 0
21.6 0.908586 0
22.8 0.908586 0
24 0.908586 0
25.2 0.908586 0
26.4 0.908586 0
27.6 0.908586 0
28.8 0.908586 0
30 0.908586 0
-30 0.959091 0
-28.8 0.959091 0
-27.6 0.959091 0
-26.4 0.959091 0
-25.2 0.959091 0
-24 0.959091 0
-22.8 0.959091 0
-21.6 0.959091 0
-20.4 0.959091 0
-19.2 0.959091 0
-18 0.959091 0
-16.8 0.959091 0
-15.6 0.959091 0
-14.4 0.959091 0
-13.2 0.959091 0
-12 0.959091 0
-10.8 0.959091 -0.0242324
-9.6 0.959091 -0.0115594
-8.4 0.959091 0.00332849
-7.2 0.959091 0.0175572
-6 0.959091 0.030462
-4.8 0.959091 0.0419595
-3.6 0.959091 0.0512433
-2.4 0.959091 0.0568575
-1.2 0.959091 0.0580926
0 0.959091 0.056442
1.2 0.959091 0.0551531
2.4 0.959091 0.0563032
3.6 0.959091 0.0582465
4.8 0.959091 0.0574853
6 0.959091 0.0542442
7.2 0.959091 0.0548175
8.4 0.959091 0.0656614
9.6 0.959091 0.0844725
10.8 0.959091 0
12 0.959091 0
13.2 0.959091 0
14.4 0.959091 0
15.6 0.959091 0
16.8 0.959091 0
18 0.959091 0
19.2 0.959091 0
20.4 0.959091 0
21.6 0.959091 0
22.8 0.959091 0
24 0.959091 0
25.2 0.959091 0
26.4 0.959091 0
27.6 0.959091 0
28.8 0.959091 0
30 0.959091 0
-30 1.0096 0
-28.8 1.0096 0
-27.6 1.0096 0
-26.4 1.0096 0
-25.2 1.0096 0
-24 1.0096 0
-22.8 1.0096 0
-21.6 1.0096 0
-20.4 1.0096 0
-19.2 1.0096 0
-18 1.0096 0
-16.8 1.0096 0
-15.6 1.0096 0
-14.4 1.0096 0
-13.2 1.0096 0
-12 1.0096 0
-10.8 1.0096 -0.0242903
-9.6 1.0096 -0.011876
-8.4 1.0096 0.002934
-7.2 1.0096 0.0171763
-6 1.0096 0.0301103
-4.8 1.0096 0.0416255
-3.6 1.0096 0.0509278
-2.4 1.0096 0.0565803
-1.2 1.0096 0.0578663
0 1.0096 0.0562432
1.2 1.0096 0.0549351
2.4 1.0096 0.0560569
3.6 1.0096 0.0580405
4.8 1.0096 0.0573988
6 1.0096 0.0542233
7.2 1.0096 0.0546252
8.4 1.0096 0.0650484
9.6 1.0096 0.0834613
10.8 1.0096 0
12 1.0096 0
13.2 1.0096 0
14.4 1.0096 0
15.6 1.0096 0
16.8 1.0096 0
18 1.0096 0
19.2 1.0096 0
20.4 1.0096 0
21.6 1.0096 0
22.8 1.0096 0
24 1.0096 0
25.2 1.0096 0
26.4 1.0096 0
27.6 1.0096 0
28.8 1.0096 0
30 1.0096 0
-30 1.0601 0
-28.8 1.0601 0
-27.6 1.0601 0
-26.4 1.0601 0
-25.2 1.0601 0
-24 1.0601 0
-22.8 1.0601 0
-21.6 1.0601 0
-20.4 1.0601 0
-19.2 1.0601 0
-18 1.0601 0
-16.8 1.0601 0
-15.6 1.0601 0
-14.4 1.0601 0
-13.2 1.0601 0
-12 1.0601 0
-10.8 1.0601 -0.024331
-9.6 1.0601 -0.0121836
-8.4 1.0601 0.002541
-7.2 1.0601 0.0167925
-6 1.0601 0.0297533
-4.8 1.0601 0.0412846
-3.6 1.0601 0.0506039
-2.4 1.0601 0.056293
-1.2 1.0601 0.0576291
0 1.0601 0.0560344
1.2 1.0601 0.0547085
2.4 1.0601 0.0558015
3.6 1.0601 0.0578217
4.8 1.0601 0.0572956
6 1.0601 0.0541872
7.2 1.0601 0.0544269
8.4 1.0601 0.06444
9.6 1.0601 0.0824545
10.8 1.0601 0
12 1.0601 0
13.2 1.0601 0
14.4 1.0601 0
15.6 1.0601 0
16.8 1.0601 0
18 1.0601 0
19.2 1.0601 0
20.4 1.0601 0
21.6 1.0601 0
22.8 1.0601 0
24 1.0601 0
25.2 1.0601 0
26.4 1.0601 0
27.6 1.0601 0
28.8 1.0601 0
30 1.0601 0
-30 1.11061 0
-28.8 1.11061 0
-27.6 1.11061 0
-26.4 1.11061 0
-25.2 1.11061 0
-24 1.11061 0
-22.8 1.11061 0
-21.6 1.11061 0
-20.4 1.11061 0
-19.2 1.11061 0
-18 1.11061 0
-16.8 1.11061 0
-15.6 1.11061 0
-14.4 1.11061 0
-13.2 1.11061 0
-12 1.11061 0
-10.8 1.11061 -0.0243541
-9.6 1.11061 -0.0124819
-8.4 1.11061 0.00214975
-7.2 1.11061 0.0164057
-6 1.11061 0.0293911
-4.8 1.11061 0.040937
-3.6 1.11061 0.0502716
-2.4 1.11061 0.0559955
-1.2 1.11061 0.057381
0 1.11061 0.0558155
1.2 1.11061 0.0544731
2.4 1.11061 0.0555368
3.6 1.11061 0.0575902
4.8 1.11061 0.0571758
6 1.11061 0.0541359
7.2 1.11061 0.0542221
8.4 1.11061 0.0638358
9.6 1.11061 0.0814519
10.8 1.11061 0
12 1.11061 0
13.2 1.11061 0
14.4 1.11061 0
15.6 1.11061 0
16.8 1.11061 0
18 1.11061 0
19.2 1.11061 0
20.4 1.11061 0
21.6 1.11061 0
22.8 1.11061 0
24 1.11061 0
25.2 1.11061 0
26.4 1.11061 0
27.6 1.11061 0
28.8 1.11061 0
30 1.11061 0
-30 1.16111 0
-28.8 1.16111 0
-27.6 1.16111 0
-26.4 1.16111 0
-25.2 1.16111 0
-24 1.16111 0
-22.8 1.16111 0
-21.6 1.16111 0
-20.4 1.16111 0
-19.2 1.16111 0
-18 1.16111 0
-16.8 1.16111 0
-15.6 1.16111 0
-14.4 1.16111 0
-13.2 1.16111 0
-12 1.16111 0
-10.8 1.16111 -0.0243595
-9.6 1.16111 -0.0127704
-8.4 1.16111 0.00176054
-7.2 1.16111 0.0160162
-6 1.16111 0.0290238
-4.8 1.16111 0.0405828
-3.6 1.16111 0.0499308
-2.4 1.16111 0.055688
-1.2 1.16111 0.0571221
0 1.16111 0.0555863
1.2 1.16111 0.0542288
2.4 1.16111 0.0552629
3.6 1.16111 0.057346
4.8 1.16111 0.0570396
6 1.16111 0.0540692
7.2 1.16111 0.0540106
8.4 1.16111 0.0632352
9.6 1.16111 0.0804536
10.8 1.16111 0
12 1.16111 0
13.2 1.16111 0
14.4 1.16111 0
15.6 1.16111 0
16.8 1.16111 0
18 1.16111 0
19.2 1.16111 0
20.4 1.16111 0
21.6 1.16111 0
22.8 1.16111 0
24 1.16111 0
25.2 1.16111 0
26.4 1.16111 0
27.6 1.16111 0
28.8 1.16111 0
30 1.16111 0
-30 1.21162 0
-28.8 1.21162 0
-27.6 1.21162 0
-26.4 1.21162 0
-25.2 1.21162 0
-24 1.21162 0
-22.8 1.21162 0
-21.6 1.21162 0
-20.4 1.21162 0
-19.2 1.21162 0
-18 1.21162 0
-16.8 1.21162 0
-15.6 1.21162 0
-14.4 1.21162 0
-13.2 1.21162 0
-12 1.21162 0
-10.8 1.21162 -0.0243472
-9.6 1.21162 -0.0130489
-8.4 1.21162 0.00137368
-7.2 1.21162 0.0156242
-6 1.21162 0.0286514
-4.8 1.21162 0.0402218
-3.6 1.21162 0.0495817
-2.4 1.21162 0.0553704
-1.2 1.21162 0.0568521
0 1.21162 0.0553469
1.2 1.21162 0.0539755
2.4 1.21162 0.0549797
3.6 1.21162 0.0570893
4.8 1.21162 0.056887
6 1.21162 0.0539872
7.2 1.21162 0.053792
8.4 1.21162 0.0626377
9.6 1.21162 0.0794596
10.8 1.21162 0
12 1.21162 0
13.2 1.21162 0
14.4 1.21162 0
15.6 1.21162 0
16.8 1.21162 0
18 1.21162 0
19.2 1.21162 0
20.4 1.21162 0
21.6 1.21162 0
22.8 1.21162 0
24 1.21162 0
25.2 1.21162 0
26.4 1.21162 0
27.6 1.21162 0
28.8 1.21162 0
30 1.21162 0
-30 1.26212 0
-28.8 1.26212 0
-27.6 1.26212 0
-26.4 1.26212 0
-25.2 1.26212 0
-24 1.26212 0
-22.8 1.26212 0
-21.6 1.26212 0
-20.4 1.26212 0
-19.2 1.26212 0
-18 1.26212 0
-16.8 1.26212 0
-15.6 1.26212 0
-14.4 1.26212 0
-13.2 1.26212 0
-12 1.26212 0
-10.8 1.26212 -0.0243169
-9.6 1.26212 -0.0133169
-8.4 1.26212 0.000989437
-7.2 1.26212 0.0152299
-6 1.26212 0.0282742
-4.8 1.26212 0.0398543
-3.6 1.26212 0.0492241
-2.4 1.26212 0.0550426
-1.2 1.26212 0.0565712
0 1.26212 0.0550971
1.2 1.26212 0.0537133
2.4 1.26212 0.0546872
3.6 1.26212 0.0568201
4.8 1.26212 0.0567182
6 1.26212 0.0538898
7.2 1.26212 0.053566
8.4 1.26212 0.0620429
9.6 1.26212 0.0784697
10.8 1.26212 0
12 1.26212 0
13.2 1.26212 0
14.4 1.26212 0
15.6 1.26212 0
16.8 1.26212 0
18 1.26212 0
19.2 1.26212 0
20.4 1.26212 0
21.6 1.26212 0
22.8 1.26212 0
24 1.26212 0
25.2 1.26212 0
26.4 1.26212 0
27.6 1.26212 0
28.8 1.26212 0
30 1.26212 0
-30 1.31263 0
-28.8 1.31263 0
-27.6 1.31263 0
-26.4 1.31263 0
-25.2 1.31263 0
-24 1.31263 0
-22.8 1.31263 0
-21.6 1.31263 0
-20.4 1.31263 0
-19.2 1.31263 0
-18 1.31263 0
-16.8 1.31263 0
-15.6 1.31263 0
-14.4 1.31263 0
-13.2 1.31263 0
-12 1.31263 0
-10.8 1.31263 -0.0242686
-9.6 1.31263 -0.0135743
-8.4 1.31263 0.00060813
-7.2 1.31263 0.0148334
-6 1.31263 0.027892
-4.8 1.31263 0.0394801
-3.6 1.31263 0.0488583
-2.4 1.31263 0.0547047
-1.2 1.31263 0.0562793
0 1.31263 0.054837
1.2 1.31263 0.0534419
2.4 1.31263 0.0543853
3.6 1.31263 0.0565383
4.8 1.31263 0.0565333
6 1.31263 0.053777
7.2 1.31263 0.0533322
8.4 1.31263 0.0614503
9.6 1.31263 0.0774839
10.8 1.31263 0
12 1.31263 0
13.2 1.31263 0
14.4 1.31263 0
15.6 1.31263 0
16.8 1.31263 0
18 1.31263 0
19.2 1.31263 0
20.4 1.31263 0
21.6 1.31263 0
22.8 1.31263 0
24 1.31263 0
25.2 1.31263 0
26.4 1.31263 0
27.6 1.31263 0
28.8 1.31263 0
30 1.31263 0
-30 1.36313 0
-28.8 1.36313 0
-27.6 1.36313 0
-26.4 1.36313 0
-25.2 1.36313 0
-24 1.36313 0
-22.8 1.36313 0
-21.6 1.36313 0
-20.4 1.36313 0
-19.2 1.36313 0
-18 1.36313 0
-16.8 1.36313 0
-15.6 1.36313 0
-14.4 1.36313 0
-13.2 1.36313 0
-12 1.36313 0
-10.8 1.36313 -0.0242021
-9.6 1.36313 -0.0138206
-8.4 1.36313 0.000230056
-7.2 1.36313 0.0144348
-6 1.36313 0.0275052
-4.8 1.36313 0.0390995
-3.6 1.36313 0.0484841
-2.4 1.36313 0.0543567
-1.2 1.36313 0.0559762
0 1.36313 0.0545663
1.2 1.36313 0.0531613
2.4 1.36313 0.0540739
3.6 1.36313 0.0562442
4.8 1.36313 0.0563324
6 1.36313 0.0536489
7.2 1.36313 0.0530903
8.4 1.36313 0.0608595
9.6 1.36313 0.0765021
10.8 1.36313 0
12 1.36313 0
13.2 1.36313 0
14.4 1.36313 0
15.6 1.36313 0
16.8 1.36313 0
18 1.36313 0
19.2 1.36313 0
20.4 1.36313 0
21.6 1.36313 0
22.8 1.36313 0
24 1.36313 0
25.2 1.36313 0
26.4 1.36313 0
27.6 1.36313 0
28.8 1.36313 0
30 1.36313 0
-30 1.41364 0
-28.8 1.41364 0
-27.6 1.41364 0
-26.4 1.41364 0
-25.2 1.41364 0
-24 1.41364 0
-22.8 1.41364 0
-21.6 1.41364 0
-20.4 1.41364 0
-19.2 1.41364 0
-18 1.41364 0
-16.8 1.41364 0
-15.6 1.41364 0
-14.4 1.41364 0
-13.2 1.41364 0
-12 1.41364 0
-10.8 1.41364 -0.0241176
-9.6 1.41364 -0.0140555
-8.4 1.41364 -0.000144474
-7.2 1.41364 0.0140345
-6 1.41364 0.0271136
-4.8 1.41364 0.0387124
-3.6 1.41364 0.0481016
-2.4 1.41364 0.0539985
-1.2 1.41364 0.055662
0 1.41364 0.054285
1.2 1.41364 0.0528714
2.4 1.41364 0.0537531
3.6 1.41364 0.0559376
4.8 1.41364 0.0561155
6 1.41364 0.0535053
7.2 1.41364 0.0528401
8.4 1.41364 0.0602698
9.6 1.41364 0.0755241
10.8 1.41364 0
12 1.41364 0
13.2 1.41364 0
14.4 1.41364 0
15.6 1.41364 0
16.8 1.41364 0
18 1.41364 0
19.2 1.41364 0
20.4 1.41364 0
21.6 1.41364 0
22.8 1.41364 0
24 1.41364 0
25.2 1.41364 0
26.4 1.41364 0
27.6 1.41364 0
28.8 1.41364 0
30 1.41364 0
-30 1.46414 0
-28.8 1.46414 0
-27.6 1.46414 0
-26.4 1.46414 0
-25.2 1.46414 0
-24 1.46414 0
-22.8 1.46414 0
-21.6 1.46414 0
-20.4 1.46414 0
-19.2 1.46414 0
-18 1.46414 0
-16.8 1.46414 0
-15.6 1.46414 0
-14.4 1.46414 0
-13.2 1.46414 0
-12 1.46414 0
-10.8 1.46414 -0.0240148
-9.6 1.46414 -0.0142788
-8.4 1.46414 -0.000515149
-7.2 1.46414 0.0136326
-6 1.46414 0.0267175
-4.8 1.46414 0.0383188
-3.6 1.46414 0.0477108
-2.4 1.46414 0.0536302
-1.2 1.46414 0.0553367
0 1.46414 0.0539931
1.2 1.46414 0.0525721
2.4 1.46414 0.0534227
3.6 1.46414 0.0556186
4.8 1.46414 0.0558828
6 1.46414 0.0533463
7.2 1.46414 0.0525813
8.4 1.46414 0.059681
9.6 1.46414 0.0745498
10.8 1.46414 0
12 1.46414 0
13.2 1.46414 0
14.4 1.46414 0
15.6 1.46414 0
16.8 1.46414 0
18 1.46414 0
19.2 1.46414 0
20.4 1.46414 0
21.6 1.46414 0
22.8 1.46414 0
24 1.46414 0
25.2 1.46414 0
26.4 1.46414 0
27.6 1.46414 0
28.8 1.46414 0
30 1.46414 0
-30 1.51465 0
-28.8 1.51465 0
-27.6 1.51465 0
-26.4 1.51465 0
-25.2 1.51465 0
-24 1.51465 0
-22.8 1.51465 0
-21.6 1.51465 0
-20.4 1.51465 0
-19.2 1.51465 0
-18 1.51465 0
-16.8 1.51465 0
-15.6 1.51465 0
-14.4 1.51465 0
-13.2 1.51465 0
-12 1.51465 0
-10.8 1.51465 -0.0238937
-9.6 1.51465 -0.01449
-8.4 1.51465 -0.000881651
-7.2 1.51465 0.0132292
-6 1.51465 0.0263169
-4.8 1.51465 0.0379188
-3.6 1.51465 0.0473117
-2.4 1.51465 0.0532517
-1.2 1.51465 0.0550002
0 1.51465 0.0536904
1.2 1.51465 0.0522633
2.4 1.51465 0.0530827
3.6 1.51465 0.0552873
4.8 1.51465 0.0556343
6 1.51465 0.0531719
7.2 1.51465 0.0523137
8.4 1.51465 0.0590926
9.6 1.51465 0.0735789
10.8 1.51465 0
12 1.51465 0
13.2 1.51465 0
14.4 1.51465 0
15.6 1.51465 0
16.8 1.51465 0
18 1.51465 0
19.2 1.51465 0
20.4 1.51465 0
21.6 1.51465 0
22.8 1.51465 0
24 1.51465 0
25.2 1.51465 0
26.4 1.51465 0
27.6 1.51465 0
28.8 1.51465 0
30 1.51465 0
-30 1.56515 0
-28.8 1.56515 0
-27.6 1.56515 0
-26.4 1.56515 0
-25.2 1.56515 0
-24 1.56515 0
-22.8 1.56515 0
-21.6 1.56515 0
-20.4 1.56515 0
-19.2 1.56515 0
-18 1.56515 0
-16.8 1.56515 0
-15.6 1.56515 0
-14.4 1.56515 0
-13.2 1.56515 0
-12 1.56515 0
-10.8 1.56515 -0.0237545
-9.6 1.56515 -0.0146889
-8.4 1.56515 -0.00124366
-7.2 1.56515 0.0128247
-6 1.56515 0.025912
-4.8 1.56515 0.0375125
-3.6 1.56515 0.0469044
-2.4 1.56515 0.052863
-1.2 1.56515 0.0546523
0 1.56515 0.0533769
1.2 1.56515 0.0519449
2.4 1.56515 0.0527331
3.6 1.56515 0.0549437
4.8 1.56515 0.0553701
6 1.56515 0.052982
7.2 1.56515 0.0520369
8.4 1.56515 0.0585041
9.6 1.56515 0.0726114
10.8 1.56515 0
12 1.56515 0
13.2 1.56515 0
14.4 1.56515 0
15.6 1.56515 0
16.8 1.56515 0
18 1.56515 0
19.2 1.56515 0
20.4 1.56515 0
21.6 1.56515 0
22.8 1.56515 0
24 1.56515 0
25.2 1.56515 0
26.4 1.56515 0
27.6 1.56515 0
28.8 1.56515 0
30 1.56515 0
-30 1.61566 0
-28.8 1.61566 0
-27.6 1.61566 0
-26.4 1.61566 0
-25.2 1.61566 0
-24 1.61566 0
-22.8 1.61566 0
-21.6 1.61566 0
-20.4 1.61566 0
-19.2 1.61566 0
-18 1.61566 0
-16.8 1.61566 0
-15.6 1.61566 0
-14.4 1.61566 0
-13.2 1.61566 0
-12 1.61566 0
-10.8 1.61566 -0.0235971
-9.6 1.61566 -0.0148753
-8.4 1.61566 -0.00160085
-7.2 1.61566 0.0124192
-6 1.61566 0.0255028
-4.8 1.61566 0.0370999
-3.6 1.61566 0.0464888
-2.4 1.61566 0.0524642
-1.2 1.61566 0.0542932
0 1.61566 0.0530525
1.2 1.61566 0.0516169
2.4 1.61566 0.0523738
3.6 1.61566 0.0545877
4.8 1.61566 0.0550903
6 1.61566 0.0527767
7.2 1.61566 0.0517507
8.4 1.61566 0.0579151
9.6 1.61566 0.0716469
10.8 1.61566 0
12 1.61566 0
13.2 1.61566 0
14.4 1.61566 0
15.6 1.61566 0
16.8 1.61566 0
18 1.61566 0
19.2 1.61566 0
20.4 1.61566 0
21.6 1.61566 0
22.8 1.61566 0
24 1.61566 0
25.2 1.61566 0
26.4 1.61566 0
27.6 1.61566 0
28.8 1.61566 0
30 1.61566 0
-30 1.66616 0
-28.8 1.66616 0
-27.6 1.66616 0
-26.4 1.66616 0
-25.2 1.66616 0
-24 1.66616 0
-22.8 1.66616 0
-21.6 1.66616 0
-20.4 1.66616 0
-19.2 1.66616 0
-18 1.66616 0
-16.8 1.66616 0
-15.6 1.66616 0
-14.4 1.66616 0
-13.2 1.66616 0
-12 1.66616 0
-10.8 1.66616 -0.0234215
-9.6 1.66616 -0.0150487
-8.4 1.66616 -0.00195289
-7.2 1.66616 0.012013
-6 1.66616 0.0250894
-4.8 1.66616 0.0366811
-3.6 1.66616 0.046065
-2.4 1.66616 0.0520551
-1.2 1.66616 0.0539228
0 1.66616 0.0527171
1.2 1.66616 0.0512791
2.4 1.66616 0.0520047
3.6 1.66616 0.0542195
4.8 1.66616 0.0547948
6 1.66616 0.0525559
7.2 1.66616 0.051455
8.4 1.66616 0.0573252
9.6 1.66616 0.0706852
10.8 1.66616 0
12 1.66616 0
13.2 1.66616 0
14.4 1.66616 0
15.6 1.66616 0
16.8 1.66616 0
18 1.66616 0
19.2 1.66616 0
20.4 1.66616 0
21.6 1.66616 0
22.8 1.66616 0
24 1.66616 0
25.2 1.66616 0
26.4 1.66616 0
27.6 1.66616 0
28.8 1.66616 0
30 1.66616 0
-30 1.71667 0
-28.8 1.71667 0
-27.6 1.71667 0
-26.4 1.71667 0
-25.2 1.71667 0
-24 1.71667 0
-22.8 1.71667 0
-21.6 1.71667 0
-20.4 1.71667 0
-19.2 1.71667 0
-18 1.71667 0
-16.8 1.71667 0
-15.6 1.71667 0
-14.4 1.71667 0
-13.2 1.71667 0
-12 1.71667 0
-10.8 1.71667 -0.0232279
-9.6 1.71667 -0.015209
-8.4 1.71667 -0.00229945
-7.2 1.71667 0.0116062
-6 1.71667 0.0246721
-4.8 1.71667 0.036256
-3.6 1.71667 0.045633
-2.4 1.71667 0.0516359
-1.2 1.71667 0.0535409
0 1.71667 0.0523706
1.2 1.71667 0.0509314
2.4 1.71667 0.0516258
3.6 1.71667 0.053839
4.8 1.71667 0.0544839
6 1.71667 0.0523195
7.2 1.71667 0.0511494
8.4 1.71667 0.0567341
9.6 1.71667 0.0697262
10.8 1.71667 0
12 1.71667 0
13.2 1.71667 0
14.4 1.71667 0
15.6 1.71667 0
16.8 1.71667 0
18 1.71667 0
19.2 1.71667 0
20.4 1.71667 0
21.6 1.71667 0
22.8 1.71667 0
24 1.71667 0
25.2 1.71667 0
26.4 1.71667 0
27.6 1.71667 0
28.8 1.71667 0
30 1.71667 0
-30 1.76717 0
-28.8 1.76717 0
-27.6 1.76717 0
-26.4 1.76717 0
-25.2 1.76717 0
-24 1.76717 0
-22.8 1.76717 0
-21.6 1.76717 0
-20.4 1.76717 0
-19.2 1.76717 0
-18 1.76717 0
-16.8 1.76717 0
-15.6 1.76717 0
-14.4 1.76717 0
-13.2 1.76717 0
-12 1.76717 0
-10.8 1.76717 -0.0230163
-9.6 1.76717 -0.0153559
-8.4 1.76717 -0.0026402
-7.2 1.76717 0.0111991
-6 1.76717 0.0242508
-4.8 1.76717 0.0358248
-3.6 1.76717 0.0451928
-2.4 1.76717 0.0512064
-1.2 1.76717 0.0531475
0 1.76717 0.052013
1.2 1.76717 0.0505737
2.4 1.76717 0.051237
3.6 1.76717 0.0534463
4.8 1.76717 0.0541575
6 1.76717 0.0520677
7.2 1.76717 0.0508338
8.4 1.76717 0.0561412
9.6 1.76717 0.0687695
10.8 1.76717 0
12 1.76717 0
13.2 1.76717 0
14.4 1.76717 0
15.6 1.76717 0
16.8 1.76717 0
18 1.76717 0
19.2 1.76717 0
20.4 1.76717 0
21.6 1.76717 0
22.8 1.76717 0
24 1.76717 0
25.2 1.76717 0
26.4 1.76717 0
27.6 1.76717 0
28.8 1.76717 0
30 1.76717 0
-30 1.81768 0
-28.8 1.81768 0
-27.6 1.81768 0
-26.4 1.81768 0
-25.2 1.81768 0
-24 1.81768 0
-22.8 1.81768 0
-21.6 1.81768 0
-20.4 1.81768 0
-19.2 1.81768 0
-18 1.81768 0
-16.8 1.81768 0
-15.6 1.81768 0
-14.4 1.81768 0
-13.2 1.81768 0
-12 1.81768 0
-10.8 1.81768 -0.0227869
-9.6 1.81768 -0.015489
-8.4 1.81768 -0.0029748
-7.2 1.81768 0.010792
-6 1.81768 0.0238257
-4.8 1.81768 0.0353876
-3.6 1.81768 0.0447445
-2.4 1.81768 0.0507667
-1.2 1.81768 0.0527427
0 1.81768 0.0516441
1.2 1.81768 0.050206
2.4 1.81768 0.0508383
3.6 1.81768 0.0530413
4.8 1.81768 0.0538157
6 1.81768 0.0518003
7.2 1.81768 0.0505079
8.4 1.81768 0.0555463
9.6 1.81768 0.0678149
10.8 1.81768 0
12 1.81768 0
13.2 1.81768 0
14.4 1.81768 0
15.6 1.81768 0
16.8 1.81768 0
18 1.81768 0
19.2 1.81768 0
20.4 1.81768 0
21.6 1.81768 0
22.8 1.81768 0
24 1.81768 0
25.2 1.81768 0
26.4 1.81768 0
27.6 1.81768 0
28.8 1.81768 0
30 1.81768 0
-30 1.86818 0
-28.8 1.86818 0
-27.6 1.86818 0
-26.4 1.86818 0
-25.2 1.86818 0
-24 1.86818 0
-22.8 1.86818 0
-21.6 1.86818 0
-20.4 1.86818 0
-19.2 1.86818 0
-18 1.86818 0
-16.8 1.86818 0
-15.6 1.86818 0
-14.4 1.86818 0
-13.2 1.86818 0
-12 1.86818 0
-10.8 1.86818 -0.0225398
-9.6 1.86818 -0.0156082
-8.4 1.86818 -0.0033029
-7.2 1.86818 0.010385
-6 1.86818 0.023397
-4.8 1.86818 0.0349442
-3.6 1.86818 0.044288
-2.4 1.86818 0.0503168
-1.2 1.86818 0.0523263
0 1.86818 0.0512638
1.2 1.86818 0.0498281
2.4 1.86818 0.0504296
3.6 1.86818 0.0526241
4.8 1.86818 0.0534586
6 1.86818 0.0515174
7.2 1.86818 0.0501717
8.4 1.86818 0.054949
9.6 1.86818 0.0668622
10.8 1.86818 0
12 1.86818 0
13.2 1.86818 0
14.4 1.86818 0
15.6 1.86818 0
16.8 1.86818 0
18 1.86818 0
19.2 1.86818 0
20.4 1.86818 0
21.6 1.86818 0
22.8 1.86818 0
24 1.86818 0
25.2 1.86818 0
26.4 1.86818 0
27.6 1.86818 0
28.8 1.86818 0
30 1.86818 0
-30 1.91869 0
-28.8 1.91869 0
-27.6 1.91869 0
-26.4 1.91869 0
-25.2 1.91869 0
-24 1.91869 0
-22.8 1.91869 0
-21.6 1.91869 0
-20.4 1.91869 0
-19.2 1.91869 0
-18 1.91869 0
-16.8 1.91869 0
-15.6 1.91869 0
-14.4 1.91869 0
-13.2 1.91869 0
-12 1.91869 0
-10.8 1.91869 -0.0222752
-9.6 1.91869 -0.0157131
-8.4 1.91869 -0.00362417
-7.2 1.91869 0.00997853
-6 1.91869 0.0229647
-4.8 1.91869 0.0344949
-3.6 1.91869 0.0438233
-2.4 1.91869 0.0498567
-1.2 1.91869 0.0518983
0 1.91869 0.0508722
1.2 1.91869 0.0494399
2.4 1.91869 0.0500108
3.6 1.91869 0.0521946
4.8 1.91869 0.053086
6 1.91869 0.0512188
7.2 1.91869 0.0498247
8.4 1.91869 0.0543489
9.6 1.91869 0.065911
10.8 1.91869 0
12 1.91869 0
13.2 1.91869 0
14.4 1.91869 0
15.6 1.91869 0
16.8 1.91869 0
18 1.91869 0
19.2 1.91869 0
20.4 1.91869 0
21.6 1.91869 0
22.8 1.91869 0
24 1.91869 0
25.2 1.91869 0
26.4 1.91869 0
27.6 1.91869 0
28.8 1.91869 0
30 1.91869 0
-30 1.96919 0
-28.8 1.96919 0
-27.6 1.96919 0
-26.4 1.96919 0
-25.2 1.96919 0
-24 1.96919 0
-22.8 1.96919 0
-21.6 1.96919 0
-20.4 1.96919 0
-19.2 1.96919 0
-18 1.96919 0
-16.8 1.96919 0
-15.6 1.96919 0
-14.4 1.96919 0
-13.2 1.96919 0
-12 1.96919 0
-10.8 1.96919 -0.0219934
-9.6 1.96919 -0.0158036
-8.4 1.96919 -0.00393826
-7.2 1.96919 0.00957274
-6 1.96919 0.0225291
-4.8 1.96919 0.0340397
-3.6 1.96919 0.0433506
-2.4 1.96919 0.0493863
-1.2 1.96919 0.0514587
0 1.96919 0.0504689
1.2 1.96919 0.0490414
2.4 1.96919 0.0495819
3.6 1.96919 0.0517529
4.8 1.96919 0.0526982
6 1.96919 0.0509047
7.2 1.96919 0.049467
8.4 1.96919 0.0537457
9.6 1.96919 0.0649611
10.8 1.96919 0
12 1.96919 0
13.2 1.96919 0
14.4 1.96919 0
15.6 1.96919 0
16.8 1.96919 0
18 1.96919 0
19.2 1.96919 0
20.4 1.96919 0
21.6 1.96919 0
22.8 1.96919 0
24 1.96919 0
25.2 1.96919 0
26.4 1.96919 0
27.6 1.96919 0
28.8 1.96919 0
30 1.96919 0
-30 2.0197 0
-28.8 2.0197 0
-27.6 2.0197 0
-26.4 2.0197 0
-25.2 2.0197 0
-24 2.0197 0
-22.8 2.0197 0
-21.6 2.0197 0
-20.4 2.0197 0
-19.2 2.0197 0
-18 2.0197 0
-16.8 2.0197 0
-15.6 2.0197 0
-14.4 2.0197 0
-13.2 2.0197 0
-12 2.0197 0
-10.8 2.0197 -0.0216945
-9.6 2.0197 -0.0158795
-8.4 2.0197 -0.00424482
-7.2 2.0197 0.00916792
-6 2.0197 0.0220902
-4.8 2.0197 0.0335786
-3.6 2.0197 0.0428697
-2.4 2.0197 0.0489056
-1.2 2.0197 0.0510074
0 2.0197 0.0500541
1.2 2.0197 0.0486324
2.4 2.0197 0.0491428
3.6 2.0197 0.051299
4.8 2.0197 0.0522951
6 2.0197 0.0505749
7.2 2.0197 0.0490983
8.4 2.0197 0.0531391
9.6 2.0197 0.0640123
10.8 2.0197 0
12 2.0197 0
13.2 2.0197 0
14.4 2.0197 0
15.6 2.0197 0
16.8 2.0197 0
18 2.0197 0
19.2 2.0197 0
20.4 2.0197 0
21.6 2.0197 0
22.8 2.0197 0
24 2.0197 0
25.2 2.0197 0
26.4 2.0197 0
27.6 2.0197 0
28.8 2.0197 0
30 2.0197 0
-30 2.0702 0
-28.8 2.0702 0
-27.6 2.0702 0
-26.4 2.0702 0
-25.2 2.0702 0
-24 2.0702 0
-22.8 2.0702 0
-21.6 2.0702 0
-20.4 2.0702 0
-19.2 2.0702 0
-18 2.0702 0
-16.8 2.0702 0
-15.6 2.0702 0
-14.4 2.0702 0
-13.2 2.0702 0
-12 2.0702 0
-10.8 2.0702 -0.0213789
-9.6 2.0702 -0.0159405
-8.4 2.0702 -0.00454351
-7.2 2.0702 0.00876434
-6 2.0702 0.0216482
-4.8 2.0702 0.0331117
-3.6 2.0702 0.0423808
-2.4 2.0702 0.0484146
-1.2 2.0702 0.0505442
0 2.0702 0.0496275
1.2 2.0702 0.0482127
2.4 2.0702 0.0486934
3.6 2.0702 0.0508328
4.8 2.0702 0.0518767
6 2.0702 0.0502294
7.2 2.0702 0.0487184
8.4 2.0702 0.0525287
9.6 2.0702 0.0630642
10.8 2.0702 0
12 2.0702 0
13.2 2.0702 0
14.4 2.0702 0
15.6 2.0702 0
16.8 2.0702 0
18 2.0702 0
19.2 2.0702 0
20.4 2.0702 0
21.6 2.0702 0
22.8 2.0702 0
24 2.0702 0
25.2 2.0702 0
26.4 2.0702 0
27.6 2.0702 0
28.8 2.0702 0
30 2.0702 0
-30 2.12071 0
-28.8 2.12071 0
-27.6 2.12071 0
-26.4 2.12071 0
-25.2 2.12071 0
-24 2.12071 0
-22.8 2.12071 0
-21.6 2.12071 0
-20.4 2.12071 0
-19.2 2.12071 0
-18 2.12071 0
-16.8 2.12071 0
-15.6 2.12071 0
-14.4 2.12071 0
-13.2 2.12071 0
-12 2.12071 0
-10.8 2.12071 -0.0210468
-9.6 2.12071 -0.0159865
-8.4 2.12071 -0.00483398
-7.2 2.12071 0.00836229
-6 2.12071 0.0212033
-4.8 2.12071 0.032639
-3.6 2.12071 0.0418838
-2.4 2.12071 0.0479134
-1.2 2.12071 0.0500693
0 2.12071 0.0491891
1.2 2.12071 0.0477824
2.4 2.12071 0.0482337
3.6 2.12071 0.0503544
4.8 2.12071 0.0514431
6 2.12071 0.0498682
7.2 2.12071 0.0483272
8.4 2.12071 0.0519142
9.6 2.12071 0.0621166
10.8 2.12071 0
12 2.12071 0
13.2 2.12071 0
14.4 2.12071 0
15.6 2.12071 0
16.8 2.12071 0
18 2.12071 0
19.2 2.12071 0
20.4 2.12071 0
21.6 2.12071 0
22.8 2.12071 0
24 2.12071 0
25.2 2.12071 0
26.4 2.12071 0
27.6 2.12071 0
28.8 2.12071 0
30 2.12071 0
-30 2.17121 0
-28.8 2.17121 0
-27.6 2.17121 0
-26.4 2.17121 0
-25.2 2.17121 0
-24 2.17121 0
-22.8 2.17121 0
-21.6 2.17121 0
-20.4 2.17121 0
-19.2 2.17121 0
-18 2.17121 0
-16.8 2.17121 0
-15.6 2.17121 0
-14.4 2.17121 0
-13.2 2.17121 0
-12 2.17121 0
-10.8 2.17121 -0.0206986
-9.6 2.17121 -0.0160172
-8.4 2.17121 -0.00511587
-7.2 2.17121 0.00796205
-6 2.17121 0.0207556
-4.8 2.17121 0.0321607
-3.6 2.17121 0.0413788
-2.4 2.17121 0.0474018
-1.2 2.17121 0.0495826
0 2.17121 0.0487388
1.2 2.17121 0.0473412
2.4 2.17121 0.0477636
3.6 2.17121 0.0498638
4.8 2.17121 0.0509943
6 2.17121 0.0494912
7.2 2.17121 0.0479245
8.4 2.17121 0.0512953
9.6 2.17121 0.0611693
10.8 2.17121 0
12 2.17121 0
13.2 2.17121 0
14.4 2.17121 0
15.6 2.17121 0
16.8 2.17121 0
18 2.17121 0
19.2 2.17121 0
20.4 2.17121 0
21.6 2.17121 0
22.8 2.17121 0
24 2.17121 0
25.2 2.17121 0
26.4 2.17121 0
27.6 2.17121 0
28.8 2.17121 0
30 2.17121 0
-30 2.22172 0
-28.8 2.22172 0
-27.6 2.22172 0
-26.4 2.22172 0
-25.2 2.22172 0
-24 2.22172 0
-22.8 2.22172 0
-21.6 2.22172 0
-20.4 2.22172 0
-19.2 2.22172 0
-18 2.22172 0
-16.8 2.22172 0
-15.6 2.22172 0
-14.4 2.22172 0
-13.2 2.22172 0
-12 2.22172 0
-10.8 2.22172 -0.0203346
-9.6 2.22172 -0.0160326
-8.4 2.22172 -0.00538884
-7.2 2.22172 0.00756392
-6 2.22172 0.0203053
-4.8 2.22172 0.0316768
-3.6 2.22172 0.0408657
-2.4 2.22172 0.0468799
-1.2 2.22172 0.0490839
0 2.22172 0.0482765
1.2 2.22172 0.0468892
2.4 2.22172 0.047283
3.6 2.22172 0.0493609
4.8 2.22172 0.0505303
6 2.22172 0.0490984
7.2 2.22172 0.04751
8.4 2.22172 0.0506718
9.6 2.22172 0.0602218
10.8 2.22172 0
12 2.22172 0
13.2 2.22172 0
14.4 2.22172 0
15.6 2.22172 0
16.8 2.22172 0
18 2.22172 0
19.2 2.22172 0
20.4 2.22172 0
21.6 2.22172 0
22.8 2.22172 0
24 2.22172 0
25.2 2.22172 0
26.4 2.22172 0
27.6 2.22172 0
28.8 2.22172 0
30 2.22172 0
-30 2.27222 0
-28.8 2.27222 0
-27.6 2.27222 0
-26.4 2.27222 0
-25.2 2.27222 0
-24 2.27222 0
-22.8 2.27222 0
-21.6 2.27222 0
-20.4 2.27222 0
-19.2 2.27222 0
-18 2.27222 0
-16.8 2.27222 0
-15.6 2.27222 0
-14.4 2.27222 0
-13.2 2.27222 0
-12 2.27222 0
-10.8 2.27222 -0.0199553
-9.6 2.27222 -0.0160325
-8.4 2.27222 -0.00565254
-7.2 2.27222 0.00716819
-6 2.27222 0.0198525
-4.8 2.27222 0.0311873
-3.6 2.27222 0.0403447
-2.4 2.27222 0.0463477
-1.2 2.27222 0.0485732
0 2.27222 0.047802
1.2 2.27222 0.046426
2.4 2.27222 0.0467919
3.6 2.27222 0.0488457
4.8 2.27222 0.0500511
6 2.27222 0.0486898
7.2 2.27222 0.0470837
8.4 2.27222 0.0500433
9.6 2.27222 0.0592741
10.8 2.27222 0
12 2.27222 0
13.2 2.27222 0
14.4 2.27222 0
15.6 2.27222 0
16.8 2.27222 0
18 2.27222 0
19.2 2.27222 0
20.4 2.27222 0
21.6 2.27222 0
22.8 2.27222 0
24 2.27222 0
25.2 2.27222 0
26.4 2.27222 0
27.6 2.27222 0
28.8 2.27222 0
30 2.27222 0
-30 2.32273 0
-28.8 2.32273 0
-27.6 2.32273 0
-26.4 2.32273 0
-25.2 2.32273 0
-24 2.32273 0
-22.8 2.32273 0
-21.6 2.32273 0
-20.4 2.32273 0
-19.2 2.32273 0
-18 2.32273 0
-16.8 2.32273 0
-15.6 2.32273 0
-14.4 2.32273 0
-13.2 2.32273 0
-12 2.32273 0
-10.8 2.32273 -0.019561
-9.6 2.32273 -0.0160167
-8.4 2.32273 -0.00590662
-7.2 2.32273 0.00677519
-6 2.32273 0.0193974
-4.8 2.32273 0.0306923
-3.6 2.32273 0.0398156
-2.4 2.32273 0.0458051
-1.2 2.32273 0.0480505
0 2.32273 0.0473154
1.2 2.32273 0.0459517
2.4 2.32273 0.0462901
3.6 2.32273 0.0483183
4.8 2.32273 0.0495568
6 2.32273 0.0482652
7.2 2.32273 0.0466454
8.4 2.32273 0.0494096
9.6 2.32273 0.0583258
10.8 2.32273 0
12 2.32273 0
13.2 2.32273 0
14.4 2.32273 0
15.6 2.32273 0
16.8 2.32273 0
18 2.32273 0
19.2 2.32273 0
20.4 2.32273 0
21.6 2.32273 0
22.8 2.32273 0
24 2.32273 0
25.2 2.32273 0
26.4 2.32273 0
27.6 2.32273 0
28.8 2.32273 0
30 2.32273 0
-30 2.37323 0
-28.8 2.37323 0
-27.6 2.37323 0
-26.4 2.37323 0
-25.2 2.37323 0
-24 2.37323 0
-22.8 2.37323 0
-21.6 2.37323 0
-20.4 2.37323 0
-19.2 2.37323 0
-18 2.37323 0
-16.8 2.37323 0
-15.6 2.37323 0
-14.4 2.37323 0
-13.2 2.37323 0
-12 2.37323 0
-10.8 2.37323 -0.0191523
-9.6 2.37323 -0.0159851
-8.4 2.37323 -0.00615073
-7.2 2.37323 0.00638521
-6 2.37323 0.0189403
-4.8 2.37323 0.0301919
-3.6 2.37323 0.0392785
-2.4 2.37323 0.0452522
-1.2 2.37323 0.0475158
0 2.37323 0.0468164
1.2 2.37323 0.0454661
2.4 2.37323 0.0457776
3.6 2.37323 0.0477786
4.8 2.37323 0.0490472
6 2.37323 0.0478247
7.2 2.37323 0.0461948
8.4 2.37323 0.0487703
9.6 2.37323 0.0573766
10.8 2.37323 0
12 2.37323 0
13.2 2.37323 0
14.4 2.37323 0
15.6 2.37323 0
16.8 2.37323 0
18 2.37323 0
19.2 2.37323 0
20.4 2.37323 0
21.6 2.37323 0
22.8 2.37323 0
24 2.37323 0
25.2 2.37323 0
26.4 2.37323 0
27.6 2.37323 0
28.8 2.37323 0
30 2.37323 0
-30 2.42374 0
-28.8 2.42374 0
-27.6 2.42374 0
-26.4 2.42374 0
-25.2 2.42374 0
-24 2.42374 0
-22.8 2.42374 0
-21.6 2.42374 0
-20.4 2.42374 0
-19.2 2.42374 0
-18 2.42374 0
-16.8 2.42374 0
-15.6 2.42374 0
-14.4 2.42374 0
-13.2 2.42374 0
-12 2.42374 0
-10.8 2.42374 -0.0187295
-9.6 2.42374 -0.0159378
-8.4 2.42374 -0.00638454
-7.2 2.42374 0.00599859
-6 2.42374 0.0184812
-4.8 2.42374 0.0296862
-3.6 2.42374 0.0387335
-2.4 2.42374 0.0446888
-1.2 2.42374 0.0469689
0 2.42374 0.0463051
1.2 2.42374 0.0449691
2.4 2.42374 0.0452542
3.6 2.42374 0.0472265
4.8 2.42374 0.0485226
6 2.42374 0.0473681
7.2 2.42374 0.0457319
8.4 2.42374 0.0481254
9.6 2.42374 0.0564264
10.8 2.42374 0
12 2.42374 0
13.2 2.42374 0
14.4 2.42374 0
15.6 2.42374 0
16.8 2.42374 0
18 2.42374 0
19.2 2.42374 0
20.4 2.42374 0
21.6 2.42374 0
22.8 2.42374 0
24 2.42374 0
25.2 2.42374 0
26.4 2.42374 0
27.6 2.42374 0
28.8 2.42374 0
30 2.42374 0
-30 2.47424 0
-28.8 2.47424 0
-27.6 2.47424 0
-26.4 2.47424 0
-25.2 2.47424 0
-24 2.47424 0
-22.8 2.47424 0
-21.6 2.47424 0
-20.4 2.47424 0
-19.2 2.47424 0
-18 2.47424 0
-16.8 2.47424 0
-15.6 2.47424 0
-14.4 2.47424 0
-13.2 2.47424 0
-12 2.47424 0
-10.8 2.47424 -0.0182934
-9.6 2.47424 -0.0158745
-8.4 2.47424 -0.00660769
-7.2 2.47424 0.00561564
-6 2.47424 0.0180205
-4.8 2.47424 0.0291753
-3.6 2.47424 0.0381805
-2.4 2.47424 0.0441151
-1.2 2.47424 0.0464098
0 2.47424 0.0457812
1.2 2.47424 0.0444605
2.4 2.47424 0.04472
3.6 2.47424 0.0466622
4.8 2.47424 0.0479827
6 2.47424 0.0468954
7.2 2.47424 0.0452564
8.4 2.47424 0.0474744
9.6 2.47424 0.0554748
10.8 2.47424 0
12 2.47424 0
13.2 2.47424 0
14.4 2.47424 0
15.6 2.47424 0
16.8 2.47424 0
18 2.47424 0
19.2 2.47424 0
20.4 2.47424 0
21.6 2.47424 0
22.8 2.47424 0
24 2.47424 0
25.2 2.47424 0
26.4 2.47424 0
27.6 2.47424 0
28.8 2.47424 0
30 2.47424 0
-30 2.52475 0
-28.8 2.52475 0
-27.6 2.52475 0
-26.4 2.52475 0
-25.2 2.52475 0
-24 2.52475 0
-22.8 2.52475 0
-21.6 2.52475 0
-20.4 2.52475 0
-19.2 2.52475 0
-18 2.52475 0
-16.8 2.52475 0
-15.6 2.52475 0
-14.4 2.52475 0
-13.2 2.52475 0
-12 2.52475 0
-10.8 2.52475 -0.0178443
-9.6 2.52475 -0.0157953
-8.4 2.52475 -0.00681985
-7.2 2.52475 0.00523672
-6 2.52475 0.0175582
-4.8 2.52475 0.0286592
-3.6 2.52475 0.0376196
-2.4 2.52475 0.0435309
-1.2 2.52475 0.0458385
0 2.52475 0.0452446
1.2 2.52475 0.0439403
2.4 2.52475 0.0441748
3.6 2.52475 0.0460855
4.8 2.52475 0.0474278
6 2.52475 0.0464066
7.2 2.52475 0.0447682
8.4 2.52475 0.0468171
9.6 2.52475 0.0545217
10.8 2.52475 0
12 2.52475 0
13.2 2.52475 0
14.4 2.52475 0
15.6 2.52475 0
16.8 2.52475 0
18 2.52475 0
19.2 2.52475 0
20.4 2.52475 0
21.6 2.52475 0
22.8 2.52475 0
24 2.52475 0
25.2 2.52475 0
26.4 2.52475 0
27.6 2.52475 0
28.8 2.52475 0
30 2.52475 0
-30 2.57525 0
-28.8 2.57525 0
-27.6 2.57525 0
-26.4 2.57525 0
-25.2 2.57525 0
-24 2.57525 0
-22.8 2.57525 0
-21.6 2.57525 0
-20.4 2.57525 0
-19.2 2.57525 0
-18 2.57525 0
-16.8 2.57525 0
-15.6 2.57525 0
-14.4 2.57525 0
-13.2 2.57525 0
-12 2.57525 0
-10.8 2.57525 -0.017383
-9.6 2.57525 -0.0157002
-8.4 2.57525 -0.00702068
-7.2 2.57525 0.00486216
-6 2.57525 0.0170947
-4.8 2.57525 0.028138
-3.6 2.57525 0.0370507
-2.4 2.57525 0.0429363
-1.2 2.57525 0.0452549
0 2.57525 0.0446954
1.2 2.57525 0.0434083
2.4 2.57525 0.0436185
3.6 2.57525 0.0454965
4.8 2.57525 0.0468576
6 2.57525 0.0459016
7.2 2.57525 0.0442672
8.4 2.57525 0.0461533
9.6 2.57525 0.0535667
10.8 2.57525 0
12 2.57525 0
13.2 2.57525 0
14.4 2.57525 0
15.6 2.57525 0
16.8 2.57525 0
18 2.57525 0
19.2 2.57525 0
20.4 2.57525 0
21.6 2.57525 0
22.8 2.57525 0
24 2.57525 0
25.2 2.57525 0
26.4 2.57525 0
27.6 2.57525 0
28.8 2.57525 0
30 2.57525 0
-30 2.62576 0
-28.8 2.62576 0
-27.6 2.62576 0
-26.4 2.62576 0
-25.2 2.62576 0
-24 2.62576 0
-22.8 2.62576 0
-21.6 2.62576 0
-20.4 2.62576 0
-19.2 2.62576 0
-18 2.62576 0
-16.8 2.62576 0
-15.6 2.62576 0
-14.4 2.62576 0
-13.2 2.62576 0
-12 2.62576 0
-10.8 2.62576 -0.01691
-9.6 2.62576 -0.0155891
-8.4 2.62576 -0.00720986
-7.2 2.62576 0.00449231
-6 2.62576 0.0166301
-4.8 2.62576 0.0276119
-3.6 2.62576 0.0364739
-2.4 2.62576 0.0423312
-1.2 2.62576 0.0446589
0 2.62576 0.0441334
1.2 2.62576 0.0428644
2.4 2.62576 0.043051
3.6 2.62576 0.044895
4.8 2.62576 0.0462724
6 2.62576 0.0453803
7.2 2.62576 0.043753
8.4 2.62576 0.0454827
9.6 2.62576 0.0526098
10.8 2.62576 0
12 2.62576 0
13.2 2.62576 0
14.4 2.62576 0
15.6 2.62576 0
16.8 2.62576 0
18 2.62576 0
19.2 2.62576 0
20.4 2.62576 0
21.6 2.62576 0
22.8 2.62576 0
24 2.62576 0
25.2 2.62576 0
26.4 2.62576 0
27.6 2.62576 0
28.8 2.62576 0
30 2.62576 0
-30 2.67626 0
-28.8 2.67626 0
-27.6 2.67626 0
-26.4 2.67626 0
-25.2 2.67626 0
-24 2.67626 0
-22.8 2.67626 0
-21.6 2.67626 0
-20.4 2.67626 0
-19.2 2.67626 0
-18 2.67626 0
-16.8 2.67626 0
-15.6 2.67626 0
-14.4 2.67626 0
-13.2 2.67626 0
-12 2.67626 0
-10.8 2.67626 -0.016426
-9.6 2.67626 -0.0154621
-8.4 2.67626 -0.00738706
-7.2 2.67626 0.00412753
-6 2.67626 0.0161647
-4.8 2.67626 0.0270808
-3.6 2.67626 0.0358893
-2.4 2.67626 0.0417156
-1.2 2.67626 0.0440505
0 2.67626 0.0435584
1.2 2.67626 0.0423084
2.4 2.67626 0.0424723
3.6 2.67626 0.0442812
4.8 2.67626 0.045672
6 2.67626 0.0448426
7.2 2.67626 0.0432256
8.4 2.67626 0.0448052
9.6 2.67626 0.0516506
10.8 2.67626 0
12 2.67626 0
13.2 2.67626 0
14.4 2.67626 0
15.6 2.67626 0
16.8 2.67626 0
18 2.67626 0
19.2 2.67626 0
20.4 2.67626 0
21.6 2.67626 0
22.8 2.67626 0
24 2.67626 0
25.2 2.67626 0
26.4 2.67626 0
27.6 2.67626 0
28.8 2.67626 0
30 2.67626 0
-30 2.72677 0
-28.8 2.72677 0
-27.6 2.72677 0
-26.4 2.72677 0
-25.2 2.72677 0
-24 2.72677 0
-22.8 2.72677 0
-21.6 2.72677 0
-20.4 2.72677 0
-19.2 2.72677 0
-18 2.72677 0
-16.8 2.72677 0
-15.6 2.72677 0
-14.4 2.72677 0
-13.2 2.72677 0
-12 2.72677 0
-10.8 2.72677 -0.0159318
-9.6 2.72677 -0.0153192
-8.4 2.72677 -0.00755196
-7.2 2.72677 0.00376819
-6 2.72677 0.0156987
-4.8 2.72677 0.026545
-3.6 2.72677 0.0352967
-2.4 2.72677 0.0410895
-1.2 2.72677 0.0434296
0 2.72677 0.0429704
1.2 2.72677 0.0417402
2.4 2.72677 0.0418821
3.6 2.72677 0.0436549
4.8 2.72677 0.0450565
6 2.72677 0.0442885
7.2 2.72677 0.0426847
8.4 2.72677 0.0441204
9.6 2.72677 0.050689
10.8 2.72677 0
12 2.72677 0
13.2 2.72677 0
14.4 2.72677 0
15.6 2.72677 0
16.8 2.72677 0
18 2.72677 0
19.2 2.72677 0
20.4 2.72677 0
21.6 2.72677 0
22.8 2.72677 0
24 2.72677 0
25.2 2.72677 0
26.4 2.72677 0
27.6 2.72677 0
28.8 2.72677 0
30 2.72677 0
-30 2.77727 0
-28.8 2.77727 0
-27.6 2.77727 0
-26.4 2.77727 0
-25.2 2.77727 0
-24 2.77727 0
-22.8 2.77727 0
-21.6 2.77727 0
-20.4 2.77727 0
-19.2 2.77727 0
-18 2.77727 0
-16.8 2.77727 0
-15.6 2.77727 0
-14.4 2.77727 0
-13.2 2.77727 0
-12 2.77727 0
-10.8 2.77727 -0.015428
-9.6 2.77727 -0.0151606
-8.4 2.77727 -0.00770424
-7.2 2.77727 0.00341464
-6 2.77727 0.0152323
-4.8 2.77727 0.0260044
-3.6 2.77727 0.0346963
-2.4 2.77727 0.0404528
-1.2 2.77727 0.0427962
0 2.77727 0.0423692
1.2 2.77727 0.0411597
2.4 2.77727 0.0412805
3.6 2.77727 0.0430161
4.8 2.77727 0.0444258
6 2.77727 0.043718
7.2 2.77727 0.0421302
8.4 2.77727 0.0434281
9.6 2.77727 0.0497247
10.8 2.77727 0
12 2.77727 0
13.2 2.77727 0
14.4 2.77727 0
15.6 2.77727 0
16.8 2.77727 0
18 2.77727 0
19.2 2.77727 0
20.4 2.77727 0
21.6 2.77727 0
22.8 2.77727 0
24 2.77727 0
25.2 2.77727 0
26.4 2.77727 0
27.6 2.77727 0
28.8 2.77727 0
30 2.77727 0
-30 2.82778 0
-28.8 2.82778 0
-27.6 2.82778 0
-26.4 2.82778 0
-25.2 2.82778 0
-24 2.82778 0
-22.8 2.82778 0
-21.6 2.82778 0
-20.4 2.82778 0
-19.2 2.82778 0
-18 2.82778 0
-16.8 2.82778 0
-15.6 2.82778 0
-14.4 2.82778 0
-13.2 2.82778 0
-12 2.82778 0
-10.8 2.82778 -0.0149154
-9.6 2.82778 -0.0149862
-8.4 2.82778 -0.0078436
-7.2 2.82778 0.00306727
-6 2.82778 0.0147658
-4.8 2.82778 0.0254593
-3.6 2.82778 0.0340881
-2.4 2.82778 0.0398055
-1.2 2.82778 0.0421502
0 2.82778 0.0417549
1.2 2.82778 0.0405667
2.4 2.82778 0.0406672
3.6 2.82778 0.0423649
4.8 2.82778 0.04378
6 2.82778 0.0431308
7.2 2.82778 0.0415619
8.4 2.82778 0.042728
9.6 2.82778 0.0487576
10.8 2.82778 0
12 2.82778 0
13.2 2.82778 0
14.4 2.82778 0
15.6 2.82778 0
16.8 2.82778 0
18 2.82778 0
19.2 2.82778 0
20.4 2.82778 0
21.6 2.82778 0
22.8 2.82778 0
24 2.82778 0
25.2 2.82778 0
26.4 2.82778 0
27.6 2.82778 0
28.8 2.82778 0
30 2.82778 0
-30 2.87828 0
-28.8 2.87828 0
-27.6 2.87828 0
-26.4 2.87828 0
-25.2 2.87828 0
-24 2.87828 0
-22.8 2.87828 0
-21.6 2.87828 0
-20.4 2.87828 0
-19.2 2.87828 0
-18 2.87828 0
-16.8 2.87828 0
-15.6 2.87828 0
-14.4 2.87828 0
-13.2 2.87828 0
-12 2.87828 0
-10.8 2.87828 -0.0143949
-9.6 2.87828 -0.0147964
-8.4 2.87828 -0.00796975
-7.2 2.87828 0.00272646
-6 2.87828 0.0142995
-4.8 2.87828 0.0249098
-3.6 2.87828 0.033472
-2.4 2.87828 0.0391477
-1.2 2.87828 0.0414916
0 2.87828 0.0411271
1.2 2.87828 0.0399612
2.4 2.87828 0.0400422
3.6 2.87828 0.041701
4.8 2.87828 0.0431191
6 2.87828 0.042527
7.2 2.87828 0.0409796
8.4 2.87828 0.04202
9.6 2.87828 0.0477874
10.8 2.87828 0
12 2.87828 0
13.2 2.87828 0
14.4 2.87828 0
15.6 2.87828 0
16.8 2.87828 0
18 2.87828 0
19.2 2.87828 0
20.4 2.87828 0
21.6 2.87828 0
22.8 2.87828 0
24 2.87828 0
25.2 2.87828 0
26.4 2.87828 0
27.6 2.87828 0
28.8 2.87828 0
30 2.87828 0
-30 2.92879 0
-28.8 2.92879 0
-27.6 2.92879 0
-26.4 2.92879 0
-25.2 2.92879 0
-24 2.92879 0
-22.8 2.92879 0
-21.6 2.92879 0
-20.4 2.92879 0
-19.2 2.92879 0
-18 2.92879 0
-16.8 2.92879 0
-15.6 2.92879 0
-14.4 2.92879 0
-13.2 2.92879 0
-12 2.92879 0
-10.8 2.92879 -0.0138672
-9.6 2.92879 -0.0145911
-8.4 2.92879 -0.00808239
-7.2 2.92879 0.0023926
-6 2.92879 0.0138336
-4.8 2.92879 0.0243558
-3.6 2.92879 0.0328481
-2.4 2.92879 0.0384792
-1.2 2.92879 0.0408202
0 2.92879 0.040486
1.2 2.92879 0.0393429
2.4 2.92879 0.0394054
3.6 2.92879 0.0410246
4.8 2.92879 0.042443
6 2.92879 0.0419065
7.2 2.92879 0.040383
8.4 2.92879 0.0413037
9.6 2.92879 0.0468139
10.8 2.92879 0
12 2.92879 0
13.2 2.92879 0
14.4 2.92879 0
15.6 2.92879 0
16.8 2.92879 0
18 2.92879 0
19.2 2.92879 0
20.4 2.92879 0
21.6 2.92879 0
22.8 2.92879 0
24 2.92879 0
25.2 2.92879 0
26.4 2.92879 0
27.6 2.92879 0
28.8 2.92879 0
30 2.92879 0
-30 2.97929 0
-28.8 2.97929 0
-27.6 2.97929 0
-26.4 2.97929 0
-25.2 2.97929 0
-24 2.97929 0
-22.8 2.97929 0
-21.6 2.97929 0
-20.4 2.97929 0
-19.2 2.97929 0
-18 2.97929 0
-16.8 2.97929 0
-15.6 2.97929 0
-14.4 2.97929 0
-13.2 2.97929 0
-12 2.97929 0
-10.8 2.97929 -0.0133333
-9.6 2.97929 -0.0143707
-8.4 2.97929 -0.00818126
-7.2 2.97929 0.00206608
-6 2.97929 0.0133685
-4.8 2.97929 0.0237977
-3.6 2.97929 0.0322163
-2.4 2.97929 0.0378
-1.2 2.97929 0.0401361
0 2.97929 0.0398313
1.2 2.97929 0.0387117
2.4 2.97929 0.0387567
3.6 2.97929 0.0403355
4.8 2.97929 0.0417518
6 2.97929 0.0412692
7.2 2.97929 0.0397721
8.4 2.97929 0.040579
9.6 2.97929 0.0458371
10.8 2.97929 0
12 2.97929 0
13.2 2.97929 0
14.4 2.97929 0
15.6 2.97929 0
16.8 2.97929 0
18 2.97929 0
19.2 2.97929 0
20.4 2.97929 0
21.6 2.97929 0
22.8 2.97929 0
24 2.97929 0
25.2 2.97929 0
26.4 2.97929 0
27.6 2.97929 0
28.8 2.97929 0
30 2.97929 0
-30 3.0298 0
-28.8 3.0298 0
-27.6 3.0298 0
-26.4 3.0298 0
-25.2 3.0298 0
-24 3.0298 0
-22.8 3.0298 0
-21.6 3.0298 0
-20.4 3.0298 0
-19.2 3.0298 0
-18 3.0298 0
-16.8 3.0298 0
-15.6 3.0298 0
-14.4 3.0298 0
-13.2 3.0298 0
-12 3.0298 0
-10.8 3.0298 -0.012794
-9.6 3.0298 -0.0141354
-8.4 3.0298 -0.00826608
-7.2 3.0298 0.0017473
-6 3.0298 0.0129043
-4.8 3.0298 0.0232354
-3.6 3.0298 0.0315768
-2.4 3.0298 0.0371101
-1.2 3.0298 0.0394391
0 3.0298 0.039163
1.2 3.0298 0.0380676
2.4 3.0298 0.0380958
3.6 3.0298 0.0396337
4.8 3.0298 0.0410454
6 3.0298 0.0406151
7.2 3.0298 0.0391465
8.4 3.0298 0.0398456
9.6 3.0298 0.0448566
10.8 3.0298 0
12 3.0298 0
13.2 3.0298 0
14.4 3.0298 0
15.6 3.0298 0
16.8 3.0298 0
18 3.0298 0
19.2 3.0298 0
20.4 3.0298 0
21.6 3.0298 0
22.8 3.0298 0
24 3.0298 0
25.2 3.0298 0
26.4 3.0298 0
27.6 3.0298 0
28.8 3.0298 0
30 3.0298 0
-30 3.0803 0
-28.8 3.0803 0
-27.6 3.0803 0
-26.4 3.0803 0
-25.2 3.0803 0
-24 3.0803 0
-22.8 3.0803 0
-21.6 3.0803 0
-20.4 3.0803 0
-19.2 3.0803 0
-18 3.0803 0
-16.8 3.0803 0
-15.6 3.0803 0
-14.4 3.0803 0
-13.2 3.0803 0
-12 3.0803 0
-10.8 3.0803 -0.0122503
-9.6 3.0803 -0.0138854
-8.4 3.0803 -0.0083366
-7.2 3.0803 0.00143667
-6 3.0803 0.0124415
-4.8 3.0803 0.0226692
-3.6 3.0803 0.0309295
-2.4 3.0803 0.0364095
-1.2 3.0803 0.0387292
0 3.0803 0.0384809
1.2 3.0803 0.0374103
2.4 3.0803 0.0374228
3.6 3.0803 0.0389192
4.8 3.0803 0.0403239
6 3.0803 0.0399441
7.2 3.0803 0.0385062
8.4 3.0803 0.0391032
9.6 3.0803 0.0438723
10.8 3.0803 0
12 3.0803 0
13.2 3.0803 0
14.4 3.0803 0
15.6 3.0803 0
16.8 3.0803 0
18 3.0803 0
19.2 3.0803 0
20.4 3.0803 0
21.6 3.0803 0
22.8 3.0803 0
24 3.0803 0
25.2 3.0803 0
26.4 3.0803 0
27.6 3.0803 0
28.8 3.0803 0
30 3.0803 0
-30 3.13081 0
-28.8 3.13081 0
-27.6 3.13081 0
-26.4 3.13081 0
-25.2 3.13081 0
-24 3.13081 0
-22.8 3.13081 0
-21.6 3.13081 0
-20.4 3.13081 0
-19.2 3.13081 0
-18 3.13081 0
-16.8 3.13081 0
-15.6 3.13081 0
-14.4 3.13081 0
-13.2 3.13081 0
-12 3.13081 0
-10.8 3.13081 -0.0117032
-9.6 3.13081 -0.0136211
-8.4 3.13081 -0.00839259
-7.2 3.13081 0.00113459
-6 3.13081 0.0119802
-4.8 3.13081 0.0220992
-3.6 3.13081 0.0302745
-2.4 3.13081 0.0356981
-1.2 3.13081 0.0380063
0 3.13081 0.0377849
1.2 3.13081 0.0367397
2.4 3.13081 0.0367374
3.6 3.13081 0.0381919
4.8 3.13081 0.0395873
6 3.13081 0.039256
7.2 3.13081 0.0378508
8.4 3.13081 0.0383515
9.6 3.13081 0.0428841
10.8 3.13081 0
12 3.13081 0
13.2 3.13081 0
14.4 3.13081 0
15.6 3.13081 0
16.8 3.13081 0
18 3.13081 0
19.2 3.13081 0
20.4 3.13081 0
21.6 3.13081 0
22.8 3.13081 0
24 3.13081 0
25.2 3.13081 0
26.4 3.13081 0
27.6 3.13081 0
28.8 3.13081 0
30 3.13081 0
-30 3.18131 0
-28.8 3.18131 0
-27.6 3.18131 0
-26.4 3.18131 0
-25.2 3.18131 0
-24 3.18131 0
-22.8 3.18131 0
-21.6 3.18131 0
-20.4 3.18131 0
-19.2 3.18131 0
-18 3.18131 0
-16.8 3.18131 0
-15.6 3.18131 0
-14.4 3.18131 0
-13.2 3.18131 0
-12 3.18131 0
-10.8 3.18131 -0.0111536
-9.6 3.18131 -0.0133427
-8.4 3.18131 -0.00843381
-7.2 3.18131 0.000841493
-6 3.18131 0.011521
-4.8 3.18131 0.0215254
-3.6 3.18131 0.0296117
-2.4 3.18131 0.0349758
-1.2 3.18131 0.0372704
0 3.18131 0.037075
1.2 3.18131 0.0360556
2.4 3.18131 0.0360395
3.6 3.18131 0.0374517
4.8 3.18131 0.0388355
6 3.18131 0.038551
7.2 3.18131 0.0371803
8.4 3.18131 0.0375903
9.6 3.18131 0.0418917
10.8 3.18131 0
12 3.18131 0
13.2 3.18131 0
14.4 3.18131 0
15.6 3.18131 0
16.8 3.18131 0
18 3.18131 0
19.2 3.18131 0
20.4 3.18131 0
21.6 3.18131 0
22.8 3.18131 0
24 3.18131 0
25.2 3.18131 0
26.4 3.18131 0
27.6 3.18131 0
28.8 3.18131 0
30 3.18131 0
-30 3.23182 0
-28.8 3.23182 0
-27.6 3.23182 0
-26.4 3.23182 0
-25.2 3.23182 0
-24 3.23182 0
-22.8 3.23182 0
-21.6 3.23182 0
-20.4 3.23182 0
-19.2 3.23182 0
-18 3.23182 0
-16.8 3.23182 0
-15.6 3.23182 0
-14.4 3.23182 0
-13.2 3.23182 0
-12 3.23182 0
-10.8 3.23182 -0.0106027
-9.6 3.23182 -0.0130506
-8.4 3.23182 -0.00846006
-7.2 3.23182 0.000557782
-6 3.23182 0.011064
-4.8 3.23182 0.0209482
-3.6 3.23182 0.0289412
-2.4 3.23182 0.0342427
-1.2 3.23182 0.0365213
0 3.23182 0.036351
1.2 3.23182 0.035358
2.4 3.23182 0.035329
3.6 3.23182 0.0366986
4.8 3.23182 0.0380685
6 3.23182 0.0378288
7.2 3.23182 0.0364943
8.4 3.23182 0.0368194
9.6 3.23182 0.0408949
10.8 3.23182 0
12 3.23182 0
13.2 3.23182 0
14.4 3.23182 0
15.6 3.23182 0
16.8 3.23182 0
18 3.23182 0
19.2 3.23182 0
20.4 3.23182 0
21.6 3.23182 0
22.8 3.23182 0
24 3.23182 0
25.2 3.23182 0
26.4 3.23182 0
27.6 3.23182 0
28.8 3.23182 0
30 3.23182 0
-30 3.28232 0
-28.8 3.28232 0
-27.6 3.28232 0
-26.4 3.28232 0
-25.2 3.28232 0
-24 3.28232 0
-22.8 3.28232 0
-21.6 3.28232 0
-20.4 3.28232 0
-19.2 3.28232 0
-18 3.28232 0
-16.8 3.28232 0
-15.6 3.28232 0
-14.4 3.28232 0
-13.2 3.28232 0
-12 3.28232 0
-10.8 3.28232 -0.0100515
-9.6 3.28232 -0.0127454
-8.4 3.28232 -0.00847114
-7.2 3.28232 0.000283885
-6 3.28232 0.0106096
-4.8 3.28232 0.0203676
-3.6 3.28232 0.028263
-2.4 3.28232 0.0334986
-1.2 3.28232 0.0357591
0 3.28232 0.0356129
1.2 3.28232 0.0346467
2.4 3.28232 0.0346057
3.6 3.28232 0.0359324
4.8 3.28232 0.0372863
6 3.28232 0.0370894
7.2 3.28232 0.0357927
8.4 3.28232 0.0360384
9.6 3.28232 0.0398936
10.8 3.28232 0
12 3.28232 0
13.2 3.28232 0
14.4 3.28232 0
15.6 3.28232 0
16.8 3.28232 0
18 3.28232 0
19.2 3.28232 0
20.4 3.28232 0
21.6 3.28232 0
22.8 3.28232 0
24 3.28232 0
25.2 3.28232 0
26.4 3.28232 0
27.6 3.28232 0
28.8 3.28232 0
30 3.28232 0
-30 3.33283 0
-28.8 3.33283 0
-27.6 3.33283 0
-26.4 3.33283 0
-25.2 3.33283 0
-24 3.33283 0
-22.8 3.33283 0
-21.6 3.33283 0
-20.4 3.33283 0
-19.2 3.33283 0
-18 3.33283 0
-16.8 3.33283 0
-15.6 3.33283 0
-14.4 3.33283 0
-13.2 3.33283 0
-12 3.33283 0
-10.8 3.33283 -0.00950097
-9.6 3.33283 -0.0124273
-8.4 3.33283 -0.00846689
-7.2 3.33283 2.0228e-05
-6 3.33283 0.0101582
-4.8 3.33283 0.0197838
-3.6 3.33283 0.0275771
-2.4 3.33283 0.0327436
-1.2 3.33283 0.0349835
0 3.33283 0.0348605
1.2 3.33283 0.0339215
2.4 3.33283 0.0338695
3.6 3.33283 0.0351532
4.8 3.33283 0.036489
6 3.33283 0.0363328
7.2 3.33283 0.0350752
8.4 3.33283 0.035247
9.6 3.33283 0.0388876
10.8 3.33283 0
12 3.33283 0
13.2 3.33283 0
14.4 3.33283 0
15.6 3.33283 0
16.8 3.33283 0
18 3.33283 0
19.2 3.33283 0
20.4 3.33283 0
21.6 3.33283 0
22.8 3.33283 0
24 3.33283 0
25.2 3.33283 0
26.4 3.33283 0
27.6 3.33283 0
28.8 3.33283 0
30 3.33283 0
-30 3.38333 0
-28.8 3.38333 0
-27.6 3.38333 0
-26.4 3.38333 0
-25.2 3.38333 0
-24 3.38333 0
-22.8 3.38333 0
-21.6 3.38333 0
-20.4 3.38333 0
-19.2 3.38333 0
-18 3.38333 0
-16.8 3.38333 0
-15.6 3.38333 0
-14.4 3.38333 0
-13.2 3.38333 0
-12 3.38333 0
-10.8 3.38333 -0.00895238
-9.6 3.38333 -0.0120968
-8.4 3.38333 -0.00844714
-7.2 3.38333 -0.000232759
-6 3.38333 0.00971021
-4.8 3.38333 0.0191971
-3.6 3.38333 0.0268836
-2.4 3.38333 0.0319775
-1.2 3.38333 0.0341947
0 3.38333 0.0340937
1.2 3.38333 0.0331823
2.4 3.38333 0.0331203
3.6 3.38333 0.0343607
4.8 3.38333 0.0356765
6 3.38333 0.035559
7.2 3.38333 0.0343417
8.4 3.38333 0.034445
9.6 3.38333 0.0378767
10.8 3.38333 0
12 3.38333 0
13.2 3.38333 0
14.4 3.38333 0
15.6 3.38333 0
16.8 3.38333 0
18 3.38333 0
19.2 3.38333 0
20.4 3.38333 0
21.6 3.38333 0
22.8 3.38333 0
24 3.38333 0
25.2 3.38333 0
26.4 3.38333 0
27.6 3.38333 0
28.8 3.38333 0
30 3.38333 0
-30 3.43384 0
-28.8 3.43384 0
-27.6 3.43384 0
-26.4 3.43384 0
-25.2 3.43384 0
-24 3.43384 0
-22.8 3.43384 0
-21.6 3.43384 0
-20.4 3.43384 0
-19.2 3.43384 0
-18 3.43384 0
-16.8 3.43384 0
-15.6 3.43384 0
-14.4 3.43384 0
-13.2 3.43384 0
-12 3.43384 0
-10.8 3.43384 -0.00840684
-9.6 3.43384 -0.0117546
-8.4 3.43384 -0.00841176
-7.2 3.43384 -0.000474645
-6 3.43384 0.00926591
-4.8 3.43384 0.0186074
-3.6 3.43384 0.0261824
-2.4 3.43384 0.0312004
-1.2 3.43384 0.0333924
0 3.43384 0.0333125
1.2 3.43384 0.032429
2.4 3.43384 0.0323579
3.6 3.43384 0.033555
4.8 3.43384 0.0348487
6 3.43384 0.0347677
7.2 3.43384 0.033592
8.4 3.43384 0.0336322
9.6 3.43384 0.0368607
10.8 3.43384 0
12 3.43384 0
13.2 3.43384 0
14.4 3.43384 0
15.6 3.43384 0
16.8 3.43384 0
18 3.43384 0
19.2 3.43384 0
20.4 3.43384 0
21.6 3.43384 0
22.8 3.43384 0
24 3.43384 0
25.2 3.43384 0
26.4 3.43384 0
27.6 3.43384 0
28.8 3.43384 0
30 3.43384 0
-30 3.48434 0
-28.8 3.48434 0
-27.6 3.48434 0
-26.4 3.48434 0
-25.2 3.48434 0
-24 3.48434 0
-22.8 3.48434 0
-21.6 3.48434 0
-20.4 3.48434 0
-19.2 3.48434 0
-18 3.48434 0
-16.8 3.48434 0
-15.6 3.48434 0
-14.4 3.48434 0
-13.2 3.48434 0
-12 3.48434 0
-10.8 3.48434 -0.00786552
-9.6 3.48434 -0.0114012
-8.4 3.48434 -0.00836064
-7.2 3.48434 -0.000704996
-6 3.48434 0.00882574
-4.8 3.48434 0.0180152
-3.6 3.48434 0.0254736
-2.4 3.48434 0.0304121
-1.2 3.48434 0.0325766
0 3.48434 0.0325166
1.2 3.48434 0.0316614
2.4 3.48434 0.0315821
3.6 3.48434 0.032736
4.8 3.48434 0.0340057
6 3.48434 0.0339591
7.2 3.48434 0.0328259
8.4 3.48434 0.032808
9.6 3.48434 0.0358394
10.8 3.48434 0
12 3.48434 0
13.2 3.48434 0
14.4 3.48434 0
15.6 3.48434 0
16.8 3.48434 0
18 3.48434 0
19.2 3.48434 0
20.4 3.48434 0
21.6 3.48434 0
22.8 3.48434 0
24 3.48434 0
25.2 3.48434 0
26.4 3.48434 0
27.6 3.48434 0
28.8 3.48434 0
30 3.48434 0
-30 3.53485 0
-28.8 3.53485 0
-27.6 3.53485 0
-26.4 3.53485 0
-25.2 3.53485 0
-24 3.53485 0
-22.8 3.53485 0
-21.6 3.53485 0
-20.4 3.53485 0
-19.2 3.53485 0
-18 3.53485 0
-16.8 3.53485 0
-15.6 3.53485 0
-14.4 3.53485 0
-13.2 3.53485 0
-12 3.53485 0
-10.8 3.53485 -0.00732963
-9.6 3.53485 -0.0110371
-8.4 3.53485 -0.0082937
-7.2 3.53485 -0.000923376
-6 3.53485 0.0083901
-4.8 3.53485 0.0174206
-3.6 3.53485 0.0247572
-2.4 3.53485 0.0296126
-1.2 3.53485 0.0317472
0 3.53485 0.0317061
1.2 3.53485 0.0308794
2.4 3.53485 0.0307928
3.6 3.53485 0.0319035
4.8 3.53485 0.0331474
6 3.53485 0.0331331
7.2 3.53485 0.0320431
8.4 3.53485 0.0319724
9.6 3.53485 0.0348125
10.8 3.53485 0
12 3.53485 0
13.2 3.53485 0
14.4 3.53485 0
15.6 3.53485 0
16.8 3.53485 0
18 3.53485 0
19.2 3.53485 0
20.4 3.53485 0
21.6 3.53485 0
22.8 3.53485 0
24 3.53485 0
25.2 3.53485 0
26.4 3.53485 0
27.6 3.53485 0
28.8 3.53485 0
30 3.53485 0
-30 3.58535 0
-28.8 3.58535 0
-27.6 3.58535 0
-26.4 3.58535 0
-25.2 3.58535 0
-24 3.58535 0
-22.8 3.58535 0
-21.6 3.58535 0
-20.4 3.58535 0
-19.2 3.58535 0
-18 3.58535 0
-16.8 3.58535 0
-15.6 3.58535 0
-14.4 3.58535 0
-13.2 3.58535 0
-12 3.58535 0
-10.8 3.58535 -0.00680037
-9.6 3.58535 -0.0106631
-8.4 3.58535 -0.00821087
-7.2 3.58535 -0.00112935
-6 3.58535 0.00795941
-4.8 3.58535 0.0168237
-3.6 3.58535 0.0240333
-2.4 3.58535 0.0288019
-1.2 3.58535 0.0309041
0 3.58535 0.0308808
1.2 3.58535 0.0300828
2.4 3.58535 0.0299898
3.6 3.58535 0.0310574
4.8 3.58535 0.0322739
6 3.58535 0.0322895
7.2 3.58535 0.0312434
8.4 3.58535 0.0311249
9.6 3.58535 0.0337799
10.8 3.58535 0
12 3.58535 0
13.2 3.58535 0
14.4 3.58535 0
15.6 3.58535 0
16.8 3.58535 0
18 3.58535 0
19.2 3.58535 0
20.4 3.58535 0
21.6 3.58535 0
22.8 3.58535 0
24 3.58535 0
25.2 3.58535 0
26.4 3.58535 0
27.6 3.58535 0
28.8 3.58535 0
30 3.58535 0
-30 3.63586 0
-28.8 3.63586 0
-27.6 3.63586 0
-26.4 3.63586 0
-25.2 3.63586 0
-24 3.63586 0
-22.8 3.63586 0
-21.6 3.63586 0
-20.4 3.63586 0
-19.2 3.63586 0
-18 3.63586 0
-16.8 3.63586 0
-15.6 3.63586 0
-14.4 3.63586 0
-13.2 3.63586 0
-12 3.63586 0
-10.8 3.63586 -0.00627901
-9.6 3.63586 -0.0102798
-8.4 3.63586 -0.00811211
-7.2 3.63586 -0.00132248
-6 3.63586 0.0075341
-4.8 3.63586 0.0162249
-3.6 3.63586 0.0233019
-2.4 3.63586 0.0279798
-1.2 3.63586 0.0300472
0 3.63586 0.0300406
1.2 3.63586 0.0292714
2.4 3.63586 0.0291731
3.6 3.63586 0.0301976
4.8 3.63586 0.031385
6 3.63586 0.0314285
7.2 3.63586 0.0304268
8.4 3.63586 0.0302653
9.6 3.63586 0.0327413
10.8 3.63586 0
12 3.63586 0
13.2 3.63586 0
14.4 3.63586 0
15.6 3.63586 0
16.8 3.63586 0
18 3.63586 0
19.2 3.63586 0
20.4 3.63586 0
21.6 3.63586 0
22.8 3.63586 0
24 3.63586 0
25.2 3.63586 0
26.4 3.63586 0
27.6 3.63586 0
28.8 3.63586 0
30 3.63586 0
-30 3.68636 0
-28.8 3.68636 0
-27.6 3.68636 0
-26.4 3.68636 0
-25.2 3.68636 0
-24 3.68636 0
-22.8 3.68636 0
-21.6 3.68636 0
-20.4 3.68636 0
-19.2 3.68636 0
-18 3.68636 0
-16.8 3.68636 0
-15.6 3.68636 0
-14.4 3.68636 0
-13.2 3.68636 0
-12 3.68636 0
-10.8 3.68636 -0.00576678
-9.6 3.68636 -0.00988796
-8.4 3.68636 -0.00799743
-7.2 3.68636 -0.00150234
-6 3.68636 0.00711462
-4.8 3.68636 0.0156243
-3.6 3.68636 0.022563
-2.4 3.68636 0.0271463
-1.2 3.68636 0.0291765
0 3.68636 0.0291854
1.2 3.68636 0.0284453
2.4 3.68636 0.0283423
3.6 3.68636 0.0293241
4.8 3.68636 0.0304808
6 3.68636 0.0305498
7.2 3.68636 0.0295929
8.4 3.68636 0.0293932
9.6 3.68636 0.0316965
10.8 3.68636 0
12 3.68636 0
13.2 3.68636 0
14.4 3.68636 0
15.6 3.68636 0
16.8 3.68636 0
18 3.68636 0
19.2 3.68636 0
20.4 3.68636 0
21.6 3.68636 0
22.8 3.68636 0
24 3.68636 0
25.2 3.68636 0
26.4 3.68636 0
27.6 3.68636 0
28.8 3.68636 0
30 3.68636 0
-30 3.73687 0
-28.8 3.73687 0
-27.6 3.73687 0
-26.4 3.73687 0
-25.2 3.73687 0
-24 3.73687 0
-22.8 3.73687 0
-21.6 3.73687 0
-20.4 3.73687 0
-19.2 3.73687 0
-18 3.73687 0
-16.8 3.73687 0
-15.6 3.73687 0
-14.4 3.73687 0
-13.2 3.73687 0
-12 3.73687 0
-10.8 3.73687 -0.00526498
-9.6 3.73687 -0.00948837
-8.4 3.73687 -0.00786683
-7.2 3.73687 -0.00166848
-6 3.73687 0.00670141
-4.8 3.73687 0.0150222
-3.6 3.73687 0.0218166
-2.4 3.73687 0.0263014
-1.2 3.73687 0.0282918
0 3.73687 0.028315
1.2 3.73687 0.0276041
2.4 3.73687 0.0274974
3.6 3.73687 0.0284366
4.8 3.73687 0.0295612
6 3.73687 0.0296535
7.2 3.73687 0.0287416
8.4 3.73687 0.0285084
9.6 3.73687 0.0306453
10.8 3.73687 0
12 3.73687 0
13.2 3.73687 0
14.4 3.73687 0
15.6 3.73687 0
16.8 3.73687 0
18 3.73687 0
19.2 3.73687 0
20.4 3.73687 0
21.6 3.73687 0
22.8 3.73687 0
24 3.73687 0
25.2 3.73687 0
26.4 3.73687 0
27.6 3.73687 0
28.8 3.73687 0
30 3.73687 0
-30 3.78737 0
-28.8 3.78737 0
-27.6 3.78737 0
-26.4 3.78737 0
-25.2 3.78737 0
-24 3.78737 0
-22.8 3.78737 0
-21.6 3.78737 0
-20.4 3.78737 0
-19.2 3.78737 0
-18 3.78737 0
-16.8 3.78737 0
-15.6 3.78737 0
-14.4 3.78737 0
-13.2 3.78737 0
-12 3.78737 0
-10.8 3.78737 -0.00477488
-9.6 3.78737 -0.00908185
-8.4 3.78737 -0.00772039
-7.2 3.78737 -0.00182049
-6 3.78737 0.00629497
-4.8 3.78737 0.0144189
-3.6 3.78737 0.0210628
-2.4 3.78737 0.0254449
-1.2 3.78737 0.0273931
0 3.78737 0.0274295
1.2 3.78737 0.0267478
2.4 3.78737 0.0266381
3.6 3.78737 0.0275351
4.8 3.78737 0.0286261
6 3.78737 0.0287396
7.2 3.78737 0.0278728
8.4 3.78737 0.0276104
9.6 3.78737 0.0295873
10.8 3.78737 0
12 3.78737 0
13.2 3.78737 0
14.4 3.78737 0
15.6 3.78737 0
16.8 3.78737 0
18 3.78737 0
19.2 3.78737 0
20.4 3.78737 0
21.6 3.78737 0
22.8 3.78737 0
24 3.78737 0
25.2 3.78737 0
26.4 3.78737 0
27.6 3.78737 0
28.8 3.78737 0
30 3.78737 0
-30 3.83788 0
-28.8 3.83788 0
-27.6 3.83788 0
-26.4 3.83788 0
-25.2 3.83788 0
-24 3.83788 0
-22.8 3.83788 0
-21.6 3.83788 0
-20.4 3.83788 0
-19.2 3.83788 0
-18 3.83788 0
-16.8 3.83788 0
-15.6 3.83788 0
-14.4 3.83788 0
-13.2 3.83788 0
-12 3.83788 0
-10.8 3.83788 -0.00429779
-9.6 3.83788 -0.00866927
-8.4 3.83788 -0.00755819
-7.2 3.83788 -0.00195793
-6 3.83788 0.00589577
-4.8 3.83788 0.0138147
-3.6 3.83788 0.0203016
-2.4 3.83788 0.0245768
-1.2 3.83788 0.0264802
0 3.83788 0.0265286
1.2 3.83788 0.0258762
2.4 3.83788 0.0257644
3.6 3.83788 0.0266195
4.8 3.83788 0.0276756
6 3.83788 0.027808
7.2 3.83788 0.0269861
8.4 3.83788 0.026699
9.6 3.83788 0.0285223
10.8 3.83788 0
12 3.83788 0
13.2 3.83788 0
14.4 3.83788 0
15.6 3.83788 0
16.8 3.83788 0
18 3.83788 0
19.2 3.83788 0
20.4 3.83788 0
21.6 3.83788 0
22.8 3.83788 0
24 3.83788 0
25.2 3.83788 0
26.4 3.83788 0
27.6 3.83788 0
28.8 3.83788 0
30 3.83788 0
-30 3.88838 0
-28.8 3.88838 0
-27.6 3.88838 0
-26.4 3.88838 0
-25.2 3.88838 0
-24 3.88838 0
-22.8 3.88838 0
-21.6 3.88838 0
-20.4 3.88838 0
-19.2 3.88838 0
-18 3.88838 0
-16.8 3.88838 0
-15.6 3.88838 0
-14.4 3.88838 0
-13.2 3.88838 0
-12 3.88838 0
-10.8 3.88838 -0.00383502
-9.6 3.88838 -0.00825156
-8.4 3.88838 -0.00738036
-7.2 3.88838 -0.00208038
-6 3.88838 0.00550431
-4.8 3.88838 0.0132098
-3.6 3.88838 0.0195331
-2.4 3.88838 0.023697
-1.2 3.88838 0.025553
0 3.88838 0.0256122
1.2 3.88838 0.0249892
2.4 3.88838 0.0248761
3.6 3.88838 0.0256895
4.8 3.88838 0.0267095
6 3.88838 0.0268586
7.2 3.88838 0.0260816
8.4 3.88838 0.0257738
9.6 3.88838 0.02745
10.8 3.88838 0
12 3.88838 0
13.2 3.88838 0
14.4 3.88838 0
15.6 3.88838 0
16.8 3.88838 0
18 3.88838 0
19.2 3.88838 0
20.4 3.88838 0
21.6 3.88838 0
22.8 3.88838 0
24 3.88838 0
25.2 3.88838 0
26.4 3.88838 0
27.6 3.88838 0
28.8 3.88838 0
30 3.88838 0
-30 3.93889 0
-28.8 3.93889 0
-27.6 3.93889 0
-26.4 3.93889 0
-25.2 3.93889 0
-24 3.93889 0
-22.8 3.93889 0
-21.6 3.93889 0
-20.4 3.93889 0
-19.2 3.93889 0
-18 3.93889 0
-16.8 3.93889 0
-15.6 3.93889 0
-14.4 3.93889 0
-13.2 3.93889 0
-12 3.93889 0
-10.8 3.93889 -0.00338789
-9.6 3.93889 -0.00782967
-8.4 3.93889 -0.00718705
-7.2 3.93889 -0.00218742
-6 3.93889 0.00512111
-4.8 3.93889 0.0126044
-3.6 3.93889 0.0187574
-2.4 3.93889 0.0228054
-1.2 3.93889 0.0246114
0 3.93889 0.0246803
1.2 3.93889 0.0240866
2.4 3.93889 0.0239729
3.6 3.93889 0.0247452
4.8 3.93889 0.0257278
6 3.93889 0.0258914
7.2 3.93889 0.025159
8.4 3.93889 0.0248345
9.6 3.93889 0.0263701
10.8 3.93889 0
12 3.93889 0
13.2 3.93889 0
14.4 3.93889 0
15.6 3.93889 0
16.8 3.93889 0
18 3.93889 0
19.2 3.93889 0
20.4 3.93889 0
21.6 3.93889 0
22.8 3.93889 0
24 3.93889 0
25.2 3.93889 0
26.4 3.93889 0
27.6 3.93889 0
28.8 3.93889 0
30 3.93889 0
-30 3.98939 0
-28.8 3.98939 0
-27.6 3.98939 0
-26.4 3.98939 0
-25.2 3.98939 0
-24 3.98939 0
-22.8 3.98939 0
-21.6 3.98939 0
-20.4 3.98939 0
-19.2 3.98939 0
-18 3.98939 0
-16.8 3.98939 0
-15.6 3.98939 0
-14.4 3.98939 0
-13.2 3.98939 0
-12 3.98939 0
-10.8 3.98939 -0.00295769
-9.6 3.98939 -0.00740461
-8.4 3.98939 -0.00697848
-7.2 3.98939 -0.00227864
-6 3.98939 0.00474669
-4.8 3.98939 0.0119991
-3.6 3.98939 0.0179743
-2.4 3.98939 0.0219019
-1.2 3.98939 0.0236554
0 3.98939 0.0237327
1.2 3.98939 0.0231683
2.4 3.98939 0.0230547
3.6 3.98939 0.0237862
4.8 3.98939 0.0247304
6 3.98939 0.0249064
7.2 3.98939 0.0242181
8.4 3.98939 0.0238808
9.6 3.98939 0.0252823
10.8 3.98939 0
12 3.98939 0
13.2 3.98939 0
14.4 3.98939 0
15.6 3.98939 0
16.8 3.98939 0
18 3.98939 0
19.2 3.98939 0
20.4 3.98939 0
21.6 3.98939 0
22.8 3.98939 0
24 3.98939 0
25.2 3.98939 0
26.4 3.98939 0
27.6 3.98939 0
28.8 3.98939 0
30 3.98939 0
-30 4.0399 0
-28.8 4.0399 0
-27.6 4.0399 0
-26.4 4.0399 0
-25.2 4.0399 0
-24 4.0399 0
-22.8 4.0399 0
-21.6 4.0399 0
-20.4 4.0399 0
-19.2 4.0399 0
-18 4.0399 0
-16.8 4.0399 0
-15.6 4.0399 0
-14.4 4.0399 0
-13.2 4.0399 0
-12 4.0399 0
-10.8 4.0399 -0.00254577
-9.6 4.0399 -0.00697745
-8.4 4.0399 -0.00675489
-7.2 4.0399 -0.00235365
-6 4.0399 0.00438161
-4.8 4.0399 0.011394
-3.6 4.0399 0.0171842
-2.4 4.0399 0.0209865
-1.2 4.0399 0.0226848
0 4.0399 0.0227694
1.2 4.0399 0.0222342
2.4 4.0399 0.0221214
3.6 4.0399 0.0228125
4.8 4.0399 0.0237173
6 4.0399 0.0239035
7.2 4.0399 0.0232588
8.4 4.0399 0.0229124
9.6 4.0399 0.0241863
10.8 4.0399 0
12 4.0399 0
13.2 4.0399 0
14.4 4.0399 0
15.6 4.0399 0
16.8 4.0399 0
18 4.0399 0
19.2 4.0399 0
20.4 4.0399 0
21.6 4.0399 0
22.8 4.0399 0
24 4.0399 0
25.2 4.0399 0
26.4 4.0399 0
27.6 4.0399 0
28.8 4.0399 0
30 4.0399 0
-30 4.0904 0
-28.8 4.0904 0
-27.6 4.0904 0
-26.4 4.0904 0
-25.2 4.0904 0
-24 4.0904 0
-22.8 4.0904 0
-21.6 4.0904 0
-20.4 4.0904 0
-19.2 4.0904 0
-18 4.0904 0
-16.8 4.0904 0
-15.6 4.0904 0
-14.4 4.0904 0
-13.2 4.0904 0
-12 4.0904 0
-10.8 4.0904 -0.00215342
-9.6 4.0904 -0.00654927
-8.4 4.0904 -0.00651656
-7.2 4.0904 -0.00241205
-6 4.0904 0.00402642
-4.8 4.0904 0.0107895
-3.6 4.0904 0.0163869
-2.4 4.0904 0.020059
-1.2 4.0904 0.0216994
0 4.0904 0.0217901
1.2 4.0904 0.021284
2.4 4.0904 0.0211727
3.6 4.0904 0.021824
4.8 4.0904 0.0226883
6 4.0904 0.0228827
7.2 4.0904 0.022281
8.4 4.0904 0.0219289
9.6 4.0904 0.0230817
10.8 4.0904 0
12 4.0904 0
13.2 4.0904 0
14.4 4.0904 0
15.6 4.0904 0
16.8 4.0904 0
18 4.0904 0
19.2 4.0904 0
20.4 4.0904 0
21.6 4.0904 0
22.8 4.0904 0
24 4.0904 0
25.2 4.0904 0
26.4 4.0904 0
27.6 4.0904 0
28.8 4.0904 0
30 4.0904 0
-30 4.14091 0
-28.8 4.14091 0
-27.6 4.14091 0
-26.4 4.14091 0
-25.2 4.14091 0
-24 4.14091 0
-22.8 4.14091 0
-21.6 4.14091 0
-20.4 4.14091 0
-19.2 4.14091 0
-18 4.14091 0
-16.8 4.14091 0
-15.6 4.14091 0
-14.4 4.14091 0
-13.2 4.14091 0
-12 4.14091 0
-10.8 4.14091 -0.00178196
-9.6 4.14091 -0.00612123
-8.4 4.14091 -0.00626385
-7.2 4.14091 -0.00245346
-6 4.14091 0.0036817
-4.8 4.14091 0.0101859
-3.6 4.14091 0.0155825
-2.4 4.14091 0.0191193
-1.2 4.14091 0.0206992
0 4.14091 0.0207948
1.2 4.14091 0.0203178
2.4 4.14091 0.0202086
3.6 4.14091 0.0208204
4.8 4.14091 0.0216435
6 4.14091 0.0218439
7.2 4.14091 0.0212844
8.4 4.14091 0.02093
9.6 4.14091 0.0219682
10.8 4.14091 0
12 4.14091 0
13.2 4.14091 0
14.4 4.14091 0
15.6 4.14091 0
16.8 4.14091 0
18 4.14091 0
19.2 4.14091 0
20.4 4.14091 0
21.6 4.14091 0
22.8 4.14091 0
24 4.14091 0
25.2 4.14091 0
26.4 4.14091 0
27.6 4.14091 0
28.8 4.14091 0
30 4.14091 0
-30 4.19141 0
-28.8 4.19141 0
-27.6 4.19141 0
-26.4 4.19141 0
-25.2 4.19141 0
-24 4.19141 0
-22.8 4.19141 0
-21.6 4.19141 0
-20.4 4.19141 0
-19.2 4.19141 0
-18 4.19141 0
-16.8 4.19141 0
-15.6 4.19141 0
-14.4 4.19141 0
-13.2 4.19141 0
-12 4.19141 0
-10.8 4.19141 -0.00143267
-9.6 4.19141 -0.00569451
-8.4 4.19141 -0.00599712
-7.2 4.19141 -0.00247751
-6 4.19141 0.00334804
-4.8 4.19141 0.00958372
-3.6 4.19141 0.0147712
-2.4 4.19141 0.0181674
-1.2 4.19141 0.019684
0 4.19141 0.0197834
1.2 4.19141 0.0193352
2.4 4.19141 0.0192287
3.6 4.19141 0.0198017
4.8 4.19141 0.0205827
6 4.19141 0.0207871
7.2 4.19141 0.0202691
8.4 4.19141 0.0199155
9.6 4.19141 0.0208455
10.8 4.19141 0
12 4.19141 0
13.2 4.19141 0
14.4 4.19141 0
15.6 4.19141 0
16.8 4.19141 0
18 4.19141 0
19.2 4.19141 0
20.4 4.19141 0
21.6 4.19141 0
22.8 4.19141 0
24 4.19141 0
25.2 4.19141 0
26.4 4.19141 0
27.6 4.19141 0
28.8 4.19141 0
30 4.19141 0
-30 4.24192 0
-28.8 4.24192 0
-27.6 4.24192 0
-26.4 4.24192 0
-25.2 4.24192 0
-24 4.24192 0
-22.8 4.24192 0
-21.6 4.24192 0
-20.4 4.24192 0
-19.2 4.24192 0
-18 4.24192 0
-16.8 4.24192 0
-15.6 4.24192 0
-14.4 4.24192 0
-13.2 4.24192 0
-12 4.24192 0
-10.8 4.24192 -0.00110683
-9.6 4.24192 -0.00527035
-8.4 4.24192 -0.00571681
-7.2 4.24192 -0.00248385
-6 4.24192 0.00302604
-4.8 4.24192 0.00898325
-3.6 4.24192 0.0139529
-2.4 4.24192 0.0172031
-1.2 4.24192 0.0186537
0 4.24192 0.0187558
1.2 4.24192 0.0183362
2.4 4.24192 0.018233
3.6 4.24192 0.0187676
4.8 4.24192 0.0195057
6 4.24192 0.0197123
7.2 4.24192 0.0192347
8.4 4.24192 0.018885
9.6 4.24192 0.0197132
10.8 4.24192 0
12 4.24192 0
13.2 4.24192 0
14.4 4.24192 0
15.6 4.24192 0
16.8 4.24192 0
18 4.24192 0
19.2 4.24192 0
20.4 4.24192 0
21.6 4.24192 0
22.8 4.24192 0
24 4.24192 0
25.2 4.24192 0
26.4 4.24192 0
27.6 4.24192 0
28.8 4.24192 0
30 4.24192 0
-30 4.29242 0
-28.8 4.29242 0
-27.6 4.29242 0
-26.4 4.29242 0
-25.2 4.29242 0
-24 4.29242 0
-22.8 4.29242 0
-21.6 4.29242 0
-20.4 4.29242 0
-19.2 4.29242 0
-18 4.29242 0
-16.8 4.29242 0
-15.6 4.29242 0
-14.4 4.29242 0
-13.2 4.29242 0
-12 4.29242 0
-10.8 4.29242 -0.000805713
-9.6 4.29242 -0.00485004
-8.4 4.29242 -0.00542342
-7.2 4.29242 -0.00247214
-6 4.29242 0.00271633
-4.8 4.29242 0.00838493
-3.6 4.29242 0.0131278
-2.4 4.29242 0.0162264
-1.2 4.29242 0.0176081
0 4.29242 0.0177117
1.2 4.29242 0.0173207
2.4 4.29242 0.0172212
3.6 4.29242 0.017718
4.8 4.29242 0.0184127
6 4.29242 0.0186192
7.2 4.29242 0.0181812
8.4 4.29242 0.0178382
9.6 4.29242 0.0185709
10.8 4.29242 0
12 4.29242 0
13.2 4.29242 0
14.4 4.29242 0
15.6 4.29242 0
16.8 4.29242 0
18 4.29242 0
19.2 4.29242 0
20.4 4.29242 0
21.6 4.29242 0
22.8 4.29242 0
24 4.29242 0
25.2 4.29242 0
26.4 4.29242 0
27.6 4.29242 0
28.8 4.29242 0
30 4.29242 0
-30 4.34293 0
-28.8 4.34293 0
-27.6 4.34293 0
-26.4 4.34293 0
-25.2 4.34293 0
-24 4.34293 0
-22.8 4.34293 0
-21.6 4.34293 0
-20.4 4.34293 0
-19.2 4.34293 0
-18 4.34293 0
-16.8 4.34293 0
-15.6 4.34293 0
-14.4 4.34293 0
-13.2 4.34293 0
-12 4.34293 0
-10.8 4.34293 -0.000530543
-9.6 4.34293 -0.00443488
-8.4 4.34293 -0.00511748
-7.2 4.34293 -0.00244206
-6 4.34293 0.00241954
-4.8 4.34293 0.00778918
-3.6 4.34293 0.012296
-2.4 4.34293 0.015237
-1.2 4.34293 0.0165472
0 4.34293 0.0166512
1.2 4.34293 0.0162884
2.4 4.34293 0.0161933
3.6 4.34293 0.0166528
4.8 4.34293 0.0173033
6 4.34293 0.017508
7.2 4.34293 0.0171085
8.4 4.34293 0.0167748
9.6 4.34293 0.0174183
10.8 4.34293 0
12 4.34293 0
13.2 4.34293 0
14.4 4.34293 0
15.6 4.34293 0
16.8 4.34293 0
18 4.34293 0
19.2 4.34293 0
20.4 4.34293 0
21.6 4.34293 0
22.8 4.34293 0
24 4.34293 0
25.2 4.34293 0
26.4 4.34293 0
27.6 4.34293 0
28.8 4.34293 0
30 4.34293 0
-30 4.39343 0
-28.8 4.39343 0
-27.6 4.39343 0
-26.4 4.39343 0
-25.2 4.39343 0
-24 4.39343 0
-22.8 4.39343 0
-21.6 4.39343 0
-20.4 4.39343 0
-19.2 4.39343 0
-18 4.39343 0
-16.8 4.39343 0
-15.6 4.39343 0
-14.4 4.39343 0
-13.2 4.39343 0
-12 4.39343 0
-10.8 4.39343 -0.000282532
-9.6 4.39343 -0.00402624
-8.4 4.39343 -0.00479961
-7.2 4.39343 -0.0023933
-6 4.39343 0.00213633
-4.8 4.39343 0.00719645
-3.6 4.39343 0.0114575
-2.4 4.39343 0.014235
-1.2 4.39343 0.0154708
0 4.39343 0.015574
1.2 4.39343 0.0152393
2.4 4.39343 0.0151489
3.6 4.39343 0.0155717
4.8 4.39343 0.0161775
6 4.39343 0.0163785
7.2 4.39343 0.0160164
8.4 4.39343 0.0156945
9.6 4.39343 0.016255
10.8 4.39343 0
12 4.39343 0
13.2 4.39343 0
14.4 4.39343 0
15.6 4.39343 0
16.8 4.39343 0
18 4.39343 0
19.2 4.39343 0
20.4 4.39343 0
21.6 4.39343 0
22.8 4.39343 0
24 4.39343 0
25.2 4.39343 0
26.4 4.39343 0
27.6 4.39343 0
28.8 4.39343 0
30 4.39343 0
-30 4.44394 0
-28.8 4.44394 0
-27.6 4.44394 0
-26.4 4.44394 0
-25.2 4.44394 0
-24 4.44394 0
-22.8 4.44394 0
-21.6 4.44394 0
-20.4 4.44394 0
-19.2 4.44394 0
-18 4.44394 0
-16.8 4.44394 0
-15.6 4.44394 0
-14.4 4.44394 0
-13.2 4.44394 0
-12 4.44394 0
-10.8 4.44394 -6.28525e-05
-9.6 4.44394 -0.00362552
-8.4 4.44394 -0.00447045
-7.2 4.44394 -0.0023256
-6 4.44394 0.00186738
-4.8 4.44394 0.00660722
-3.6 4.44394 0.0106124
-2.4 4.44394 0.0132202
-1.2 4.44394 0.0143787
0 4.44394 0.01448
1.2 4.44394 0.0141732
2.4 4.44394 0.014088
3.6 4.44394 0.0144747
4.8 4.44394 0.0150353
6 4.44394 0.0152306
7.2 4.44394 0.0149048
8.4 4.44394 0.0145972
9.6 4.44394 0.0150806
10.8 4.44394 0
12 4.44394 0
13.2 4.44394 0
14.4 4.44394 0
15.6 4.44394 0
16.8 4.44394 0
18 4.44394 0
19.2 4.44394 0
20.4 4.44394 0
21.6 4.44394 0
22.8 4.44394 0
24 4.44394 0
25.2 4.44394 0
26.4 4.44394 0
27.6 4.44394 0
28.8 4.44394 0
30 4.44394 0
-30 4.49444 0
-28.8 4.49444 0
-27.6 4.49444 0
-26.4 4.49444 0
-25.2 4.49444 0
-24 4.49444 0
-22.8 4.49444 0
-21.6 4.49444 0
-20.4 4.49444 0
-19.2 4.49444 0
-18 4.49444 0
-16.8 4.49444 0
-15.6 4.49444 0
-14.4 4.49444 0
-13.2 4.49444 0
-12 4.49444 0
-10.8 4.49444 0.000127357
-9.6 4.49444 -0.00323416
-8.4 4.49444 -0.00413074
-7.2 4.49444 -0.0022387
-6 4.49444 0.00161336
-4.8 4.49444 0.00602197
-3.6 4.49444 0.00976082
-2.4 4.49444 0.0121924
-1.2 4.49444 0.0132708
0 4.49444 0.0133692
1.2 4.49444 0.0130899
2.4 4.49444 0.0130103
3.6 4.49444 0.0133614
4.8 4.49444 0.0138765
6 4.49444 0.0140643
7.2 4.49444 0.0137735
8.4 4.49444 0.0134824
9.6 4.49444 0.0138948
10.8 4.49444 0
12 4.49444 0
13.2 4.49444 0
14.4 4.49444 0
15.6 4.49444 0
16.8 4.49444 0
18 4.49444 0
19.2 4.49444 0
20.4 4.49444 0
21.6 4.49444 0
22.8 4.49444 0
24 4.49444 0
25.2 4.49444 0
26.4 4.49444 0
27.6 4.49444 0
28.8 4.49444 0
30 4.49444 0
-30 4.54495 0
-28.8 4.54495 0
-27.6 4.54495 0
-26.4 4.54495 0
-25.2 4.54495 0
-24 4.54495 0
-22.8 4.54495 0
-21.6 4.54495 0
-20.4 4.54495 0
-19.2 4.54495 0
-18 4.54495 0
-16.8 4.54495 0
-15.6 4.54495 0
-14.4 4.54495 0
-13.2 4.54495 0
-12 4.54495 0
-10.8 4.54495 0.000287003
-9.6 4.54495 -0.00285363
-8.4 4.54495 -0.00378128
-7.2 4.54495 -0.00213237
-6 4.54495 0.00137499
-4.8 4.54495 0.00544121
-3.6 4.54495 0.00890289
-2.4 4.54495 0.0111515
-1.2 4.54495 0.012147
0 4.54495 0.0122414
1.2 4.54495 0.0119893
2.4 4.54495 0.0119156
3.6 4.54495 0.0122319
4.8 4.54495 0.0127009
6 4.54495 0.0128795
7.2 4.54495 0.0126225
8.4 4.54495 0.0123499
9.6 4.54495 0.0126971
10.8 4.54495 0
12 4.54495 0
13.2 4.54495 0
14.4 4.54495 0
15.6 4.54495 0
16.8 4.54495 0
18 4.54495 0
19.2 4.54495 0
20.4 4.54495 0
21.6 4.54495 0
22.8 4.54495 0
24 4.54495 0
25.2 4.54495 0
26.4 4.54495 0
27.6 4.54495 0
28.8 4.54495 0
30 4.54495 0
-30 4.59545 0
-28.8 4.59545 0
-27.6 4.59545 0
-26.4 4.59545 0
-25.2 4.59545 0
-24 4.59545 0
-22.8 4.59545 0
-21.6 4.59545 0
-20.4 4.59545 0
-19.2 4.59545 0
-18 4.59545 0
-16.8 4.59545 0
-15.6 4.59545 0
-14.4 4.59545 0
-13.2 4.59545 0
-12 4.59545 0
-10.8 4.59545 0.000415042
-9.6 4.59545 -0.00248543
-8.4 4.59545 -0.00342292
-7.2 4.59545 -0.00200641
-6 4.59545 0.00115298
-4.8 4.59545 0.00486549
-3.6 4.59545 0.00803871
-2.4 4.59545 0.0100975
-1.2 4.59545 0.011007
0 4.59545 0.0110965
1.2 4.59545 0.0108712
2.4 4.59545 0.0108039
3.6 4.59545 0.0110858
4.8 4.59545 0.0115085
6 4.59545 0.0116761
7.2 4.59545 0.0114515
8.4 4.59545 0.0111995
9.6 4.59545 0.0114874
10.8 4.59545 0
12 4.59545 0
13.2 4.59545 0
14.4 4.59545 0
15.6 4.59545 0
16.8 4.59545 0
18 4.59545 0
19.2 4.59545 0
20.4 4.59545 0
21.6 4.59545 0
22.8 4.59545 0
24 4.59545 0
25.2 4.59545 0
26.4 4.59545 0
27.6 4.59545 0
28.8 4.59545 0
30 4.59545 0
-30 4.64596 0
-28.8 4.64596 0
-27.6 4.64596 0
-26.4 4.64596 0
-25.2 4.64596 0
-24 4.64596 0
-22.8 4.64596 0
-21.6 4.64596 0
-20.4 4.64596 0
-19.2 4.64596 0
-18 4.64596 0
-16.8 4.64596 0
-15.6 4.64596 0
-14.4 4.64596 0
-13.2 4.64596 0
-12 4.64596 0
-10.8 4.64596 0.000510482
-9.6 4.64596 -0.00213111
-8.4 4.64596 -0.00305659
-7.2 4.64596 -0.00186066
-6 4.64596 0.000948076
-4.8 4.64596 0.00429535
-3.6 4.64596 0.00716838
-2.4 4.64596 0.00903008
-1.2 4.64596 0.00985071
0 4.64596 0.0099342
1.2 4.64596 0.00973549
2.4 4.64596 0.00967476
3.6 4.64596 0.00992296
4.8 4.64596 0.0102991
6 4.64596 0.0104541
7.2 4.64596 0.0102605
8.4 4.64596 0.0100309
9.6 4.64596 0.0102651
10.8 4.64596 0
12 4.64596 0
13.2 4.64596 0
14.4 4.64596 0
15.6 4.64596 0
16.8 4.64596 0
18 4.64596 0
19.2 4.64596 0
20.4 4.64596 0
21.6 4.64596 0
22.8 4.64596 0
24 4.64596 0
25.2 4.64596 0
26.4 4.64596 0
27.6 4.64596 0
28.8 4.64596 0
30 4.64596 0
-30 4.69646 0
-28.8 4.69646 0
-27.6 4.69646 0
-26.4 4.69646 0
-25.2 4.69646 0
-24 4.69646 0
-22.8 4.69646 0
-21.6 4.69646 0
-20.4 4.69646 0
-19.2 4.69646 0
-18 4.69646 0
-16.8 4.69646 0
-15.6 4.69646 0
-14.4 4.69646 0
-13.2 4.69646 0
-12 4.69646 0
-10.8 4.69646 0.000572395
-9.6 4.69646 -0.00179222
-8.4 4.69646 -0.00268332
-7.2 4.69646 -0.001695
-6 4.69646 0.000761037
-4.8 4.69646 0.00373138
-3.6 4.69646 0.00629204
-2.4 4.69646 0.00794923
-1.2 4.69646 0.008678
0 4.69646 0.00875452
1.2 4.69646 0.00858203
2.4 4.69646 0.00852816
3.6 4.69646 0.00874325
4.8 4.69646 0.00907256
6 4.69646 0.00921324
7.2 4.69646 0.00904925
8.4 4.69646 0.00884382
9.6 4.69646 0.00903002
10.8 4.69646 0
12 4.69646 0
13.2 4.69646 0
14.4 4.69646 0
15.6 4.69646 0
16.8 4.69646 0
18 4.69646 0
19.2 4.69646 0
20.4 4.69646 0
21.6 4.69646 0
22.8 4.69646 0
24 4.69646 0
25.2 4.69646 0
26.4 4.69646 0
27.6 4.69646 0
28.8 4.69646 0
30 4.69646 0
-30 4.74697 0
-28.8 4.74697 0
-27.6 4.74697 0
-26.4 4.74697 0
-25.2 4.74697 0
-24 4.74697 0
-22.8 4.74697 0
-21.6 4.74697 0
-20.4 4.74697 0
-19.2 4.74697 0
-18 4.74697 0
-16.8 4.74697 0
-15.6 4.74697 0
-14.4 4.74697 0
-13.2 4.74697 0
-12 4.74697 0
-10.8 4.74697 0.000599919
-9.6 4.74697 -0.00147035
-8.4 4.74697 -0.00230419
-7.2 4.74697 -0.00150932
-6 4.74697 0.000592641
-4.8 4.74697 0.0031742
-3.6 4.74697 0.0054098
-2.4 4.74697 0.00685478
-1.2 4.74697 0.00748867
0 4.74697 0.00755727
1.2 4.74697 0.00741064
2.4 4.74697 0.00736387
3.6 4.74697 0.00754647
4.8 4.74697 0.00782881
6 4.74697 0.00795358
7.2 4.74697 0.00781768
8.4 4.74697 0.00763797
9.6 4.74697 0.00778172
10.8 4.74697 0
12 4.74697 0
13.2 4.74697 0
14.4 4.74697 0
15.6 4.74697 0
16.8 4.74697 0
18 4.74697 0
19.2 4.74697 0
20.4 4.74697 0
21.6 4.74697 0
22.8 4.74697 0
24 4.74697 0
25.2 4.74697 0
26.4 4.74697 0
27.6 4.74697 0
28.8 4.74697 0
30 4.74697 0
-30 4.79747 0
-28.8 4.79747 0
-27.6 4.79747 0
-26.4 4.79747 0
-25.2 4.79747 0
-24 4.79747 0
-22.8 4.79747 0
-21.6 4.79747 0
-20.4 4.79747 0
-19.2 4.79747 0
-18 4.79747 0
-16.8 4.79747 0
-15.6 4.79747 0
-14.4 4.79747 0
-13.2 4.79747 0
-12 4.79747 0
-10.8 4.79747 0.000592265
-9.6 4.79747 -0.00116711
-8.4 4.79747 -0.00192038
-7.2 4.79747 -0.00130359
-6 4.79747 0.000443685
-4.8 4.79747 0.00262442
-3.6 4.79747 0.00452181
-2.4 4.79747 0.00574659
-1.2 4.79747 0.00628257
0 4.79747 0.0063423
1.2 4.79747 0.00622116
2.4 4.79747 0.00618173
3.6 4.79747 0.00633242
4.8 4.79747 0.00656767
6 4.79747 0.00667497
7.2 4.79747 0.00656564
8.4 4.79747 0.00641312
9.6 4.79747 0.00651989
10.8 4.79747 0
12 4.79747 0
13.2 4.79747 0
14.4 4.79747 0
15.6 4.79747 0
16.8 4.79747 0
18 4.79747 0
19.2 4.79747 0
20.4 4.79747 0
21.6 4.79747 0
22.8 4.79747 0
24 4.79747 0
25.2 4.79747 0
26.4 4.79747 0
27.6 4.79747 0
28.8 4.79747 0
30 4.79747 0
-30 4.84798 0
-28.8 4.84798 0
-27.6 4.84798 0
-26.4 4.84798 0
-25.2 4.84798 0
-24 4.84798 0
-22.8 4.84798 0
-21.6 4.84798 0
-20.4 4.84798 0
-19.2 4.84798 0
-18 4.84798 0
-16.8 4.84798 0
-15.6 4.84798 0
-14.4 4.84798 0
-13.2 4.84798 0
-12 4.84798 0
-10.8 4.84798 0.000548728
-9.6 4.84798 -0.000884105
-8.4 4.84798 -0.00153316
-7.2 4.84798 -0.00107779
-6 4.84798 0.000314991
-4.8 4.84798 0.0020827
-3.6 4.84798 0.0036282
-2.4 4.84798 0.00462452
-1.2 4.84798 0.00505952
0 4.84798 0.00510944
1.2 4.84798 0.00501343
2.4 4.84798 0.00498153
3.6 4.84798 0.0051009
4.8 4.84798 0.00528897
6 4.84798 0.00537733
7.2 4.84798 0.005293
8.4 4.84798 0.00516897
9.6 4.84798 0.00524417
10.8 4.84798 0
12 4.84798 0
13.2 4.84798 0
14.4 4.84798 0
15.6 4.84798 0
16.8 4.84798 0
18 4.84798 0
19.2 4.84798 0
20.4 4.84798 0
21.6 4.84798 0
22.8 4.84798 0
24 4.84798 0
25.2 4.84798 0
26.4 4.84798 0
27.6 4.84798 0
28.8 4.84798 0
30 4.84798 0
-30 4.89848 0
-28.8 4.89848 0
-27.6 4.89848 0
-26.4 4.89848 0
-25.2 4.89848 0
-24 4.89848 0
-22.8 4.89848 0
-21.6 4.89848 0
-20.4 4.89848 0
-19.2 4.89848 0
-18 4.89848 0
-16.8 4.89848 0
-15.6 4.89848 0
-14.4 4.89848 0
-13.2 4.89848 0
-12 4.89848 0
-10.8 4.89848 0.000468691
-9.6 4.89848 -0.00062296
-8.4 4.89848 -0.00114388
-7.2 4.89848 -0.000831979
-6 4.89848 0.000207404
-4.8 4.89848 0.00154974
-3.6 4.89848 0.00272911
-2.4 4.89848 0.00348844
-1.2 4.89848 0.00381934
0 4.89848 0.00385853
1.2 4.89848 0.00378729
2.4 4.89848 0.00376311
3.6 4.89848 0.00385172
4.8 4.89848 0.00399258
6 4.89848 0.00406057
7.2 4.89848 0.00399961
8.4 4.89848 0.00390527
9.6 4.89848 0.00395424
10.8 4.89848 0
12 4.89848 0
13.2 4.89848 0
14.4 4.89848 0
15.6 4.89848 0
16.8 4.89848 0
18 4.89848 0
19.2 4.89848 0
20.4 4.89848 0
21.6 4.89848 0
22.8 4.89848 0
24 4.89848 0
25.2 4.89848 0
26.4 4.89848 0
27.6 4.89848 0
28.8 4.89848 0
30 4.89848 0
-30 4.94899 0
-28.8 4.94899 0
-27.6 4.94899 0
-26.4 4.94899 0
-25.2 4.94899 0
-24 4.94899 0
-22.8 4.94899 0
-21.6 4.94899 0
-20.4 4.94899 0
-19.2 4.94899 0
-18 4.94899 0
-16.8 4.94899 0
-15.6 4.94899 0
-14.4 4.94899 0
-13.2 4.94899 0
-12 4.94899 0
-10.8 4.94899 0.000351636
-9.6 4.94899 -0.000385298
-8.4 4.94899 -0.000753994
-7.2 4.94899 -0.000566242
-6 4.94899 0.0001218
-4.8 4.94899 0.00102623
-3.6 4.94899 0.00182468
-2.4 4.94899 0.00233822
-1.2 4.94899 0.00256187
0 4.94899 0.0025894
1.2 4.94899 0.00254257
2.4 4.94899 0.0025263
3.6 4.94899 0.00258468
4.8 4.94899 0.0026783
6 4.94899 0.00272458
7.2 4.94899 0.00268537
8.4 4.94899 0.00262173
9.6 4.94899 0.00264972
10.8 4.94899 0
12 4.94899 0
13.2 4.94899 0
14.4 4.94899 0
15.6 4.94899 0
16.8 4.94899 0
18 4.94899 0
19.2 4.94899 0
20.4 4.94899 0
21.6 4.94899 0
22.8 4.94899 0
24 4.94899 0
25.2 4.94899 0
26.4 4.94899 0
27.6 4.94899 0
28.8 4.94899 0
30 4.94899 0
-30 4.99949 0
-28.8 4.99949 0
-27.6 4.99949 0
-26.4 4.99949 0
-25.2 4.99949 0
-24 4.99949 0
-22.8 4.99949 0
-21.6 4.99949 0
-20.4 4.99949 0
-19.2 4.99949 0
-18 4.99949 0
-16.8 4.99949 0
-15.6 4.99949 0
-14.4 4.99949 0
-13.2 4.99949 0
-12 4.99949 0
-10.8 4.99949 0.000196997
-9.6 4.99949 -0.000172937
-8.4 4.99949 -0.000365245
-7.2 4.99949 -0.000280744
-6 4.99949 5.92068e-05
-4.8 4.99949 0.00051302
-3.6 4.99949 0.000915106
-2.4 4.99949 0.00117374
-1.2 4.99949 0.00128692
0 4.99949 0.00130187
1.2 4.99949 0.00127911
2.4 4.99949 0.00127092
3.6 4.99949 0.00129959
4.8 4.99949 0.00134597
6 4.99949 0.00136927
7.2 4.99949 0.00135015
8.4 4.99949 0.00131806
9.6 4.99949 0.00133025
10.8 4.99949 0
12 4.99949 0
13.2 4.99949 0
14.4 4.99949 0
15.6 4.99949 0
16.8 4.99949 0
18 4.99949 0
19.2 4.99949 0
20.4 4.99949 0
21.6 4.99949 0
22.8 4.99949 0
24 4.99949 0
25.2 4.99949 0
26.4 4.99949 0
27.6 4.99949 0
28.8 4.99949 0
30 4.99949 0
-30 5.05 0
-28.8 5.05 0
-27.6 5.05 0
-26.4 5.05 0
-25.2 5.05 0
-24 5.05 0
-22.8 5.05 0
-21.6 5.05 0
-20.4 5.05 0
-19.2 5.05 0
-18 5.05 0
-16.8 5.05 0
-15.6 5.05 0
-14.4 5.05 0
-13.2 5.05 0
-12 5.05 0
-10.8 5.05 0
-9.6 5.05 0
-8.4 5.05 0
-7.2 5.05 0
-6 5.05 0
-4.8 5.05 0
-3.6 5.05 0
-2.4 5.05 0
-1.2 5.05 0
0 5.05 0
1.2 5.05 0
2.4 5.05 0
3.6 5.05 0
4.8 5.05 0
6 5.05 0
7.2 5.05 0
8.4 5.05 0
9.6 5.05 0
10.8 5.05 0
12 5.05 0
13.2 5.05 0
14.4 5.05 0
15.6 5.05 0
16.8 5.05 0
18 5.05 0
19.2 5.05 0
20.4 5.05 0
21.6 5.05 0
22.8 5.05 0
24 5.05 0
25.2 5.05 0
26.4 5.05 0
27.6 5.05 0
28.8 5.05 0
30 5.05 0
