-30 0.05 2.79595e-38
-28.8 0.05 -1.35765e-08
-27.6 0.05 1.01421e-08
-26.4 0.05 1.83199e-07
-25.2 0.05 6.11197e-07
-24 0.05 1.26494e-06
-22.8 0.05 1.81862e-06
-21.6 0.05 1.91355e-06
-20.4 0.05 1.95839e-06
-19.2 0.05 3.17186e-06
-18 0.05 5.47462e-06
-16.8 0.05 5.45594e-06
-15.6 0.05 -5.30199e-08
-14.4 0.05 -5.34813e-06
-13.2 0.05 3.77605e-06
-12 0.05 2.83268e-05
-10.8 0.05 3.36916e-05
-9.6 0.05 -2.38621e-05
-8.4 0.05 -0.000114528
-7.2 0.05 -9.59072e-05
-6 0.05 0.000153945
-4.8 0.05 0.000484494
-3.6 0.05 0.000415179
-2.4 0.05 -0.000451254
-1.2 0.05 -0.00178113
0 0.05 -0.00246416
1.2 0.05 -0.00177621
2.4 0.05 -0.000445875
3.6 0.05 0.000417352
4.8 0.05 0.000483704
6 0.05 0.000152537
7.2 0.05 -9.63916e-05
8.4 0.05 -0.000114187
9.6 0.05 -2.345e-05
10.8 0.05 3.37847e-05
12 0.05 2.8216e-05
13.2 0.05 3.68743e-06
14.4 0.05 -5.34845e-06
15.6 0.05 -2.28853e-08
16.8 0.05 5.46685e-06
18 0.05 5.46834e-06
19.2 0.05 3.1669e-06
20.4 0.05 1.95965e-06
21.6 0.05 1.91571e-06
22.8 0.05 1.81859e-06
24 0.05 1.26402e-06
25.2 0.05 6.10905e-07
26.4 0.05 1.83419e-07
27.6 0.05 1.02894e-08
28.8 0.05 -1.35778e-08
30 0.05 2.77664e-38
-30 0.100847 2.3832e-38
-28.8 0.100847 -1.31277e-08
-27.6 0.100847 1.24606e-08
-26.4 0.100847 1.83148e-07
-25.2 0.100847 5.96724e-07
-24 0.100847 1.2327e-06
-22.8 0.100847 1.79156e-06
-21.6 0.100847 1.91386e-06
-20.4 0.100847 1.9439e-06
-19.2 0.100847 3.05099e-06
-18 0.100847 5.2718e-06
-16.8 0.100847 5.42138e-06
-15.6 0.100847 2.72867e-07
-14.4 0.100847 -5.04898e-06
-13.2 0.100847 3.1929e-06
-12 0.100847 2.67794e-05
-10.8 0.100847 3.29687e-05
-9.6 0.100847 -2.14109e-05
-8.4 0.100847 -0.000109639
-7.2 0.100847 -9.42188e-05
-6 0.100847 0.000146249
-4.8 0.100847 0.00046908
-3.6 0.100847 0.000404936
-2.4 0.100847 -0.000440466
-1.2 0.100847 -0.00174502
0 0.100847 -0.00241665
1.2 0.100847 -0.00174011
2.4 0.100847 -0.000435162
3.6 0.100847 0.000407037
4.8 0.100847 0.000468292
6 0.100847 0.000144896
7.2 0.100847 -9.46654e-05
8.4 0.100847 -0.000109301
9.6 0.100847 -2.10202e-05
10.8 0.100847 3.30508e-05
12 0.100847 2.66724e-05
13.2 0.100847 3.11129e-06
14.4 0.100847 -5.04737e-06
15.6 0.100847 3.01006e-07
16.8 0.100847 5.43063e-06
18 0.100847 5.26564e-06
19.2 0.100847 3.04672e-06
20.4 0.100847 1.94537e-06
21.6 0.100847 1.91586e-06
22.8 0.100847 1.79142e-06
24 0.100847 1.23183e-06
25.2 0.100847 5.96496e-07
26.4 0.100847 1.83371e-07
27.6 0.100847 1.25865e-08
28.8 0.100847 -1.31379e-08
30 0.100847 2.36831e-38
-30 0.151695 2.03375e-38
-28.8 0.151695 -1.28103e-08
-27.6 0.151695 1.4471e-08
-26.4 0.151695 1.83116e-07
-25.2 0.151695 5.83002e-07
-24 0.151695 1.20094e-06
-22.8 0.151695 1.76302e-06
-21.6 0.151695 1.91174e-06
-20.4 0.151695 1.93075e-06
-19.2 0.151695 2.9369e-06
-18 0.151695 5.0724e-06
-16.8 0.151695 5.37543e-06
-15.6 0.151695 5.79691e-07
-14.4 0.151695 -4.74704e-06
-13.2 0.151695 2.65102e-06
-12 0.151695 2.52754e-05
-10.8 0.151695 3.22228e-05
-9.6 0.151695 -1.90667e-05
-8.4 0.151695 -0.000104855
-7.2 0.151695 -9.25055e-05
-6 0.151695 0.000138747
-4.8 0.151695 0.000453919
-3.6 0.151695 0.000394842
-2.4 0.151695 -0.000429736
-1.2 0.151695 -0.00170915
0 0.151695 -0.00236947
1.2 0.151695 -0.00170427
2.4 0.151695 -0.000424511
3.6 0.151695 0.000396872
4.8 0.151695 0.000453137
6 0.151695 0.000137447
7.2 0.151695 -9.29158e-05
8.4 0.151695 -0.000104521
9.6 0.151695 -1.86969e-05
10.8 0.151695 3.22947e-05
12 0.151695 2.51725e-05
13.2 0.151695 2.57612e-06
14.4 0.151695 -4.74374e-06
15.6 0.151695 6.05858e-07
16.8 0.151695 5.38316e-06
18 0.151695 5.0664e-06
19.2 0.151695 2.93329e-06
20.4 0.151695 1.93241e-06
21.6 0.151695 1.91357e-06
22.8 0.151695 1.76279e-06
24 0.151695 1.20013e-06
25.2 0.151695 5.82833e-07
26.4 0.151695 1.8334e-07
27.6 0.151695 1.45765e-08
28.8 0.151695 -1.28283e-08
30 0.151695 2.02294e-38
-30 0.202542 1.74434e-38
-28.8 0.202542 -1.26112e-08
-27.6 0.202542 1.61814e-08
-26.4 0.202542 1.83067e-07
-25.2 0.202542 5.69987e-07
-24 0.202542 1.16973e-06
-22.8 0.202542 1.73311e-06
-21.6 0.202542 1.90718e-06
-20.4 0.202542 1.9187e-06
-19.2 0.202542 2.82939e-06
-18 0.202542 4.87672e-06
-16.8 0.202542 5.31872e-06
-15.6 0.202542 8.67545e-07
-14.4 0.202542 -4.44316e-06
-13.2 0.202542 2.1494e-06
-12 0.202542 2.3815e-05
-10.8 0.202542 3.14552e-05
-9.6 0.202542 -1.6828e-05
-8.4 0.202542 -0.000100174
-7.2 0.202542 -9.07676e-05
-6 0.202542 0.000131435
-4.8 0.202542 0.000439012
-3.6 0.202542 0.000384894
-2.4 0.202542 -0.000419064
-1.2 0.202542 -0.00167351
0 0.202542 -0.00232259
1.2 0.202542 -0.00166867
2.4 0.202542 -0.000413923
3.6 0.202542 0.000386852
4.8 0.202542 0.000438235
6 0.202542 0.000130189
7.2 0.202542 -9.1143e-05
8.4 0.202542 -9.98461e-05
9.6 0.202542 -1.64785e-05
10.8 0.202542 3.15177e-05
12 0.202542 2.37161e-05
13.2 0.202542 2.08088e-06
14.4 0.202542 -4.43841e-06
15.6 0.202542 8.9177e-07
16.8 0.202542 5.32505e-06
18 0.202542 4.87092e-06
19.2 0.202542 2.8264e-06
20.4 0.202542 1.92051e-06
21.6 0.202542 1.90885e-06
22.8 0.202542 1.73281e-06
24 0.202542 1.16897e-06
25.2 0.202542 5.69873e-07
26.4 0.202542 1.83289e-07
27.6 0.202542 1.62677e-08
28.8 0.202542 -1.2636e-08
30 0.202542 1.73726e-38
-30 0.25339 1.51136e-38
-28.8 0.25339 -1.25169e-08
-27.6 0.25339 1.76018e-08
-26.4 0.25339 1.82968e-07
-25.2 0.25339 5.57636e-07
-24 0.25339 1.1391e-06
-22.8 0.25339 1.70198e-06
-21.6 0.25339 1.90018e-06
-20.4 0.25339 1.90749e-06
-19.2 0.25339 2.72825e-06
-18 0.25339 4.68502e-06
-16.8 0.25339 5.25187e-06
-15.6 0.25339 1.13654e-06
-14.4 0.25339 -4.13822e-06
-13.2 0.25339 1.68701e-06
-12 0.25339 2.23982e-05
-10.8 0.25339 3.06672e-05
-9.6 0.25339 -1.46934e-05
-8.4 0.25339 -9.55976e-05
-7.2 0.25339 -8.90054e-05
-6 0.25339 0.000124314
-4.8 0.25339 0.000424354
-3.6 0.25339 0.00037509
-2.4 0.25339 -0.00040845
-1.2 0.25339 -0.00163812
0 0.25339 -0.00227603
1.2 0.25339 -0.00163332
2.4 0.25339 -0.000403399
3.6 0.25339 0.000376977
4.8 0.25339 0.000423584
6 0.25339 0.000123121
7.2 0.25339 -8.93474e-05
8.4 0.25339 -9.52748e-05
9.6 0.25339 -1.43636e-05
10.8 0.25339 3.07209e-05
12 0.25339 2.23035e-05
13.2 0.25339 1.62456e-06
14.4 0.25339 -4.13224e-06
15.6 0.25339 1.15886e-06
16.8 0.25339 5.25692e-06
18 0.25339 4.67947e-06
19.2 0.25339 2.72584e-06
20.4 0.25339 1.90941e-06
21.6 0.25339 1.90169e-06
22.8 0.25339 1.70162e-06
24 0.25339 1.1384e-06
25.2 0.25339 5.57571e-07
26.4 0.25339 1.83186e-07
27.6 0.25339 1.76701e-08
28.8 0.25339 -1.25474e-08
30 0.25339 1.50767e-38
-30 0.304237 1.33088e-38
-28.8 0.304237 -1.25133e-08
-27.6 0.304237 1.87445e-08
-26.4 0.304237 1.82787e-07
-25.2 0.304237 5.459e-07
-24 0.304237 1.10909e-06
-22.8 0.304237 1.66974e-06
-21.6 0.304237 1.89075e-06
-20.4 0.304237 1.89688e-06
-19.2 0.304237 2.63326e-06
-18 0.304237 4.49759e-06
-16.8 0.304237 5.1755e-06
-15.6 0.304237 1.3868e-06
-14.4 0.304237 -3.83308e-06
-13.2 0.304237 1.26281e-06
-12 0.304237 2.10252e-05
-10.8 0.304237 2.98602e-05
-9.6 0.304237 -1.26616e-05
-8.4 0.304237 -9.11238e-05
-7.2 0.304237 -8.72193e-05
-6 0.304237 0.000117383
-4.8 0.304237 0.000409945
-3.6 0.304237 0.000365427
-2.4 0.304237 -0.000397896
-1.2 0.304237 -0.00160296
0 0.304237 -0.00222977
1.2 0.304237 -0.0015982
2.4 0.304237 -0.00039294
3.6 0.304237 0.000367243
4.8 0.304237 0.000409183
6 0.304237 0.000116242
7.2 0.304237 -8.75295e-05
8.4 0.304237 -9.08071e-05
9.6 0.304237 -1.23509e-05
10.8 0.304237 2.99058e-05
12 0.304237 2.09347e-05
13.2 0.304237 1.20612e-06
14.4 0.304237 -3.82608e-06
15.6 0.304237 1.40726e-06
16.8 0.304237 5.17938e-06
18 0.304237 4.49232e-06
19.2 0.304237 2.63139e-06
20.4 0.304237 1.89888e-06
21.6 0.304237 1.89212e-06
22.8 0.304237 1.66933e-06
24 0.304237 1.10845e-06
25.2 0.304237 5.45881e-07
26.4 0.304237 1.82999e-07
27.6 0.304237 1.87961e-08
28.8 0.304237 -1.25484e-08
30 0.304237 1.33023e-38
-30 0.355085 1.1987e-38
-28.8 0.355085 -1.2586e-08
-27.6 0.355085 1.96233e-08
-26.4 0.355085 1.82495e-07
-25.2 0.355085 5.34733e-07
-24 0.355085 1.07974e-06
-22.8 0.355085 1.63653e-06
-21.6 0.355085 1.87893e-06
-20.4 0.355085 1.88662e-06
-19.2 0.355085 2.54419e-06
-18 0.355085 4.31467e-06
-16.8 0.355085 5.09024e-06
-15.6 0.355085 1.61849e-06
-14.4 0.355085 -3.52859e-06
-13.2 0.355085 8.75746e-07
-12 0.355085 1.96959e-05
-10.8 0.355085 2.90355e-05
-9.6 0.355085 -1.07311e-05
-8.4 0.355085 -8.67525e-05
-7.2 0.355085 -8.54097e-05
-6 0.355085 0.00011064
-4.8 0.355085 0.000395781
-3.6 0.355085 0.000355903
-2.4 0.355085 -0.000387402
-1.2 0.355085 -0.00156803
0 0.355085 -0.00218381
1.2 0.355085 -0.00156333
2.4 0.355085 -0.000382545
3.6 0.355085 0.000357648
4.8 0.355085 0.000395029
6 0.355085 0.00010955
7.2 0.355085 -8.56896e-05
8.4 0.355085 -8.64425e-05
9.6 0.355085 -1.0439e-05
10.8 0.355085 2.90736e-05
12 0.355085 1.96097e-05
13.2 0.355085 8.24513e-07
14.4 0.355085 -3.52076e-06
15.6 0.355085 1.63713e-06
16.8 0.355085 5.09307e-06
18 0.355085 4.3097e-06
19.2 0.355085 2.54282e-06
20.4 0.355085 1.88868e-06
21.6 0.355085 1.88014e-06
22.8 0.355085 1.63608e-06
24 0.355085 1.07917e-06
25.2 0.355085 5.34753e-07
26.4 0.355085 1.82699e-07
27.6 0.355085 1.96596e-08
28.8 0.355085 -1.26249e-08
30 0.355085 1.20076e-38
-30 0.405932 1.11039e-38
-28.8 0.405932 -1.27206e-08
-27.6 0.405932 2.02539e-08
-26.4 0.405932 1.82065e-07
-25.2 0.405932 5.24082e-07
-24 0.405932 1.05108e-06
-22.8 0.405932 1.60247e-06
-21.6 0.405932 1.86473e-06
-20.4 0.405932 1.87649e-06
-19.2 0.405932 2.46079e-06
-18 0.405932 4.13649e-06
-16.8 0.405932 4.99671e-06
-15.6 0.405932 1.83176e-06
-14.4 0.405932 -3.22559e-06
-13.2 0.405932 5.24752e-07
-12 0.405932 1.84104e-05
-10.8 0.405932 2.81945e-05
-9.6 0.405932 -8.90053e-06
-8.4 0.405932 -8.24835e-05
-7.2 0.405932 -8.3577e-05
-6 0.405932 0.000104084
-4.8 0.405932 0.000381862
-3.6 0.405932 0.000346515
-2.4 0.405932 -0.000376969
-1.2 0.405932 -0.00153333
0 0.405932 -0.00213815
1.2 0.405932 -0.0015287
2.4 0.405932 -0.000372215
3.6 0.405932 0.000348191
4.8 0.405932 0.000381121
6 0.405932 0.000103045
7.2 0.405932 -8.38281e-05
8.4 0.405932 -8.21806e-05
9.6 0.405932 -8.62645e-06
10.8 0.405932 2.82258e-05
12 0.405932 1.83286e-05
13.2 0.405932 4.78669e-07
14.4 0.405932 -3.21713e-06
15.6 0.405932 1.84864e-06
16.8 0.405932 4.99861e-06
18 0.405932 4.13186e-06
19.2 0.405932 2.45989e-06
20.4 0.405932 1.87859e-06
21.6 0.405932 1.8658e-06
22.8 0.405932 1.60199e-06
24 0.405932 1.05057e-06
25.2 0.405932 5.24139e-07
26.4 0.405932 1.82261e-07
27.6 0.405932 2.02761e-08
28.8 0.405932 -1.27624e-08
30 0.405932 1.11482e-38
-30 0.45678 1.06134e-38
-28.8 0.45678 -1.29029e-08
-27.6 0.45678 2.06533e-08
-26.4 0.45678 1.81474e-07
-25.2 0.45678 5.13898e-07
-24 0.45678 1.02312e-06
-22.8 0.45678 1.56769e-06
-21.6 0.45678 1.8482e-06
-20.4 0.45678 1.86626e-06
-19.2 0.45678 2.38281e-06
-18 0.45678 3.96328e-06
-16.8 0.45678 4.89557e-06
-15.6 0.45678 2.02681e-06
-14.4 0.45678 -2.92494e-06
-13.2 0.45678 2.08744e-07
-12 0.45678 1.7169e-05
-10.8 0.45678 2.73386e-05
-9.6 0.45678 -7.16861e-06
-8.4 0.45678 -7.83163e-05
-7.2 0.45678 -8.17217e-05
-6 0.45678 9.77143e-05
-4.8 0.45678 0.000368185
-3.6 0.45678 0.000337261
-2.4 0.45678 -0.000366599
-1.2 0.45678 -0.00149886
0 0.45678 -0.00209278
1.2 0.45678 -0.00149429
2.4 0.45678 -0.000361951
3.6 0.45678 0.000338867
4.8 0.45678 0.000367456
6 0.45678 9.67256e-05
7.2 0.45678 -8.19454e-05
8.4 0.45678 -7.8021e-05
9.6 0.45678 -6.91191e-06
10.8 0.45678 2.73636e-05
12 0.45678 1.70916e-05
13.2 0.45678 1.67512e-07
14.4 0.45678 -2.916e-06
15.6 0.45678 2.04199e-06
16.8 0.45678 4.89663e-06
18 0.45678 3.95899e-06
19.2 0.45678 2.38234e-06
20.4 0.45678 1.86837e-06
21.6 0.45678 1.84914e-06
22.8 0.45678 1.56719e-06
24 0.45678 1.02267e-06
25.2 0.45678 5.13986e-07
26.4 0.45678 1.81659e-07
27.6 0.45678 2.0663e-08
28.8 0.45678 -1.29467e-08
30 0.45678 1.06781e-38
-30 0.507627 1.04681e-38
-28.8 0.507627 -1.31189e-08
-27.6 0.507627 2.084e-08
-26.4 0.507627 1.807e-07
-25.2 0.507627 5.04127e-07
-24 0.507627 9.95894e-07
-22.8 0.507627 1.53231e-06
-21.6 0.507627 1.82939e-06
-20.4 0.507627 1.85571e-06
-19.2 0.507627 2.30999e-06
-18 0.507627 3.79522e-06
-16.8 0.507627 4.78744e-06
-15.6 0.507627 2.20385e-06
-14.4 0.507627 -2.62746e-06
-13.2 0.507627 -7.33762e-08
-12 0.507627 1.59715e-05
-10.8 0.507627 2.64691e-05
-9.6 0.507627 -5.53391e-06
-8.4 0.507627 -7.42507e-05
-7.2 0.507627 -7.98442e-05
-6 0.507627 9.15302e-05
-4.8 0.507627 0.000354749
-3.6 0.507627 0.000328138
-2.4 0.507627 -0.000356291
-1.2 0.507627 -0.00146462
0 0.507627 -0.0020477
1.2 0.507627 -0.00146012
2.4 0.507627 -0.000351753
3.6 0.507627 0.000329676
4.8 0.507627 0.000354032
6 0.507627 9.05905e-05
7.2 0.507627 -8.0042e-05
8.4 0.507627 -7.39633e-05
9.6 0.507627 -5.29397e-06
10.8 0.507627 2.64885e-05
12 0.507627 1.58985e-05
13.2 0.507627 -1.10056e-07
14.4 0.507627 -2.61821e-06
15.6 0.507627 2.21739e-06
16.8 0.507627 4.78776e-06
18 0.507627 3.7913e-06
19.2 0.507627 2.30991e-06
20.4 0.507627 1.85782e-06
21.6 0.507627 1.8302e-06
22.8 0.507627 1.5318e-06
24 0.507627 9.95504e-07
25.2 0.507627 5.04243e-07
26.4 0.507627 1.80874e-07
27.6 0.507627 2.08384e-08
28.8 0.507627 -1.31641e-08
30 0.507627 1.055e-38
-30 0.558475 1.06196e-38
-28.8 0.558475 -1.33552e-08
-27.6 0.558475 2.08334e-08
-26.4 0.558475 1.79725e-07
-25.2 0.558475 4.94718e-07
-24 0.558475 9.69397e-07
-22.8 0.558475 1.49644e-06
-21.6 0.558475 1.80836e-06
-20.4 0.558475 1.84465e-06
-19.2 0.558475 2.24206e-06
-18 0.558475 3.63251e-06
-16.8 0.558475 4.67297e-06
-15.6 0.558475 2.36311e-06
-14.4 0.558475 -2.33399e-06
-13.2 0.558475 -3.2273e-07
-12 0.558475 1.48182e-05
-10.8 0.558475 2.55876e-05
-9.6 0.558475 -3.99505e-06
-8.4 0.558475 -7.02864e-05
-7.2 0.558475 -7.79451e-05
-6 0.558475 8.55307e-05
-4.8 0.558475 0.000341551
-3.6 0.558475 0.000319144
-2.4 0.558475 -0.000346048
-1.2 0.558475 -0.0014306
0 0.558475 -0.0020029
1.2 0.558475 -0.00142617
2.4 0.558475 -0.000341623
3.6 0.558475 0.000320614
4.8 0.558475 0.000340848
6 0.558475 8.46389e-05
7.2 0.558475 -7.81185e-05
8.4 0.558475 -7.00073e-05
9.6 0.558475 -3.77128e-06
10.8 0.558475 2.56018e-05
12 0.558475 1.47495e-05
13.2 0.558475 -3.55149e-07
14.4 0.558475 -2.32457e-06
15.6 0.558475 2.37509e-06
16.8 0.558475 4.67265e-06
18 0.558475 3.62895e-06
19.2 0.558475 2.24233e-06
20.4 0.558475 1.84673e-06
21.6 0.558475 1.80906e-06
22.8 0.558475 1.49594e-06
24 0.558475 9.69066e-07
25.2 0.558475 4.94856e-07
26.4 0.558475 1.79888e-07
27.6 0.558475 2.0822e-08
28.8 0.558475 -1.34011e-08
30 0.558475 1.07159e-38
-30 0.609322 1.10197e-38
-28.8 0.609322 -1.3599e-08
-27.6 0.609322 2.06539e-08
-26.4 0.609322 1.78534e-07
-25.2 0.609322 4.85617e-07
-24 0.609322 9.43636e-07
-22.8 0.609322 1.46022e-06
-21.6 0.609322 1.78518e-06
-20.4 0.609322 1.83287e-06
-19.2 0.609322 2.17873e-06
-18 0.609322 3.47529e-06
-16.8 0.609322 4.5528e-06
-15.6 0.609322 2.50488e-06
-14.4 0.609322 -2.04533e-06
-13.2 0.609322 -5.40456e-07
-12 0.609322 1.37089e-05
-10.8 0.609322 2.46954e-05
-9.6 0.609322 -2.55065e-06
-8.4 0.609322 -6.64232e-05
-7.2 0.609322 -7.6025e-05
-6 0.609322 7.97149e-05
-4.8 0.609322 0.000328591
-3.6 0.609322 0.000310277
-2.4 0.609322 -0.00033587
-1.2 0.609322 -0.0013968
0 0.609322 -0.00195838
1.2 0.609322 -0.00139245
2.4 0.609322 -0.00033156
3.6 0.609322 0.000311679
4.8 0.609322 0.000327901
6 0.609322 7.88702e-05
7.2 0.609322 -7.61753e-05
8.4 0.609322 -6.61527e-05
9.6 0.609322 -2.34243e-06
10.8 0.609322 2.47051e-05
12 0.609322 1.36446e-05
13.2 0.609322 -5.68902e-07
14.4 0.609322 -2.03588e-06
15.6 0.609322 2.51535e-06
16.8 0.609322 4.55192e-06
18 0.609322 3.47211e-06
19.2 0.609322 2.17933e-06
20.4 0.609322 1.83491e-06
21.6 0.609322 1.78577e-06
22.8 0.609322 1.45972e-06
24 0.609322 9.43363e-07
25.2 0.609322 4.85775e-07
26.4 0.609322 1.78686e-07
27.6 0.609322 2.06339e-08
28.8 0.609322 -1.3645e-08
30 0.609322 1.11275e-38
-30 0.660169 1.16201e-38
-28.8 0.660169 -1.38381e-08
-27.6 0.660169 2.03222e-08
-26.4 0.660169 1.77116e-07
-25.2 0.660169 4.76771e-07
-24 0.660169 9.18609e-07
-22.8 0.660169 1.42375e-06
-21.6 0.660169 1.75994e-06
-20.4 0.660169 1.82019e-06
-19.2 0.660169 2.11972e-06
-18 0.660169 3.32371e-06
-16.8 0.660169 4.42757e-06
-15.6 0.660169 2.62942e-06
-14.4 0.660169 -1.76231e-06
-13.2 0.660169 -7.27718e-07
-12 0.660169 1.26439e-05
-10.8 0.660169 2.3794e-05
-9.6 0.660169 -1.19934e-06
-8.4 0.660169 -6.26609e-05
-7.2 0.660169 -7.40843e-05
-6 0.660169 7.40822e-05
-4.8 0.660169 0.000315865
-3.6 0.660169 0.000301533
-2.4 0.660169 -0.000325759
-1.2 0.660169 -0.00136321
0 0.660169 -0.00191413
1.2 0.660169 -0.00135895
2.4 0.660169 -0.000321566
3.6 0.660169 0.000302869
4.8 0.660169 0.000315191
6 0.660169 7.32833e-05
7.2 0.660169 -7.4213e-05
8.4 0.660169 -6.23993e-05
9.6 0.660169 -1.00605e-06
10.8 0.660169 2.37996e-05
12 0.660169 1.25839e-05
13.2 0.660169 -7.52472e-07
14.4 0.660169 -1.75294e-06
15.6 0.660169 2.63846e-06
16.8 0.660169 4.42623e-06
18 0.660169 3.32092e-06
19.2 0.660169 2.1206e-06
20.4 0.660169 1.82217e-06
21.6 0.660169 1.76042e-06
22.8 0.660169 1.42327e-06
24 0.660169 9.18391e-07
25.2 0.660169 4.76945e-07
26.4 0.660169 1.77256e-07
27.6 0.660169 2.02949e-08
28.8 0.660169 -1.38838e-08
30 0.660169 1.17368e-38
-30 0.711017 1.23736e-38
-28.8 0.711017 -1.40617e-08
-27.6 0.711017 1.98597e-08
-26.4 0.711017 1.75461e-07
-25.2 0.711017 4.68129e-07
-24 0.711017 8.94307e-07
-22.8 0.711017 1.38715e-06
-21.6 0.711017 1.73271e-06
-20.4 0.711017 1.80644e-06
-19.2 0.711017 2.06471e-06
-18 0.711017 3.17788e-06
-16.8 0.711017 4.29793e-06
-15.6 0.711017 2.73706e-06
-14.4 0.711017 -1.4857e-06
-13.2 0.711017 -8.85701e-07
-12 0.711017 1.16231e-05
-10.8 0.711017 2.2885e-05
-9.6 0.711017 6.02945e-08
-8.4 0.711017 -5.89995e-05
-7.2 0.711017 -7.21238e-05
-6 0.711017 6.86316e-05
-4.8 0.711017 0.000303374
-3.6 0.711017 0.000292911
-2.4 0.711017 -0.000315714
-1.2 0.711017 -0.00132985
0 0.711017 -0.00187015
1.2 0.711017 -0.00132568
2.4 0.711017 -0.000311642
3.6 0.711017 0.000294182
4.8 0.711017 0.000302716
6 0.711017 6.78776e-05
7.2 0.711017 -7.22322e-05
8.4 0.711017 -5.87471e-05
9.6 0.711017 2.39263e-07
10.8 0.711017 2.28871e-05
12 0.711017 1.15674e-05
13.2 0.711017 -9.07039e-07
14.4 0.711017 -1.47654e-06
15.6 0.711017 2.74475e-06
16.8 0.711017 4.29621e-06
18 0.711017 3.17547e-06
19.2 0.711017 2.06584e-06
20.4 0.711017 1.80835e-06
21.6 0.711017 1.73311e-06
22.8 0.711017 1.38668e-06
24 0.711017 8.94141e-07
25.2 0.711017 4.68316e-07
26.4 0.711017 1.75589e-07
27.6 0.711017 1.98263e-08
28.8 0.711017 -1.41065e-08
30 0.711017 1.2497e-38
-30 0.761864 1.32346e-38
-28.8 0.761864 -1.42596e-08
-27.6 0.761864 1.92876e-08
-26.4 0.761864 1.73566e-07
-25.2 0.761864 4.5964e-07
-24 0.761864 8.70713e-07
-22.8 0.761864 1.35051e-06
-21.6 0.761864 1.70361e-06
-20.4 0.761864 1.79145e-06
-19.2 0.761864 2.01342e-06
-18 0.761864 3.03791e-06
-16.8 0.761864 4.16453e-06
-15.6 0.761864 2.82815e-06
-14.4 0.761864 -1.21631e-06
-13.2 0.761864 -1.01562e-06
-12 0.761864 1.06466e-05
-10.8 0.761864 2.19699e-05
-9.6 0.761864 1.22965e-06
-8.4 0.761864 -5.54388e-05
-7.2 0.761864 -7.01441e-05
-6 0.761864 6.33627e-05
-4.8 0.761864 0.000291115
-3.6 0.761864 0.000284407
-2.4 0.761864 -0.000305739
-1.2 0.761864 -0.00129669
0 0.761864 -0.00182644
1.2 0.761864 -0.00129261
2.4 0.761864 -0.000301788
3.6 0.761864 0.000285614
4.8 0.761864 0.000290473
6 0.761864 6.26523e-05
7.2 0.761864 -7.02335e-05
8.4 0.761864 -5.51958e-05
9.6 0.761864 1.39492e-06
10.8 0.761864 2.19688e-05
12 0.761864 1.0595e-05
13.2 0.761864 -1.03381e-06
14.4 0.761864 -1.20744e-06
15.6 0.761864 2.83456e-06
16.8 0.761864 4.1625e-06
18 0.761864 3.03586e-06
19.2 0.761864 2.01477e-06
20.4 0.761864 1.79329e-06
21.6 0.761864 1.70392e-06
22.8 0.761864 1.35008e-06
24 0.761864 8.70596e-07
25.2 0.761864 4.59836e-07
26.4 0.761864 1.73682e-07
27.6 0.761864 1.92492e-08
28.8 0.761864 -1.43033e-08
30 0.761864 1.33624e-38
-30 0.812712 1.41593e-38
-28.8 0.812712 -1.4423e-08
-27.6 0.812712 1.86269e-08
-26.4 0.812712 1.71426e-07
-25.2 0.812712 4.51255e-07
-24 0.812712 8.47806e-07
-22.8 0.812712 1.31395e-06
-21.6 0.812712 1.67273e-06
-20.4 0.812712 1.77509e-06
-19.2 0.812712 1.96551e-06
-18 0.812712 2.90384e-06
-16.8 0.812712 4.02801e-06
-15.6 0.812712 2.90305e-06
-14.4 0.812712 -9.5489e-07
-13.2 0.812712 -1.1187e-06
-12 0.812712 9.71427e-06
-10.8 0.812712 2.10502e-05
-9.6 0.812712 2.31016e-06
-8.4 0.812712 -5.1979e-05
-7.2 0.812712 -6.81459e-05
-6 0.812712 5.82747e-05
-4.8 0.812712 0.000279087
-3.6 0.812712 0.00027602
-2.4 0.812712 -0.000295834
-1.2 0.812712 -0.00126375
0 0.812712 -0.00178299
1.2 0.812712 -0.00125977
2.4 0.812712 -0.000292006
3.6 0.812712 0.000277165
4.8 0.812712 0.000278462
6 0.812712 5.76069e-05
7.2 0.812712 -6.82177e-05
8.4 0.812712 -5.17455e-05
9.6 0.812712 2.46234e-06
10.8 0.812712 2.10465e-05
12 0.812712 9.66682e-06
13.2 0.812712 -1.13401e-06
14.4 0.812712 -9.46403e-07
15.6 0.812712 2.90827e-06
16.8 0.812712 4.02573e-06
18 0.812712 2.90217e-06
19.2 0.812712 1.96705e-06
20.4 0.812712 1.77685e-06
21.6 0.812712 1.67296e-06
22.8 0.812712 1.31354e-06
24 0.812712 8.47735e-07
25.2 0.812712 4.51458e-07
26.4 0.812712 1.71531e-07
27.6 0.812712 1.85847e-08
28.8 0.812712 -1.44654e-08
30 0.812712 1.42898e-38
-30 0.863559 1.51069e-38
-28.8 0.863559 -1.45447e-08
-27.6 0.863559 1.78983e-08
-26.4 0.863559 1.69045e-07
-25.2 0.863559 4.42926e-07
-24 0.863559 8.25559e-07
-22.8 0.863559 1.27755e-06
-21.6 0.863559 1.64018e-06
-20.4 0.863559 1.75721e-06
-19.2 0.863559 1.92068e-06
-18 0.863559 2.77574e-06
-16.8 0.863559 3.889e-06
-15.6 0.863559 2.96219e-06
-14.4 0.863559 -7.02202e-07
-13.2 0.863559 -1.19623e-06
-12 0.863559 8.82621e-06
-10.8 0.863559 2.01276e-05
-9.6 0.863559 3.30327e-06
-8.4 0.863559 -4.862e-05
-7.2 0.863559 -6.61299e-05
-6 0.863559 5.3367e-05
-4.8 0.863559 0.000267289
-3.6 0.863559 0.000267747
-2.4 0.863559 -0.000286
-1.2 0.863559 -0.00123101
0 0.863559 -0.0017398
1.2 0.863559 -0.00122713
2.4 0.863559 -0.000282296
3.6 0.863559 0.00026883
4.8 0.863559 0.000266682
6 0.863559 5.27406e-05
7.2 0.863559 -6.61855e-05
8.4 0.863559 -4.83962e-05
9.6 0.863559 3.44298e-06
10.8 0.863559 2.01216e-05
12 0.863559 8.78276e-06
13.2 0.863559 -1.2089e-06
14.4 0.863559 -6.94174e-07
15.6 0.863559 2.96629e-06
16.8 0.863559 3.88655e-06
18 0.863559 2.77442e-06
19.2 0.863559 1.92236e-06
20.4 0.863559 1.75888e-06
21.6 0.863559 1.64036e-06
22.8 0.863559 1.27718e-06
24 0.863559 8.2553e-07
25.2 0.863559 4.43133e-07
26.4 0.863559 1.69139e-07
27.6 0.863559 1.78531e-08
28.8 0.863559 -1.45856e-08
30 0.863559 1.52382e-38
-30 0.914407 1.60393e-38
-28.8 0.914407 -1.46186e-08
-27.6 0.914407 1.71216e-08
-26.4 0.914407 1.66426e-07
-25.2 0.914407 4.34609e-07
-24 0.914407 8.03938e-07
-22.8 0.914407 1.2414e-06
-21.6 0.914407 1.6061e-06
-20.4 0.914407 1.73771e-06
-19.2 0.914407 1.87859e-06
-18 0.914407 2.6536e-06
-16.8 0.914407 3.74814e-06
-15.6 0.914407 3.00601e-06
-14.4 0.914407 -4.58979e-07
-13.2 0.914407 -1.24949e-06
-12 0.914407 7.98234e-06
-10.8 0.914407 1.92036e-05
-9.6 0.914407 4.21043e-06
-8.4 0.914407 -4.53619e-05
-7.2 0.914407 -6.40971e-05
-6 0.914407 4.86392e-05
-4.8 0.914407 0.00025572
-3.6 0.914407 0.000259586
-2.4 0.914407 -0.000276239
-1.2 0.914407 -0.00119848
0 0.914407 -0.00169685
1.2 0.914407 -0.0011947
2.4 0.914407 -0.00027266
3.6 0.914407 0.000260608
4.8 0.914407 0.000255131
6 0.914407 4.80529e-05
7.2 0.914407 -6.41377e-05
8.4 0.914407 -4.5148e-05
9.6 0.914407 4.33828e-06
10.8 0.914407 1.91958e-05
12 0.914407 7.94279e-06
13.2 0.914407 -1.25978e-06
14.4 0.914407 -4.51474e-07
15.6 0.914407 3.00907e-06
16.8 0.914407 3.74557e-06
18 0.914407 2.65263e-06
19.2 0.914407 1.88039e-06
20.4 0.914407 1.73928e-06
21.6 0.914407 1.60622e-06
22.8 0.914407 1.24106e-06
24 0.914407 8.03949e-07
25.2 0.914407 4.34819e-07
26.4 0.914407 1.66511e-07
27.6 0.914407 1.70743e-08
28.8 0.914407 -1.46577e-08
30 0.914407 1.61702e-38
-30 0.965254 1.69224e-38
-28.8 0.965254 -1.46402e-08
-27.6 0.965254 1.63156e-08
-26.4 0.965254 1.63577e-07
-25.2 0.965254 4.26262e-07
-24 0.965254 7.82906e-07
-22.8 0.965254 1.20558e-06
-21.6 0.965254 1.57061e-06
-20.4 0.965254 1.71647e-06
-19.2 0.965254 1.8389e-06
-18 0.965254 2.53744e-06
-16.8 0.965254 3.60606e-06
-15.6 0.965254 3.03497e-06
-14.4 0.965254 -2.25935e-07
-13.2 0.965254 -1.27982e-06
-12 0.965254 7.1826e-06
-10.8 0.965254 1.828e-05
-9.6 0.965254 5.03316e-06
-8.4 0.965254 -4.2205e-05
-7.2 0.965254 -6.20483e-05
-6 0.965254 4.40907e-05
-4.8 0.965254 0.000244378
-3.6 0.965254 0.000251533
-2.4 0.965254 -0.000266552
-1.2 0.965254 -0.00116616
0 0.965254 -0.00165416
1.2 0.965254 -0.00116248
2.4 0.965254 -0.0002631
3.6 0.965254 0.000252497
4.8 0.965254 0.000243808
6 0.965254 4.35433e-05
7.2 0.965254 -6.20752e-05
8.4 0.965254 -4.2001e-05
9.6 0.965254 5.14975e-06
10.8 0.965254 1.82706e-05
12 0.965254 7.14683e-06
13.2 0.965254 -1.28796e-06
14.4 0.965254 -2.19006e-07
15.6 0.965254 3.03708e-06
16.8 0.965254 3.60343e-06
18 0.965254 2.53678e-06
19.2 0.965254 1.84081e-06
20.4 0.965254 1.71795e-06
21.6 0.965254 1.57068e-06
22.8 0.965254 1.20528e-06
24 0.965254 7.82953e-07
25.2 0.965254 4.26472e-07
26.4 0.965254 1.63653e-07
27.6 0.965254 1.6267e-08
28.8 0.965254 -1.46776e-08
30 0.965254 1.70518e-38
-30 1.0161 1.77262e-38
-28.8 1.0161 -1.46066e-08
-27.6 1.0161 1.54979e-08
-26.4 1.0161 1.60509e-07
-25.2 1.0161 4.17847e-07
-24 1.0161 7.6242e-07
-22.8 1.0161 1.17017e-06
-21.6 1.0161 1.53385e-06
-20.4 1.0161 1.69343e-06
-19.2 1.0161 1.8013e-06
-18 1.0161 2.42719e-06
-16.8 1.0161 3.46338e-06
-15.6 1.0161 3.04959e-06
-14.4 1.0161 -3.7604e-09
-13.2 1.0161 -1.28859e-06
-12 1.0161 6.42691e-06
-10.8 1.0161 1.73583e-05
-9.6 1.0161 5.77296e-06
-8.4 1.0161 -3.91494e-05
-7.2 1.0161 -5.99845e-05
-6 1.0161 3.97212e-05
-4.8 1.0161 0.000233263
-3.6 1.0161 0.000243588
-2.4 1.0161 -0.000256941
-1.2 1.0161 -0.00113404
0 1.0161 -0.0016117
1.2 1.0161 -0.00113046
2.4 1.0161 -0.000253616
3.6 1.0161 0.000244493
4.8 1.0161 0.000232712
6 1.0161 3.92113e-05
7.2 1.0161 -5.99988e-05
8.4 1.0161 -3.89554e-05
9.6 1.0161 5.87892e-06
10.8 1.0161 1.73479e-05
12 1.0161 6.39478e-06
13.2 1.0161 -1.2948e-06
14.4 1.0161 2.54927e-09
15.6 1.0161 3.05084e-06
16.8 1.0161 3.46074e-06
18 1.0161 2.42685e-06
19.2 1.0161 1.80328e-06
20.4 1.0161 1.69481e-06
21.6 1.0161 1.53388e-06
22.8 1.0161 1.16991e-06
24 1.0161 7.62498e-07
25.2 1.0161 4.18056e-07
26.4 1.0161 1.60576e-07
27.6 1.0161 1.54486e-08
28.8 1.0161 -1.46422e-08
30 1.0161 1.7853e-38
-30 1.06695 1.84252e-38
-28.8 1.06695 -1.45164e-08
-27.6 1.06695 1.46843e-08
-26.4 1.06695 1.57236e-07
-25.2 1.06695 4.09329e-07
-24 1.06695 7.42432e-07
-22.8 1.06695 1.13521e-06
-21.6 1.06695 1.49595e-06
-20.4 1.06695 1.6685e-06
-19.2 1.06695 1.76544e-06
-18 1.06695 2.3228e-06
-16.8 1.06695 3.32072e-06
-15.6 1.06695 3.05043e-06
-14.4 1.06695 2.06883e-07
-13.2 1.06695 -1.27718e-06
-12 1.06695 5.71512e-06
-10.8 1.06695 1.64405e-05
-9.6 1.06695 6.43142e-06
-8.4 1.06695 -3.61955e-05
-7.2 1.06695 -5.79066e-05
-6 1.06695 3.55303e-05
-4.8 1.06695 0.000222374
-3.6 1.06695 0.000235746
-2.4 1.06695 -0.000247408
-1.2 1.06695 -0.00110211
0 1.06695 -0.00156948
1.2 1.06695 -0.00109865
2.4 1.06695 -0.00024421
3.6 1.06695 0.000236596
4.8 1.06695 0.000221842
6 1.06695 3.50567e-05
7.2 1.06695 -5.79096e-05
8.4 1.06695 -3.60114e-05
9.6 1.06695 6.52733e-06
10.8 1.06695 1.64292e-05
12 1.06695 5.68649e-06
13.2 1.06695 -1.2817e-06
14.4 1.06695 2.12539e-07
15.6 1.06695 3.05089e-06
16.8 1.06695 3.3181e-06
18 1.06695 2.32274e-06
19.2 1.06695 1.76746e-06
20.4 1.06695 1.66979e-06
21.6 1.06695 1.49595e-06
22.8 1.06695 1.13499e-06
24 1.06695 7.42538e-07
25.2 1.06695 4.09535e-07
26.4 1.06695 1.57295e-07
27.6 1.06695 1.46349e-08
28.8 1.06695 -1.45502e-08
30 1.06695 1.85487e-38
-30 1.1178 1.89986e-38
-28.8 1.1178 -1.43698e-08
-27.6 1.1178 1.38892e-08
-26.4 1.1178 1.53772e-07
-25.2 1.1178 4.00678e-07
-24 1.1178 7.2289e-07
-22.8 1.1178 1.10078e-06
-21.6 1.1178 1.45706e-06
-20.4 1.1178 1.64166e-06
-19.2 1.1178 1.73098e-06
-18 1.1178 2.22415e-06
-16.8 1.1178 3.17866e-06
-15.6 1.1178 3.03807e-06
-14.4 1.1178 4.0536e-07
-13.2 1.1178 -1.24704e-06
-12 1.1178 5.04707e-06
-10.8 1.1178 1.55282e-05
-9.6 1.1178 7.01015e-06
-8.4 1.1178 -3.33435e-05
-7.2 1.1178 -5.58159e-05
-6 1.1178 3.15177e-05
-4.8 1.1178 0.00021171
-3.6 1.1178 0.000228006
-2.4 1.1178 -0.000237955
-1.2 1.1178 -0.00107039
0 1.1178 -0.00152749
1.2 1.1178 -0.00106703
2.4 1.1178 -0.000234883
3.6 1.1178 0.000228801
4.8 1.1178 0.000211197
6 1.1178 3.1079e-05
7.2 1.1178 -5.58086e-05
8.4 1.1178 -3.31694e-05
9.6 1.1178 7.09661e-06
10.8 1.1178 1.55164e-05
12 1.1178 5.0218e-06
13.2 1.1178 -1.25007e-06
14.4 1.1178 4.10341e-07
15.6 1.1178 3.03783e-06
16.8 1.1178 3.17611e-06
18 1.1178 2.22437e-06
19.2 1.1178 1.73303e-06
20.4 1.1178 1.64285e-06
21.6 1.1178 1.45704e-06
22.8 1.1178 1.1006e-06
24 1.1178 7.23021e-07
25.2 1.1178 4.0088e-07
26.4 1.1178 1.53824e-07
27.6 1.1178 1.38401e-08
28.8 1.1178 -1.44019e-08
30 1.1178 1.91183e-38
-30 1.16864 1.94309e-38
-28.8 1.16864 -1.41684e-08
-27.6 1.16864 1.31247e-08
-26.4 1.16864 1.50136e-07
-25.2 1.16864 3.91868e-07
-24 1.16864 7.0374e-07
-22.8 1.16864 1.0669e-06
-21.6 1.16864 1.41732e-06
-20.4 1.16864 1.61286e-06
-19.2 1.16864 1.6976e-06
-18 1.16864 2.13113e-06
-16.8 1.16864 3.03779e-06
-15.6 1.16864 3.01315e-06
-14.4 1.16864 5.91075e-07
-13.2 1.16864 -1.19965e-06
-12 1.16864 4.42255e-06
-10.8 1.16864 1.46233e-05
-9.6 1.16864 7.51081e-06
-8.4 1.16864 -3.05939e-05
-7.2 1.16864 -5.37135e-05
-6 1.16864 2.76831e-05
-4.8 1.16864 0.00020127
-3.6 1.16864 0.000220365
-2.4 1.16864 -0.000228583
-1.2 1.16864 -0.00103886
0 1.16864 -0.00148573
1.2 1.16864 -0.00103561
2.4 1.16864 -0.000225638
3.6 1.16864 0.000221107
4.8 1.16864 0.000200777
6 1.16864 2.7278e-05
7.2 1.16864 -5.36971e-05
8.4 1.16864 -3.04297e-05
9.6 1.16864 7.5884e-06
10.8 1.16864 1.46112e-05
12 1.16864 4.40048e-06
13.2 1.16864 -1.20138e-06
14.4 1.16864 5.95364e-07
15.6 1.16864 3.01227e-06
16.8 1.16864 3.03534e-06
18 1.16864 2.13159e-06
19.2 1.16864 1.69966e-06
20.4 1.16864 1.61396e-06
21.6 1.16864 1.41729e-06
22.8 1.16864 1.06676e-06
24 1.16864 7.03892e-07
25.2 1.16864 3.92066e-07
26.4 1.16864 1.50182e-07
27.6 1.16864 1.30764e-08
28.8 1.16864 -1.41989e-08
30 1.16864 1.95465e-38
-30 1.21949 1.97119e-38
-28.8 1.21949 -1.39153e-08
-27.6 1.21949 1.2401e-08
-26.4 1.21949 1.46348e-07
-25.2 1.21949 3.82879e-07
-24 1.21949 6.84926e-07
-22.8 1.21949 1.03361e-06
-21.6 1.21949 1.3769e-06
-20.4 1.21949 1.58212e-06
-19.2 1.21949 1.66496e-06
-18 1.21949 2.04355e-06
-16.8 1.21949 2.89867e-06
-15.6 1.21949 2.97633e-06
-14.4 1.21949 7.63465e-07
-13.2 1.21949 -1.13651e-06
-12 1.21949 3.84129e-06
-10.8 1.21949 1.37277e-05
-9.6 1.21949 7.93513e-06
-8.4 1.21949 -2.79472e-05
-7.2 1.21949 -5.16007e-05
-6 1.21949 2.40263e-05
-4.8 1.21949 0.000191055
-3.6 1.21949 0.000212821
-2.4 1.21949 -0.000219294
-1.2 1.21949 -0.00100752
0 1.21949 -0.0014442
1.2 1.21949 -0.00100438
2.4 1.21949 -0.000216476
3.6 1.21949 0.000213511
4.8 1.21949 0.000190582
6 1.21949 2.36535e-05
7.2 1.21949 -5.15762e-05
8.4 1.21949 -2.77928e-05
9.6 1.21949 8.00444e-06
10.8 1.21949 1.37156e-05
12 1.21949 3.82226e-06
13.2 1.21949 -1.13714e-06
14.4 1.21949 7.67058e-07
15.6 1.21949 2.9749e-06
16.8 1.21949 2.89635e-06
18 1.21949 2.04423e-06
19.2 1.21949 1.66701e-06
20.4 1.21949 1.58313e-06
21.6 1.21949 1.37685e-06
22.8 1.21949 1.03351e-06
24 1.21949 6.85096e-07
25.2 1.21949 3.83071e-07
26.4 1.21949 1.46389e-07
27.6 1.21949 1.23537e-08
28.8 1.21949 -1.39444e-08
30 1.21949 1.98232e-38
-30 1.27034 1.98365e-38
-28.8 1.27034 -1.36148e-08
-27.6 1.27034 1.1726e-08
-26.4 1.27034 1.4243e-07
-25.2 1.27034 3.73693e-07
-24 1.27034 6.66388e-07
-22.8 1.27034 1.00094e-06
-21.6 1.27034 1.33592e-06
-20.4 1.27034 1.54943e-06
-19.2 1.27034 1.63275e-06
-18 1.27034 1.96123e-06
-16.8 1.27034 2.76184e-06
-15.6 1.27034 2.92832e-06
-14.4 1.27034 9.22015e-07
-13.2 1.27034 -1.05919e-06
-12 1.27034 3.30298e-06
-10.8 1.27034 1.28432e-05
-9.6 1.27034 8.28489e-06
-8.4 1.27034 -2.54038e-05
-7.2 1.27034 -4.94789e-05
-6 1.27034 2.05473e-05
-4.8 1.27034 0.000181064
-3.6 1.27034 0.000205371
-2.4 1.27034 -0.000210092
-1.2 1.27034 -0.000976368
0 1.27034 -0.00140287
1.2 1.27034 -0.000973348
2.4 1.27034 -0.000207399
3.6 1.27034 0.000206011
4.8 1.27034 0.00018061
6 1.27034 2.02053e-05
7.2 1.27034 -4.94474e-05
8.4 1.27034 -2.52592e-05
9.6 1.27034 8.34649e-06
10.8 1.27034 1.28313e-05
12 1.27034 3.28681e-06
13.2 1.27034 -1.05889e-06
14.4 1.27034 9.24915e-07
15.6 1.27034 2.92643e-06
16.8 1.27034 2.75968e-06
18 1.27034 1.96211e-06
19.2 1.27034 1.63477e-06
20.4 1.27034 1.55036e-06
21.6 1.27034 1.33587e-06
22.8 1.27034 1.00087e-06
24 1.27034 6.66573e-07
25.2 1.27034 3.7388e-07
26.4 1.27034 1.42466e-07
27.6 1.27034 1.16799e-08
28.8 1.27034 -1.36426e-08
30 1.27034 1.99435e-38
-30 1.32119 1.98048e-38
-28.8 1.32119 -1.32724e-08
-27.6 1.32119 1.11052e-08
-26.4 1.32119 1.38402e-07
-25.2 1.32119 3.64302e-07
-24 1.32119 6.48067e-07
-22.8 1.32119 9.68883e-07
-21.6 1.32119 1.29454e-06
-20.4 1.32119 1.51484e-06
-19.2 1.32119 1.60065e-06
-18 1.32119 1.88392e-06
-16.8 1.32119 2.62781e-06
-15.6 1.32119 2.86989e-06
-14.4 1.32119 1.06626e-06
-13.2 1.32119 -9.69279e-07
-12 1.32119 2.80722e-06
-10.8 1.32119 1.19718e-05
-9.6 1.32119 8.56199e-06
-8.4 1.32119 -2.29644e-05
-7.2 1.32119 -4.73497e-05
-6 1.32119 1.72458e-05
-4.8 1.32119 0.000171296
-3.6 1.32119 0.000198012
-2.4 1.32119 -0.000200977
-1.2 1.32119 -0.000945407
0 1.32119 -0.00136176
1.2 1.32119 -0.000942501
2.4 1.32119 -0.000198409
3.6 1.32119 0.000198604
4.8 1.32119 0.000170863
6 1.32119 1.69334e-05
7.2 1.32119 -4.73122e-05
8.4 1.32119 -2.28295e-05
9.6 1.32119 8.61643e-06
10.8 1.32119 1.19603e-05
12 1.32119 2.79374e-06
13.2 1.32119 -9.68226e-07
14.4 1.32119 1.06847e-06
15.6 1.32119 2.86759e-06
16.8 1.32119 2.62582e-06
18 1.32119 1.88497e-06
19.2 1.32119 1.60263e-06
20.4 1.32119 1.5157e-06
21.6 1.32119 1.2945e-06
22.8 1.32119 9.68853e-07
24 1.32119 6.48264e-07
25.2 1.32119 3.64483e-07
26.4 1.32119 1.38435e-07
27.6 1.32119 1.10604e-08
28.8 1.32119 -1.32989e-08
30 1.32119 1.99076e-38
-30 1.37203 1.96221e-38
-28.8 1.37203 -1.28942e-08
-27.6 1.37203 1.05417e-08
-26.4 1.37203 1.34289e-07
-25.2 1.37203 3.547e-07
-24 1.37203 6.29905e-07
-22.8 1.37203 9.37448e-07
-21.6 1.37203 1.25291e-06
-20.4 1.37203 1.47842e-06
-19.2 1.37203 1.56836e-06
-18 1.37203 1.81137e-06
-16.8 1.37203 2.49708e-06
-15.6 1.37203 2.80182e-06
-14.4 1.37203 1.19578e-06
-13.2 1.37203 -8.68417e-07
-12 1.37203 2.35356e-06
-10.8 1.37203 1.11155e-05
-9.6 1.37203 8.76837e-06
-8.4 1.37203 -2.06297e-05
-7.2 1.37203 -4.52147e-05
-6 1.37203 1.4122e-05
-4.8 1.37203 0.000161752
-3.6 1.37203 0.000190743
-2.4 1.37203 -0.000191954
-1.2 1.37203 -0.000914631
0 1.37203 -0.00132085
1.2 1.37203 -0.00091184
2.4 1.37203 -0.00018951
3.6 1.37203 0.000191289
4.8 1.37203 0.000161339
6 1.37203 1.38377e-05
7.2 1.37203 -4.51722e-05
8.4 1.37203 -2.05042e-05
9.6 1.37203 8.81621e-06
10.8 1.37203 1.11046e-05
12 1.37203 2.34258e-06
13.2 1.37203 -8.66761e-07
14.4 1.37203 1.19733e-06
15.6 1.37203 2.79919e-06
16.8 1.37203 2.49527e-06
18 1.37203 1.81257e-06
19.2 1.37203 1.57029e-06
20.4 1.37203 1.4792e-06
21.6 1.37203 1.25288e-06
22.8 1.37203 9.37451e-07
24 1.37203 6.30112e-07
25.2 1.37203 3.54875e-07
26.4 1.37203 1.34319e-07
27.6 1.37203 1.04983e-08
28.8 1.37203 -1.29196e-08
30 1.37203 1.97209e-38
-30 1.42288 1.92982e-38
-28.8 1.42288 -1.24871e-08
-27.6 1.42288 1.00364e-08
-26.4 1.42288 1.30112e-07
-25.2 1.42288 3.44887e-07
-24 1.42288 6.11844e-07
-22.8 1.42288 9.06619e-07
-21.6 1.42288 1.21116e-06
-20.4 1.42288 1.44022e-06
-19.2 1.42288 1.5356e-06
-18 1.42288 1.74326e-06
-16.8 1.42288 2.37008e-06
-15.6 1.42288 2.72495e-06
-14.4 1.42288 1.31023e-06
-13.2 1.42288 -7.58283e-07
-12 1.42288 1.94145e-06
-10.8 1.42288 1.02763e-05
-9.6 1.42288 8.90609e-06
-8.4 1.42288 -1.84004e-05
-7.2 1.42288 -4.30757e-05
-6 1.42288 1.11758e-05
-4.8 1.42288 0.000152432
-3.6 1.42288 0.00018356
-2.4 1.42288 -0.000183023
-1.2 1.42288 -0.00088404
0 1.42288 -0.00128015
1.2 1.42288 -0.000881363
2.4 1.42288 -0.000180702
3.6 1.42288 0.000184061
4.8 1.42288 0.00015204
6 1.42288 1.09183e-05
7.2 1.42288 -4.30291e-05
8.4 1.42288 -1.82841e-05
9.6 1.42288 8.94787e-06
10.8 1.42288 1.02661e-05
12 1.42288 1.9328e-06
13.2 1.42288 -7.56167e-07
14.4 1.42288 1.31115e-06
15.6 1.42288 2.72205e-06
16.8 1.42288 2.36846e-06
18 1.42288 1.74459e-06
19.2 1.42288 1.53747e-06
20.4 1.42288 1.44094e-06
21.6 1.42288 1.21114e-06
22.8 1.42288 9.06652e-07
24 1.42288 6.12057e-07
25.2 1.42288 3.45057e-07
26.4 1.42288 1.3014e-07
27.6 1.42288 9.99442e-09
28.8 1.42288 -1.25116e-08
30 1.42288 1.93931e-38
-30 1.47373 1.88467e-38
-28.8 1.47373 -1.20585e-08
-27.6 1.47373 9.58781e-09
-26.4 1.47373 1.25893e-07
-25.2 1.47373 3.34869e-07
-24 1.47373 5.93828e-07
-22.8 1.47373 8.76372e-07
-21.6 1.47373 1.16942e-06
-20.4 1.47373 1.40037e-06
-19.2 1.47373 1.50211e-06
-18 1.47373 1.67927e-06
-16.8 1.47373 2.24722e-06
-15.6 1.47373 2.64016e-06
-14.4 1.47373 1.40932e-06
-13.2 1.47373 -6.40594e-07
-12 1.47373 1.57027e-06
-10.8 1.47373 9.45637e-06
-9.6 1.47373 8.97734e-06
-8.4 1.47373 -1.62772e-05
-7.2 1.47373 -4.09348e-05
-6 1.47373 8.40735e-06
-4.8 1.47373 0.000143337
-3.6 1.47373 0.000176461
-2.4 1.47373 -0.00017419
-1.2 1.47373 -0.000853629
0 1.47373 -0.00123963
1.2 1.47373 -0.000851067
2.4 1.47373 -0.000171989
3.6 1.47373 0.000176919
4.8 1.47373 0.000142965
6 1.47373 8.17515e-06
7.2 1.47373 -4.08849e-05
8.4 1.47373 -1.61699e-05
9.6 1.47373 9.01357e-06
10.8 1.47373 9.44706e-06
12 1.47373 1.56375e-06
13.2 1.47373 -6.3815e-07
14.4 1.47373 1.40964e-06
15.6 1.47373 2.63706e-06
16.8 1.47373 2.24579e-06
18 1.47373 1.6807e-06
19.2 1.47373 1.5039e-06
20.4 1.47373 1.40103e-06
21.6 1.47373 1.16941e-06
22.8 1.47373 8.76431e-07
24 1.47373 5.94047e-07
25.2 1.47373 3.35034e-07
26.4 1.47373 1.25919e-07
27.6 1.47373 9.54729e-09
28.8 1.47373 -1.20821e-08
30 1.47373 1.8938e-38
-30 1.52458 1.82849e-38
-28.8 1.52458 -1.16155e-08
-27.6 1.52458 9.19256e-09
-26.4 1.52458 1.21652e-07
-25.2 1.52458 3.24658e-07
-24 1.52458 5.75807e-07
-22.8 1.52458 8.4667e-07
-21.6 1.52458 1.12782e-06
-20.4 1.52458 1.35897e-06
-19.2 1.52458 1.46763e-06
-18 1.52458 1.61903e-06
-16.8 1.52458 2.12886e-06
-15.6 1.52458 2.54837e-06
-14.4 1.52458 1.49286e-06
-13.2 1.52458 -5.17107e-07
-12 1.52458 1.23927e-06
-10.8 1.52458 8.65777e-06
-9.6 1.52458 8.98441e-06
-8.4 1.52458 -1.4261e-05
-7.2 1.52458 -3.8794e-05
-6 1.52458 5.81677e-06
-4.8 1.52458 0.000134467
-3.6 1.52458 0.000169444
-2.4 1.52458 -0.000165455
-1.2 1.52458 -0.000823398
0 1.52458 -0.00119931
1.2 1.52458 -0.00082095
2.4 1.52458 -0.000163375
3.6 1.52458 0.000169861
4.8 1.52458 0.000134115
6 1.52458 5.60855e-06
7.2 1.52458 -3.87417e-05
8.4 1.52458 -1.41625e-05
9.6 1.52458 9.01561e-06
10.8 1.52458 8.64945e-06
12 1.52458 1.2347e-06
13.2 1.52458 -5.14455e-07
14.4 1.52458 1.49261e-06
15.6 1.52458 2.54513e-06
16.8 1.52458 2.12763e-06
18 1.52458 1.62054e-06
19.2 1.52458 1.46935e-06
20.4 1.52458 1.35958e-06
21.6 1.52458 1.12783e-06
22.8 1.52458 8.46754e-07
24 1.52458 5.76028e-07
25.2 1.52458 3.24817e-07
26.4 1.52458 1.21676e-07
27.6 1.52458 9.1534e-09
28.8 1.52458 -1.16383e-08
30 1.52458 1.8373e-38
-30 1.57542 1.76326e-38
-28.8 1.57542 -1.11651e-08
-27.6 1.57542 8.84531e-09
-26.4 1.57542 1.17408e-07
-25.2 1.57542 3.14267e-07
-24 1.57542 5.57734e-07
-22.8 1.57542 8.17469e-07
-21.6 1.57542 1.08646e-06
-20.4 1.57542 1.31618e-06
-19.2 1.57542 1.43195e-06
-18 1.57542 1.56215e-06
-16.8 1.57542 2.01532e-06
-15.6 1.57542 2.45053e-06
-14.4 1.57542 1.56073e-06
-13.2 1.57542 -3.89612e-07
-12 1.57542 9.47601e-07
-10.8 1.57542 7.88268e-06
-9.6 1.57542 8.92976e-06
-8.4 1.57542 -1.23526e-05
-7.2 1.57542 -3.66557e-05
-6 1.57542 3.40428e-06
-4.8 1.57542 0.000125824
-3.6 1.57542 0.000162506
-2.4 1.57542 -0.000156824
-1.2 1.57542 -0.000793343
0 1.57542 -0.00115916
1.2 1.57542 -0.00079101
2.4 1.57542 -0.000154861
3.6 1.57542 0.000162883
4.8 1.57542 0.000125491
6 1.57542 3.21864e-06
7.2 1.57542 -3.66017e-05
8.4 1.57542 -1.22626e-05
9.6 1.57542 8.95642e-06
10.8 1.57542 7.87542e-06
12 1.57542 9.44791e-07
13.2 1.57542 -3.86859e-07
14.4 1.57542 1.55995e-06
15.6 1.57542 2.44721e-06
16.8 1.57542 2.01429e-06
18 1.57542 1.56372e-06
19.2 1.57542 1.4336e-06
20.4 1.57542 1.31674e-06
21.6 1.57542 1.08648e-06
22.8 1.57542 8.17573e-07
24 1.57542 5.57957e-07
25.2 1.57542 3.14421e-07
26.4 1.57542 1.17432e-07
27.6 1.57542 8.80745e-09
28.8 1.57542 -1.11872e-08
30 1.57542 1.77177e-38
-30 1.62627 1.69113e-38
-28.8 1.62627 -1.07137e-08
-27.6 1.62627 8.53925e-09
-26.4 1.62627 1.13177e-07
-25.2 1.62627 3.03717e-07
-24 1.62627 5.39568e-07
-22.8 1.62627 7.88713e-07
-21.6 1.62627 1.04545e-06
-20.4 1.62627 1.27214e-06
-19.2 1.62627 1.39489e-06
-18 1.62627 1.50821e-06
-16.8 1.62627 1.90684e-06
-15.6 1.62627 2.34763e-06
-14.4 1.62627 1.61289e-06
-13.2 1.62627 -2.59931e-07
-12 1.62627 6.94282e-07
-10.8 1.62627 7.13329e-06
-9.6 1.62627 8.816e-06
-8.4 1.62627 -1.05531e-05
-7.2 1.62627 -3.45226e-05
-6 1.62627 1.17011e-06
-4.8 1.62627 0.000117408
-3.6 1.62627 0.000155644
-2.4 1.62627 -0.000148299
-1.2 1.62627 -0.000763463
0 1.62627 -0.00111919
1.2 1.62627 -0.000761244
2.4 1.62627 -0.000146453
3.6 1.62627 0.000155983
4.8 1.62627 0.000117095
6 1.62627 1.00568e-06
7.2 1.62627 -3.44676e-05
8.4 1.62627 -1.04713e-05
9.6 1.62627 8.8386e-06
10.8 1.62627 7.12716e-06
12 1.62627 6.93042e-07
13.2 1.62627 -2.57171e-07
14.4 1.62627 1.61163e-06
15.6 1.62627 2.34427e-06
16.8 1.62627 1.90599e-06
18 1.62627 1.5098e-06
19.2 1.62627 1.39645e-06
20.4 1.62627 1.27265e-06
21.6 1.62627 1.04549e-06
22.8 1.62627 7.88836e-07
24 1.62627 5.39791e-07
25.2 1.62627 3.03866e-07
26.4 1.62627 1.132e-07
27.6 1.62627 8.5026e-09
28.8 1.62627 -1.07352e-08
30 1.62627 1.69937e-38
-30 1.67712 1.61431e-38
-28.8 1.67712 -1.02668e-08
-27.6 1.67712 8.26641e-09
-26.4 1.67712 1.08972e-07
-25.2 1.67712 2.9303e-07
-24 1.67712 5.21275e-07
-22.8 1.67712 7.60342e-07
-21.6 1.67712 1.00485e-06
-20.4 1.67712 1.22702e-06
-19.2 1.67712 1.35629e-06
-18 1.67712 1.45675e-06
-16.8 1.67712 1.80361e-06
-15.6 1.67712 2.24068e-06
-14.4 1.67712 1.64944e-06
-13.2 1.67712 -1.29908e-07
-12 1.67712 4.78184e-07
-10.8 1.67712 6.41181e-06
-9.6 1.67712 8.64592e-06
-8.4 1.67712 -8.86343e-06
-7.2 1.67712 -3.23973e-05
-6 1.67712 -8.85465e-07
-4.8 1.67712 0.000109221
-3.6 1.67712 0.000148856
-2.4 1.67712 -0.000139886
-1.2 1.67712 -0.000733755
0 1.67712 -0.00107939
1.2 1.67712 -0.000731649
2.4 1.67712 -0.000138153
3.6 1.67712 0.00014916
4.8 1.67712 0.000108928
6 1.67712 -1.03006e-06
7.2 1.67712 -3.23421e-05
8.4 1.67712 -8.78954e-06
9.6 1.67712 8.66492e-06
10.8 1.67712 6.40685e-06
12 1.67712 4.78328e-07
13.2 1.67712 -1.27222e-07
14.4 1.67712 1.64775e-06
15.6 1.67712 2.23733e-06
16.8 1.67712 1.80294e-06
18 1.67712 1.45836e-06
19.2 1.67712 1.35777e-06
20.4 1.67712 1.22751e-06
21.6 1.67712 1.00491e-06
22.8 1.67712 7.6048e-07
24 1.67712 5.21498e-07
25.2 1.67712 2.93175e-07
26.4 1.67712 1.08994e-07
27.6 1.67712 8.23091e-09
28.8 1.67712 -1.02877e-08
30 1.67712 1.62229e-38
-30 1.72797 1.53496e-38
-28.8 1.72797 -9.82894e-09
-27.6 1.72797 8.01814e-09
-26.4 1.72797 1.04803e-07
-25.2 1.72797 2.82232e-07
-24 1.72797 5.02831e-07
-22.8 1.72797 7.32286e-07
-21.6 1.72797 9.64739e-07
-20.4 1.72797 1.18102e-06
-19.2 1.72797 1.31603e-06
-18 1.72797 1.40731e-06
-16.8 1.72797 1.70575e-06
-15.6 1.72797 2.13071e-06
-14.4 1.72797 1.67057e-06
-13.2 1.72797 -1.40241e-09
-12 1.72797 2.98019e-07
-10.8 1.72797 5.72048e-06
-9.6 1.72797 8.42252e-06
-8.4 1.72797 -7.28456e-06
-7.2 1.72797 -3.02831e-05
-6 1.72797 -2.76213e-06
-4.8 1.72797 0.000101266
-3.6 1.72797 0.000142139
-2.4 1.72797 -0.000131587
-1.2 1.72797 -0.000704217
0 1.72797 -0.00103975
1.2 1.72797 -0.000702224
2.4 1.72797 -0.000129966
3.6 1.72797 0.000142409
4.8 1.72797 0.000100991
6 1.72797 -2.88825e-06
7.2 1.72797 -3.02283e-05
8.4 1.72797 -7.2182e-06
9.6 1.72797 8.43837e-06
10.8 1.72797 5.7167e-06
12 1.72797 2.99363e-07
13.2 1.72797 1.14001e-09
14.4 1.72797 1.6685e-06
15.6 1.72797 2.12742e-06
16.8 1.72797 1.70525e-06
18 1.72797 1.40893e-06
19.2 1.72797 1.31743e-06
20.4 1.72797 1.18148e-06
21.6 1.72797 9.64812e-07
22.8 1.72797 7.32436e-07
24 1.72797 5.03052e-07
25.2 1.72797 2.82373e-07
26.4 1.72797 1.04824e-07
27.6 1.72797 7.98371e-09
28.8 1.72797 -9.84926e-09
30 1.72797 1.54271e-38
-30 1.77881 1.45511e-38
-28.8 1.77881 -9.40315e-09
-27.6 1.77881 7.78552e-09
-26.4 1.77881 1.00675e-07
-25.2 1.77881 2.71348e-07
-24 1.77881 4.84219e-07
-22.8 1.77881 7.04473e-07
-21.6 1.77881 9.25153e-07
-20.4 1.77881 1.13432e-06
-19.2 1.77881 1.27405e-06
-18 1.77881 1.35943e-06
-16.8 1.77881 1.61329e-06
-15.6 1.77881 2.01879e-06
-14.4 1.77881 1.6766e-06
-13.2 1.77881 1.23721e-07
-12 1.77881 1.5232e-07
-10.8 1.77881 5.06151e-06
-9.6 1.77881 8.14905e-06
-8.4 1.77881 -5.81754e-06
-7.2 1.77881 -2.81834e-05
-6 1.77881 -4.45955e-06
-4.8 1.77881 9.35432e-05
-3.6 1.77881 0.000135491
-2.4 1.77881 -0.000123408
-1.2 1.77881 -0.000674848
0 1.77881 -0.00100025
1.2 1.77881 -0.000672966
2.4 1.77881 -0.000121896
3.6 1.77881 0.000135729
4.8 1.77881 9.3288e-05
6 1.77881 -4.56854e-06
7.2 1.77881 -2.81295e-05
8.4 1.77881 -5.75836e-06
9.6 1.77881 8.16215e-06
10.8 1.77881 5.05893e-06
12 1.77881 1.54685e-07
13.2 1.77881 1.26063e-07
14.4 1.77881 1.67422e-06
15.6 1.77881 2.01558e-06
16.8 1.77881 1.61294e-06
18 1.77881 1.36102e-06
19.2 1.77881 1.27537e-06
20.4 1.77881 1.13476e-06
21.6 1.77881 9.25241e-07
22.8 1.77881 7.04633e-07
24 1.77881 4.84437e-07
25.2 1.77881 2.71485e-07
26.4 1.77881 1.00696e-07
27.6 1.77881 7.7521e-09
28.8 1.77881 -9.42287e-09
30 1.77881 1.46263e-38
-30 1.82966 1.3765e-38
-28.8 1.82966 -8.99117e-09
-27.6 1.82966 7.55989e-09
-26.4 1.82966 9.65919e-08
-25.2 1.82966 2.60405e-07
-24 1.82966 4.6543e-07
-22.8 1.82966 6.7683e-07
-21.6 1.82966 8.86114e-07
-20.4 1.82966 1.08713e-06
-19.2 1.82966 1.23031e-06
-18 1.82966 1.3126e-06
-16.8 1.82966 1.52619e-06
-15.6 1.82966 1.90595e-06
-14.4 1.82966 1.66801e-06
-13.2 1.82966 2.43605e-07
-12 1.82966 3.94246e-08
-10.8 1.82966 4.43714e-06
-9.6 1.82966 7.82898e-06
-8.4 1.82966 -4.46341e-06
-7.2 1.82966 -2.61018e-05
-6 1.82966 -5.97741e-06
-4.8 1.82966 8.60571e-05
-3.6 1.82966 0.000128909
-2.4 1.82966 -0.000115355
-1.2 1.82966 -0.000645645
0 1.82966 -0.000960908
1.2 1.82966 -0.000643873
2.4 1.82966 -0.000113949
3.6 1.82966 0.000129117
4.8 1.82966 8.58205e-05
6 1.82966 -6.0706e-06
7.2 1.82966 -2.60494e-05
8.4 1.82966 -4.41103e-06
9.6 1.82966 7.83974e-06
10.8 1.82966 4.43573e-06
12 1.82966 4.26358e-08
13.2 1.82966 2.45702e-07
14.4 1.82966 1.66537e-06
15.6 1.82966 1.90285e-06
16.8 1.82966 1.52597e-06
18 1.82966 1.31417e-06
19.2 1.82966 1.23155e-06
20.4 1.82966 1.08754e-06
21.6 1.82966 8.86216e-07
22.8 1.82966 6.76997e-07
24 1.82966 4.65644e-07
25.2 1.82966 2.60539e-07
26.4 1.82966 9.66119e-08
27.6 1.82966 7.52746e-09
28.8 1.82966 -9.01026e-09
30 1.82966 1.3838e-38
-30 1.88051 1.30057e-38
-28.8 1.88051 -8.5933e-09
-27.6 1.88051 7.33337e-09
-26.4 1.88051 9.25513e-08
-25.2 1.88051 2.4943e-07
-24 1.88051 4.46465e-07
-22.8 1.88051 6.49283e-07
-21.6 1.88051 8.47622e-07
-20.4 1.88051 1.03963e-06
-19.2 1.88051 1.18482e-06
-18 1.88051 1.26636e-06
-16.8 1.88051 1.4443e-06
-15.6 1.88051 1.79323e-06
-14.4 1.88051 1.6454e-06
-13.2 1.88051 3.56422e-07
-12 1.88051 -4.25468e-08
-10.8 1.88051 3.84954e-06
-9.6 1.88051 7.46611e-06
-8.4 1.88051 -3.22318e-06
-7.2 1.88051 -2.40426e-05
-6 1.88051 -7.31539e-06
-4.8 1.88051 7.88103e-05
-3.6 1.88051 0.000122391
-2.4 1.88051 -0.000107432
-1.2 1.88051 -0.000616605
0 1.88051 -0.000921698
1.2 1.88051 -0.000614942
2.4 1.88051 -0.000106131
3.6 1.88051 0.000122571
4.8 1.88051 7.85919e-05
6 1.88051 -7.39409e-06
7.2 1.88051 -2.39921e-05
8.4 1.88051 -3.17719e-06
9.6 1.88051 7.4749e-06
10.8 1.88051 3.84926e-06
12 1.88051 -3.86566e-08
13.2 1.88051 3.58243e-07
14.4 1.88051 1.64255e-06
15.6 1.88051 1.79027e-06
16.8 1.88051 1.44421e-06
18 1.88051 1.26788e-06
19.2 1.88051 1.18599e-06
20.4 1.88051 1.04003e-06
21.6 1.88051 8.47737e-07
22.8 1.88051 6.49456e-07
24 1.88051 4.46677e-07
25.2 1.88051 2.49561e-07
26.4 1.88051 9.25707e-08
27.6 1.88051 7.30191e-09
28.8 1.88051 -8.61173e-09
30 1.88051 1.30764e-38
-30 1.93136 1.22829e-38
-28.8 1.93136 -8.20852e-09
-27.6 1.93136 7.09925e-09
-26.4 1.93136 8.85491e-08
-25.2 1.93136 2.38446e-07
-24 1.93136 4.27336e-07
-22.8 1.93136 6.21765e-07
-21.6 1.93136 8.09656e-07
-20.4 1.93136 9.92015e-07
-19.2 1.93136 1.13766e-06
-18 1.93136 1.22024e-06
-16.8 1.93136 1.36741e-06
-15.6 1.93136 1.68166e-06
-14.4 1.93136 1.60955e-06
-13.2 1.93136 4.60392e-07
-12 1.93136 -9.57097e-08
-10.8 1.93136 3.30083e-06
-9.6 1.93136 7.06454e-06
-8.4 1.93136 -2.09781e-06
-7.2 1.93136 -2.20103e-05
-6 1.93136 -8.47323e-06
-4.8 1.93136 7.18067e-05
-3.6 1.93136 0.000115935
-2.4 1.93136 -9.96466e-05
-1.2 1.93136 -0.000587727
0 1.93136 -0.000882613
1.2 1.93136 -0.000586172
2.4 1.93136 -9.84463e-05
3.6 1.93136 0.000116089
4.8 1.93136 7.16062e-05
6 1.93136 -8.53873e-06
7.2 1.93136 -2.19622e-05
8.4 1.93136 -2.05779e-06
9.6 1.93136 7.0717e-06
10.8 1.93136 3.30163e-06
12 1.93136 -9.13001e-08
13.2 1.93136 4.61914e-07
14.4 1.93136 1.60656e-06
15.6 1.93136 1.67885e-06
16.8 1.93136 1.36741e-06
18 1.93136 1.22171e-06
19.2 1.93136 1.13876e-06
20.4 1.93136 9.924e-07
21.6 1.93136 8.09781e-07
22.8 1.93136 6.21941e-07
24 1.93136 4.27544e-07
25.2 1.93136 2.38573e-07
26.4 1.93136 8.85678e-08
27.6 1.93136 7.06876e-09
28.8 1.93136 -8.22625e-09
30 1.93136 1.23514e-38
-30 1.9822 1.16022e-38
-28.8 1.9822 -7.83473e-09
-27.6 1.9822 6.8524e-09
-26.4 1.9822 8.4578e-08
-25.2 1.9822 2.27473e-07
-24 1.9822 4.08061e-07
-22.8 1.9822 5.94212e-07
-21.6 1.9822 7.72172e-07
-20.4 1.9822 9.44463e-07
-19.2 1.9822 1.08894e-06
-18 1.9822 1.17379e-06
-16.8 1.9822 1.29518e-06
-15.6 1.9822 1.57219e-06
-14.4 1.9822 1.56141e-06
-13.2 1.9822 5.53809e-07
-12 1.9822 -1.22436e-07
-10.8 1.9822 2.79304e-06
-9.6 1.9822 6.62872e-06
-8.4 1.9822 -1.08815e-06
-7.2 1.9822 -2.001e-05
-6 1.9822 -9.45073e-06
-4.8 1.9822 6.50508e-05
-3.6 1.9822 0.000109537
-2.4 1.9822 -9.20055e-05
-1.2 1.9822 -0.000559009
0 1.9822 -0.000843645
1.2 1.9822 -0.000557559
2.4 1.9822 -9.09033e-05
3.6 1.9822 0.000109667
4.8 1.9822 6.48675e-05
6 1.9822 -9.5043e-06
7.2 1.9822 -1.99646e-05
8.4 1.9822 -1.05369e-06
9.6 1.9822 6.63458e-06
10.8 1.9822 2.79484e-06
12 1.9822 -1.17657e-07
13.2 1.9822 5.55025e-07
14.4 1.9822 1.55832e-06
15.6 1.9822 1.56955e-06
16.8 1.9822 1.29526e-06
18 1.9822 1.17519e-06
19.2 1.9822 1.08998e-06
20.4 1.9822 9.44836e-07
21.6 1.9822 7.72305e-07
22.8 1.9822 5.94389e-07
24 1.9822 4.08265e-07
25.2 1.9822 2.27596e-07
26.4 1.9822 8.45959e-08
27.6 1.9822 6.82292e-09
28.8 1.9822 -7.85172e-09
30 1.9822 1.16682e-38
-30 2.03305 1.09642e-38
-28.8 2.03305 -7.46902e-09
-27.6 2.03305 6.58957e-09
-26.4 2.03305 8.06287e-08
-25.2 2.03305 2.16526e-07
-24 2.03305 3.88665e-07
-22.8 2.03305 5.66573e-07
-21.6 2.03305 7.35107e-07
-20.4 2.03305 8.97127e-07
-19.2 2.03305 1.03881e-06
-18 2.03305 1.1266e-06
-16.8 2.03305 1.22718e-06
-15.6 2.03305 1.46573e-06
-14.4 2.03305 1.50209e-06
-13.2 2.03305 6.35079e-07
-12 2.03305 -1.25373e-07
-10.8 2.03305 2.32803e-06
-9.6 2.03305 6.16352e-06
-8.4 2.03305 -1.94956e-07
-7.2 2.03305 -1.80473e-05
-6 2.03305 -1.02478e-05
-4.8 2.03305 5.85475e-05
-3.6 2.03305 0.000103197
-2.4 2.03305 -8.45166e-05
-1.2 2.03305 -0.000530449
0 2.03305 -0.000804783
1.2 2.03305 -0.000529102
2.4 2.03305 -8.35093e-05
3.6 2.03305 0.000103304
4.8 2.03305 5.8381e-05
6 2.03305 -1.02907e-05
7.2 2.03305 -1.8005e-05
8.4 2.03305 -1.65593e-07
9.6 2.03305 6.16837e-06
10.8 2.03305 2.33075e-06
12 2.03305 -1.20365e-07
13.2 2.03305 6.35989e-07
14.4 2.03305 1.49896e-06
15.6 2.03305 1.46327e-06
16.8 2.03305 1.22733e-06
18 2.03305 1.12794e-06
19.2 2.03305 1.03979e-06
20.4 2.03305 8.9749e-07
21.6 2.03305 7.35246e-07
22.8 2.03305 5.66751e-07
24 2.03305 3.88864e-07
25.2 2.03305 2.16645e-07
26.4 2.03305 8.06457e-08
27.6 2.03305 6.56114e-09
28.8 2.03305 -7.48524e-09
30 2.03305 1.10278e-38
-30 2.0839 1.03656e-38
-28.8 2.0839 -7.10812e-09
-27.6 2.0839 6.30943e-09
-26.4 2.0839 7.66908e-08
-25.2 2.0839 2.05615e-07
-24 2.0839 3.69177e-07
-22.8 2.0839 5.38808e-07
-21.6 2.0839 6.98384e-07
-20.4 2.0839 8.50138e-07
-19.2 2.0839 9.87481e-07
-18 2.0839 1.07833e-06
-16.8 2.0839 1.16289e-06
-15.6 2.0839 1.36308e-06
-14.4 2.0839 1.4329e-06
-13.2 2.0839 7.02757e-07
-12 2.0839 -1.0746e-07
-10.8 2.0839 1.90751e-06
-9.6 2.0839 5.67422e-06
-8.4 2.0839 5.81268e-07
-7.2 2.0839 -1.61286e-05
-6 2.0839 -1.08647e-05
-4.8 2.0839 5.23028e-05
-3.6 2.0839 9.69112e-05
-2.4 2.0839 -7.71885e-05
-1.2 2.0839 -0.000502044
0 2.0839 -0.000766016
1.2 2.0839 -0.000500799
2.4 2.0839 -7.62727e-05
3.6 2.0839 9.69985e-05
4.8 2.0839 5.21526e-05
6 2.0839 -1.08981e-05
7.2 2.0839 -1.60895e-05
8.4 2.0839 6.05976e-07
9.6 2.0839 5.67832e-06
10.8 2.0839 1.91105e-06
12 2.0839 -1.02352e-07
13.2 2.0839 7.03371e-07
14.4 2.0839 1.42978e-06
15.6 2.0839 1.3608e-06
16.8 2.0839 1.16309e-06
18 2.0839 1.07961e-06
19.2 2.0839 9.88407e-07
20.4 2.0839 8.50491e-07
21.6 2.0839 6.98526e-07
22.8 2.0839 5.38985e-07
24 2.0839 3.69371e-07
25.2 2.0839 2.05731e-07
26.4 2.0839 7.67069e-08
27.6 2.0839 6.28211e-09
28.8 2.0839 -7.12354e-09
30 2.0839 1.04265e-38
-30 2.13475 9.79926e-39
-28.8 2.13475 -6.74878e-09
-27.6 2.13475 6.01257e-09
-26.4 2.13475 7.27539e-08
-25.2 2.13475 1.94746e-07
-24 2.13475 3.49631e-07
-22.8 2.13475 5.10893e-07
-21.6 2.13475 6.61911e-07
-20.4 2.13475 8.0359e-07
-19.2 2.13475 9.35194e-07
-18 2.13475 1.02869e-06
-16.8 2.13475 1.10172e-06
-15.6 2.13475 1.26492e-06
-14.4 2.13475 1.35531e-06
-13.2 2.13475 7.55594e-07
-12 2.13475 -7.19404e-08
-10.8 2.13475 1.53289e-06
-9.6 2.13475 5.1666e-06
-8.4 2.13475 1.24028e-06
-7.2 2.13475 -1.42606e-05
-6 2.13475 -1.13017e-05
-4.8 2.13475 4.63236e-05
-3.6 2.13475 9.06787e-05
-2.4 2.13475 -7.0031e-05
-1.2 2.13475 -0.000473793
0 2.13475 -0.000727329
1.2 2.13475 -0.000472648
2.4 2.13475 -6.92033e-05
3.6 2.13475 9.07476e-05
4.8 2.13475 4.61891e-05
6 2.13475 -1.13268e-05
7.2 2.13475 -1.42249e-05
8.4 2.13475 1.26079e-06
9.6 2.13475 5.17018e-06
10.8 2.13475 1.53712e-06
12 2.13475 -6.68474e-08
13.2 2.13475 7.55932e-07
14.4 2.13475 1.35224e-06
15.6 2.13475 1.26283e-06
16.8 2.13475 1.10195e-06
18 2.13475 1.0299e-06
19.2 2.13475 9.36069e-07
20.4 2.13475 8.03933e-07
21.6 2.13475 6.62055e-07
22.8 2.13475 5.11068e-07
24 2.13475 3.4982e-07
25.2 2.13475 1.94857e-07
26.4 2.13475 7.27692e-08
27.6 2.13475 5.98642e-09
28.8 2.13475 -6.76338e-09
30 2.13475 9.85736e-39
-30 2.18559 9.25588e-39
-28.8 2.18559 -6.38824e-09
-27.6 2.18559 5.70118e-09
-26.4 2.18559 6.8809e-08
-25.2 2.18559 1.83915e-07
-24 2.18559 3.30058e-07
-22.8 2.18559 4.82818e-07
-21.6 2.18559 6.25593e-07
-20.4 2.18559 7.5754e-07
-19.2 2.18559 8.82212e-07
-18 2.18559 9.77483e-07
-16.8 2.18559 1.04296e-06
-15.6 2.18559 1.17179e-06
-14.4 2.18559 1.27096e-06
-13.2 2.18559 7.92599e-07
-12 2.18559 -2.2368e-08
-10.8 2.18559 1.20523e-06
-9.6 2.18559 4.64692e-06
-8.4 2.18559 1.78222e-06
-7.2 2.18559 -1.24512e-05
-6 2.18559 -1.15596e-05
-4.8 2.18559 4.06177e-05
-3.6 2.18559 8.44978e-05
-2.4 2.18559 -6.3055e-05
-1.2 2.18559 -0.000445695
0 2.18559 -0.000688711
1.2 2.18559 -0.000444647
2.4 2.18559 -6.23119e-05
3.6 2.18559 8.45501e-05
4.8 2.18559 4.04982e-05
6 2.18559 -1.15775e-05
7.2 2.18559 -1.24191e-05
8.4 2.18559 1.79899e-06
9.6 2.18559 4.65019e-06
10.8 2.18559 1.21005e-06
12 2.18559 -1.73911e-08
13.2 2.18559 7.92689e-07
14.4 2.18559 1.26798e-06
15.6 2.18559 1.16987e-06
16.8 2.18559 1.04321e-06
18 2.18559 9.78612e-07
19.2 2.18559 8.83039e-07
20.4 2.18559 7.57873e-07
21.6 2.18559 6.25737e-07
22.8 2.18559 4.8299e-07
24 2.18559 3.30242e-07
25.2 2.18559 1.84023e-07
26.4 2.18559 6.88233e-08
27.6 2.18559 5.67626e-09
28.8 2.18559 -6.40201e-09
30 2.18559 9.31105e-39
-30 2.23644 8.72528e-39
-28.8 2.23644 -6.02453e-09
-27.6 2.23644 5.3786e-09
-26.4 2.23644 6.48488e-08
-25.2 2.23644 1.73119e-07
-24 2.23644 3.10488e-07
-22.8 2.23644 4.54592e-07
-21.6 2.23644 5.89335e-07
-20.4 2.23644 7.12004e-07
-19.2 2.23644 8.28814e-07
-18 2.23644 9.24592e-07
-16.8 2.23644 9.85877e-07
-15.6 2.23644 1.08401e-06
-14.4 2.23644 1.18166e-06
-13.2 2.23644 8.13101e-07
-12 2.23644 3.74021e-08
-10.8 2.23644 9.2517e-07
-9.6 2.23644 4.12201e-06
-8.4 2.23644 2.20777e-06
-7.2 2.23644 -1.07089e-05
-6 2.23644 -1.16397e-05
-4.8 2.23644 3.51942e-05
-3.6 2.23644 7.83673e-05
-2.4 2.23644 -5.62729e-05
-1.2 2.23644 -0.000417747
0 2.23644 -0.000650144
1.2 2.23644 -0.000416794
2.4 2.23644 -5.56106e-05
3.6 2.23644 7.84049e-05
4.8 2.23644 3.50891e-05
6 2.23644 -1.16514e-05
7.2 2.23644 -1.06804e-05
8.4 2.23644 2.22125e-06
9.6 2.23644 4.12513e-06
10.8 2.23644 9.30433e-07
12 2.23644 4.21768e-08
13.2 2.23644 8.12976e-07
14.4 2.23644 1.1788e-06
15.6 2.23644 1.08226e-06
16.8 2.23644 9.86133e-07
18 2.23644 9.25651e-07
19.2 2.23644 8.29596e-07
20.4 2.23644 7.12325e-07
21.6 2.23644 5.89477e-07
22.8 2.23644 4.5476e-07
24 2.23644 3.10666e-07
25.2 2.23644 1.73222e-07
26.4 2.23644 6.48621e-08
27.6 2.23644 5.35496e-09
28.8 2.23644 -6.03746e-09
30 2.23644 8.77741e-39
-30 2.28729 8.19799e-39
-28.8 2.28729 -5.65667e-09
-27.6 2.28729 5.04871e-09
-26.4 2.28729 6.0869e-08
-25.2 2.28729 1.62345e-07
-24 2.28729 2.90944e-07
-22.8 2.28729 4.26235e-07
-21.6 2.28729 5.5305e-07
-20.4 2.28729 6.66952e-07
-19.2 2.28729 7.75275e-07
-18 2.28729 8.70024e-07
-16.8 2.28729 9.29712e-07
-15.6 2.28729 1.00171e-06
-14.4 2.28729 1.08929e-06
-13.2 2.28729 8.16826e-07
-12 2.28729 1.03237e-07
-10.8 2.28729 6.9274e-07
-9.6 2.28729 3.59923e-06
-8.4 2.28729 2.5183e-06
-7.2 2.28729 -9.04325e-06
-6 2.28729 -1.15439e-05
-4.8 2.28729 3.00636e-05
-3.6 2.28729 7.22868e-05
-2.4 2.28729 -4.96989e-05
-1.2 2.28729 -0.000389949
0 2.28729 -0.000611613
1.2 2.28729 -0.000389087
2.4 2.28729 -4.91136e-05
3.6 2.28729 7.23116e-05
4.8 2.28729 2.99721e-05
6 2.28729 -1.15506e-05
7.2 2.28729 -9.01844e-06
8.4 2.28729 2.52895e-06
9.6 2.28729 3.60234e-06
10.8 2.28729 6.98314e-07
12 2.28729 1.07739e-07
13.2 2.28729 8.16525e-07
14.4 2.28729 1.08659e-06
15.6 2.28729 1.00011e-06
16.8 2.28729 9.29964e-07
18 2.28729 8.71014e-07
19.2 2.28729 7.76012e-07
20.4 2.28729 6.67259e-07
21.6 2.28729 5.53188e-07
22.8 2.28729 4.26399e-07
24 2.28729 2.91116e-07
25.2 2.28729 1.62443e-07
26.4 2.28729 6.08814e-08
27.6 2.28729 5.02642e-09
28.8 2.28729 -5.66876e-09
30 2.28729 8.24702e-39
-30 2.33814 7.6667e-39
-28.8 2.33814 -5.28467e-09
-27.6 2.33814 4.71527e-09
-26.4 2.33814 5.68684e-08
-25.2 2.33814 1.51583e-07
-24 2.33814 2.71441e-07
-22.8 2.33814 3.97782e-07
-21.6 2.33814 5.16669e-07
-20.4 2.33814 6.22313e-07
-19.2 2.33814 7.21845e-07
-18 2.33814 8.13894e-07
-16.8 2.33814 8.73705e-07
-15.6 2.33814 9.24721e-07
-14.4 2.33814 9.95816e-07
-13.2 2.33814 8.03977e-07
-12 2.33814 1.70775e-07
-10.8 2.33814 5.0725e-07
-9.6 2.33814 3.08653e-06
-8.4 2.33814 2.7161e-06
-7.2 2.33814 -7.46492e-06
-6 2.33814 -1.12753e-05
-4.8 2.33814 2.52382e-05
-3.6 2.33814 6.62563e-05
-2.4 2.33814 -4.33492e-05
-1.2 2.33814 -0.000362299
0 2.33814 -0.000573097
1.2 2.33814 -0.000361526
2.4 2.33814 -4.28369e-05
3.6 2.33814 6.62701e-05
4.8 2.33814 2.51595e-05
6 2.33814 -1.12779e-05
7.2 2.33814 -7.44369e-06
8.4 2.33814 2.72436e-06
9.6 2.33814 3.08971e-06
10.8 2.33814 5.12994e-07
12 2.33814 1.74951e-07
13.2 2.33814 8.03541e-07
14.4 2.33814 9.93291e-07
15.6 2.33814 9.23267e-07
16.8 2.33814 8.73946e-07
18 2.33814 8.14818e-07
19.2 2.33814 7.2254e-07
20.4 2.33814 6.22605e-07
21.6 2.33814 5.16803e-07
22.8 2.33814 3.97941e-07
24 2.33814 2.71606e-07
25.2 2.33814 1.51675e-07
26.4 2.33814 5.688e-08
27.6 2.33814 4.69437e-09
28.8 2.33814 -5.29594e-09
30 2.33814 7.71258e-39
-30 2.38898 7.12722e-39
-28.8 2.38898 -4.90933e-09
-27.6 2.38898 4.38126e-09
-26.4 2.38898 5.28488e-08
-25.2 2.38898 1.40819e-07
-24 2.38898 2.51984e-07
-22.8 2.38898 3.69272e-07
-21.6 2.38898 4.80146e-07
-20.4 2.38898 5.77984e-07
-19.2 2.38898 6.68731e-07
-18 2.38898 7.56428e-07
-16.8 2.38898 8.17157e-07
-15.6 2.38898 8.52638e-07
-14.4 2.38898 9.0318e-07
-13.2 2.38898 7.75318e-07
-12 2.38898 2.35515e-07
-10.8 2.38898 3.67093e-07
-9.6 2.38898 2.59233e-06
-8.4 2.38898 2.80467e-06
-7.2 2.38898 -5.98565e-06
-6 2.38898 -1.0838e-05
-4.8 2.38898 2.07319e-05
-3.6 2.38898 6.02772e-05
-2.4 2.38898 -3.72424e-05
-1.2 2.38898 -0.000334797
0 2.38898 -0.000534574
1.2 2.38898 -0.00033411
2.4 2.38898 -3.6799e-05
3.6 2.38898 6.02818e-05
4.8 2.38898 2.06653e-05
6 2.38898 -1.08375e-05
7.2 2.38898 -5.96786e-06
8.4 2.38898 2.81096e-06
9.6 2.38898 2.59565e-06
10.8 2.38898 3.7287e-07
12 2.38898 2.39329e-07
13.2 2.38898 7.74789e-07
14.4 2.38898 9.00844e-07
15.6 2.38898 8.51316e-07
16.8 2.38898 8.17383e-07
18 2.38898 7.57288e-07
19.2 2.38898 6.69383e-07
20.4 2.38898 5.7826e-07
21.6 2.38898 4.80275e-07
22.8 2.38898 3.69425e-07
24 2.38898 2.52141e-07
25.2 2.38898 1.40907e-07
26.4 2.38898 5.28596e-08
27.6 2.38898 4.36177e-09
28.8 2.38898 -4.91978e-09
30 2.38898 7.1699e-39
-30 2.43983 6.57872e-39
-28.8 2.43983 -4.53186e-09
-27.6 2.43983 4.04848e-09
-26.4 2.43983 4.8814e-08
-25.2 2.43983 1.30046e-07
-24 2.43983 2.32569e-07
-22.8 2.43983 3.40745e-07
-21.6 2.43983 4.43463e-07
-20.4 2.43983 5.3384e-07
-19.2 2.43983 6.16074e-07
-18 2.43983 6.97948e-07
-16.8 2.43983 7.59485e-07
-15.6 2.43983 7.84751e-07
-14.4 2.43983 8.13192e-07
-13.2 2.43983 7.32247e-07
-12 2.43983 2.92955e-07
-10.8 2.43983 2.69543e-07
-9.6 2.43983 2.12551e-06
-8.4 2.43983 2.78909e-06
-7.2 2.43983 -4.61839e-06
-6 2.43983 -1.02379e-05
-4.8 2.43983 1.6561e-05
-3.6 2.43983 5.43521e-05
-2.4 2.43983 -3.14004e-05
-1.2 2.43983 -0.000307443
0 2.43983 -0.000496018
1.2 2.43983 -0.000306838
2.4 2.43983 -3.10215e-05
3.6 2.43983 5.43493e-05
4.8 2.43983 1.65056e-05
6 2.43983 -1.02352e-05
7.2 2.43983 -4.60387e-06
8.4 2.43983 2.79381e-06
9.6 2.43983 2.12898e-06
10.8 2.43983 2.75221e-07
12 2.43983 2.96385e-07
13.2 2.43983 7.31666e-07
14.4 2.43983 8.11053e-07
15.6 2.43983 7.8355e-07
16.8 2.43983 7.59693e-07
18 2.43983 6.98745e-07
19.2 2.43983 6.16682e-07
20.4 2.43983 5.34099e-07
21.6 2.43983 4.43587e-07
22.8 2.43983 3.40892e-07
24 2.43983 2.32718e-07
25.2 2.43983 1.30127e-07
26.4 2.43983 4.8824e-08
27.6 2.43983 4.03044e-09
28.8 2.43983 -4.54149e-09
30 2.43983 6.6182e-39
-30 2.49068 6.02321e-39
-28.8 2.49068 -4.15344e-09
-27.6 2.49068 3.71743e-09
-26.4 2.49068 4.47688e-08
-25.2 2.49068 1.19256e-07
-24 2.49068 2.13186e-07
-22.8 2.49068 3.12234e-07
-21.6 2.49068 4.06633e-07
-20.4 2.49068 4.89753e-07
-19.2 2.49068 5.63932e-07
-18 2.49068 6.3884e-07
-16.8 2.49068 7.00277e-07
-15.6 2.49068 7.20091e-07
-14.4 2.49068 7.27406e-07
-13.2 2.49068 6.76853e-07
-12 2.49068 3.38795e-07
-10.8 2.49068 2.10529e-07
-9.6 2.49068 1.69514e-06
-8.4 2.49068 2.67646e-06
-7.2 2.49068 -3.37731e-06
-6 2.49068 -9.48357e-06
-4.8 2.49068 1.27444e-05
-3.6 2.49068 4.84857e-05
-2.4 2.49068 -2.58488e-05
-1.2 2.49068 -0.000280238
0 2.49068 -0.0004574
1.2 2.49068 -0.000279711
2.4 2.49068 -2.55301e-05
3.6 2.49068 4.84772e-05
4.8 2.49068 1.26993e-05
6 2.49068 -9.47929e-06
7.2 2.49068 -3.36582e-06
8.4 2.49068 2.67998e-06
9.6 2.49068 1.69876e-06
10.8 2.49068 2.15982e-07
12 2.49068 3.41837e-07
13.2 2.49068 6.76259e-07
14.4 2.49068 7.25467e-07
15.6 2.49068 7.19e-07
16.8 2.49068 7.00466e-07
18 2.49068 6.39576e-07
19.2 2.49068 5.64495e-07
20.4 2.49068 4.89993e-07
21.6 2.49068 4.06751e-07
22.8 2.49068 3.12374e-07
24 2.49068 2.13326e-07
25.2 2.49068 1.19332e-07
26.4 2.49068 4.4778e-08
27.6 2.49068 3.70084e-09
28.8 2.49068 -4.16226e-09
30 2.49068 6.05948e-39
-30 2.54153 5.46417e-39
-28.8 2.54153 -3.77492e-09
-27.6 2.54153 3.38755e-09
-26.4 2.54153 4.07176e-08
-25.2 2.54153 1.08449e-07
-24 2.54153 1.9382e-07
-22.8 2.54153 2.83762e-07
-21.6 2.54153 3.69689e-07
-20.4 2.54153 4.45611e-07
-19.2 2.54153 5.12274e-07
-18 2.54153 5.79513e-07
-16.8 2.54153 6.39349e-07
-15.6 2.54153 6.57483e-07
-14.4 2.54153 6.46954e-07
-13.2 2.54153 6.11919e-07
-12 2.54153 3.69239e-07
-10.8 2.54153 1.8441e-07
-9.6 2.54153 1.3102e-06
-8.4 2.54153 2.4765e-06
-7.2 2.54153 -2.27769e-06
-6 2.54153 -8.58644e-06
-4.8 2.54153 9.304e-06
-3.6 2.54153 4.26855e-05
-2.4 2.54153 -2.06181e-05
-1.2 2.54153 -0.000253182
0 2.54153 -0.000418684
1.2 2.54153 -0.00025273
2.4 2.54153 -2.03549e-05
3.6 2.54153 4.26729e-05
4.8 2.54153 9.26825e-06
6 2.54153 -8.58137e-06
7.2 2.54153 -2.26894e-06
8.4 2.54153 2.47915e-06
9.6 2.54153 1.3139e-06
10.8 2.54153 1.89529e-07
12 2.54153 3.71904e-07
13.2 2.54153 6.11343e-07
14.4 2.54153 6.45211e-07
15.6 2.54153 6.56495e-07
16.8 2.54153 6.3952e-07
18 2.54153 5.80189e-07
19.2 2.54153 5.12791e-07
20.4 2.54153 4.45832e-07
21.6 2.54153 3.698e-07
22.8 2.54153 2.83893e-07
24 2.54153 1.9395e-07
25.2 2.54153 1.08519e-07
26.4 2.54153 4.0726e-08
27.6 2.54153 3.37243e-09
28.8 2.54153 -3.78293e-09
30 2.54153 5.49721e-39
-30 2.59237 4.90497e-39
-28.8 2.59237 -3.39662e-09
-27.6 2.59237 3.05777e-09
-26.4 2.59237 3.66634e-08
-25.2 2.59237 9.76285e-08
-24 2.59237 1.74458e-07
-22.8 2.59237 2.55333e-07
-21.6 2.59237 3.32682e-07
-20.4 2.59237 4.01342e-07
-19.2 2.59237 4.60993e-07
-18 2.59237 5.20335e-07
-16.8 2.59237 5.76781e-07
-15.6 2.59237 5.95657e-07
-14.4 2.59237 5.72374e-07
-13.2 2.59237 5.40844e-07
-12 2.59237 3.81395e-07
-10.8 2.59237 1.83805e-07
-9.6 2.59237 9.78972e-07
-8.4 2.59237 2.20223e-06
-7.2 2.59237 -1.33554e-06
-6 2.59237 -7.56266e-06
-4.8 2.59237 6.26512e-06
-3.6 2.59237 3.69631e-05
-2.4 2.59237 -1.57447e-05
-1.2 2.59237 -0.000226281
0 2.59237 -0.000379828
1.2 2.59237 -0.0002259
2.4 2.59237 -1.55323e-05
3.6 2.59237 3.6948e-05
4.8 2.59237 6.23768e-06
6 2.59237 -7.55742e-06
7.2 2.59237 -1.32919e-06
8.4 2.59237 2.20431e-06
9.6 2.59237 9.827e-07
10.8 2.59237 1.88498e-07
12 2.59237 3.83704e-07
13.2 2.59237 5.40311e-07
14.4 2.59237 5.7082e-07
15.6 2.59237 5.94766e-07
16.8 2.59237 5.76936e-07
18 2.59237 5.2095e-07
19.2 2.59237 4.61461e-07
20.4 2.59237 4.01543e-07
21.6 2.59237 3.32786e-07
22.8 2.59237 2.55456e-07
24 2.59237 1.74577e-07
25.2 2.59237 9.76925e-08
26.4 2.59237 3.66711e-08
27.6 2.59237 3.04412e-09
28.8 2.59237 -3.40382e-09
30 2.59237 4.93478e-39
-30 2.64322 4.34763e-39
-28.8 2.64322 -3.01844e-09
-27.6 2.64322 2.7271e-09
-26.4 2.64322 3.26073e-08
-25.2 2.64322 8.67983e-08
-24 2.64322 1.55089e-07
-22.8 2.64322 2.26941e-07
-21.6 2.64322 2.9566e-07
-20.4 2.64322 3.56919e-07
-19.2 2.64322 4.09924e-07
-18 2.64322 4.61568e-07
-16.8 2.64322 5.12913e-07
-15.6 2.64322 5.33414e-07
-14.4 2.64322 5.03451e-07
-13.2 2.64322 4.67425e-07
-12 2.64322 3.73783e-07
-10.8 2.64322 1.99551e-07
-9.6 2.64322 7.08242e-07
-8.4 2.64322 1.87079e-06
-7.2 2.64322 -5.66987e-07
-6 2.64322 -6.43454e-06
-4.8 2.64322 3.65684e-06
-3.6 2.64322 3.13363e-05
-2.4 2.64322 -1.12734e-05
-1.2 2.64322 -0.00019954
0 2.64322 -0.000340777
1.2 2.64322 -0.000199226
2.4 2.64322 -1.11069e-05
3.6 2.64322 3.13201e-05
4.8 2.64322 3.63667e-06
6 2.64322 -6.42963e-06
7.2 2.64322 -5.62646e-07
8.4 2.64322 1.87252e-06
9.6 2.64322 7.11887e-07
10.8 2.64322 2.03746e-07
12 2.64322 3.75765e-07
13.2 2.64322 4.66952e-07
14.4 2.64322 5.0208e-07
15.6 2.64322 5.32618e-07
16.8 2.64322 5.13053e-07
18 2.64322 4.62121e-07
19.2 2.64322 4.10344e-07
20.4 2.64322 3.571e-07
21.6 2.64322 2.95755e-07
22.8 2.64322 2.27053e-07
24 2.64322 1.55197e-07
25.2 2.64322 8.68559e-08
26.4 2.64322 3.26142e-08
27.6 2.64322 2.71495e-09
28.8 2.64322 -3.02484e-09
30 2.64322 4.37417e-39
-30 2.69407 3.79243e-39
-28.8 2.69407 -2.64013e-09
-27.6 2.69407 2.39511e-09
-26.4 2.69407 2.85492e-08
-25.2 2.69407 7.59633e-08
-24 2.69407 1.35712e-07
-22.8 2.69407 1.98569e-07
-21.6 2.69407 2.58656e-07
-20.4 2.69407 3.12368e-07
-19.2 2.69407 3.589e-07
-18 2.69407 4.03313e-07
-16.8 2.69407 4.4828e-07
-15.6 2.69407 4.69842e-07
-14.4 2.69407 4.39154e-07
-13.2 2.69407 3.95443e-07
-12 2.69407 3.46909e-07
-10.8 2.69407 2.20957e-07
-9.6 2.69407 5.01932e-07
-8.4 2.69407 1.50419e-06
-7.2 2.69407 1.32202e-08
-6 2.69407 -5.23298e-06
-4.8 2.69407 1.51219e-06
-3.6 2.69407 2.58317e-05
-2.4 2.69407 -7.25952e-06
-1.2 2.69407 -0.000172969
0 2.69407 -0.000301467
1.2 2.69407 -0.000172717
2.4 2.69407 -7.13383e-06
3.6 2.69407 2.58158e-05
4.8 2.69407 1.49819e-06
6 2.69407 -5.2288e-06
7.2 2.69407 1.59587e-08
8.4 2.69407 1.50574e-06
9.6 2.69407 5.05376e-07
10.8 2.69407 2.24609e-07
12 2.69407 3.48597e-07
13.2 2.69407 3.95038e-07
14.4 2.69407 4.37956e-07
15.6 2.69407 4.69141e-07
16.8 2.69407 4.48406e-07
18 2.69407 4.03802e-07
19.2 2.69407 3.5927e-07
20.4 2.69407 3.12528e-07
21.6 2.69407 2.58743e-07
22.8 2.69407 1.9867e-07
24 2.69407 1.35809e-07
25.2 2.69407 7.60144e-08
26.4 2.69407 2.85553e-08
27.6 2.69407 2.38445e-09
28.8 2.69407 -2.64572e-09
30 2.69407 3.8157e-39
-30 2.74492 3.2386e-39
-28.8 2.74492 -2.2615e-09
-27.6 2.74492 2.06185e-09
-26.4 2.74492 2.44883e-08
-25.2 2.74492 6.51261e-08
-24 2.74492 1.16329e-07
-22.8 2.74492 1.70203e-07
-21.6 2.74492 2.21682e-07
-20.4 2.74492 2.67743e-07
-19.2 2.74492 3.07799e-07
-18 2.74492 3.45498e-07
-16.8 2.74492 3.8347e-07
-15.6 2.74492 4.04527e-07
-14.4 2.74492 3.77732e-07
-13.2 2.74492 3.2802e-07
-12 2.74492 3.03765e-07
-10.8 2.74492 2.36613e-07
-9.6 2.74492 3.59281e-07
-8.4 2.74492 1.12979e-06
-7.2 2.74492 3.94279e-07
-6 2.74492 -4.00088e-06
-4.8 2.74492 -1.32528e-07
-3.6 2.74492 2.04905e-05
-2.4 2.74492 -3.77276e-06
-1.2 2.74492 -0.000146585
0 2.74492 -0.00026181
1.2 2.74492 -0.000146391
2.4 2.74492 -3.68258e-06
3.6 2.74492 2.0476e-05
4.8 2.74492 -1.41506e-07
6 2.74492 -3.99769e-06
7.2 2.74492 3.95841e-07
8.4 2.74492 1.13127e-06
9.6 2.74492 3.62403e-07
10.8 2.74492 2.39702e-07
12 2.74492 3.05189e-07
13.2 2.74492 3.27683e-07
14.4 2.74492 3.76702e-07
15.6 2.74492 4.03924e-07
16.8 2.74492 3.83582e-07
18 2.74492 3.45921e-07
19.2 2.74492 3.08118e-07
20.4 2.74492 2.67883e-07
21.6 2.74492 2.21759e-07
22.8 2.74492 1.70292e-07
24 2.74492 1.16413e-07
25.2 2.74492 6.51706e-08
26.4 2.74492 2.44937e-08
27.6 2.74492 2.05272e-09
28.8 2.74492 -2.26629e-09
30 2.74492 3.25857e-39
-30 2.79576 2.68526e-39
-28.8 2.79576 -1.88253e-09
-27.6 2.79576 1.7277e-09
-26.4 2.79576 2.04244e-08
-25.2 2.79576 5.42874e-08
-24 2.79576 9.69445e-08
-22.8 2.79576 1.41835e-07
-21.6 2.79576 1.84729e-07
-20.4 2.79576 2.23101e-07
-19.2 2.79576 2.56581e-07
-18 2.79576 2.8793e-07
-16.8 2.79576 3.18935e-07
-15.6 2.79576 3.37671e-07
-14.4 2.79576 3.17109e-07
-13.2 2.79576 2.66797e-07
-12 2.79576 2.4993e-07
-10.8 2.79576 2.36112e-07
-9.6 2.79576 2.72534e-07
-8.4 2.79576 7.79735e-07
-7.2 2.79576 5.74149e-07
-6 2.79576 -2.79746e-06
-4.8 2.79576 -1.24022e-06
-3.6 2.79576 1.53764e-05
-2.4 2.79576 -9.03065e-07
-1.2 2.79576 -0.000120417
0 2.79576 -0.000221689
1.2 2.79576 -0.000120274
2.4 2.79576 -8.42897e-07
3.6 2.79576 1.53644e-05
4.8 2.79576 -1.24534e-06
6 2.79576 -2.79537e-06
7.2 2.79576 5.74947e-07
8.4 2.79576 7.81147e-07
9.6 2.79576 2.7522e-07
10.8 2.79576 2.38646e-07
12 2.79576 2.51113e-07
13.2 2.79576 2.66522e-07
14.4 2.79576 3.16246e-07
15.6 2.79576 3.37167e-07
16.8 2.79576 3.19033e-07
18 2.79576 2.88285e-07
19.2 2.79576 2.56848e-07
20.4 2.79576 2.23219e-07
21.6 2.79576 1.84795e-07
22.8 2.79576 1.41911e-07
24 2.79576 9.70157e-08
25.2 2.79576 5.43249e-08
26.4 2.79576 2.0429e-08
27.6 2.79576 1.72008e-09
28.8 2.79576 -1.88652e-09
30 2.79576 2.70191e-39
-30 2.84661 2.13202e-39
-28.8 2.84661 -1.50329e-09
-27.6 2.84661 1.39294e-09
-26.4 2.84661 1.63579e-08
-25.2 2.84661 4.34468e-08
-24 2.84661 7.75603e-08
-22.8 2.84661 1.13464e-07
-21.6 2.84661 1.47782e-07
-20.4 2.84661 1.7847e-07
-19.2 2.84661 2.05279e-07
-18 2.84661 2.30408e-07
-16.8 2.84661 2.54833e-07
-15.6 2.84661 2.69957e-07
-14.4 2.84661 2.55577e-07
-13.2 2.84661 2.11261e-07
-12 2.84661 1.92695e-07
-10.8 2.84661 2.12972e-07
-9.6 2.84661 2.2487e-07
-8.4 2.84661 4.87597e-07
-7.2 2.84661 5.67832e-07
-6 2.84661 -1.70303e-06
-4.8 2.84661 -1.78038e-06
-3.6 2.84661 1.05922e-05
-2.4 2.84661 1.23126e-06
-1.2 2.84661 -9.45136e-05
0 2.84661 -0.000180935
1.2 2.84661 -9.44166e-05
2.4 2.84661 1.26713e-06
3.6 2.84661 1.05834e-05
4.8 2.84661 -1.78282e-06
6 2.84661 -1.70198e-06
7.2 2.84661 5.68234e-07
8.4 2.84661 4.88894e-07
9.6 2.84661 2.27037e-07
10.8 2.84661 2.14974e-07
12 2.84661 1.93647e-07
13.2 2.84661 2.11041e-07
14.4 2.84661 2.54883e-07
15.6 2.84661 2.69555e-07
16.8 2.84661 2.54914e-07
18 2.84661 2.30694e-07
19.2 2.84661 2.05494e-07
20.4 2.84661 1.78566e-07
21.6 2.84661 1.47836e-07
22.8 2.84661 1.13526e-07
24 2.84661 7.76183e-08
25.2 2.84661 4.34772e-08
26.4 2.84661 1.63616e-08
27.6 2.84661 1.38685e-09
28.8 2.84661 -1.50648e-09
30 2.84661 2.14535e-39
-30 2.89746 1.57888e-39
-28.8 2.89746 -1.12386e-09
-27.6 2.89746 1.05776e-09
-26.4 2.89746 1.22893e-08
-25.2 2.89746 3.26042e-08
-24 2.89746 5.81773e-08
-22.8 2.89746 8.50927e-08
-21.6 2.89746 1.10832e-07
-20.4 2.89746 1.3385e-07
-19.2 2.89746 1.53951e-07
-18 2.89746 1.72828e-07
-16.8 2.89746 1.91032e-07
-15.6 2.89746 2.02139e-07
-14.4 2.89746 1.92509e-07
-13.2 2.89746 1.589e-07
-12 2.89746 1.38626e-07
-10.8 2.89746 1.68194e-07
-9.6 2.89746 1.90931e-07
-8.4 2.89746 2.79324e-07
-7.2 2.89746 4.20081e-07
-6 2.89746 -8.2032e-07
-4.8 2.89746 -1.74922e-06
-3.6 2.89746 6.30891e-06
-2.4 2.89746 2.47241e-06
-1.2 2.89746 -6.89692e-05
0 2.89746 -0.00013929
1.2 2.89746 -6.89117e-05
2.4 2.89746 2.48994e-06
3.6 2.89746 6.30355e-06
4.8 2.89746 -1.75013e-06
6 2.89746 -8.20067e-07
7.2 2.89746 4.20356e-07
8.4 2.89746 2.80396e-07
9.6 2.89746 1.9254e-07
10.8 2.89746 1.69689e-07
12 2.89746 1.39346e-07
13.2 2.89746 1.58733e-07
14.4 2.89746 1.91986e-07
15.6 2.89746 2.01838e-07
16.8 2.89746 1.91094e-07
18 2.89746 1.73044e-07
19.2 2.89746 1.54113e-07
20.4 2.89746 1.33923e-07
21.6 2.89746 1.10874e-07
22.8 2.89746 8.51407e-08
24 2.89746 5.82214e-08
25.2 2.89746 3.26273e-08
26.4 2.89746 1.22921e-08
27.6 2.89746 1.05321e-09
28.8 2.89746 -1.12624e-09
30 2.89746 1.58886e-39
-30 2.94831 1.02587e-39
-28.8 2.94831 -7.44284e-10
-27.6 2.94831 7.22242e-10
-26.4 2.94831 8.21921e-09
-25.2 2.94831 2.176e-08
-24 2.94831 3.87948e-08
-22.8 2.94831 5.67232e-08
-21.6 2.94831 7.38791e-08
-20.4 2.94831 8.92323e-08
-19.2 2.94831 1.02628e-07
-18 2.94831 1.152e-07
-16.8 2.94831 1.27313e-07
-15.6 2.94831 1.34572e-07
-14.4 2.94831 1.28439e-07
-13.2 2.94831 1.06817e-07
-12 2.94831 9.02148e-08
-10.8 2.94831 1.11317e-07
-9.6 2.94831 1.44882e-07
-8.4 2.94831 1.55557e-07
-7.2 2.94831 2.17366e-07
-6 2.94831 -2.56673e-07
-4.8 2.94831 -1.22313e-06
-3.6 2.94831 2.822e-06
-2.4 2.94831 2.61756e-06
-1.2 2.94831 -4.39906e-05
0 2.94831 -9.63012e-05
1.2 2.94831 -4.39653e-05
2.4 2.94831 2.62305e-06
3.6 2.94831 2.81998e-06
4.8 2.94831 -1.22351e-06
6 2.94831 -2.56796e-07
7.2 2.94831 2.17615e-07
8.4 2.94831 1.56291e-07
9.6 2.94831 1.45942e-07
10.8 2.94831 1.12318e-07
12 2.94831 9.06959e-08
13.2 2.94831 1.06703e-07
14.4 2.94831 1.2809e-07
15.6 2.94831 1.34373e-07
16.8 2.94831 1.27356e-07
18 2.94831 1.15344e-07
19.2 2.94831 1.02736e-07
20.4 2.94831 8.92815e-08
21.6 2.94831 7.39083e-08
22.8 2.94831 5.6756e-08
24 2.94831 3.88247e-08
25.2 2.94831 2.17756e-08
26.4 2.94831 8.22117e-09
27.6 2.94831 7.19233e-10
28.8 2.94831 -7.45857e-10
30 2.94831 1.03248e-39
-30 2.99915 4.72961e-40
-28.8 2.99915 -3.64618e-10
-27.6 2.99915 3.86504e-10
-26.4 2.99915 4.14822e-09
-25.2 2.99915 1.09149e-08
-24 2.99915 1.94127e-08
-22.8 2.99915 2.83552e-08
-21.6 2.99915 3.69255e-08
-20.4 2.99915 4.46111e-08
-19.2 2.99915 5.1311e-08
-18 2.99915 5.75645e-08
-16.8 2.99915 6.35749e-08
-15.6 2.99915 6.71786e-08
-14.4 2.99915 6.41826e-08
-13.2 2.99915 5.37987e-08
-12 2.99915 4.51158e-08
-10.8 2.99915 5.39163e-08
-9.6 2.99915 7.70624e-08
-8.4 2.99915 7.79755e-08
-7.2 2.99915 6.58839e-08
-6 2.99915 -3.94283e-08
-4.8 2.99915 -4.82157e-07
-3.6 2.99915 6.23154e-07
-2.4 2.99915 1.50432e-06
-1.2 2.99915 -2.01635e-05
0 2.99915 -5.09741e-05
1.2 2.99915 -2.01626e-05
2.4 2.99915 1.50497e-06
3.6 2.99915 6.23049e-07
4.8 2.99915 -4.82477e-07
6 2.99915 -3.95178e-08
7.2 2.99915 6.60353e-08
8.4 2.99915 7.83325e-08
9.6 2.99915 7.75903e-08
10.8 2.99915 5.4419e-08
12 2.99915 4.53556e-08
13.2 2.99915 5.37407e-08
14.4 2.99915 6.40088e-08
15.6 2.99915 6.70808e-08
16.8 2.99915 6.35972e-08
18 2.99915 5.76363e-08
19.2 2.99915 5.13646e-08
20.4 2.99915 4.46359e-08
21.6 2.99915 3.69407e-08
22.8 2.99915 2.8372e-08
24 2.99915 1.94278e-08
25.2 2.99915 1.09227e-08
26.4 2.99915 4.14922e-09
27.6 2.99915 3.85042e-10
28.8 2.99915 -3.65383e-10
30 2.99915 4.76182e-40
-30 3.05 0
-28.8 3.05 0
-27.6 3.05 0
-26.4 3.05 0
-25.2 3.05 0
-24 3.05 0
-22.8 3.05 0
-21.6 3.05 0
-20.4 3.05 0
-19.2 3.05 0
-18 3.05 0
-16.8 3.05 0
-15.6 3.05 0
-14.4 3.05 0
-13.2 3.05 0
-12 3.05 0
-10.8 3.05 0
-9.6 3.05 0
-8.4 3.05 0
-7.2 3.05 0
-6 3.05 0
-4.8 3.05 0
-3.6 3.05 0
-2.4 3.05 0
-1.2 3.05 0
0 3.05 0
1.2 3.05 0
2.4 3.05 0
3.6 3.05 0
4.8 3.05 0
6 3.05 0
7.2 3.05 0
8.4 3.05 0
9.6 3.05 0
10.8 3.05 0
12 3.05 0
13.2 3.05 0
14.4 3.05 0
15.6 3.05 0
16.8 3.05 0
18 3.05 0
19.2 3.05 0
20.4 3.05 0
21.6 3.05 0
22.8 3.05 0
24 3.05 0
25.2 3.05 0
26.4 3.05 0
27.6 3.05 0
28.8 3.05 0
30 3.05 0
