3060	
	2.795949223e-38	-1.3576548e-08	1.014210247e-08	1.831988983e-07	6.111970412e-07
	1.264942228e-06	1.818623796e-06	1.913554151e-06	1.958385886e-06	3.171855003e-06
	5.474624776e-06	5.455943386e-06	-5.301989031e-08	-5.348132602e-06	3.776048861e-06
	2.832680127e-05	3.369156025e-05	-2.386207923e-05	-0.0001145281865	-9.590719258e-05
	0.0001539450669	0.00048449434	0.0004151793706	-0.000451253694	-0.001781134693
	-0.002464160621	-0.001776206884	-0.0004458752154	0.0004173520194	0.0004837042641
	0.000152537342	-9.639163913e-05	-0.0001141865684	-2.344995464e-05	3.378466458e-05
	2.821602128e-05	3.687428952e-06	-5.348446866e-06	-2.288525721e-08	5.466848235e-06
	5.468342795e-06	3.166897767e-06	1.959646528e-06	1.91570955e-06	1.81858508e-06
	1.264017195e-06	6.109048813e-07	1.834187865e-07	1.028941889e-08	-1.357776173e-08
	2.776638875e-38	2.383203225e-38	-1.312771852e-08	1.246055568e-08	1.831477606e-07
	5.967244122e-07	1.232699086e-06	1.79156246e-06	1.913860862e-06	1.943895399e-06
	3.050989062e-06	5.271804256e-06	5.421378936e-06	2.72866829e-07	-5.048982969e-06
	3.192900777e-06	2.677940003e-05	3.296866372e-05	-2.141092096e-05	-0.0001096392183
	-9.421884801e-05	0.0001462494307	0.0004690796253	0.0004049362852	-0.0004404663169
	-0.001745019212	-0.002416653735	-0.001740111584	-0.0004351615481	0.0004070373387
	0.0004682924895	0.000144896176	-9.466541499e-05	-0.0001093013625	-2.102022022e-05
	3.305083593e-05	2.66724493e-05	3.111293717e-06	-5.047367926e-06	3.010060998e-07
	5.430630878e-06	5.26563709e-06	3.04672151e-06	1.94537252e-06	1.915855083e-06
	1.79142212e-06	1.231825753e-06	5.964962388e-07	1.833712028e-07	1.258647595e-08
	-1.313790329e-08	2.368305374e-38	2.033754144e-38	-1.281026414e-08	1.447096548e-08
	1.831156025e-07	5.830020559e-07	1.200944048e-06	1.763016654e-06	1.911737154e-06
	1.930753065e-06	2.936901264e-06	5.072402961e-06	5.375434173e-06	5.79690568e-07
	-4.747035605e-06	2.651024897e-06	2.527544743e-05	3.222276614e-05	-1.906669042e-05
	-0.0001048548345	-9.250553862e-05	0.0001387465414	0.0004539194771	0.0003948420477
	-0.0004297360558	-0.001709146341	-0.002369465391	-0.001704266605	-0.0004245107553
	0.0003968715175	0.0004531367482	0.0001374473001	-9.291575118e-05	-0.000104521393
	-1.869686114e-05	3.229474148e-05	2.517246251e-05	2.576116461e-06	-4.743737418e-06
	6.058579934e-07	5.383161246e-06	5.066399579e-06	2.933287767e-06	1.932410492e-06
	1.913570449e-06	1.762788526e-06	1.20012607e-06	5.82833149e-07	1.833397455e-07
	1.457651302e-08	-1.282828753e-08	2.022935995e-38	1.74434224e-38	-1.261122001e-08
	1.618135731e-08	1.830668042e-07	5.699874513e-07	1.169728111e-06	1.733113333e-06
	1.907175112e-06	1.918702484e-06	2.829392512e-06	4.876715581e-06	5.318724976e-06
	8.675445077e-07	-4.443160069e-06	2.14940466e-06	2.381503067e-05	3.145517443e-05
	-1.682798198e-05	-0.0001001744741	-9.076759902e-05	0.0001314352282	0.0004390116953
	0.000384894122	-0.0004190636733	-0.001673513553	-0.002322591172	-0.001668669025
	-0.0004139232237	0.0003868521275	0.0004382347628	0.0001301894696	-9.114297752e-05
	-9.984606114e-05	-1.647846181e-05	3.151766698e-05	2.371612814e-05	2.080881331e-06
	-4.438412199e-06	8.917704991e-07	5.325051719e-06	4.870919479e-06	2.826396628e-06
	1.920506361e-06	1.908849099e-06	1.732810725e-06	1.168968347e-06	5.69873053e-07
	1.832891082e-07	1.626766794e-08	-1.263598545e-08	1.737262212e-38	1.511358393e-38
	-1.251692846e-08	1.760184368e-08	1.829676796e-07	5.576358373e-07	1.139096736e-06
	1.701979951e-06	1.900176579e-06	1.907492586e-06	2.728252803e-06	4.68502277e-06
	5.251871677e-06	1.136539237e-06	-4.138221158e-06	1.687012985e-06	2.239823651e-05
	3.066720904e-05	-1.469339868e-05	-9.559761726e-05	-8.900538404e-05	0.0001243143622
	0.0004243541379	0.0003750899826	-0.0004084499603	-0.001638118334	-0.002276026669
	-0.001633315947	-0.0004033993761	0.0003769767471	0.000423584316	0.0001231214851
	-8.934744234e-05	-9.527481007e-05	-1.436361605e-05	3.072091135e-05	2.230351339e-05
	1.624562599e-06	-4.132244409e-06	1.158860652e-06	5.256918958e-06	4.679472114e-06
	2.725837462e-06	1.909411392e-06	1.901694128e-06	1.701615587e-06	1.138397286e-06
	5.575711923e-07	1.831859142e-07	1.767014425e-08	-1.254738413e-08	1.507670356e-38
	1.330877342e-38	-1.251328856e-08	1.87445227e-08	1.827866956e-07	5.459004058e-07
	1.109089701e-06	1.669744072e-06	1.890753202e-06	1.896878193e-06	2.633261309e-06
	4.49759041e-06	5.175498855e-06	1.386803781e-06	-3.833078578e-06	1.262810875e-06
	2.102515068e-05	2.986020527e-05	-1.266155103e-05	-9.112378697e-05	-8.721927017e-05
	0.0001173828562	0.0004099447227	0.0003654271136	-0.0003978957384	-0.001602958191
	-0.002229767471	-0.001598204502	-0.0003929396742	0.0003672429614	0.0004091832515
	0.0001162421921	-8.752951393e-05	-9.080712552e-05	-1.235092595e-05	2.990578803e-05
	2.093468487e-05	1.206123224e-06	-3.826081127e-06	1.407263485e-06	5.179383687e-06
	4.492318206e-06	2.631389e-06	1.898882746e-06	1.892118335e-06	1.669330048e-06
	1.108451948e-06	5.458807993e-07	1.829989334e-07	1.879611005e-08	-1.254843534e-08
	1.330234683e-38	1.198698485e-38	-1.258596431e-08	1.962333643e-08	1.824946731e-07
	5.347325422e-07	1.079740956e-06	1.636532961e-06	1.878926479e-06	1.886620625e-06
	2.544186486e-06	4.31466884e-06	5.090235108e-06	1.618486653e-06	-3.52858657e-06
	8.757460419e-07	1.969585702e-05	2.90355146e-05	-1.073105563e-05	-8.67525491e-05
	-8.540965718e-05	0.0001106396656	0.000395781429	0.0003559030082	-0.0003874018624
	-0.001568030644	-0.002183809169	-0.001563331843	-0.000382544621	0.0003576483611
	0.0003950294767	0.0001095504821	-8.568958216e-05	-8.644253657e-05	-1.043900054e-05
	2.907362633e-05	1.960970777e-05	8.245134409e-07	-3.520764001e-06	1.637133081e-06
	5.093070466e-06	4.309703103e-06	2.542819449e-06	1.888684073e-06	1.880144252e-06
	1.636080696e-06	1.079165604e-06	5.34753337e-07	1.826992821e-07	1.965955684e-08
	-1.262486283e-08	1.200757977e-38	1.110390939e-38	-1.272057351e-08	2.025390397e-08
	1.820649696e-07	5.240821061e-07	1.051078485e-06	1.602473122e-06	1.86472777e-06
	1.87648834e-06	2.460786215e-06	4.136492028e-06	4.996712785e-06	1.831756925e-06
	-3.22559345e-06	5.247515297e-07	1.841043657e-05	2.8194506e-05	-8.900533598e-06
	-8.248351349e-05	-8.357696995e-05	0.0001040837889	0.0003818622996	0.0003465151681
	-0.0003769692227	-0.001533333232	-0.002138147346	-0.00152869515	-0.0003722147638
	0.0003481905419	0.0003811209642	0.0001030452928	-8.382806022e-05	-8.218061652e-05
	-8.626454226e-06	2.822577279e-05	1.832864494e-05	4.786693693e-07	-3.217128802e-06
	1.848643661e-06	4.998607428e-06	4.131855968e-06	2.459886626e-06	1.878586145e-06
	1.86580417e-06	1.601993324e-06	1.050565603e-06	5.24138776e-07	1.822606037e-07
	2.027613342e-08	-1.276235019e-08	1.114816376e-38	1.061341746e-38	-1.29028669e-08
	2.065333492e-08	1.814736461e-07	5.138977416e-07	1.023124191e-06	1.567689806e-06
	1.848198295e-06	1.866257625e-06	2.382807974e-06	3.963276709e-06	4.89556766e-06
	2.026805339e-06	-2.924941042e-06	2.08744305e-07	1.716896643e-05	2.733856739e-05
	-7.168608768e-06	-7.83163349e-05	-8.172166046e-05	9.771426801e-05	0.000368185443
	0.0003372611021	-0.0003665987484	-0.001498863505	-0.002092777579	-0.001494291625
	-0.0003619506972	0.0003388671036	0.0003674557537	9.672560879e-05	-8.194538672e-05
	-7.80209838e-05	-6.911905034e-06	2.736359267e-05	1.709155586e-05	1.675115833e-07
	-2.916004879e-06	2.04199069e-06	4.896625959e-06	3.958988917e-06	2.382338134e-06
	1.868367539e-06	1.849140125e-06	1.567192441e-06	1.022673261e-06	5.139859033e-07
	1.816592336e-07	2.066296027e-08	-1.294671902e-08	1.067807299e-38	1.046806741e-38
	-1.311890163e-08	2.084002566e-08	1.80699616e-07	5.041272158e-07	9.958938041e-07
	1.532306484e-06	1.829389097e-06	1.855713317e-06	2.309989062e-06	3.79522148e-06
	4.787438522e-06	2.203845453e-06	-2.627464007e-06	-7.337619295e-08	1.597151848e-05
	2.646910703e-05	-5.53390577e-06	-7.425071394e-05	-7.984421001e-05	9.153018942e-05
	0.0003547490356	0.000328138326	-0.0003562914097	-0.001464619032	-0.002047695432
	-0.001460118494	-0.0003517530659	0.0003296756497	0.0003540319548	9.059046214e-05
	-8.004202787e-05	-7.396330298e-05	-5.293972652e-06	2.648847132e-05	1.589849533e-05
	-1.100563461e-07	-2.618214497e-06	2.217392027e-06	4.787760302e-06	3.791296123e-06
	2.30991158e-06	1.857815351e-06	1.830203866e-06	1.531800749e-06	9.955037627e-07
	5.042426569e-07	1.808743469e-07	2.083842692e-08	-1.316410127e-08	1.054999997e-38
	1.061963709e-38	-1.335521046e-08	2.083343998e-08	1.797247778e-07	4.947177808e-07
	9.693968067e-07	1.496444289e-06	1.808360968e-06	1.844649571e-06	2.242056881e-06
	3.632505854e-06	4.67296669e-06	2.363114831e-06	-2.333989038e-06	-3.227295454e-07
	1.4818158e-05	2.558755509e-05	-3.995047861e-06	-7.02863982e-05	-7.79451317e-05
	8.553068469e-05	0.0003415513241	0.0003191443612	-0.0003460482219	-0.001430597393
	-0.002002896455	-0.001426173007	-0.0003416225678	0.0003206137857	0.0003408477494
	8.463893342e-05	-7.811847992e-05	-7.000728588e-05	-3.771276289e-06	2.560181579e-05
	1.474951208e-05	-3.55149355e-07	-2.324572064e-06	2.375089117e-06	4.672647079e-06
	3.628952875e-06	2.242334856e-06	1.846725951e-06	1.809056773e-06	1.495938591e-06
	9.690661004e-07	4.948564862e-07	1.798880886e-07	2.082197391e-08	-1.340110735e-08
	1.071588365e-38	1.101967486e-38	-1.359896667e-08	2.06538756e-08	1.78534128e-07
	4.856165584e-07	9.436364001e-07	1.460221425e-06	1.785184324e-06	1.832870651e-06
	2.178729286e-06	3.475289274e-06	4.552795415e-06	2.504876275e-06	-2.045333921e-06
	-5.404558943e-07	1.370894206e-05	2.469536513e-05	-2.55065457e-06	-6.642318332e-05
	-7.602497301e-05	7.971493147e-05	0.0003285906289	0.0003102767337	-0.0003358702483
	-0.001396796183	-0.001958376177	-0.001392452436	-0.0003315599579	0.000311679119
	0.0003279013942	7.887015234e-05	-7.617527187e-05	-6.615269263e-05	-2.342432316e-06
	2.470505639e-05	1.364464723e-05	-5.689024345e-07	-2.035883199e-06	2.515348221e-06
	4.551924712e-06	3.4721146e-06	2.17932648e-06	1.834905776e-06	1.785769741e-06
	1.459723366e-06	9.433630329e-07	4.857747322e-07	1.78685686e-07	2.063386055e-08
	-1.364498977e-08	1.112745683e-38	1.162006539e-38	-1.383814336e-08	2.032221794e-08
	1.771158533e-07	4.767709435e-07	9.186094994e-07	1.423752552e-06	1.759939031e-06
	1.82019177e-06	2.119715015e-06	3.323710085e-06	4.427569175e-06	2.629419104e-06
	-1.76230644e-06	-7.27717528e-07	1.264391767e-05	2.379401578e-05	-1.199339108e-06
	-6.266091422e-05	-7.408431881e-05	7.408215442e-05	0.0003158653469	0.0003015329733
	-0.0003257586044	-0.001363213012	-0.001914130104	-0.001358954073	-0.0003215660516
	0.0003028692572	0.0003151912242	7.328329869e-05	-7.42129684e-05	-6.239933294e-05
	-1.006051671e-06	2.379964828e-05	1.258393246e-05	-7.524722243e-07	-1.752943664e-06
	2.638461695e-06	4.426232728e-06	3.320915842e-06	2.120596021e-06	1.822172153e-06
	1.760423003e-06	1.423268921e-06	9.183910858e-07	4.769450291e-07	1.772555381e-07
	2.029492024e-08	-1.388380135e-08	1.173680812e-38	1.237360499e-38	-1.406166554e-08
	1.985968296e-08	1.754613986e-07	4.681290253e-07	8.943067709e-07	1.387148148e-06
	1.732714169e-06	1.806439947e-06	2.064714208e-06	3.177884472e-06	4.297932839e-06
	2.737060473e-06	-1.485703106e-06	-8.857005087e-07	1.162311982e-05	2.288501236e-05
	6.029447945e-08	-5.899948632e-05	-7.212379455e-05	6.863162613e-05	0.0003033739548
	0.0002929106124	-0.000315714462	-0.001329845501	-0.001870153712	-0.001325675234
	-0.0003116417291	0.0002941818075	0.0003027156558	6.787760321e-05	-7.223217315e-05
	-5.874706731e-05	2.392629764e-07	2.288707319e-05	1.156738805e-05	-9.070386482e-07
	-1.476538111e-06	2.7447493e-06	4.296210943e-06	3.175469208e-06	2.065844614e-06
	1.808354153e-06	1.733105892e-06	1.386684915e-06	8.941405889e-07	4.683157219e-07
	1.755892834e-07	1.982630481e-08	-1.410654599e-08	1.249695341e-38	1.323458015e-38
	-1.425955234e-08	1.92875513e-08	1.73565507e-07	4.596400227e-07	8.70712714e-07
	1.350513847e-06	1.703607725e-06	1.791454899e-06	2.013419031e-06	3.037905364e-06
	4.16453069e-06	2.828146729e-06	-1.216307703e-06	-1.015616338e-06	1.064656924e-05
	2.196988856e-05	1.229654433e-06	-5.54388468e-05	-7.014406983e-05	6.336266816e-05
	0.0002911150133	0.0002844071853	-0.0003057390538	-0.001296691284	-0.001826442447
	-0.001292613253	-0.0003017879395	0.0002856143756	0.0002904731909	6.265234859e-05
	-7.023353225e-05	-5.519580829e-05	1.394920355e-06	2.196884111e-05	1.059502064e-05
	-1.033806587e-06	-1.207438651e-06	2.834559565e-06	4.162498494e-06	3.035864279e-06
	2.014765569e-06	1.793293475e-06	1.703916543e-06	1.350076165e-06	8.705957587e-07
	4.598362985e-07	1.73681838e-07	1.924922033e-08	-1.430331977e-08	1.336241039e-38
	1.415934177e-38	-1.442304665e-08	1.862689621e-08	1.714262292e-07	4.512547311e-07
	8.478057949e-07	1.313949759e-06	1.672726209e-06	1.775089956e-06	1.965514408e-06
	2.90384131e-06	4.028005291e-06	2.903054791e-06	-9.548896178e-07	-1.118703652e-06
	9.714269821e-06	2.105020817e-05	2.310164721e-06	-5.197899588e-05	-6.814586227e-05
	5.827465204e-05	0.000279087171	0.0002760202266	-0.0002958336783	-0.001263748007
	-0.001782991712	-0.001259765486	-0.0002920057059	0.0002771645648	0.0002784624205
	5.76068704e-05	-6.821773828e-05	-5.174552183e-05	2.462344025e-06	2.1046492e-05
	9.666820751e-06	-1.134007579e-06	-9.464032071e-07	2.90827116e-06	4.025732725e-06
	2.902166495e-06	1.967045104e-06	1.776845348e-06	1.672961504e-06	1.313541973e-06
	8.477348325e-07	4.51457833e-07	1.715314043e-07	1.85846567e-08	-1.446543947e-08
	1.428976878e-38	1.510686657e-38	-1.454472897e-08	1.78983082e-08	1.690448978e-07
	4.429259763e-07	8.255586366e-07	1.277549784e-06	1.640184179e-06	1.757212983e-06
	1.920678885e-06	2.775735336e-06	3.888996167e-06	2.962193559e-06	-7.022019421e-07
	-1.196229932e-06	8.826205896e-06	2.012756685e-05	3.303268829e-06	-4.86199882e-05
	-6.612994187e-05	5.336700034e-05	0.0002672891692	0.0002677472707	-0.0002859997053
	-0.001231013327	-0.001739796868	-0.001227129306	-0.0002822961309	0.0002688299746
	0.0002666820299	5.274055813e-05	-6.618553461e-05	-4.839622861e-05	3.442976159e-06
	2.012159764e-05	8.782759981e-06	-1.208901546e-06	-6.941736328e-07	2.966294302e-06
	3.886547885e-06	2.774416018e-06	1.922363192e-06	1.758879452e-06	1.640355275e-06
	1.277175444e-06	8.255302574e-07	4.431334363e-07	1.691394449e-07	1.785311422e-08
	-1.458555534e-08	1.523824758e-38	1.603929596e-38	-1.461861192e-08	1.712162028e-08
	1.664260624e-07	4.346090709e-07	8.039382724e-07	1.241400915e-06	1.60610368e-06
	1.737707319e-06	1.878585632e-06	2.653603795e-06	3.748138298e-06	3.006005329e-06
	-4.589793083e-07	-1.249493228e-06	7.98233906e-06	1.920359383e-05	4.210433935e-06
	-4.53619341e-05	-6.409713573e-05	4.863918773e-05	0.0002557198472	0.0002595858502
	-0.000276238582	-0.001198484914	-0.001696853224	-0.001194702107	-0.0002726604019
	0.0002606082001	0.0002551308036	4.805285615e-05	-6.413772016e-05	-4.514800538e-05
	4.338281719e-06	1.919576328e-05	7.942787923e-06	-1.259778518e-06	-4.514735768e-07
	3.00907217e-06	3.745573644e-06	2.652626593e-06	1.880394555e-06	1.739280843e-06
	1.606219739e-06	1.241062796e-06	8.039489436e-07	4.348187085e-07	1.665106167e-07
	1.707433052e-08	-1.465774462e-08	1.617022996e-38	1.692244157e-38	-1.464021187e-08
	1.631563746e-08	1.635773821e-07	4.262622675e-07	7.829064673e-07	1.205582548e-06
	1.570613564e-06	1.716472708e-06	1.838903601e-06	2.53743522e-06	3.606060397e-06
	3.034967192e-06	-2.259354426e-07	-1.279823861e-06	7.1826047e-06	1.827995368e-05
	5.033155525e-06	-4.220500096e-05	-6.204833339e-05	4.409074201e-05	0.0002443781478
	0.0002515334951	-0.0002665518395	-0.001166160446	-0.00165415603	-0.0011624813
	-0.0002630997978	0.0002524968304	0.0002438076309	4.354326475e-05	-6.207515475e-05
	-4.200098631e-05	5.149753057e-06	1.827062948e-05	7.146828688e-06	-1.28796035e-06
	-2.190060583e-07	3.037082304e-06	3.603433381e-06	2.536784404e-06	1.84080981e-06
	1.717950875e-06	1.570683494e-06	1.205282676e-06	7.829525848e-07	4.264721895e-07
	1.636526638e-07	1.626701206e-08	-1.467758234e-08	1.705176481e-38	1.772624563e-38
	-1.460659385e-08	1.549787557e-08	1.605094714e-07	4.178472028e-07	7.624201156e-07
	1.1701658e-06	1.533848706e-06	1.693426213e-06	1.801298847e-06	2.427189199e-06
	3.463382944e-06	3.049592418e-06	-3.760397644e-09	-1.288586102e-06	6.426908101e-06
	1.735834798e-05	5.772962496e-06	-3.91494145e-05	-5.998449261e-05	3.972124515e-05
	0.0002332631238	0.0002435877321	-0.0002569411003	-0.001134037614	-0.001611700471
	-0.001130464312	-0.0002536156964	0.0002444934485	0.0002327115123	3.921134108e-05
	-5.999876493e-05	-3.895536433e-05	5.878915011e-06	1.734787381e-05	6.394777037e-06
	-1.294802408e-06	2.549274871e-09	3.050837989e-06	3.460742245e-06	2.426846957e-06
	1.803276782e-06	1.694808115e-06	1.533881073e-06	1.169905485e-06	7.624980534e-07
	4.180557982e-07	1.605762629e-07	1.54485748e-08	-1.464218548e-08	1.785302326e-38
	1.842518339e-38	-1.45163862e-08	1.468431432e-08	1.572356961e-07	4.093293236e-07
	7.424317173e-07	1.135212852e-06	1.495949088e-06	1.668503104e-06	1.765436043e-06
	2.32279529e-06	3.320715962e-06	3.050431783e-06	2.068825654e-07	-1.277179775e-06
	5.715120109e-06	1.644051697e-05	6.431422807e-06	-3.619545997e-05	-5.790664589e-05
	3.553033423e-05	0.0002223739453	0.0002357460828	-0.0002474080859	-0.001102114116
	-0.001569481656	-0.001098648589	-0.0002442095818	0.0002365956291	0.0002218415665
	3.50567001e-05	-5.79095505e-05	-3.601139232e-05	6.527330539e-06	1.642921249e-05
	5.686494066e-06	-1.281695193e-06	2.125392381e-07	3.050889576e-06	3.318104949e-06
	2.322742004e-06	1.767462e-06	1.66978921e-06	1.495952037e-06	1.134992724e-06
	7.425378755e-07	4.095352558e-07	1.572948204e-07	1.463489913e-08	-1.455022703e-08
	1.854869742e-38	1.899859395e-38	-1.436976155e-08	1.388917054e-08	1.537719165e-07
	4.006782867e-07	7.228899403e-07	1.100776328e-06	1.457058756e-06	1.641657689e-06
	1.730980185e-06	2.224152001e-06	3.178656512e-06	3.03807481e-06	4.053604832e-07
	-1.247041776e-06	5.047072289e-06	1.552824108e-05	7.010149739e-06	-3.334348334e-05
	-5.581590769e-05	3.151770238e-05	0.0002117099072	0.0002280060633	-0.0002379546262
	-0.001070387662	-0.001527494612	-0.001067031593	-0.0002348830537	0.000228800939
	0.0002111970385	3.107901544e-05	-5.580859176e-05	-3.316938434e-05	7.096606972e-06
	1.551640193e-05	5.021802391e-06	-1.250065863e-06	4.103405883e-07	3.037825734e-06
	3.176113287e-06	2.224366526e-06	1.733032393e-06	1.64284972e-06	1.457039932e-06
	1.100596384e-06	7.230207894e-07	4.008804816e-07	1.538242156e-07	1.384010496e-08
	-1.440191648e-08	1.911832791e-38	1.943092568e-38	-1.416838101e-08	1.312469779e-08
	1.501361762e-07	3.918683224e-07	7.037402705e-07	1.06689873e-06	1.417324636e-06
	1.612864072e-06	1.697598514e-06	2.131125871e-06	3.037785871e-06	3.013150892e-06
	5.910746221e-07	-1.199647447e-06	4.422551537e-06	1.462334231e-05	7.510808848e-06
	-3.059389227e-05	-5.371348244e-05	2.768309952e-05	0.0002012704384	0.0002203651835
	-0.0002285826695	-0.00103885597	-0.001485734269	-0.001035610799	-0.0002256378364
	0.0002211069352	0.0002007773079	2.727802014e-05	-5.369705752e-05	-3.042971665e-05
	7.588402943e-06	1.461124019e-05	4.400480783e-06	-1.201379629e-06	5.953639272e-07
	3.012274571e-06	3.035343337e-06	2.131585816e-06	1.699657193e-06	1.613964869e-06
	1.417291117e-06	1.066758381e-06	7.038923935e-07	3.920659539e-07	1.501824907e-07
	1.307635307e-08	-1.41989438e-08	1.954654619e-38	1.971188199e-38	-1.391529937e-08
	1.240101895e-08	1.463483351e-07	3.828785501e-07	6.849257525e-07	1.033611936e-06
	1.376895195e-06	1.582116821e-06	1.664962669e-06	2.043550679e-06	2.898666376e-06
	2.976330256e-06	7.634648775e-07	-1.136511754e-06	3.841294072e-06	1.372768541e-05
	7.935125685e-06	-2.79471569e-05	-5.160067349e-05	2.402633303e-05	0.0001910551115
	0.0002128209457	-0.0002192942929	-0.001007516765	-0.001444195453	-0.001004383699
	-0.0002164757903	0.0002135111646	0.0001905818994	2.365350721e-05	-5.157621412e-05
	-2.779282852e-05	8.00443609e-06	1.371556813e-05	3.822258185e-06	-1.137140946e-06
	7.670580706e-07	2.974904601e-06	2.89635233e-06	2.044232698e-06	1.667010075e-06
	1.583130201e-06	1.376853436e-06	1.033510062e-06	6.850958826e-07	3.830710216e-07
	1.463894857e-07	1.235367932e-08	-1.39443846e-08	1.982321776e-38	1.983645386e-38
	-1.361482996e-08	1.172599875e-08	1.424296486e-07	3.736932338e-07	6.663878217e-07
	1.000936796e-06	1.335918964e-06	1.549431489e-06	1.632751071e-06	1.961226831e-06
	2.761837921e-06	2.928324692e-06	9.220146813e-07	-1.059190204e-06	3.302978745e-06
	1.284317879e-05	8.28489438e-06	-2.540381043e-05	-4.947889312e-05	2.054726809e-05
	0.0001810636539	0.0002053708445	-0.0002100917153	-0.0009763677844	-0.00140287287
	-0.0009733478014	-0.000207398924	0.0002060111636	0.0001806104931	2.020533005e-05
	-4.94474354e-05	-2.525922285e-05	8.346491619e-06	1.283127038e-05	3.286807056e-06
	-1.058894459e-06	9.249149238e-07	2.926425479e-06	2.759675168e-06	1.962106912e-06
	1.63477152e-06	1.550362102e-06	1.335874745e-06	1.000871807e-06	6.665728755e-07
	3.738801572e-07	1.424664189e-07	1.167986868e-08	-1.364256505e-08	1.994347256e-38
	1.980482652e-38	-1.327236892e-08	1.11051633e-08	1.384022951e-07	3.643019627e-07
	6.480672236e-07	9.688828421e-07	1.294542902e-06	1.51484498e-06	1.600651555e-06
	1.88392098e-06	2.627814057e-06	2.869887999e-06	1.066256462e-06	-9.692794309e-07
	2.807219608e-06	1.197177505e-05	8.561987198e-06	-2.29644493e-05	-4.734967372e-05
	1.724582784e-05	0.0001712959605	0.0001980123662	-0.0002009773111	-0.0009454067703
	-0.001361761093	-0.0009425006252	-0.0001984094073	0.0001986044574	0.0001708629376
	1.693340253e-05	-4.731221393e-05	-2.282946642e-05	8.616431831e-06	1.196027589e-05
	2.793735956e-06	-9.682255983e-07	1.06847491e-06	2.867588464e-06	2.625820557e-06
	1.884974732e-06	1.602631436e-06	1.515698159e-06	1.294501292e-06	9.688527386e-07
	6.482643298e-07	3.64483135e-07	1.384354164e-07	1.106037602e-08	-1.32988866e-08
	1.99076102e-38	1.962214969e-38	-1.289418054e-08	1.054167324e-08	1.342888573e-07
	3.546997441e-07	6.299050151e-07	9.374481364e-07	1.252910618e-06	1.478415698e-06
	1.568364258e-06	1.811365928e-06	2.497077706e-06	2.801816063e-06	1.1957777e-06
	-8.684173262e-07	2.353557638e-06	1.111547104e-05	8.768365174e-06	-2.062973292e-05
	-4.521468027e-05	1.412199311e-05	0.0001617521074	0.0001907429886	-0.0001919536252
	-0.0009146314746	-0.001320854544	-0.0009118397054	-0.0001895095873	0.00019128856
	0.0001613392632	1.383769864e-05	-4.517217352e-05	-2.050418962e-05	8.816206737e-06
	1.110455805e-05	2.342581309e-06	-8.667607459e-07	1.197332988e-06	2.799186492e-06
	2.495266746e-06	1.812568873e-06	1.570292015e-06	1.479197306e-06	1.252875943e-06
	9.374505774e-07	6.301115377e-07	3.548751214e-07	1.343189961e-07	1.049830029e-08
	-1.291961181e-08	1.972086923e-38	1.929816338e-38	-1.248714707e-08	1.003635704e-08
	1.301117658e-07	3.448869921e-07	6.118436375e-07	9.066192926e-07	1.21116045e-06
	1.440223441e-06	1.535604743e-06	1.743260896e-06	2.370076459e-06	2.724946454e-06
	1.310227615e-06	-7.582826188e-07	1.941451567e-06	1.027630736e-05	8.906089971e-06
	-1.840038284e-05	-4.307572443e-05	1.11758016e-05	0.0001524323676	0.0001835601814
	-0.0001830233915	-0.0008840396574	-0.00128014748	-0.00088136259	-0.0001807020052
	0.0001840609743	0.0001520396985	1.09182518e-05	-4.302908326e-05	-1.828408575e-05
	8.947865881e-06	1.026613415e-05	1.932798261e-06	-7.561668407e-07	1.31114531e-06
	2.722053802e-06	2.368456855e-06	1.744588754e-06	1.537470848e-06	1.440939713e-06
	1.211136282e-06	9.066516643e-07	6.120571928e-07	3.450566625e-07	1.301395133e-07
	9.994418628e-09	-1.251161501e-08	1.939305292e-38	1.884667577e-38	-1.205848878e-08
	9.587809564e-09	1.258927164e-07	3.348693973e-07	5.938280447e-07	8.763716969e-07
	1.16942343e-06	1.400368979e-06	1.502107367e-06	1.679272239e-06	2.247217455e-06
	2.640157448e-06	1.409324524e-06	-6.405937388e-07	1.570267714e-06	9.456366959e-06
	8.97733709e-06	-1.627718111e-05	-4.093478029e-05	8.40734648e-06	0.0001433372295
	0.0001764614066	-0.0001741895517	-0.0008536290869	-0.001239633968	-0.0008510668409
	-0.0001719894163	0.0001769191929	0.0001429646875	8.175153346e-06	-4.088487336e-05
	-1.616990937e-05	9.01357152e-06	9.447064114e-06	1.563750544e-06	-6.381502761e-07
	1.409636536e-06	2.637064967e-06	2.245793787e-06	1.680701206e-06	1.503904265e-06
	1.401026375e-06	1.169412581e-06	8.764311826e-07	5.940465123e-07	3.350335523e-07
	1.259185819e-07	9.547285393e-09	-1.208210332e-08	1.893800762e-38	1.828489462e-38
	-1.161546275e-08	9.192560092e-09	1.216520776e-07	3.246576638e-07	5.758068654e-07
	8.466699624e-07	1.127821155e-06	1.35897327e-06	1.467628857e-06	1.619034695e-06
	2.128861864e-06	2.548366317e-06	1.492863901e-06	-5.171067916e-07	1.239268746e-06
	8.657772891e-06	8.984410601e-06	-1.426096769e-05	-3.879400215e-05	5.816774141e-06
	0.0001344674165	0.0001694441197	-0.0001654552783	-0.0008233975402	-0.001199307864
	-0.0008209500336	-0.0001633748115	0.0001698606993	0.0001341149101	5.608550289e-06
	-3.87416529e-05	-1.416247384e-05	9.015613318e-06	8.64944825e-06	1.234699274e-06
	-5.144549126e-07	1.492607858e-06	2.545133204e-06	2.127634738e-06	1.620541715e-06
	1.46935089e-06	1.359578315e-06	1.127825682e-06	8.467536134e-07	5.760283928e-07
	3.248165694e-07	1.216764841e-07	9.153400269e-09	-1.163831657e-08	1.837295562e-38
	1.763262072e-38	-1.116505166e-08	8.845311295e-09	1.174083072e-07	3.142671e-07
	5.577335693e-07	8.174686487e-07	1.086463591e-06	1.316176229e-06	1.431952058e-06
	1.562153292e-06	2.015318972e-06	2.450526731e-06	1.560727132e-06	-3.896124223e-07
	9.476012927e-07	7.882684707e-06	8.929759553e-06	-1.23526366e-05	-3.66557445e-05
	3.404280805e-06	0.0001258239103	0.0001625057719	-0.0001568240002	-0.0007933428043
	-0.001159162784	-0.0007910097578	-0.0001548614436	0.0001628829698	0.0001254913051
	3.218641983e-06	-3.660172983e-05	-1.226264751e-05	8.956424723e-06	7.875423697e-06
	9.447905905e-07	-3.868589858e-07	1.55994572e-06	2.447207806e-06	2.01428532e-06
	1.563716315e-06	1.433595365e-06	1.31673537e-06	1.086484826e-06	8.175734533e-07
	5.57956569e-07	3.144210683e-07	1.174315906e-07	8.807447068e-09	-1.118721742e-08
	1.771769071e-38	1.691132024e-38	-1.071365669e-08	8.539248411e-09	1.131774031e-07
	3.037170539e-07	5.395676005e-07	7.88713277e-07	1.045446889e-06	1.272135009e-06
	1.394889792e-06	1.508206022e-06	1.906839943e-06	2.347625083e-06	1.612890981e-06
	-2.599313067e-07	6.942823359e-07	7.13329333e-06	8.815996264e-06	-1.055313044e-05
	-3.452258463e-05	1.170107796e-06	0.000117407977	0.0001556438127	-0.0001482994317
	-0.0007634626761	-0.001119192078	-0.000761243618	-0.0001464528555	0.0001559834762
	0.0001170950963	1.005675381e-06	-3.44676336e-05	-1.047134837e-05	8.83860121e-06
	7.127159371e-06	6.930420903e-07	-2.571706473e-07	1.611631238e-06	2.344270495e-06
	1.905993352e-06	1.509804248e-06	1.396452194e-06	1.272654472e-06	1.045485468e-06
	7.888362278e-07	5.397907408e-07	3.038664152e-07	1.13199814e-07	8.50260229e-09
	-1.073518557e-08	1.699365347e-38	1.614310266e-38	-1.026681146e-08	8.266413914e-09
	1.089724157e-07	2.930301882e-07	5.212754304e-07	7.60341668e-07	1.004851246e-06
	1.2270217e-06	1.356288758e-06	1.456747413e-06	1.803611326e-06	2.240675513e-06
	1.649437709e-06	-1.299079493e-07	4.781843335e-07	6.411813939e-06	8.645916654e-06
	-8.863432933e-06	-3.239734814e-05	-8.854649976e-07	0.0001092211975	0.0001488556943
	-0.0001398856063	-0.0007337549651	-0.001079388792	-0.0007316492351	-0.0001381529139
	0.0001491596905	0.0001089278222	-1.030061469e-06	-3.234214067e-05	-8.789536649e-06
	8.664920581e-06	6.406848912e-06	4.78327981e-07	-1.2722182e-07	1.647750285e-06
	2.237330481e-06	1.8029424e-06	1.458361515e-06	1.357769608e-06	1.227507359e-06
	1.004907165e-06	7.604798244e-07	5.214976195e-07	2.931752658e-07	1.089941249e-07
	8.23090884e-09	-1.028773315e-08	1.622291271e-38	1.534964195e-38	-9.828935964e-09
	8.018138661e-09	1.048030547e-07	2.822315977e-07	5.028314772e-07	7.322856204e-07
	9.647389293e-07	1.18102041e-06	1.316033335e-06	1.407313158e-06	1.705748425e-06
	2.130713375e-06	1.670565772e-06	-1.402408612e-09	2.980190556e-07	5.720476392e-06
	8.422522844e-06	-7.284558868e-06	-3.028313781e-05	-2.762127966e-06	0.0001012655013
	0.0001421388771	-0.0001315869151	-0.0007042174944	-0.001039745625	-0.0007022242474
	-0.0001299658476	0.00014240909	0.0001009913708	-2.88824822e-06	-3.02283034e-05
	-7.218204906e-06	8.438365517e-06	5.716701179e-06	2.99362952e-07	1.140011062e-09
	1.668504148e-06	2.127417972e-06	1.70524518e-06	1.408925482e-06	1.317433353e-06
	1.181477663e-06	9.648115997e-07	7.324361655e-07	5.030518406e-07	2.823726845e-07
	1.048241615e-07	7.983705875e-09	-9.849259947e-09	1.542709082e-38	1.455109065e-38
	-9.403150757e-09	7.785515242e-09	1.006754247e-07	2.713477792e-07	4.842188246e-07
	7.044729359e-07	9.251525463e-07	1.134323643e-06	1.274049154e-06	1.359425928e-06
	1.613288715e-06	2.018786869e-06	1.676600943e-06	1.237205054e-07	1.52320161e-07
	5.061512568e-06	8.149048182e-06	-5.81754072e-06	-2.81833663e-05	-4.459553576e-06
	9.354320646e-05	0.0001354908378	-0.0001234081521	-0.0006748481045	-0.001000254891
	-0.0006729663139	-0.0001218962924	0.0001357291655	9.328801866e-05	-4.568543977e-06
	-2.812948276e-05	-5.758364776e-06	8.162148561e-06	5.058927688e-06	1.546847844e-07
	1.26062527e-07	1.674220616e-06	2.01557586e-06	1.612937005e-06	1.361020662e-06
	1.275370244e-06	1.134757313e-06	9.252408742e-07	7.046332262e-07	4.844366774e-07
	2.714851186e-07	1.006959669e-07	7.752100549e-09	-9.422868857e-09	1.462628229e-38
	1.376504812e-38	-8.991171141e-09	7.559893342e-09	9.659192235e-08	2.60405479e-07
	4.654296713e-07	6.768297807e-07	8.861137061e-07	1.087127967e-06	1.230306241e-06
	1.312602521e-06	1.526185549e-06	1.905946519e-06	1.66800764e-06	2.436050997e-07
	3.942461855e-08	4.437139874e-06	7.82898486e-06	-4.463411158e-06	-2.610179317e-05
	-5.977411998e-06	8.605706505e-05	0.0001289090798	-0.0001153545659	-0.0006456446562
	-0.000960908454	-0.0006438731172	-0.0001139493424	0.0001291174317	8.582047663e-05
	-6.07060285e-06	-2.604938539e-05	-4.411029618e-06	7.839739697e-06	4.43572621e-06
	4.263580167e-08	2.457023581e-07	1.665365272e-06	1.902849247e-06	1.52596952e-06
	1.314165829e-06	1.231551279e-06	1.087542213e-06	8.862161742e-07	6.769973863e-07
	4.656444849e-07	2.605392497e-07	9.661188886e-08	7.527461514e-09	-9.010261024e-09
	1.383802668e-38	1.300565473e-38	-8.593298585e-09	7.333370675e-09	9.255132818e-08
	2.494304566e-07	4.464654333e-07	6.492833458e-07	8.476222148e-07	1.039628942e-06
	1.184821469e-06	1.266362469e-06	1.44430249e-06	1.793232154e-06	1.645400103e-06
	3.564223609e-07	-4.254681345e-08	3.849539981e-06	7.466114237e-06	-3.223180209e-06
	-2.404256688e-05	-7.315391674e-06	7.881031604e-05	0.0001223911473	-0.0001074319214
	-0.0006166050362	-0.0009216976711	-0.0006149423683	-0.0001061306113	0.000122571441
	7.85919425e-05	-7.394094432e-06	-2.399210557e-05	-3.177191856e-06	7.474896628e-06
	3.849259633e-06	-3.865662425e-08	3.58242549e-07	1.64255264e-06	1.790272503e-06
	1.444205055e-06	1.267882588e-06	1.185994085e-06	1.040027195e-06	8.477369758e-07
	6.494560801e-07	4.466767993e-07	2.495607619e-07	9.257067257e-08	7.301907851e-09
	-8.611727995e-09	1.307640738e-38	1.228289086e-38	-8.208521293e-09	7.099247028e-09
	8.854911611e-08	2.384462205e-07	4.273364263e-07	6.217647363e-07	8.0965598e-07
	9.920153589e-07	1.137660025e-06	1.220238197e-06	1.367408709e-06	1.681657062e-06
	1.609552924e-06	4.603919378e-07	-9.570967556e-08	3.30083165e-06	7.064539869e-06
	-2.097805672e-06	-2.20102723e-05	-8.473226311e-06	7.180674664e-05	0.0001159346439
	-9.964657105e-05	-0.0005877271642	-0.0008826133137	-0.0005861718133	-9.844630388e-05
	0.0001160888027	7.160616232e-05	-8.538730684e-06	-2.196217283e-05	-2.057793586e-06
	7.071697775e-06	3.301628911e-06	-9.130014272e-08	4.619144325e-07	1.606556695e-06
	1.67885349e-06	1.367412046e-06	1.221705486e-06	1.138764365e-06	9.924002837e-07
	8.097809553e-07	6.219406733e-07	4.275440182e-07	2.385730837e-07	8.856777056e-08
	7.068761055e-09	-8.226252619e-09	1.235135478e-38	1.1602161e-38	-7.834727129e-09
	6.85240401e-09	8.457799254e-08	2.27472814e-07	4.080610613e-07	5.942119782e-07
	7.721718052e-07	9.44462884e-07	1.088935511e-06	1.173786751e-06	1.295176034e-06
	1.572188973e-06	1.561410215e-06	5.538093664e-07	-1.224358583e-07	2.793036226e-06
	6.628723104e-06	-1.088154898e-06	-2.000998451e-05	-9.450730236e-06	6.505076389e-05
	0.0001095372579	-9.200554068e-05	-0.0005590090014	-0.000843645478	-0.0005575592415
	-9.090330063e-05	0.000109667207	6.486750186e-05	-9.504301155e-06	-1.996460575e-05
	-1.053688574e-06	6.634577843e-06	2.794838717e-06	-1.176574648e-07	5.550247292e-07
	1.558320017e-06	1.569554632e-06	1.295262097e-06	1.175193687e-06	1.089976001e-06
	9.448363662e-07	7.723047865e-07	5.943894567e-07	4.082645957e-07	2.27596179e-07
	8.459588135e-08	6.822922809e-09	-7.85172191e-09	1.166823393e-38	1.096423585e-38
	-7.469020064e-09	6.589570459e-09	8.062865742e-08	2.165257469e-07	3.886645083e-07
	5.665729794e-07	7.351072588e-07	8.971272983e-07	1.03880827e-06	1.126603009e-06
	1.227178393e-06	1.465727615e-06	1.50209244e-06	6.35079438e-07	-1.253726781e-07
	2.328034099e-06	6.163520845e-06	-1.949555273e-07	-1.804732945e-05	-1.024784473e-05
	5.854747835e-05	0.000103196795	-8.451663066e-05	-0.0005304485631	-0.0008047834766
	-0.0005291024977	-8.350925914e-05	0.0001033044587	5.838103024e-05	-1.029071915e-05
	-1.800497265e-05	-1.655932524e-07	6.168365568e-06	2.330754082e-06	-1.203654424e-07
	6.359887764e-07	1.498960623e-06	1.463270565e-06	1.227329414e-06	1.127944128e-06
	1.039789373e-06	8.974904642e-07	7.352460074e-07	5.667505937e-07	3.888637082e-07
	2.166454838e-07	8.064570904e-08	6.561138659e-09	-7.485242999e-09	1.10277891e-38
	1.036560582e-38	-7.108116239e-09	6.309434884e-09	7.669075387e-08	2.056151862e-07
	3.691768164e-07	5.388082265e-07	6.983837765e-07	8.501376391e-07	9.874814511e-07
	1.078334152e-06	1.162894547e-06	1.363078706e-06	1.432899568e-06	7.027566542e-07
	-1.074595728e-07	1.907510064e-06	5.674224682e-06	5.812679091e-07	-1.61285521e-05
	-1.086469879e-05	5.230280248e-05	9.691122258e-05	-7.718853798e-05	-0.000502043935
	-0.0007660157082	-0.0005007994973	-7.627273548e-05	9.699852046e-05	5.215261816e-05
	-1.089808229e-05	-1.608945987e-05	6.059763943e-07	5.678322851e-06	1.911045949e-06
	-1.023517843e-07	7.033708271e-07	1.429775132e-06	1.360802233e-06	1.163093544e-06
	1.079605929e-06	9.884074303e-07	8.504909038e-07	6.985261167e-07	5.389848032e-07
	3.693713791e-07	2.057311028e-07	7.670691065e-08	6.282109117e-09	-7.123538317e-09
	1.042649841e-38	9.799263681e-39	-6.748779194e-09	6.012573648e-09	7.275394123e-08
	1.947455297e-07	3.496305344e-07	5.108929383e-07	6.619111055e-07	8.035896883e-07
	9.351943338e-07	1.028694897e-06	1.101715248e-06	1.264924459e-06	1.35530877e-06
	7.555936773e-07	-7.194035183e-08	1.532885118e-06	5.166599965e-06	1.240275543e-06
	-1.426059242e-05	-1.13016891e-05	4.632356648e-05	9.067872831e-05	-7.00310038e-05
	-0.000473793295	-0.0007273294977	-0.0004726482478	-6.92033313e-05	9.074757177e-05
	4.618905363e-05	-1.132675223e-05	-1.422494782e-05	1.260786044e-06	5.170183858e-06
	1.537123204e-06	-6.684735161e-08	7.559323286e-07	1.352236505e-06	1.262827514e-06
	1.101946493e-06	1.02989556e-06	9.360690446e-07	8.039328358e-07	6.620550071e-07
	5.110675015e-07	3.498201053e-07	1.948573858e-07	7.276916596e-08	5.986417042e-09
	-6.76337963e-09	9.857356201e-39	9.255881559e-39	-6.388238475e-09	5.701178943e-09
	6.880899121e-08	1.839154772e-07	3.300579476e-07	4.828183525e-07	6.255930962e-07
	7.575404261e-07	8.822124879e-07	9.774827092e-07	1.042956066e-06	1.171791113e-06
	1.270964338e-06	7.925985043e-07	-2.23680199e-08	1.205231848e-06	4.646922439e-06
	1.782217047e-06	-1.245116922e-05	-1.155958548e-05	4.061765522e-05	8.449779959e-05
	-6.305499347e-05	-0.0004456949432	-0.0006887109001	-0.0004446468778	-6.231187336e-05
	8.455008755e-05	4.049817878e-05	-1.157745982e-05	-1.241909496e-05	1.798987535e-06
	4.650191716e-06	1.210048329e-06	-1.739105967e-08	7.926889093e-07	1.267984023e-06
	1.169868854e-06	1.043205512e-06	9.786119972e-07	8.830391884e-07	7.578727174e-07
	6.257367393e-07	4.829900785e-07	3.302421022e-07	1.84023002e-07	6.882327014e-08
	5.676255471e-09	-6.402005297e-09	9.311048104e-39	8.725277953e-39	-6.024526029e-09
	5.378595423e-09	6.484877405e-08	1.731186885e-07	3.104881415e-07	4.545917951e-07
	5.893346839e-07	7.120042462e-07	8.288144573e-07	9.245917727e-07	9.858772852e-07
	1.084014538e-06	1.181656839e-06	8.131006669e-07	3.740206616e-08	9.251702272e-07
	4.122008583e-06	2.207766522e-06	-1.070887092e-05	-1.163967079e-05	3.519417053e-05
	7.836733043e-05	-5.627291827e-05	-0.0004177473424	-0.0006501444554	-0.0004167936763
	-5.561063463e-05	7.840494482e-05	3.508905205e-05	-1.165144468e-05	-1.068042876e-05
	2.221253315e-06	4.125128965e-06	9.304334875e-07	4.217684469e-08	8.129763784e-07
	1.178802547e-06	1.082259008e-06	9.861329281e-07	9.256506236e-07	8.295956648e-07
	7.123245507e-07	5.894765029e-07	4.547599601e-07	3.106663779e-07	1.732215991e-07
	6.486211603e-08	5.354964813e-09	-6.037455343e-09	8.777414774e-39	8.197991332e-39
	-5.656665915e-09	5.048708396e-09	6.086897992e-08	1.623450557e-07	2.90944209e-07
	4.262352126e-07	5.530496712e-07	6.669518874e-07	7.752749758e-07	8.700239411e-07
	9.297122002e-07	1.001705971e-06	1.089287866e-06	8.168259113e-07	1.032366548e-07
	6.927404935e-07	3.599233561e-06	2.518295963e-06	-9.043250973e-06	-1.154392743e-05
	3.006362378e-05	7.228676764e-05	-4.969891115e-05	-0.0003899491738	-0.000611612881
	-0.0003890871478	-4.911360935e-05	7.231156831e-05	2.99721406e-05	-1.155064118e-05
	-9.018441372e-06	2.528949403e-06	3.602335682e-06	6.98313733e-07	1.077390629e-07
	8.165251989e-07	1.086587404e-06	1.00010688e-06	9.299643463e-07	8.710141375e-07
	7.760123758e-07	6.672588303e-07	5.531883719e-07	4.263991393e-07	2.911159509e-07
	1.624430734e-07	6.088141215e-08	5.026422267e-09	-5.668760084e-09	8.247021143e-39
	7.666703884e-39	-5.284670381e-09	4.715266352e-09	5.686842351e-08	1.515825158e-07
	2.714410162e-07	3.977819568e-07	5.166686062e-07	6.223131188e-07	7.218452176e-07
	8.138943047e-07	8.737048298e-07	9.24721174e-07	9.958160526e-07	8.039772935e-07
	1.707748688e-07	5.072501135e-07	3.08652727e-06	2.716098183e-06	-7.464923084e-06
	-1.127528757e-05	2.523816442e-05	6.625631226e-05	-4.334917356e-05	-0.0003622994157
	-0.0005730966772	-0.0003615260891	-4.283685917e-05	6.627013117e-05	2.515954884e-05
	-1.127792824e-05	-7.443685235e-06	2.724357749e-06	3.089705806e-06	5.129943306e-07
	1.749512632e-07	8.035413773e-07	9.932905965e-07	9.23266788e-07	8.739462406e-07
	8.148180811e-07	7.225396373e-07	6.226052341e-07	5.16803155e-07	3.97940964e-07
	2.716056251e-07	1.516753792e-07	5.687998465e-08	4.694366077e-09	-5.295935577e-09
	7.712575458e-39	7.127218904e-39	-4.909332451e-09	4.381257724e-09	5.284882105e-08
	1.408191984e-07	2.519840002e-07	3.692718417e-07	4.801456964e-07	5.779841243e-07
	6.687313763e-07	7.564283822e-07	8.171572354e-07	8.52638219e-07	9.031797292e-07
	7.753180349e-07	2.355153389e-07	3.670931137e-07	2.592333832e-06	2.804672772e-06
	-5.98564681e-06	-1.083797136e-05	2.073185051e-05	6.027720078e-05	-3.724241696e-05
	-0.0003347974537	-0.0005345736163	-0.0003341096975	-3.67989537e-05	6.028183521e-05
	2.066528877e-05	-1.083746687e-05	-5.967859139e-06	2.810961556e-06	2.595647022e-06
	3.728704671e-07	2.393288716e-07	7.747891312e-07	9.008437137e-07	8.513163185e-07
	8.173831259e-07	7.572880209e-07	6.693828302e-07	5.782599979e-07	4.802752812e-07
	3.694252037e-07	2.521407965e-07	1.409066711e-07	5.285955314e-08	4.361774235e-09
	-4.919776131e-09	7.169902441e-39	6.57872478e-39	-4.531858778e-09	4.048481304e-09
	4.881402146e-08	1.300455482e-07	2.325694382e-07	3.407448655e-07	4.434633524e-07
	5.338401297e-07	6.160739717e-07	6.979475639e-07	7.594850107e-07	7.847513572e-07
	8.13192007e-07	7.322472764e-07	2.929546176e-07	2.695431896e-07	2.125512119e-06
	2.789091371e-06	-4.61838633e-06	-1.023794777e-05	1.656096643e-05	5.435210299e-05
	-3.140043242e-05	-0.0003074432401	-0.0004960180682	-0.0003068377288	-3.102153922e-05
	5.434930756e-05	1.650559776e-05	-1.023516017e-05	-4.603867676e-06	2.793809839e-06
	2.128981856e-06	2.752207429e-07	2.963850261e-07	7.316664957e-07	8.110533243e-07
	7.835502252e-07	7.596928763e-07	6.987450123e-07	6.166817815e-07	5.340985174e-07
	4.435873197e-07	3.408917873e-07	2.327177263e-07	1.301274201e-07	4.882396218e-08
	4.030436647e-09	-4.541487668e-09	6.618204448e-39	6.023213425e-39	-4.153443639e-09
	3.717431941e-09	4.476881542e-08	1.19255944e-07	2.131864367e-07	3.122344972e-07
	4.066327871e-07	4.897529328e-07	5.639316394e-07	6.388396529e-07	7.002767073e-07
	7.200911115e-07	7.274061506e-07	6.768533312e-07	3.38794663e-07	2.105286184e-07
	1.69514343e-06	2.676460365e-06	-3.377311433e-06	-9.48356768e-06	1.274439015e-05
	4.848569454e-05	-2.584883671e-05	-0.0002802375278	-0.0004574000925	-0.0002797107278
	-2.553008357e-05	4.847717158e-05	1.26993058e-05	-9.479285598e-06	-3.365823172e-06
	2.67997937e-06	1.698756147e-06	2.159824387e-07	3.418374617e-07	6.76258505e-07
	7.254667309e-07	7.190004785e-07	7.004659655e-07	6.395762022e-07	5.644946209e-07
	4.89992836e-07	4.067505647e-07	3.123741089e-07	2.133255298e-07	1.193320267e-07
	4.477799238e-08	3.700841988e-09	-4.162262621e-09	6.059479216e-39	5.46417152e-39
	-3.774920884e-09	3.387550985e-09	4.071761148e-08	1.084493209e-07	1.938204879e-07
	2.837619711e-07	3.696893386e-07	4.456114929e-07	5.122744755e-07	5.795128376e-07
	6.39348636e-07	6.574829092e-07	6.469543383e-07	6.119194375e-07	3.692391407e-07
	1.844099272e-07	1.310195875e-06	2.476497753e-06	-2.277685698e-06	-8.586441322e-06
	9.304003538e-06	4.268549661e-05	-2.061806566e-05	-0.0002531822223	-0.0004186841877
	-0.0002527303767	-2.035486822e-05	4.267288436e-05	9.268246119e-06	-8.5813712e-06
	-2.268935165e-06	2.479150764e-06	1.313904534e-06	1.895294494e-07	3.719040504e-07
	6.113430006e-07	6.452111586e-07	6.564947622e-07	6.39520091e-07	5.801889106e-07
	5.127911714e-07	4.458321782e-07	3.698003567e-07	2.838933418e-07	1.939497268e-07
	1.085194385e-07	4.072603959e-08	3.372428376e-09	-3.782932857e-09	5.49721273e-39
	4.904973944e-39	-3.396615767e-09	3.057765664e-09	3.666338952e-08	9.762848974e-08
	1.744578524e-07	2.553333688e-07	3.326821536e-07	4.013416569e-07	4.609925746e-07
	5.203351142e-07	5.767806937e-07	5.956566325e-07	5.72373559e-07	5.408441818e-07
	3.813953552e-07	1.838053047e-07	9.789723604e-07	2.20223077e-06	-1.335544156e-06
	-7.56266379e-06	6.265118641e-06	3.69631354e-05	-1.574472157e-05	-0.0002262809254
	-0.000379827521	-0.0002259000347	-1.553233422e-05	3.694799323e-05	6.237681886e-06
	-7.557419795e-06	-1.329189896e-06	2.204305383e-06	9.826999468e-07	1.884977789e-07
	3.837037999e-07	5.403113092e-07	5.70820101e-07	5.947657638e-07	5.769358619e-07
	5.20950207e-07	4.614614973e-07	4.015426143e-07	3.327857821e-07	2.55455536e-07
	1.74576615e-07	9.769246863e-08	3.667107151e-08	3.044122055e-09	-3.403822206e-09
	4.934775948e-39	4.347628248e-39	-3.018437103e-09	2.727103736e-09	3.26073193e-08
	8.679828779e-08	1.550894189e-07	2.269410083e-07	2.956597994e-07	3.569189806e-07
	4.099238926e-07	4.615679632e-07	5.129128335e-07	5.334137919e-07	5.034514409e-07
	4.674246681e-07	3.737831734e-07	1.995513303e-07	7.082418185e-07	1.870789261e-06
	-5.66986849e-07	-6.434536104e-06	3.656843045e-06	3.133628157e-05	-1.127343828e-05
	-0.0001995398069	-0.0003407773422	-0.0001992256026	-1.110694557e-05	3.132007116e-05
	3.636672568e-06	-6.429628441e-06	-5.626464342e-07	1.872518194e-06	7.118868372e-07
	2.03746007e-07	3.757646926e-07	4.669519545e-07	5.020795463e-07	5.326179506e-07
	5.130532174e-07	4.621207697e-07	4.103437274e-07	3.5709983e-07	2.95755316e-07
	2.270530134e-07	1.551971182e-07	8.685594828e-08	3.261424848e-08	2.714950766e-09
	-3.024838801e-09	4.374172754e-39	3.792431356e-39	-2.640127362e-09	2.395105437e-09
	2.854918338e-08	7.596327889e-08	1.357124696e-07	1.985693613e-07	2.586560054e-07
	3.123678789e-07	3.58900186e-07	4.033128146e-07	4.482795302e-07	4.698416352e-07
	4.391540261e-07	3.954432187e-07	3.46909005e-07	2.209571511e-07	5.019317013e-07
	1.504187817e-06	1.322018604e-08	-5.232980824e-06	1.512191482e-06	2.583173079e-05
	-7.259520111e-06	-0.000172969058	-0.0003014670527	-0.0001727169682	-7.13382631e-06
	2.581579157e-05	1.498187253e-06	-5.228802246e-06	1.595870213e-08	1.50573988e-06
	5.053763068e-07	2.246086068e-07	3.485965278e-07	3.950382904e-07	4.37955978e-07
	4.691411586e-07	4.48405981e-07	4.038015222e-07	3.592698993e-07	3.12528252e-07
	2.587426018e-07	1.986702774e-07	1.358085436e-07	7.601443204e-08	2.855534656e-08
	2.384454523e-09	-2.645724882e-09	3.815698659e-39	3.238597468e-39	-2.261500852e-09
	2.061854028e-09	2.448831641e-08	6.51261173e-08	1.163294473e-07	1.702033902e-07
	2.216817389e-07	2.67743421e-07	3.077994564e-07	3.45497838e-07	3.83469769e-07
	4.045272718e-07	3.777315233e-07	3.28020369e-07	3.037650874e-07	2.366126969e-07
	3.592814275e-07	1.129793684e-06	3.94279369e-07	-4.000881396e-06	-1.325281524e-07
	2.049047886e-05	-3.772759904e-06	-0.000146585449	-0.0002618099379	-0.0001463905515
	-3.682576617e-06	2.047599523e-05	-1.415062249e-07	-3.997691782e-06	3.95840812e-07
	1.131265729e-06	3.624028413e-07	2.39702301e-07	3.051892569e-07	3.276828864e-07
	3.76701989e-07	4.039241619e-07	3.835821241e-07	3.459205191e-07	3.08118275e-07
	2.678828644e-07	2.217585571e-07	1.702923334e-07	1.16413348e-07	6.517056597e-08
	2.449369564e-08	2.05271566e-09	-2.266294541e-09	3.258568466e-39	2.685257165e-39
	-1.882531108e-09	1.72769694e-09	2.042443818e-08	5.428740283e-08	9.694450765e-08
	1.418350124e-07	1.847285486e-07	2.231008982e-07	2.565812165e-07	2.87930145e-07
	3.189353509e-07	3.376705226e-07	3.171086417e-07	2.667972287e-07	2.499298932e-07
	2.361119407e-07	2.725340935e-07	7.797353486e-07	5.741492039e-07	-2.797456421e-06
	-1.240220859e-06	1.537644898e-05	-9.03065315e-07	-0.0001204171454	-0.0002216885264
	-0.0001202741021	-8.428972589e-07	1.536440545e-05	-1.245341861e-06	-2.795365584e-06
	5.749471695e-07	7.8114727e-07	2.752197869e-07	2.386458964e-07	2.51113183e-07
	2.665216483e-07	3.162458733e-07	3.371671418e-07	3.190325044e-07	2.882850943e-07
	2.568484964e-07	2.232188352e-07	1.847947229e-07	1.419111371e-07	9.701569421e-08
	5.432494465e-08	2.04290107e-08	1.720080235e-09	-1.886520902e-09	2.701913815e-39
	2.132023265e-39	-1.503289903e-09	1.392941613e-09	1.635787825e-08	4.344679911e-08
	7.756031367e-08	1.13463831e-07	1.477815253e-07	1.784697699e-07	2.05279117e-07
	2.304079197e-07	2.548334117e-07	2.699569413e-07	2.555769629e-07	2.112606651e-07
	1.92694699e-07	2.129720592e-07	2.248704515e-07	4.875974376e-07	5.678318716e-07
	-1.703025538e-06	-1.780381341e-06	1.059224375e-05	1.231260452e-06	-9.451364704e-05
	-0.0001809349561	-9.441661292e-05	1.267131609e-06	1.058336139e-05	-1.782822365e-06
	-1.701975126e-06	5.682336525e-07	4.888944723e-07	2.270365748e-07	2.149738383e-07
	1.936471394e-07	2.11040572e-07	2.548825445e-07	2.695548352e-07	2.549137996e-07
	2.306937739e-07	2.054941906e-07	1.785655264e-07	1.478362038e-07	1.135263175e-07
	7.761825338e-08	4.347722815e-08	1.636161576e-08	1.386854355e-09	-1.50647521e-09
	2.145347917e-39	1.578883157e-39	-1.123856133e-09	1.057756314e-09	1.228926854e-08
	3.260420496e-08	5.817727202e-08	8.509267989e-08	1.108318497e-07	1.338503444e-07
	1.539508037e-07	1.728281641e-07	1.910320363e-07	2.021385733e-07	1.925094637e-07
	1.589002979e-07	1.386257898e-07	1.681935494e-07	1.909314945e-07	2.793243752e-07
	4.200811794e-07	-8.203197722e-07	-1.749224297e-06	6.308905863e-06	2.472406858e-06
	-6.896921211e-05	-0.0001392901204	-6.891170664e-05	2.489944879e-06	6.303545933e-06
	-1.750129846e-06	-8.200673412e-07	4.203562911e-07	2.803960015e-07	1.92540223e-07
	1.696890577e-07	1.393456065e-07	1.587326128e-07	1.919864504e-07	2.01838117e-07
	1.910941956e-07	1.730437788e-07	1.541129099e-07	1.339231957e-07	1.10874191e-07
	8.514072854e-08	5.822144285e-08	3.262731147e-08	1.229213681e-08	1.053205183e-09
	-1.126235901e-09	1.588857977e-39	1.025872919e-39	-7.442843552e-10	7.222421604e-10
	8.219211706e-09	2.176003812e-08	3.879484323e-08	5.672319008e-08	7.387909657e-08
	8.923226771e-08	1.026278585e-07	1.152000546e-07	1.273129988e-07	1.345722944e-07
	1.284390857e-07	1.068172567e-07	9.02147696e-08	1.113173594e-07	1.448824042e-07
	1.55556552e-07	2.173658497e-07	-2.566731091e-07	-1.223125938e-06	2.82200372e-06
	2.617558887e-06	-4.399056147e-05	-9.630115497e-05	-4.396531696e-05	2.623048919e-06
	2.819982592e-06	-1.223511257e-06	-2.567958793e-07	2.176145316e-07	1.562911263e-07
	1.459415303e-07	1.123183142e-07	9.069588932e-08	1.067031256e-07	1.280899362e-07
	1.34373281e-07	1.273557621e-07	1.153443279e-07	1.027361698e-07	8.928145731e-08
	7.390825857e-08	5.675602279e-08	3.882473508e-08	2.177560765e-08	8.221170768e-09
	7.192328439e-10	-7.458572493e-10	1.032479882e-39	4.729605037e-40	-3.646183202e-10
	3.865044997e-10	4.148219109e-09	1.091490276e-08	1.941271205e-08	2.835517232e-08
	3.692552187e-08	4.461114475e-08	5.13109877e-08	5.756445804e-08	6.357485157e-08
	6.717856744e-08	6.41825714e-08	5.379870757e-08	4.511583597e-08	5.391634441e-08
	7.706237166e-08	7.797552647e-08	6.588389166e-08	-3.942832612e-08	-4.821565021e-07
	6.231539495e-07	1.504320133e-06	-2.016354959e-05	-5.097409881e-05	-2.016264279e-05
	1.504968654e-06	6.230489997e-07	-4.824774376e-07	-3.951780328e-08	6.603531089e-08
	7.833249232e-08	7.759026149e-08	5.44190159e-08	4.53555939e-08	5.374067476e-08
	6.40087942e-08	6.708084531e-08	6.359718433e-08	5.763628106e-08	5.136464867e-08
	4.46358774e-08	3.694065929e-08	2.837203454e-08	1.942782552e-08	1.092271557e-08
	4.149223651e-09	3.850416867e-10	-3.653829706e-10	4.761816768e-40	  0
	  0	  0	  0	  0	  0
	  0	  0	  0	  0	  0
	  0	  0	  0	  0	  0
	  0	  0	  0	  0	  0
	  0	  0	  0	  0	  0
	  0	  0	  0	  0	  0
	  0	  0	  0	  0	  0
	  0	  0	  0	  0	  0
	  0	  0	  0	  0	  0
	  0	  0	  0	  0	  0
	