-30 0.05 1.1894e-35
-28.8 0.05 -2.56225e-06
-27.6 0.05 -7.30156e-06
-26.4 0.05 -1.07749e-05
-25.2 0.05 -1.33675e-05
-24 0.05 -1.71526e-05
-22.8 0.05 -2.23808e-05
-21.6 0.05 -2.72775e-05
-20.4 0.05 -2.99676e-05
-19.2 0.05 -2.95694e-05
-18 0.05 -2.60172e-05
-16.8 0.05 -1.97678e-05
-15.6 0.05 -1.18152e-05
-14.4 0.05 -3.63289e-06
-13.2 0.05 3.144e-06
-12 0.05 7.12234e-06
-10.8 0.05 7.45998e-06
-9.6 0.05 4.02786e-06
-8.4 0.05 -2.58503e-06
-7.2 0.05 -1.1222e-05
-6 0.05 -2.04295e-05
-4.8 0.05 -2.87841e-05
-3.6 0.05 -3.51994e-05
-2.4 0.05 -3.91439e-05
-1.2 0.05 -4.07201e-05
0 0.05 -4.05817e-05
1.2 0.05 -3.97109e-05
2.4 0.05 -3.91138e-05
3.6 0.05 -3.95155e-05
4.8 0.05 -4.11354e-05
6 0.05 -4.36048e-05
7.2 0.05 -4.60462e-05
8.4 0.05 -4.72941e-05
9.6 0.05 -4.62022e-05
10.8 0.05 -4.19643e-05
12 0.05 -3.43704e-05
13.2 0.05 -2.39186e-05
14.4 0.05 -1.17485e-05
15.6 0.05 5.74221e-07
16.8 0.05 1.13551e-05
18 0.05 1.91149e-05
19.2 0.05 2.29585e-05
20.4 0.05 2.28438e-05
21.6 0.05 1.94863e-05
22.8 0.05 1.38324e-05
24 0.05 6.66103e-06
25.2 0.05 -8.87772e-07
26.4 0.05 -6.35598e-06
27.6 0.05 -6.88879e-06
28.8 0.05 -2.90395e-06
30 0.05 1.23417e-35
-30 0.102632 1.18775e-35
-28.8 0.102632 -2.57546e-06
-27.6 0.102632 -7.26989e-06
-26.4 0.102632 -1.06382e-05
-25.2 0.102632 -1.31452e-05
-24 0.102632 -1.68649e-05
-22.8 0.102632 -2.20022e-05
-21.6 0.102632 -2.68087e-05
-20.4 0.102632 -2.94864e-05
-19.2 0.102632 -2.91887e-05
-18 0.102632 -2.58223e-05
-16.8 0.102632 -1.97912e-05
-15.6 0.102632 -1.20363e-05
-14.4 0.102632 -3.98542e-06
-13.2 0.102632 2.75356e-06
-12 0.102632 6.78613e-06
-10.8 0.102632 7.24362e-06
-9.6 0.102632 3.96022e-06
-8.4 0.102632 -2.50663e-06
-7.2 0.102632 -1.10183e-05
-6 0.102632 -2.01264e-05
-4.8 0.102632 -2.84059e-05
-3.6 0.102632 -3.47687e-05
-2.4 0.102632 -3.86854e-05
-1.2 0.102632 -4.02607e-05
0 0.102632 -4.0145e-05
1.2 0.102632 -3.93071e-05
2.4 0.102632 -3.8732e-05
3.6 0.102632 -3.91243e-05
4.8 0.102632 -4.06956e-05
6 0.102632 -4.30897e-05
7.2 0.102632 -4.54618e-05
8.4 0.102632 -4.66891e-05
9.6 0.102632 -4.5661e-05
10.8 0.102632 -4.15839e-05
12 0.102632 -3.42289e-05
13.2 0.102632 -2.40486e-05
14.4 0.102632 -1.21254e-05
15.6 0.102632 2.54055e-08
16.8 0.102632 1.07396e-05
18 0.102632 1.85374e-05
19.2 0.102632 2.24892e-05
20.4 0.102632 2.25008e-05
21.6 0.102632 1.92577e-05
22.8 0.102632 1.37225e-05
24 0.102632 6.69472e-06
25.2 0.102632 -7.33417e-07
26.4 0.102632 -6.19306e-06
27.6 0.102632 -6.81859e-06
28.8 0.102632 -2.90284e-06
30 0.102632 1.22563e-35
-30 0.155263 1.17925e-35
-28.8 0.155263 -2.57167e-06
-27.6 0.155263 -7.19865e-06
-26.4 0.155263 -1.0453e-05
-25.2 0.155263 -1.28668e-05
-24 0.155263 -1.65046e-05
-22.8 0.155263 -2.15296e-05
-21.6 0.155263 -2.62266e-05
-20.4 0.155263 -2.88785e-05
-19.2 0.155263 -2.86761e-05
-18 0.155263 -2.55013e-05
-16.8 0.155263 -1.97073e-05
-15.6 0.155263 -1.21802e-05
-14.4 0.155263 -4.2964e-06
-13.2 0.155263 2.37182e-06
-12 0.155263 6.43633e-06
-10.8 0.155263 7.00737e-06
-9.6 0.155263 3.88399e-06
-8.4 0.155263 -2.41034e-06
-7.2 0.155263 -1.07604e-05
-6 0.155263 -1.97296e-05
-4.8 0.155263 -2.78971e-05
-3.6 0.155263 -3.41786e-05
-2.4 0.155263 -3.80487e-05
-1.2 0.155263 -3.96141e-05
0 0.155263 -3.9519e-05
1.2 0.155263 -3.87152e-05
2.4 0.155263 -3.81629e-05
3.6 0.155263 -3.85441e-05
4.8 0.155263 -4.00617e-05
6 0.155263 -4.23733e-05
7.2 0.155263 -4.46686e-05
8.4 0.155263 -4.58703e-05
9.6 0.155263 -4.4907e-05
10.8 0.155263 -4.10019e-05
12 0.155263 -3.391e-05
13.2 0.155263 -2.40392e-05
14.4 0.155263 -1.24128e-05
15.6 0.155263 -4.89541e-07
16.8 0.155263 1.01046e-05
18 0.155263 1.78981e-05
19.2 0.155263 2.19336e-05
20.4 0.155263 2.20668e-05
21.6 0.155263 1.8949e-05
22.8 0.155263 1.35521e-05
24 0.155263 6.69246e-06
25.2 0.155263 -5.86983e-07
26.4 0.155263 -6.01052e-06
27.6 0.155263 -6.71663e-06
28.8 0.155263 -2.88494e-06
30 0.155263 1.21098e-35
-30 0.207895 1.16397e-35
-28.8 0.207895 -2.55147e-06
-27.6 0.207895 -7.08799e-06
-26.4 0.207895 -1.02189e-05
-25.2 0.207895 -1.25327e-05
-24 0.207895 -1.60726e-05
-22.8 0.207895 -2.09639e-05
-21.6 0.207895 -2.55322e-05
-20.4 0.207895 -2.81448e-05
-19.2 0.207895 -2.80316e-05
-18 0.207895 -2.5053e-05
-16.8 0.207895 -1.95138e-05
-15.6 0.207895 -1.2244e-05
-14.4 0.207895 -4.56261e-06
-13.2 0.207895 2.00124e-06
-12 0.207895 6.07401e-06
-10.8 0.207895 6.7508e-06
-9.6 0.207895 3.79759e-06
-8.4 0.207895 -2.29824e-06
-7.2 0.207895 -1.04502e-05
-6 0.207895 -1.92402e-05
-4.8 0.207895 -2.72586e-05
-3.6 0.207895 -3.34294e-05
-2.4 0.207895 -3.72338e-05
-1.2 0.207895 -3.87802e-05
0 0.207895 -3.87037e-05
1.2 0.207895 -3.79353e-05
2.4 0.207895 -3.74067e-05
3.6 0.207895 -3.77749e-05
4.8 0.207895 -3.92341e-05
6 0.207895 -4.14562e-05
7.2 0.207895 -4.36674e-05
8.4 0.207895 -4.48384e-05
9.6 0.207895 -4.39407e-05
10.8 0.207895 -4.02176e-05
12 0.207895 -3.34118e-05
13.2 0.207895 -2.38877e-05
14.4 0.207895 -1.26069e-05
15.6 0.207895 -9.6653e-07
16.8 0.207895 9.4535e-06
18 0.207895 1.71988e-05
19.2 0.207895 2.12919e-05
20.4 0.207895 2.15408e-05
21.6 0.207895 1.85586e-05
22.8 0.207895 1.33198e-05
24 0.207895 6.65291e-06
25.2 0.207895 -4.49173e-07
26.4 0.207895 -5.80811e-06
27.6 0.207895 -6.58289e-06
28.8 0.207895 -2.85072e-06
30 0.207895 1.19024e-35
-30 0.260526 1.14194e-35
-28.8 0.260526 -2.51525e-06
-27.6 0.260526 -6.93807e-06
-26.4 0.260526 -9.9359e-06
-25.2 0.260526 -1.21435e-05
-24 0.260526 -1.557e-05
-22.8 0.260526 -2.03059e-05
-21.6 0.260526 -2.47262e-05
-20.4 0.260526 -2.72859e-05
-19.2 0.260526 -2.72552e-05
-18 0.260526 -2.44763e-05
-16.8 0.260526 -1.92086e-05
-15.6 0.260526 -1.22244e-05
-14.4 0.260526 -4.7808e-06
-13.2 0.260526 1.64437e-06
-12 0.260526 5.70037e-06
-10.8 0.260526 6.47356e-06
-9.6 0.260526 3.69946e-06
-8.4 0.260526 -2.17243e-06
-7.2 0.260526 -1.00897e-05
-6 0.260526 -1.86596e-05
-4.8 0.260526 -2.6491e-05
-3.6 0.260526 -3.25212e-05
-2.4 0.260526 -3.62408e-05
-1.2 0.260526 -3.7759e-05
0 0.260526 -3.76993e-05
1.2 0.260526 -3.69675e-05
2.4 0.260526 -3.64634e-05
3.6 0.260526 -3.6817e-05
4.8 0.260526 -3.82132e-05
6 0.260526 -4.03389e-05
7.2 0.260526 -4.24588e-05
8.4 0.260526 -4.35941e-05
9.6 0.260526 -4.27623e-05
10.8 0.260526 -3.92306e-05
12 0.260526 -3.27327e-05
13.2 0.260526 -2.35908e-05
14.4 0.260526 -1.27036e-05
15.6 0.260526 -1.40144e-06
16.8 0.260526 8.78969e-06
18 0.260526 1.64415e-05
19.2 0.260526 2.05643e-05
20.4 0.260526 2.09217e-05
21.6 0.260526 1.80851e-05
22.8 0.260526 1.30243e-05
24 0.260526 6.57477e-06
25.2 0.260526 -3.20657e-07
26.4 0.260526 -5.58568e-06
27.6 0.260526 -6.41733e-06
28.8 0.260526 -2.80046e-06
30 0.260526 1.16341e-35
-30 0.313158 1.11321e-35
-28.8 0.313158 -2.46326e-06
-27.6 0.313158 -6.74904e-06
-26.4 0.313158 -9.60388e-06
-25.2 0.313158 -1.16995e-05
-24 0.313158 -1.49974e-05
-22.8 0.313158 -1.95565e-05
-21.6 0.313158 -2.38098e-05
-20.4 0.313158 -2.63026e-05
-19.2 0.313158 -2.6347e-05
-18 0.313158 -2.37704e-05
-16.8 0.313158 -1.87893e-05
-15.6 0.313158 -1.21185e-05
-14.4 0.313158 -4.94769e-06
-13.2 0.313158 1.30387e-06
-12 0.313158 5.3167e-06
-10.8 0.313158 6.17534e-06
-9.6 0.313158 3.58806e-06
-8.4 0.313158 -2.035e-06
-7.2 0.313158 -9.68077e-06
-6 0.313158 -1.79894e-05
-4.8 0.313158 -2.5595e-05
-3.6 0.313158 -3.14544e-05
-2.4 0.313158 -3.50697e-05
-1.2 0.313158 -3.65505e-05
0 0.313158 -3.65057e-05
1.2 0.313158 -3.58118e-05
2.4 0.313158 -3.53332e-05
3.6 0.313158 -3.56708e-05
4.8 0.313158 -3.69994e-05
6 0.313158 -3.90221e-05
7.2 0.313158 -4.10437e-05
8.4 0.313158 -4.21382e-05
9.6 0.313158 -4.13721e-05
10.8 0.313158 -3.80404e-05
12 0.313158 -3.1871e-05
13.2 0.313158 -2.31459e-05
14.4 0.313158 -1.26993e-05
15.6 0.313158 -1.79014e-06
16.8 0.313158 8.11674e-06
18 0.313158 1.56284e-05
19.2 0.313158 1.97512e-05
20.4 0.313158 2.02084e-05
21.6 0.313158 1.75269e-05
22.8 0.313158 1.2664e-05
24 0.313158 6.45676e-06
25.2 0.313158 -2.02099e-07
26.4 0.313158 -5.34319e-06
27.6 0.313158 -6.21991e-06
28.8 0.313158 -2.73429e-06
30 0.313158 1.13049e-35
-30 0.365789 1.07779e-35
-28.8 0.365789 -2.39568e-06
-27.6 0.365789 -6.52096e-06
-26.4 0.365789 -9.22289e-06
-25.2 0.365789 -1.12011e-05
-24 0.365789 -1.43556e-05
-22.8 0.365789 -1.87165e-05
-21.6 0.365789 -2.27836e-05
-20.4 0.365789 -2.51957e-05
-19.2 0.365789 -2.53072e-05
-18 0.365789 -2.29342e-05
-16.8 0.365789 -1.82541e-05
-15.6 0.365789 -1.19233e-05
-14.4 0.365789 -5.05999e-06
-13.2 0.365789 9.82466e-07
-12 0.365789 4.9244e-06
-10.8 0.365789 5.85596e-06
-9.6 0.365789 3.46188e-06
-8.4 0.365789 -1.88812e-06
-7.2 0.365789 -9.22549e-06
-6 0.365789 -1.72308e-05
-4.8 0.365789 -2.45715e-05
-3.6 0.365789 -3.02291e-05
-2.4 0.365789 -3.37205e-05
-1.2 0.365789 -3.51548e-05
0 0.365789 -3.5123e-05
1.2 0.365789 -3.44684e-05
2.4 0.365789 -3.40162e-05
3.6 0.365789 -3.43363e-05
4.8 0.365789 -3.5593e-05
6 0.365789 -3.75064e-05
7.2 0.365789 -3.94227e-05
8.4 0.365789 -4.04713e-05
9.6 0.365789 -3.97705e-05
10.8 0.365789 -3.66467e-05
12 0.365789 -3.08253e-05
13.2 0.365789 -2.255e-05
14.4 0.365789 -1.259e-05
15.6 0.365789 -2.12845e-06
16.8 0.365789 7.43832e-06
18 0.365789 1.47617e-05
19.2 0.365789 1.8853e-05
20.4 0.365789 1.93998e-05
21.6 0.365789 1.68824e-05
22.8 0.365789 1.22374e-05
24 0.365789 6.29761e-06
25.2 0.365789 -9.41789e-08
26.4 0.365789 -5.08064e-06
27.6 0.365789 -5.99051e-06
28.8 0.365789 -2.65224e-06
30 0.365789 1.09147e-35
-30 0.418421 1.03571e-35
-28.8 0.418421 -2.31255e-06
-27.6 0.418421 -6.25391e-06
-26.4 0.418421 -8.79303e-06
-25.2 0.418421 -1.06487e-05
-24 0.418421 -1.36454e-05
-22.8 0.418421 -1.77868e-05
-21.6 0.418421 -2.16487e-05
-20.4 0.418421 -2.3966e-05
-19.2 0.418421 -2.41359e-05
-18 0.418421 -2.19669e-05
-16.8 0.418421 -1.76009e-05
-15.6 0.418421 -1.16358e-05
-14.4 0.418421 -5.11435e-06
-13.2 0.418421 6.8297e-07
-12 0.418421 4.52498e-06
-10.8 0.418421 5.5153e-06
-9.6 0.418421 3.31943e-06
-8.4 0.418421 -1.73392e-06
-7.2 0.418421 -8.72594e-06
-6 0.418421 -1.63854e-05
-4.8 0.418421 -2.3421e-05
-3.6 0.418421 -2.88455e-05
-2.4 0.418421 -3.21931e-05
-1.2 0.418421 -3.35718e-05
0 0.418421 -3.35513e-05
1.2 0.418421 -3.29374e-05
2.4 0.418421 -3.25127e-05
3.6 0.418421 -3.28139e-05
4.8 0.418421 -3.39945e-05
6 0.418421 -3.57922e-05
7.2 0.418421 -3.75966e-05
8.4 0.418421 -3.85941e-05
9.6 0.418421 -3.7958e-05
10.8 0.418421 -3.5049e-05
12 0.418421 -2.9594e-05
13.2 0.418421 -2.18006e-05
14.4 0.418421 -1.2372e-05
15.6 0.418421 -2.41219e-06
16.8 0.418421 6.75814e-06
18 0.418421 1.38438e-05
19.2 0.418421 1.78701e-05
20.4 0.418421 1.84951e-05
21.6 0.418421 1.61501e-05
22.8 0.418421 1.1743e-05
24 0.418421 6.09608e-06
25.2 0.418421 2.4011e-09
26.4 0.418421 -4.79813e-06
27.6 0.418421 -5.72898e-06
28.8 0.418421 -2.55426e-06
30 0.418421 1.0463e-35
-30 0.471053 9.86948e-36
-28.8 0.471053 -2.21387e-06
-27.6 0.471053 -5.94789e-06
-26.4 0.471053 -8.31446e-06
-25.2 0.471053 -1.00427e-05
-24 0.471053 -1.28674e-05
-22.8 0.471053 -1.67683e-05
-21.6 0.471053 -2.0406e-05
-20.4 0.471053 -2.26141e-05
-19.2 0.471053 -2.28333e-05
-18 0.471053 -2.08678e-05
-16.8 0.471053 -1.68277e-05
-15.6 0.471053 -1.12531e-05
-14.4 0.471053 -5.10745e-06
-13.2 0.471053 4.08282e-07
-12 0.471053 4.12007e-06
-10.8 0.471053 5.15332e-06
-9.6 0.471053 3.15926e-06
-8.4 0.471053 -1.5746e-06
-7.2 0.471053 -8.18422e-06
-6 0.471053 -1.54547e-05
-4.8 0.471053 -2.21445e-05
-3.6 0.471053 -2.7304e-05
-2.4 0.471053 -3.04876e-05
-1.2 0.471053 -3.18015e-05
0 0.471053 -3.17906e-05
1.2 0.471053 -3.12189e-05
2.4 0.471053 -3.08228e-05
3.6 0.471053 -3.11037e-05
4.8 0.471053 -3.22042e-05
6 0.471053 -3.38803e-05
7.2 0.471053 -3.55661e-05
8.4 0.471053 -3.65074e-05
9.6 0.471053 -3.59349e-05
10.8 0.471053 -3.32472e-05
12 0.471053 -2.81759e-05
13.2 0.471053 -2.08949e-05
14.4 0.471053 -1.20417e-05
15.6 0.471053 -2.63719e-06
16.8 0.471053 6.08001e-06
18 0.471053 1.28772e-05
19.2 0.471053 1.68034e-05
20.4 0.471053 1.74932e-05
21.6 0.471053 1.53283e-05
22.8 0.471053 1.11792e-05
24 0.471053 5.85093e-06
25.2 0.471053 8.69083e-08
26.4 0.471053 -4.49581e-06
27.6 0.471053 -5.43512e-06
28.8 0.471053 -2.44023e-06
30 0.471053 9.94941e-36
-30 0.523684 9.31498e-36
-28.8 0.523684 -2.09955e-06
-27.6 0.523684 -5.60287e-06
-26.4 0.523684 -7.78739e-06
-25.2 0.523684 -9.3835e-06
-24 0.523684 -1.20221e-05
-22.8 0.523684 -1.56618e-05
-21.6 0.523684 -1.90565e-05
-20.4 0.523684 -2.11409e-05
-19.2 0.523684 -2.13996e-05
-18 0.523684 -1.96361e-05
-16.8 0.523684 -1.59329e-05
-15.6 0.523684 -1.07724e-05
-14.4 0.523684 -5.03592e-06
-13.2 0.523684 1.61374e-07
-12 0.523684 3.71142e-06
-10.8 0.523684 4.7701e-06
-9.6 0.523684 2.97995e-06
-8.4 0.523684 -1.41237e-06
-7.2 0.523684 -7.60249e-06
-6 0.523684 -1.44402e-05
-4.8 0.523684 -2.07427e-05
-3.6 0.523684 -2.56047e-05
-2.4 0.523684 -2.8604e-05
-1.2 0.523684 -2.98439e-05
0 0.523684 -2.98409e-05
1.2 0.523684 -2.9313e-05
2.4 0.523684 -2.89465e-05
3.6 0.523684 -2.92061e-05
4.8 0.523684 -3.02225e-05
6 0.523684 -3.1771e-05
7.2 0.523684 -3.33318e-05
8.4 0.523684 -3.42119e-05
9.6 0.523684 -3.37016e-05
10.8 0.523684 -3.1241e-05
12 0.523684 -2.65696e-05
13.2 0.523684 -1.98304e-05
14.4 0.523684 -1.15953e-05
15.6 0.523684 -2.79924e-06
16.8 0.523684 5.40784e-06
18 0.523684 1.18646e-05
19.2 0.523684 1.56535e-05
20.4 0.523684 1.63933e-05
21.6 0.523684 1.44152e-05
22.8 0.523684 1.05443e-05
24 0.523684 5.56094e-06
25.2 0.523684 1.58579e-07
26.4 0.523684 -4.17387e-06
27.6 0.523684 -5.10871e-06
28.8 0.523684 -2.30994e-06
30 0.523684 9.37338e-36
-30 0.576316 8.69329e-36
-28.8 0.576316 -1.96942e-06
-27.6 0.576316 -5.21877e-06
-26.4 0.576316 -7.21211e-06
-25.2 0.576316 -8.67153e-06
-24 0.576316 -1.111e-05
-22.8 0.576316 -1.4468e-05
-21.6 0.576316 -1.76012e-05
-20.4 0.576316 -1.95472e-05
-19.2 0.576316 -1.9835e-05
-18 0.576316 -1.82713e-05
-16.8 0.576316 -1.49147e-05
-15.6 0.576316 -1.01908e-05
-14.4 0.576316 -4.89642e-06
-13.2 0.576316 -5.4704e-08
-12 0.576316 3.30087e-06
-10.8 0.576316 4.3658e-06
-9.6 0.576316 2.78013e-06
-8.4 0.576316 -1.24944e-06
-7.2 0.576316 -6.98296e-06
-6 0.576316 -1.33435e-05
-4.8 0.576316 -1.92163e-05
-3.6 0.576316 -2.37479e-05
-2.4 0.576316 -2.65422e-05
-1.2 0.576316 -2.7699e-05
0 0.576316 -2.77024e-05
1.2 0.576316 -2.72197e-05
2.4 0.576316 -2.68841e-05
3.6 0.576316 -2.71212e-05
4.8 0.576316 -2.80498e-05
6 0.576316 -2.94651e-05
7.2 0.576316 -3.08945e-05
8.4 0.576316 -3.17081e-05
9.6 0.576316 -3.12586e-05
10.8 0.576316 -2.90302e-05
12 0.576316 -2.4774e-05
13.2 0.576316 -1.86047e-05
14.4 0.576316 -1.10294e-05
15.6 0.576316 -2.89414e-06
16.8 0.576316 4.74557e-06
18 0.576316 1.08087e-05
19.2 0.576316 1.44215e-05
20.4 0.576316 1.51945e-05
21.6 0.576316 1.34092e-05
22.8 0.576316 9.83665e-06
24 0.576316 5.22492e-06
25.2 0.576316 2.16616e-07
26.4 0.576316 -3.83257e-06
27.6 0.576316 -4.74943e-06
28.8 0.576316 -2.16312e-06
30 0.576316 8.73414e-36
-30 0.628947 8.00396e-36
-28.8 0.628947 -1.82324e-06
-27.6 0.628947 -4.79547e-06
-26.4 0.628947 -6.58895e-06
-25.2 0.628947 -7.90723e-06
-24 0.628947 -1.01316e-05
-22.8 0.628947 -1.31878e-05
-21.6 0.628947 -1.60411e-05
-20.4 0.628947 -1.78338e-05
-19.2 0.628947 -1.81397e-05
-18 0.628947 -1.67728e-05
-16.8 0.628947 -1.37713e-05
-15.6 0.628947 -9.50569e-06
-14.4 0.628947 -4.68557e-06
-13.2 0.628947 -2.36831e-07
-12 0.628947 2.89041e-06
-10.8 0.628947 3.94069e-06
-9.6 0.628947 2.55846e-06
-8.4 0.628947 -1.08806e-06
-7.2 0.628947 -6.32788e-06
-6 0.628947 -1.21662e-05
-4.8 0.628947 -1.75662e-05
-3.6 0.628947 -2.17338e-05
-2.4 0.628947 -2.43023e-05
-1.2 0.628947 -2.53667e-05
0 0.628947 -2.5375e-05
1.2 0.628947 -2.49392e-05
2.4 0.628947 -2.46357e-05
3.6 0.628947 -2.48493e-05
4.8 0.628947 -2.56865e-05
6 0.628947 -2.6963e-05
7.2 0.628947 -2.82549e-05
8.4 0.628947 -2.89969e-05
9.6 0.628947 -2.86063e-05
10.8 0.628947 -2.66146e-05
12 0.628947 -2.2788e-05
13.2 0.628947 -1.72155e-05
14.4 0.628947 -1.03403e-05
15.6 0.628947 -2.91771e-06
16.8 0.628947 4.09725e-06
18 0.628947 9.71241e-06
19.2 0.628947 1.31082e-05
20.4 0.628947 1.3896e-05
21.6 0.628947 1.23084e-05
22.8 0.628947 9.05467e-06
24 0.628947 4.8417e-06
25.2 0.628947 2.60195e-07
26.4 0.628947 -3.47222e-06
27.6 0.628947 -4.35697e-06
28.8 0.628947 -1.9994e-06
30 0.628947 8.03083e-36
-30 0.681579 7.24641e-36
-28.8 0.681579 -1.66064e-06
-27.6 0.681579 -4.33279e-06
-26.4 0.681579 -5.91834e-06
-25.2 0.681579 -7.09104e-06
-24 0.681579 -9.08726e-06
-22.8 0.681579 -1.1822e-05
-21.6 0.681579 -1.43772e-05
-20.4 0.681579 -1.60013e-05
-19.2 0.681579 -1.6314e-05
-18 0.681579 -1.514e-05
-16.8 0.681579 -1.25014e-05
-15.6 0.681579 -8.71427e-06
-14.4 0.681579 -4.40003e-06
-13.2 0.681579 -3.81819e-07
-12 0.681579 2.48211e-06
-10.8 0.681579 3.49516e-06
-9.6 0.681579 2.31365e-06
-8.4 0.681579 -9.30502e-07
-7.2 0.681579 -5.63955e-06
-6 0.681579 -1.09099e-05
-4.8 0.681579 -1.57933e-05
-3.6 0.681579 -1.95625e-05
-2.4 0.681579 -2.18843e-05
-1.2 0.681579 -2.28471e-05
0 0.681579 -2.28589e-05
1.2 0.681579 -2.24717e-05
2.4 0.681579 -2.22015e-05
3.6 0.681579 -2.23905e-05
4.8 0.681579 -2.31328e-05
6 0.681579 -2.42652e-05
7.2 0.681579 -2.54135e-05
8.4 0.681579 -2.60789e-05
9.6 0.681579 -2.57453e-05
10.8 0.681579 -2.39942e-05
12 0.681579 -2.06104e-05
13.2 0.681579 -1.56604e-05
14.4 0.681579 -9.52466e-06
15.6 0.681579 -2.86576e-06
16.8 0.681579 3.46695e-06
18 0.681579 8.57879e-06
19.2 0.681579 1.1715e-05
20.4 0.681579 1.24971e-05
21.6 0.681579 1.11112e-05
22.8 0.681579 8.19661e-06
24 0.681579 4.4101e-06
25.2 0.681579 2.88462e-07
26.4 0.681579 -3.09323e-06
27.6 0.681579 -3.93093e-06
28.8 0.681579 -1.81833e-06
30 0.681579 7.26241e-36
-30 0.734211 6.41986e-36
-28.8 0.734211 -1.48115e-06
-27.6 0.734211 -3.83051e-06
-26.4 0.734211 -5.2008e-06
-25.2 0.734211 -6.22338e-06
-24 0.734211 -7.97725e-06
-22.8 0.734211 -1.03712e-05
-21.6 0.734211 -1.26107e-05
-20.4 0.734211 -1.40507e-05
-19.2 0.734211 -1.43582e-05
-18 0.734211 -1.33727e-05
-16.8 0.734211 -1.11033e-05
-15.6 0.734211 -7.81397e-06
-14.4 0.734211 -4.03645e-06
-13.2 0.734211 -4.86414e-07
-12 0.734211 2.0782e-06
-10.8 0.734211 3.02968e-06
-9.6 0.734211 2.04446e-06
-8.4 0.734211 -7.79035e-07
-7.2 0.734211 -4.92033e-06
-6 0.734211 -9.57637e-06
-4.8 0.734211 -1.38983e-05
-3.6 0.734211 -1.72345e-05
-2.4 0.734211 -1.92881e-05
-1.2 0.734211 -2.01401e-05
0 0.734211 -2.0154e-05
1.2 0.734211 -1.98171e-05
2.4 0.734211 -1.95816e-05
3.6 0.734211 -1.97451e-05
4.8 0.734211 -2.03892e-05
6 0.734211 -2.13723e-05
7.2 0.734211 -2.23712e-05
8.4 0.734211 -2.29548e-05
9.6 0.734211 -2.26759e-05
10.8 0.734211 -2.1169e-05
12 0.734211 -1.82403e-05
13.2 0.734211 -1.39372e-05
14.4 0.734211 -8.57904e-06
15.6 0.734211 -2.73411e-06
16.8 0.734211 2.85883e-06
18 0.734211 7.41096e-06
19.2 0.734211 1.02432e-05
20.4 0.734211 1.09972e-05
21.6 0.734211 9.81546e-06
22.8 0.734211 7.26069e-06
24 0.734211 3.92903e-06
25.2 0.734211 3.0055e-07
26.4 0.734211 -2.69607e-06
27.6 0.734211 -3.47088e-06
28.8 0.734211 -1.61935e-06
30 0.734211 6.4277e-36
-30 0.786842 5.52337e-36
-28.8 0.786842 -1.28414e-06
-27.6 0.786842 -3.28836e-06
-26.4 0.786842 -4.43696e-06
-25.2 0.786842 -5.30468e-06
-24 0.786842 -6.80177e-06
-22.8 0.786842 -8.83631e-06
-21.6 0.786842 -1.07426e-05
-20.4 0.786842 -1.19827e-05
-19.2 0.786842 -1.22726e-05
-18 0.786842 -1.14703e-05
-16.8 0.786842 -9.5757e-06
-15.6 0.786842 -6.80222e-06
-14.4 0.786842 -3.59151e-06
-13.2 0.786842 -5.47303e-07
-12 0.786842 1.68098e-06
-10.8 0.786842 2.54487e-06
-9.6 0.786842 1.74971e-06
-8.4 0.786842 -6.3596e-07
-7.2 0.786842 -4.17261e-06
-6 0.786842 -8.16733e-06
-4.8 0.786842 -1.1882e-05
-3.6 0.786842 -1.47498e-05
-2.4 0.786842 -1.65137e-05
-1.2 0.786842 -1.72458e-05
0 0.786842 -1.72605e-05
1.2 0.786842 -1.69757e-05
2.4 0.786842 -1.67761e-05
3.6 0.786842 -1.69134e-05
4.8 0.786842 -1.7456e-05
6 0.786842 -1.82848e-05
7.2 0.786842 -1.91284e-05
8.4 0.786842 -1.96252e-05
9.6 0.786842 -1.93987e-05
10.8 0.786842 -1.81389e-05
12 0.786842 -1.56768e-05
13.2 0.786842 -1.2044e-05
14.4 0.786842 -7.50016e-06
15.6 0.786842 -2.51861e-06
16.8 0.786842 2.27709e-06
18 0.786842 6.21218e-06
19.2 0.786842 8.6942e-06
20.4 0.786842 9.3956e-06
21.6 0.786842 8.41947e-06
22.8 0.786842 6.24507e-06
24 0.786842 3.39738e-06
25.2 0.786842 2.95587e-07
26.4 0.786842 -2.28132e-06
27.6 0.786842 -2.97633e-06
28.8 0.786842 -1.40174e-06
30 0.786842 5.52532e-36
-30 0.839474 4.55581e-36
-28.8 0.839474 -1.06877e-06
-27.6 0.839474 -2.70603e-06
-26.4 0.839474 -3.62762e-06
-25.2 0.839474 -4.33532e-06
-24 0.839474 -5.56094e-06
-22.8 0.839474 -7.21812e-06
-21.6 0.839474 -8.77399e-06
-20.4 0.839474 -9.79808e-06
-19.2 0.839474 -1.00576e-05
-18 0.839474 -9.43266e-06
-16.8 0.839474 -7.91724e-06
-15.6 0.839474 -5.67656e-06
-14.4 0.839474 -3.06188e-06
-13.2 0.839474 -5.61115e-07
-12 0.839474 1.29291e-06
-10.8 0.839474 2.04144e-06
-9.6 0.839474 1.42829e-06
-8.4 0.839474 -5.03585e-07
-7.2 0.839474 -3.39884e-06
-6 0.839474 -6.68454e-06
-4.8 0.839474 -9.74547e-06
-3.6 0.839474 -1.21086e-05
-2.4 0.839474 -1.35611e-05
-1.2 0.839474 -1.41641e-05
0 0.839474 -1.41785e-05
1.2 0.839474 -1.39475e-05
2.4 0.839474 -1.37852e-05
3.6 0.839474 -1.38956e-05
4.8 0.839474 -1.43336e-05
6 0.839474 -1.50031e-05
7.2 0.839474 -1.5686e-05
8.4 0.839474 -1.60909e-05
9.6 0.839474 -1.59142e-05
10.8 0.839474 -1.49039e-05
12 0.839474 -1.29191e-05
13.2 0.839474 -9.97857e-06
14.4 0.839474 -6.28476e-06
15.6 0.839474 -2.21514e-06
16.8 0.839474 1.72601e-06
18 0.839474 4.98583e-06
19.2 0.839474 7.06968e-06
20.4 0.839474 7.69194e-06
21.6 0.839474 6.92124e-06
22.8 0.839474 5.14785e-06
24 0.839474 2.81411e-06
25.2 0.839474 2.72731e-07
26.4 0.839474 -1.84971e-06
27.6 0.839474 -2.44675e-06
28.8 0.839474 -1.16461e-06
30 0.839474 4.55376e-36
-30 0.892105 3.51589e-36
-28.8 0.892105 -8.33883e-07
-27.6 0.892105 -2.0832e-06
-26.4 0.892105 -2.77378e-06
-25.2 0.892105 -3.31557e-06
-24 0.892105 -4.25479e-06
-22.8 0.892105 -5.51748e-06
-21.6 0.892105 -6.70602e-06
-20.4 0.892105 -7.49755e-06
-19.2 0.892105 -7.71342e-06
-18 0.892105 -7.25946e-06
-16.8 0.892105 -6.12668e-06
-15.6 0.892105 -4.43455e-06
-14.4 0.892105 -2.44429e-06
-13.2 0.892105 -5.24428e-07
-12 0.892105 9.16532e-07
-10.8 0.892105 1.52024e-06
-9.6 0.892105 1.07913e-06
-8.4 0.892105 -3.84235e-07
-7.2 0.892105 -2.60155e-06
-6 0.892105 -5.12982e-06
-4.8 0.892105 -7.48947e-06
-3.6 0.892105 -9.31133e-06
-2.4 0.892105 -1.04303e-05
-1.2 0.892105 -1.0895e-05
0 0.892105 -1.09078e-05
1.2 0.892105 -1.07327e-05
2.4 0.892105 -1.06091e-05
3.6 0.892105 -1.06918e-05
4.8 0.892105 -1.10223e-05
6 0.892105 -1.15279e-05
7.2 0.892105 -1.20444e-05
8.4 0.892105 -1.23524e-05
9.6 0.892105 -1.22229e-05
10.8 0.892105 -1.1464e-05
12 0.892105 -9.96643e-06
13.2 0.892105 -7.73914e-06
14.4 0.892105 -4.9297e-06
15.6 0.892105 -1.8196e-06
16.8 0.892105 1.20989e-06
18 0.892105 3.73542e-06
19.2 0.892105 5.37138e-06
20.4 0.892105 5.88583e-06
21.6 0.892105 5.31884e-06
22.8 0.892105 3.96697e-06
24 0.892105 2.1782e-06
25.2 0.892105 2.31217e-07
26.4 0.892105 -1.40215e-06
27.6 0.892105 -1.88162e-06
28.8 0.892105 -9.0676e-07
30 0.892105 3.5113e-36
-30 0.944737 2.40228e-36
-28.8 0.944737 -5.77838e-07
-27.6 0.944737 -1.4196e-06
-26.4 0.944737 -1.87668e-06
-25.2 0.944737 -2.24551e-06
-24 0.944737 -2.8833e-06
-22.8 0.944737 -3.73535e-06
-21.6 0.944737 -4.53972e-06
-20.4 0.944737 -5.08187e-06
-19.2 0.944737 -5.24056e-06
-18 0.944737 -4.95052e-06
-16.8 0.944737 -4.20283e-06
-15.6 0.944737 -3.07388e-06
-14.4 0.944737 -1.7355e-06
-13.2 0.944737 -4.33777e-07
-12 0.944737 5.54523e-07
-10.8 0.944737 9.82236e-07
-9.6 0.944737 7.01248e-07
-8.4 0.944737 -2.80246e-07
-7.2 0.944737 -1.78328e-06
-6 0.944737 -3.50505e-06
-4.8 0.944737 -5.11491e-06
-3.6 0.944737 -6.35807e-06
-2.4 0.944737 -7.12122e-06
-1.2 0.944737 -7.43856e-06
0 0.944737 -7.44874e-06
1.2 0.944737 -7.33127e-06
2.4 0.944737 -7.24784e-06
3.6 0.944737 -7.30236e-06
4.8 0.944737 -7.52239e-06
6 0.944737 -7.85953e-06
7.2 0.944737 -8.20429e-06
8.4 0.944737 -8.41058e-06
9.6 0.944737 -8.32529e-06
10.8 0.944737 -7.81949e-06
12 0.944737 -6.81804e-06
13.2 0.944737 -5.32381e-06
14.4 0.944737 -3.43188e-06
15.6 0.944737 -1.32792e-06
16.8 0.944737 7.33066e-07
18 0.944737 2.46456e-06
19.2 0.944737 3.60118e-06
20.4 0.944737 3.97702e-06
21.6 0.944737 3.61037e-06
22.8 0.944737 2.70027e-06
24 0.944737 1.48863e-06
25.2 0.944737 1.70449e-07
26.4 0.944737 -9.39796e-07
27.6 0.944737 -1.28045e-06
28.8 0.944737 -6.26559e-07
30 0.944737 2.39625e-36
-30 0.997368 1.21418e-36
-28.8 0.997368 -2.98124e-07
-27.6 0.997368 -7.15302e-07
-26.4 0.997368 -9.37896e-07
-25.2 0.997368 -1.12488e-06
-24 0.997368 -1.44659e-06
-22.8 0.997368 -1.87288e-06
-21.6 0.997368 -2.27623e-06
-20.4 0.997368 -2.55183e-06
-19.2 0.997368 -2.63934e-06
-18 0.997368 -2.50532e-06
-16.8 0.997368 -2.14396e-06
-15.6 0.997368 -1.59144e-06
-14.4 0.997368 -9.31309e-07
-13.2 0.997368 -2.8473e-07
-12 0.997368 2.10358e-07
-10.8 0.997368 4.28857e-07
-9.6 0.997368 2.93654e-07
-8.4 0.997368 -1.94317e-07
-7.2 0.997368 -9.47101e-07
-6 0.997368 -1.81247e-06
-4.8 0.997368 -2.6229e-06
-3.6 0.997368 -3.24912e-06
-2.4 0.997368 -3.63388e-06
-1.2 0.997368 -3.79465e-06
0 0.997368 -3.80125e-06
1.2 0.997368 -3.74344e-06
2.4 0.997368 -3.70168e-06
3.6 0.997368 -3.72743e-06
4.8 0.997368 -3.83434e-06
6 0.997368 -3.99862e-06
7.2 0.997368 -4.16647e-06
8.4 0.997368 -4.26606e-06
9.6 0.997368 -4.22195e-06
10.8 0.997368 -3.97021e-06
12 0.997368 -3.47295e-06
13.2 0.997368 -2.73025e-06
14.4 0.997368 -1.78746e-06
15.6 0.997368 -7.35135e-07
16.8 0.997368 3.00852e-07
18 0.997368 1.17769e-06
19.2 0.997368 1.76141e-06
20.4 0.997368 1.96524e-06
21.6 0.997368 1.79361e-06
22.8 0.997368 1.34502e-06
24 0.997368 7.43878e-07
25.2 0.997368 8.99249e-08
26.4 0.997368 -4.64069e-07
27.6 0.997368 -6.43059e-07
28.8 0.997368 -3.21554e-07
30 0.997368 1.20738e-36
-30 1.05 0
-28.8 1.05 0
-27.6 1.05 0
-26.4 1.05 0
-25.2 1.05 0
-24 1.05 0
-22.8 1.05 0
-21.6 1.05 0
-20.4 1.05 0
-19.2 1.05 0
-18 1.05 0
-16.8 1.05 0
-15.6 1.05 0
-14.4 1.05 0
-13.2 1.05 0
-12 1.05 0
-10.8 1.05 0
-9.6 1.05 0
-8.4 1.05 0
-7.2 1.05 0
-6 1.05 0
-4.8 1.05 0
-3.6 1.05 0
-2.4 1.05 0
-1.2 1.05 0
0 1.05 0
1.2 1.05 0
2.4 1.05 0
3.6 1.05 0
4.8 1.05 0
6 1.05 0
7.2 1.05 0
8.4 1.05 0
9.6 1.05 0
10.8 1.05 0
12 1.05 0
13.2 1.05 0
14.4 1.05 0
15.6 1.05 0
16.8 1.05 0
18 1.05 0
19.2 1.05 0
20.4 1.05 0
21.6 1.05 0
22.8 1.05 0
24 1.05 0
25.2 1.05 0
26.4 1.05 0
27.6 1.05 0
28.8 1.05 0
30 1.05 0
