-30 0.05 5.09384e-37
-28.8 0.05 -5.83609e-08
-27.6 0.05 -4.25733e-07
-26.4 0.05 -1.19917e-06
-25.2 0.05 -2.29271e-06
-24 0.05 -3.57212e-06
-22.8 0.05 -4.91463e-06
-21.6 0.05 -6.26058e-06
-20.4 0.05 -7.64154e-06
-19.2 0.05 -8.89639e-06
-18 0.05 -9.53054e-06
-16.8 0.05 -9.86707e-06
-15.6 0.05 -1.14834e-05
-14.4 0.05 -1.28423e-05
-13.2 0.05 -7.64444e-06
-12 0.05 -6.84944e-07
-10.8 0.05 -1.65675e-05
-9.6 0.05 -4.62247e-05
-8.4 0.05 2.84724e-06
-7.2 0.05 0.000150165
-6 0.05 8.67975e-05
-4.8 0.05 -0.000507658
-3.6 0.05 -0.000912958
-2.4 0.05 0.000724005
-1.2 0.05 0.00468791
0 0.05 0.00715007
1.2 0.05 0.00468503
2.4 0.05 0.000721712
3.6 0.05 -0.000913218
4.8 0.05 -0.000507112
6 0.05 8.70216e-05
7.2 0.05 0.000150054
8.4 0.05 2.75312e-06
9.6 0.05 -4.62101e-05
10.8 0.05 -1.65368e-05
12 0.05 -6.84689e-07
13.2 0.05 -7.65316e-06
14.4 0.05 -1.2843e-05
15.6 0.05 -1.1481e-05
16.8 0.05 -9.86689e-06
18 0.05 -9.53135e-06
19.2 0.05 -8.89667e-06
20.4 0.05 -7.6416e-06
21.6 0.05 -6.26075e-06
22.8 0.05 -4.9148e-06
24 0.05 -3.5722e-06
25.2 0.05 -2.29273e-06
26.4 0.05 -1.19917e-06
27.6 0.05 -4.25725e-07
28.8 0.05 -5.83565e-08
30 0.05 5.09368e-37
-30 0.102632 4.8162e-37
-28.8 0.102632 -5.47664e-08
-27.6 0.102632 -4.0309e-07
-26.4 0.102632 -1.13671e-06
-25.2 0.102632 -2.17148e-06
-24 0.102632 -3.38292e-06
-22.8 0.102632 -4.65972e-06
-21.6 0.102632 -5.93231e-06
-20.4 0.102632 -7.21999e-06
-19.2 0.102632 -8.4235e-06
-18 0.102632 -9.0967e-06
-16.8 0.102632 -9.35153e-06
-15.6 0.102632 -1.06324e-05
-14.4 0.102632 -1.21355e-05
-13.2 0.102632 -8.06395e-06
-12 0.102632 -9.29485e-07
-10.8 0.102632 -1.31696e-05
-9.6 0.102632 -4.18591e-05
-8.4 0.102632 -3.67969e-06
-7.2 0.102632 0.000132815
-6 0.102632 9.15457e-05
-4.8 0.102632 -0.000451026
-3.6 0.102632 -0.000854278
-2.4 0.102632 0.000657343
-1.2 0.102632 0.00442402
0 0.102632 0.00678822
1.2 0.102632 0.00442122
2.4 0.102632 0.000655187
3.6 0.102632 -0.00085448
4.8 0.102632 -0.000450523
6 0.102632 9.17263e-05
7.2 0.102632 0.000132708
8.4 0.102632 -3.75637e-06
9.6 0.102632 -4.18416e-05
10.8 0.102632 -1.31443e-05
12 0.102632 -9.31113e-07
13.2 0.102632 -8.0711e-06
14.4 0.102632 -1.21354e-05
15.6 0.102632 -1.06304e-05
16.8 0.102632 -9.35164e-06
18 0.102632 -9.09743e-06
19.2 0.102632 -8.42376e-06
20.4 0.102632 -7.22013e-06
21.6 0.102632 -5.93255e-06
22.8 0.102632 -4.65992e-06
24 0.102632 -3.38302e-06
25.2 0.102632 -2.17152e-06
26.4 0.102632 -1.13672e-06
27.6 0.102632 -4.03084e-07
28.8 0.102632 -5.4762e-08
30 0.102632 4.81605e-37
-30 0.155263 4.53858e-37
-28.8 0.155263 -5.12675e-08
-27.6 0.155263 -3.80412e-07
-26.4 0.155263 -1.0742e-06
-25.2 0.155263 -2.05064e-06
-24 0.155263 -3.1935e-06
-22.8 0.155263 -4.4034e-06
-21.6 0.155263 -5.60571e-06
-20.4 0.155263 -6.80348e-06
-19.2 0.155263 -7.94445e-06
-18 0.155263 -8.648e-06
-16.8 0.155263 -8.85787e-06
-15.6 0.155263 -9.82824e-06
-14.4 0.155263 -1.13678e-05
-13.2 0.155263 -8.33839e-06
-12 0.155263 -1.30349e-06
-10.8 0.155263 -1.02046e-05
-9.6 0.155263 -3.73818e-05
-8.4 0.155263 -9.12365e-06
-7.2 0.155263 0.00011601
-6 0.155263 9.46397e-05
-4.8 0.155263 -0.000396932
-3.6 0.155263 -0.000796101
-2.4 0.155263 0.000592352
-1.2 0.155263 0.00416158
0 0.155263 0.00642711
1.2 0.155263 0.0041589
2.4 0.155263 0.000590345
3.6 0.155263 -0.000796248
4.8 0.155263 -0.000396475
6 0.155263 9.47809e-05
7.2 0.155263 0.000115908
8.4 0.155263 -9.18447e-06
9.6 0.155263 -3.73626e-05
10.8 0.155263 -1.01844e-05
12 0.155263 -1.30639e-06
13.2 0.155263 -8.34401e-06
14.4 0.155263 -1.13672e-05
15.6 0.155263 -9.82674e-06
16.8 0.155263 -8.85819e-06
18 0.155263 -8.64866e-06
19.2 0.155263 -7.94472e-06
20.4 0.155263 -6.80371e-06
21.6 0.155263 -5.60601e-06
22.8 0.155263 -4.40363e-06
24 0.155263 -3.19362e-06
25.2 0.155263 -2.05069e-06
26.4 0.155263 -1.07421e-06
27.6 0.155263 -3.80407e-07
28.8 0.155263 -5.12631e-08
30 0.155263 4.53844e-37
-30 0.207895 4.26173e-37
-28.8 0.207895 -4.7869e-08
-27.6 0.207895 -3.57723e-07
-26.4 0.207895 -1.01158e-06
-25.2 0.207895 -1.93011e-06
-24 0.207895 -3.00413e-06
-22.8 0.207895 -4.14573e-06
-21.6 0.207895 -5.27987e-06
-20.4 0.207895 -6.39212e-06
-19.2 0.207895 -7.4618e-06
-18 0.207895 -8.18348e-06
-16.8 0.207895 -8.37926e-06
-15.6 0.207895 -9.07402e-06
-14.4 0.207895 -1.05558e-05
-13.2 0.207895 -8.46148e-06
-12 0.207895 -1.77128e-06
-10.8 0.207895 -7.67846e-06
-9.6 0.207895 -3.28559e-05
-8.4 0.207895 -1.3491e-05
-7.2 0.207895 9.98288e-05
-6 0.207895 9.60911e-05
-4.8 0.207895 -0.000345461
-3.6 0.207895 -0.000738412
-2.4 0.207895 0.000529146
-1.2 0.207895 0.00390059
0 0.207895 0.00606657
1.2 0.207895 0.00389803
2.4 0.207895 0.0005273
3.6 0.207895 -0.000738513
4.8 0.207895 -0.000345051
6 0.207895 9.61975e-05
7.2 0.207895 9.97344e-05
8.4 0.207895 -1.35377e-05
9.6 0.207895 -3.28363e-05
10.8 0.207895 -7.66281e-06
12 0.207895 -1.77491e-06
13.2 0.207895 -8.46568e-06
14.4 0.207895 -1.05549e-05
15.6 0.207895 -9.07293e-06
16.8 0.207895 -8.3797e-06
18 0.207895 -8.18406e-06
19.2 0.207895 -7.46209e-06
20.4 0.207895 -6.39243e-06
21.6 0.207895 -5.28022e-06
22.8 0.207895 -4.14598e-06
24 0.207895 -3.00428e-06
25.2 0.207895 -1.93018e-06
26.4 0.207895 -1.0116e-06
27.6 0.207895 -3.5772e-07
28.8 0.207895 -4.78647e-08
30 0.207895 4.2616e-37
-30 0.260526 3.98632e-37
-28.8 0.260526 -4.45697e-08
-27.6 0.260526 -3.3505e-07
-26.4 0.260526 -9.48808e-07
-25.2 0.260526 -1.80981e-06
-24 0.260526 -2.81502e-06
-22.8 0.260526 -3.88691e-06
-21.6 0.260526 -4.954e-06
-20.4 0.260526 -5.98563e-06
-19.2 0.260526 -6.9781e-06
-18 0.260526 -7.70317e-06
-16.8 0.260526 -7.90862e-06
-15.6 0.260526 -8.37073e-06
-14.4 0.260526 -9.71707e-06
-13.2 0.260526 -8.43062e-06
-12 0.260526 -2.2946e-06
-10.8 0.260526 -5.59148e-06
-9.6 0.260526 -2.83497e-05
-8.4 0.260526 -1.67946e-05
-7.2 0.260526 8.43596e-05
-6 0.260526 9.59183e-05
-4.8 0.260526 -0.000296709
-3.6 0.260526 -0.000681208
-2.4 0.260526 0.000467856
-1.2 0.260526 0.00364102
0 0.260526 0.00570645
1.2 0.260526 0.00363862
2.4 0.260526 0.000466179
3.6 0.260526 -0.000681266
4.8 0.260526 -0.000296346
6 0.260526 9.59944e-05
7.2 0.260526 8.4274e-05
8.4 0.260526 -1.68288e-05
9.6 0.260526 -2.83306e-05
10.8 0.260526 -5.5799e-06
12 0.260526 -2.29849e-06
13.2 0.260526 -8.43357e-06
14.4 0.260526 -9.71595e-06
15.6 0.260526 -8.37001e-06
16.8 0.260526 -7.90913e-06
18 0.260526 -7.70369e-06
19.2 0.260526 -6.97842e-06
20.4 0.260526 -5.986e-06
21.6 0.260526 -4.95437e-06
22.8 0.260526 -3.88719e-06
24 0.260526 -2.8152e-06
25.2 0.260526 -1.8099e-06
26.4 0.260526 -9.48835e-07
27.6 0.260526 -3.35049e-07
28.8 0.260526 -4.45656e-08
30 0.260526 3.98621e-37
-30 0.313158 3.71287e-37
-28.8 0.313158 -4.13614e-08
-27.6 0.313158 -3.12422e-07
-26.4 0.313158 -8.85883e-07
-25.2 0.313158 -1.68963e-06
-24 0.313158 -2.62631e-06
-22.8 0.313158 -3.62726e-06
-21.6 0.313158 -4.62743e-06
-20.4 0.313158 -5.58332e-06
-19.2 0.313158 -6.49564e-06
-18 0.313158 -7.20817e-06
-16.8 0.313158 -7.43898e-06
-15.6 0.313158 -7.71701e-06
-14.4 0.313158 -8.86952e-06
-13.2 0.313158 -8.24765e-06
-12 0.313158 -2.8331e-06
-10.8 0.313158 -3.93733e-06
-9.6 0.313158 -2.39366e-05
-8.4 0.313158 -1.90557e-05
-7.2 0.313158 6.97004e-05
-6 0.313158 9.41483e-05
-4.8 0.313158 -0.000250788
-3.6 0.313158 -0.000624487
-2.4 0.313158 0.000408634
-1.2 0.313158 0.00338286
0 0.313158 0.00534656
1.2 0.313158 0.00338063
2.4 0.313158 0.000407129
3.6 0.313158 -0.00062451
4.8 0.313158 -0.000250472
6 0.313158 9.41986e-05
7.2 0.313158 6.96246e-05
8.4 0.313158 -1.90793e-05
9.6 0.313158 -2.39189e-05
10.8 0.313158 -3.92924e-06
12 0.313158 -2.83688e-06
13.2 0.313158 -8.2495e-06
14.4 0.313158 -8.86839e-06
15.6 0.313158 -7.7166e-06
16.8 0.313158 -7.4395e-06
18 0.313158 -7.20863e-06
19.2 0.313158 -6.49599e-06
20.4 0.313158 -5.58374e-06
21.6 0.313158 -4.62782e-06
22.8 0.313158 -3.62755e-06
24 0.313158 -2.6265e-06
25.2 0.313158 -1.68972e-06
26.4 0.313158 -8.85914e-07
27.6 0.313158 -3.12422e-07
28.8 0.313158 -4.13575e-08
30 0.313158 3.71278e-37
-30 0.365789 3.44161e-37
-28.8 0.365789 -3.82298e-08
-27.6 0.365789 -2.8986e-07
-26.4 0.365789 -8.22817e-07
-25.2 0.365789 -1.56945e-06
-24 0.365789 -2.43805e-06
-22.8 0.365789 -3.36712e-06
-21.6 0.365789 -4.29972e-06
-20.4 0.365789 -5.18422e-06
-19.2 0.365789 -6.01632e-06
-18 0.365789 -6.70055e-06
-16.8 0.365789 -6.9639e-06
-15.6 0.365789 -7.10892e-06
-14.4 0.365789 -8.03107e-06
-13.2 0.365789 -7.91953e-06
-12 0.365789 -3.34515e-06
-10.8 0.365789 -2.7012e-06
-9.6 0.365789 -1.96947e-05
-8.4 0.365789 -2.03067e-05
-7.2 0.365789 5.59599e-05
-6 0.365789 9.082e-05
-4.8 0.365789 -0.000207828
-3.6 0.365789 -0.000568261
-2.4 0.365789 0.000351651
-1.2 0.365789 0.0031261
0 0.365789 0.00498668
1.2 0.365789 0.00312406
2.4 0.365789 0.000350321
3.6 0.365789 -0.000568254
4.8 0.365789 -0.000207558
6 0.365789 9.0849e-05
7.2 0.365789 5.58945e-05
8.4 0.365789 -2.03215e-05
9.6 0.365789 -1.9679e-05
10.8 0.365789 -2.69598e-06
12 0.365789 -3.34853e-06
13.2 0.365789 -7.92051e-06
14.4 0.365789 -8.03003e-06
15.6 0.365789 -7.10876e-06
16.8 0.365789 -6.96439e-06
18 0.365789 -6.70097e-06
19.2 0.365789 -6.01671e-06
20.4 0.365789 -5.18467e-06
21.6 0.365789 -4.30013e-06
22.8 0.365789 -3.36743e-06
24 0.365789 -2.43825e-06
25.2 0.365789 -1.56955e-06
26.4 0.365789 -8.22852e-07
27.6 0.365789 -2.89861e-07
28.8 0.365789 -3.82261e-08
30 0.365789 3.44154e-37
-30 0.418421 3.17247e-37
-28.8 0.418421 -3.51581e-08
-27.6 0.418421 -2.67373e-07
-26.4 0.418421 -7.59646e-07
-25.2 0.418421 -1.44919e-06
-24 0.418421 -2.25018e-06
-22.8 0.418421 -3.10687e-06
-21.6 0.418421 -3.97071e-06
-20.4 0.418421 -4.78714e-06
-19.2 0.418421 -5.54144e-06
-18 0.418421 -6.18333e-06
-16.8 0.418421 -6.478e-06
-15.6 0.418421 -6.53992e-06
-14.4 0.418421 -7.2184e-06
-13.2 0.418421 -7.45915e-06
-12 0.418421 -3.78909e-06
-10.8 0.418421 -1.85793e-06
-9.6 0.418421 -1.57062e-05
-8.4 0.418421 -2.05945e-05
-7.2 0.418421 4.32578e-05
-6 0.418421 8.59883e-05
-4.8 0.418421 -0.000167978
-3.6 0.418421 -0.000512552
-2.4 0.418421 0.00029711
-1.2 0.418421 0.00287074
0 0.418421 0.00462657
1.2 0.418421 0.0028689
2.4 0.418421 0.000295952
3.6 0.418421 -0.000512522
4.8 0.418421 -0.000167752
6 0.418421 8.60004e-05
7.2 0.418421 4.32031e-05
8.4 0.418421 -2.06024e-05
9.6 0.418421 -1.56928e-05
10.8 0.418421 -1.85496e-06
12 0.418421 -3.79188e-06
13.2 0.418421 -7.45947e-06
14.4 0.418421 -7.21752e-06
15.6 0.418421 -6.53993e-06
16.8 0.418421 -6.47844e-06
18 0.418421 -6.18372e-06
19.2 0.418421 -5.54186e-06
20.4 0.418421 -4.78761e-06
21.6 0.418421 -3.97112e-06
22.8 0.418421 -3.10719e-06
24 0.418421 -2.25039e-06
25.2 0.418421 -1.4493e-06
26.4 0.418421 -7.59684e-07
27.6 0.418421 -2.67376e-07
28.8 0.418421 -3.51545e-08
30 0.418421 3.17241e-37
-30 0.471053 2.90513e-37
-28.8 0.471053 -3.21303e-08
-27.6 0.471053 -2.4496e-07
-26.4 0.471053 -6.96413e-07
-25.2 0.471053 -1.32879e-06
-24 0.471053 -2.06262e-06
-22.8 0.471053 -2.84681e-06
-21.6 0.471053 -3.64047e-06
-20.4 0.471053 -4.39088e-06
-19.2 0.471053 -5.07151e-06
-18 0.471053 -5.66009e-06
-16.8 0.471053 -5.97749e-06
-15.6 0.471053 -6.00102e-06
-14.4 0.471053 -6.44579e-06
-13.2 0.471053 -6.88576e-06
-12 0.471053 -4.12517e-06
-10.8 0.471053 -1.36993e-06
-9.6 0.471053 -1.20549e-05
-8.4 0.471053 -1.9985e-05
-7.2 0.471053 3.17249e-05
-6 0.471053 7.97305e-05
-4.8 0.471053 -0.000131413
-3.6 0.471053 -0.000457403
-2.4 0.471053 0.000245247
-1.2 0.471053 0.00261678
0 0.471053 0.00426596
1.2 0.471053 0.00261515
2.4 0.471053 0.000244258
3.6 0.471053 -0.000457355
4.8 0.471053 -0.000131228
6 0.471053 7.97299e-05
7.2 0.471053 3.16808e-05
8.4 0.471053 -1.99876e-05
9.6 0.471053 -1.2044e-05
10.8 0.471053 -1.36862e-06
12 0.471053 -4.12727e-06
13.2 0.471053 -6.88561e-06
14.4 0.471053 -6.44512e-06
15.6 0.471053 -6.00113e-06
16.8 0.471053 -5.97788e-06
18 0.471053 -5.66047e-06
19.2 0.471053 -5.07195e-06
20.4 0.471053 -4.39135e-06
21.6 0.471053 -3.64089e-06
22.8 0.471053 -2.84713e-06
24 0.471053 -2.06283e-06
25.2 0.471053 -1.32891e-06
26.4 0.471053 -6.96453e-07
27.6 0.471053 -2.44964e-07
28.8 0.471053 -3.21268e-08
30 0.471053 2.90508e-37
-30 0.523684 2.63914e-37
-28.8 0.523684 -2.91341e-08
-27.6 0.523684 -2.22611e-07
-26.4 0.523684 -6.33157e-07
-25.2 0.523684 -1.20825e-06
-24 0.523684 -1.87522e-06
-22.8 0.523684 -2.58713e-06
-21.6 0.523684 -3.30933e-06
-20.4 0.523684 -3.99438e-06
-19.2 0.523684 -4.60626e-06
-18 0.523684 -5.13464e-06
-16.8 0.523684 -5.46071e-06
-15.6 0.523684 -5.48132e-06
-14.4 0.523684 -5.72364e-06
-13.2 0.523684 -6.22501e-06
-12 0.523684 -4.31829e-06
-10.8 0.523684 -1.18512e-06
-9.6 0.523684 -8.82387e-06
-8.4 0.523684 -1.85679e-05
-7.2 0.523684 2.15025e-05
-6 0.523684 7.21537e-05
-4.8 0.523684 -9.8334e-05
-3.6 0.523684 -0.000402882
-2.4 0.523684 0.000196344
-1.2 0.523684 0.00236424
0 0.523684 0.00390449
1.2 0.523684 0.00236281
2.4 0.523684 0.000195517
3.6 0.523684 -0.000402823
4.8 0.523684 -9.81873e-05
6 0.523684 7.21443e-05
7.2 0.523684 2.14684e-05
8.4 0.523684 -1.85669e-05
9.6 0.523684 -8.81556e-06
10.8 0.523684 -1.18489e-06
12 0.523684 -4.3197e-06
13.2 0.523684 -6.2246e-06
14.4 0.523684 -5.72317e-06
15.6 0.523684 -5.48148e-06
16.8 0.523684 -5.46104e-06
18 0.523684 -5.135e-06
19.2 0.523684 -4.60671e-06
20.4 0.523684 -3.99485e-06
21.6 0.523684 -3.30974e-06
22.8 0.523684 -2.58745e-06
24 0.523684 -1.87543e-06
25.2 0.523684 -1.20837e-06
26.4 0.523684 -6.33198e-07
27.6 0.523684 -2.22615e-07
28.8 0.523684 -2.91308e-08
30 0.523684 2.6391e-37
-30 0.576316 2.37407e-37
-28.8 0.576316 -2.61628e-08
-27.6 0.576316 -2.00309e-07
-26.4 0.576316 -5.69903e-07
-25.2 0.576316 -1.08759e-06
-24 0.576316 -1.68786e-06
-22.8 0.576316 -2.32789e-06
-21.6 0.576316 -2.97772e-06
-20.4 0.576316 -3.59694e-06
-19.2 0.576316 -4.14463e-06
-18 0.576316 -4.61038e-06
-16.8 0.576316 -4.92841e-06
-15.6 0.576316 -4.96905e-06
-14.4 0.576316 -5.05682e-06
-13.2 0.576316 -5.50828e-06
-12 0.576316 -4.34173e-06
-10.8 0.576316 -1.23528e-06
-9.6 0.576316 -6.08996e-06
-8.4 0.576316 -1.64639e-05
-7.2 0.576316 1.27385e-05
-6 0.576316 6.34067e-05
-4.8 0.576316 -6.89753e-05
-3.6 0.576316 -0.000349096
-2.4 0.576316 0.00015074
-1.2 0.576316 0.00211315
0 0.576316 0.00354178
1.2 0.576316 0.00211192
2.4 0.576316 0.000150065
3.6 0.576316 -0.00034903
4.8 0.576316 -6.88632e-05
6 0.576316 6.33919e-05
7.2 0.576316 1.27136e-05
8.4 0.576316 -1.64606e-05
9.6 0.576316 -6.08404e-06
10.8 0.576316 -1.23565e-06
12 0.576316 -4.3425e-06
13.2 0.576316 -5.50776e-06
14.4 0.576316 -5.05651e-06
15.6 0.576316 -4.96921e-06
16.8 0.576316 -4.9287e-06
18 0.576316 -4.61074e-06
19.2 0.576316 -4.14508e-06
20.4 0.576316 -3.59739e-06
21.6 0.576316 -2.97813e-06
22.8 0.576316 -2.3282e-06
24 0.576316 -1.68807e-06
25.2 0.576316 -1.08771e-06
26.4 0.576316 -5.69944e-07
27.6 0.576316 -2.00313e-07
28.8 0.576316 -2.61597e-08
30 0.576316 2.37404e-37
-30 0.628947 2.10964e-37
-28.8 0.628947 -2.32136e-08
-27.6 0.628947 -1.7804e-07
-26.4 0.628947 -5.06659e-07
-25.2 0.628947 -9.66859e-07
-24 0.628947 -1.50045e-06
-22.8 0.628947 -2.069e-06
-21.6 0.628947 -2.64609e-06
-20.4 0.628947 -3.1983e-06
-19.2 0.628947 -3.68513e-06
-18 0.628947 -4.08976e-06
-16.8 0.628947 -4.38378e-06
-15.6 0.628947 -4.4531e-06
-14.4 0.628947 -4.44327e-06
-13.2 0.628947 -4.77062e-06
-12 0.628947 -4.18182e-06
-10.8 0.628947 -1.43574e-06
-9.6 0.628947 -3.91577e-06
-8.4 0.628947 -1.38312e-05
-7.2 0.628947 5.58188e-06
-6 0.628947 5.36955e-05
-4.8 0.628947 -4.36054e-05
-3.6 0.628947 -0.000296207
-2.4 0.628947 0.000108847
-1.2 0.628947 0.00186355
0 0.628947 0.00317733
1.2 0.628947 0.00186252
2.4 0.628947 0.000108314
3.6 0.628947 -0.000296139
4.8 0.628947 -4.35239e-05
6 0.628947 5.36785e-05
7.2 0.628947 5.56512e-06
8.4 0.628947 -1.38271e-05
9.6 0.628947 -3.91193e-06
10.8 0.628947 -1.4363e-06
12 0.628947 -4.18208e-06
13.2 0.628947 -4.77011e-06
14.4 0.628947 -4.44309e-06
15.6 0.628947 -4.45324e-06
16.8 0.628947 -4.38403e-06
18 0.628947 -4.09011e-06
19.2 0.628947 -3.68556e-06
20.4 0.628947 -3.19873e-06
21.6 0.628947 -2.64647e-06
22.8 0.628947 -2.0693e-06
24 0.628947 -1.50065e-06
25.2 0.628947 -9.66969e-07
26.4 0.628947 -5.067e-07
27.6 0.628947 -1.78045e-07
28.8 0.628947 -2.32107e-08
30 0.628947 2.10962e-37
-30 0.681579 1.8457e-37
-28.8 0.681579 -2.02857e-08
-27.6 0.681579 -1.55795e-07
-26.4 0.681579 -4.43422e-07
-25.2 0.681579 -8.46089e-07
-24 0.681579 -1.31296e-06
-22.8 0.681579 -1.81032e-06
-21.6 0.681579 -2.31472e-06
-20.4 0.681579 -2.79866e-06
-19.2 0.681579 -3.22617e-06
-18 0.681579 -3.57373e-06
-16.8 0.681579 -3.83179e-06
-15.6 0.681579 -3.925e-06
-14.4 0.681579 -3.87332e-06
-13.2 0.681579 -4.04694e-06
-12 0.681579 -3.84329e-06
-10.8 0.681579 -1.68766e-06
-9.6 0.681579 -2.33767e-06
-8.4 0.681579 -1.08737e-05
-7.2 0.681579 1.69127e-07
-6 0.681579 4.33061e-05
-4.8 0.681579 -2.25293e-05
-3.6 0.681579 -0.00024446
-2.4 0.681579 7.11758e-05
-1.2 0.681579 0.00161554
0 0.681579 0.00281051
1.2 0.681579 0.00161471
2.4 0.681579 7.07722e-05
3.6 0.681579 -0.000244397
4.8 0.681579 -2.24739e-05
6 0.681579 4.32895e-05
7.2 0.681579 1.59045e-07
8.4 0.681579 -1.08696e-05
9.6 0.681579 -2.33548e-06
10.8 0.681579 -1.68814e-06
12 0.681579 -3.8432e-06
13.2 0.681579 -4.04651e-06
14.4 0.681579 -3.87322e-06
15.6 0.681579 -3.92512e-06
16.8 0.681579 -3.83201e-06
18 0.681579 -3.57407e-06
19.2 0.681579 -3.22658e-06
20.4 0.681579 -2.79907e-06
21.6 0.681579 -2.31508e-06
22.8 0.681579 -1.81061e-06
24 0.681579 -1.31315e-06
25.2 0.681579 -8.46193e-07
26.4 0.681579 -4.43461e-07
27.6 0.681579 -1.558e-07
28.8 0.681579 -2.02831e-08
30 0.681579 1.84569e-37
-30 0.734211 1.58224e-37
-28.8 0.734211 -1.73778e-08
-27.6 0.734211 -1.3357e-07
-26.4 0.734211 -3.80182e-07
-25.2 0.734211 -7.25308e-07
-24 0.734211 -1.12542e-06
-22.8 0.734211 -1.55171e-06
-21.6 0.734211 -1.9837e-06
-20.4 0.734211 -2.39852e-06
-19.2 0.734211 -2.76662e-06
-18 0.734211 -3.06164e-06
-16.8 0.734211 -3.27791e-06
-15.6 0.734211 -3.38093e-06
-14.4 0.734211 -3.33068e-06
-13.2 0.734211 -3.36603e-06
-12 0.734211 -3.35387e-06
-10.8 0.734211 -1.88558e-06
-9.6 0.734211 -1.34861e-06
-8.4 0.734211 -7.84434e-06
-7.2 0.734211 -3.39995e-06
-6 0.734211 3.2635e-05
-4.8 0.734211 -6.08256e-06
-3.6 0.734211 -0.000194236
-2.4 0.734211 3.83728e-05
-1.2 0.734211 0.00136927
0 0.734211 0.00244051
1.2 0.734211 0.00136863
2.4 0.734211 3.80833e-05
3.6 0.734211 -0.00019418
4.8 0.734211 -6.04837e-06
6 0.734211 3.26209e-05
7.2 0.734211 -3.40495e-06
8.4 0.734211 -7.84097e-06
9.6 0.734211 -1.34757e-06
10.8 0.734211 -1.88583e-06
12 0.734211 -3.35359e-06
13.2 0.734211 -3.36571e-06
14.4 0.734211 -3.33062e-06
15.6 0.734211 -3.38101e-06
16.8 0.734211 -3.27812e-06
18 0.734211 -3.06195e-06
19.2 0.734211 -2.76698e-06
20.4 0.734211 -2.3989e-06
21.6 0.734211 -1.98404e-06
22.8 0.734211 -1.55197e-06
24 0.734211 -1.1256e-06
25.2 0.734211 -7.25404e-07
26.4 0.734211 -3.80218e-07
27.6 0.734211 -1.33574e-07
28.8 0.734211 -1.73755e-08
30 0.734211 1.58223e-37
-30 0.786842 1.31925e-37
-28.8 0.786842 -1.44875e-08
-27.6 0.786842 -1.11362e-07
-26.4 0.786842 -3.16932e-07
-25.2 0.786842 -6.0452e-07
-24 0.786842 -9.37867e-07
-22.8 0.786842 -1.29309e-06
-21.6 0.786842 -1.65296e-06
-20.4 0.786842 -1.99836e-06
-19.2 0.786842 -2.30607e-06
-18 0.786842 -2.55172e-06
-16.8 0.786842 -2.72637e-06
-15.6 0.786842 -2.82269e-06
-14.4 0.786842 -2.79605e-06
-13.2 0.786842 -2.743e-06
-12 0.786842 -2.76521e-06
-10.8 0.786842 -1.93331e-06
-9.6 0.786842 -8.76832e-07
-8.4 0.786842 -5.0405e-06
-7.2 0.786842 -5.10652e-06
-6 0.786842 2.22301e-05
-4.8 0.786842 5.3921e-06
-3.6 0.786842 -0.000146123
-2.4 0.786842 1.12694e-05
-1.2 0.786842 0.001125
0 0.786842 0.00206625
1.2 0.786842 0.00112453
2.4 0.786842 1.10773e-05
3.6 0.786842 -0.000146078
4.8 0.786842 5.41009e-06
6 0.786842 2.22197e-05
7.2 0.786842 -5.10814e-06
8.4 0.786842 -5.03822e-06
9.6 0.786842 -8.76435e-07
10.8 0.786842 -1.9333e-06
12 0.786842 -2.7649e-06
13.2 0.786842 -2.74277e-06
14.4 0.786842 -2.796e-06
15.6 0.786842 -2.82276e-06
16.8 0.786842 -2.72656e-06
18 0.786842 -2.552e-06
19.2 0.786842 -2.30639e-06
20.4 0.786842 -1.99869e-06
21.6 0.786842 -1.65325e-06
22.8 0.786842 -1.29332e-06
24 0.786842 -9.38022e-07
25.2 0.786842 -6.04605e-07
26.4 0.786842 -3.16965e-07
27.6 0.786842 -1.11367e-07
28.8 0.786842 -1.44856e-08
30 0.786842 1.31924e-37
-30 0.839474 1.05666e-37
-28.8 0.839474 -1.16116e-08
-27.6 0.839474 -8.91716e-08
-26.4 0.839474 -2.53674e-07
-25.2 0.839474 -4.83721e-07
-24 0.839474 -7.50317e-07
-22.8 0.839474 -1.03445e-06
-21.6 0.839474 -1.32232e-06
-20.4 0.839474 -1.59842e-06
-19.2 0.839474 -1.84482e-06
-18 0.839474 -2.04213e-06
-16.8 0.839474 -2.17865e-06
-15.6 0.839474 -2.25662e-06
-14.4 0.839474 -2.25352e-06
-13.2 0.839474 -2.173e-06
-12 0.839474 -2.14485e-06
-10.8 0.839474 -1.77095e-06
-9.6 0.839474 -7.66695e-07
-8.4 0.839474 -2.77288e-06
-7.2 0.839474 -5.08947e-06
-6 0.839474 1.28346e-05
-4.8 0.839474 1.16127e-05
-3.6 0.839474 -0.000101071
-2.4 0.839474 -9.04018e-06
-1.2 0.839474 0.000883181
0 0.839474 0.00168615
1.2 0.839474 0.000882858
2.4 0.839474 -9.15287e-06
3.6 0.839474 -0.000101038
4.8 0.839474 1.16197e-05
6 0.839474 1.28282e-05
7.2 0.839474 -5.08934e-06
8.4 0.839474 -2.77167e-06
9.6 0.839474 -7.66537e-07
10.8 0.839474 -1.77078e-06
12 0.839474 -2.14459e-06
13.2 0.839474 -2.17284e-06
14.4 0.839474 -2.25347e-06
15.6 0.839474 -2.25668e-06
16.8 0.839474 -2.17881e-06
18 0.839474 -2.04236e-06
19.2 0.839474 -1.8451e-06
20.4 0.839474 -1.5987e-06
21.6 0.839474 -1.32257e-06
22.8 0.839474 -1.03465e-06
24 0.839474 -7.50449e-07
25.2 0.839474 -4.83793e-07
26.4 0.839474 -2.53702e-07
27.6 0.839474 -8.91755e-08
28.8 0.839474 -1.16099e-08
30 0.839474 1.05665e-37
-30 0.892105 7.94391e-38
-28.8 0.892105 -8.74667e-09
-27.6 0.892105 -6.69941e-08
-26.4 0.892105 -1.90409e-07
-25.2 0.892105 -3.62908e-07
-24 0.892105 -5.62777e-07
-22.8 0.892105 -7.75822e-07
-21.6 0.892105 -9.91707e-07
-20.4 0.892105 -1.19868e-06
-19.2 0.892105 -1.3834e-06
-18 0.892105 -1.53192e-06
-16.8 0.892105 -1.63356e-06
-15.6 0.892105 -1.68966e-06
-14.4 0.892105 -1.69718e-06
-13.2 0.892105 -1.63274e-06
-12 0.892105 -1.55359e-06
-10.8 0.892105 -1.40788e-06
-9.6 0.892105 -7.83533e-07
-8.4 0.892105 -1.28158e-06
-7.2 0.892105 -3.76299e-06
-6 0.892105 5.39902e-06
-4.8 0.892105 1.25447e-05
-3.6 0.892105 -6.06603e-05
-2.4 0.892105 -2.10957e-05
-1.2 0.892105 0.000644677
0 0.892105 0.00129783
1.2 0.892105 0.000644487
2.4 0.892105 -2.11486e-05
3.6 0.892105 -6.0641e-05
4.8 0.892105 1.25456e-05
6 0.892105 5.39629e-06
7.2 0.892105 -3.76245e-06
8.4 0.892105 -1.28111e-06
9.6 0.892105 -7.83387e-07
10.8 0.892105 -1.40767e-06
12 0.892105 -1.5534e-06
13.2 0.892105 -1.63261e-06
14.4 0.892105 -1.69713e-06
15.6 0.892105 -1.6897e-06
16.8 0.892105 -1.63369e-06
18 0.892105 -1.5321e-06
19.2 0.892105 -1.38362e-06
20.4 0.892105 -1.19891e-06
21.6 0.892105 -9.91904e-07
22.8 0.892105 -7.75976e-07
24 0.892105 -5.62881e-07
25.2 0.892105 -3.62965e-07
26.4 0.892105 -1.90432e-07
27.6 0.892105 -6.69974e-08
28.8 0.892105 -8.74543e-09
30 0.892105 7.9439e-38
-30 0.944737 5.32358e-38
-28.8 0.944737 -5.88999e-09
-27.6 0.944737 -4.48265e-08
-26.4 0.944737 -1.2714e-07
-25.2 0.944737 -2.42082e-07
-24 0.944737 -3.75241e-07
-22.8 0.944737 -5.17207e-07
-21.6 0.944737 -6.61093e-07
-20.4 0.944737 -7.99028e-07
-19.2 0.944737 -9.22069e-07
-18 0.944737 -1.02119e-06
-16.8 0.944737 -1.08911e-06
-15.6 0.944737 -1.12508e-06
-14.4 0.944737 -1.13185e-06
-13.2 0.944737 -1.09528e-06
-12 0.944737 -1.01455e-06
-10.8 0.944737 -9.32477e-07
-9.6 0.944737 -6.88255e-07
-8.4 0.944737 -5.72512e-07
-7.2 0.944737 -1.92737e-06
-6 0.944737 9.16748e-07
-4.8 0.944737 8.89526e-06
-3.6 0.944737 -2.76259e-05
-2.4 0.944737 -2.30204e-05
-1.2 0.944737 0.000411399
0 0.944737 0.000897067
1.2 0.944737 0.000411317
2.4 0.944737 -2.30348e-05
3.6 0.944737 -2.76189e-05
4.8 0.944737 8.89465e-06
6 0.944737 9.16219e-07
7.2 0.944737 -1.92712e-06
8.4 0.944737 -5.72351e-07
9.6 0.944737 -6.88103e-07
10.8 0.944737 -9.32325e-07
12 0.944737 -1.01443e-06
13.2 0.944737 -1.09519e-06
14.4 0.944737 -1.13182e-06
15.6 0.944737 -1.12511e-06
16.8 0.944737 -1.0892e-06
18 0.944737 -1.02132e-06
19.2 0.944737 -9.22221e-07
20.4 0.944737 -7.99183e-07
21.6 0.944737 -6.61231e-07
22.8 0.944737 -5.17315e-07
24 0.944737 -3.75314e-07
25.2 0.944737 -2.42123e-07
26.4 0.944737 -1.27156e-07
27.6 0.944737 -4.48288e-08
28.8 0.944737 -5.88915e-09
30 0.944737 5.32359e-38
-30 0.997368 2.7048e-38
-28.8 0.997368 -3.0388e-09
-27.6 0.997368 -2.26652e-08
-26.4 0.997368 -6.38677e-08
-25.2 0.997368 -1.21249e-07
-24 0.997368 -1.87704e-07
-22.8 0.997368 -2.58604e-07
-21.6 0.997368 -3.30489e-07
-20.4 0.997368 -3.99385e-07
-19.2 0.997368 -4.60821e-07
-18 0.997368 -5.10347e-07
-16.8 0.997368 -5.44406e-07
-15.6 0.997368 -5.62132e-07
-14.4 0.997368 -5.65008e-07
-13.2 0.997368 -5.49326e-07
-12 0.997368 -5.06066e-07
-10.8 0.997368 -4.51974e-07
-9.6 0.997368 -3.91423e-07
-8.4 0.997368 -2.91088e-07
-7.2 0.997368 -5.65614e-07
-6 0.997368 -3.58969e-07
-4.8 0.997368 3.25654e-06
-3.6 0.997368 -6.51522e-06
-2.4 0.997368 -1.33137e-05
-1.2 0.997368 0.000188765
0 0.997368 0.000474665
1.2 0.997368 0.000188765
2.4 0.997368 -1.3314e-05
3.6 0.997368 -6.51512e-06
4.8 0.997368 3.25661e-06
6 0.997368 -3.58986e-07
7.2 0.997368 -5.65589e-07
8.4 0.997368 -2.91008e-07
9.6 0.997368 -3.91336e-07
10.8 0.997368 -4.51897e-07
12 0.997368 -5.06e-07
13.2 0.997368 -5.4928e-07
14.4 0.997368 -5.64992e-07
15.6 0.997368 -5.62149e-07
16.8 0.997368 -5.4445e-07
18 0.997368 -5.10413e-07
19.2 0.997368 -4.609e-07
20.4 0.997368 -3.99465e-07
21.6 0.997368 -3.3056e-07
22.8 0.997368 -2.5866e-07
24 0.997368 -1.87742e-07
25.2 0.997368 -1.2127e-07
26.4 0.997368 -6.3876e-08
27.6 0.997368 -2.26665e-08
28.8 0.997368 -3.0384e-09
30 0.997368 2.70482e-38
-30 1.05 0
-28.8 1.05 0
-27.6 1.05 0
-26.4 1.05 0
-25.2 1.05 0
-24 1.05 0
-22.8 1.05 0
-21.6 1.05 0
-20.4 1.05 0
-19.2 1.05 0
-18 1.05 0
-16.8 1.05 0
-15.6 1.05 0
-14.4 1.05 0
-13.2 1.05 0
-12 1.05 0
-10.8 1.05 0
-9.6 1.05 0
-8.4 1.05 0
-7.2 1.05 0
-6 1.05 0
-4.8 1.05 0
-3.6 1.05 0
-2.4 1.05 0
-1.2 1.05 0
0 1.05 0
1.2 1.05 0
2.4 1.05 0
3.6 1.05 0
4.8 1.05 0
6 1.05 0
7.2 1.05 0
8.4 1.05 0
9.6 1.05 0
10.8 1.05 0
12 1.05 0
13.2 1.05 0
14.4 1.05 0
15.6 1.05 0
16.8 1.05 0
18 1.05 0
19.2 1.05 0
20.4 1.05 0
21.6 1.05 0
22.8 1.05 0
24 1.05 0
25.2 1.05 0
26.4 1.05 0
27.6 1.05 0
28.8 1.05 0
30 1.05 0
