-30 0.05 0
-29.4 0.05 0
-28.8 0.05 0
-28.2 0.05 0
-27.6 0.05 0
-27 0.05 0
-26.4 0.05 0
-25.8 0.05 0
-25.2 0.05 0
-24.6 0.05 0
-24 0.05 0
-23.4 0.05 0
-22.8 0.05 0
-22.2 0.05 0
-21.6 0.05 0
-21 0.05 0
-20.4 0.05 0
-19.8 0.05 0
-19.2 0.05 0
-18.6 0.05 0
-18 0.05 0
-17.4 0.05 0
-16.8 0.05 0
-16.2 0.05 0
-15.6 0.05 0
-15 0.05 0
-14.4 0.05 0
-13.8 0.05 0
-13.2 0.05 0
-12.6 0.05 0
-12 0.05 0
-11.4 0.05 0
-10.8 0.05 0
-10.2 0.05 0
-9.6 0.05 0
-9 0.05 0
-8.4 0.05 0
-7.8 0.05 0
-7.2 0.05 0
-6.6 0.05 0
-6 0.05 0
-5.4 0.05 0
-4.8 0.05 0
-4.2 0.05 0
-3.6 0.05 0
-3 0.05 0
-2.4 0.05 0
-1.8 0.05 0
-1.2 0.05 0
-0.6 0.05 0
0 0.05 0
0.6 0.05 -7.6655e-05
1.2 0.05 -7.06727e-05
1.8 0.05 -5.29614e-05
2.4 0.05 -2.94467e-05
3 0.05 -7.26368e-06
3.6 0.05 8.32792e-06
4.2 0.05 1.54261e-05
4.8 0.05 1.5186e-05
5.4 0.05 1.04952e-05
6 0.05 4.51175e-06
6.6 0.05 -3.87706e-07
7.2 0.05 -3.06556e-06
7.8 0.05 -3.54279e-06
8.4 0.05 0
9 0.05 0
9.6 0.05 0
10.2 0.05 0
10.8 0.05 0
11.4 0.05 0
12 0.05 0
12.6 0.05 0
13.2 0.05 0
13.8 0.05 0
14.4 0.05 0
15 0.05 0
15.6 0.05 0
16.2 0.05 0
16.8 0.05 0
17.4 0.05 0
18 0.05 0
18.6 0.05 0
19.2 0.05 0
19.8 0.05 0
20.4 0.05 0
21 0.05 0
21.6 0.05 0
22.2 0.05 0
22.8 0.05 0
23.4 0.05 0
24 0.05 0
24.6 0.05 0
25.2 0.05 0
25.8 0.05 0
26.4 0.05 0
27 0.05 0
27.6 0.05 0
28.2 0.05 0
28.8 0.05 0
29.4 0.05 0
30 0.05 0
-30 0.102632 0
-29.4 0.102632 0
-28.8 0.102632 0
-28.2 0.102632 0
-27.6 0.102632 0
-27 0.102632 0
-26.4 0.102632 0
-25.8 0.102632 0
-25.2 0.102632 0
-24.6 0.102632 0
-24 0.102632 0
-23.4 0.102632 0
-22.8 0.102632 0
-22.2 0.102632 0
-21.6 0.102632 0
-21 0.102632 0
-20.4 0.102632 0
-19.8 0.102632 0
-19.2 0.102632 0
-18.6 0.102632 0
-18 0.102632 0
-17.4 0.102632 0
-16.8 0.102632 0
-16.2 0.102632 0
-15.6 0.102632 0
-15 0.102632 0
-14.4 0.102632 0
-13.8 0.102632 0
-13.2 0.102632 0
-12.6 0.102632 0
-12 0.102632 0
-11.4 0.102632 0
-10.8 0.102632 0
-10.2 0.102632 0
-9.6 0.102632 0
-9 0.102632 0
-8.4 0.102632 0
-7.8 0.102632 0
-7.2 0.102632 0
-6.6 0.102632 0
-6 0.102632 0
-5.4 0.102632 0
-4.8 0.102632 0
-4.2 0.102632 0
-3.6 0.102632 0
-3 0.102632 0
-2.4 0.102632 0
-1.8 0.102632 0
-1.2 0.102632 0
-0.6 0.102632 0
0 0.102632 0
0.6 0.102632 -6.9759e-05
1.2 0.102632 -6.5901e-05
1.8 0.102632 -5.05395e-05
2.4 0.102632 -2.87762e-05
3 0.102632 -7.48717e-06
3.6 0.102632 7.83676e-06
4.2 0.102632 1.49252e-05
4.8 0.102632 1.47142e-05
5.4 0.102632 1.00653e-05
6 0.102632 4.1827e-06
6.6 0.102632 -5.51557e-07
7.2 0.102632 -3.05258e-06
7.8 0.102632 -3.40595e-06
8.4 0.102632 -2.39516e-06
9 0.102632 0
9.6 0.102632 0
10.2 0.102632 0
10.8 0.102632 0
11.4 0.102632 0
12 0.102632 0
12.6 0.102632 0
13.2 0.102632 0
13.8 0.102632 0
14.4 0.102632 0
15 0.102632 0
15.6 0.102632 0
16.2 0.102632 0
16.8 0.102632 0
17.4 0.102632 0
18 0.102632 0
18.6 0.102632 0
19.2 0.102632 0
19.8 0.102632 0
20.4 0.102632 0
21 0.102632 0
21.6 0.102632 0
22.2 0.102632 0
22.8 0.102632 0
23.4 0.102632 0
24 0.102632 0
24.6 0.102632 0
25.2 0.102632 0
25.8 0.102632 0
26.4 0.102632 0
27 0.102632 0
27.6 0.102632 0
28.2 0.102632 0
28.8 0.102632 0
29.4 0.102632 0
30 0.102632 0
-30 0.155263 0
-29.4 0.155263 0
-28.8 0.155263 0
-28.2 0.155263 0
-27.6 0.155263 0
-27 0.155263 0
-26.4 0.155263 0
-25.8 0.155263 0
-25.2 0.155263 0
-24.6 0.155263 0
-24 0.155263 0
-23.4 0.155263 0
-22.8 0.155263 0
-22.2 0.155263 0
-21.6 0.155263 0
-21 0.155263 0
-20.4 0.155263 0
-19.8 0.155263 0
-19.2 0.155263 0
-18.6 0.155263 0
-18 0.155263 0
-17.4 0.155263 0
-16.8 0.155263 0
-16.2 0.155263 0
-15.6 0.155263 0
-15 0.155263 0
-14.4 0.155263 0
-13.8 0.155263 0
-13.2 0.155263 0
-12.6 0.155263 0
-12 0.155263 0
-11.4 0.155263 0
-10.8 0.155263 0
-10.2 0.155263 0
-9.6 0.155263 0
-9 0.155263 0
-8.4 0.155263 0
-7.8 0.155263 0
-7.2 0.155263 0
-6.6 0.155263 0
-6 0.155263 0
-5.4 0.155263 0
-4.8 0.155263 0
-4.2 0.155263 0
-3.6 0.155263 0
-3 0.155263 0
-2.4 0.155263 0
-1.8 0.155263 0
-1.2 0.155263 0
-0.6 0.155263 0
0 0.155263 0
0.6 0.155263 -6.32314e-05
1.2 0.155263 -6.12148e-05
1.8 0.155263 -4.80114e-05
2.4 0.155263 -2.79782e-05
3 0.155263 -7.67106e-06
3.6 0.155263 7.30277e-06
4.2 0.155263 1.43679e-05
4.8 0.155263 1.42232e-05
5.4 0.155263 9.65344e-06
6 0.155263 3.88108e-06
6.6 0.155263 -6.989e-07
7.2 0.155263 -3.03609e-06
7.8 0.155263 -3.27214e-06
8.4 0.155263 -2.22452e-06
9 0.155263 0
9.6 0.155263 0
10.2 0.155263 0
10.8 0.155263 0
11.4 0.155263 0
12 0.155263 0
12.6 0.155263 0
13.2 0.155263 0
13.8 0.155263 0
14.4 0.155263 0
15 0.155263 0
15.6 0.155263 0
16.2 0.155263 0
16.8 0.155263 0
17.4 0.155263 0
18 0.155263 0
18.6 0.155263 0
19.2 0.155263 0
19.8 0.155263 0
20.4 0.155263 0
21 0.155263 0
21.6 0.155263 0
22.2 0.155263 0
22.8 0.155263 0
23.4 0.155263 0
24 0.155263 0
24.6 0.155263 0
25.2 0.155263 0
25.8 0.155263 0
26.4 0.155263 0
27 0.155263 0
27.6 0.155263 0
28.2 0.155263 0
28.8 0.155263 0
29.4 0.155263 0
30 0.155263 0
-30 0.207895 0
-29.4 0.207895 0
-28.8 0.207895 0
-28.2 0.207895 0
-27.6 0.207895 0
-27 0.207895 0
-26.4 0.207895 0
-25.8 0.207895 0
-25.2 0.207895 0
-24.6 0.207895 0
-24 0.207895 0
-23.4 0.207895 0
-22.8 0.207895 0
-22.2 0.207895 0
-21.6 0.207895 0
-21 0.207895 0
-20.4 0.207895 0
-19.8 0.207895 0
-19.2 0.207895 0
-18.6 0.207895 0
-18 0.207895 0
-17.4 0.207895 0
-16.8 0.207895 0
-16.2 0.207895 0
-15.6 0.207895 0
-15 0.207895 0
-14.4 0.207895 0
-13.8 0.207895 0
-13.2 0.207895 0
-12.6 0.207895 0
-12 0.207895 0
-11.4 0.207895 0
-10.8 0.207895 0
-10.2 0.207895 0
-9.6 0.207895 0
-9 0.207895 0
-8.4 0.207895 0
-7.8 0.207895 0
-7.2 0.207895 0
-6.6 0.207895 0
-6 0.207895 0
-5.4 0.207895 0
-4.8 0.207895 0
-4.2 0.207895 0
-3.6 0.207895 0
-3 0.207895 0
-2.4 0.207895 0
-1.8 0.207895 0
-1.2 0.207895 0
-0.6 0.207895 0
0 0.207895 0
0.6 0.207895 -5.70584e-05
1.2 0.207895 -5.66356e-05
1.8 0.207895 -4.54082e-05
2.4 0.207895 -2.70599e-05
3 0.207895 -7.79577e-06
3.6 0.207895 6.74847e-06
4.2 0.207895 1.3758e-05
4.8 0.207895 1.36997e-05
5.4 0.207895 9.24578e-06
6 0.207895 3.6043e-06
6.6 0.207895 -8.2373e-07
7.2 0.207895 -3.01025e-06
7.8 0.207895 -3.14016e-06
8.4 0.207895 -2.06059e-06
9 0.207895 0
9.6 0.207895 0
10.2 0.207895 0
10.8 0.207895 0
11.4 0.207895 0
12 0.207895 0
12.6 0.207895 0
13.2 0.207895 0
13.8 0.207895 0
14.4 0.207895 0
15 0.207895 0
15.6 0.207895 0
16.2 0.207895 0
16.8 0.207895 0
17.4 0.207895 0
18 0.207895 0
18.6 0.207895 0
19.2 0.207895 0
19.8 0.207895 0
20.4 0.207895 0
21 0.207895 0
21.6 0.207895 0
22.2 0.207895 0
22.8 0.207895 0
23.4 0.207895 0
24 0.207895 0
24.6 0.207895 0
25.2 0.207895 0
25.8 0.207895 0
26.4 0.207895 0
27 0.207895 0
27.6 0.207895 0
28.2 0.207895 0
28.8 0.207895 0
29.4 0.207895 0
30 0.207895 0
-30 0.260526 0
-29.4 0.260526 0
-28.8 0.260526 0
-28.2 0.260526 0
-27.6 0.260526 0
-27 0.260526 0
-26.4 0.260526 0
-25.8 0.260526 0
-25.2 0.260526 0
-24.6 0.260526 0
-24 0.260526 0
-23.4 0.260526 0
-22.8 0.260526 0
-22.2 0.260526 0
-21.6 0.260526 0
-21 0.260526 0
-20.4 0.260526 0
-19.8 0.260526 0
-19.2 0.260526 0
-18.6 0.260526 0
-18 0.260526 0
-17.4 0.260526 0
-16.8 0.260526 0
-16.2 0.260526 0
-15.6 0.260526 0
-15 0.260526 0
-14.4 0.260526 0
-13.8 0.260526 0
-13.2 0.260526 0
-12.6 0.260526 0
-12 0.260526 0
-11.4 0.260526 0
-10.8 0.260526 0
-10.2 0.260526 0
-9.6 0.260526 0
-9 0.260526 0
-8.4 0.260526 0
-7.8 0.260526 0
-7.2 0.260526 0
-6.6 0.260526 0
-6 0.260526 0
-5.4 0.260526 0
-4.8 0.260526 0
-4.2 0.260526 0
-3.6 0.260526 0
-3 0.260526 0
-2.4 0.260526 0
-1.8 0.260526 0
-1.2 0.260526 0
-0.6 0.260526 0
0 0.260526 0
0.6 0.260526 -5.12292e-05
1.2 0.260526 -5.21761e-05
1.8 0.260526 -4.27503e-05
2.4 0.260526 -2.60291e-05
3 0.260526 -7.85074e-06
3.6 0.260526 6.19e-06
4.2 0.260526 1.31019e-05
4.8 0.260526 1.3137e-05
5.4 0.260526 8.8315e-06
6 0.260526 3.34736e-06
6.6 0.260526 -9.23364e-07
7.2 0.260526 -2.96978e-06
7.8 0.260526 -3.00723e-06
8.4 0.260526 -1.904e-06
9 0.260526 0
9.6 0.260526 0
10.2 0.260526 0
10.8 0.260526 0
11.4 0.260526 0
12 0.260526 0
12.6 0.260526 0
13.2 0.260526 0
13.8 0.260526 0
14.4 0.260526 0
15 0.260526 0
15.6 0.260526 0
16.2 0.260526 0
16.8 0.260526 0
17.4 0.260526 0
18 0.260526 0
18.6 0.260526 0
19.2 0.260526 0
19.8 0.260526 0
20.4 0.260526 0
21 0.260526 0
21.6 0.260526 0
22.2 0.260526 0
22.8 0.260526 0
23.4 0.260526 0
24 0.260526 0
24.6 0.260526 0
25.2 0.260526 0
25.8 0.260526 0
26.4 0.260526 0
27 0.260526 0
27.6 0.260526 0
28.2 0.260526 0
28.8 0.260526 0
29.4 0.260526 0
30 0.260526 0
-30 0.313158 0
-29.4 0.313158 0
-28.8 0.313158 0
-28.2 0.313158 0
-27.6 0.313158 0
-27 0.313158 0
-26.4 0.313158 0
-25.8 0.313158 0
-25.2 0.313158 0
-24.6 0.313158 0
-24 0.313158 0
-23.4 0.313158 0
-22.8 0.313158 0
-22.2 0.313158 0
-21.6 0.313158 0
-21 0.313158 0
-20.4 0.313158 0
-19.8 0.313158 0
-19.2 0.313158 0
-18.6 0.313158 0
-18 0.313158 0
-17.4 0.313158 0
-16.8 0.313158 0
-16.2 0.313158 0
-15.6 0.313158 0
-15 0.313158 0
-14.4 0.313158 0
-13.8 0.313158 0
-13.2 0.313158 0
-12.6 0.313158 0
-12 0.313158 0
-11.4 0.313158 0
-10.8 0.313158 0
-10.2 0.313158 0
-9.6 0.313158 0
-9 0.313158 0
-8.4 0.313158 0
-7.8 0.313158 0
-7.2 0.313158 0
-6.6 0.313158 0
-6 0.313158 0
-5.4 0.313158 0
-4.8 0.313158 0
-4.2 0.313158 0
-3.6 0.313158 0
-3 0.313158 0
-2.4 0.313158 0
-1.8 0.313158 0
-1.2 0.313158 0
-0.6 0.313158 0
0 0.313158 0
0.6 0.313158 -4.57352e-05
1.2 0.313158 -4.78438e-05
1.8 0.313158 -4.00518e-05
2.4 0.313158 -2.48926e-05
3 0.313158 -7.83016e-06
3.6 0.313158 5.63874e-06
4.2 0.313158 1.24056e-05
4.8 0.313158 1.25315e-05
5.4 0.313158 8.40259e-06
6 0.313158 3.105e-06
6.6 0.313158 -9.97255e-07
7.2 0.313158 -2.91082e-06
7.8 0.313158 -2.87032e-06
8.4 0.313158 -1.75444e-06
9 0.313158 0
9.6 0.313158 0
10.2 0.313158 0
10.8 0.313158 0
11.4 0.313158 0
12 0.313158 0
12.6 0.313158 0
13.2 0.313158 0
13.8 0.313158 0
14.4 0.313158 0
15 0.313158 0
15.6 0.313158 0
16.2 0.313158 0
16.8 0.313158 0
17.4 0.313158 0
18 0.313158 0
18.6 0.313158 0
19.2 0.313158 0
19.8 0.313158 0
20.4 0.313158 0
21 0.313158 0
21.6 0.313158 0
22.2 0.313158 0
22.8 0.313158 0
23.4 0.313158 0
24 0.313158 0
24.6 0.313158 0
25.2 0.313158 0
25.8 0.313158 0
26.4 0.313158 0
27 0.313158 0
27.6 0.313158 0
28.2 0.313158 0
28.8 0.313158 0
29.4 0.313158 0
30 0.313158 0
-30 0.365789 0
-29.4 0.365789 0
-28.8 0.365789 0
-28.2 0.365789 0
-27.6 0.365789 0
-27 0.365789 0
-26.4 0.365789 0
-25.8 0.365789 0
-25.2 0.365789 0
-24.6 0.365789 0
-24 0.365789 0
-23.4 0.365789 0
-22.8 0.365789 0
-22.2 0.365789 0
-21.6 0.365789 0
-21 0.365789 0
-20.4 0.365789 0
-19.8 0.365789 0
-19.2 0.365789 0
-18.6 0.365789 0
-18 0.365789 0
-17.4 0.365789 0
-16.8 0.365789 0
-16.2 0.365789 0
-15.6 0.365789 0
-15 0.365789 0
-14.4 0.365789 0
-13.8 0.365789 0
-13.2 0.365789 0
-12.6 0.365789 0
-12 0.365789 0
-11.4 0.365789 0
-10.8 0.365789 0
-10.2 0.365789 0
-9.6 0.365789 0
-9 0.365789 0
-8.4 0.365789 0
-7.8 0.365789 0
-7.2 0.365789 0
-6.6 0.365789 0
-6 0.365789 0
-5.4 0.365789 0
-4.8 0.365789 0
-4.2 0.365789 0
-3.6 0.365789 0
-3 0.365789 0
-2.4 0.365789 0
-1.8 0.365789 0
-1.2 0.365789 0
-0.6 0.365789 0
0 0.365789 0
0.6 0.365789 -4.05686e-05
1.2 0.365789 -4.36431e-05
1.8 0.365789 -3.73228e-05
2.4 0.365789 -2.36561e-05
3 0.365789 -7.73095e-06
3.6 0.365789 5.10275e-06
4.2 0.365789 1.16745e-05
4.8 0.365789 1.18822e-05
5.4 0.365789 7.95341e-06
6 0.365789 2.87249e-06
6.6 0.365789 -1.04604e-06
7.2 0.365789 -2.83079e-06
7.8 0.365789 -2.72668e-06
8.4 0.365789 -1.61106e-06
9 0.365789 0
9.6 0.365789 0
10.2 0.365789 0
10.8 0.365789 0
11.4 0.365789 0
12 0.365789 0
12.6 0.365789 0
13.2 0.365789 0
13.8 0.365789 0
14.4 0.365789 0
15 0.365789 0
15.6 0.365789 0
16.2 0.365789 0
16.8 0.365789 0
17.4 0.365789 0
18 0.365789 0
18.6 0.365789 0
19.2 0.365789 0
19.8 0.365789 0
20.4 0.365789 0
21 0.365789 0
21.6 0.365789 0
22.2 0.365789 0
22.8 0.365789 0
23.4 0.365789 0
24 0.365789 0
24.6 0.365789 0
25.2 0.365789 0
25.8 0.365789 0
26.4 0.365789 0
27 0.365789 0
27.6 0.365789 0
28.2 0.365789 0
28.8 0.365789 0
29.4 0.365789 0
30 0.365789 0
-30 0.418421 0
-29.4 0.418421 0
-28.8 0.418421 0
-28.2 0.418421 0
-27.6 0.418421 0
-27 0.418421 0
-26.4 0.418421 0
-25.8 0.418421 0
-25.2 0.418421 0
-24.6 0.418421 0
-24 0.418421 0
-23.4 0.418421 0
-22.8 0.418421 0
-22.2 0.418421 0
-21.6 0.418421 0
-21 0.418421 0
-20.4 0.418421 0
-19.8 0.418421 0
-19.2 0.418421 0
-18.6 0.418421 0
-18 0.418421 0
-17.4 0.418421 0
-16.8 0.418421 0
-16.2 0.418421 0
-15.6 0.418421 0
-15 0.418421 0
-14.4 0.418421 0
-13.8 0.418421 0
-13.2 0.418421 0
-12.6 0.418421 0
-12 0.418421 0
-11.4 0.418421 0
-10.8 0.418421 0
-10.2 0.418421 0
-9.6 0.418421 0
-9 0.418421 0
-8.4 0.418421 0
-7.8 0.418421 0
-7.2 0.418421 0
-6.6 0.418421 0
-6 0.418421 0
-5.4 0.418421 0
-4.8 0.418421 0
-4.2 0.418421 0
-3.6 0.418421 0
-3 0.418421 0
-2.4 0.418421 0
-1.8 0.418421 0
-1.2 0.418421 0
-0.6 0.418421 0
0 0.418421 0
0.6 0.418421 -3.57227e-05
1.2 0.418421 -3.95762e-05
1.8 0.418421 -3.45705e-05
2.4 0.418421 -2.23245e-05
3 0.418421 -7.55171e-06
3.6 0.418421 4.58755e-06
4.2 0.418421 1.09132e-05
4.8 0.418421 1.11888e-05
5.4 0.418421 7.48009e-06
6 0.418421 2.64589e-06
6.6 0.418421 -1.07094e-06
7.2 0.418421 -2.72821e-06
7.8 0.418421 -2.57412e-06
8.4 0.418421 -1.47278e-06
9 0.418421 0
9.6 0.418421 0
10.2 0.418421 0
10.8 0.418421 0
11.4 0.418421 0
12 0.418421 0
12.6 0.418421 0
13.2 0.418421 0
13.8 0.418421 0
14.4 0.418421 0
15 0.418421 0
15.6 0.418421 0
16.2 0.418421 0
16.8 0.418421 0
17.4 0.418421 0
18 0.418421 0
18.6 0.418421 0
19.2 0.418421 0
19.8 0.418421 0
20.4 0.418421 0
21 0.418421 0
21.6 0.418421 0
22.2 0.418421 0
22.8 0.418421 0
23.4 0.418421 0
24 0.418421 0
24.6 0.418421 0
25.2 0.418421 0
25.8 0.418421 0
26.4 0.418421 0
27 0.418421 0
27.6 0.418421 0
28.2 0.418421 0
28.8 0.418421 0
29.4 0.418421 0
30 0.418421 0
-30 0.471053 0
-29.4 0.471053 0
-28.8 0.471053 0
-28.2 0.471053 0
-27.6 0.471053 0
-27 0.471053 0
-26.4 0.471053 0
-25.8 0.471053 0
-25.2 0.471053 0
-24.6 0.471053 0
-24 0.471053 0
-23.4 0.471053 0
-22.8 0.471053 0
-22.2 0.471053 0
-21.6 0.471053 0
-21 0.471053 0
-20.4 0.471053 0
-19.8 0.471053 0
-19.2 0.471053 0
-18.6 0.471053 0
-18 0.471053 0
-17.4 0.471053 0
-16.8 0.471053 0
-16.2 0.471053 0
-15.6 0.471053 0
-15 0.471053 0
-14.4 0.471053 0
-13.8 0.471053 0
-13.2 0.471053 0
-12.6 0.471053 0
-12 0.471053 0
-11.4 0.471053 0
-10.8 0.471053 0
-10.2 0.471053 0
-9.6 0.471053 0
-9 0.471053 0
-8.4 0.471053 0
-7.8 0.471053 0
-7.2 0.471053 0
-6.6 0.471053 0
-6 0.471053 0
-5.4 0.471053 0
-4.8 0.471053 0
-4.2 0.471053 0
-3.6 0.471053 0
-3 0.471053 0
-2.4 0.471053 0
-1.8 0.471053 0
-1.2 0.471053 0
-0.6 0.471053 0
0 0.471053 0
0.6 0.471053 -3.11911e-05
1.2 0.471053 -3.5644e-05
1.8 0.471053 -3.17997e-05
2.4 0.471053 -2.09018e-05
3 0.471053 -7.29218e-06
3.6 0.471053 4.09678e-06
4.2 0.471053 1.01249e-05
4.8 0.471053 1.04517e-05
5.4 0.471053 6.98019e-06
6 0.471053 2.42212e-06
6.6 0.471053 -1.07337e-06
7.2 0.471053 -2.6024e-06
7.8 0.471053 -2.41105e-06
8.4 0.471053 -1.33851e-06
9 0.471053 0
9.6 0.471053 0
10.2 0.471053 0
10.8 0.471053 0
11.4 0.471053 0
12 0.471053 0
12.6 0.471053 0
13.2 0.471053 0
13.8 0.471053 0
14.4 0.471053 0
15 0.471053 0
15.6 0.471053 0
16.2 0.471053 0
16.8 0.471053 0
17.4 0.471053 0
18 0.471053 0
18.6 0.471053 0
19.2 0.471053 0
19.8 0.471053 0
20.4 0.471053 0
21 0.471053 0
21.6 0.471053 0
22.2 0.471053 0
22.8 0.471053 0
23.4 0.471053 0
24 0.471053 0
24.6 0.471053 0
25.2 0.471053 0
25.8 0.471053 0
26.4 0.471053 0
27 0.471053 0
27.6 0.471053 0
28.2 0.471053 0
28.8 0.471053 0
29.4 0.471053 0
30 0.471053 0
-30 0.523684 0
-29.4 0.523684 0
-28.8 0.523684 0
-28.2 0.523684 0
-27.6 0.523684 0
-27 0.523684 0
-26.4 0.523684 0
-25.8 0.523684 0
-25.2 0.523684 0
-24.6 0.523684 0
-24 0.523684 0
-23.4 0.523684 0
-22.8 0.523684 0
-22.2 0.523684 0
-21.6 0.523684 0
-21 0.523684 0
-20.4 0.523684 0
-19.8 0.523684 0
-19.2 0.523684 0
-18.6 0.523684 0
-18 0.523684 0
-17.4 0.523684 0
-16.8 0.523684 0
-16.2 0.523684 0
-15.6 0.523684 0
-15 0.523684 0
-14.4 0.523684 0
-13.8 0.523684 0
-13.2 0.523684 0
-12.6 0.523684 0
-12 0.523684 0
-11.4 0.523684 0
-10.8 0.523684 0
-10.2 0.523684 0
-9.6 0.523684 0
-9 0.523684 0
-8.4 0.523684 0
-7.8 0.523684 0
-7.2 0.523684 0
-6.6 0.523684 0
-6 0.523684 0
-5.4 0.523684 0
-4.8 0.523684 0
-4.2 0.523684 0
-3.6 0.523684 0
-3 0.523684 0
-2.4 0.523684 0
-1.8 0.523684 0
-1.2 0.523684 0
-0.6 0.523684 0
0 0.523684 0
0.6 0.523684 -2.69679e-05
1.2 0.523684 -3.18458e-05
1.8 0.523684 -2.90136e-05
2.4 0.523684 -1.93911e-05
3 0.523684 -6.95289e-06
3.6 0.523684 3.63257e-06
4.2 0.523684 9.3124e-06
4.8 0.523684 9.67197e-06
5.4 0.523684 6.45238e-06
6 0.523684 2.19899e-06
6.6 0.523684 -1.05477e-06
7.2 0.523684 -2.45333e-06
7.8 0.523684 -2.23648e-06
8.4 0.523684 -1.20734e-06
9 0.523684 0
9.6 0.523684 0
10.2 0.523684 0
10.8 0.523684 0
11.4 0.523684 0
12 0.523684 0
12.6 0.523684 0
13.2 0.523684 0
13.8 0.523684 0
14.4 0.523684 0
15 0.523684 0
15.6 0.523684 0
16.2 0.523684 0
16.8 0.523684 0
17.4 0.523684 0
18 0.523684 0
18.6 0.523684 0
19.2 0.523684 0
19.8 0.523684 0
20.4 0.523684 0
21 0.523684 0
21.6 0.523684 0
22.2 0.523684 0
22.8 0.523684 0
23.4 0.523684 0
24 0.523684 0
24.6 0.523684 0
25.2 0.523684 0
25.8 0.523684 0
26.4 0.523684 0
27 0.523684 0
27.6 0.523684 0
28.2 0.523684 0
28.8 0.523684 0
29.4 0.523684 0
30 0.523684 0
-30 0.576316 0
-29.4 0.576316 0
-28.8 0.576316 0
-28.2 0.576316 0
-27.6 0.576316 0
-27 0.576316 0
-26.4 0.576316 0
-25.8 0.576316 0
-25.2 0.576316 0
-24.6 0.576316 0
-24 0.576316 0
-23.4 0.576316 0
-22.8 0.576316 0
-22.2 0.576316 0
-21.6 0.576316 0
-21 0.576316 0
-20.4 0.576316 0
-19.8 0.576316 0
-19.2 0.576316 0
-18.6 0.576316 0
-18 0.576316 0
-17.4 0.576316 0
-16.8 0.576316 0
-16.2 0.576316 0
-15.6 0.576316 0
-15 0.576316 0
-14.4 0.576316 0
-13.8 0.576316 0
-13.2 0.576316 0
-12.6 0.576316 0
-12 0.576316 0
-11.4 0.576316 0
-10.8 0.576316 0
-10.2 0.576316 0
-9.6 0.576316 0
-9 0.576316 0
-8.4 0.576316 0
-7.8 0.576316 0
-7.2 0.576316 0
-6.6 0.576316 0
-6 0.576316 0
-5.4 0.576316 0
-4.8 0.576316 0
-4.2 0.576316 0
-3.6 0.576316 0
-3 0.576316 0
-2.4 0.576316 0
-1.8 0.576316 0
-1.2 0.576316 0
-0.6 0.576316 0
0 0.576316 0
0.6 0.576316 -2.30472e-05
1.2 0.576316 -2.81801e-05
1.8 0.576316 -2.62141e-05
2.4 0.576316 -1.7795e-05
3 0.576316 -6.53508e-06
3.6 0.576316 3.19573e-06
4.2 0.576316 8.47738e-06
4.8 0.576316 8.85057e-06
5.4 0.576316 5.89629e-06
6 0.576316 1.97506e-06
6.6 0.576316 -1.01652e-06
7.2 0.576316 -2.2815e-06
7.8 0.576316 -2.05004e-06
8.4 0.576316 -1.07853e-06
9 0.576316 0
9.6 0.576316 0
10.2 0.576316 0
10.8 0.576316 0
11.4 0.576316 0
12 0.576316 0
12.6 0.576316 0
13.2 0.576316 0
13.8 0.576316 0
14.4 0.576316 0
15 0.576316 0
15.6 0.576316 0
16.2 0.576316 0
16.8 0.576316 0
17.4 0.576316 0
18 0.576316 0
18.6 0.576316 0
19.2 0.576316 0
19.8 0.576316 0
20.4 0.576316 0
21 0.576316 0
21.6 0.576316 0
22.2 0.576316 0
22.8 0.576316 0
23.4 0.576316 0
24 0.576316 0
24.6 0.576316 0
25.2 0.576316 0
25.8 0.576316 0
26.4 0.576316 0
27 0.576316 0
27.6 0.576316 0
28.2 0.576316 0
28.8 0.576316 0
29.4 0.576316 0
30 0.576316 0
-30 0.628947 0
-29.4 0.628947 0
-28.8 0.628947 0
-28.2 0.628947 0
-27.6 0.628947 0
-27 0.628947 0
-26.4 0.628947 0
-25.8 0.628947 0
-25.2 0.628947 0
-24.6 0.628947 0
-24 0.628947 0
-23.4 0.628947 0
-22.8 0.628947 0
-22.2 0.628947 0
-21.6 0.628947 0
-21 0.628947 0
-20.4 0.628947 0
-19.8 0.628947 0
-19.2 0.628947 0
-18.6 0.628947 0
-18 0.628947 0
-17.4 0.628947 0
-16.8 0.628947 0
-16.2 0.628947 0
-15.6 0.628947 0
-15 0.628947 0
-14.4 0.628947 0
-13.8 0.628947 0
-13.2 0.628947 0
-12.6 0.628947 0
-12 0.628947 0
-11.4 0.628947 0
-10.8 0.628947 0
-10.2 0.628947 0
-9.6 0.628947 0
-9 0.628947 0
-8.4 0.628947 0
-7.8 0.628947 0
-7.2 0.628947 0
-6.6 0.628947 0
-6 0.628947 0
-5.4 0.628947 0
-4.8 0.628947 0
-4.2 0.628947 0
-3.6 0.628947 0
-3 0.628947 0
-2.4 0.628947 0
-1.8 0.628947 0
-1.2 0.628947 0
-0.6 0.628947 0
0 0.628947 0
0.6 0.628947 -1.94233e-05
1.2 0.628947 -2.46442e-05
1.8 0.628947 -2.34013e-05
2.4 0.628947 -1.61157e-05
3 0.628947 -6.04059e-06
3.6 0.628947 2.78591e-06
4.2 0.628947 7.62091e-06
4.8 0.628947 7.98885e-06
5.4 0.628947 5.31235e-06
6 0.628947 1.74962e-06
6.6 0.628947 -9.59869e-07
7.2 0.628947 -2.08785e-06
7.8 0.628947 -1.85187e-06
8.4 0.628947 -9.51578e-07
9 0.628947 0
9.6 0.628947 0
10.2 0.628947 0
10.8 0.628947 0
11.4 0.628947 0
12 0.628947 0
12.6 0.628947 0
13.2 0.628947 0
13.8 0.628947 0
14.4 0.628947 0
15 0.628947 0
15.6 0.628947 0
16.2 0.628947 0
16.8 0.628947 0
17.4 0.628947 0
18 0.628947 0
18.6 0.628947 0
19.2 0.628947 0
19.8 0.628947 0
20.4 0.628947 0
21 0.628947 0
21.6 0.628947 0
22.2 0.628947 0
22.8 0.628947 0
23.4 0.628947 0
24 0.628947 0
24.6 0.628947 0
25.2 0.628947 0
25.8 0.628947 0
26.4 0.628947 0
27 0.628947 0
27.6 0.628947 0
28.2 0.628947 0
28.8 0.628947 0
29.4 0.628947 0
30 0.628947 0
-30 0.681579 0
-29.4 0.681579 0
-28.8 0.681579 0
-28.2 0.681579 0
-27.6 0.681579 0
-27 0.681579 0
-26.4 0.681579 0
-25.8 0.681579 0
-25.2 0.681579 0
-24.6 0.681579 0
-24 0.681579 0
-23.4 0.681579 0
-22.8 0.681579 0
-22.2 0.681579 0
-21.6 0.681579 0
-21 0.681579 0
-20.4 0.681579 0
-19.8 0.681579 0
-19.2 0.681579 0
-18.6 0.681579 0
-18 0.681579 0
-17.4 0.681579 0
-16.8 0.681579 0
-16.2 0.681579 0
-15.6 0.681579 0
-15 0.681579 0
-14.4 0.681579 0
-13.8 0.681579 0
-13.2 0.681579 0
-12.6 0.681579 0
-12 0.681579 0
-11.4 0.681579 0
-10.8 0.681579 0
-10.2 0.681579 0
-9.6 0.681579 0
-9 0.681579 0
-8.4 0.681579 0
-7.8 0.681579 0
-7.2 0.681579 0
-6.6 0.681579 0
-6 0.681579 0
-5.4 0.681579 0
-4.8 0.681579 0
-4.2 0.681579 0
-3.6 0.681579 0
-3 0.681579 0
-2.4 0.681579 0
-1.8 0.681579 0
-1.2 0.681579 0
-0.6 0.681579 0
0 0.681579 0
0.6 0.681579 -1.60904e-05
1.2 0.681579 -2.12343e-05
1.8 0.681579 -2.05746e-05
2.4 0.681579 -1.43549e-05
3 0.681579 -5.47196e-06
3.6 0.681579 2.40165e-06
4.2 0.681579 6.74342e-06
4.8 0.681579 7.0884e-06
5.4 0.681579 4.70183e-06
6 0.681579 1.52262e-06
6.6 0.681579 -8.86005e-07
7.2 0.681579 -1.87373e-06
7.8 0.681579 -1.6426e-06
8.4 0.681579 -8.26186e-07
9 0.681579 0
9.6 0.681579 0
10.2 0.681579 0
10.8 0.681579 0
11.4 0.681579 0
12 0.681579 0
12.6 0.681579 0
13.2 0.681579 0
13.8 0.681579 0
14.4 0.681579 0
15 0.681579 0
15.6 0.681579 0
16.2 0.681579 0
16.8 0.681579 0
17.4 0.681579 0
18 0.681579 0
18.6 0.681579 0
19.2 0.681579 0
19.8 0.681579 0
20.4 0.681579 0
21 0.681579 0
21.6 0.681579 0
22.2 0.681579 0
22.8 0.681579 0
23.4 0.681579 0
24 0.681579 0
24.6 0.681579 0
25.2 0.681579 0
25.8 0.681579 0
26.4 0.681579 0
27 0.681579 0
27.6 0.681579 0
28.2 0.681579 0
28.8 0.681579 0
29.4 0.681579 0
30 0.681579 0
-30 0.734211 0
-29.4 0.734211 0
-28.8 0.734211 0
-28.2 0.734211 0
-27.6 0.734211 0
-27 0.734211 0
-26.4 0.734211 0
-25.8 0.734211 0
-25.2 0.734211 0
-24.6 0.734211 0
-24 0.734211 0
-23.4 0.734211 0
-22.8 0.734211 0
-22.2 0.734211 0
-21.6 0.734211 0
-21 0.734211 0
-20.4 0.734211 0
-19.8 0.734211 0
-19.2 0.734211 0
-18.6 0.734211 0
-18 0.734211 0
-17.4 0.734211 0
-16.8 0.734211 0
-16.2 0.734211 0
-15.6 0.734211 0
-15 0.734211 0
-14.4 0.734211 0
-13.8 0.734211 0
-13.2 0.734211 0
-12.6 0.734211 0
-12 0.734211 0
-11.4 0.734211 0
-10.8 0.734211 0
-10.2 0.734211 0
-9.6 0.734211 0
-9 0.734211 0
-8.4 0.734211 0
-7.8 0.734211 0
-7.2 0.734211 0
-6.6 0.734211 0
-6 0.734211 0
-5.4 0.734211 0
-4.8 0.734211 0
-4.2 0.734211 0
-3.6 0.734211 0
-3 0.734211 0
-2.4 0.734211 0
-1.8 0.734211 0
-1.2 0.734211 0
-0.6 0.734211 0
0 0.734211 0
0.6 0.734211 -1.30426e-05
1.2 0.734211 -1.79454e-05
1.8 0.734211 -1.77317e-05
2.4 0.734211 -1.25139e-05
3 0.734211 -4.83253e-06
3.6 0.734211 2.04038e-06
4.2 0.734211 5.84481e-06
4.8 0.734211 6.15114e-06
5.4 0.734211 4.06677e-06
6 0.734211 1.29459e-06
6.6 0.734211 -7.96115e-07
7.2 0.734211 -1.64091e-06
7.8 0.734211 -1.42327e-06
8.4 0.734211 -7.02199e-07
9 0.734211 0
9.6 0.734211 0
10.2 0.734211 0
10.8 0.734211 0
11.4 0.734211 0
12 0.734211 0
12.6 0.734211 0
13.2 0.734211 0
13.8 0.734211 0
14.4 0.734211 0
15 0.734211 0
15.6 0.734211 0
16.2 0.734211 0
16.8 0.734211 0
17.4 0.734211 0
18 0.734211 0
18.6 0.734211 0
19.2 0.734211 0
19.8 0.734211 0
20.4 0.734211 0
21 0.734211 0
21.6 0.734211 0
22.2 0.734211 0
22.8 0.734211 0
23.4 0.734211 0
24 0.734211 0
24.6 0.734211 0
25.2 0.734211 0
25.8 0.734211 0
26.4 0.734211 0
27 0.734211 0
27.6 0.734211 0
28.2 0.734211 0
28.8 0.734211 0
29.4 0.734211 0
30 0.734211 0
-30 0.786842 0
-29.4 0.786842 0
-28.8 0.786842 0
-28.2 0.786842 0
-27.6 0.786842 0
-27 0.786842 0
-26.4 0.786842 0
-25.8 0.786842 0
-25.2 0.786842 0
-24.6 0.786842 0
-24 0.786842 0
-23.4 0.786842 0
-22.8 0.786842 0
-22.2 0.786842 0
-21.6 0.786842 0
-21 0.786842 0
-20.4 0.786842 0
-19.8 0.786842 0
-19.2 0.786842 0
-18.6 0.786842 0
-18 0.786842 0
-17.4 0.786842 0
-16.8 0.786842 0
-16.2 0.786842 0
-15.6 0.786842 0
-15 0.786842 0
-14.4 0.786842 0
-13.8 0.786842 0
-13.2 0.786842 0
-12.6 0.786842 0
-12 0.786842 0
-11.4 0.786842 0
-10.8 0.786842 0
-10.2 0.786842 0
-9.6 0.786842 0
-9 0.786842 0
-8.4 0.786842 0
-7.8 0.786842 0
-7.2 0.786842 0
-6.6 0.786842 0
-6 0.786842 0
-5.4 0.786842 0
-4.8 0.786842 0
-4.2 0.786842 0
-3.6 0.786842 0
-3 0.786842 0
-2.4 0.786842 0
-1.8 0.786842 0
-1.2 0.786842 0
-0.6 0.786842 0
0 0.786842 0
0.6 0.786842 -1.02734e-05
1.2 0.786842 -1.47709e-05
1.8 0.786842 -1.48692e-05
2.4 0.786842 -1.05941e-05
3 0.786842 -4.12671e-06
3.6 0.786842 1.69835e-06
4.2 0.786842 4.92463e-06
4.8 0.786842 5.17955e-06
5.4 0.786842 3.41004e-06
6 0.786842 1.06646e-06
6.6 0.786842 -6.91515e-07
7.2 0.786842 -1.39157e-06
7.8 0.786842 -1.19529e-06
8.4 0.786842 -5.7954e-07
9 0.786842 0
9.6 0.786842 0
10.2 0.786842 0
10.8 0.786842 0
11.4 0.786842 0
12 0.786842 0
12.6 0.786842 0
13.2 0.786842 0
13.8 0.786842 0
14.4 0.786842 0
15 0.786842 0
15.6 0.786842 0
16.2 0.786842 0
16.8 0.786842 0
17.4 0.786842 0
18 0.786842 0
18.6 0.786842 0
19.2 0.786842 0
19.8 0.786842 0
20.4 0.786842 0
21 0.786842 0
21.6 0.786842 0
22.2 0.786842 0
22.8 0.786842 0
23.4 0.786842 0
24 0.786842 0
24.6 0.786842 0
25.2 0.786842 0
25.8 0.786842 0
26.4 0.786842 0
27 0.786842 0
27.6 0.786842 0
28.2 0.786842 0
28.8 0.786842 0
29.4 0.786842 0
30 0.786842 0
-30 0.839474 0
-29.4 0.839474 0
-28.8 0.839474 0
-28.2 0.839474 0
-27.6 0.839474 0
-27 0.839474 0
-26.4 0.839474 0
-25.8 0.839474 0
-25.2 0.839474 0
-24.6 0.839474 0
-24 0.839474 0
-23.4 0.839474 0
-22.8 0.839474 0
-22.2 0.839474 0
-21.6 0.839474 0
-21 0.839474 0
-20.4 0.839474 0
-19.8 0.839474 0
-19.2 0.839474 0
-18.6 0.839474 0
-18 0.839474 0
-17.4 0.839474 0
-16.8 0.839474 0
-16.2 0.839474 0
-15.6 0.839474 0
-15 0.839474 0
-14.4 0.839474 0
-13.8 0.839474 0
-13.2 0.839474 0
-12.6 0.839474 0
-12 0.839474 0
-11.4 0.839474 0
-10.8 0.839474 0
-10.2 0.839474 0
-9.6 0.839474 0
-9 0.839474 0
-8.4 0.839474 0
-7.8 0.839474 0
-7.2 0.839474 0
-6.6 0.839474 0
-6 0.839474 0
-5.4 0.839474 0
-4.8 0.839474 0
-4.2 0.839474 0
-3.6 0.839474 0
-3 0.839474 0
-2.4 0.839474 0
-1.8 0.839474 0
-1.2 0.839474 0
-0.6 0.839474 0
0 0.839474 0
0.6 0.839474 -7.77564e-06
1.2 0.839474 -1.17023e-05
1.8 0.839474 -1.19821e-05
2.4 0.839474 -8.59692e-06
3 0.839474 -3.36036e-06
3.6 0.839474 1.37055e-06
4.2 0.839474 3.98232e-06
4.8 0.839474 4.17694e-06
5.4 0.839474 2.73535e-06
6 0.839474 8.39444e-07
6.6 0.839474 -5.73821e-07
7.2 0.839474 -1.12832e-06
7.8 0.839474 -9.60254e-07
8.4 0.839474 -4.58113e-07
9 0.839474 0
9.6 0.839474 0
10.2 0.839474 0
10.8 0.839474 0
11.4 0.839474 0
12 0.839474 0
12.6 0.839474 0
13.2 0.839474 0
13.8 0.839474 0
14.4 0.839474 0
15 0.839474 0
15.6 0.839474 0
16.2 0.839474 0
16.8 0.839474 0
17.4 0.839474 0
18 0.839474 0
18.6 0.839474 0
19.2 0.839474 0
19.8 0.839474 0
20.4 0.839474 0
21 0.839474 0
21.6 0.839474 0
22.2 0.839474 0
22.8 0.839474 0
23.4 0.839474 0
24 0.839474 0
24.6 0.839474 0
25.2 0.839474 0
25.8 0.839474 0
26.4 0.839474 0
27 0.839474 0
27.6 0.839474 0
28.2 0.839474 0
28.8 0.839474 0
29.4 0.839474 0
30 0.839474 0
-30 0.892105 0
-29.4 0.892105 0
-28.8 0.892105 0
-28.2 0.892105 0
-27.6 0.892105 0
-27 0.892105 0
-26.4 0.892105 0
-25.8 0.892105 0
-25.2 0.892105 0
-24.6 0.892105 0
-24 0.892105 0
-23.4 0.892105 0
-22.8 0.892105 0
-22.2 0.892105 0
-21.6 0.892105 0
-21 0.892105 0
-20.4 0.892105 0
-19.8 0.892105 0
-19.2 0.892105 0
-18.6 0.892105 0
-18 0.892105 0
-17.4 0.892105 0
-16.8 0.892105 0
-16.2 0.892105 0
-15.6 0.892105 0
-15 0.892105 0
-14.4 0.892105 0
-13.8 0.892105 0
-13.2 0.892105 0
-12.6 0.892105 0
-12 0.892105 0
-11.4 0.892105 0
-10.8 0.892105 0
-10.2 0.892105 0
-9.6 0.892105 0
-9 0.892105 0
-8.4 0.892105 0
-7.8 0.892105 0
-7.2 0.892105 0
-6.6 0.892105 0
-6 0.892105 0
-5.4 0.892105 0
-4.8 0.892105 0
-4.2 0.892105 0
-3.6 0.892105 0
-3 0.892105 0
-2.4 0.892105 0
-1.8 0.892105 0
-1.2 0.892105 0
-0.6 0.892105 0
0 0.892105 0
0.6 0.892105 -5.5409e-06
1.2 0.892105 -8.72794e-06
1.8 0.892105 -9.06373e-06
2.4 0.892105 -6.52479e-06
3 0.892105 -2.54147e-06
3.6 0.892105 1.05066e-06
4.2 0.892105 3.01772e-06
4.8 0.892105 3.14784e-06
5.4 0.892105 2.04719e-06
6 0.892105 6.14634e-07
6.6 0.892105 -4.45142e-07
7.2 0.892105 -8.54102e-07
7.8 0.892105 -7.19819e-07
8.4 0.892105 -3.37729e-07
9 0.892105 0
9.6 0.892105 0
10.2 0.892105 0
10.8 0.892105 0
11.4 0.892105 0
12 0.892105 0
12.6 0.892105 0
13.2 0.892105 0
13.8 0.892105 0
14.4 0.892105 0
15 0.892105 0
15.6 0.892105 0
16.2 0.892105 0
16.8 0.892105 0
17.4 0.892105 0
18 0.892105 0
18.6 0.892105 0
19.2 0.892105 0
19.8 0.892105 0
20.4 0.892105 0
21 0.892105 0
21.6 0.892105 0
22.2 0.892105 0
22.8 0.892105 0
23.4 0.892105 0
24 0.892105 0
24.6 0.892105 0
25.2 0.892105 0
25.8 0.892105 0
26.4 0.892105 0
27 0.892105 0
27.6 0.892105 0
28.2 0.892105 0
28.8 0.892105 0
29.4 0.892105 0
30 0.892105 0
-30 0.944737 0
-29.4 0.944737 0
-28.8 0.944737 0
-28.2 0.944737 0
-27.6 0.944737 0
-27 0.944737 0
-26.4 0.944737 0
-25.8 0.944737 0
-25.2 0.944737 0
-24.6 0.944737 0
-24 0.944737 0
-23.4 0.944737 0
-22.8 0.944737 0
-22.2 0.944737 0
-21.6 0.944737 0
-21 0.944737 0
-20.4 0.944737 0
-19.8 0.944737 0
-19.2 0.944737 0
-18.6 0.944737 0
-18 0.944737 0
-17.4 0.944737 0
-16.8 0.944737 0
-16.2 0.944737 0
-15.6 0.944737 0
-15 0.944737 0
-14.4 0.944737 0
-13.8 0.944737 0
-13.2 0.944737 0
-12.6 0.944737 0
-12 0.944737 0
-11.4 0.944737 0
-10.8 0.944737 0
-10.2 0.944737 0
-9.6 0.944737 0
-9 0.944737 0
-8.4 0.944737 0
-7.8 0.944737 0
-7.2 0.944737 0
-6.6 0.944737 0
-6 0.944737 0
-5.4 0.944737 0
-4.8 0.944737 0
-4.2 0.944737 0
-3.6 0.944737 0
-3 0.944737 0
-2.4 0.944737 0
-1.8 0.944737 0
-1.2 0.944737 0
-0.6 0.944737 0
0 0.944737 0
0.6 0.944737 -3.55834e-06
1.2 0.944737 -5.83203e-06
1.8 0.944737 -6.10528e-06
2.4 0.944737 -4.38194e-06
3 0.944737 -1.68121e-06
3.6 0.944737 7.31334e-07
4.2 0.944737 2.03208e-06
4.8 0.944737 2.09843e-06
5.4 0.944737 1.3504e-06
6 0.944737 3.92526e-07
6.6 0.944737 -3.08151e-07
7.2 0.944737 -5.71953e-07
7.8 0.944737 -4.75496e-07
8.4 0.944737 -2.18108e-07
9 0.944737 0
9.6 0.944737 0
10.2 0.944737 0
10.8 0.944737 0
11.4 0.944737 0
12 0.944737 0
12.6 0.944737 0
13.2 0.944737 0
13.8 0.944737 0
14.4 0.944737 0
15 0.944737 0
15.6 0.944737 0
16.2 0.944737 0
16.8 0.944737 0
17.4 0.944737 0
18 0.944737 0
18.6 0.944737 0
19.2 0.944737 0
19.8 0.944737 0
20.4 0.944737 0
21 0.944737 0
21.6 0.944737 0
22.2 0.944737 0
22.8 0.944737 0
23.4 0.944737 0
24 0.944737 0
24.6 0.944737 0
25.2 0.944737 0
25.8 0.944737 0
26.4 0.944737 0
27 0.944737 0
27.6 0.944737 0
28.2 0.944737 0
28.8 0.944737 0
29.4 0.944737 0
30 0.944737 0
-30 0.997368 0
-29.4 0.997368 0
-28.8 0.997368 0
-28.2 0.997368 0
-27.6 0.997368 0
-27 0.997368 0
-26.4 0.997368 0
-25.8 0.997368 0
-25.2 0.997368 0
-24.6 0.997368 0
-24 0.997368 0
-23.4 0.997368 0
-22.8 0.997368 0
-22.2 0.997368 0
-21.6 0.997368 0
-21 0.997368 0
-20.4 0.997368 0
-19.8 0.997368 0
-19.2 0.997368 0
-18.6 0.997368 0
-18 0.997368 0
-17.4 0.997368 0
-16.8 0.997368 0
-16.2 0.997368 0
-15.6 0.997368 0
-15 0.997368 0
-14.4 0.997368 0
-13.8 0.997368 0
-13.2 0.997368 0
-12.6 0.997368 0
-12 0.997368 0
-11.4 0.997368 0
-10.8 0.997368 0
-10.2 0.997368 0
-9.6 0.997368 0
-9 0.997368 0
-8.4 0.997368 0
-7.8 0.997368 0
-7.2 0.997368 0
-6.6 0.997368 0
-6 0.997368 0
-5.4 0.997368 0
-4.8 0.997368 0
-4.2 0.997368 0
-3.6 0.997368 0
-3 0.997368 0
-2.4 0.997368 0
-1.8 0.997368 0
-1.2 0.997368 0
-0.6 0.997368 0
0 0.997368 0
0.6 0.997368 -1.81271e-06
1.2 0.997368 -2.99031e-06
1.8 0.997368 -3.09606e-06
2.4 0.997368 -2.17811e-06
3 0.997368 -7.95481e-07
3.6 0.997368 4.05905e-07
4.2 0.997368 1.02973e-06
4.8 0.997368 1.03634e-06
5.4 0.997368 6.49193e-07
6 0.997368 1.72626e-07
6.6 0.997368 -1.658e-07
7.2 0.997368 -2.847e-07
7.8 0.997368 -2.28605e-07
8.4 0.997368 -9.89654e-08
9 0.997368 0
9.6 0.997368 0
10.2 0.997368 0
10.8 0.997368 0
11.4 0.997368 0
12 0.997368 0
12.6 0.997368 0
13.2 0.997368 0
13.8 0.997368 0
14.4 0.997368 0
15 0.997368 0
15.6 0.997368 0
16.2 0.997368 0
16.8 0.997368 0
17.4 0.997368 0
18 0.997368 0
18.6 0.997368 0
19.2 0.997368 0
19.8 0.997368 0
20.4 0.997368 0
21 0.997368 0
21.6 0.997368 0
22.2 0.997368 0
22.8 0.997368 0
23.4 0.997368 0
24 0.997368 0
24.6 0.997368 0
25.2 0.997368 0
25.8 0.997368 0
26.4 0.997368 0
27 0.997368 0
27.6 0.997368 0
28.2 0.997368 0
28.8 0.997368 0
29.4 0.997368 0
30 0.997368 0
-30 1.05 0
-29.4 1.05 0
-28.8 1.05 0
-28.2 1.05 0
-27.6 1.05 0
-27 1.05 0
-26.4 1.05 0
-25.8 1.05 0
-25.2 1.05 0
-24.6 1.05 0
-24 1.05 0
-23.4 1.05 0
-22.8 1.05 0
-22.2 1.05 0
-21.6 1.05 0
-21 1.05 0
-20.4 1.05 0
-19.8 1.05 0
-19.2 1.05 0
-18.6 1.05 0
-18 1.05 0
-17.4 1.05 0
-16.8 1.05 0
-16.2 1.05 0
-15.6 1.05 0
-15 1.05 0
-14.4 1.05 0
-13.8 1.05 0
-13.2 1.05 0
-12.6 1.05 0
-12 1.05 0
-11.4 1.05 0
-10.8 1.05 0
-10.2 1.05 0
-9.6 1.05 0
-9 1.05 0
-8.4 1.05 0
-7.8 1.05 0
-7.2 1.05 0
-6.6 1.05 0
-6 1.05 0
-5.4 1.05 0
-4.8 1.05 0
-4.2 1.05 0
-3.6 1.05 0
-3 1.05 0
-2.4 1.05 0
-1.8 1.05 0
-1.2 1.05 0
-0.6 1.05 0
0 1.05 0
0.6 1.05 0
1.2 1.05 0
1.8 1.05 0
2.4 1.05 0
3 1.05 0
3.6 1.05 0
4.2 1.05 0
4.8 1.05 0
5.4 1.05 0
6 1.05 0
6.6 1.05 0
7.2 1.05 0
7.8 1.05 0
8.4 1.05 0
9 1.05 0
9.6 1.05 0
10.2 1.05 0
10.8 1.05 0
11.4 1.05 0
12 1.05 0
12.6 1.05 0
13.2 1.05 0
13.8 1.05 0
14.4 1.05 0
15 1.05 0
15.6 1.05 0
16.2 1.05 0
16.8 1.05 0
17.4 1.05 0
18 1.05 0
18.6 1.05 0
19.2 1.05 0
19.8 1.05 0
20.4 1.05 0
21 1.05 0
21.6 1.05 0
22.2 1.05 0
22.8 1.05 0
23.4 1.05 0
24 1.05 0
24.6 1.05 0
25.2 1.05 0
25.8 1.05 0
26.4 1.05 0
27 1.05 0
27.6 1.05 0
28.2 1.05 0
28.8 1.05 0
29.4 1.05 0
30 1.05 0
