-30 0.1 0
-29.4 0.1 0
-28.8 0.1 0
-28.2 0.1 0
-27.6 0.1 0
-27 0.1 0
-26.4 0.1 0
-25.8 0.1 0
-25.2 0.1 0
-24.6 0.1 0
-24 0.1 0
-23.4 0.1 0
-22.8 0.1 0
-22.2 0.1 0
-21.6 0.1 0
-21 0.1 0
-20.4 0.1 0
-19.8 0.1 0
-19.2 0.1 0
-18.6 0.1 0
-18 0.1 0
-17.4 0.1 0
-16.8 0.1 0
-16.2 0.1 0
-15.6 0.1 0
-15 0.1 0
-14.4 0.1 0
-13.8 0.1 0
-13.2 0.1 0
-12.6 0.1 0
-12 0.1 0
-11.4 0.1 0
-10.8 0.1 0
-10.2 0.1 -3.60731e-06
-9.6 0.1 -3.349e-06
-9 0.1 -3.06807e-06
-8.4 0.1 -2.76531e-06
-7.8 0.1 -2.44426e-06
-7.2 0.1 -2.11527e-06
-6.6 0.1 -1.79826e-06
-6 0.1 -1.52077e-06
-5.4 0.1 -1.30817e-06
-4.8 0.1 -1.16586e-06
-4.2 0.1 -1.05909e-06
-3.6 0.1 -9.02265e-07
-3 0.1 -5.72633e-07
-2.4 0.1 4.11345e-08
-1.8 0.1 9.59958e-07
-1.2 0.1 2.03544e-06
-0.6 0.1 2.93797e-06
0 0.1 3.29151e-06
0.6 0.1 2.92426e-06
1.2 0.1 2.00831e-06
1.8 0.1 9.23814e-07
2.4 0.1 6.91686e-09
3 0.1 -5.90438e-07
3.6 0.1 -8.92564e-07
4.2 0.1 -1.01964e-06
4.8 0.1 -1.10309e-06
5.4 0.1 -1.23185e-06
6 0.1 -1.43757e-06
6.6 0.1 -1.7084e-06
7.2 0.1 -2.01382e-06
7.8 0.1 -2.32534e-06
8.4 0.1 -2.62613e-06
9 0.1 -2.91068e-06
9.6 0.1 -3.17947e-06
10.2 0.1 0
10.8 0.1 0
11.4 0.1 0
12 0.1 0
12.6 0.1 0
13.2 0.1 0
13.8 0.1 0
14.4 0.1 0
15 0.1 0
15.6 0.1 0
16.2 0.1 0
16.8 0.1 0
17.4 0.1 0
18 0.1 0
18.6 0.1 0
19.2 0.1 0
19.8 0.1 0
20.4 0.1 0
21 0.1 0
21.6 0.1 0
22.2 0.1 0
22.8 0.1 0
23.4 0.1 0
24 0.1 0
24.6 0.1 0
25.2 0.1 0
25.8 0.1 0
26.4 0.1 0
27 0.1 0
27.6 0.1 0
28.2 0.1 0
28.8 0.1 0
29.4 0.1 0
30 0.1 0
-30 0.211111 0
-29.4 0.211111 0
-28.8 0.211111 0
-28.2 0.211111 0
-27.6 0.211111 0
-27 0.211111 0
-26.4 0.211111 0
-25.8 0.211111 0
-25.2 0.211111 0
-24.6 0.211111 0
-24 0.211111 0
-23.4 0.211111 0
-22.8 0.211111 0
-22.2 0.211111 0
-21.6 0.211111 0
-21 0.211111 0
-20.4 0.211111 0
-19.8 0.211111 0
-19.2 0.211111 0
-18.6 0.211111 0
-18 0.211111 0
-17.4 0.211111 0
-16.8 0.211111 0
-16.2 0.211111 0
-15.6 0.211111 0
-15 0.211111 0
-14.4 0.211111 0
-13.8 0.211111 0
-13.2 0.211111 0
-12.6 0.211111 0
-12 0.211111 0
-11.4 0.211111 0
-10.8 0.211111 0
-10.2 0.211111 -3.23446e-06
-9.6 0.211111 -3.00531e-06
-9 0.211111 -2.75639e-06
-8.4 0.211111 -2.48843e-06
-7.8 0.211111 -2.20367e-06
-7.2 0.211111 -1.90938e-06
-6.6 0.211111 -1.6212e-06
-6 0.211111 -1.36295e-06
-5.4 0.211111 -1.15936e-06
-4.8 0.211111 -1.0205e-06
-4.2 0.211111 -9.21962e-07
-3.6 0.211111 -7.91464e-07
-3 0.211111 -5.17162e-07
-2.4 0.211111 1.00076e-08
-1.8 0.211111 8.21308e-07
-1.2 0.211111 1.79033e-06
-0.6 0.211111 2.6146e-06
0 0.211111 2.94041e-06
0.6 0.211111 2.60454e-06
1.2 0.211111 1.77023e-06
1.8 0.211111 7.94695e-07
2.4 0.211111 -1.3816e-08
3 0.211111 -5.25705e-07
3.6 0.211111 -7.74974e-07
4.2 0.211111 -8.77848e-07
4.8 0.211111 -9.52891e-07
5.4 0.211111 -1.07458e-06
6 0.211111 -1.26459e-06
6.6 0.211111 -1.5081e-06
7.2 0.211111 -1.77735e-06
7.8 0.211111 -2.04906e-06
8.4 0.211111 -2.311e-06
9 0.211111 -2.56013e-06
9.6 0.211111 -2.79734e-06
10.2 0.211111 -3.02319e-06
10.8 0.211111 0
11.4 0.211111 0
12 0.211111 0
12.6 0.211111 0
13.2 0.211111 0
13.8 0.211111 0
14.4 0.211111 0
15 0.211111 0
15.6 0.211111 0
16.2 0.211111 0
16.8 0.211111 0
17.4 0.211111 0
18 0.211111 0
18.6 0.211111 0
19.2 0.211111 0
19.8 0.211111 0
20.4 0.211111 0
21 0.211111 0
21.6 0.211111 0
22.2 0.211111 0
22.8 0.211111 0
23.4 0.211111 0
24 0.211111 0
24.6 0.211111 0
25.2 0.211111 0
25.8 0.211111 0
26.4 0.211111 0
27 0.211111 0
27.6 0.211111 0
28.2 0.211111 0
28.8 0.211111 0
29.4 0.211111 0
30 0.211111 0
-30 0.322222 0
-29.4 0.322222 0
-28.8 0.322222 0
-28.2 0.322222 0
-27.6 0.322222 0
-27 0.322222 0
-26.4 0.322222 0
-25.8 0.322222 0
-25.2 0.322222 0
-24.6 0.322222 0
-24 0.322222 0
-23.4 0.322222 0
-22.8 0.322222 0
-22.2 0.322222 0
-21.6 0.322222 0
-21 0.322222 0
-20.4 0.322222 0
-19.8 0.322222 0
-19.2 0.322222 0
-18.6 0.322222 0
-18 0.322222 0
-17.4 0.322222 0
-16.8 0.322222 0
-16.2 0.322222 0
-15.6 0.322222 0
-15 0.322222 0
-14.4 0.322222 0
-13.8 0.322222 0
-13.2 0.322222 0
-12.6 0.322222 0
-12 0.322222 0
-11.4 0.322222 0
-10.8 0.322222 0
-10.2 0.322222 -2.85485e-06
-9.6 0.322222 -2.65456e-06
-9 0.322222 -2.43712e-06
-8.4 0.322222 -2.20353e-06
-7.8 0.322222 -1.95519e-06
-7.2 0.322222 -1.69682e-06
-6.6 0.322222 -1.43998e-06
-6 0.322222 -1.20426e-06
-5.4 0.322222 -1.0127e-06
-4.8 0.322222 -8.78876e-07
-4.2 0.322222 -7.87978e-07
-3.6 0.322222 -6.81333e-07
-3 0.322222 -4.59242e-07
-2.4 0.322222 -1.64661e-08
-1.8 0.322222 6.87619e-07
-1.2 0.322222 1.54877e-06
-0.6 0.322222 2.29281e-06
0 0.322222 2.58976e-06
0.6 0.322222 2.28566e-06
1.2 0.322222 1.53432e-06
1.8 0.322222 6.68704e-07
2.4 0.322222 -3.19824e-08
3 0.322222 -4.60707e-07
3.6 0.322222 -6.60266e-07
4.2 0.322222 -7.41539e-07
4.8 0.322222 -8.09223e-07
5.4 0.322222 -9.23284e-07
6 0.322222 -1.09625e-06
6.6 0.322222 -1.3114e-06
7.2 0.322222 -1.54441e-06
7.8 0.322222 -1.77721e-06
8.4 0.322222 -2.00168e-06
9 0.322222 -2.21659e-06
9.6 0.322222 -2.42288e-06
10.2 0.322222 -2.62047e-06
10.8 0.322222 0
11.4 0.322222 0
12 0.322222 0
12.6 0.322222 0
13.2 0.322222 0
13.8 0.322222 0
14.4 0.322222 0
15 0.322222 0
15.6 0.322222 0
16.2 0.322222 0
16.8 0.322222 0
17.4 0.322222 0
18 0.322222 0
18.6 0.322222 0
19.2 0.322222 0
19.8 0.322222 0
20.4 0.322222 0
21 0.322222 0
21.6 0.322222 0
22.2 0.322222 0
22.8 0.322222 0
23.4 0.322222 0
24 0.322222 0
24.6 0.322222 0
25.2 0.322222 0
25.8 0.322222 0
26.4 0.322222 0
27 0.322222 0
27.6 0.322222 0
28.2 0.322222 0
28.8 0.322222 0
29.4 0.322222 0
30 0.322222 0
-30 0.433333 0
-29.4 0.433333 0
-28.8 0.433333 0
-28.2 0.433333 0
-27.6 0.433333 0
-27 0.433333 0
-26.4 0.433333 0
-25.8 0.433333 0
-25.2 0.433333 0
-24.6 0.433333 0
-24 0.433333 0
-23.4 0.433333 0
-22.8 0.433333 0
-22.2 0.433333 0
-21.6 0.433333 0
-21 0.433333 0
-20.4 0.433333 0
-19.8 0.433333 0
-19.2 0.433333 0
-18.6 0.433333 0
-18 0.433333 0
-17.4 0.433333 0
-16.8 0.433333 0
-16.2 0.433333 0
-15.6 0.433333 0
-15 0.433333 0
-14.4 0.433333 0
-13.8 0.433333 0
-13.2 0.433333 0
-12.6 0.433333 0
-12 0.433333 0
-11.4 0.433333 0
-10.8 0.433333 0
-10.2 0.433333 -2.46841e-06
-9.6 0.433333 -2.29681e-06
-9 0.433333 -2.11044e-06
-8.4 0.433333 -1.91069e-06
-7.8 0.433333 -1.69865e-06
-7.2 0.433333 -1.47712e-06
-6.6 0.433333 -1.25392e-06
-6 0.433333 -1.04413e-06
-5.4 0.433333 -8.68045e-07
-4.8 0.433333 -7.41246e-07
-4.2 0.433333 -6.57581e-07
-3.6 0.433333 -5.72128e-07
-3 0.433333 -3.9871e-07
-2.4 0.433333 -3.78018e-08
-1.8 0.433333 5.59313e-07
-1.2 0.433333 1.31073e-06
-0.6 0.433333 1.97207e-06
0 0.433333 2.23884e-06
0.6 0.433333 1.96716e-06
1.2 0.433333 1.30069e-06
1.8 0.433333 5.46455e-07
2.4 0.433333 -4.69074e-08
3 0.433333 -3.95123e-07
3.6 0.433333 -5.48595e-07
4.2 0.433333 -6.11121e-07
4.8 0.433333 -6.72388e-07
5.4 0.433333 -7.77932e-07
6 0.433333 -9.32215e-07
6.6 0.433333 -1.11788e-06
7.2 0.433333 -1.31469e-06
7.8 0.433333 -1.50968e-06
8.4 0.433333 -1.69815e-06
9 0.433333 -1.88003e-06
9.6 0.433333 -2.05596e-06
10.2 0.433333 -2.22529e-06
10.8 0.433333 0
11.4 0.433333 0
12 0.433333 0
12.6 0.433333 0
13.2 0.433333 0
13.8 0.433333 0
14.4 0.433333 0
15 0.433333 0
15.6 0.433333 0
16.2 0.433333 0
16.8 0.433333 0
17.4 0.433333 0
18 0.433333 0
18.6 0.433333 0
19.2 0.433333 0
19.8 0.433333 0
20.4 0.433333 0
21 0.433333 0
21.6 0.433333 0
22.2 0.433333 0
22.8 0.433333 0
23.4 0.433333 0
24 0.433333 0
24.6 0.433333 0
25.2 0.433333 0
25.8 0.433333 0
26.4 0.433333 0
27 0.433333 0
27.6 0.433333 0
28.2 0.433333 0
28.8 0.433333 0
29.4 0.433333 0
30 0.433333 0
-30 0.544444 0
-29.4 0.544444 0
-28.8 0.544444 0
-28.2 0.544444 0
-27.6 0.544444 0
-27 0.544444 0
-26.4 0.544444 0
-25.8 0.544444 0
-25.2 0.544444 0
-24.6 0.544444 0
-24 0.544444 0
-23.4 0.544444 0
-22.8 0.544444 0
-22.2 0.544444 0
-21.6 0.544444 0
-21 0.544444 0
-20.4 0.544444 0
-19.8 0.544444 0
-19.2 0.544444 0
-18.6 0.544444 0
-18 0.544444 0
-17.4 0.544444 0
-16.8 0.544444 0
-16.2 0.544444 0
-15.6 0.544444 0
-15 0.544444 0
-14.4 0.544444 0
-13.8 0.544444 0
-13.2 0.544444 0
-12.6 0.544444 0
-12 0.544444 0
-11.4 0.544444 0
-10.8 0.544444 0
-10.2 0.544444 -2.07504e-06
-9.6 0.544444 -1.93208e-06
-9 0.544444 -1.7765e-06
-8.4 0.544444 -1.61009e-06
-7.8 0.544444 -1.43399e-06
-7.2 0.544444 -1.24982e-06
-6.6 0.544444 -1.06226e-06
-6 0.544444 -8.81868e-07
-5.4 0.544444 -7.25095e-07
-4.8 0.544444 -6.0791e-07
-4.2 0.544444 -5.31391e-07
-3.6 0.544444 -4.64271e-07
-3 0.544444 -3.35404e-07
-2.4 0.544444 -5.33352e-08
-1.8 0.544444 4.37033e-07
-1.2 0.544444 1.07626e-06
-0.6 0.544444 1.65168e-06
0 0.544444 1.88666e-06
0.6 0.544444 1.64843e-06
1.2 0.544444 1.06957e-06
1.8 0.544444 4.28782e-07
2.4 0.544444 -5.77375e-08
3 0.544444 -3.28638e-07
3.6 0.544444 -4.40283e-07
4.2 0.544444 -4.87184e-07
4.8 0.544444 -5.42745e-07
5.4 0.544444 -6.38409e-07
6 0.544444 -7.72025e-07
6.6 0.544444 -9.27043e-07
7.2 0.544444 -1.08794e-06
7.8 0.544444 -1.24645e-06
8.4 0.544444 -1.40046e-06
9 0.544444 -1.55041e-06
9.6 0.544444 -1.69645e-06
10.2 0.544444 -1.83748e-06
10.8 0.544444 0
11.4 0.544444 0
12 0.544444 0
12.6 0.544444 0
13.2 0.544444 0
13.8 0.544444 0
14.4 0.544444 0
15 0.544444 0
15.6 0.544444 0
16.2 0.544444 0
16.8 0.544444 0
17.4 0.544444 0
18 0.544444 0
18.6 0.544444 0
19.2 0.544444 0
19.8 0.544444 0
20.4 0.544444 0
21 0.544444 0
21.6 0.544444 0
22.2 0.544444 0
22.8 0.544444 0
23.4 0.544444 0
24 0.544444 0
24.6 0.544444 0
25.2 0.544444 0
25.8 0.544444 0
26.4 0.544444 0
27 0.544444 0
27.6 0.544444 0
28.2 0.544444 0
28.8 0.544444 0
29.4 0.544444 0
30 0.544444 0
-30 0.655556 0
-29.4 0.655556 0
-28.8 0.655556 0
-28.2 0.655556 0
-27.6 0.655556 0
-27 0.655556 0
-26.4 0.655556 0
-25.8 0.655556 0
-25.2 0.655556 0
-24.6 0.655556 0
-24 0.655556 0
-23.4 0.655556 0
-22.8 0.655556 0
-22.2 0.655556 0
-21.6 0.655556 0
-21 0.655556 0
-20.4 0.655556 0
-19.8 0.655556 0
-19.2 0.655556 0
-18.6 0.655556 0
-18 0.655556 0
-17.4 0.655556 0
-16.8 0.655556 0
-16.2 0.655556 0
-15.6 0.655556 0
-15 0.655556 0
-14.4 0.655556 0
-13.8 0.655556 0
-13.2 0.655556 0
-12.6 0.655556 0
-12 0.655556 0
-11.4 0.655556 0
-10.8 0.655556 0
-10.2 0.655556 -1.67453e-06
-9.6 0.655556 -1.56028e-06
-9 0.655556 -1.43546e-06
-8.4 0.655556 -1.30199e-06
-7.8 0.655556 -1.16131e-06
-7.2 0.655556 -1.01456e-06
-6.6 0.655556 -8.64192e-07
-6 0.655556 -7.16511e-07
-5.4 0.655556 -5.83369e-07
-4.8 0.655556 -4.79183e-07
-4.2 0.655556 -4.10287e-07
-3.6 0.655556 -3.58473e-07
-3 0.655556 -2.69211e-07
-2.4 0.655556 -6.21396e-08
-1.8 0.655556 3.21782e-07
-1.2 0.655556 8.45556e-07
-0.6 0.655556 1.33074e-06
0 0.655556 1.53182e-06
0.6 0.655556 1.32867e-06
1.2 0.655556 8.41291e-07
1.8 0.655556 3.1688e-07
2.4 0.655556 -6.33557e-08
3 0.655556 -2.60983e-07
3.6 0.655556 -3.35941e-07
4.2 0.655556 -3.7058e-07
4.8 0.655556 -4.20683e-07
5.4 0.655556 -5.04422e-07
6 0.655556 -6.15021e-07
6.6 0.655556 -7.38361e-07
7.2 0.655556 -8.63985e-07
7.8 0.655556 -9.87596e-07
8.4 0.655556 -1.10871e-06
9 0.655556 -1.22769e-06
9.6 0.655556 -1.34414e-06
10.2 0.655556 -1.4568e-06
10.8 0.655556 0
11.4 0.655556 0
12 0.655556 0
12.6 0.655556 0
13.2 0.655556 0
13.8 0.655556 0
14.4 0.655556 0
15 0.655556 0
15.6 0.655556 0
16.2 0.655556 0
16.8 0.655556 0
17.4 0.655556 0
18 0.655556 0
18.6 0.655556 0
19.2 0.655556 0
19.8 0.655556 0
20.4 0.655556 0
21 0.655556 0
21.6 0.655556 0
22.2 0.655556 0
22.8 0.655556 0
23.4 0.655556 0
24 0.655556 0
24.6 0.655556 0
25.2 0.655556 0
25.8 0.655556 0
26.4 0.655556 0
27 0.655556 0
27.6 0.655556 0
28.2 0.655556 0
28.8 0.655556 0
29.4 0.655556 0
30 0.655556 0
-30 0.766667 0
-29.4 0.766667 0
-28.8 0.766667 0
-28.2 0.766667 0
-27.6 0.766667 0
-27 0.766667 0
-26.4 0.766667 0
-25.8 0.766667 0
-25.2 0.766667 0
-24.6 0.766667 0
-24 0.766667 0
-23.4 0.766667 0
-22.8 0.766667 0
-22.2 0.766667 0
-21.6 0.766667 0
-21 0.766667 0
-20.4 0.766667 0
-19.8 0.766667 0
-19.2 0.766667 0
-18.6 0.766667 0
-18 0.766667 0
-17.4 0.766667 0
-16.8 0.766667 0
-16.2 0.766667 0
-15.6 0.766667 0
-15 0.766667 0
-14.4 0.766667 0
-13.8 0.766667 0
-13.2 0.766667 0
-12.6 0.766667 0
-12 0.766667 0
-11.4 0.766667 0
-10.8 0.766667 0
-10.2 0.766667 -1.26662e-06
-9.6 0.766667 -1.1812e-06
-9 0.766667 -1.08731e-06
-8.4 0.766667 -9.8671e-07
-7.8 0.766667 -8.80971e-07
-7.2 0.766667 -7.71266e-07
-6.6 0.766667 -6.58866e-07
-6 0.766667 -5.468e-07
-5.4 0.766667 -4.41993e-07
-4.8 0.766667 -3.55291e-07
-4.2 0.766667 -2.95494e-07
-3.6 0.766667 -2.55969e-07
-3 0.766667 -2.00221e-07
-2.4 0.766667 -6.28901e-08
-1.8 0.766667 2.15232e-07
-1.2 0.766667 6.19073e-07
-0.6 0.766667 1.00796e-06
0 0.766667 1.17228e-06
0.6 0.766667 1.00668e-06
1.2 0.766667 6.16485e-07
1.8 0.766667 2.12626e-07
2.4 0.766667 -6.22455e-08
3 0.766667 -1.92096e-07
3.6 0.766667 -2.36706e-07
4.2 0.766667 -2.62508e-07
4.8 0.766667 -3.06513e-07
5.4 0.766667 -3.75327e-07
6 0.766667 -4.60278e-07
6.6 0.766667 -5.5131e-07
7.2 0.766667 -6.42849e-07
7.8 0.766667 -7.3339e-07
8.4 0.766667 -8.23033e-07
9 0.766667 -9.11724e-07
9.6 0.766667 -9.98758e-07
10.2 0.766667 -1.08301e-06
10.8 0.766667 0
11.4 0.766667 0
12 0.766667 0
12.6 0.766667 0
13.2 0.766667 0
13.8 0.766667 0
14.4 0.766667 0
15 0.766667 0
15.6 0.766667 0
16.2 0.766667 0
16.8 0.766667 0
17.4 0.766667 0
18 0.766667 0
18.6 0.766667 0
19.2 0.766667 0
19.8 0.766667 0
20.4 0.766667 0
21 0.766667 0
21.6 0.766667 0
22.2 0.766667 0
22.8 0.766667 0
23.4 0.766667 0
24 0.766667 0
24.6 0.766667 0
25.2 0.766667 0
25.8 0.766667 0
26.4 0.766667 0
27 0.766667 0
27.6 0.766667 0
28.2 0.766667 0
28.8 0.766667 0
29.4 0.766667 0
30 0.766667 0
-30 0.877778 0
-29.4 0.877778 0
-28.8 0.877778 0
-28.2 0.877778 0
-27.6 0.877778 0
-27 0.877778 0
-26.4 0.877778 0
-25.8 0.877778 0
-25.2 0.877778 0
-24.6 0.877778 0
-24 0.877778 0
-23.4 0.877778 0
-22.8 0.877778 0
-22.2 0.877778 0
-21.6 0.877778 0
-21 0.877778 0
-20.4 0.877778 0
-19.8 0.877778 0
-19.2 0.877778 0
-18.6 0.877778 0
-18 0.877778 0
-17.4 0.877778 0
-16.8 0.877778 0
-16.2 0.877778 0
-15.6 0.877778 0
-15 0.877778 0
-14.4 0.877778 0
-13.8 0.877778 0
-13.2 0.877778 0
-12.6 0.877778 0
-12 0.877778 0
-11.4 0.877778 0
-10.8 0.877778 0
-10.2 0.877778 -8.51113e-07
-9.6 0.877778 -7.94497e-07
-9 0.877778 -7.3184e-07
-8.4 0.877778 -6.64398e-07
-7.8 0.877778 -5.93495e-07
-7.2 0.877778 -5.20307e-07
-6.6 0.877778 -4.4578e-07
-6 0.877778 -3.71146e-07
-5.4 0.877778 -2.9927e-07
-4.8 0.877778 -2.35992e-07
-4.2 0.877778 -1.88758e-07
-3.6 0.877778 -1.59036e-07
-3 0.877778 -1.29025e-07
-2.4 0.877778 -5.37275e-08
-1.8 0.877778 1.20236e-07
-1.2 0.877778 3.98085e-07
-0.6 0.877778 6.81434e-07
0 0.877778 8.04427e-07
0.6 0.877778 6.80646e-07
1.2 0.877778 3.96601e-07
1.8 0.877778 1.19077e-07
2.4 0.877778 -5.23487e-08
3 0.877778 -1.2242e-07
3.6 0.877778 -1.44752e-07
4.2 0.877778 -1.64669e-07
4.8 0.877778 -2.00108e-07
5.4 0.877778 -2.4976e-07
6 0.877778 -3.06631e-07
6.6 0.877778 -3.65655e-07
7.2 0.877778 -4.24925e-07
7.8 0.877778 -4.84189e-07
8.4 0.877778 -5.43416e-07
9 0.877778 -6.02235e-07
9.6 0.877778 -6.59987e-07
10.2 0.877778 -7.15912e-07
10.8 0.877778 0
11.4 0.877778 0
12 0.877778 0
12.6 0.877778 0
13.2 0.877778 0
13.8 0.877778 0
14.4 0.877778 0
15 0.877778 0
15.6 0.877778 0
16.2 0.877778 0
16.8 0.877778 0
17.4 0.877778 0
18 0.877778 0
18.6 0.877778 0
19.2 0.877778 0
19.8 0.877778 0
20.4 0.877778 0
21 0.877778 0
21.6 0.877778 0
22.2 0.877778 0
22.8 0.877778 0
23.4 0.877778 0
24 0.877778 0
24.6 0.877778 0
25.2 0.877778 0
25.8 0.877778 0
26.4 0.877778 0
27 0.877778 0
27.6 0.877778 0
28.2 0.877778 0
28.8 0.877778 0
29.4 0.877778 0
30 0.877778 0
-30 0.988889 0
-29.4 0.988889 0
-28.8 0.988889 0
-28.2 0.988889 0
-27.6 0.988889 0
-27 0.988889 0
-26.4 0.988889 0
-25.8 0.988889 0
-25.2 0.988889 0
-24.6 0.988889 0
-24 0.988889 0
-23.4 0.988889 0
-22.8 0.988889 0
-22.2 0.988889 0
-21.6 0.988889 0
-21 0.988889 0
-20.4 0.988889 0
-19.8 0.988889 0
-19.2 0.988889 0
-18.6 0.988889 0
-18 0.988889 0
-17.4 0.988889 0
-16.8 0.988889 0
-16.2 0.988889 0
-15.6 0.988889 0
-15 0.988889 0
-14.4 0.988889 0
-13.8 0.988889 0
-13.2 0.988889 0
-12.6 0.988889 0
-12 0.988889 0
-11.4 0.988889 0
-10.8 0.988889 0
-10.2 0.988889 -4.27943e-07
-9.6 0.988889 -3.9986e-07
-9 0.988889 -3.68616e-07
-8.4 0.988889 -3.34824e-07
-7.8 0.988889 -2.99197e-07
-7.2 0.988889 -2.62479e-07
-6.6 0.988889 -2.25348e-07
-6 0.988889 -1.884e-07
-5.4 0.988889 -1.52426e-07
-4.8 0.988889 -1.19099e-07
-4.2 0.988889 -9.14825e-08
-3.6 0.988889 -7.24816e-08
-3 0.988889 -5.87746e-08
-2.4 0.988889 -3.15939e-08
-1.8 0.988889 4.3181e-08
-1.2 0.988889 1.85049e-07
-0.6 0.988889 3.47547e-07
0 0.988889 4.22259e-07
0.6 0.988889 3.46984e-07
1.2 0.988889 1.84281e-07
1.8 0.988889 4.29002e-08
2.4 0.988889 -3.04128e-08
3 0.988889 -5.49465e-08
3.6 0.988889 -6.47038e-08
4.2 0.988889 -7.84418e-08
4.8 0.988889 -9.95878e-08
5.4 0.988889 -1.25457e-07
6 0.988889 -1.53313e-07
6.6 0.988889 -1.81897e-07
7.2 0.988889 -2.1089e-07
7.8 0.988889 -2.40194e-07
8.4 0.988889 -2.69618e-07
9 0.988889 -2.98857e-07
9.6 0.988889 -3.27558e-07
10.2 0.988889 -3.55366e-07
10.8 0.988889 0
11.4 0.988889 0
12 0.988889 0
12.6 0.988889 0
13.2 0.988889 0
13.8 0.988889 0
14.4 0.988889 0
15 0.988889 0
15.6 0.988889 0
16.2 0.988889 0
16.8 0.988889 0
17.4 0.988889 0
18 0.988889 0
18.6 0.988889 0
19.2 0.988889 0
19.8 0.988889 0
20.4 0.988889 0
21 0.988889 0
21.6 0.988889 0
22.2 0.988889 0
22.8 0.988889 0
23.4 0.988889 0
24 0.988889 0
24.6 0.988889 0
25.2 0.988889 0
25.8 0.988889 0
26.4 0.988889 0
27 0.988889 0
27.6 0.988889 0
28.2 0.988889 0
28.8 0.988889 0
29.4 0.988889 0
30 0.988889 0
-30 1.1 0
-29.4 1.1 0
-28.8 1.1 0
-28.2 1.1 0
-27.6 1.1 0
-27 1.1 0
-26.4 1.1 0
-25.8 1.1 0
-25.2 1.1 0
-24.6 1.1 0
-24 1.1 0
-23.4 1.1 0
-22.8 1.1 0
-22.2 1.1 0
-21.6 1.1 0
-21 1.1 0
-20.4 1.1 0
-19.8 1.1 0
-19.2 1.1 0
-18.6 1.1 0
-18 1.1 0
-17.4 1.1 0
-16.8 1.1 0
-16.2 1.1 0
-15.6 1.1 0
-15 1.1 0
-14.4 1.1 0
-13.8 1.1 0
-13.2 1.1 0
-12.6 1.1 0
-12 1.1 0
-11.4 1.1 0
-10.8 1.1 0
-10.2 1.1 0
-9.6 1.1 0
-9 1.1 0
-8.4 1.1 0
-7.8 1.1 0
-7.2 1.1 0
-6.6 1.1 0
-6 1.1 0
-5.4 1.1 0
-4.8 1.1 0
-4.2 1.1 0
-3.6 1.1 0
-3 1.1 0
-2.4 1.1 0
-1.8 1.1 0
-1.2 1.1 0
-0.6 1.1 0
0 1.1 0
0.6 1.1 0
1.2 1.1 0
1.8 1.1 0
2.4 1.1 0
3 1.1 0
3.6 1.1 0
4.2 1.1 0
4.8 1.1 0
5.4 1.1 0
6 1.1 0
6.6 1.1 0
7.2 1.1 0
7.8 1.1 0
8.4 1.1 0
9 1.1 0
9.6 1.1 0
10.2 1.1 0
10.8 1.1 0
11.4 1.1 0
12 1.1 0
12.6 1.1 0
13.2 1.1 0
13.8 1.1 0
14.4 1.1 0
15 1.1 0
15.6 1.1 0
16.2 1.1 0
16.8 1.1 0
17.4 1.1 0
18 1.1 0
18.6 1.1 0
19.2 1.1 0
19.8 1.1 0
20.4 1.1 0
21 1.1 0
21.6 1.1 0
22.2 1.1 0
22.8 1.1 0
23.4 1.1 0
24 1.1 0
24.6 1.1 0
25.2 1.1 0
25.8 1.1 0
26.4 1.1 0
27 1.1 0
27.6 1.1 0
28.2 1.1 0
28.8 1.1 0
29.4 1.1 0
30 1.1 0
