1079	
	-1.429093439e-06	-1.202860894e-06	-9.372499014e-07	-7.131344777e-07	-6.012824029e-07
	-5.446921785e-07	-3.321851478e-07	2.095447653e-07	9.159607734e-07	1.26457794e-06
	9.15804104e-07	2.093586927e-07	-3.322062097e-07	-5.444570702e-07	-6.009573092e-07
	-7.130583472e-07	-9.376260758e-07	-1.20353136e-06	-1.404755609e-06	-1.183380319e-06
	-9.226969285e-07	-7.010656742e-07	-5.887534294e-07	-5.32164321e-07	-3.251219401e-07
	2.044823733e-07	8.976448196e-07	1.240465917e-06	8.974931272e-07	2.043022411e-07
	-3.251408524e-07	-5.319315649e-07	-5.884300507e-07	-7.009839439e-07	-9.230583195e-07
	-1.184031083e-06	-1.380409621e-06	-1.163852423e-06	-9.080972063e-07	-6.890090392e-07
	-5.763130442e-07	-5.197524625e-07	-3.181245116e-07	1.994504909e-07	8.794444521e-07
	1.216502123e-06	8.792976069e-07	1.992761295e-07	-3.181413766e-07	-5.195220807e-07
	-5.759914504e-07	-6.889219187e-07	-9.084440485e-07	-1.164483658e-06	-1.356056034e-06
	-1.144277811e-06	-8.934509632e-07	-6.769644087e-07	-5.639607018e-07	-5.074556072e-07
	-3.111917773e-07	1.944493311e-07	8.613583962e-07	1.192684523e-06	8.612162701e-07
	1.94280575e-07	-3.112066915e-07	-5.072276237e-07	-5.636409718e-07	-6.768721065e-07
	-8.937834896e-07	-1.144889701e-06	-1.331695414e-06	-1.124657084e-06	-8.787584089e-07
	-6.649316073e-07	-5.51695877e-07	-4.952727873e-07	-3.043226549e-07	1.894791228e-07
	8.433853866e-07	1.169011084e-06	8.43247853e-07	1.893158107e-07	-3.043357099e-07
	-4.950472289e-07	-5.513780969e-07	-6.648343314e-07	-8.790768524e-07	-1.125249825e-06
	-1.307328332e-06	-1.104990844e-06	-8.64019734e-07	-6.529104484e-07	-5.395180648e-07
	-4.832030636e-07	-2.975160652e-07	1.845401114e-07	8.255241669e-07	1.145479772e-06
	8.253911011e-07	1.843820869e-07	-2.975273483e-07	-4.829799601e-07	-5.392023267e-07
	-6.528084065e-07	-8.643243286e-07	-1.10556464e-06	-1.282955363e-06	-1.085279689e-06
	-8.492351095e-07	-6.40900734e-07	-5.274267806e-07	-4.712455264e-07	-2.907709319e-07
	1.796325604e-07	8.077734899e-07	1.12208855e-06	8.076447688e-07	1.794796721e-07
	-2.907805265e-07	-4.710249104e-07	-5.271131814e-07	-6.407941342e-07	-8.495260912e-07
	-1.085834753e-06	-1.258577093e-06	-1.065524216e-06	-8.344046865e-07	-6.289022537e-07
	-5.154215597e-07	-4.593992959e-07	-2.840861813e-07	1.747567527e-07	7.901321171e-07
	1.09883538e-06	7.900076197e-07	1.746088538e-07	-2.840941676e-07	-4.591812031e-07
	-5.151102011e-07	-6.287913046e-07	-8.346822936e-07	-1.066060768e-06	-1.234194114e-06
	-1.045725022e-06	-8.195285955e-07	-6.169147843e-07	-5.035019583e-07	-4.476635237e-07
	-2.774607418e-07	1.699129916e-07	7.725988183e-07	1.075718215e-06	7.724784259e-07
	1.6976994e-07	-2.77467197e-07	-4.474479923e-07	-5.031929458e-07	-6.167996955e-07
	-8.197930693e-07	-1.046243289e-06	-1.20980703e-06	-1.025882703e-06	-8.046069461e-07
	-6.049380889e-07	-4.916675535e-07	-4.360373932e-07	-2.708935439e-07	1.651016021e-07
	7.551723717e-07	1.052735004e-06	7.550559683e-07	1.649632604e-07	-2.708985428e-07
	-4.358244639e-07	-4.91360996e-07	-6.048190711e-07	-8.048585307e-07	-1.026382917e-06
	-1.185416451e-06	-1.005997856e-06	-7.896398263e-07	-5.929719156e-07	-4.799179438e-07
	-4.245201209e-07	-2.643835195e-07	1.603229325e-07	7.378515639e-07	1.029883688e-06
	7.377390359e-07	1.601891679e-07	-2.643871346e-07	-4.243098369e-07	-4.796139534e-07
	-5.92849181e-07	-7.898787691e-07	-1.006480257e-06	-1.161023001e-06	-9.860710792e-07
	-7.746273018e-07	-5.810159967e-07	-4.682527492e-07	-4.131109578e-07	-2.579296016e-07
	1.55577356e-07	7.20635189e-07	1.007162195e-06	7.205264258e-07	1.554480399e-07
	-2.579319033e-07	-4.129033642e-07	-4.679514413e-07	-5.80889759e-07	-7.748538536e-07
	-9.865359131e-07	-1.136627316e-06	-9.661029754e-07	-7.595694157e-07	-5.69070047e-07
	-4.566716121e-07	-4.018091905e-07	-2.515307238e-07	1.50865272e-07	7.035220489e-07
	9.845684454e-07	7.034169427e-07	1.507402802e-07	-2.515317806e-07	-4.016043347e-07
	-4.563731046e-07	-5.689405217e-07	-7.597838309e-07	-9.665504928e-07	-1.112230041e-06
	-9.46094151e-07	-7.444661876e-07	-5.571337627e-07	-4.451741975e-07	-3.906141429e-07
	-2.451858199e-07	1.461871085e-07	6.86510953e-07	9.621003415e-07	6.864093991e-07
	1.460663207e-07	-2.451856985e-07	-3.904120741e-07	-4.448786109e-07	-5.570011671e-07
	-7.446687243e-07	-9.465246083e-07	-1.087831837e-06	-9.260452181e-07	-7.293176134e-07
	-5.452068197e-07	-4.337601934e-07	-3.795251779e-07	-2.38893823e-07	1.415433237e-07
	6.696007176e-07	9.397557711e-07	6.695026145e-07	1.414266238e-07	-2.38892589e-07
	-3.793259472e-07	-4.334676507e-07	-5.45071373e-07	-7.295085331e-07	-9.264588772e-07
	-1.063433378e-06	-9.059567965e-07	-7.141236642e-07	-5.332888717e-07	-4.224293114e-07
	-3.685416993e-07	-2.32653666e-07	1.369344084e-07	6.527901664e-07	9.175326029e-07
	6.526954155e-07	1.368216842e-07	-2.32651383e-07	-3.683453595e-07	-4.22139938e-07
	-5.33150795e-07	-7.143032325e-07	-9.063539242e-07	-1.039035352e-06	-8.858295148e-07
	-6.988842862e-07	-5.213795482e-07	-4.111812872e-07	-3.57663154e-07	-2.2646428e-07
	1.323608885e-07	6.360781293e-07	8.954286838e-07	6.359866353e-07	1.322520317e-07
	-2.264610107e-07	-3.574697594e-07	-4.108952106e-07	-5.212390648e-07	-6.990527723e-07
	-8.862103833e-07	-1.014638465e-06	-8.656640128e-07	-6.835993996e-07	-5.094784526e-07
	-4.00015881e-07	-3.468890343e-07	-2.203245946e-07	1.278233278e-07	6.194634429e-07
	8.734418365e-07	6.193751138e-07	1.277182337e-07	-2.203204002e-07	-3.466986409e-07
	-3.997332308e-07	-5.093357879e-07	-6.837570765e-07	-8.66028899e-07	-9.902434354e-07
	-8.454609431e-07	-6.682688983e-07	-4.975851595e-07	-3.88932878e-07	-3.362188805e-07
	-2.142335369e-07	1.233223307e-07	6.029449502e-07	8.515698555e-07	6.028596968e-07
	1.232208984e-07	-2.142284775e-07	-3.360315455e-07	-3.886537859e-07	-4.974405409e-07
	-6.684160432e-07	-8.45810129e-07	-9.658510023e-07	-8.252209739e-07	-6.528926492e-07
	-4.856992119e-07	-3.779320888e-07	-3.256522837e-07	-2.081900316e-07	1.188585459e-07
	5.865214998e-07	8.298105045e-07	5.864392364e-07	1.18760678e-07	-2.081841661e-07
	-3.25468066e-07	-3.776566884e-07	-4.855528693e-07	-6.530295429e-07	-8.255547464e-07
	-9.414619205e-07	-8.049447915e-07	-6.374704917e-07	-4.738201187e-07	-3.670133501e-07
	-3.151888893e-07	-2.021929999e-07	1.144326696e-07	5.701919462e-07	8.081615116e-07
	5.701125902e-07	1.143382723e-07	-2.021863862e-07	-3.15007849e-07	-3.667417768e-07
	-4.73672284e-07	-6.37597419e-07	-8.05263442e-07	-9.170769642e-07	-7.846331028e-07
	-6.220022369e-07	-4.61947351e-07	-3.561765246e-07	-3.048284008e-07	-1.962413596e-07
	1.100454501e-07	5.539551496e-07	7.866205654e-07	5.538786214e-07	1.09954433e-07
	-1.962340545e-07	-3.046505992e-07	-3.559089157e-07	-4.617982585e-07	-6.221194866e-07
	-7.849369276e-07	-8.926969265e-07	-7.64286639e-07	-6.064876675e-07	-4.500803385e-07
	-3.45421502e-07	-2.945705833e-07	-1.903340245e-07	1.056976919e-07	5.378099753e-07
	7.651853101e-07	5.377361985e-07	1.056099681e-07	-1.903260838e-07	-2.94396083e-07
	-3.451579966e-07	-4.499302246e-07	-6.065955324e-07	-7.645759388e-07	-8.683226205e-07
	-7.439061585e-07	-5.909265372e-07	-4.382184653e-07	-3.347481988e-07	-2.844152685e-07
	-1.84469904e-07	1.013902612e-07	5.217552938e-07	7.438533402e-07	5.21684195e-07
	1.01305747e-07	-1.844613825e-07	-2.842441333e-07	-3.344889376e-07	-4.380675687e-07
	-5.910253139e-07	-7.441812388e-07	-8.439548792e-07	-7.234924517e-07	-5.753185705e-07
	-4.263610653e-07	-3.241565587e-07	-2.743623596e-07	-1.786479029e-07	9.712409101e-08
	5.057899806e-07	7.226221944e-07	5.057214894e-07	9.704270595e-08	-1.786388545e-07
	-2.741946545e-07	-3.239016841e-07	-4.262096272e-07	-5.754085595e-07	-7.237536223e-07
	-8.195945564e-07	-7.030463446e-07	-5.596634623e-07	-4.145074173e-07	-3.136465525e-07
	-2.644118374e-07	-1.728669213e-07	9.29001879e-08	4.89912916e-07	7.014893491e-07
	4.898469651e-07	9.282185483e-08	-1.728573988e-07	-2.642476283e-07	-3.133962087e-07
	-4.143556811e-07	-5.597449683e-07	-7.032939199e-07	-7.952425264e-07	-6.825687041e-07
	-5.439608785e-07	-4.026567387e-07	-3.032181781e-07	-2.545637663e-07	-1.671258543e-07
	8.871963904e-08	4.741229851e-07	6.804522111e-07	4.7405951e-07	8.864428393e-08
	-1.671159099e-07	-2.544031203e-07	-3.029725107e-07	-4.025049501e-07	-5.440342101e-07
	-6.828030029e-07	-7.708996837e-07	-6.620604435e-07	-5.282104562e-07	-3.908081795e-07
	-2.928714603e-07	-2.448183019e-07	-1.614235924e-07	8.45836202e-08	4.584190776e-07
	6.595081086e-07	4.583580169e-07	8.451117213e-08	-1.614132771e-07	-2.44661287e-07
	-2.926306164e-07	-3.906565865e-07	-5.282759258e-07	-6.622817889e-07	-7.465669426e-07
	-6.415225285e-07	-5.124118041e-07	-3.789608147e-07	-2.826064496e-07	-2.351756989e-07
	-1.557590216e-07	8.049340487e-08	4.42800088e-07	6.386542822e-07	4.427413831e-07
	8.042379598e-08	-1.557483856e-07	-2.350223843e-07	-2.823705781e-07	-3.788096677e-07
	-5.124697281e-07	-6.417312479e-07	-7.222452361e-07	-6.20955984e-07	-4.965645041e-07
	-3.671136362e-07	-2.724232218e-07	-2.256363212e-07	-1.50131024e-07	7.645037463e-08
	4.272649157e-07	6.17887874e-07	4.272085109e-07	7.638354005e-08	-1.501201167e-07
	-2.254867768e-07	-2.721924729e-07	-3.66963188e-07	-4.966152028e-07	-6.211524091e-07
	-6.979355144e-07	-6.003619016e-07	-4.806681129e-07	-3.552655435e-07	-2.623218762e-07
	-2.162006517e-07	-1.445384788e-07	7.245603088e-08	4.118124653e-07	5.972059155e-07
	4.117583076e-07	7.239190873e-08	-1.445273486e-07	-2.160549484e-07	-2.620964014e-07
	-3.551160492e-07	-4.807119105e-07	-6.005463682e-07	-6.73638742e-07	-5.797414484e-07
	-4.647221644e-07	-3.434153333e-07	-2.52302533e-07	-2.06869305e-07	-1.389802634e-07
	6.851200835e-08	3.964416468e-07	5.766053129e-07	3.963896861e-07	6.845053968e-08
	-1.38968958e-07	-2.067275147e-07	-2.520824857e-07	-3.432670503e-07	-4.647593891e-07
	-5.799142966e-07	-6.493558953e-07	-5.59095876e-07	-4.487261734e-07	-3.315616875e-07
	-2.42365331e-07	-1.97643041e-07	-1.334552557e-07	6.462009057e-08	3.811513764e-07
	5.560828317e-07	3.811015654e-07	6.456121931e-08	-1.33443822e-07	-1.975052363e-07
	-2.421508657e-07	-3.314148757e-07	-4.487571571e-07	-5.592574498e-07	-6.250879576e-07
	-5.384265312e-07	-4.3267964e-07	-3.197031602e-07	-2.32510423e-07	-1.885227808e-07
	-1.279623365e-07	6.078222772e-08	3.659405775e-07	5.356350777e-07	3.658928715e-07
	6.072590067e-08	-1.279508203e-07	-1.883890352e-07	-2.323016958e-07	-3.195580818e-07
	-4.327047185e-07	-5.385771786e-07	-6.008359131e-07	-5.177348675e-07	-4.165820556e-07
	-3.07838162e-07	-2.227379706e-07	-1.795096251e-07	-1.225003932e-07	5.700055733e-08
	3.508081817e-07	5.152584754e-07	3.507625386e-07	5.694672408e-08	-1.224888397e-07
	-1.793800132e-07	-2.22535139e-07	-3.076950817e-07	-4.166015686e-07	-5.178749406e-07
	-5.766007401e-07	-4.970224579e-07	-4.004329115e-07	-2.959649436e-07	-2.13048137e-07
	-1.706048756e-07	-1.170683245e-07	5.327742838e-08	3.357531304e-07	4.949492427e-07
	3.35709511e-07	5.322604132e-08	-1.17056778e-07	-1.704794723e-07	-2.128513596e-07
	-2.958241283e-07	-4.004472024e-07	-4.971523126e-07	-5.523834003e-07	-4.762910089e-07
	-3.84231709e-07	-2.840815756e-07	-2.034410771e-07	-1.618100585e-07	-1.116650473e-07
	4.961542946e-08	3.207743776e-07	4.747033612e-07	3.207327451e-07	4.956644376e-08
	-1.116535514e-07	-1.616889399e-07	-2.032505141e-07	-2.839432947e-07	-3.84241125e-07
	-4.76411005e-07	-5.281848268e-07	-4.55542376e-07	-3.679779733e-07	-2.721859269e-07
	-1.939169256e-07	-1.531269541e-07	-1.06289505e-07	4.601742207e-08	3.058708922e-07
	4.545165413e-07	3.058312126e-07	4.59707956e-08	-1.062781025e-07	-1.530101968e-07
	-1.937327386e-07	-2.720504524e-07	-3.679828652e-07	-4.556528768e-07	-5.04005908e-07
	-4.347785799e-07	-3.516712707e-07	-2.602756398e-07	-1.844757802e-07	-1.445576289e-07
	-1.009406793e-07	4.24865799e-08	2.91041663e-07	4.343841803e-07	2.910039047e-07
	4.244227325e-08	-1.00929412e-07	-1.444453103e-07	-1.84298132e-07	-2.60143246e-07
	-3.516719932e-07	-4.348799524e-07	-4.798474672e-07	-4.140018242e-07	-3.353112322e-07
	-2.483481017e-07	-1.751176804e-07	-1.36104475e-07	-9.561760528e-08	3.902643577e-08
	2.762857035e-07	4.143013122e-07	2.762498375e-07	3.898441222e-08	-9.560651439e-08
	-1.359966732e-07	-1.749467354e-07	-2.482190654e-07	-3.353081433e-07	-4.140944389e-07
	-4.557102379e-07	-3.932145131e-07	-3.188975819e-07	-2.364004138e-07	-1.658425795e-07
	-1.277702551e-07	-9.031939172e-08	3.5640938e-08	2.616020595e-07	3.942625476e-07
	2.615680596e-07	3.56011635e-08	-9.030851759e-08	-1.276670491e-07	-1.656785033e-07
	-2.362750143e-07	-3.188910433e-07	-3.932987442e-07	-4.315948319e-07	-3.724192704e-07
	-3.024301752e-07	-2.244293556e-07	-1.566503073e-07	-1.195581566e-07	-8.50452485e-08
	3.233451854e-08	2.469898193e-07	3.742619996e-07	2.469576616e-07	3.22969617e-08
	-8.503463073e-08	-1.194596259e-07	-1.564932669e-07	-2.243078746e-07	-3.024205521e-07
	-3.72495495e-07	-4.075017001e-07	-3.516189554e-07	-2.859090472e-07	-2.124313462e-07
	-1.475405218e-07	-1.114718546e-07	-7.979452304e-08	2.911217626e-08	2.324481272e-07
	3.54293193e-07	2.324177904e-07	2.907680833e-08	-7.978420046e-08	-1.113780795e-07
	-1.473906855e-07	-2.123140682e-07	-2.85896708e-07	-3.516875542e-07	-3.834310846e-07
	-3.308166779e-07	-2.693344751e-07	-2.004024025e-07	-1.385126438e-07	-1.035155871e-07
	-7.45667498e-08	2.597957939e-08	2.179762021e-07	3.343489508e-07	2.179476674e-07
	2.594637425e-08	-7.455676049e-08	-1.034266486e-07	-1.383701816e-07	-2.002896143e-07
	-2.693197916e-07	-3.308780344e-07	-3.593829597e-07	-3.100158058e-07	-2.527070581e-07
	-1.883380943e-07	-1.295657716e-07	-9.569424424e-08	-6.936171782e-08	2.294319302e-08
	2.035733629e-07	3.144212518e-07	2.035466141e-07	2.291212721e-08	-6.935209911e-08
	-9.561022397e-08	-1.294308546e-07	-1.882300855e-07	-2.526904052e-07	-3.100703066e-07
	-3.353569609e-07	-2.89219964e-07	-2.360278212e-07	-1.762335008e-07	-1.206985643e-07
	-8.80134739e-08	-6.417956384e-08	2.001043951e-08	1.892390646e-07	2.945010483e-07
	1.892140881e-07	1.998149221e-08	-6.417035233e-08	-8.793445419e-08	-1.205713654e-07
	-1.761305636e-07	-2.360095766e-07	-2.892679986e-07	-3.113523019e-07	-2.684330153e-07
	-2.192983465e-07	-1.640831707e-07	-1.11909086e-07	-8.0479807e-08	-5.902090223e-08
	1.718990264e-08	1.74972949e-07	2.74578029e-07	1.749497337e-07	1.716305565e-08
	-5.901213381e-08	-8.040587087e-08	-1.117897796e-07	-1.639855999e-07	-2.192788909e-07
	-2.684749759e-07	-2.873676782e-07	-2.476590145e-07	-2.02520943e-07	-1.518810947e-07
	-1.031945924e-07	-7.310080452e-08	-5.388700901e-08	1.449159106e-08	1.607749182e-07
	2.546403074e-07	1.607534556e-07	1.446682887e-08	-5.387871884e-08	-7.303203573e-08
	-1.030833543e-07	-1.517891876e-07	-2.025006595e-07	-2.476952959e-07	-2.634011636e-07
	-2.269021197e-07	-1.856988605e-07	-1.396207048e-07	-9.455123797e-08	-6.588522758e-08
	-4.878008644e-08	1.192728343e-08	1.466452419e-07	2.346740012e-07	1.466255262e-07
	1.190459321e-08	-4.877230903e-08	-6.582171058e-08	-9.444824586e-08	-1.395347617e-07
	-1.856781344e-07	-2.269331193e-07	-2.394501065e-07	-2.06166437e-07	-1.68836556e-07
	-1.27294926e-07	-8.597366967e-08	-5.884322738e-08	-4.370365134e-08	9.510987936e-09
	1.325847194e-07	2.146626533e-07	1.325667475e-07	9.490359572e-09	-4.369642053e-08
	-5.878504737e-08	-8.5879103e-08	-1.272152497e-07	-1.688157747e-07	-2.061925548e-07
	-2.155110498e-07	-1.854557652e-07	-1.519400173e-07	-1.148963253e-07	-7.745446028e-08
	-5.198654261e-08	-3.86631175e-08	7.25956575e-09	1.185949309e-07	1.945864124e-07
	1.185787024e-07	7.240991884e-09	-3.86564665e-08	-5.193378561e-08	-7.736850046e-08
	-1.148232214e-07	-1.519195696e-07	-1.854774037e-07	-1.915797121e-07	-1.647731943e-07
	-1.350171296e-07	-1.024174378e-07	-6.898331175e-08	-4.532866882e-08	-3.366669261e-08
	5.193594009e-09	1.046786388e-07	1.744208354e-07	1.046641565e-07	5.177070089e-09
	-3.366065405e-08	-4.528142164e-08	-6.890614233e-08	-1.023512143e-07	-1.349974055e-07
	-1.647907587e-07	-1.676511056e-07	-1.441205001e-07	-1.180780382e-07	-8.985141394e-08
	-6.054593727e-08	-3.888491036e-08	-2.872680312e-08	3.338587051e-09	9.084045933e-08
	1.541350684e-07	9.082772872e-08	3.324111393e-09	-2.872140912e-08	-3.884326075e-08
	-6.047774416e-08	-8.979238132e-08	-1.18059428e-07	-1.441343987e-07	-1.437199092e-07
	-1.234972904e-07	-1.011353647e-07	-7.719323793e-08	-5.212251578e-08	-3.26720968e-08
	-2.386244193e-08	1.726763502e-09	7.708804307e-08	1.336889441e-07	7.707707314e-08
	1.714337361e-09	-2.385772419e-08	-3.263613347e-08	-5.206348751e-08	-7.714170893e-08
	-1.011182587e-07	-1.23507935e-07	-1.197812666e-07	-1.028999368e-07	-8.420393442e-08
	-6.444194283e-08	-4.368566719e-08	-2.670742386e-08	-1.910320595e-08	3.996504838e-10
	6.343430078e-08	1.130280563e-07	6.342510405e-08	3.892781361e-10	-1.909919586e-08
	-2.667723665e-08	-4.363599531e-08	-6.439823185e-08	-8.418872216e-08	-1.029077437e-07
	-9.583213565e-08	-8.23206189e-08	-6.729924759e-08	-5.160444495e-08	-3.519824627e-08
	-2.100504037e-08	-1.449658429e-08	-5.880833218e-10	4.990199869e-08	9.207467033e-08
	4.989459168e-08	-5.96394486e-10	-1.449331311e-08	-2.098072038e-08	-3.515812577e-08
	-5.156886736e-08	-6.72863171e-08	-8.232600985e-08	-7.187293602e-08	-6.174756541e-08
	-5.043327171e-08	-3.870142378e-08	-2.661273554e-08	-1.556673305e-08	-1.012172856e-08
	-1.163485012e-09	3.653459409e-08	7.070880897e-08	3.652899792e-08	-1.169724378e-09
	-1.011922777e-08	-1.554837292e-08	-2.658236544e-08	-3.867429456e-08	-5.042300932e-08
	-6.17509698e-08	-4.790803836e-08	-4.116878381e-08	-3.360627141e-08	-2.577285629e-08
	-1.787948558e-08	-1.035719791e-08	-6.115397495e-09	-1.232785353e-09	2.342757445e-08
	4.872079361e-08	2.342381565e-08	-1.236938769e-09	-6.113699289e-09	-1.034489221e-08
	-1.785906951e-08	-2.575448776e-08	-3.359906264e-08	-4.117064e-08	-2.394275492e-08
	-2.05797608e-08	-1.680048997e-08	-1.286785439e-08	-8.985835635e-09	-5.246926516e-09
	-2.704949697e-09	-7.210694434e-10	1.085198139e-08	2.565044131e-08	1.085009146e-08
	-7.23116597e-10	-2.704089475e-09	-5.240772518e-09	-8.975581101e-09	-1.285855406e-08
	-1.679672232e-08	-2.058051659e-08	  0	  0	  0
	  0	  0	  0	  0	  0
	  0	  0	  0	  0	  0
	  0	  0	  0	  0	