-30 0.1 -9.8277e-33
-29.4 0.1 0.00315008
-28.8 0.1 0.0140093
-28.2 0.1 0.0332078
-27.6 0.1 0.0602901
-27 0.1 0.0945285
-26.4 0.1 0.135218
-25.8 0.1 0.181673
-25.2 0.1 0.233165
-24.6 0.1 0.288895
-24 0.1 0.348002
-23.4 0.1 0.409576
-22.8 0.1 0.472678
-22.2 0.1 0.536348
-21.6 0.1 0.59962
-21 0.1 0.66153
-20.4 0.1 0.721131
-19.8 0.1 0.777507
-19.2 0.1 0.829786
-18.6 0.1 0.877153
-18 0.1 0.918863
-17.4 0.1 0.954252
-16.8 0.1 0.982749
-16.2 0.1 1.00388
-15.6 0.1 1.01729
-15 0.1 1.02274
-14.4 0.1 1.0201
-13.8 0.1 1.00938
-13.2 0.1 0.990724
-12.6 0.1 0.964398
-12 0.1 0.930796
-11.4 0.1 0.890432
-10.8 0.1 0.843926
-10.2 0.1 0.792007
-9.6 0.1 0.735511
-9 0.1 0.675345
-8.4 0.1 0.612467
-7.8 0.1 0.547893
-7.2 0.1 0.482708
-6.6 0.1 0.418052
-6 0.1 0.355079
-5.4 0.1 0.294888
-4.8 0.1 0.23842
-4.2 0.1 0.186362
-3.6 0.1 0.139107
-3 0.1 0.0968441
-2.4 0.1 0.0598028
-1.8 0.1 0.0285844
-1.2 0.1 0.00438078
-0.6 0.1 -0.0111691
0 0.1 -0.0165696
0.6 0.1 -0.0112103
1.2 0.1 0.00427665
1.8 0.1 0.0283409
2.4 0.1 0.0592571
3 0.1 0.0957506
3.6 0.1 0.137182
4.2 0.1 0.183339
4.8 0.1 0.234094
5.4 0.1 0.289121
6 0.1 0.347796
6.6 0.1 0.40923
7.2 0.1 0.47238
7.8 0.1 0.536164
8.4 0.1 0.599532
9 0.1 0.661495
9.6 0.1 0.721121
10.2 0.1 0.777511
10.8 0.1 0.829794
11.4 0.1 0.877157
12 0.1 0.918863
12.6 0.1 0.95425
13.2 0.1 0.982747
13.8 0.1 1.00388
14.4 0.1 1.01729
15 0.1 1.02274
15.6 0.1 1.0201
16.2 0.1 1.00938
16.8 0.1 0.990726
17.4 0.1 0.964397
18 0.1 0.93079
18.6 0.1 0.890419
19.2 0.1 0.843916
19.8 0.1 0.792015
20.4 0.1 0.735547
21 0.1 0.67542
21.6 0.1 0.612609
22.2 0.1 0.54813
22.8 0.1 0.483033
23.4 0.1 0.418373
24 0.1 0.355199
24.6 0.1 0.294538
25.2 0.1 0.237372
25.8 0.1 0.184624
26.4 0.1 0.137133
27 0.1 0.0956461
27.6 0.1 0.0608476
28.2 0.1 0.0334212
28.8 0.1 0.0140553
29.4 0.1 0.00314854
30 0.1 -9.9927e-33
-30 0.211111 -1.0392e-32
-29.4 0.211111 0.00273575
-28.8 0.211111 0.0127629
-28.2 0.211111 0.0314152
-27.6 0.211111 0.058537
-27 0.211111 0.0932528
-26.4 0.211111 0.134585
-25.8 0.211111 0.181676
-25.2 0.211111 0.233754
-24.6 0.211111 0.290043
-24 0.211111 0.34971
-23.4 0.211111 0.41187
-22.8 0.211111 0.475605
-22.2 0.211111 0.539978
-21.6 0.211111 0.604046
-21 0.211111 0.666866
-20.4 0.211111 0.72751
-19.8 0.211111 0.78507
-19.2 0.211111 0.838677
-18.6 0.211111 0.88751
-18 0.211111 0.930805
-17.4 0.211111 0.967873
-16.8 0.211111 0.998106
-16.2 0.211111 1.02099
-15.6 0.211111 1.0361
-15 0.211111 1.04316
-14.4 0.211111 1.04196
-13.8 0.211111 1.03247
-13.2 0.211111 1.01477
-12.6 0.211111 0.989067
-12 0.211111 0.955729
-11.4 0.211111 0.915235
-10.8 0.211111 0.868197
-10.2 0.211111 0.815347
-9.6 0.211111 0.757537
-9 0.211111 0.695704
-8.4 0.211111 0.630848
-7.8 0.211111 0.56405
-7.2 0.211111 0.4965
-6.6 0.211111 0.429492
-6 0.211111 0.364371
-5.4 0.211111 0.302386
-4.8 0.211111 0.244502
-4.2 0.211111 0.191206
-3.6 0.211111 0.142468
-3 0.211111 0.097972
-2.4 0.211111 0.0576324
-1.8 0.211111 0.0222283
-1.2 0.211111 -0.00627056
-0.6 0.211111 -0.0250749
0 0.211111 -0.0316712
0.6 0.211111 -0.0250723
1.2 0.211111 -0.00637709
1.8 0.211111 0.0217814
2.4 0.211111 0.0564901
3 0.211111 0.0956724
3.6 0.211111 0.138489
4.2 0.211111 0.18503
4.8 0.211111 0.235679
5.4 0.211111 0.290575
6 0.211111 0.349356
6.6 0.211111 0.411196
7.2 0.211111 0.474996
7.8 0.211111 0.539584
8.4 0.211111 0.603851
9 0.211111 0.666794
9.6 0.211111 0.727496
10.2 0.211111 0.78508
10.8 0.211111 0.838693
11.4 0.211111 0.88752
12 0.211111 0.930808
12.6 0.211111 0.967871
13.2 0.211111 0.998103
13.8 0.211111 1.02098
14.4 0.211111 1.0361
15 0.211111 1.04316
15.6 0.211111 1.04196
16.2 0.211111 1.03247
16.8 0.211111 1.01477
17.4 0.211111 0.989064
18 0.211111 0.955716
18.6 0.211111 0.915214
19.2 0.211111 0.868179
19.8 0.211111 0.815352
20.4 0.211111 0.757588
21 0.211111 0.695835
21.6 0.211111 0.631117
22.2 0.211111 0.564517
22.8 0.211111 0.497151
23.4 0.211111 0.430151
24 0.211111 0.364643
24.6 0.211111 0.301723
25.2 0.211111 0.242434
25.8 0.211111 0.187731
26.4 0.211111 0.138477
27 0.211111 0.0954854
27.6 0.211111 0.0596117
28.2 0.211111 0.0317926
28.8 0.211111 0.0128196
29.4 0.211111 0.00272079
30 0.211111 -1.07417e-32
-30 0.322222 -1.1057e-32
-29.4 0.322222 0.00238107
-28.8 0.322222 0.0117018
-28.2 0.322222 0.0297731
-27.6 0.322222 0.056735
-27 0.322222 0.091731
-26.4 0.322222 0.1336
-25.8 0.322222 0.181276
-25.2 0.322222 0.233877
-24.6 0.322222 0.290612
-24 0.322222 0.350693
-23.4 0.322222 0.413281
-22.8 0.322222 0.477488
-22.2 0.322222 0.542404
-21.6 0.322222 0.607106
-21 0.322222 0.670676
-20.4 0.322222 0.732202
-19.8 0.322222 0.790794
-19.2 0.322222 0.845588
-18.6 0.322222 0.89576
-18 0.322222 0.940536
-17.4 0.322222 0.979204
-16.8 0.322222 1.01112
-16.2 0.322222 1.03574
-15.6 0.322222 1.05258
-15 0.322222 1.0613
-14.4 0.322222 1.06164
-13.8 0.322222 1.0535
-13.2 0.322222 1.0369
-12.6 0.322222 1.012
-12 0.322222 0.979103
-11.4 0.322222 0.938667
-10.8 0.322222 0.891279
-10.2 0.322222 0.837669
-9.6 0.322222 0.7787
-9 0.322222 0.715329
-8.4 0.322222 0.648595
-7.8 0.322222 0.579646
-7.2 0.322222 0.509787
-6.6 0.322222 0.440481
-6 0.322222 0.373266
-5.4 0.322222 0.309541
-4.8 0.322222 0.250275
-4.2 0.322222 0.195744
-3.6 0.322222 0.14551
-3 0.322222 0.098809
-2.4 0.322222 0.0553385
-1.8 0.322222 0.016109
-1.2 0.322222 -0.01619
-0.6 0.322222 -0.0377944
0 0.322222 -0.0453766
0.6 0.322222 -0.0376777
1.2 0.322222 -0.0161989
1.8 0.322222 0.0155353
2.4 0.322222 0.0536215
3 0.322222 0.0952738
3.6 0.322222 0.139419
4.2 0.322222 0.186345
4.8 0.322222 0.23686
5.4 0.322222 0.291523
6 0.322222 0.350246
6.6 0.322222 0.4123
7.2 0.322222 0.476558
7.8 0.322222 0.541777
8.4 0.322222 0.606786
9 0.322222 0.670559
9.6 0.322222 0.732187
10.2 0.322222 0.790817
10.8 0.322222 0.845616
11.4 0.322222 0.895778
12 0.322222 0.940543
12.6 0.322222 0.979203
13.2 0.322222 1.01112
13.8 0.322222 1.03573
14.4 0.322222 1.05258
15 0.322222 1.0613
15.6 0.322222 1.06165
16.2 0.322222 1.05351
16.8 0.322222 1.0369
17.4 0.322222 1.01199
18 0.322222 0.979086
18.6 0.322222 0.938638
19.2 0.322222 0.89125
19.8 0.322222 0.837665
20.4 0.322222 0.778754
21 0.322222 0.7155
21.6 0.322222 0.64898
22.2 0.322222 0.58034
22.8 0.322222 0.510772
23.4 0.322222 0.441491
24 0.322222 0.373704
24.6 0.322222 0.308573
25.2 0.322222 0.247182
25.8 0.322222 0.190513
26.4 0.322222 0.139484
27 0.322222 0.0950481
27.6 0.322222 0.0582759
28.2 0.322222 0.0302672
28.8 0.322222 0.011741
29.4 0.322222 0.00234413
30 0.322222 -1.15956e-32
-30 0.433333 -1.13864e-32
-29.4 0.433333 0.00207987
-28.8 0.433333 0.0107477
-28.2 0.433333 0.0282184
-27.6 0.433333 0.0549106
-27 0.433333 0.0900295
-26.4 0.433333 0.132298
-25.8 0.433333 0.180468
-25.2 0.433333 0.233518
-24.6 0.433333 0.290611
-24 0.433333 0.350982
-23.4 0.433333 0.413846
-22.8 0.433333 0.478365
-22.2 0.433333 0.543662
-21.6 0.433333 0.60884
-21 0.433333 0.673
-20.4 0.433333 0.735252
-19.8 0.433333 0.794722
-19.2 0.433333 0.850557
-18.6 0.433333 0.901935
-18 0.433333 0.948078
-17.4 0.433333 0.988256
-16.8 0.433333 1.0218
-16.2 0.433333 1.04812
-15.6 0.433333 1.06669
-15 0.433333 1.07711
-14.4 0.433333 1.07908
-13.8 0.433333 1.0724
-13.2 0.433333 1.05704
-12.6 0.433333 1.03311
-12 0.433333 1.00084
-11.4 0.433333 0.960648
-10.8 0.433333 0.9131
-10.2 0.433333 0.858912
-9.6 0.433333 0.798944
-9 0.433333 0.734169
-8.4 0.433333 0.66566
-7.8 0.433333 0.59464
-7.2 0.433333 0.522541
-6.6 0.433333 0.451004
-6 0.433333 0.381761
-5.4 0.433333 0.31635
-4.8 0.433333 0.255725
-4.2 0.433333 0.199943
-3.6 0.433333 0.148192
-3 0.433333 0.099339
-2.4 0.433333 0.0529408
-1.8 0.433333 0.0102647
-1.2 0.433333 -0.0253542
-0.6 0.433333 -0.0493373
0 0.433333 -0.0577132
0.6 0.433333 -0.0490363
1.2 0.433333 -0.025159
1.8 0.433333 0.00966028
2.4 0.433333 0.0507015
3 0.433333 0.0945711
3.6 0.433333 0.139957
4.2 0.433333 0.187264
4.8 0.433333 0.237632
5.4 0.433333 0.291985
6 0.433333 0.350504
6.6 0.433333 0.412585
7.2 0.433333 0.477108
7.8 0.433333 0.542778
8.4 0.433333 0.60837
9 0.433333 0.672825
9.6 0.433333 0.735234
10.2 0.433333 0.794763
10.8 0.433333 0.850604
11.4 0.433333 0.901967
12 0.433333 0.948091
12.6 0.433333 0.988256
13.2 0.433333 1.02179
13.8 0.433333 1.04811
14.4 0.433333 1.06669
15 0.433333 1.07711
15.6 0.433333 1.07908
16.2 0.433333 1.07241
16.8 0.433333 1.05705
17.4 0.433333 1.0331
18 0.433333 1.00082
18.6 0.433333 0.960611
19.2 0.433333 0.913057
19.8 0.433333 0.858889
20.4 0.433333 0.798987
21 0.433333 0.734367
21.6 0.433333 0.666155
22.2 0.433333 0.595565
22.8 0.433333 0.523872
23.4 0.433333 0.452377
24 0.433333 0.382367
24.6 0.433333 0.315061
25.2 0.433333 0.251575
25.8 0.433333 0.192938
26.4 0.433333 0.140167
27 0.433333 0.0943874
27.6 0.433333 0.0568612
28.2 0.433333 0.0287811
28.8 0.433333 0.0107412
29.4 0.433333 0.00201253
30 0.433333 -1.21182e-32
-30 0.544444 -1.16171e-32
-29.4 0.544444 0.00180923
-28.8 0.544444 0.00986836
-28.2 0.544444 0.0267269
-27.6 0.544444 0.0530641
-27 0.544444 0.0881763
-26.4 0.544444 0.130712
-25.8 0.544444 0.179268
-25.2 0.544444 0.232681
-24.6 0.544444 0.290043
-24 0.544444 0.350595
-23.4 0.544444 0.413599
-22.8 0.544444 0.478277
-22.2 0.544444 0.543796
-21.6 0.544444 0.60929
-21 0.544444 0.673884
-20.4 0.544444 0.736706
-19.8 0.544444 0.7969
-19.2 0.544444 0.853627
-18.6 0.544444 0.906076
-18 0.544444 0.953463
-17.4 0.544444 0.995048
-16.8 0.544444 1.03014
-16.2 0.544444 1.05811
-15.6 0.544444 1.07841
-15 0.544444 1.09057
-14.4 0.544444 1.09421
-13.8 0.544444 1.0891
-13.2 0.544444 1.07512
-12.6 0.544444 1.05231
-12 0.544444 1.02085
-11.4 0.544444 0.981097
-10.8 0.544444 0.933586
-10.2 0.544444 0.879007
-9.6 0.544444 0.81821
-9 0.544444 0.752169
-8.4 0.544444 0.681996
-7.8 0.544444 0.608994
-7.2 0.544444 0.534734
-6.6 0.544444 0.461045
-6 0.544444 0.389851
-5.4 0.544444 0.322806
-4.8 0.544444 0.260832
-4.2 0.544444 0.203774
-3.6 0.544444 0.150488
-3 0.544444 0.0995527
-2.4 0.544444 0.0504519
-1.8 0.544444 0.00471944
-1.2 0.544444 -0.0337464
-0.6 0.544444 -0.0597044
0 0.544444 -0.0686924
0.6 0.544444 -0.0591509
1.2 0.544444 -0.033238
1.8 0.544444 0.00419378
2.4 0.544444 0.0477672
3 0.544444 0.0935834
3.6 0.544444 0.140101
4.2 0.544444 0.187777
4.8 0.544444 0.237993
5.4 0.544444 0.291976
6 0.544444 0.350162
6.6 0.544444 0.412092
7.2 0.544444 0.476688
7.8 0.544444 0.54263
8.4 0.544444 0.608641
9 0.544444 0.673628
9.6 0.544444 0.736673
10.2 0.544444 0.79696
10.8 0.544444 0.853701
11.4 0.544444 0.906127
12 0.544444 0.953485
12.6 0.544444 0.99505
13.2 0.544444 1.03013
13.8 0.544444 1.0581
14.4 0.544444 1.07841
15 0.544444 1.09057
15.6 0.544444 1.09422
16.2 0.544444 1.08911
16.8 0.544444 1.07513
17.4 0.544444 1.0523
18 0.544444 1.02082
18.6 0.544444 0.981051
19.2 0.544444 0.933522
19.8 0.544444 0.878953
20.4 0.544444 0.818227
21 0.544444 0.752384
21.6 0.544444 0.6826
22.2 0.544444 0.610161
22.8 0.544444 0.536428
23.4 0.544444 0.462791
24 0.544444 0.39061
24.6 0.544444 0.321155
25.2 0.544444 0.255586
25.8 0.544444 0.195
26.4 0.544444 0.140542
27 0.544444 0.09352
27.6 0.544444 0.0553627
28.2 0.544444 0.0273088
28.8 0.544444 0.00978842
29.4 0.544444 0.00170341
30 0.544444 -1.25431e-32
-30 0.655556 -1.17468e-32
-29.4 0.655556 0.00156226
-28.8 0.655556 0.00904361
-28.2 0.655556 0.0252813
-27.6 0.655556 0.0511958
-27 0.655556 0.0861886
-26.4 0.655556 0.128866
-25.8 0.655556 0.177696
-25.2 0.655556 0.231376
-24.6 0.655556 0.288918
-24 0.655556 0.349549
-23.4 0.655556 0.412571
-22.8 0.655556 0.477264
-22.2 0.655556 0.54285
-21.6 0.655556 0.608503
-21 0.655556 0.673374
-20.4 0.655556 0.736612
-19.8 0.655556 0.797378
-19.2 0.655556 0.85485
-18.6 0.655556 0.908226
-18 0.655556 0.956729
-17.4 0.655556 0.99961
-16.8 0.655556 1.03616
-16.2 0.655556 1.06573
-15.6 0.655556 1.08773
-15 0.655556 1.10162
-14.4 0.655556 1.107
-13.8 0.655556 1.10354
-13.2 0.655556 1.09106
-12.6 0.655556 1.06952
-12 0.655556 1.03904
-11.4 0.655556 0.99993
-10.8 0.655556 0.952658
-10.2 0.655556 0.897884
-9.6 0.655556 0.836433
-9 0.655556 0.769275
-8.4 0.655556 0.697556
-7.8 0.655556 0.62267
-7.2 0.655556 0.54634
-6.6 0.655556 0.470589
-6 0.655556 0.397523
-5.4 0.655556 0.328897
-4.8 0.655556 0.265579
-4.2 0.655556 0.207213
-3.6 0.655556 0.15238
-3 0.655556 0.0994427
-2.4 0.655556 0.0478797
-1.8 0.655556 -0.000510211
-1.2 0.655556 -0.0413522
-0.6 0.655556 -0.068891
0 0.655556 -0.078316
0.6 0.655556 -0.0680204
1.2 0.655556 -0.0404229
1.8 0.655556 -0.000839458
2.4 0.655556 0.0448457
3 0.655556 0.0923289
3.6 0.655556 0.139856
4.2 0.655556 0.18788
4.8 0.655556 0.237941
5.4 0.655556 0.291508
6 0.655556 0.349245
6.6 0.655556 0.410858
7.2 0.655556 0.475342
7.8 0.655556 0.541375
8.4 0.655556 0.607647
9 0.655556 0.673024
9.6 0.655556 0.736568
10.2 0.655556 0.797465
10.8 0.655556 0.854957
11.4 0.655556 0.908303
12 0.655556 0.956765
12.6 0.655556 0.999616
13.2 0.655556 1.03615
13.8 0.655556 1.06572
14.4 0.655556 1.08772
15 0.655556 1.10162
15.6 0.655556 1.107
16.2 0.655556 1.10355
16.8 0.655556 1.09107
17.4 0.655556 1.06952
18 0.655556 1.03902
18.6 0.655556 0.999873
19.2 0.655556 0.952566
19.8 0.655556 0.897786
20.4 0.655556 0.836409
21 0.655556 0.769497
21.6 0.655556 0.698272
22.2 0.655556 0.624095
22.8 0.655556 0.548415
23.4 0.655556 0.472709
24 0.655556 0.398406
24.6 0.655556 0.32683
25.2 0.655556 0.259196
25.8 0.655556 0.196693
26.4 0.655556 0.140615
27 0.655556 0.0924518
27.6 0.655556 0.0537754
28.2 0.655556 0.0258315
28.8 0.655556 0.00886259
29.4 0.655556 0.00141012
30 0.655556 -1.28657e-32
-30 0.766667 -1.18079e-32
-29.4 0.766667 0.00133341
-28.8 0.766667 0.00826174
-28.2 0.766667 0.0238707
-27.6 0.766667 0.0493047
-27 0.766667 0.0840783
-26.4 0.766667 0.126781
-25.8 0.766667 0.175771
-25.2 0.766667 0.22962
-24.6 0.766667 0.28725
-24 0.766667 0.347862
-23.4 0.766667 0.410787
-22.8 0.766667 0.475362
-22.2 0.766667 0.540869
-21.6 0.766667 0.606528
-21 0.766667 0.671522
-20.4 0.766667 0.735022
-19.8 0.766667 0.796209
-19.2 0.766667 0.854277
-18.6 0.766667 0.908437
-18 0.766667 0.95792
-17.4 0.766667 1.00198
-16.8 0.766667 1.03989
-16.2 0.766667 1.07099
-15.6 0.766667 1.09463
-15 0.766667 1.11026
-14.4 0.766667 1.1174
-13.8 0.766667 1.11566
-13.2 0.766667 1.10479
-12.6 0.766667 1.08466
-12 0.766667 1.05535
-11.4 0.766667 1.01706
-10.8 0.766667 0.970234
-10.2 0.766667 0.915468
-9.6 0.766667 0.853547
-9 0.766667 0.785429
-8.4 0.766667 0.712291
-7.8 0.766667 0.635629
-7.2 0.766667 0.557328
-6.6 0.766667 0.479613
-6 0.766667 0.404763
-5.4 0.766667 0.334606
-4.8 0.766667 0.269947
-4.2 0.766667 0.210243
-3.6 0.766667 0.153852
-3 0.766667 0.0990031
-2.4 0.766667 0.0452282
-1.8 0.766667 -0.0054128
-1.2 0.766667 -0.0481589
-0.6 0.766667 -0.076888
0 0.766667 -0.0865799
0.6 0.766667 -0.0756413
1.2 0.766667 -0.0467056
1.8 0.766667 -0.00542462
2.4 0.766667 0.0419554
3 0.766667 0.0908236
3.6 0.766667 0.139231
4.2 0.766667 0.187575
4.8 0.766667 0.237481
5.4 0.766667 0.290591
6 0.766667 0.347778
6.6 0.766667 0.40892
7.2 0.766667 0.473114
7.8 0.766667 0.539063
8.4 0.766667 0.605434
9 0.766667 0.671053
9.6 0.766667 0.734954
10.2 0.766667 0.796325
10.8 0.766667 0.854427
11.4 0.766667 0.908548
12 0.766667 0.957975
12.6 0.766667 1.00199
13.2 0.766667 1.03988
13.8 0.766667 1.07097
14.4 0.766667 1.09462
15 0.766667 1.11026
15.6 0.766667 1.1174
16.2 0.766667 1.11567
16.8 0.766667 1.1048
17.4 0.766667 1.08467
18 0.766667 1.05533
18.6 0.766667 1.01699
19.2 0.766667 0.970107
19.8 0.766667 0.915311
20.4 0.766667 0.853467
21 0.766667 0.785649
21.6 0.766667 0.713127
22.2 0.766667 0.637333
22.8 0.766667 0.559806
23.4 0.766667 0.482105
24 0.766667 0.40573
24.6 0.766667 0.332062
25.2 0.766667 0.262388
25.8 0.766667 0.198011
26.4 0.766667 0.140387
27 0.766667 0.0911843
27.6 0.766667 0.0520932
28.2 0.766667 0.024337
28.8 0.766667 0.00795213
29.4 0.766667 0.00112734
30 0.766667 -1.31161e-32
-30 0.877778 -1.18108e-32
-29.4 0.877778 0.0011194
-28.8 0.877778 0.00751469
-28.2 0.877778 0.0224878
-27.6 0.877778 0.0473902
-27 0.877778 0.0818547
-26.4 0.877778 0.124471
-25.8 0.877778 0.173512
-25.2 0.877778 0.227429
-24.6 0.877778 0.285054
-24 0.877778 0.345553
-23.4 0.877778 0.408274
-22.8 0.877778 0.472609
-22.2 0.877778 0.537898
-21.6 0.877778 0.603415
-21 0.877778 0.668379
-20.4 0.877778 0.73199
-19.8 0.877778 0.793448
-19.2 0.877778 0.851963
-18.6 0.877778 0.906763
-18 0.877778 0.957088
-17.4 0.877778 1.00219
-16.8 0.877778 1.04136
-16.2 0.877778 1.07389
-15.6 0.877778 1.09913
-15 0.877778 1.11647
-14.4 0.877778 1.12538
-13.8 0.877778 1.12541
-13.2 0.877778 1.11624
-12.6 0.877778 1.09766
-12 0.877778 1.06967
-11.4 0.877778 1.03241
-10.8 0.877778 0.986232
-10.2 0.877778 0.931681
-9.6 0.877778 0.869482
-9 0.877778 0.800568
-8.4 0.877778 0.726151
-7.8 0.877778 0.647831
-7.2 0.877778 0.56767
-6.6 0.877778 0.488095
-6 0.877778 0.411549
-5.4 0.877778 0.339915
-4.8 0.877778 0.273921
-4.2 0.877778 0.21285
-3.6 0.877778 0.154895
-3 0.877778 0.0982287
-2.4 0.877778 0.0424984
-1.8 0.877778 -0.00998129
-1.2 0.877778 -0.0541548
-0.6 0.877778 -0.083683
0 0.877778 -0.0934746
0.6 0.877778 -0.0820083
1.2 0.877778 -0.0520827
1.8 0.877778 -0.00955569
2.4 0.877778 0.0391074
3 0.877778 0.0890817
3.6 0.877778 0.138238
4.2 0.877778 0.186872
4.8 0.877778 0.236617
5.4 0.877778 0.289234
6 0.877778 0.345779
6.6 0.877778 0.406309
7.2 0.877778 0.470045
7.8 0.877778 0.535741
8.4 0.877778 0.602052
9 0.877778 0.667766
9.6 0.877778 0.731885
10.2 0.877778 0.793591
10.8 0.877778 0.852162
11.4 0.877778 0.906918
12 0.877778 0.95717
12.6 0.877778 1.00222
13.2 0.877778 1.04135
13.8 0.877778 1.07387
14.4 0.877778 1.09911
15 0.877778 1.11646
15.6 0.877778 1.12538
16.2 0.877778 1.12543
16.8 0.877778 1.11626
17.4 0.877778 1.09768
18 0.877778 1.06965
18.6 0.877778 1.03232
19.2 0.877778 0.986059
19.8 0.877778 0.931449
20.4 0.877778 0.86933
21 0.877778 0.800782
21.6 0.877778 0.727117
22.2 0.877778 0.649838
22.8 0.877778 0.570569
23.4 0.877778 0.490951
24 0.877778 0.412554
24.6 0.877778 0.336828
25.2 0.877778 0.265148
25.8 0.877778 0.198948
26.4 0.877778 0.139858
27 0.877778 0.0897162
27.6 0.877778 0.050311
28.2 0.877778 0.0228165
28.8 0.877778 0.00704914
29.4 0.877778 0.000852035
30 0.877778 -1.33026e-32
-30 0.988889 -1.17654e-32
-29.4 0.988889 0.000917872
-28.8 0.988889 0.00679692
-28.2 0.988889 0.0211272
-27.6 0.988889 0.0454525
-27 0.988889 0.0795257
-26.4 0.988889 0.121953
-25.8 0.988889 0.170936
-25.2 0.988889 0.224822
-24.6 0.988889 0.28235
-24 0.988889 0.342642
-23.4 0.988889 0.405059
-22.8 0.988889 0.469037
-22.2 0.988889 0.533978
-21.6 0.988889 0.599211
-21 0.988889 0.664
-20.4 0.988889 0.727574
-19.8 0.988889 0.789153
-19.2 0.988889 0.847968
-18.6 0.988889 0.903261
-18 0.988889 0.954286
-17.4 0.988889 1.00031
-16.8 0.988889 1.04061
-16.2 0.988889 1.07447
-15.6 0.988889 1.10123
-15 0.988889 1.12024
-14.4 0.988889 1.13092
-13.8 0.988889 1.13276
-13.2 0.988889 1.12536
-12.6 0.988889 1.10845
-12 0.988889 1.08193
-11.4 0.988889 1.04588
-10.8 0.988889 1.00057
-10.2 0.988889 0.946441
-9.6 0.988889 0.884164
-9 0.988889 0.814632
-8.4 0.988889 0.739085
-7.8 0.988889 0.659238
-7.2 0.988889 0.577335
-6.6 0.988889 0.496008
-6 0.988889 0.417856
-5.4 0.988889 0.344801
-4.8 0.988889 0.277481
-4.2 0.988889 0.215024
-3.6 0.988889 0.155504
-3 0.988889 0.0971167
-2.4 0.988889 0.039688
-1.8 0.988889 -0.0142139
-1.2 0.988889 -0.0593304
-0.6 0.988889 -0.0892597
0 0.988889 -0.0989845
0.6 0.988889 -0.0871142
1.2 0.988889 -0.0565556
1.8 0.988889 -0.0132359
2.4 0.988889 0.0363053
3 0.988889 0.0871162
3.6 0.988889 0.136895
4.2 0.988889 0.185783
4.8 0.988889 0.235357
5.4 0.988889 0.287446
6 0.988889 0.343264
6.6 0.988889 0.403054
7.2 0.988889 0.466178
7.8 0.988889 0.531458
8.4 0.988889 0.597551
9 0.988889 0.663213
9.6 0.988889 0.727413
10.2 0.988889 0.789318
10.8 0.988889 0.848221
11.4 0.988889 0.903468
12 0.988889 0.954404
12.6 0.988889 1.00035
13.2 0.988889 1.0406
13.8 0.988889 1.07444
14.4 0.988889 1.1012
15 0.988889 1.12022
15.6 0.988889 1.13092
16.2 0.988889 1.13278
16.8 0.988889 1.12539
17.4 0.988889 1.10848
18 0.988889 1.08193
18.6 0.988889 1.04578
19.2 0.988889 1.00034
19.8 0.988889 0.94612
20.4 0.988889 0.883926
21 0.988889 0.814834
21.6 0.988889 0.740192
22.2 0.988889 0.661569
22.8 0.988889 0.580669
23.4 0.988889 0.499216
24 0.988889 0.418853
24.6 0.988889 0.341107
25.2 0.988889 0.267462
25.8 0.988889 0.199497
26.4 0.988889 0.139025
27 0.988889 0.0880454
27.6 0.988889 0.0484241
28.2 0.988889 0.0212636
28.8 0.988889 0.00614826
29.4 0.988889 0.000582086
30 0.988889 -1.34329e-32
-30 1.1 -1.16779e-32
-29.4 1.1 0.000727107
-28.8 1.1 0.00610422
-28.2 1.1 0.019785
-27.6 1.1 0.0434914
-27 1.1 0.0770975
-26.4 1.1 0.119238
-25.8 1.1 0.16806
-25.2 1.1 0.221815
-24.6 1.1 0.279154
-24 1.1 0.339151
-23.4 1.1 0.401168
-22.8 1.1 0.464681
-22.2 1.1 0.529151
-21.6 1.1 0.593966
-21 1.1 0.658437
-20.4 1.1 0.721828
-19.8 1.1 0.783383
-19.2 1.1 0.842351
-18.6 1.1 0.897992
-18 1.1 0.949575
-17.4 1.1 0.996377
-16.8 1.1 1.03768
-16.2 1.1 1.07277
-15.6 1.1 1.10096
-15 1.1 1.12158
-14.4 1.1 1.13401
-13.8 1.1 1.13767
-13.2 1.1 1.1321
-12.6 1.1 1.11696
-12 1.1 1.09207
-11.4 1.1 1.05741
-10.8 1.1 1.01315
-10.2 1.1 0.959667
-9.6 1.1 0.897517
-9 1.1 0.827553
-8.4 1.1 0.751041
-7.8 1.1 0.669809
-7.2 1.1 0.586291
-6.6 1.1 0.503325
-6 1.1 0.423658
-5.4 1.1 0.349239
-4.8 1.1 0.280611
-4.2 1.1 0.216756
-3.6 1.1 0.155679
-3 1.1 0.095668
-2.4 1.1 0.0367915
-1.8 1.1 -0.0181176
-1.2 1.1 -0.0636813
-0.6 1.1 -0.0935978
0 1.1 -0.103085
0.6 1.1 -0.0909487
1.2 1.1 -0.0601343
1.8 1.1 -0.0164815
2.4 1.1 0.0335455
3 1.1 0.0849415
3.6 1.1 0.135223
4.2 1.1 0.184326
4.8 1.1 0.23371
5.4 1.1 0.285232
6 1.1 0.340248
6.6 1.1 0.399183
7.2 1.1 0.461552
7.8 1.1 0.526261
8.4 1.1 0.591983
9 1.1 0.657448
9.6 1.1 0.721591
10.2 1.1 0.783561
10.8 1.1 0.84266
11.4 1.1 0.89826
12 1.1 0.949737
12.6 1.1 0.996437
13.2 1.1 1.03767
13.8 1.1 1.07274
14.4 1.1 1.10093
15 1.1 1.12156
15.6 1.1 1.13401
16.2 1.1 1.1377
16.8 1.1 1.13215
17.4 1.1 1.11701
18 1.1 1.09207
18.6 1.1 1.05729
19.2 1.1 1.01286
19.8 1.1 0.959242
20.4 1.1 0.897181
21 1.1 0.827741
21.6 1.1 0.7523
22.2 1.1 0.672483
22.8 1.1 0.590073
23.4 1.1 0.506871
24 1.1 0.4246
24.6 1.1 0.34488
25.2 1.1 0.269315
25.8 1.1 0.199651
26.4 1.1 0.137883
27 1.1 0.0861683
27.6 1.1 0.0464282
28.2 1.1 0.0196732
28.8 1.1 0.00524546
29.4 1.1 0.000315995
30 1.1 -1.35113e-32
