-30 0.05 0
-28.8 0.05 0
-27.6 0.05 0
-26.4 0.05 0
-25.2 0.05 0
-24 0.05 0
-22.8 0.05 0
-21.6 0.05 0
-20.4 0.05 0
-19.2 0.05 0
-18 0.05 0
-16.8 0.05 0
-15.6 0.05 0
-14.4 0.05 0
-13.2 0.05 0
-12 0.05 0
-10.8 0.05 -3.08859e-05
-9.6 0.05 2.36071e-05
-8.4 0.05 0.000107949
-7.2 0.05 8.91157e-05
-6 0.05 -0.000145483
-4.8 0.05 -0.000454128
-3.6 0.05 -0.000388893
-2.4 0.05 0.000419094
-1.2 0.05 0.00165835
0 0.05 0.00229571
1.2 0.05 0.00165676
2.4 0.05 0.000417339
3.6 0.05 -0.000389604
4.8 0.05 -0.000453821
6 0.05 -0.000144934
7.2 0.05 8.93243e-05
8.4 0.05 0.000107811
9.6 0.05 2.34167e-05
10.8 0.05 0
12 0.05 0
13.2 0.05 0
14.4 0.05 0
15.6 0.05 0
16.8 0.05 0
18 0.05 0
19.2 0.05 0
20.4 0.05 0
21.6 0.05 0
22.8 0.05 0
24 0.05 0
25.2 0.05 0
26.4 0.05 0
27.6 0.05 0
28.8 0.05 0
30 0.05 0
-30 0.100847 0
-28.8 0.100847 0
-27.6 0.100847 0
-26.4 0.100847 0
-25.2 0.100847 0
-24 0.100847 0
-22.8 0.100847 0
-21.6 0.100847 0
-20.4 0.100847 0
-19.2 0.100847 0
-18 0.100847 0
-16.8 0.100847 0
-15.6 0.100847 0
-14.4 0.100847 0
-13.2 0.100847 0
-12 0.100847 0
-10.8 0.100847 -3.0228e-05
-9.6 0.100847 2.13039e-05
-8.4 0.100847 0.000103387
-7.2 0.100847 8.75483e-05
-6 0.100847 -0.000138309
-4.8 0.100847 -0.000439766
-3.6 0.100847 -0.000379331
-2.4 0.100847 0.000409107
-1.2 0.100847 0.00162482
0 0.100847 0.00225159
1.2 0.100847 0.00162324
2.4 0.100847 0.00040738
3.6 0.100847 -0.000380017
4.8 0.100847 -0.000439463
6 0.100847 -0.000137783
7.2 0.100847 8.77413e-05
8.4 0.100847 0.000103251
9.6 0.100847 2.11237e-05
10.8 0.100847 0
12 0.100847 0
13.2 0.100847 0
14.4 0.100847 0
15.6 0.100847 0
16.8 0.100847 0
18 0.100847 0
19.2 0.100847 0
20.4 0.100847 0
21.6 0.100847 0
22.8 0.100847 0
24 0.100847 0
25.2 0.100847 0
26.4 0.100847 0
27.6 0.100847 0
28.8 0.100847 0
30 0.100847 0
-30 0.151695 0
-28.8 0.151695 0
-27.6 0.151695 0
-26.4 0.151695 0
-25.2 0.151695 0
-24 0.151695 0
-22.8 0.151695 0
-21.6 0.151695 0
-20.4 0.151695 0
-19.2 0.151695 0
-18 0.151695 0
-16.8 0.151695 0
-15.6 0.151695 0
-14.4 0.151695 0
-13.2 0.151695 0
-12 0.151695 0
-10.8 0.151695 -2.95486e-05
-9.6 0.151695 1.91001e-05
-8.4 0.151695 9.89221e-05
-7.2 0.151695 8.59578e-05
-6 0.151695 -0.000131314
-4.8 0.151695 -0.00042564
-3.6 0.151695 -0.000369905
-2.4 0.151695 0.000399174
-1.2 0.151695 0.00159151
0 0.151695 0.00220777
1.2 0.151695 0.00158995
2.4 0.151695 0.000397475
3.6 0.151695 -0.000370568
4.8 0.151695 -0.00042534
6 0.151695 -0.00013081
7.2 0.151695 8.61358e-05
8.4 0.151695 9.87881e-05
9.6 0.151695 1.89297e-05
10.8 0.151695 0
12 0.151695 0
13.2 0.151695 0
14.4 0.151695 0
15.6 0.151695 0
16.8 0.151695 0
18 0.151695 0
19.2 0.151695 0
20.4 0.151695 0
21.6 0.151695 0
22.8 0.151695 0
24 0.151695 0
25.2 0.151695 0
26.4 0.151695 0
27.6 0.151695 0
28.8 0.151695 0
30 0.151695 0
-30 0.202542 0
-28.8 0.202542 0
-27.6 0.202542 0
-26.4 0.202542 0
-25.2 0.202542 0
-24 0.202542 0
-22.8 0.202542 0
-21.6 0.202542 0
-20.4 0.202542 0
-19.2 0.202542 0
-18 0.202542 0
-16.8 0.202542 0
-15.6 0.202542 0
-14.4 0.202542 0
-13.2 0.202542 0
-12 0.202542 0
-10.8 0.202542 -2.88489e-05
-9.6 0.202542 1.69943e-05
-8.4 0.202542 9.45538e-05
-7.2 0.202542 8.43444e-05
-6 0.202542 -0.000124496
-4.8 0.202542 -0.000411747
-3.6 0.202542 -0.000360615
-2.4 0.202542 0.000389294
-1.2 0.202542 0.00155843
0 0.202542 0.00216423
1.2 0.202542 0.00155687
2.4 0.202542 0.000387626
3.6 0.202542 -0.000361253
4.8 0.202542 -0.000411451
6 0.202542 -0.000124014
7.2 0.202542 8.45081e-05
8.4 0.202542 9.44222e-05
9.6 0.202542 1.68336e-05
10.8 0.202542 0
12 0.202542 0
13.2 0.202542 0
14.4 0.202542 0
15.6 0.202542 0
16.8 0.202542 0
18 0.202542 0
19.2 0.202542 0
20.4 0.202542 0
21.6 0.202542 0
22.8 0.202542 0
24 0.202542 0
25.2 0.202542 0
26.4 0.202542 0
27.6 0.202542 0
28.8 0.202542 0
30 0.202542 0
-30 0.25339 0
-28.8 0.25339 0
-27.6 0.25339 0
-26.4 0.25339 0
-25.2 0.25339 0
-24 0.25339 0
-22.8 0.25339 0
-21.6 0.25339 0
-20.4 0.25339 0
-19.2 0.25339 0
-18 0.25339 0
-16.8 0.25339 0
-15.6 0.25339 0
-14.4 0.25339 0
-13.2 0.25339 0
-12 0.25339 0
-10.8 0.25339 -2.81301e-05
-9.6 0.25339 1.49853e-05
-8.4 0.25339 9.02815e-05
-7.2 0.25339 8.27086e-05
-6 0.25339 -0.000117855
-4.8 0.25339 -0.000398086
-3.6 0.25339 -0.000351458
-2.4 0.25339 0.000379468
-1.2 0.25339 0.00152556
0 0.25339 0.00212097
1.2 0.25339 0.00152402
2.4 0.25339 0.000377832
3.6 0.25339 -0.000352072
4.8 0.25339 -0.000397795
6 0.25339 -0.000117395
7.2 0.25339 8.28585e-05
8.4 0.25339 9.01525e-05
9.6 0.25339 1.48339e-05
10.8 0.25339 0
12 0.25339 0
13.2 0.25339 0
14.4 0.25339 0
15.6 0.25339 0
16.8 0.25339 0
18 0.25339 0
19.2 0.25339 0
20.4 0.25339 0
21.6 0.25339 0
22.8 0.25339 0
24 0.25339 0
25.2 0.25339 0
26.4 0.25339 0
27.6 0.25339 0
28.8 0.25339 0
30 0.25339 0
-30 0.304237 0
-28.8 0.304237 0
-27.6 0.304237 0
-26.4 0.304237 0
-25.2 0.304237 0
-24 0.304237 0
-22.8 0.304237 0
-21.6 0.304237 0
-20.4 0.304237 0
-19.2 0.304237 0
-18 0.304237 0
-16.8 0.304237 0
-15.6 0.304237 0
-14.4 0.304237 0
-13.2 0.304237 0
-12 0.304237 0
-10.8 0.304237 -2.73935e-05
-9.6 0.304237 1.30718e-05
-8.4 0.304237 8.61048e-05
-7.2 0.304237 8.10506e-05
-6 0.304237 -0.000111389
-4.8 0.304237 -0.000384654
-3.6 0.304237 -0.000342431
-2.4 0.304237 0.000369698
-1.2 0.304237 0.0014929
0 0.304237 0.00207799
1.2 0.304237 0.00149138
2.4 0.304237 0.000368095
3.6 0.304237 -0.000343021
4.8 0.304237 -0.000384368
6 0.304237 -0.00011095
7.2 0.304237 8.11875e-05
8.4 0.304237 8.59786e-05
9.6 0.304237 1.29294e-05
10.8 0.304237 0
12 0.304237 0
13.2 0.304237 0
14.4 0.304237 0
15.6 0.304237 0
16.8 0.304237 0
18 0.304237 0
19.2 0.304237 0
20.4 0.304237 0
21.6 0.304237 0
22.8 0.304237 0
24 0.304237 0
25.2 0.304237 0
26.4 0.304237 0
27.6 0.304237 0
28.8 0.304237 0
30 0.304237 0
-30 0.355085 0
-28.8 0.355085 0
-27.6 0.355085 0
-26.4 0.355085 0
-25.2 0.355085 0
-24 0.355085 0
-22.8 0.355085 0
-21.6 0.355085 0
-20.4 0.355085 0
-19.2 0.355085 0
-18 0.355085 0
-16.8 0.355085 0
-15.6 0.355085 0
-14.4 0.355085 0
-13.2 0.355085 0
-12 0.355085 0
-10.8 0.355085 -2.66403e-05
-9.6 0.355085 1.12525e-05
-8.4 0.355085 8.20233e-05
-7.2 0.355085 7.93708e-05
-6 0.355085 -0.000105097
-4.8 0.355085 -0.00037145
-3.6 0.355085 -0.000333531
-2.4 0.355085 0.000359983
-1.2 0.355085 0.00146046
0 0.355085 0.00203528
1.2 0.355085 0.00145896
2.4 0.355085 0.000358415
3.6 0.355085 -0.000334098
4.8 0.355085 -0.000371169
6 0.355085 -0.000104679
7.2 0.355085 7.94952e-05
8.4 0.355085 8.19e-05
9.6 0.355085 1.11187e-05
10.8 0.355085 0
12 0.355085 0
13.2 0.355085 0
14.4 0.355085 0
15.6 0.355085 0
16.8 0.355085 0
18 0.355085 0
19.2 0.355085 0
20.4 0.355085 0
21.6 0.355085 0
22.8 0.355085 0
24 0.355085 0
25.2 0.355085 0
26.4 0.355085 0
27.6 0.355085 0
28.8 0.355085 0
30 0.355085 0
-30 0.405932 0
-28.8 0.405932 0
-27.6 0.405932 0
-26.4 0.405932 0
-25.2 0.405932 0
-24 0.405932 0
-22.8 0.405932 0
-21.6 0.405932 0
-20.4 0.405932 0
-19.2 0.405932 0
-18 0.405932 0
-16.8 0.405932 0
-15.6 0.405932 0
-14.4 0.405932 0
-13.2 0.405932 0
-12 0.405932 0
-10.8 0.405932 -2.58718e-05
-9.6 0.405932 9.52608e-06
-8.4 0.405932 7.80366e-05
-7.2 0.405932 7.76696e-05
-6 0.405932 -9.89792e-05
-4.8 0.405932 -0.000358472
-3.6 0.405932 -0.000324758
-2.4 0.405932 0.000350325
-1.2 0.405932 0.00142823
0 0.405932 0.00199284
1.2 0.405932 0.00142675
2.4 0.405932 0.000348793
3.6 0.405932 -0.000325301
4.8 0.405932 -0.000358196
6 0.405932 -9.85807e-05
7.2 0.405932 7.77822e-05
8.4 0.405932 7.79164e-05
9.6 0.405932 9.4007e-06
10.8 0.405932 0
12 0.405932 0
13.2 0.405932 0
14.4 0.405932 0
15.6 0.405932 0
16.8 0.405932 0
18 0.405932 0
19.2 0.405932 0
20.4 0.405932 0
21.6 0.405932 0
22.8 0.405932 0
24 0.405932 0
25.2 0.405932 0
26.4 0.405932 0
27.6 0.405932 0
28.8 0.405932 0
30 0.405932 0
-30 0.45678 0
-28.8 0.45678 0
-27.6 0.45678 0
-26.4 0.45678 0
-25.2 0.45678 0
-24 0.45678 0
-22.8 0.45678 0
-21.6 0.45678 0
-20.4 0.45678 0
-19.2 0.45678 0
-18 0.45678 0
-16.8 0.45678 0
-15.6 0.45678 0
-14.4 0.45678 0
-13.2 0.45678 0
-12 0.45678 0
-10.8 0.45678 -2.50892e-05
-9.6 0.45678 7.89128e-06
-8.4 0.45678 7.41444e-05
-7.2 0.45678 7.59475e-05
-6 0.45678 -9.30336e-05
-4.8 0.45678 -0.000345717
-3.6 0.45678 -0.000316108
-2.4 0.45678 0.000340725
-1.2 0.45678 0.0013962
0 0.45678 0.00195066
1.2 0.45678 0.00139475
2.4 0.45678 0.000339228
3.6 0.45678 -0.000316628
4.8 0.45678 -0.000345448
6 0.45678 -9.26548e-05
7.2 0.45678 7.60489e-05
8.4 0.45678 7.40274e-05
9.6 0.45678 7.77399e-06
10.8 0.45678 0
12 0.45678 0
13.2 0.45678 0
14.4 0.45678 0
15.6 0.45678 0
16.8 0.45678 0
18 0.45678 0
19.2 0.45678 0
20.4 0.45678 0
21.6 0.45678 0
22.8 0.45678 0
24 0.45678 0
25.2 0.45678 0
26.4 0.45678 0
27.6 0.45678 0
28.8 0.45678 0
30 0.45678 0
-30 0.507627 0
-28.8 0.507627 0
-27.6 0.507627 0
-26.4 0.507627 0
-25.2 0.507627 0
-24 0.507627 0
-22.8 0.507627 0
-21.6 0.507627 0
-20.4 0.507627 0
-19.2 0.507627 0
-18 0.507627 0
-16.8 0.507627 0
-15.6 0.507627 0
-14.4 0.507627 0
-13.2 0.507627 0
-12 0.507627 0
-10.8 0.507627 -2.42938e-05
-9.6 0.507627 6.34683e-06
-8.4 0.507627 7.03464e-05
-7.2 0.507627 7.42048e-05
-6 0.507627 -8.72596e-05
-4.8 0.507627 -0.000333186
-3.6 0.507627 -0.00030758
-2.4 0.507627 0.000331182
-1.2 0.507627 0.00136439
0 0.507627 0.00190875
1.2 0.507627 0.00136296
2.4 0.507627 0.000329723
3.6 0.507627 -0.000308077
4.8 0.507627 -0.000332922
6 0.507627 -8.69002e-05
7.2 0.507627 7.42956e-05
8.4 0.507627 7.02327e-05
9.6 0.507627 6.23733e-06
10.8 0.507627 0
12 0.507627 0
13.2 0.507627 0
14.4 0.507627 0
15.6 0.507627 0
16.8 0.507627 0
18 0.507627 0
19.2 0.507627 0
20.4 0.507627 0
21.6 0.507627 0
22.8 0.507627 0
24 0.507627 0
25.2 0.507627 0
26.4 0.507627 0
27.6 0.507627 0
28.8 0.507627 0
30 0.507627 0
-30 0.558475 0
-28.8 0.558475 0
-27.6 0.558475 0
-26.4 0.558475 0
-25.2 0.558475 0
-24 0.558475 0
-22.8 0.558475 0
-21.6 0.558475 0
-20.4 0.558475 0
-19.2 0.558475 0
-18 0.558475 0
-16.8 0.558475 0
-15.6 0.558475 0
-14.4 0.558475 0
-13.2 0.558475 0
-12 0.558475 0
-10.8 0.558475 -2.34871e-05
-9.6 0.558475 4.89145e-06
-8.4 0.558475 6.66423e-05
-7.2 0.558475 7.24422e-05
-6 0.558475 -8.16565e-05
-4.8 0.558475 -0.000320875
-3.6 0.558475 -0.000299171
-2.4 0.558475 0.000321699
-1.2 0.558475 0.00133278
0 0.558475 0.00186709
1.2 0.558475 0.00133137
2.4 0.558475 0.000320278
3.6 0.558475 -0.000299645
4.8 0.558475 -0.000320617
6 0.558475 -8.1316e-05
7.2 0.558475 7.25229e-05
8.4 0.558475 6.65322e-05
9.6 0.558475 4.78944e-06
10.8 0.558475 0
12 0.558475 0
13.2 0.558475 0
14.4 0.558475 0
15.6 0.558475 0
16.8 0.558475 0
18 0.558475 0
19.2 0.558475 0
20.4 0.558475 0
21.6 0.558475 0
22.8 0.558475 0
24 0.558475 0
25.2 0.558475 0
26.4 0.558475 0
27.6 0.558475 0
28.8 0.558475 0
30 0.558475 0
-30 0.609322 0
-28.8 0.609322 0
-27.6 0.609322 0
-26.4 0.609322 0
-25.2 0.609322 0
-24 0.609322 0
-22.8 0.609322 0
-21.6 0.609322 0
-20.4 0.609322 0
-19.2 0.609322 0
-18 0.609322 0
-16.8 0.609322 0
-15.6 0.609322 0
-14.4 0.609322 0
-13.2 0.609322 0
-12 0.609322 0
-10.8 0.609322 -2.26703e-05
-9.6 0.609322 3.52386e-06
-8.4 0.609322 6.3032e-05
-7.2 0.609322 7.06599e-05
-6 0.609322 -7.62235e-05
-4.8 0.609322 -0.000308783
-3.6 0.609322 -0.000290878
-2.4 0.609322 0.000312275
-1.2 0.609322 0.00130136
0 0.609322 0.00182569
1.2 0.609322 0.00129999
2.4 0.609322 0.000310893
3.6 0.609322 -0.00029133
4.8 0.609322 -0.000308532
6 0.609322 -7.59014e-05
7.2 0.609322 7.07312e-05
8.4 0.609322 6.29255e-05
9.6 0.609322 3.42904e-06
10.8 0.609322 0
12 0.609322 0
13.2 0.609322 0
14.4 0.609322 0
15.6 0.609322 0
16.8 0.609322 0
18 0.609322 0
19.2 0.609322 0
20.4 0.609322 0
21.6 0.609322 0
22.8 0.609322 0
24 0.609322 0
25.2 0.609322 0
26.4 0.609322 0
27.6 0.609322 0
28.8 0.609322 0
30 0.609322 0
-30 0.660169 0
-28.8 0.660169 0
-27.6 0.660169 0
-26.4 0.660169 0
-25.2 0.660169 0
-24 0.660169 0
-22.8 0.660169 0
-21.6 0.660169 0
-20.4 0.660169 0
-19.2 0.660169 0
-18 0.660169 0
-16.8 0.660169 0
-15.6 0.660169 0
-14.4 0.660169 0
-13.2 0.660169 0
-12 0.660169 0
-10.8 0.660169 -2.18447e-05
-9.6 0.660169 2.24277e-06
-8.4 0.660169 5.95154e-05
-7.2 0.660169 6.88587e-05
-6 0.660169 -7.09598e-05
-4.8 0.660169 -0.00029691
-3.6 0.660169 -0.0002827
-2.4 0.660169 0.000302912
-1.2 0.660169 0.00127015
0 0.660169 0.00178453
1.2 0.660169 0.0012688
2.4 0.660169 0.00030157
3.6 0.660169 -0.000283131
4.8 0.660169 -0.000296665
6 0.660169 -7.06557e-05
7.2 0.660169 6.89211e-05
8.4 0.660169 5.94125e-05
9.6 0.660169 2.15484e-06
10.8 0.660169 0
12 0.660169 0
13.2 0.660169 0
14.4 0.660169 0
15.6 0.660169 0
16.8 0.660169 0
18 0.660169 0
19.2 0.660169 0
20.4 0.660169 0
21.6 0.660169 0
22.8 0.660169 0
24 0.660169 0
25.2 0.660169 0
26.4 0.660169 0
27.6 0.660169 0
28.8 0.660169 0
30 0.660169 0
-30 0.711017 0
-28.8 0.711017 0
-27.6 0.711017 0
-26.4 0.711017 0
-25.2 0.711017 0
-24 0.711017 0
-22.8 0.711017 0
-21.6 0.711017 0
-20.4 0.711017 0
-19.2 0.711017 0
-18 0.711017 0
-16.8 0.711017 0
-15.6 0.711017 0
-14.4 0.711017 0
-13.2 0.711017 0
-12 0.711017 0
-10.8 0.711017 -2.10118e-05
-9.6 0.711017 1.04688e-06
-8.4 0.711017 5.60922e-05
-7.2 0.711017 6.70391e-05
-6 0.711017 -6.58649e-05
-4.8 0.711017 -0.000285252
-3.6 0.711017 -0.000274635
-2.4 0.711017 0.000293612
-1.2 0.711017 0.00123914
0 0.711017 0.00174362
1.2 0.711017 0.00123782
2.4 0.711017 0.000292309
3.6 0.711017 -0.000275044
4.8 0.711017 -0.000285014
6 0.711017 -6.55782e-05
7.2 0.711017 6.70932e-05
8.4 0.711017 5.59931e-05
9.6 0.711017 9.65546e-07
10.8 0.711017 0
12 0.711017 0
13.2 0.711017 0
14.4 0.711017 0
15.6 0.711017 0
16.8 0.711017 0
18 0.711017 0
19.2 0.711017 0
20.4 0.711017 0
21.6 0.711017 0
22.8 0.711017 0
24 0.711017 0
25.2 0.711017 0
26.4 0.711017 0
27.6 0.711017 0
28.8 0.711017 0
30 0.711017 0
-30 0.761864 0
-28.8 0.761864 0
-27.6 0.761864 0
-26.4 0.761864 0
-25.2 0.761864 0
-24 0.761864 0
-22.8 0.761864 0
-21.6 0.761864 0
-20.4 0.761864 0
-19.2 0.761864 0
-18 0.761864 0
-16.8 0.761864 0
-15.6 0.761864 0
-14.4 0.761864 0
-13.2 0.761864 0
-12 0.761864 0
-10.8 0.761864 -2.01731e-05
-9.6 0.761864 -6.51149e-08
-8.4 0.761864 5.27625e-05
-7.2 0.761864 6.52017e-05
-6 0.761864 -6.0938e-05
-4.8 0.761864 -0.00027381
-3.6 0.761864 -0.000266679
-2.4 0.761864 0.000284374
-1.2 0.761864 0.00120832
0 0.761864 0.00170295
1.2 0.761864 0.00120703
2.4 0.761864 0.000283112
3.6 0.761864 -0.000267067
4.8 0.761864 -0.000273579
6 0.761864 -6.06683e-05
7.2 0.761864 6.5248e-05
8.4 0.761864 5.26672e-05
9.6 0.761864 -1.40147e-07
10.8 0.761864 0
12 0.761864 0
13.2 0.761864 0
14.4 0.761864 0
15.6 0.761864 0
16.8 0.761864 0
18 0.761864 0
19.2 0.761864 0
20.4 0.761864 0
21.6 0.761864 0
22.8 0.761864 0
24 0.761864 0
25.2 0.761864 0
26.4 0.761864 0
27.6 0.761864 0
28.8 0.761864 0
30 0.761864 0
-30 0.812712 0
-28.8 0.812712 0
-27.6 0.812712 0
-26.4 0.812712 0
-25.2 0.812712 0
-24 0.812712 0
-22.8 0.812712 0
-21.6 0.812712 0
-20.4 0.812712 0
-19.2 0.812712 0
-18 0.812712 0
-16.8 0.812712 0
-15.6 0.812712 0
-14.4 0.812712 0
-13.2 0.812712 0
-12 0.812712 0
-10.8 0.812712 -1.93299e-05
-9.6 0.812712 -1.09454e-06
-8.4 0.812712 4.95263e-05
-7.2 0.812712 6.33472e-05
-6 0.812712 -5.61786e-05
-4.8 0.812712 -0.000262581
-3.6 0.812712 -0.000258832
-2.4 0.812712 0.0002752
-1.2 0.812712 0.00117769
0 0.812712 0.00166252
1.2 0.812712 0.00117644
2.4 0.812712 0.000273979
3.6 0.812712 -0.000259199
4.8 0.812712 -0.000262357
6 0.812712 -5.59253e-05
7.2 0.812712 6.33862e-05
8.4 0.812712 4.94349e-05
9.6 0.812712 -1.16356e-06
10.8 0.812712 0
12 0.812712 0
13.2 0.812712 0
14.4 0.812712 0
15.6 0.812712 0
16.8 0.812712 0
18 0.812712 0
19.2 0.812712 0
20.4 0.812712 0
21.6 0.812712 0
22.8 0.812712 0
24 0.812712 0
25.2 0.812712 0
26.4 0.812712 0
27.6 0.812712 0
28.8 0.812712 0
30 0.812712 0
-30 0.863559 0
-28.8 0.863559 0
-27.6 0.863559 0
-26.4 0.863559 0
-25.2 0.863559 0
-24 0.863559 0
-22.8 0.863559 0
-21.6 0.863559 0
-20.4 0.863559 0
-19.2 0.863559 0
-18 0.863559 0
-16.8 0.863559 0
-15.6 0.863559 0
-14.4 0.863559 0
-13.2 0.863559 0
-12 0.863559 0
-10.8 0.863559 -1.84837e-05
-9.6 0.863559 -2.04274e-06
-8.4 0.863559 4.63835e-05
-7.2 0.863559 6.14762e-05
-6 0.863559 -5.15861e-05
-4.8 0.863559 -0.000251566
-3.6 0.863559 -0.00025109
-2.4 0.863559 0.000266092
-1.2 0.863559 0.00114726
0 0.863559 0.00162232
1.2 0.863559 0.00114603
2.4 0.863559 0.000264912
3.6 0.863559 -0.000251437
4.8 0.863559 -0.000251349
6 0.863559 -5.13488e-05
7.2 0.863559 6.15085e-05
8.4 0.863559 4.6296e-05
9.6 0.863559 -2.10603e-06
10.8 0.863559 0
12 0.863559 0
13.2 0.863559 0
14.4 0.863559 0
15.6 0.863559 0
16.8 0.863559 0
18 0.863559 0
19.2 0.863559 0
20.4 0.863559 0
21.6 0.863559 0
22.8 0.863559 0
24 0.863559 0
25.2 0.863559 0
26.4 0.863559 0
27.6 0.863559 0
28.8 0.863559 0
30 0.863559 0
-30 0.914407 0
-28.8 0.914407 0
-27.6 0.914407 0
-26.4 0.914407 0
-25.2 0.914407 0
-24 0.914407 0
-22.8 0.914407 0
-21.6 0.914407 0
-20.4 0.914407 0
-19.2 0.914407 0
-18 0.914407 0
-16.8 0.914407 0
-15.6 0.914407 0
-14.4 0.914407 0
-13.2 0.914407 0
-12 0.914407 0
-10.8 0.914407 -1.7636e-05
-9.6 0.914407 -2.91107e-06
-8.4 0.914407 4.33343e-05
-7.2 0.914407 5.95896e-05
-6 0.914407 -4.71601e-05
-4.8 0.914407 -0.000240761
-3.6 0.914407 -0.000243451
-2.4 0.914407 0.000257051
-1.2 0.914407 0.00111701
0 0.914407 0.00158235
1.2 0.914407 0.00111582
2.4 0.914407 0.000255912
3.6 0.914407 -0.000243779
4.8 0.914407 -0.000240552
6 0.914407 -4.69381e-05
7.2 0.914407 5.96157e-05
8.4 0.914407 4.32508e-05
9.6 0.914407 -2.96893e-06
10.8 0.914407 0
12 0.914407 0
13.2 0.914407 0
14.4 0.914407 0
15.6 0.914407 0
16.8 0.914407 0
18 0.914407 0
19.2 0.914407 0
20.4 0.914407 0
21.6 0.914407 0
22.8 0.914407 0
24 0.914407 0
25.2 0.914407 0
26.4 0.914407 0
27.6 0.914407 0
28.8 0.914407 0
30 0.914407 0
-30 0.965254 0
-28.8 0.965254 0
-27.6 0.965254 0
-26.4 0.965254 0
-25.2 0.965254 0
-24 0.965254 0
-22.8 0.965254 0
-21.6 0.965254 0
-20.4 0.965254 0
-19.2 0.965254 0
-18 0.965254 0
-16.8 0.965254 0
-15.6 0.965254 0
-14.4 0.965254 0
-13.2 0.965254 0
-12 0.965254 0
-10.8 0.965254 -1.67884e-05
-9.6 0.965254 -3.70092e-06
-8.4 0.965254 4.03789e-05
-7.2 0.965254 5.76882e-05
-6 0.965254 -4.29e-05
-4.8 0.965254 -0.000230168
-3.6 0.965254 -0.000235914
-2.4 0.965254 0.000248077
-1.2 0.965254 0.00108695
0 0.965254 0.0015426
1.2 0.965254 0.00108579
2.4 0.965254 0.00024698
3.6 0.965254 -0.000236222
4.8 0.965254 -0.000229965
6 0.965254 -4.2693e-05
7.2 0.965254 5.77085e-05
8.4 0.965254 4.02994e-05
9.6 0.965254 -3.75363e-06
10.8 0.965254 0
12 0.965254 0
13.2 0.965254 0
14.4 0.965254 0
15.6 0.965254 0
16.8 0.965254 0
18 0.965254 0
19.2 0.965254 0
20.4 0.965254 0
21.6 0.965254 0
22.8 0.965254 0
24 0.965254 0
25.2 0.965254 0
26.4 0.965254 0
27.6 0.965254 0
28.8 0.965254 0
30 0.965254 0
-30 1.0161 0
-28.8 1.0161 0
-27.6 1.0161 0
-26.4 1.0161 0
-25.2 1.0161 0
-24 1.0161 0
-22.8 1.0161 0
-21.6 1.0161 0
-20.4 1.0161 0
-19.2 1.0161 0
-18 1.0161 0
-16.8 1.0161 0
-15.6 1.0161 0
-14.4 1.0161 0
-13.2 1.0161 0
-12 1.0161 0
-10.8 1.0161 -1.59425e-05
-9.6 1.0161 -4.41372e-06
-8.4 1.0161 3.75174e-05
-7.2 1.0161 5.57729e-05
-6 1.0161 -3.88056e-05
-4.8 1.0161 -0.000219784
-3.6 1.0161 -0.000228475
-2.4 1.0161 0.000239173
-1.2 1.0161 0.00105708
0 1.0161 0.00150307
1.2 1.0161 0.00105595
2.4 1.0161 0.000238117
3.6 1.0161 -0.000228764
4.8 1.0161 -0.000219589
6 1.0161 -3.86129e-05
7.2 1.0161 5.57879e-05
8.4 1.0161 3.74419e-05
9.6 1.0161 -4.46155e-06
10.8 1.0161 0
12 1.0161 0
13.2 1.0161 0
14.4 1.0161 0
15.6 1.0161 0
16.8 1.0161 0
18 1.0161 0
19.2 1.0161 0
20.4 1.0161 0
21.6 1.0161 0
22.8 1.0161 0
24 1.0161 0
25.2 1.0161 0
26.4 1.0161 0
27.6 1.0161 0
28.8 1.0161 0
30 1.0161 0
-30 1.06695 0
-28.8 1.06695 0
-27.6 1.06695 0
-26.4 1.06695 0
-25.2 1.06695 0
-24 1.06695 0
-22.8 1.06695 0
-21.6 1.06695 0
-20.4 1.06695 0
-19.2 1.06695 0
-18 1.06695 0
-16.8 1.06695 0
-15.6 1.06695 0
-14.4 1.06695 0
-13.2 1.06695 0
-12 1.06695 0
-10.8 1.06695 -1.50998e-05
-9.6 1.06695 -5.05091e-06
-8.4 1.06695 3.47502e-05
-7.2 1.06695 5.38445e-05
-6 1.06695 -3.48764e-05
-4.8 1.06695 -0.000209609
-3.6 1.06695 -0.000221133
-2.4 1.06695 0.00023034
-1.2 1.06695 0.00102738
0 1.06695 0.00146376
1.2 1.06695 0.00102629
2.4 1.06695 0.000229326
3.6 1.06695 -0.000221404
4.8 1.06695 -0.000209421
6 1.06695 -3.46975e-05
7.2 1.06695 5.38548e-05
8.4 1.06695 3.46786e-05
9.6 1.06695 -5.09415e-06
10.8 1.06695 0
12 1.06695 0
13.2 1.06695 0
14.4 1.06695 0
15.6 1.06695 0
16.8 1.06695 0
18 1.06695 0
19.2 1.06695 0
20.4 1.06695 0
21.6 1.06695 0
22.8 1.06695 0
24 1.06695 0
25.2 1.06695 0
26.4 1.06695 0
27.6 1.06695 0
28.8 1.06695 0
30 1.06695 0
-30 1.1178 0
-28.8 1.1178 0
-27.6 1.1178 0
-26.4 1.1178 0
-25.2 1.1178 0
-24 1.1178 0
-22.8 1.1178 0
-21.6 1.1178 0
-20.4 1.1178 0
-19.2 1.1178 0
-18 1.1178 0
-16.8 1.1178 0
-15.6 1.1178 0
-14.4 1.1178 0
-13.2 1.1178 0
-12 1.1178 0
-10.8 1.1178 -1.4262e-05
-9.6 1.1178 -5.61401e-06
-8.4 1.1178 3.20774e-05
-7.2 1.1178 5.19042e-05
-6 1.1178 -3.11122e-05
-4.8 1.1178 -0.000199642
-3.6 1.1178 -0.000213885
-2.4 1.1178 0.00022158
-1.2 1.1178 0.000997869
0 1.1178 0.00142465
1.2 1.1178 0.000996815
2.4 1.1178 0.000220607
3.6 1.1178 -0.000214139
4.8 1.1178 -0.000199462
6 1.1178 -3.09466e-05
7.2 1.1178 5.19102e-05
8.4 1.1178 3.20098e-05
9.6 1.1178 -5.65292e-06
10.8 1.1178 0
12 1.1178 0
13.2 1.1178 0
14.4 1.1178 0
15.6 1.1178 0
16.8 1.1178 0
18 1.1178 0
19.2 1.1178 0
20.4 1.1178 0
21.6 1.1178 0
22.8 1.1178 0
24 1.1178 0
25.2 1.1178 0
26.4 1.1178 0
27.6 1.1178 0
28.8 1.1178 0
30 1.1178 0
-30 1.16864 0
-28.8 1.16864 0
-27.6 1.16864 0
-26.4 1.16864 0
-25.2 1.16864 0
-24 1.16864 0
-22.8 1.16864 0
-21.6 1.16864 0
-20.4 1.16864 0
-19.2 1.16864 0
-18 1.16864 0
-16.8 1.16864 0
-15.6 1.16864 0
-14.4 1.16864 0
-13.2 1.16864 0
-12 1.16864 0
-10.8 1.16864 -1.34309e-05
-9.6 1.16864 -6.10455e-06
-8.4 1.16864 2.94995e-05
-7.2 1.16864 4.99531e-05
-6 1.16864 -2.75128e-05
-4.8 1.16864 -0.000189884
-3.6 1.16864 -0.000206729
-2.4 1.16864 0.000212894
-1.2 1.16864 0.000968533
0 1.16864 0.00138576
1.2 1.16864 0.000967515
2.4 1.16864 0.000211962
3.6 1.16864 -0.000206966
4.8 1.16864 -0.000189711
6 1.16864 -2.73598e-05
7.2 1.16864 4.99552e-05
8.4 1.16864 2.94358e-05
9.6 1.16864 -6.13941e-06
10.8 1.16864 0
12 1.16864 0
13.2 1.16864 0
14.4 1.16864 0
15.6 1.16864 0
16.8 1.16864 0
18 1.16864 0
19.2 1.16864 0
20.4 1.16864 0
21.6 1.16864 0
22.8 1.16864 0
24 1.16864 0
25.2 1.16864 0
26.4 1.16864 0
27.6 1.16864 0
28.8 1.16864 0
30 1.16864 0
-30 1.21949 0
-28.8 1.21949 0
-27.6 1.21949 0
-26.4 1.21949 0
-25.2 1.21949 0
-24 1.21949 0
-22.8 1.21949 0
-21.6 1.21949 0
-20.4 1.21949 0
-19.2 1.21949 0
-18 1.21949 0
-16.8 1.21949 0
-15.6 1.21949 0
-14.4 1.21949 0
-13.2 1.21949 0
-12 1.21949 0
-10.8 1.21949 -1.2608e-05
-9.6 1.21949 -6.52414e-06
-8.4 1.21949 2.70169e-05
-7.2 1.21949 4.79923e-05
-6 1.21949 -2.40778e-05
-4.8 1.21949 -0.000180332
-3.6 1.21949 -0.000199664
-2.4 1.21949 0.000204285
-1.2 1.21949 0.000939374
0 1.21949 0.00134706
1.2 1.21949 0.000938391
2.4 1.21949 0.000203394
3.6 1.21949 -0.000199883
4.8 1.21949 -0.000180167
6 1.21949 -2.39371e-05
7.2 1.21949 4.79909e-05
8.4 1.21949 2.69571e-05
9.6 1.21949 -6.55521e-06
10.8 1.21949 0
12 1.21949 0
13.2 1.21949 0
14.4 1.21949 0
15.6 1.21949 0
16.8 1.21949 0
18 1.21949 0
19.2 1.21949 0
20.4 1.21949 0
21.6 1.21949 0
22.8 1.21949 0
24 1.21949 0
25.2 1.21949 0
26.4 1.21949 0
27.6 1.21949 0
28.8 1.21949 0
30 1.21949 0
-30 1.27034 0
-28.8 1.27034 0
-27.6 1.27034 0
-26.4 1.27034 0
-25.2 1.27034 0
-24 1.27034 0
-22.8 1.27034 0
-21.6 1.27034 0
-20.4 1.27034 0
-19.2 1.27034 0
-18 1.27034 0
-16.8 1.27034 0
-15.6 1.27034 0
-14.4 1.27034 0
-13.2 1.27034 0
-12 1.27034 0
-10.8 1.27034 -1.17952e-05
-9.6 1.27034 -6.87444e-06
-8.4 1.27034 2.46301e-05
-7.2 1.27034 4.60232e-05
-6 1.27034 -2.08074e-05
-4.8 1.27034 -0.000170988
-3.6 1.27034 -0.000192685
-2.4 1.27034 0.000195754
-1.2 1.27034 0.000910388
0 1.27034 0.00130857
1.2 1.27034 0.000909442
2.4 1.27034 0.000194903
3.6 1.27034 -0.000192889
4.8 1.27034 -0.000170831
6 1.27034 -2.06783e-05
7.2 1.27034 4.60188e-05
8.4 1.27034 2.45742e-05
9.6 1.27034 -6.90198e-06
10.8 1.27034 0
12 1.27034 0
13.2 1.27034 0
14.4 1.27034 0
15.6 1.27034 0
16.8 1.27034 0
18 1.27034 0
19.2 1.27034 0
20.4 1.27034 0
21.6 1.27034 0
22.8 1.27034 0
24 1.27034 0
25.2 1.27034 0
26.4 1.27034 0
27.6 1.27034 0
28.8 1.27034 0
30 1.27034 0
-30 1.32119 0
-28.8 1.32119 0
-27.6 1.32119 0
-26.4 1.32119 0
-25.2 1.32119 0
-24 1.32119 0
-22.8 1.32119 0
-21.6 1.32119 0
-20.4 1.32119 0
-19.2 1.32119 0
-18 1.32119 0
-16.8 1.32119 0
-15.6 1.32119 0
-14.4 1.32119 0
-13.2 1.32119 0
-12 1.32119 0
-10.8 1.32119 -1.09944e-05
-9.6 1.32119 -7.1572e-06
-8.4 1.32119 2.23397e-05
-7.2 1.32119 4.40472e-05
-6 1.32119 -1.77012e-05
-4.8 1.32119 -0.000161851
-3.6 1.32119 -0.000185792
-2.4 1.32119 0.000187303
-1.2 1.32119 0.000881574
0 1.32119 0.00127026
1.2 1.32119 0.000880664
2.4 1.32119 0.000186493
3.6 1.32119 -0.00018598
4.8 1.32119 -0.000161701
6 1.32119 -1.75833e-05
7.2 1.32119 4.40401e-05
8.4 1.32119 2.22876e-05
9.6 1.32119 -7.18146e-06
10.8 1.32119 0
12 1.32119 0
13.2 1.32119 0
14.4 1.32119 0
15.6 1.32119 0
16.8 1.32119 0
18 1.32119 0
19.2 1.32119 0
20.4 1.32119 0
21.6 1.32119 0
22.8 1.32119 0
24 1.32119 0
25.2 1.32119 0
26.4 1.32119 0
27.6 1.32119 0
28.8 1.32119 0
30 1.32119 0
-30 1.37203 0
-28.8 1.37203 0
-27.6 1.37203 0
-26.4 1.37203 0
-25.2 1.37203 0
-24 1.37203 0
-22.8 1.37203 0
-21.6 1.37203 0
-20.4 1.37203 0
-19.2 1.37203 0
-18 1.37203 0
-16.8 1.37203 0
-15.6 1.37203 0
-14.4 1.37203 0
-13.2 1.37203 0
-12 1.37203 0
-10.8 1.37203 -1.02072e-05
-9.6 1.37203 -7.37423e-06
-8.4 1.37203 2.01462e-05
-7.2 1.37203 4.20658e-05
-6 1.37203 -1.47595e-05
-4.8 1.37203 -0.000152921
-3.6 1.37203 -0.000178981
-2.4 1.37203 0.000178936
-1.2 1.37203 0.00085293
0 1.37203 0.00123214
1.2 1.37203 0.000852057
2.4 1.37203 0.000178165
3.6 1.37203 -0.000179154
4.8 1.37203 -0.000152778
6 1.37203 -1.4652e-05
7.2 1.37203 4.20564e-05
8.4 1.37203 2.00978e-05
9.6 1.37203 -7.39546e-06
10.8 1.37203 0
12 1.37203 0
13.2 1.37203 0
14.4 1.37203 0
15.6 1.37203 0
16.8 1.37203 0
18 1.37203 0
19.2 1.37203 0
20.4 1.37203 0
21.6 1.37203 0
22.8 1.37203 0
24 1.37203 0
25.2 1.37203 0
26.4 1.37203 0
27.6 1.37203 0
28.8 1.37203 0
30 1.37203 0
-30 1.42288 0
-28.8 1.42288 0
-27.6 1.42288 0
-26.4 1.42288 0
-25.2 1.42288 0
-24 1.42288 0
-22.8 1.42288 0
-21.6 1.42288 0
-20.4 1.42288 0
-19.2 1.42288 0
-18 1.42288 0
-16.8 1.42288 0
-15.6 1.42288 0
-14.4 1.42288 0
-13.2 1.42288 0
-12 1.42288 0
-10.8 1.42288 -9.43576e-06
-9.6 1.42288 -7.52745e-06
-8.4 1.42288 1.80503e-05
-7.2 1.42288 4.00807e-05
-6 1.42288 -1.1982e-05
-4.8 1.42288 -0.000144199
-3.6 1.42288 -0.000172251
-2.4 1.42288 0.000170653
-1.2 1.42288 0.000824453
0 1.42288 0.00119421
1.2 1.42288 0.000823617
2.4 1.42288 0.000169922
3.6 1.42288 -0.00017241
4.8 1.42288 -0.000144063
6 1.42288 -1.18847e-05
7.2 1.42288 4.00693e-05
8.4 1.42288 1.80055e-05
9.6 1.42288 -7.5459e-06
10.8 1.42288 0
12 1.42288 0
13.2 1.42288 0
14.4 1.42288 0
15.6 1.42288 0
16.8 1.42288 0
18 1.42288 0
19.2 1.42288 0
20.4 1.42288 0
21.6 1.42288 0
22.8 1.42288 0
24 1.42288 0
25.2 1.42288 0
26.4 1.42288 0
27.6 1.42288 0
28.8 1.42288 0
30 1.42288 0
-30 1.47373 0
-28.8 1.47373 0
-27.6 1.47373 0
-26.4 1.47373 0
-25.2 1.47373 0
-24 1.47373 0
-22.8 1.47373 0
-21.6 1.47373 0
-20.4 1.47373 0
-19.2 1.47373 0
-18 1.47373 0
-16.8 1.47373 0
-15.6 1.47373 0
-14.4 1.47373 0
-13.2 1.47373 0
-12 1.47373 0
-10.8 1.47373 -8.68184e-06
-9.6 1.47373 -7.61887e-06
-8.4 1.47373 1.60528e-05
-7.2 1.47373 3.80937e-05
-6 1.47373 -9.36906e-06
-4.8 1.47373 -0.000135684
-3.6 1.47373 -0.0001656
-2.4 1.47373 0.000162459
-1.2 1.47373 0.000796142
0 1.47373 0.00115644
1.2 1.47373 0.000795342
2.4 1.47373 0.000161767
3.6 1.47373 -0.000165744
4.8 1.47373 -0.000135556
6 1.47373 -9.28118e-06
7.2 1.47373 3.80807e-05
8.4 1.47373 1.60115e-05
9.6 1.47373 -7.63477e-06
10.8 1.47373 0
12 1.47373 0
13.2 1.47373 0
14.4 1.47373 0
15.6 1.47373 0
16.8 1.47373 0
18 1.47373 0
19.2 1.47373 0
20.4 1.47373 0
21.6 1.47373 0
22.8 1.47373 0
24 1.47373 0
25.2 1.47373 0
26.4 1.47373 0
27.6 1.47373 0
28.8 1.47373 0
30 1.47373 0
-30 1.52458 0
-28.8 1.52458 0
-27.6 1.52458 0
-26.4 1.52458 0
-25.2 1.52458 0
-24 1.52458 0
-22.8 1.52458 0
-21.6 1.52458 0
-20.4 1.52458 0
-19.2 1.52458 0
-18 1.52458 0
-16.8 1.52458 0
-15.6 1.52458 0
-14.4 1.52458 0
-13.2 1.52458 0
-12 1.52458 0
-10.8 1.52458 -7.94746e-06
-9.6 1.52458 -7.65064e-06
-8.4 1.52458 1.41543e-05
-7.2 1.52458 3.61068e-05
-6 1.52458 -6.92067e-06
-4.8 1.52458 -0.000127378
-3.6 1.52458 -0.000159024
-2.4 1.52458 0.000154356
-1.2 1.52458 0.000767995
0 1.52458 0.00111885
1.2 1.52458 0.000767231
2.4 1.52458 0.000153702
3.6 1.52458 -0.000159155
4.8 1.52458 -0.000127257
6 1.52458 -6.84176e-06
7.2 1.52458 3.60926e-05
8.4 1.52458 1.41165e-05
9.6 1.52458 -7.66422e-06
10.8 1.52458 0
12 1.52458 0
13.2 1.52458 0
14.4 1.52458 0
15.6 1.52458 0
16.8 1.52458 0
18 1.52458 0
19.2 1.52458 0
20.4 1.52458 0
21.6 1.52458 0
22.8 1.52458 0
24 1.52458 0
25.2 1.52458 0
26.4 1.52458 0
27.6 1.52458 0
28.8 1.52458 0
30 1.52458 0
-30 1.57542 0
-28.8 1.57542 0
-27.6 1.57542 0
-26.4 1.57542 0
-25.2 1.57542 0
-24 1.57542 0
-22.8 1.57542 0
-21.6 1.57542 0
-20.4 1.57542 0
-19.2 1.57542 0
-18 1.57542 0
-16.8 1.57542 0
-15.6 1.57542 0
-14.4 1.57542 0
-13.2 1.57542 0
-12 1.57542 0
-10.8 1.57542 -7.23462e-06
-9.6 1.57542 -7.62502e-06
-8.4 1.57542 1.23558e-05
-7.2 1.57542 3.41222e-05
-6 1.57542 -4.63705e-06
-4.8 1.57542 -0.000119281
-3.6 1.57542 -0.000152521
-2.4 1.57542 0.000146347
-1.2 1.57542 0.000740009
0 1.57542 0.00108143
1.2 1.57542 0.000739281
2.4 1.57542 0.00014573
3.6 1.57542 -0.00015264
4.8 1.57542 -0.000119167
6 1.57542 -4.56657e-06
7.2 1.57542 3.4107e-05
8.4 1.57542 1.23213e-05
9.6 1.57542 -7.6365e-06
10.8 1.57542 0
12 1.57542 0
13.2 1.57542 0
14.4 1.57542 0
15.6 1.57542 0
16.8 1.57542 0
18 1.57542 0
19.2 1.57542 0
20.4 1.57542 0
21.6 1.57542 0
22.8 1.57542 0
24 1.57542 0
25.2 1.57542 0
26.4 1.57542 0
27.6 1.57542 0
28.8 1.57542 0
30 1.57542 0
-30 1.62627 0
-28.8 1.62627 0
-27.6 1.62627 0
-26.4 1.62627 0
-25.2 1.62627 0
-24 1.62627 0
-22.8 1.62627 0
-21.6 1.62627 0
-20.4 1.62627 0
-19.2 1.62627 0
-18 1.62627 0
-16.8 1.62627 0
-15.6 1.62627 0
-14.4 1.62627 0
-13.2 1.62627 0
-12 1.62627 0
-10.8 1.62627 -6.54535e-06
-9.6 1.62627 -7.54444e-06
-8.4 1.62627 1.0658e-05
-7.2 1.62627 3.21423e-05
-6 1.62627 -2.51842e-06
-4.8 1.62627 -0.000111395
-3.6 1.62627 -0.00014609
-2.4 1.62627 0.000138435
-1.2 1.62627 0.000712183
0 1.62627 0.00104416
1.2 1.62627 0.000711491
2.4 1.62627 0.000137855
3.6 1.62627 -0.000146197
4.8 1.62627 -0.000111288
6 1.62627 -2.45586e-06
7.2 1.62627 3.21264e-05
8.4 1.62627 1.06267e-05
9.6 1.62627 -7.55404e-06
10.8 1.62627 0
12 1.62627 0
13.2 1.62627 0
14.4 1.62627 0
15.6 1.62627 0
16.8 1.62627 0
18 1.62627 0
19.2 1.62627 0
20.4 1.62627 0
21.6 1.62627 0
22.8 1.62627 0
24 1.62627 0
25.2 1.62627 0
26.4 1.62627 0
27.6 1.62627 0
28.8 1.62627 0
30 1.62627 0
-30 1.67712 0
-28.8 1.67712 0
-27.6 1.67712 0
-26.4 1.67712 0
-25.2 1.67712 0
-24 1.67712 0
-22.8 1.67712 0
-21.6 1.67712 0
-20.4 1.67712 0
-19.2 1.67712 0
-18 1.67712 0
-16.8 1.67712 0
-15.6 1.67712 0
-14.4 1.67712 0
-13.2 1.67712 0
-12 1.67712 0
-10.8 1.67712 -5.8817e-06
-9.6 1.67712 -7.4115e-06
-8.4 1.67712 9.06197e-06
-7.2 1.67712 3.01696e-05
-6 1.67712 -5.65033e-07
-4.8 1.67712 -0.000103721
-3.6 1.67712 -0.000139728
-2.4 1.67712 0.000130624
-1.2 1.67712 0.000684514
0 1.67712 0.00100705
1.2 1.67712 0.000683858
2.4 1.67712 0.000130081
3.6 1.67712 -0.000139823
4.8 1.67712 -0.000103621
6 1.67712 -5.09869e-07
7.2 1.67712 3.01534e-05
8.4 1.67712 9.03376e-06
9.6 1.67712 -7.41942e-06
10.8 1.67712 0
12 1.67712 0
13.2 1.67712 0
14.4 1.67712 0
15.6 1.67712 0
16.8 1.67712 0
18 1.67712 0
19.2 1.67712 0
20.4 1.67712 0
21.6 1.67712 0
22.8 1.67712 0
24 1.67712 0
25.2 1.67712 0
26.4 1.67712 0
27.6 1.67712 0
28.8 1.67712 0
30 1.67712 0
-30 1.72797 0
-28.8 1.72797 0
-27.6 1.72797 0
-26.4 1.72797 0
-25.2 1.72797 0
-24 1.72797 0
-22.8 1.72797 0
-21.6 1.72797 0
-20.4 1.72797 0
-19.2 1.72797 0
-18 1.72797 0
-16.8 1.72797 0
-15.6 1.72797 0
-14.4 1.72797 0
-13.2 1.72797 0
-12 1.72797 0
-10.8 1.72797 -5.24574e-06
-9.6 1.72797 -7.22897e-06
-8.4 1.72797 7.56853e-06
-7.2 1.72797 2.82071e-05
-6 1.72797 1.22282e-06
-4.8 1.72797 -9.62607e-05
-3.6 1.72797 -0.000133432
-2.4 1.72797 0.000122919
-1.2 1.72797 0.000657
0 1.72797 0.000970079
1.2 1.72797 0.00065638
2.4 1.72797 0.000122411
3.6 1.72797 -0.000133517
4.8 1.72797 -9.61676e-05
6 1.72797 1.2711e-06
7.2 1.72797 2.81907e-05
8.4 1.72797 7.54327e-06
9.6 1.72797 -7.23542e-06
10.8 1.72797 0
12 1.72797 0
13.2 1.72797 0
14.4 1.72797 0
15.6 1.72797 0
16.8 1.72797 0
18 1.72797 0
19.2 1.72797 0
20.4 1.72797 0
21.6 1.72797 0
22.8 1.72797 0
24 1.72797 0
25.2 1.72797 0
26.4 1.72797 0
27.6 1.72797 0
28.8 1.72797 0
30 1.72797 0
-30 1.77881 0
-28.8 1.77881 0
-27.6 1.77881 0
-26.4 1.77881 0
-25.2 1.77881 0
-24 1.77881 0
-22.8 1.77881 0
-21.6 1.77881 0
-20.4 1.77881 0
-19.2 1.77881 0
-18 1.77881 0
-16.8 1.77881 0
-15.6 1.77881 0
-14.4 1.77881 0
-13.2 1.77881 0
-12 1.77881 0
-10.8 1.77881 -4.63954e-06
-9.6 1.77881 -6.99986e-06
-8.4 1.77881 6.17866e-06
-7.2 1.77881 2.62579e-05
-6 1.77881 2.84484e-06
-4.8 1.77881 -8.90164e-05
-3.6 1.77881 -0.0001272
-2.4 1.77881 0.000115324
-1.2 1.77881 0.00062964
0 1.77881 0.000933249
1.2 1.77881 0.000629056
2.4 1.77881 0.00011485
3.6 1.77881 -0.000127275
4.8 1.77881 -8.893e-05
6 1.77881 2.88673e-06
7.2 1.77881 2.62415e-05
8.4 1.77881 6.15621e-06
9.6 1.77881 -7.00502e-06
10.8 1.77881 0
12 1.77881 0
13.2 1.77881 0
14.4 1.77881 0
15.6 1.77881 0
16.8 1.77881 0
18 1.77881 0
19.2 1.77881 0
20.4 1.77881 0
21.6 1.77881 0
22.8 1.77881 0
24 1.77881 0
25.2 1.77881 0
26.4 1.77881 0
27.6 1.77881 0
28.8 1.77881 0
30 1.77881 0
-30 1.82966 0
-28.8 1.82966 0
-27.6 1.82966 0
-26.4 1.82966 0
-25.2 1.82966 0
-24 1.82966 0
-22.8 1.82966 0
-21.6 1.82966 0
-20.4 1.82966 0
-19.2 1.82966 0
-18 1.82966 0
-16.8 1.82966 0
-15.6 1.82966 0
-14.4 1.82966 0
-13.2 1.82966 0
-12 1.82966 0
-10.8 1.82966 -4.06515e-06
-9.6 1.82966 -6.7274e-06
-8.4 1.82966 4.89332e-06
-7.2 1.82966 2.43255e-05
-6 1.82966 4.30072e-06
-4.8 1.82966 -8.19907e-05
-3.6 1.82966 -0.00012103
-2.4 1.82966 0.000107843
-1.2 1.82966 0.000602432
0 1.82966 0.000896551
1.2 1.82966 0.000601882
2.4 1.82966 0.000107403
3.6 1.82966 -0.000121096
4.8 1.82966 -8.19109e-05
6 1.82966 4.33672e-06
7.2 1.82966 2.43094e-05
8.4 1.82966 4.87352e-06
9.6 1.82966 -6.73145e-06
10.8 1.82966 0
12 1.82966 0
13.2 1.82966 0
14.4 1.82966 0
15.6 1.82966 0
16.8 1.82966 0
18 1.82966 0
19.2 1.82966 0
20.4 1.82966 0
21.6 1.82966 0
22.8 1.82966 0
24 1.82966 0
25.2 1.82966 0
26.4 1.82966 0
27.6 1.82966 0
28.8 1.82966 0
30 1.82966 0
-30 1.88051 0
-28.8 1.88051 0
-27.6 1.88051 0
-26.4 1.88051 0
-25.2 1.88051 0
-24 1.88051 0
-22.8 1.88051 0
-21.6 1.88051 0
-20.4 1.88051 0
-19.2 1.88051 0
-18 1.88051 0
-16.8 1.88051 0
-15.6 1.88051 0
-14.4 1.88051 0
-13.2 1.88051 0
-12 1.88051 0
-10.8 1.88051 -3.5246e-06
-9.6 1.88051 -6.4151e-06
-8.4 1.88051 3.71344e-06
-7.2 1.88051 2.24137e-05
-6 1.88051 5.59016e-06
-4.8 1.88051 -7.51866e-05
-3.6 1.88051 -0.00011492
-2.4 1.88051 0.000100482
-1.2 1.88051 0.000575374
0 1.88051 0.000859976
1.2 1.88051 0.000574858
2.4 1.88051 0.000100075
3.6 1.88051 -0.000114976
4.8 1.88051 -7.51131e-05
6 1.88051 5.62076e-06
7.2 1.88051 2.2398e-05
8.4 1.88051 3.69613e-06
9.6 1.88051 -6.41821e-06
10.8 1.88051 0
12 1.88051 0
13.2 1.88051 0
14.4 1.88051 0
15.6 1.88051 0
16.8 1.88051 0
18 1.88051 0
19.2 1.88051 0
20.4 1.88051 0
21.6 1.88051 0
22.8 1.88051 0
24 1.88051 0
25.2 1.88051 0
26.4 1.88051 0
27.6 1.88051 0
28.8 1.88051 0
30 1.88051 0
-30 1.93136 0
-28.8 1.93136 0
-27.6 1.93136 0
-26.4 1.93136 0
-25.2 1.93136 0
-24 1.93136 0
-22.8 1.93136 0
-21.6 1.93136 0
-20.4 1.93136 0
-19.2 1.93136 0
-18 1.93136 0
-16.8 1.93136 0
-15.6 1.93136 0
-14.4 1.93136 0
-13.2 1.93136 0
-12 1.93136 0
-10.8 1.93136 -3.01987e-06
-9.6 1.93136 -6.06677e-06
-8.4 1.93136 2.63989e-06
-7.2 1.93136 2.05267e-05
-6 1.93136 6.71293e-06
-4.8 1.93136 -6.86075e-05
-3.6 1.93136 -0.000108867
-2.4 1.93136 9.32462e-05
-1.2 1.93136 0.000548463
0 1.93136 0.000823516
1.2 1.93136 0.000547981
2.4 1.93136 9.28716e-05
3.6 1.93136 -0.000108915
4.8 1.93136 -6.85401e-05
6 1.93136 6.73861e-06
7.2 1.93136 2.05117e-05
8.4 1.93136 2.62491e-06
9.6 1.93136 -6.06909e-06
10.8 1.93136 0
12 1.93136 0
13.2 1.93136 0
14.4 1.93136 0
15.6 1.93136 0
16.8 1.93136 0
18 1.93136 0
19.2 1.93136 0
20.4 1.93136 0
21.6 1.93136 0
22.8 1.93136 0
24 1.93136 0
25.2 1.93136 0
26.4 1.93136 0
27.6 1.93136 0
28.8 1.93136 0
30 1.93136 0
-30 1.9822 0
-28.8 1.9822 0
-27.6 1.9822 0
-26.4 1.9822 0
-25.2 1.9822 0
-24 1.9822 0
-22.8 1.9822 0
-21.6 1.9822 0
-20.4 1.9822 0
-19.2 1.9822 0
-18 1.9822 0
-16.8 1.9822 0
-15.6 1.9822 0
-14.4 1.9822 0
-13.2 1.9822 0
-12 1.9822 0
-10.8 1.9822 -2.55281e-06
-9.6 1.9822 -5.68653e-06
-8.4 1.9822 1.67347e-06
-7.2 1.9822 1.86693e-05
-6 1.9822 7.66884e-06
-4.8 1.9822 -6.22575e-05
-3.6 1.9822 -0.000102869
-2.4 1.9822 8.6143e-05
-1.2 1.9822 0.000521698
0 1.9822 0.000787162
1.2 1.9822 0.000521249
2.4 1.9822 8.57994e-05
3.6 1.9822 -0.00010291
4.8 1.9822 -6.21961e-05
6 1.9822 7.69007e-06
7.2 1.9822 1.86551e-05
8.4 1.9822 1.66066e-06
9.6 1.9822 -5.68822e-06
10.8 1.9822 0
12 1.9822 0
13.2 1.9822 0
14.4 1.9822 0
15.6 1.9822 0
16.8 1.9822 0
18 1.9822 0
19.2 1.9822 0
20.4 1.9822 0
21.6 1.9822 0
22.8 1.9822 0
24 1.9822 0
25.2 1.9822 0
26.4 1.9822 0
27.6 1.9822 0
28.8 1.9822 0
30 1.9822 0
-30 2.03305 0
-28.8 2.03305 0
-27.6 2.03305 0
-26.4 2.03305 0
-25.2 2.03305 0
-24 2.03305 0
-22.8 2.03305 0
-21.6 2.03305 0
-20.4 2.03305 0
-19.2 2.03305 0
-18 2.03305 0
-16.8 2.03305 0
-15.6 2.03305 0
-14.4 2.03305 0
-13.2 2.03305 0
-12 2.03305 0
-10.8 2.03305 -2.12518e-06
-9.6 2.03305 -5.27888e-06
-8.4 2.03305 8.14857e-07
-7.2 2.03305 1.68467e-05
-6 2.03305 8.45785e-06
-4.8 2.03305 -5.61414e-05
-3.6 2.03305 -9.6925e-05
-2.4 2.03305 7.91792e-05
-1.2 2.03305 0.000495077
0 2.03305 0.000750904
1.2 2.03305 0.00049466
2.4 2.03305 7.88655e-05
3.6 2.03305 -9.69587e-05
4.8 2.03305 -5.60858e-05
6 2.03305 8.47507e-06
7.2 2.03305 1.68333e-05
8.4 2.03305 8.04037e-07
9.6 2.03305 -5.28008e-06
10.8 2.03305 0
12 2.03305 0
13.2 2.03305 0
14.4 2.03305 0
15.6 2.03305 0
16.8 2.03305 0
18 2.03305 0
19.2 2.03305 0
20.4 2.03305 0
21.6 2.03305 0
22.8 2.03305 0
24 2.03305 0
25.2 2.03305 0
26.4 2.03305 0
27.6 2.03305 0
28.8 2.03305 0
30 2.03305 0
-30 2.0839 0
-28.8 2.0839 0
-27.6 2.0839 0
-26.4 2.0839 0
-25.2 2.0839 0
-24 2.0839 0
-22.8 2.0839 0
-21.6 2.0839 0
-20.4 2.0839 0
-19.2 2.0839 0
-18 2.0839 0
-16.8 2.0839 0
-15.6 2.0839 0
-14.4 2.0839 0
-13.2 2.0839 0
-12 2.0839 0
-10.8 2.0839 -1.73854e-06
-9.6 2.0839 -4.84874e-06
-8.4 2.0839 6.4531e-08
-7.2 2.0839 1.50645e-05
-6 2.0839 9.08007e-06
-4.8 2.0839 -5.02645e-05
-3.6 2.0839 -9.1032e-05
-2.4 2.0839 7.23629e-05
-1.2 2.0839 0.000468599
0 2.0839 0.000714731
1.2 2.0839 0.000468214
2.4 2.0839 7.2078e-05
3.6 2.0839 -9.10593e-05
4.8 2.0839 -5.02145e-05
6 2.0839 9.09373e-06
7.2 2.0839 1.50521e-05
8.4 2.0839 5.5529e-08
9.6 2.0839 -4.84957e-06
10.8 2.0839 0
12 2.0839 0
13.2 2.0839 0
14.4 2.0839 0
15.6 2.0839 0
16.8 2.0839 0
18 2.0839 0
19.2 2.0839 0
20.4 2.0839 0
21.6 2.0839 0
22.8 2.0839 0
24 2.0839 0
25.2 2.0839 0
26.4 2.0839 0
27.6 2.0839 0
28.8 2.0839 0
30 2.0839 0
-30 2.13475 0
-28.8 2.13475 0
-27.6 2.13475 0
-26.4 2.13475 0
-25.2 2.13475 0
-24 2.13475 0
-22.8 2.13475 0
-21.6 2.13475 0
-20.4 2.13475 0
-19.2 2.13475 0
-18 2.13475 0
-16.8 2.13475 0
-15.6 2.13475 0
-14.4 2.13475 0
-13.2 2.13475 0
-12 2.13475 0
-10.8 2.13475 -1.39422e-06
-9.6 2.13475 -4.40144e-06
-8.4 2.13475 -5.7729e-07
-7.2 2.13475 1.33293e-05
-6 2.13475 9.53585e-06
-4.8 2.13475 -4.46333e-05
-3.6 2.13475 -8.51886e-05
-2.4 2.13475 6.5703e-05
-1.2 2.13475 0.000442261
0 2.13475 0.000678633
1.2 2.13475 0.000441907
2.4 2.13475 6.54458e-05
3.6 2.13475 -8.52101e-05
4.8 2.13475 -4.45887e-05
6 2.13475 9.54639e-06
7.2 2.13475 1.3318e-05
8.4 2.13475 -5.84652e-07
9.6 2.13475 -4.402e-06
10.8 2.13475 0
12 2.13475 0
13.2 2.13475 0
14.4 2.13475 0
15.6 2.13475 0
16.8 2.13475 0
18 2.13475 0
19.2 2.13475 0
20.4 2.13475 0
21.6 2.13475 0
22.8 2.13475 0
24 2.13475 0
25.2 2.13475 0
26.4 2.13475 0
27.6 2.13475 0
28.8 2.13475 0
30 2.13475 0
-30 2.18559 0
-28.8 2.18559 0
-27.6 2.18559 0
-26.4 2.18559 0
-25.2 2.18559 0
-24 2.18559 0
-22.8 2.18559 0
-21.6 2.18559 0
-20.4 2.18559 0
-19.2 2.18559 0
-18 2.18559 0
-16.8 2.18559 0
-15.6 2.18559 0
-14.4 2.18559 0
-13.2 2.18559 0
-12 2.18559 0
-10.8 2.18559 -1.09322e-06
-9.6 2.18559 -3.9428e-06
-8.4 2.18559 -1.11075e-06
-7.2 2.18559 1.16482e-05
-6 2.18559 9.82593e-06
-4.8 2.18559 -3.92551e-05
-3.6 2.18559 -7.93936e-05
-2.4 2.18559 5.92098e-05
-1.2 2.18559 0.000416062
0 2.18559 0.000642595
1.2 2.18559 0.000415738
2.4 2.18559 5.89791e-05
3.6 2.18559 -7.94099e-05
4.8 2.18559 -3.92155e-05
6 2.18559 9.83374e-06
7.2 2.18559 1.1638e-05
8.4 2.18559 -1.11665e-06
9.6 2.18559 -3.9432e-06
10.8 2.18559 0
12 2.18559 0
13.2 2.18559 0
14.4 2.18559 0
15.6 2.18559 0
16.8 2.18559 0
18 2.18559 0
19.2 2.18559 0
20.4 2.18559 0
21.6 2.18559 0
22.8 2.18559 0
24 2.18559 0
25.2 2.18559 0
26.4 2.18559 0
27.6 2.18559 0
28.8 2.18559 0
30 2.18559 0
-30 2.23644 0
-28.8 2.23644 0
-27.6 2.23644 0
-26.4 2.23644 0
-25.2 2.23644 0
-24 2.23644 0
-22.8 2.23644 0
-21.6 2.23644 0
-20.4 2.23644 0
-19.2 2.23644 0
-18 2.23644 0
-16.8 2.23644 0
-15.6 2.23644 0
-14.4 2.23644 0
-13.2 2.23644 0
-12 2.23644 0
-10.8 2.23644 -8.3611e-07
-9.6 2.23644 -3.47914e-06
-8.4 2.23644 -1.53647e-06
-7.2 2.23644 1.00291e-05
-6 2.23644 9.95146e-06
-4.8 2.23644 -3.41382e-05
-3.6 2.23644 -7.36458e-05
-2.4 2.23644 5.28946e-05
-1.2 2.23644 0.000390001
0 2.23644 0.000606605
1.2 2.23644 0.000389707
2.4 2.23644 5.26892e-05
3.6 2.23644 -7.36575e-05
4.8 2.23644 -3.41035e-05
6 2.23644 9.95696e-06
7.2 2.23644 1.00201e-05
8.4 2.23644 -1.54108e-06
9.6 2.23644 -3.47945e-06
10.8 2.23644 0
12 2.23644 0
13.2 2.23644 0
14.4 2.23644 0
15.6 2.23644 0
16.8 2.23644 0
18 2.23644 0
19.2 2.23644 0
20.4 2.23644 0
21.6 2.23644 0
22.8 2.23644 0
24 2.23644 0
25.2 2.23644 0
26.4 2.23644 0
27.6 2.23644 0
28.8 2.23644 0
30 2.23644 0
-30 2.28729 0
-28.8 2.28729 0
-27.6 2.28729 0
-26.4 2.28729 0
-25.2 2.28729 0
-24 2.28729 0
-22.8 2.28729 0
-21.6 2.28729 0
-20.4 2.28729 0
-19.2 2.28729 0
-18 2.28729 0
-16.8 2.28729 0
-15.6 2.28729 0
-14.4 2.28729 0
-13.2 2.28729 0
-12 2.28729 0
-10.8 2.28729 -6.22943e-07
-9.6 2.28729 -3.01727e-06
-8.4 2.28729 -1.85572e-06
-7.2 2.28729 8.48092e-06
-6 2.28729 9.9143e-06
-4.8 2.28729 -2.92923e-05
-3.6 2.28729 -6.79447e-05
-2.4 2.28729 4.67705e-05
-1.2 2.28729 0.000364076
0 2.28729 0.000570645
1.2 2.28729 0.000363811
2.4 2.28729 4.65892e-05
3.6 2.28729 -6.79524e-05
4.8 2.28729 -2.92622e-05
6 2.28729 9.91785e-06
7.2 2.28729 8.47306e-06
8.4 2.28729 -1.85923e-06
9.6 2.28729 -3.01757e-06
10.8 2.28729 0
12 2.28729 0
13.2 2.28729 0
14.4 2.28729 0
15.6 2.28729 0
16.8 2.28729 0
18 2.28729 0
19.2 2.28729 0
20.4 2.28729 0
21.6 2.28729 0
22.8 2.28729 0
24 2.28729 0
25.2 2.28729 0
26.4 2.28729 0
27.6 2.28729 0
28.8 2.28729 0
30 2.28729 0
-30 2.33814 0
-28.8 2.33814 0
-27.6 2.33814 0
-26.4 2.33814 0
-25.2 2.33814 0
-24 2.33814 0
-22.8 2.33814 0
-21.6 2.33814 0
-20.4 2.33814 0
-19.2 2.33814 0
-18 2.33814 0
-16.8 2.33814 0
-15.6 2.33814 0
-14.4 2.33814 0
-13.2 2.33814 0
-12 2.33814 0
-10.8 2.33814 -4.53085e-07
-9.6 2.33814 -2.56456e-06
-8.4 2.33814 -2.07063e-06
-7.2 2.33814 7.01338e-06
-6 2.33814 9.71714e-06
-4.8 2.33814 -2.47288e-05
-3.6 2.33814 -6.22906e-05
-2.4 2.33814 4.08525e-05
-1.2 2.33814 0.000338287
0 2.33814 0.000534698
1.2 2.33814 0.000338049
2.4 2.33814 4.06941e-05
3.6 2.33814 -6.22949e-05
4.8 2.33814 -2.4703e-05
6 2.33814 9.71911e-06
7.2 2.33814 7.00669e-06
8.4 2.33814 -2.0732e-06
9.6 2.33814 -2.56489e-06
10.8 2.33814 0
12 2.33814 0
13.2 2.33814 0
14.4 2.33814 0
15.6 2.33814 0
16.8 2.33814 0
18 2.33814 0
19.2 2.33814 0
20.4 2.33814 0
21.6 2.33814 0
22.8 2.33814 0
24 2.33814 0
25.2 2.33814 0
26.4 2.33814 0
27.6 2.33814 0
28.8 2.33814 0
30 2.33814 0
-30 2.38898 0
-28.8 2.38898 0
-27.6 2.38898 0
-26.4 2.38898 0
-25.2 2.38898 0
-24 2.38898 0
-22.8 2.38898 0
-21.6 2.38898 0
-20.4 2.38898 0
-19.2 2.38898 0
-18 2.38898 0
-16.8 2.38898 0
-15.6 2.38898 0
-14.4 2.38898 0
-13.2 2.38898 0
-12 2.38898 0
-10.8 2.38898 -3.25057e-07
-9.6 2.38898 -2.12882e-06
-8.4 2.38898 -2.18443e-06
-7.2 2.38898 5.63741e-06
-6 2.38898 9.36388e-06
-4.8 2.38898 -2.04606e-05
-3.6 2.38898 -5.66845e-05
-2.4 2.38898 3.5158e-05
-1.2 2.38898 0.000312633
0 2.38898 0.000498743
1.2 2.38898 0.000312422
2.4 2.38898 3.50211e-05
3.6 2.38898 -5.66859e-05
4.8 2.38898 -2.04389e-05
6 2.38898 9.3646e-06
7.2 2.38898 5.63186e-06
8.4 2.38898 -2.18624e-06
9.6 2.38898 -2.12922e-06
10.8 2.38898 0
12 2.38898 0
13.2 2.38898 0
14.4 2.38898 0
15.6 2.38898 0
16.8 2.38898 0
18 2.38898 0
19.2 2.38898 0
20.4 2.38898 0
21.6 2.38898 0
22.8 2.38898 0
24 2.38898 0
25.2 2.38898 0
26.4 2.38898 0
27.6 2.38898 0
28.8 2.38898 0
30 2.38898 0
-30 2.43983 0
-28.8 2.43983 0
-27.6 2.43983 0
-26.4 2.43983 0
-25.2 2.43983 0
-24 2.43983 0
-22.8 2.43983 0
-21.6 2.43983 0
-20.4 2.43983 0
-19.2 2.43983 0
-18 2.43983 0
-16.8 2.43983 0
-15.6 2.43983 0
-14.4 2.43983 0
-13.2 2.43983 0
-12 2.43983 0
-10.8 2.43983 -2.36347e-07
-9.6 2.43983 -1.71826e-06
-8.4 2.43983 -2.20183e-06
-7.2 2.43983 4.365e-06
-6 2.43983 8.86004e-06
-4.8 2.43983 -1.65027e-05
-3.6 2.43983 -5.1129e-05
-2.4 2.43983 2.97071e-05
-1.2 2.43983 0.000287114
0 2.43983 0.000462758
1.2 2.43983 0.000286928
2.4 2.43983 2.95903e-05
3.6 2.43983 -5.11281e-05
4.8 2.43983 -1.64848e-05
6 2.43983 8.85984e-06
7.2 2.43983 4.36053e-06
8.4 2.43983 -2.20303e-06
9.6 2.43983 -1.71876e-06
10.8 2.43983 0
12 2.43983 0
13.2 2.43983 0
14.4 2.43983 0
15.6 2.43983 0
16.8 2.43983 0
18 2.43983 0
19.2 2.43983 0
20.4 2.43983 0
21.6 2.43983 0
22.8 2.43983 0
24 2.43983 0
25.2 2.43983 0
26.4 2.43983 0
27.6 2.43983 0
28.8 2.43983 0
30 2.43983 0
-30 2.49068 0
-28.8 2.49068 0
-27.6 2.49068 0
-26.4 2.49068 0
-25.2 2.49068 0
-24 2.49068 0
-22.8 2.49068 0
-21.6 2.49068 0
-20.4 2.49068 0
-19.2 2.49068 0
-18 2.49068 0
-16.8 2.49068 0
-15.6 2.49068 0
-14.4 2.49068 0
-13.2 2.49068 0
-12 2.49068 0
-10.8 2.49068 -1.83194e-07
-9.6 2.49068 -1.34129e-06
-8.4 2.49068 -2.12939e-06
-7.2 2.49068 3.20927e-06
-6 2.49068 8.21336e-06
-4.8 2.49068 -1.28727e-05
-3.6 2.49068 -4.56283e-05
-2.4 2.49068 2.45235e-05
-1.2 2.49068 0.000261731
0 2.49068 0.000426713
1.2 2.49068 0.00026157
2.4 2.49068 2.44254e-05
3.6 2.49068 -4.56256e-05
4.8 2.49068 -1.28582e-05
6 2.49068 8.2125e-06
7.2 2.49068 3.20581e-06
8.4 2.49068 -2.13013e-06
9.6 2.49068 -1.34189e-06
10.8 2.49068 0
12 2.49068 0
13.2 2.49068 0
14.4 2.49068 0
15.6 2.49068 0
16.8 2.49068 0
18 2.49068 0
19.2 2.49068 0
20.4 2.49068 0
21.6 2.49068 0
22.8 2.49068 0
24 2.49068 0
25.2 2.49068 0
26.4 2.49068 0
27.6 2.49068 0
28.8 2.49068 0
30 2.49068 0
-30 2.54153 0
-28.8 2.54153 0
-27.6 2.54153 0
-26.4 2.54153 0
-25.2 2.54153 0
-24 2.54153 0
-22.8 2.54153 0
-21.6 2.54153 0
-20.4 2.54153 0
-19.2 2.54153 0
-18 2.54153 0
-16.8 2.54153 0
-15.6 2.54153 0
-14.4 2.54153 0
-13.2 2.54153 0
-12 2.54153 0
-10.8 2.54153 -1.6039e-07
-9.6 2.54153 -1.00622e-06
-8.4 2.54153 -1.9761e-06
-7.2 2.54153 2.18435e-06
-6 2.54153 7.43455e-06
-4.8 2.54153 -9.59085e-06
-3.6 2.54153 -4.01894e-05
-2.4 2.54153 1.96353e-05
-1.2 2.54153 0.000236485
0 2.54153 0.000390577
1.2 2.54153 0.000236347
2.4 2.54153 1.95545e-05
3.6 2.54153 -4.01855e-05
4.8 2.54153 -9.5794e-06
6 2.54153 7.43331e-06
7.2 2.54153 2.1818e-06
8.4 2.54153 -1.97652e-06
9.6 2.54153 -1.00692e-06
10.8 2.54153 0
12 2.54153 0
13.2 2.54153 0
14.4 2.54153 0
15.6 2.54153 0
16.8 2.54153 0
18 2.54153 0
19.2 2.54153 0
20.4 2.54153 0
21.6 2.54153 0
22.8 2.54153 0
24 2.54153 0
25.2 2.54153 0
26.4 2.54153 0
27.6 2.54153 0
28.8 2.54153 0
30 2.54153 0
-30 2.59237 0
-28.8 2.59237 0
-27.6 2.59237 0
-26.4 2.59237 0
-25.2 2.59237 0
-24 2.59237 0
-22.8 2.59237 0
-21.6 2.59237 0
-20.4 2.59237 0
-19.2 2.59237 0
-18 2.59237 0
-16.8 2.59237 0
-15.6 2.59237 0
-14.4 2.59237 0
-13.2 2.59237 0
-12 2.59237 0
-10.8 2.59237 -1.61112e-07
-9.6 2.59237 -7.20743e-07
-8.4 2.59237 -1.75403e-06
-7.2 2.59237 1.30508e-06
-6 2.59237 6.53851e-06
-4.8 2.59237 -6.68049e-06
-3.6 2.59237 -3.4823e-05
-2.4 2.59237 1.50764e-05
-1.2 2.59237 0.00021138
0 2.59237 0.00035431
1.2 2.59237 0.000211264
2.4 2.59237 1.50114e-05
3.6 2.59237 -3.48184e-05
4.8 2.59237 -6.67178e-06
6 2.59237 6.53712e-06
7.2 2.59237 1.30333e-06
8.4 2.59237 -1.75424e-06
9.6 2.59237 -7.21523e-07
10.8 2.59237 0
12 2.59237 0
13.2 2.59237 0
14.4 2.59237 0
15.6 2.59237 0
16.8 2.59237 0
18 2.59237 0
19.2 2.59237 0
20.4 2.59237 0
21.6 2.59237 0
22.8 2.59237 0
24 2.59237 0
25.2 2.59237 0
26.4 2.59237 0
27.6 2.59237 0
28.8 2.59237 0
30 2.59237 0
-30 2.64322 0
-28.8 2.64322 0
-27.6 2.64322 0
-26.4 2.64322 0
-25.2 2.64322 0
-24 2.64322 0
-22.8 2.64322 0
-21.6 2.64322 0
-20.4 2.64322 0
-19.2 2.64322 0
-18 2.64322 0
-16.8 2.64322 0
-15.6 2.64322 0
-14.4 2.64322 0
-13.2 2.64322 0
-12 2.64322 0
-10.8 2.64322 -1.76889e-07
-9.6 2.64322 -4.91139e-07
-8.4 2.64322 -1.47901e-06
-7.2 2.64322 5.86362e-07
-6 2.64322 5.54588e-06
-4.8 2.64322 -4.16859e-06
-3.6 2.64322 -2.95456e-05
-2.4 2.64322 1.08881e-05
-1.2 2.64322 0.000186422
0 2.64322 0.000317863
1.2 2.64322 0.000186326
2.4 2.64322 1.08373e-05
3.6 2.64322 -2.95406e-05
4.8 2.64322 -4.16226e-06
6 2.64322 5.54451e-06
7.2 2.64322 5.85277e-07
8.4 2.64322 -1.47912e-06
9.6 2.64322 -4.91961e-07
10.8 2.64322 0
12 2.64322 0
13.2 2.64322 0
14.4 2.64322 0
15.6 2.64322 0
16.8 2.64322 0
18 2.64322 0
19.2 2.64322 0
20.4 2.64322 0
21.6 2.64322 0
22.8 2.64322 0
24 2.64322 0
25.2 2.64322 0
26.4 2.64322 0
27.6 2.64322 0
28.8 2.64322 0
30 2.64322 0
-30 2.69407 0
-28.8 2.69407 0
-27.6 2.69407 0
-26.4 2.69407 0
-25.2 2.69407 0
-24 2.69407 0
-22.8 2.69407 0
-21.6 2.69407 0
-20.4 2.69407 0
-19.2 2.69407 0
-18 2.69407 0
-16.8 2.69407 0
-15.6 2.69407 0
-14.4 2.69407 0
-13.2 2.69407 0
-12 2.69407 0
-10.8 2.69407 -1.97837e-07
-9.6 2.69407 -3.2105e-07
-8.4 2.69407 -1.17144e-06
-7.2 2.69407 4.18716e-08
-6 2.69407 4.48526e-06
-4.8 2.69407 -2.0857e-06
-3.6 2.69407 -2.43818e-05
-2.4 2.69407 7.12168e-06
-1.2 2.69407 0.000161619
0 2.69407 0.000281175
1.2 2.69407 0.000161542
2.4 2.69407 7.08343e-06
3.6 2.69407 -2.43769e-05
4.8 2.69407 -2.08138e-06
6 2.69407 4.48407e-06
7.2 2.69407 4.13112e-08
8.4 2.69407 -1.17152e-06
9.6 2.69407 -3.21873e-07
10.8 2.69407 0
12 2.69407 0
13.2 2.69407 0
14.4 2.69407 0
15.6 2.69407 0
16.8 2.69407 0
18 2.69407 0
19.2 2.69407 0
20.4 2.69407 0
21.6 2.69407 0
22.8 2.69407 0
24 2.69407 0
25.2 2.69407 0
26.4 2.69407 0
27.6 2.69407 0
28.8 2.69407 0
30 2.69407 0
-30 2.74492 0
-28.8 2.74492 0
-27.6 2.74492 0
-26.4 2.74492 0
-25.2 2.74492 0
-24 2.74492 0
-22.8 2.74492 0
-21.6 2.74492 0
-20.4 2.74492 0
-19.2 2.74492 0
-18 2.74492 0
-16.8 2.74492 0
-15.6 2.74492 0
-14.4 2.74492 0
-13.2 2.74492 0
-12 2.74492 0
-10.8 2.74492 -2.13406e-07
-9.6 2.74492 -2.09787e-07
-8.4 2.74492 -8.5662e-07
-7.2 2.74492 -3.18387e-07
-6 2.74492 3.39633e-06
-4.8 2.74492 -4.65424e-07
-3.6 2.74492 -1.93695e-05
-2.4 2.74492 3.84158e-06
-1.2 2.74492 0.000136988
0 2.74492 0.000244165
1.2 2.74492 0.000136929
2.4 2.74492 3.81428e-06
3.6 2.74492 -1.93651e-05
4.8 2.74492 -4.62732e-07
6 2.74492 3.39542e-06
7.2 2.74492 -3.18573e-07
8.4 2.74492 -8.56719e-07
9.6 2.74492 -2.10564e-07
10.8 2.74492 0
12 2.74492 0
13.2 2.74492 0
14.4 2.74492 0
15.6 2.74492 0
16.8 2.74492 0
18 2.74492 0
19.2 2.74492 0
20.4 2.74492 0
21.6 2.74492 0
22.8 2.74492 0
24 2.74492 0
25.2 2.74492 0
26.4 2.74492 0
27.6 2.74492 0
28.8 2.74492 0
30 2.74492 0
-30 2.79576 0
-28.8 2.79576 0
-27.6 2.79576 0
-26.4 2.79576 0
-25.2 2.79576 0
-24 2.79576 0
-22.8 2.79576 0
-21.6 2.79576 0
-20.4 2.79576 0
-19.2 2.79576 0
-18 2.79576 0
-16.8 2.79576 0
-15.6 2.79576 0
-14.4 2.79576 0
-13.2 2.79576 0
-12 2.79576 0
-10.8 2.79576 -2.13973e-07
-9.6 2.79576 -1.50182e-07
-8.4 2.79576 -5.64299e-07
-7.2 2.79576 -4.92513e-07
-6 2.79576 2.33391e-06
-4.8 2.79576 6.57901e-07
-3.6 2.79576 -1.4568e-05
-2.4 2.79576 1.13106e-06
-1.2 2.79576 0.000112554
0 2.79576 0.000206724
1.2 2.79576 0.000112511
2.4 2.79576 1.11298e-06
3.6 2.79576 -1.45643e-05
4.8 2.79576 6.59358e-07
6 2.79576 2.33332e-06
7.2 2.79576 -4.92471e-07
8.4 2.79576 -5.64436e-07
9.6 2.79576 -1.5087e-07
10.8 2.79576 0
12 2.79576 0
13.2 2.79576 0
14.4 2.79576 0
15.6 2.79576 0
16.8 2.79576 0
18 2.79576 0
19.2 2.79576 0
20.4 2.79576 0
21.6 2.79576 0
22.8 2.79576 0
24 2.79576 0
25.2 2.79576 0
26.4 2.79576 0
27.6 2.79576 0
28.8 2.79576 0
30 2.79576 0
-30 2.84661 0
-28.8 2.84661 0
-27.6 2.84661 0
-26.4 2.84661 0
-25.2 2.84661 0
-24 2.84661 0
-22.8 2.84661 0
-21.6 2.84661 0
-20.4 2.84661 0
-19.2 2.84661 0
-18 2.84661 0
-16.8 2.84661 0
-15.6 2.84661 0
-14.4 2.84661 0
-13.2 2.84661 0
-12 2.84661 0
-10.8 2.84661 -1.93547e-07
-9.6 2.84661 -1.26685e-07
-8.4 2.84661 -3.25557e-07
-7.2 2.84661 -4.94374e-07
-6 2.84661 1.37231e-06
-4.8 2.84661 1.25604e-06
-3.6 2.84661 -1.00721e-05
-2.4 2.84661 -9.00392e-07
-1.2 2.84661 8.83631e-05
0 2.84661 0.000168698
1.2 2.84661 8.83339e-05
2.4 2.84661 -9.11038e-07
3.6 2.84661 -1.00694e-05
4.8 2.84661 1.25665e-06
6 2.84661 1.37204e-06
7.2 2.84661 -4.9424e-07
8.4 2.84661 -3.25723e-07
9.6 2.84661 -1.27248e-07
10.8 2.84661 0
12 2.84661 0
13.2 2.84661 0
14.4 2.84661 0
15.6 2.84661 0
16.8 2.84661 0
18 2.84661 0
19.2 2.84661 0
20.4 2.84661 0
21.6 2.84661 0
22.8 2.84661 0
24 2.84661 0
25.2 2.84661 0
26.4 2.84661 0
27.6 2.84661 0
28.8 2.84661 0
30 2.84661 0
-30 2.89746 0
-28.8 2.89746 0
-27.6 2.89746 0
-26.4 2.89746 0
-25.2 2.89746 0
-24 2.89746 0
-22.8 2.89746 0
-21.6 2.89746 0
-20.4 2.89746 0
-19.2 2.89746 0
-18 2.89746 0
-16.8 2.89746 0
-15.6 2.89746 0
-14.4 2.89746 0
-13.2 2.89746 0
-12 2.89746 0
-10.8 2.89746 -1.53062e-07
-9.6 2.89746 -1.15839e-07
-8.4 2.89746 -1.64409e-07
-7.2 2.89746 -3.65373e-07
-6 2.89746 6.06635e-07
-4.8 2.89746 1.32548e-06
-3.6 2.89746 -6.04005e-06
-2.4 2.89746 -2.10671e-06
-1.2 2.89746 6.45027e-05
0 2.89746 0.000129846
1.2 2.89746 6.44855e-05
2.4 2.89746 -2.11178e-06
3.6 2.89746 -6.03845e-06
4.8 2.89746 1.32563e-06
6 2.89746 6.06611e-07
7.2 2.89746 -3.6525e-07
8.4 2.89746 -1.6457e-07
9.6 2.89746 -1.16258e-07
10.8 2.89746 0
12 2.89746 0
13.2 2.89746 0
14.4 2.89746 0
15.6 2.89746 0
16.8 2.89746 0
18 2.89746 0
19.2 2.89746 0
20.4 2.89746 0
21.6 2.89746 0
22.8 2.89746 0
24 2.89746 0
25.2 2.89746 0
26.4 2.89746 0
27.6 2.89746 0
28.8 2.89746 0
30 2.89746 0
-30 2.94831 0
-28.8 2.94831 0
-27.6 2.94831 0
-26.4 2.94831 0
-25.2 2.94831 0
-24 2.94831 0
-22.8 2.94831 0
-21.6 2.94831 0
-20.4 2.94831 0
-19.2 2.94831 0
-18 2.94831 0
-16.8 2.94831 0
-15.6 2.94831 0
-14.4 2.94831 0
-13.2 2.94831 0
-12 2.94831 0
-10.8 2.94831 -1.01354e-07
-9.6 2.94831 -9.37484e-08
-8.4 2.94831 -8.14566e-08
-7.2 2.94831 -1.8552e-07
-6 2.94831 1.36218e-07
-4.8 2.94831 9.36918e-07
-3.6 2.94831 -2.74543e-06
-2.4 2.94831 -2.30019e-06
-1.2 2.94831 4.11638e-05
0 2.94831 8.97497e-05
1.2 2.94831 4.11564e-05
2.4 2.94831 -2.30165e-06
3.6 2.94831 -2.74486e-06
4.8 2.94831 9.3694e-07
6 2.94831 1.36304e-07
7.2 2.94831 -1.85454e-07
8.4 2.94831 -8.15745e-08
9.6 2.94831 -9.40228e-08
10.8 2.94831 0
12 2.94831 0
13.2 2.94831 0
14.4 2.94831 0
15.6 2.94831 0
16.8 2.94831 0
18 2.94831 0
19.2 2.94831 0
20.4 2.94831 0
21.6 2.94831 0
22.8 2.94831 0
24 2.94831 0
25.2 2.94831 0
26.4 2.94831 0
27.6 2.94831 0
28.8 2.94831 0
30 2.94831 0
-30 2.99915 0
-28.8 2.99915 0
-27.6 2.99915 0
-26.4 2.99915 0
-25.2 2.99915 0
-24 2.99915 0
-22.8 2.99915 0
-21.6 2.99915 0
-20.4 2.99915 0
-19.2 2.99915 0
-18 2.99915 0
-16.8 2.99915 0
-15.6 2.99915 0
-14.4 2.99915 0
-13.2 2.99915 0
-12 2.99915 0
-10.8 2.99915 -4.91424e-08
-9.6 2.99915 -5.14803e-08
-8.4 2.99915 -4.12479e-08
-7.2 2.99915 -5.30908e-08
-6 2.99915 -1.36003e-08
-4.8 2.99915 3.49515e-07
-3.6 2.99915 -6.43035e-07
-2.4 2.99915 -1.33073e-06
-1.2 2.99915 1.88887e-05
0 2.99915 4.74883e-05
1.2 2.99915 1.88886e-05
2.4 2.99915 -1.33081e-06
3.6 2.99915 -6.43035e-07
4.8 2.99915 3.49564e-07
6 2.99915 -1.35423e-08
7.2 2.99915 -5.30665e-08
8.4 2.99915 -4.13053e-08
9.6 2.99915 -5.16165e-08
10.8 2.99915 0
12 2.99915 0
13.2 2.99915 0
14.4 2.99915 0
15.6 2.99915 0
16.8 2.99915 0
18 2.99915 0
19.2 2.99915 0
20.4 2.99915 0
21.6 2.99915 0
22.8 2.99915 0
24 2.99915 0
25.2 2.99915 0
26.4 2.99915 0
27.6 2.99915 0
28.8 2.99915 0
30 2.99915 0
-30 3.05 0
-28.8 3.05 0
-27.6 3.05 0
-26.4 3.05 0
-25.2 3.05 0
-24 3.05 0
-22.8 3.05 0
-21.6 3.05 0
-20.4 3.05 0
-19.2 3.05 0
-18 3.05 0
-16.8 3.05 0
-15.6 3.05 0
-14.4 3.05 0
-13.2 3.05 0
-12 3.05 0
-10.8 3.05 0
-9.6 3.05 0
-8.4 3.05 0
-7.2 3.05 0
-6 3.05 0
-4.8 3.05 0
-3.6 3.05 0
-2.4 3.05 0
-1.2 3.05 0
0 3.05 0
1.2 3.05 0
2.4 3.05 0
3.6 3.05 0
4.8 3.05 0
6 3.05 0
7.2 3.05 0
8.4 3.05 0
9.6 3.05 0
10.8 3.05 0
12 3.05 0
13.2 3.05 0
14.4 3.05 0
15.6 3.05 0
16.8 3.05 0
18 3.05 0
19.2 3.05 0
20.4 3.05 0
21.6 3.05 0
22.8 3.05 0
24 3.05 0
25.2 3.05 0
26.4 3.05 0
27.6 3.05 0
28.8 3.05 0
30 3.05 0
