-30 0.05 5.09205e-37
-28.8 0.05 -5.8359e-08
-27.6 0.05 -4.25543e-07
-26.4 0.05 -1.19848e-06
-25.2 0.05 -2.29124e-06
-24 0.05 -3.56959e-06
-22.8 0.05 -4.91086e-06
-21.6 0.05 -6.25586e-06
-20.4 0.05 -7.63656e-06
-19.2 0.05 -8.89082e-06
-18 0.05 -9.52209e-06
-16.8 0.05 -9.85533e-06
-15.6 0.05 -1.14759e-05
-14.4 0.05 -1.28478e-05
-13.2 0.05 -7.64851e-06
-12 0.05 -6.48093e-07
-10.8 0.05 -1.64931e-05
-9.6 0.05 -4.6229e-05
-8.4 0.05 2.64393e-06
-7.2 0.05 0.00014993
-6 0.05 8.70394e-05
-4.8 0.05 -0.000506687
-3.6 0.05 -0.000912045
-2.4 0.05 0.000723211
-1.2 0.05 0.00468439
0 0.05 0.00714491
1.2 0.05 0.00468093
2.4 0.05 0.000720456
3.6 0.05 -0.000912357
4.8 0.05 -0.000506041
6 0.05 8.72979e-05
7.2 0.05 0.0001498
8.4 0.05 2.53785e-06
9.6 0.05 -4.62111e-05
10.8 0.05 -1.6459e-05
12 0.05 -6.48453e-07
13.2 0.05 -7.65808e-06
14.4 0.05 -1.28484e-05
15.6 0.05 -1.14733e-05
16.8 0.05 -9.85518e-06
18 0.05 -9.52294e-06
19.2 0.05 -8.8911e-06
20.4 0.05 -7.6366e-06
21.6 0.05 -6.25603e-06
22.8 0.05 -4.91103e-06
24 0.05 -3.56966e-06
25.2 0.05 -2.29125e-06
26.4 0.05 -1.19848e-06
27.6 0.05 -4.25535e-07
28.8 0.05 -5.83546e-08
30 0.05 5.09189e-37
-30 0.102632 4.8144e-37
-28.8 0.102632 -5.47642e-08
-27.6 0.102632 -4.029e-07
-26.4 0.102632 -1.13602e-06
-25.2 0.102632 -2.17003e-06
-24 0.102632 -3.38044e-06
-22.8 0.102632 -4.65603e-06
-21.6 0.102632 -5.92766e-06
-20.4 0.102632 -7.21503e-06
-19.2 0.102632 -8.41803e-06
-18 0.102632 -9.08861e-06
-16.8 0.102632 -9.34021e-06
-15.6 0.102632 -1.06246e-05
-14.4 0.102632 -1.214e-05
-13.2 0.102632 -8.06829e-06
-12 0.102632 -8.95979e-07
-10.8 0.102632 -1.30983e-05
-9.6 0.102632 -4.18592e-05
-8.4 0.102632 -3.87083e-06
-7.2 0.102632 0.000132587
-6 0.102632 9.17709e-05
-4.8 0.102632 -0.000450092
-3.6 0.102632 -0.000853396
-2.4 0.102632 0.000656567
-1.2 0.102632 0.00442058
0 0.102632 0.00678317
1.2 0.102632 0.00441721
2.4 0.102632 0.000653974
3.6 0.102632 -0.000853636
4.8 0.102632 -0.000449497
6 0.102632 9.19787e-05
7.2 0.102632 0.00013246
8.4 0.102632 -3.95709e-06
9.6 0.102632 -4.18381e-05
10.8 0.102632 -1.30704e-05
12 0.102632 -8.9833e-07
13.2 0.102632 -8.07609e-06
14.4 0.102632 -1.21398e-05
15.6 0.102632 -1.06226e-05
16.8 0.102632 -9.34036e-06
18 0.102632 -9.08939e-06
19.2 0.102632 -8.41829e-06
20.4 0.102632 -7.21517e-06
21.6 0.102632 -5.9279e-06
22.8 0.102632 -4.65624e-06
24 0.102632 -3.38054e-06
25.2 0.102632 -2.17006e-06
26.4 0.102632 -1.13603e-06
27.6 0.102632 -4.02893e-07
28.8 0.102632 -5.47598e-08
30 0.102632 4.81425e-37
-30 0.155263 4.53679e-37
-28.8 0.155263 -5.1265e-08
-27.6 0.155263 -3.80224e-07
-26.4 0.155263 -1.07352e-06
-25.2 0.155263 -2.04921e-06
-24 0.155263 -3.19109e-06
-22.8 0.155263 -4.39982e-06
-21.6 0.155263 -5.60116e-06
-20.4 0.155263 -6.79859e-06
-19.2 0.155263 -7.93911e-06
-18 0.155263 -8.6403e-06
-16.8 0.155263 -8.84701e-06
-15.6 0.155263 -9.82033e-06
-14.4 0.155263 -1.13715e-05
-13.2 0.155263 -8.34289e-06
-12 0.155263 -1.27316e-06
-10.8 0.155263 -1.01368e-05
-9.6 0.155263 -3.73782e-05
-8.4 0.155263 -9.30273e-06
-7.2 0.155263 0.000115789
-6 0.155263 9.48485e-05
-4.8 0.155263 -0.000396038
-3.6 0.155263 -0.000795251
-2.4 0.155263 0.000591595
-1.2 0.155263 0.00415825
0 0.155263 0.00642219
1.2 0.155263 0.004155
2.4 0.155263 0.000589182
3.6 0.155263 -0.000795427
4.8 0.155263 -0.000395497
6 0.155263 9.50106e-05
7.2 0.155263 0.000115669
8.4 0.155263 -9.37096e-06
9.6 0.155263 -3.73555e-05
10.8 0.155263 -1.01145e-05
12 0.155263 -1.27682e-06
13.2 0.155263 -8.34901e-06
14.4 0.155263 -1.13707e-05
15.6 0.155263 -9.81872e-06
16.8 0.155263 -8.84737e-06
18 0.155263 -8.64099e-06
19.2 0.155263 -7.93937e-06
20.4 0.155263 -6.79881e-06
21.6 0.155263 -5.60146e-06
22.8 0.155263 -4.40005e-06
24 0.155263 -3.19121e-06
25.2 0.155263 -2.04926e-06
26.4 0.155263 -1.07354e-06
27.6 0.155263 -3.80219e-07
28.8 0.155263 -5.12607e-08
30 0.155263 4.53665e-37
-30 0.207895 4.25997e-37
-28.8 0.207895 -4.78664e-08
-27.6 0.207895 -3.57537e-07
-26.4 0.207895 -1.01091e-06
-25.2 0.207895 -1.92872e-06
-24 0.207895 -3.0018e-06
-22.8 0.207895 -4.14228e-06
-21.6 0.207895 -5.27546e-06
-20.4 0.207895 -6.38733e-06
-19.2 0.207895 -7.45663e-06
-18 0.207895 -8.17618e-06
-16.8 0.207895 -8.3689e-06
-15.6 0.207895 -9.06605e-06
-14.4 0.207895 -1.05587e-05
-13.2 0.207895 -8.46607e-06
-12 0.207895 -1.74394e-06
-10.8 0.207895 -7.61414e-06
-9.6 0.207895 -3.28492e-05
-8.4 0.207895 -1.36582e-05
-7.2 0.207895 9.96152e-05
-6 0.207895 9.62842e-05
-4.8 0.207895 -0.000344608
-3.6 0.207895 -0.000737599
-2.4 0.207895 0.000528412
-1.2 0.207895 0.00389736
0 0.207895 0.00606182
1.2 0.207895 0.00389428
2.4 0.207895 0.000526191
3.6 0.207895 -0.000737718
4.8 0.207895 -0.000344122
6 0.207895 9.64058e-05
7.2 0.207895 9.95044e-05
8.4 0.207895 -1.37103e-05
9.6 0.207895 -3.28262e-05
10.8 0.207895 -7.59705e-06
12 0.207895 -1.74832e-06
13.2 0.207895 -8.47063e-06
14.4 0.207895 -1.05575e-05
15.6 0.207895 -9.06488e-06
16.8 0.207895 -8.36938e-06
18 0.207895 -8.17678e-06
19.2 0.207895 -7.45691e-06
20.4 0.207895 -6.38764e-06
21.6 0.207895 -5.2758e-06
22.8 0.207895 -4.14254e-06
24 0.207895 -3.00195e-06
25.2 0.207895 -1.92879e-06
26.4 0.207895 -1.01093e-06
27.6 0.207895 -3.57534e-07
28.8 0.207895 -4.78622e-08
30 0.207895 4.25984e-37
-30 0.260526 3.98461e-37
-28.8 0.260526 -4.45671e-08
-27.6 0.260526 -3.3487e-07
-26.4 0.260526 -9.48164e-07
-25.2 0.260526 -1.80847e-06
-24 0.260526 -2.81279e-06
-22.8 0.260526 -3.88361e-06
-21.6 0.260526 -4.94974e-06
-20.4 0.260526 -5.98097e-06
-19.2 0.260526 -6.9731e-06
-18 0.260526 -7.69629e-06
-16.8 0.260526 -7.89879e-06
-15.6 0.260526 -8.36279e-06
-14.4 0.260526 -9.71915e-06
-13.2 0.260526 -8.43524e-06
-12 0.260526 -2.27007e-06
-10.8 0.260526 -5.53081e-06
-9.6 0.260526 -2.83404e-05
-8.4 0.260526 -1.695e-05
-7.2 0.260526 8.41547e-05
-6 0.260526 9.60962e-05
-4.8 0.260526 -0.0002959
-3.6 0.260526 -0.000680433
-2.4 0.260526 0.000467148
-1.2 0.260526 0.00363792
0 0.260526 0.00570189
1.2 0.260526 0.00363502
2.4 0.260526 0.000465129
3.6 0.260526 -0.000680502
4.8 0.260526 -0.00029547
6 0.260526 9.61825e-05
7.2 0.260526 8.40544e-05
8.4 0.260526 -1.6988e-05
9.6 0.260526 -2.83182e-05
10.8 0.260526 -5.51827e-06
12 0.260526 -2.27467e-06
13.2 0.260526 -8.4384e-06
14.4 0.260526 -9.71787e-06
15.6 0.260526 -8.36202e-06
16.8 0.260526 -7.89933e-06
18 0.260526 -7.69682e-06
19.2 0.260526 -6.97342e-06
20.4 0.260526 -5.98134e-06
21.6 0.260526 -4.95012e-06
22.8 0.260526 -3.88389e-06
24 0.260526 -2.81296e-06
25.2 0.260526 -1.80855e-06
26.4 0.260526 -9.4819e-07
27.6 0.260526 -3.34868e-07
28.8 0.260526 -4.45631e-08
30 0.260526 3.9845e-37
-30 0.313158 3.71122e-37
-28.8 0.313158 -4.13588e-08
-27.6 0.313158 -3.12249e-07
-26.4 0.313158 -8.85262e-07
-25.2 0.313158 -1.68834e-06
-24 0.313158 -2.62418e-06
-22.8 0.313158 -3.62411e-06
-21.6 0.313158 -4.62336e-06
-20.4 0.313158 -5.57883e-06
-19.2 0.313158 -6.49086e-06
-18 0.313158 -7.20171e-06
-16.8 0.313158 -7.42972e-06
-15.6 0.313158 -7.70919e-06
-14.4 0.313158 -8.87097e-06
-13.2 0.313158 -8.25221e-06
-12 0.313158 -2.8112e-06
-10.8 0.313158 -3.88041e-06
-9.6 0.313158 -2.39253e-05
-8.4 0.313158 -1.91995e-05
-7.2 0.313158 6.95052e-05
-6 0.313158 9.43114e-05
-4.8 0.313158 -0.000250024
-3.6 0.313158 -0.000623754
-2.4 0.313158 0.000407953
-1.2 0.313158 0.0033799
0 0.313158 0.0053422
1.2 0.313158 0.00337721
2.4 0.313158 0.000406142
3.6 0.313158 -0.00062378
4.8 0.313158 -0.00024965
6 0.313158 9.43678e-05
7.2 0.313158 6.94163e-05
8.4 0.313158 -1.92255e-05
9.6 0.313158 -2.39048e-05
10.8 0.313158 -3.87175e-06
12 0.313158 -2.8156e-06
13.2 0.313158 -8.25419e-06
14.4 0.313158 -8.8697e-06
15.6 0.313158 -7.70875e-06
16.8 0.313158 -7.43026e-06
18 0.313158 -7.20217e-06
19.2 0.313158 -6.49121e-06
20.4 0.313158 -5.57924e-06
21.6 0.313158 -4.62375e-06
22.8 0.313158 -3.6244e-06
24 0.313158 -2.62436e-06
25.2 0.313158 -1.68843e-06
26.4 0.313158 -8.85293e-07
27.6 0.313158 -3.12248e-07
28.8 0.313158 -4.13549e-08
30 0.313158 3.71113e-37
-30 0.365789 3.44003e-37
-28.8 0.365789 -3.82274e-08
-27.6 0.365789 -2.89694e-07
-26.4 0.365789 -8.22224e-07
-25.2 0.365789 -1.56822e-06
-24 0.365789 -2.43602e-06
-22.8 0.365789 -3.36415e-06
-21.6 0.365789 -4.29586e-06
-20.4 0.365789 -5.17992e-06
-19.2 0.365789 -6.01178e-06
-18 0.365789 -6.69453e-06
-16.8 0.365789 -6.95522e-06
-15.6 0.365789 -7.10131e-06
-14.4 0.365789 -8.03198e-06
-13.2 0.365789 -7.92399e-06
-12 0.365789 -3.32569e-06
-10.8 0.365789 -2.64812e-06
-9.6 0.365789 -1.96819e-05
-8.4 0.365789 -2.0439e-05
-7.2 0.365789 5.57751e-05
-6 0.365789 9.09688e-05
-4.8 0.365789 -0.000207111
-3.6 0.365789 -0.000567571
-2.4 0.365789 0.000351001
-1.2 0.365789 0.00312329
0 0.365789 0.00498256
1.2 0.365789 0.00312083
2.4 0.365789 0.000349399
3.6 0.365789 -0.000567562
4.8 0.365789 -0.000206791
6 0.365789 9.10005e-05
7.2 0.365789 5.56985e-05
8.4 0.365789 -2.04552e-05
9.6 0.365789 -1.96638e-05
10.8 0.365789 -2.64264e-06
12 0.365789 -3.3296e-06
13.2 0.365789 -7.92501e-06
14.4 0.365789 -8.03083e-06
15.6 0.365789 -7.10114e-06
16.8 0.365789 -6.95573e-06
18 0.365789 -6.69494e-06
19.2 0.365789 -6.01216e-06
20.4 0.365789 -5.18037e-06
21.6 0.365789 -4.29627e-06
22.8 0.365789 -3.36445e-06
24 0.365789 -2.43622e-06
25.2 0.365789 -1.56833e-06
26.4 0.365789 -8.22259e-07
27.6 0.365789 -2.89695e-07
28.8 0.365789 -3.82236e-08
30 0.365789 3.43996e-37
-30 0.418421 3.17098e-37
-28.8 0.418421 -3.51558e-08
-27.6 0.418421 -2.67216e-07
-26.4 0.418421 -7.59084e-07
-25.2 0.418421 -1.44803e-06
-24 0.418421 -2.24828e-06
-22.8 0.418421 -3.10408e-06
-21.6 0.418421 -3.96707e-06
-20.4 0.418421 -4.78306e-06
-19.2 0.418421 -5.53715e-06
-18 0.418421 -6.17774e-06
-16.8 0.418421 -6.46993e-06
-15.6 0.418421 -6.5326e-06
-14.4 0.418421 -7.21885e-06
-13.2 0.418421 -7.46345e-06
-12 0.418421 -3.7719e-06
-10.8 0.418421 -1.80878e-06
-9.6 0.418421 -1.56923e-05
-8.4 0.418421 -2.07157e-05
-7.2 0.418421 4.30841e-05
-6 0.418421 8.61233e-05
-4.8 0.418421 -0.00016731
-3.6 0.418421 -0.000511908
-2.4 0.418421 0.000296494
-1.2 0.418421 0.00286809
0 0.418421 0.0046227
1.2 0.418421 0.00286587
2.4 0.418421 0.000295099
3.6 0.418421 -0.000511871
4.8 0.418421 -0.000167041
6 0.418421 8.61355e-05
7.2 0.418421 4.30201e-05
8.4 0.418421 -2.07239e-05
9.6 0.418421 -1.56769e-05
10.8 0.418421 -1.80577e-06
12 0.418421 -3.77511e-06
13.2 0.418421 -7.46375e-06
14.4 0.418421 -7.2179e-06
15.6 0.418421 -6.53261e-06
16.8 0.418421 -6.47039e-06
18 0.418421 -6.17813e-06
19.2 0.418421 -5.53757e-06
20.4 0.418421 -4.78353e-06
21.6 0.418421 -3.96748e-06
22.8 0.418421 -3.1044e-06
24 0.418421 -2.24849e-06
25.2 0.418421 -1.44814e-06
26.4 0.418421 -7.59122e-07
27.6 0.418421 -2.67218e-07
28.8 0.418421 -3.51522e-08
30 0.418421 3.17092e-37
-30 0.471053 2.90373e-37
-28.8 0.471053 -3.21281e-08
-27.6 0.471053 -2.44813e-07
-26.4 0.471053 -6.95886e-07
-25.2 0.471053 -1.32771e-06
-24 0.471053 -2.06084e-06
-22.8 0.471053 -2.84422e-06
-21.6 0.471053 -3.63707e-06
-20.4 0.471053 -4.38705e-06
-19.2 0.471053 -5.06751e-06
-18 0.471053 -5.65495e-06
-16.8 0.471053 -5.97005e-06
-15.6 0.471053 -5.99405e-06
-14.4 0.471053 -6.44588e-06
-13.2 0.471053 -6.88984e-06
-12 0.471053 -4.11008e-06
-10.8 0.471053 -1.32477e-06
-9.6 0.471053 -1.20404e-05
-8.4 0.471053 -2.00951e-05
-7.2 0.471053 3.15631e-05
-6 0.471053 7.98521e-05
-4.8 0.471053 -0.000130795
-3.6 0.471053 -0.000456807
-2.4 0.471053 0.000244668
-1.2 0.471053 0.00261431
0 0.471053 0.00426235
1.2 0.471053 0.00261233
2.4 0.471053 0.000243475
3.6 0.471053 -0.000456749
4.8 0.471053 -0.000130575
6 0.471053 7.98496e-05
7.2 0.471053 3.15115e-05
8.4 0.471053 -2.00974e-05
9.6 0.471053 -1.2028e-05
10.8 0.471053 -1.32356e-06
12 0.471053 -4.11249e-06
13.2 0.471053 -6.88966e-06
14.4 0.471053 -6.44515e-06
15.6 0.471053 -5.99417e-06
16.8 0.471053 -5.97044e-06
18 0.471053 -5.65532e-06
19.2 0.471053 -5.06795e-06
20.4 0.471053 -4.38752e-06
21.6 0.471053 -3.63749e-06
22.8 0.471053 -2.84454e-06
24 0.471053 -2.06106e-06
25.2 0.471053 -1.32782e-06
26.4 0.471053 -6.95926e-07
27.6 0.471053 -2.44816e-07
28.8 0.471053 -3.21246e-08
30 0.471053 2.90368e-37
-30 0.523684 2.63784e-37
-28.8 0.523684 -2.91321e-08
-27.6 0.523684 -2.22474e-07
-26.4 0.523684 -6.32668e-07
-25.2 0.523684 -1.20725e-06
-24 0.523684 -1.87358e-06
-22.8 0.523684 -2.58474e-06
-21.6 0.523684 -3.30619e-06
-20.4 0.523684 -3.99083e-06
-19.2 0.523684 -4.60255e-06
-18 0.523684 -5.12995e-06
-16.8 0.523684 -5.45391e-06
-15.6 0.523684 -5.47477e-06
-14.4 0.523684 -5.72345e-06
-13.2 0.523684 -6.22884e-06
-12 0.523684 -4.30514e-06
-10.8 0.523684 -1.14399e-06
-9.6 0.523684 -8.80928e-06
-8.4 0.523684 -1.86672e-05
-7.2 0.523684 2.13532e-05
-6 0.523684 7.22624e-05
-4.8 0.523684 -9.77678e-05
-3.6 0.523684 -0.000402336
-2.4 0.523684 0.000195805
-1.2 0.523684 0.00236196
0 0.523684 0.00390116
1.2 0.523684 0.00236023
2.4 0.523684 0.000194807
3.6 0.523684 -0.000402264
4.8 0.523684 -9.75937e-05
6 0.523684 7.22498e-05
7.2 0.523684 2.13133e-05
8.4 0.523684 -1.86655e-05
9.6 0.523684 -8.79986e-06
10.8 0.523684 -1.14396e-06
12 0.523684 -4.30675e-06
13.2 0.523684 -6.22838e-06
14.4 0.523684 -5.72294e-06
15.6 0.523684 -5.47495e-06
16.8 0.523684 -5.45424e-06
18 0.523684 -5.13032e-06
19.2 0.523684 -4.603e-06
20.4 0.523684 -3.9913e-06
21.6 0.523684 -3.30661e-06
22.8 0.523684 -2.58506e-06
24 0.523684 -1.8738e-06
25.2 0.523684 -1.20736e-06
26.4 0.523684 -6.32709e-07
27.6 0.523684 -2.22478e-07
28.8 0.523684 -2.91288e-08
30 0.523684 2.63781e-37
-30 0.576316 2.37289e-37
-28.8 0.576316 -2.61609e-08
-27.6 0.576316 -2.00184e-07
-26.4 0.576316 -5.69455e-07
-25.2 0.576316 -1.08667e-06
-24 0.576316 -1.68637e-06
-22.8 0.576316 -2.32571e-06
-21.6 0.576316 -2.97486e-06
-20.4 0.576316 -3.59368e-06
-19.2 0.576316 -4.14124e-06
-18 0.576316 -4.60616e-06
-16.8 0.576316 -4.92227e-06
-15.6 0.576316 -4.96299e-06
-14.4 0.576316 -5.05642e-06
-13.2 0.576316 -5.51182e-06
-12 0.576316 -4.33036e-06
-10.8 0.576316 -1.19824e-06
-9.6 0.576316 -6.07563e-06
-8.4 0.576316 -1.65524e-05
-7.2 0.576316 1.26023e-05
-6 0.576316 6.35029e-05
-4.8 0.576316 -6.8462e-05
-3.6 0.576316 -0.0003486
-2.4 0.576316 0.000150243
-1.2 0.576316 0.00211106
0 0.576316 0.00353875
1.2 0.576316 0.00210957
2.4 0.576316 0.000149429
3.6 0.576316 -0.000348521
4.8 0.576316 -6.8329e-05
6 0.576316 6.34843e-05
7.2 0.576316 1.25733e-05
8.4 0.576316 -1.65483e-05
9.6 0.576316 -6.06897e-06
10.8 0.576316 -1.19882e-06
12 0.576316 -4.33126e-06
13.2 0.576316 -5.51126e-06
14.4 0.576316 -5.0561e-06
15.6 0.576316 -4.96317e-06
16.8 0.576316 -4.92255e-06
18 0.576316 -4.60652e-06
19.2 0.576316 -4.14169e-06
20.4 0.576316 -3.59413e-06
21.6 0.576316 -2.97526e-06
22.8 0.576316 -2.32603e-06
24 0.576316 -1.68658e-06
25.2 0.576316 -1.08679e-06
26.4 0.576316 -5.69497e-07
27.6 0.576316 -2.00188e-07
28.8 0.576316 -2.61578e-08
30 0.576316 2.37286e-37
-30 0.628947 2.10857e-37
-28.8 0.628947 -2.32119e-08
-27.6 0.628947 -1.77927e-07
-26.4 0.628947 -5.06256e-07
-25.2 0.628947 -9.66029e-07
-24 0.628947 -1.49911e-06
-22.8 0.628947 -2.06705e-06
-21.6 0.628947 -2.64351e-06
-20.4 0.628947 -3.19535e-06
-19.2 0.628947 -3.68208e-06
-18 0.628947 -4.086e-06
-16.8 0.628947 -4.3783e-06
-15.6 0.628947 -4.44758e-06
-14.4 0.628947 -4.44273e-06
-13.2 0.628947 -4.77384e-06
-12 0.628947 -4.17209e-06
-10.8 0.628947 -1.4028e-06
-9.6 0.628947 -3.90208e-06
-8.4 0.628947 -1.39093e-05
-7.2 0.628947 5.45943e-06
-6 0.628947 5.37795e-05
-4.8 0.628947 -4.31462e-05
-3.6 0.628947 -0.000295763
-2.4 0.628947 0.000108394
-1.2 0.628947 0.00186167
0 0.628947 0.0031746
1.2 0.628947 0.00186043
2.4 0.628947 0.000107752
3.6 0.628947 -0.000295682
4.8 0.628947 -4.30495e-05
6 0.628947 5.37586e-05
7.2 0.628947 5.43991e-06
8.4 0.628947 -1.39042e-05
9.6 0.628947 -3.8978e-06
10.8 0.628947 -1.40356e-06
12 0.628947 -4.17242e-06
13.2 0.628947 -4.7733e-06
14.4 0.628947 -4.44255e-06
15.6 0.628947 -4.44773e-06
16.8 0.628947 -4.37855e-06
18 0.628947 -4.08635e-06
19.2 0.628947 -3.6825e-06
20.4 0.628947 -3.19579e-06
21.6 0.628947 -2.6439e-06
22.8 0.628947 -2.06735e-06
24 0.628947 -1.49931e-06
25.2 0.628947 -9.66138e-07
26.4 0.628947 -5.06297e-07
27.6 0.628947 -1.77932e-07
28.8 0.628947 -2.3209e-08
30 0.628947 2.10855e-37
-30 0.681579 1.84476e-37
-28.8 0.681579 -2.02841e-08
-27.6 0.681579 -1.55695e-07
-26.4 0.681579 -4.43065e-07
-25.2 0.681579 -8.45354e-07
-24 0.681579 -1.31178e-06
-22.8 0.681579 -1.8086e-06
-21.6 0.681579 -2.31244e-06
-20.4 0.681579 -2.79605e-06
-19.2 0.681579 -3.22347e-06
-18 0.681579 -3.57044e-06
-16.8 0.681579 -3.82698e-06
-15.6 0.681579 -3.92008e-06
-14.4 0.681579 -3.8727e-06
-13.2 0.681579 -4.04981e-06
-12 0.681579 -3.83508e-06
-10.8 0.681579 -1.65886e-06
-9.6 0.681579 -2.32495e-06
-8.4 0.681579 -1.09413e-05
-7.2 0.681579 6.08983e-08
-6 0.681579 4.33783e-05
-4.8 0.681579 -2.21253e-05
-3.6 0.681579 -0.00024407
-2.4 0.681579 7.07711e-05
-1.2 0.681579 0.00161387
0 0.681579 0.0028081
1.2 0.681579 0.00161287
2.4 0.681579 7.02839e-05
3.6 0.681579 -0.000243993
4.8 0.681579 -2.20596e-05
6 0.681579 4.33581e-05
7.2 0.681579 4.91844e-08
8.4 0.681579 -1.09365e-05
9.6 0.681579 -2.32254e-06
10.8 0.681579 -1.65949e-06
12 0.681579 -3.83501e-06
13.2 0.681579 -4.04937e-06
14.4 0.681579 -3.8726e-06
15.6 0.681579 -3.92019e-06
16.8 0.681579 -3.82721e-06
18 0.681579 -3.57077e-06
19.2 0.681579 -3.22387e-06
20.4 0.681579 -2.79646e-06
21.6 0.681579 -2.3128e-06
22.8 0.681579 -1.80889e-06
24 0.681579 -1.31197e-06
25.2 0.681579 -8.45458e-07
26.4 0.681579 -4.43104e-07
27.6 0.681579 -1.557e-07
28.8 0.681579 -2.02816e-08
30 0.681579 1.84475e-37
-30 0.734211 1.58143e-37
-28.8 0.734211 -1.73765e-08
-27.6 0.734211 -1.33483e-07
-26.4 0.734211 -3.79872e-07
-25.2 0.734211 -7.24672e-07
-24 0.734211 -1.1244e-06
-22.8 0.734211 -1.55023e-06
-21.6 0.734211 -1.98174e-06
-20.4 0.734211 -2.39626e-06
-19.2 0.734211 -2.76427e-06
-18 0.734211 -3.05882e-06
-16.8 0.734211 -3.27379e-06
-15.6 0.734211 -3.37663e-06
-14.4 0.734211 -3.33005e-06
-13.2 0.734211 -3.36853e-06
-12 0.734211 -3.34705e-06
-10.8 0.734211 -1.86093e-06
-9.6 0.734211 -1.33716e-06
-8.4 0.734211 -7.90183e-06
-7.2 0.734211 -3.49349e-06
-6 0.734211 3.26958e-05
-4.8 0.734211 -5.73464e-06
-3.6 0.734211 -0.0001939
-2.4 0.734211 3.80186e-05
-1.2 0.734211 0.00136782
0 0.734211 0.00243843
1.2 0.734211 0.00136704
2.4 0.734211 3.76689e-05
3.6 0.734211 -0.000193832
4.8 0.734211 -5.69414e-06
6 0.734211 3.26787e-05
7.2 0.734211 -3.49929e-06
8.4 0.734211 -7.89788e-06
9.6 0.734211 -1.33604e-06
10.8 0.734211 -1.86127e-06
12 0.734211 -3.34678e-06
13.2 0.734211 -3.3682e-06
14.4 0.734211 -3.32998e-06
15.6 0.734211 -3.37671e-06
16.8 0.734211 -3.274e-06
18 0.734211 -3.05913e-06
19.2 0.734211 -2.76464e-06
20.4 0.734211 -2.39663e-06
21.6 0.734211 -1.98207e-06
22.8 0.734211 -1.55049e-06
24 0.734211 -1.12457e-06
25.2 0.734211 -7.24767e-07
26.4 0.734211 -3.79908e-07
27.6 0.734211 -1.33488e-07
28.8 0.734211 -1.73742e-08
30 0.734211 1.58142e-37
-30 0.786842 1.31856e-37
-28.8 0.786842 -1.44864e-08
-27.6 0.786842 -1.1129e-07
-26.4 0.786842 -3.16672e-07
-25.2 0.786842 -6.03986e-07
-24 0.786842 -9.37009e-07
-22.8 0.786842 -1.29185e-06
-21.6 0.786842 -1.65131e-06
-20.4 0.786842 -1.99645e-06
-19.2 0.786842 -2.3041e-06
-18 0.786842 -2.54937e-06
-16.8 0.786842 -2.72294e-06
-15.6 0.786842 -2.81906e-06
-14.4 0.786842 -2.79544e-06
-13.2 0.786842 -2.7451e-06
-12 0.786842 -2.7597e-06
-10.8 0.786842 -1.91281e-06
-9.6 0.786842 -8.66908e-07
-8.4 0.786842 -5.08796e-06
-7.2 0.786842 -5.18497e-06
-6 0.786842 2.22799e-05
-4.8 0.786842 5.68306e-06
-3.6 0.786842 -0.000145842
-2.4 0.786842 1.09681e-05
-1.2 0.786842 0.00112378
0 0.786842 0.0020645
1.2 0.786842 0.00112321
2.4 0.786842 1.07362e-05
3.6 0.786842 -0.000145786
4.8 0.786842 5.70433e-06
6 0.786842 2.22672e-05
7.2 0.786842 -5.18684e-06
8.4 0.786842 -5.08532e-06
9.6 0.786842 -8.66505e-07
10.8 0.786842 -1.91285e-06
12 0.786842 -2.75939e-06
13.2 0.786842 -2.74488e-06
14.4 0.786842 -2.79539e-06
15.6 0.786842 -2.81912e-06
16.8 0.786842 -2.72312e-06
18 0.786842 -2.54965e-06
19.2 0.786842 -2.30443e-06
20.4 0.786842 -1.99678e-06
21.6 0.786842 -1.6516e-06
22.8 0.786842 -1.29208e-06
24 0.786842 -9.37164e-07
25.2 0.786842 -6.04071e-07
26.4 0.786842 -3.16705e-07
27.6 0.786842 -1.11294e-07
28.8 0.786842 -1.44845e-08
30 0.786842 1.31856e-37
-30 0.839474 1.05611e-37
-28.8 0.839474 -1.16106e-08
-27.6 0.839474 -8.91132e-08
-26.4 0.839474 -2.53464e-07
-25.2 0.839474 -4.83291e-07
-24 0.839474 -7.49627e-07
-22.8 0.839474 -1.03346e-06
-21.6 0.839474 -1.321e-06
-20.4 0.839474 -1.59689e-06
-19.2 0.839474 -1.84324e-06
-18 0.839474 -2.04025e-06
-16.8 0.839474 -2.1759e-06
-15.6 0.839474 -2.25368e-06
-14.4 0.839474 -2.25298e-06
-13.2 0.839474 -2.1747e-06
-12 0.839474 -2.14056e-06
-10.8 0.839474 -1.75461e-06
-9.6 0.839474 -7.58503e-07
-8.4 0.839474 -2.81047e-06
-7.2 0.839474 -5.15248e-06
-6 0.839474 1.28735e-05
-4.8 0.839474 1.1846e-05
-3.6 0.839474 -0.000100845
-2.4 0.839474 -9.28578e-06
-1.2 0.839474 0.000882195
0 0.839474 0.00168475
1.2 0.839474 0.000881804
2.4 0.839474 -9.42198e-06
3.6 0.839474 -0.000100805
4.8 0.839474 1.18542e-05
6 0.839474 1.28658e-05
7.2 0.839474 -5.15233e-06
8.4 0.839474 -2.80909e-06
9.6 0.839474 -7.58351e-07
10.8 0.839474 -1.75445e-06
12 0.839474 -2.1403e-06
13.2 0.839474 -2.17454e-06
14.4 0.839474 -2.25292e-06
15.6 0.839474 -2.25374e-06
16.8 0.839474 -2.17606e-06
18 0.839474 -2.04048e-06
19.2 0.839474 -1.84351e-06
20.4 0.839474 -1.59716e-06
21.6 0.839474 -1.32125e-06
22.8 0.839474 -1.03365e-06
24 0.839474 -7.49759e-07
25.2 0.839474 -4.83363e-07
26.4 0.839474 -2.53492e-07
27.6 0.839474 -8.91171e-08
28.8 0.839474 -1.1609e-08
30 0.839474 1.0561e-37
-30 0.892105 7.93975e-38
-28.8 0.892105 -8.74595e-09
-27.6 0.892105 -6.69501e-08
-26.4 0.892105 -1.90251e-07
-25.2 0.892105 -3.62583e-07
-24 0.892105 -5.62258e-07
-22.8 0.892105 -7.75074e-07
-21.6 0.892105 -9.90711e-07
-20.4 0.892105 -1.19753e-06
-19.2 0.892105 -1.38221e-06
-18 0.892105 -1.53051e-06
-16.8 0.892105 -1.63151e-06
-15.6 0.892105 -1.68744e-06
-14.4 0.892105 -1.69673e-06
-13.2 0.892105 -1.63401e-06
-12 0.892105 -1.55047e-06
-10.8 0.892105 -1.39569e-06
-9.6 0.892105 -7.7723e-07
-8.4 0.892105 -1.30942e-06
-7.2 0.892105 -3.81028e-06
-6 0.892105 5.42748e-06
-4.8 0.892105 1.27196e-05
-3.6 0.892105 -6.04898e-05
-2.4 0.892105 -2.12831e-05
-1.2 0.892105 0.00064393
0 0.892105 0.00129677
1.2 0.892105 0.0006437
2.4 0.892105 -2.13471e-05
3.6 0.892105 -6.04664e-05
4.8 0.892105 1.27206e-05
6 0.892105 5.42417e-06
7.2 0.892105 -3.80969e-06
8.4 0.892105 -1.30891e-06
9.6 0.892105 -7.77077e-07
10.8 0.892105 -1.39548e-06
12 0.892105 -1.55029e-06
13.2 0.892105 -1.63389e-06
14.4 0.892105 -1.69668e-06
15.6 0.892105 -1.68748e-06
16.8 0.892105 -1.63163e-06
18 0.892105 -1.53069e-06
19.2 0.892105 -1.38242e-06
20.4 0.892105 -1.19775e-06
21.6 0.892105 -9.90908e-07
22.8 0.892105 -7.75228e-07
24 0.892105 -5.62362e-07
25.2 0.892105 -3.62641e-07
26.4 0.892105 -1.90274e-07
27.6 0.892105 -6.69533e-08
28.8 0.892105 -8.74471e-09
30 0.892105 7.93974e-38
-30 0.944737 5.32079e-38
-28.8 0.944737 -5.88946e-09
-27.6 0.944737 -4.47969e-08
-26.4 0.944737 -1.27034e-07
-25.2 0.944737 -2.41865e-07
-24 0.944737 -3.74894e-07
-22.8 0.944737 -5.16708e-07
-21.6 0.944737 -6.60429e-07
-20.4 0.944737 -7.98253e-07
-19.2 0.944737 -9.21269e-07
-18 0.944737 -1.02025e-06
-16.8 0.944737 -1.08775e-06
-15.6 0.944737 -1.12359e-06
-14.4 0.944737 -1.13152e-06
-13.2 0.944737 -1.09612e-06
-12 0.944737 -1.01255e-06
-10.8 0.944737 -9.24444e-07
-9.6 0.944737 -6.83947e-07
-8.4 0.944737 -5.90738e-07
-7.2 0.944737 -1.95877e-06
-6 0.944737 9.35061e-07
-4.8 0.944737 9.01116e-06
-3.6 0.944737 -2.75117e-05
-2.4 0.944737 -2.31471e-05
-1.2 0.944737 0.000410896
0 0.944737 0.000896364
1.2 0.944737 0.000410797
2.4 0.944737 -2.31645e-05
3.6 0.944737 -2.75033e-05
4.8 0.944737 9.01042e-06
6 0.944737 9.34384e-07
7.2 0.944737 -1.95853e-06
8.4 0.944737 -5.90565e-07
9.6 0.944737 -6.83781e-07
10.8 0.944737 -9.24293e-07
12 0.944737 -1.01243e-06
13.2 0.944737 -1.09603e-06
14.4 0.944737 -1.13149e-06
15.6 0.944737 -1.12362e-06
16.8 0.944737 -1.08784e-06
18 0.944737 -1.02038e-06
19.2 0.944737 -9.21421e-07
20.4 0.944737 -7.98407e-07
21.6 0.944737 -6.60566e-07
22.8 0.944737 -5.16816e-07
24 0.944737 -3.74967e-07
25.2 0.944737 -2.41906e-07
26.4 0.944737 -1.2705e-07
27.6 0.944737 -4.47993e-08
28.8 0.944737 -5.88863e-09
30 0.944737 5.3208e-38
-30 0.997368 2.70337e-38
-28.8 0.997368 -3.03847e-09
-27.6 0.997368 -2.26502e-08
-26.4 0.997368 -6.38145e-08
-25.2 0.997368 -1.2114e-07
-24 0.997368 -1.87531e-07
-22.8 0.997368 -2.58355e-07
-21.6 0.997368 -3.30157e-07
-20.4 0.997368 -3.98996e-07
-19.2 0.997368 -4.60418e-07
-18 0.997368 -5.09882e-07
-16.8 0.997368 -5.43737e-07
-15.6 0.997368 -5.61387e-07
-14.4 0.997368 -5.64805e-07
-13.2 0.997368 -5.49721e-07
-12 0.997368 -5.05147e-07
-10.8 0.997368 -4.48097e-07
-9.6 0.997368 -3.89177e-07
-8.4 0.997368 -2.9976e-07
-7.2 0.997368 -5.81066e-07
-6 0.997368 -3.50528e-07
-4.8 0.997368 3.3132e-06
-3.6 0.997368 -6.45817e-06
-2.4 0.997368 -1.33769e-05
-1.2 0.997368 0.00018851
0 0.997368 0.000474313
1.2 0.997368 0.00018851
2.4 0.997368 -1.33773e-05
3.6 0.997368 -6.45801e-06
4.8 0.997368 3.31329e-06
6 0.997368 -3.5058e-07
7.2 0.997368 -5.81062e-07
8.4 0.997368 -2.99672e-07
9.6 0.997368 -3.89083e-07
10.8 0.997368 -4.48021e-07
12 0.997368 -5.05083e-07
13.2 0.997368 -5.49675e-07
14.4 0.997368 -5.64789e-07
15.6 0.997368 -5.61404e-07
16.8 0.997368 -5.43782e-07
18 0.997368 -5.09948e-07
19.2 0.997368 -4.60497e-07
20.4 0.997368 -3.99076e-07
21.6 0.997368 -3.30229e-07
22.8 0.997368 -2.58411e-07
24 0.997368 -1.87569e-07
25.2 0.997368 -1.21161e-07
26.4 0.997368 -6.38228e-08
27.6 0.997368 -2.26515e-08
28.8 0.997368 -3.03807e-09
30 0.997368 2.70339e-38
-30 1.05 0
-28.8 1.05 0
-27.6 1.05 0
-26.4 1.05 0
-25.2 1.05 0
-24 1.05 0
-22.8 1.05 0
-21.6 1.05 0
-20.4 1.05 0
-19.2 1.05 0
-18 1.05 0
-16.8 1.05 0
-15.6 1.05 0
-14.4 1.05 0
-13.2 1.05 0
-12 1.05 0
-10.8 1.05 0
-9.6 1.05 0
-8.4 1.05 0
-7.2 1.05 0
-6 1.05 0
-4.8 1.05 0
-3.6 1.05 0
-2.4 1.05 0
-1.2 1.05 0
0 1.05 0
1.2 1.05 0
2.4 1.05 0
3.6 1.05 0
4.8 1.05 0
6 1.05 0
7.2 1.05 0
8.4 1.05 0
9.6 1.05 0
10.8 1.05 0
12 1.05 0
13.2 1.05 0
14.4 1.05 0
15.6 1.05 0
16.8 1.05 0
18 1.05 0
19.2 1.05 0
20.4 1.05 0
21.6 1.05 0
22.8 1.05 0
24 1.05 0
25.2 1.05 0
26.4 1.05 0
27.6 1.05 0
28.8 1.05 0
30 1.05 0
