-30 0.05 0
-29.4 0.05 0
-28.8 0.05 0
-28.2 0.05 0
-27.6 0.05 0
-27 0.05 0
-26.4 0.05 0
-25.8 0.05 0
-25.2 0.05 0
-24.6 0.05 0
-24 0.05 0
-23.4 0.05 0
-22.8 0.05 0
-22.2 0.05 0
-21.6 0.05 0
-21 0.05 0
-20.4 0.05 0
-19.8 0.05 0
-19.2 0.05 0
-18.6 0.05 0
-18 0.05 0
-17.4 0.05 0
-16.8 0.05 0
-16.2 0.05 0
-15.6 0.05 0
-15 0.05 0
-14.4 0.05 0
-13.8 0.05 0
-13.2 0.05 0
-12.6 0.05 0
-12 0.05 0
-11.4 0.05 0
-10.8 0.05 0
-10.2 0.05 0
-9.6 0.05 0
-9 0.05 0
-8.4 0.05 0
-7.8 0.05 0
-7.2 0.05 0
-6.6 0.05 0
-6 0.05 0
-5.4 0.05 0
-4.8 0.05 0
-4.2 0.05 0
-3.6 0.05 0
-3 0.05 0
-2.4 0.05 0
-1.8 0.05 0
-1.2 0.05 0
-0.6 0.05 0
0 0.05 0
0.6 0.05 0
1.2 0.05 0
1.8 0.05 0
2.4 0.05 0
3 0.05 0
3.6 0.05 0
4.2 0.05 0
4.8 0.05 0
5.4 0.05 0
6 0.05 0
6.6 0.05 0
7.2 0.05 0
7.8 0.05 0
8.4 0.05 0
9 0.05 0
9.6 0.05 0
10.2 0.05 0
10.8 0.05 0
11.4 0.05 0
12 0.05 0
12.6 0.05 0
13.2 0.05 0
13.8 0.05 0
14.4 0.05 0
15 0.05 0
15.6 0.05 0
16.2 0.05 0
16.8 0.05 0
17.4 0.05 0
18 0.05 0
18.6 0.05 0
19.2 0.05 0
19.8 0.05 0
20.4 0.05 0
21 0.05 0
21.6 0.05 0
22.2 0.05 0
22.8 0.05 0
23.4 0.05 0
24 0.05 0
24.6 0.05 0
25.2 0.05 0
25.8 0.05 0
26.4 0.05 0
27 0.05 0
27.6 0.05 0
28.2 0.05 0
28.8 0.05 0
29.4 0.05 0
30 0.05 0
-30 0.102632 0
-29.4 0.102632 0
-28.8 0.102632 0
-28.2 0.102632 0
-27.6 0.102632 0
-27 0.102632 0
-26.4 0.102632 0
-25.8 0.102632 0
-25.2 0.102632 0
-24.6 0.102632 0
-24 0.102632 0
-23.4 0.102632 0
-22.8 0.102632 0
-22.2 0.102632 0
-21.6 0.102632 0
-21 0.102632 0
-20.4 0.102632 0
-19.8 0.102632 0
-19.2 0.102632 0
-18.6 0.102632 0
-18 0.102632 0
-17.4 0.102632 0
-16.8 0.102632 0
-16.2 0.102632 0
-15.6 0.102632 0
-15 0.102632 0
-14.4 0.102632 0
-13.8 0.102632 0
-13.2 0.102632 0
-12.6 0.102632 0
-12 0.102632 0
-11.4 0.102632 0
-10.8 0.102632 0
-10.2 0.102632 0
-9.6 0.102632 0
-9 0.102632 0
-8.4 0.102632 0
-7.8 0.102632 0
-7.2 0.102632 0
-6.6 0.102632 0
-6 0.102632 0
-5.4 0.102632 0
-4.8 0.102632 0
-4.2 0.102632 0
-3.6 0.102632 0
-3 0.102632 0
-2.4 0.102632 0
-1.8 0.102632 0
-1.2 0.102632 0
-0.6 0.102632 0
0 0.102632 0
0.6 0.102632 0
1.2 0.102632 0
1.8 0.102632 0
2.4 0.102632 0
3 0.102632 0
3.6 0.102632 0
4.2 0.102632 0
4.8 0.102632 0
5.4 0.102632 0
6 0.102632 0
6.6 0.102632 0
7.2 0.102632 0
7.8 0.102632 0
8.4 0.102632 0
9 0.102632 0
9.6 0.102632 0
10.2 0.102632 0
10.8 0.102632 0
11.4 0.102632 0
12 0.102632 0
12.6 0.102632 0
13.2 0.102632 0
13.8 0.102632 0
14.4 0.102632 0
15 0.102632 0
15.6 0.102632 0
16.2 0.102632 0
16.8 0.102632 0
17.4 0.102632 0
18 0.102632 0
18.6 0.102632 0
19.2 0.102632 0
19.8 0.102632 0
20.4 0.102632 0
21 0.102632 0
21.6 0.102632 0
22.2 0.102632 0
22.8 0.102632 0
23.4 0.102632 0
24 0.102632 0
24.6 0.102632 0
25.2 0.102632 0
25.8 0.102632 0
26.4 0.102632 0
27 0.102632 0
27.6 0.102632 0
28.2 0.102632 0
28.8 0.102632 0
29.4 0.102632 0
30 0.102632 0
-30 0.155263 0
-29.4 0.155263 0
-28.8 0.155263 0
-28.2 0.155263 0
-27.6 0.155263 0
-27 0.155263 0
-26.4 0.155263 0
-25.8 0.155263 0
-25.2 0.155263 0
-24.6 0.155263 0
-24 0.155263 0
-23.4 0.155263 0
-22.8 0.155263 0
-22.2 0.155263 0
-21.6 0.155263 0
-21 0.155263 0
-20.4 0.155263 0
-19.8 0.155263 0
-19.2 0.155263 0
-18.6 0.155263 0
-18 0.155263 0
-17.4 0.155263 0
-16.8 0.155263 0
-16.2 0.155263 0
-15.6 0.155263 0
-15 0.155263 0
-14.4 0.155263 0
-13.8 0.155263 0
-13.2 0.155263 0
-12.6 0.155263 0
-12 0.155263 0
-11.4 0.155263 0
-10.8 0.155263 0
-10.2 0.155263 0
-9.6 0.155263 0
-9 0.155263 0
-8.4 0.155263 0
-7.8 0.155263 0
-7.2 0.155263 0
-6.6 0.155263 0
-6 0.155263 0
-5.4 0.155263 0
-4.8 0.155263 0
-4.2 0.155263 0
-3.6 0.155263 0
-3 0.155263 0
-2.4 0.155263 0
-1.8 0.155263 0
-1.2 0.155263 0
-0.6 0.155263 0
0 0.155263 0
0.6 0.155263 0
1.2 0.155263 0
1.8 0.155263 0
2.4 0.155263 0
3 0.155263 0
3.6 0.155263 0
4.2 0.155263 0
4.8 0.155263 0
5.4 0.155263 0
6 0.155263 0
6.6 0.155263 0
7.2 0.155263 0
7.8 0.155263 0
8.4 0.155263 0
9 0.155263 0
9.6 0.155263 0
10.2 0.155263 0
10.8 0.155263 0
11.4 0.155263 0
12 0.155263 0
12.6 0.155263 0
13.2 0.155263 0
13.8 0.155263 0
14.4 0.155263 0
15 0.155263 0
15.6 0.155263 0
16.2 0.155263 0
16.8 0.155263 0
17.4 0.155263 0
18 0.155263 0
18.6 0.155263 0
19.2 0.155263 0
19.8 0.155263 0
20.4 0.155263 0
21 0.155263 0
21.6 0.155263 0
22.2 0.155263 0
22.8 0.155263 0
23.4 0.155263 0
24 0.155263 0
24.6 0.155263 0
25.2 0.155263 0
25.8 0.155263 0
26.4 0.155263 0
27 0.155263 0
27.6 0.155263 0
28.2 0.155263 0
28.8 0.155263 0
29.4 0.155263 0
30 0.155263 0
-30 0.207895 0
-29.4 0.207895 0
-28.8 0.207895 0
-28.2 0.207895 0
-27.6 0.207895 0
-27 0.207895 0
-26.4 0.207895 0
-25.8 0.207895 0
-25.2 0.207895 0
-24.6 0.207895 0
-24 0.207895 0
-23.4 0.207895 0
-22.8 0.207895 0
-22.2 0.207895 0
-21.6 0.207895 0
-21 0.207895 0
-20.4 0.207895 0
-19.8 0.207895 0
-19.2 0.207895 0
-18.6 0.207895 0
-18 0.207895 0
-17.4 0.207895 0
-16.8 0.207895 0
-16.2 0.207895 0
-15.6 0.207895 0
-15 0.207895 0
-14.4 0.207895 0
-13.8 0.207895 0
-13.2 0.207895 0
-12.6 0.207895 0
-12 0.207895 0
-11.4 0.207895 0
-10.8 0.207895 0
-10.2 0.207895 0
-9.6 0.207895 0
-9 0.207895 0
-8.4 0.207895 0
-7.8 0.207895 0
-7.2 0.207895 0
-6.6 0.207895 0
-6 0.207895 0
-5.4 0.207895 0
-4.8 0.207895 0
-4.2 0.207895 0
-3.6 0.207895 0
-3 0.207895 0
-2.4 0.207895 0
-1.8 0.207895 0
-1.2 0.207895 0
-0.6 0.207895 0
0 0.207895 0
0.6 0.207895 0
1.2 0.207895 0
1.8 0.207895 0
2.4 0.207895 0
3 0.207895 0
3.6 0.207895 0
4.2 0.207895 0
4.8 0.207895 0
5.4 0.207895 0
6 0.207895 0
6.6 0.207895 0
7.2 0.207895 0
7.8 0.207895 0
8.4 0.207895 0
9 0.207895 0
9.6 0.207895 0
10.2 0.207895 0
10.8 0.207895 0
11.4 0.207895 0
12 0.207895 0
12.6 0.207895 0
13.2 0.207895 0
13.8 0.207895 0
14.4 0.207895 0
15 0.207895 0
15.6 0.207895 0
16.2 0.207895 0
16.8 0.207895 0
17.4 0.207895 0
18 0.207895 0
18.6 0.207895 0
19.2 0.207895 0
19.8 0.207895 0
20.4 0.207895 0
21 0.207895 0
21.6 0.207895 0
22.2 0.207895 0
22.8 0.207895 0
23.4 0.207895 0
24 0.207895 0
24.6 0.207895 0
25.2 0.207895 0
25.8 0.207895 0
26.4 0.207895 0
27 0.207895 0
27.6 0.207895 0
28.2 0.207895 0
28.8 0.207895 0
29.4 0.207895 0
30 0.207895 0
-30 0.260526 0
-29.4 0.260526 0
-28.8 0.260526 0
-28.2 0.260526 0
-27.6 0.260526 0
-27 0.260526 0
-26.4 0.260526 0
-25.8 0.260526 0
-25.2 0.260526 0
-24.6 0.260526 0
-24 0.260526 0
-23.4 0.260526 0
-22.8 0.260526 0
-22.2 0.260526 0
-21.6 0.260526 0
-21 0.260526 0
-20.4 0.260526 0
-19.8 0.260526 0
-19.2 0.260526 0
-18.6 0.260526 0
-18 0.260526 0
-17.4 0.260526 0
-16.8 0.260526 0
-16.2 0.260526 0
-15.6 0.260526 0
-15 0.260526 0
-14.4 0.260526 0
-13.8 0.260526 0
-13.2 0.260526 0
-12.6 0.260526 0
-12 0.260526 0
-11.4 0.260526 0
-10.8 0.260526 0
-10.2 0.260526 0
-9.6 0.260526 0
-9 0.260526 0
-8.4 0.260526 0
-7.8 0.260526 0
-7.2 0.260526 0
-6.6 0.260526 0
-6 0.260526 0
-5.4 0.260526 0
-4.8 0.260526 0
-4.2 0.260526 0
-3.6 0.260526 0
-3 0.260526 0
-2.4 0.260526 0
-1.8 0.260526 0
-1.2 0.260526 0
-0.6 0.260526 0
0 0.260526 0
0.6 0.260526 0
1.2 0.260526 0
1.8 0.260526 0
2.4 0.260526 0
3 0.260526 0
3.6 0.260526 0
4.2 0.260526 0
4.8 0.260526 0
5.4 0.260526 0
6 0.260526 0
6.6 0.260526 0
7.2 0.260526 0
7.8 0.260526 0
8.4 0.260526 0
9 0.260526 0
9.6 0.260526 0
10.2 0.260526 0
10.8 0.260526 0
11.4 0.260526 0
12 0.260526 0
12.6 0.260526 0
13.2 0.260526 0
13.8 0.260526 0
14.4 0.260526 0
15 0.260526 0
15.6 0.260526 0
16.2 0.260526 0
16.8 0.260526 0
17.4 0.260526 0
18 0.260526 0
18.6 0.260526 0
19.2 0.260526 0
19.8 0.260526 0
20.4 0.260526 0
21 0.260526 0
21.6 0.260526 0
22.2 0.260526 0
22.8 0.260526 0
23.4 0.260526 0
24 0.260526 0
24.6 0.260526 0
25.2 0.260526 0
25.8 0.260526 0
26.4 0.260526 0
27 0.260526 0
27.6 0.260526 0
28.2 0.260526 0
28.8 0.260526 0
29.4 0.260526 0
30 0.260526 0
-30 0.313158 0
-29.4 0.313158 0
-28.8 0.313158 0
-28.2 0.313158 0
-27.6 0.313158 0
-27 0.313158 0
-26.4 0.313158 0
-25.8 0.313158 0
-25.2 0.313158 0
-24.6 0.313158 0
-24 0.313158 0
-23.4 0.313158 0
-22.8 0.313158 0
-22.2 0.313158 0
-21.6 0.313158 0
-21 0.313158 0
-20.4 0.313158 0
-19.8 0.313158 0
-19.2 0.313158 0
-18.6 0.313158 0
-18 0.313158 0
-17.4 0.313158 0
-16.8 0.313158 0
-16.2 0.313158 0
-15.6 0.313158 0
-15 0.313158 0
-14.4 0.313158 0
-13.8 0.313158 0
-13.2 0.313158 0
-12.6 0.313158 0
-12 0.313158 0
-11.4 0.313158 0
-10.8 0.313158 0
-10.2 0.313158 0
-9.6 0.313158 0
-9 0.313158 0
-8.4 0.313158 0
-7.8 0.313158 0
-7.2 0.313158 0
-6.6 0.313158 0
-6 0.313158 0
-5.4 0.313158 0
-4.8 0.313158 0
-4.2 0.313158 0
-3.6 0.313158 0
-3 0.313158 0
-2.4 0.313158 0
-1.8 0.313158 0
-1.2 0.313158 0
-0.6 0.313158 0
0 0.313158 0
0.6 0.313158 0
1.2 0.313158 0
1.8 0.313158 0
2.4 0.313158 0
3 0.313158 0
3.6 0.313158 0
4.2 0.313158 0
4.8 0.313158 0
5.4 0.313158 0
6 0.313158 0
6.6 0.313158 0
7.2 0.313158 0
7.8 0.313158 0
8.4 0.313158 0
9 0.313158 0
9.6 0.313158 0
10.2 0.313158 0
10.8 0.313158 0
11.4 0.313158 0
12 0.313158 0
12.6 0.313158 0
13.2 0.313158 0
13.8 0.313158 0
14.4 0.313158 0
15 0.313158 0
15.6 0.313158 0
16.2 0.313158 0
16.8 0.313158 0
17.4 0.313158 0
18 0.313158 0
18.6 0.313158 0
19.2 0.313158 0
19.8 0.313158 0
20.4 0.313158 0
21 0.313158 0
21.6 0.313158 0
22.2 0.313158 0
22.8 0.313158 0
23.4 0.313158 0
24 0.313158 0
24.6 0.313158 0
25.2 0.313158 0
25.8 0.313158 0
26.4 0.313158 0
27 0.313158 0
27.6 0.313158 0
28.2 0.313158 0
28.8 0.313158 0
29.4 0.313158 0
30 0.313158 0
-30 0.365789 0
-29.4 0.365789 0
-28.8 0.365789 0
-28.2 0.365789 0
-27.6 0.365789 0
-27 0.365789 0
-26.4 0.365789 0
-25.8 0.365789 0
-25.2 0.365789 0
-24.6 0.365789 0
-24 0.365789 0
-23.4 0.365789 0
-22.8 0.365789 0
-22.2 0.365789 0
-21.6 0.365789 0
-21 0.365789 0
-20.4 0.365789 0
-19.8 0.365789 0
-19.2 0.365789 0
-18.6 0.365789 0
-18 0.365789 0
-17.4 0.365789 0
-16.8 0.365789 0
-16.2 0.365789 0
-15.6 0.365789 0
-15 0.365789 0
-14.4 0.365789 0
-13.8 0.365789 0
-13.2 0.365789 0
-12.6 0.365789 0
-12 0.365789 0
-11.4 0.365789 0
-10.8 0.365789 0
-10.2 0.365789 0
-9.6 0.365789 0
-9 0.365789 0
-8.4 0.365789 0
-7.8 0.365789 0
-7.2 0.365789 0
-6.6 0.365789 0
-6 0.365789 0
-5.4 0.365789 0
-4.8 0.365789 0
-4.2 0.365789 0
-3.6 0.365789 0
-3 0.365789 0
-2.4 0.365789 0
-1.8 0.365789 0
-1.2 0.365789 0
-0.6 0.365789 0
0 0.365789 0
0.6 0.365789 0
1.2 0.365789 0
1.8 0.365789 0
2.4 0.365789 0
3 0.365789 0
3.6 0.365789 0
4.2 0.365789 0
4.8 0.365789 0
5.4 0.365789 0
6 0.365789 0
6.6 0.365789 0
7.2 0.365789 0
7.8 0.365789 0
8.4 0.365789 0
9 0.365789 0
9.6 0.365789 0
10.2 0.365789 0
10.8 0.365789 0
11.4 0.365789 0
12 0.365789 0
12.6 0.365789 0
13.2 0.365789 0
13.8 0.365789 0
14.4 0.365789 0
15 0.365789 0
15.6 0.365789 0
16.2 0.365789 0
16.8 0.365789 0
17.4 0.365789 0
18 0.365789 0
18.6 0.365789 0
19.2 0.365789 0
19.8 0.365789 0
20.4 0.365789 0
21 0.365789 0
21.6 0.365789 0
22.2 0.365789 0
22.8 0.365789 0
23.4 0.365789 0
24 0.365789 0
24.6 0.365789 0
25.2 0.365789 0
25.8 0.365789 0
26.4 0.365789 0
27 0.365789 0
27.6 0.365789 0
28.2 0.365789 0
28.8 0.365789 0
29.4 0.365789 0
30 0.365789 0
-30 0.418421 0
-29.4 0.418421 0
-28.8 0.418421 0
-28.2 0.418421 0
-27.6 0.418421 0
-27 0.418421 0
-26.4 0.418421 0
-25.8 0.418421 0
-25.2 0.418421 0
-24.6 0.418421 0
-24 0.418421 0
-23.4 0.418421 0
-22.8 0.418421 0
-22.2 0.418421 0
-21.6 0.418421 0
-21 0.418421 0
-20.4 0.418421 0
-19.8 0.418421 0
-19.2 0.418421 0
-18.6 0.418421 0
-18 0.418421 0
-17.4 0.418421 0
-16.8 0.418421 0
-16.2 0.418421 0
-15.6 0.418421 0
-15 0.418421 0
-14.4 0.418421 0
-13.8 0.418421 0
-13.2 0.418421 0
-12.6 0.418421 0
-12 0.418421 0
-11.4 0.418421 0
-10.8 0.418421 0
-10.2 0.418421 0
-9.6 0.418421 0
-9 0.418421 0
-8.4 0.418421 0
-7.8 0.418421 0
-7.2 0.418421 0
-6.6 0.418421 0
-6 0.418421 0
-5.4 0.418421 0
-4.8 0.418421 0
-4.2 0.418421 0
-3.6 0.418421 0
-3 0.418421 0
-2.4 0.418421 0
-1.8 0.418421 0
-1.2 0.418421 0
-0.6 0.418421 0
0 0.418421 0
0.6 0.418421 0
1.2 0.418421 0
1.8 0.418421 0
2.4 0.418421 0
3 0.418421 0
3.6 0.418421 0
4.2 0.418421 0
4.8 0.418421 0
5.4 0.418421 0
6 0.418421 0
6.6 0.418421 0
7.2 0.418421 0
7.8 0.418421 0
8.4 0.418421 0
9 0.418421 0
9.6 0.418421 0
10.2 0.418421 0
10.8 0.418421 0
11.4 0.418421 0
12 0.418421 0
12.6 0.418421 0
13.2 0.418421 0
13.8 0.418421 0
14.4 0.418421 0
15 0.418421 0
15.6 0.418421 0
16.2 0.418421 0
16.8 0.418421 0
17.4 0.418421 0
18 0.418421 0
18.6 0.418421 0
19.2 0.418421 0
19.8 0.418421 0
20.4 0.418421 0
21 0.418421 0
21.6 0.418421 0
22.2 0.418421 0
22.8 0.418421 0
23.4 0.418421 0
24 0.418421 0
24.6 0.418421 0
25.2 0.418421 0
25.8 0.418421 0
26.4 0.418421 0
27 0.418421 0
27.6 0.418421 0
28.2 0.418421 0
28.8 0.418421 0
29.4 0.418421 0
30 0.418421 0
-30 0.471053 0
-29.4 0.471053 0
-28.8 0.471053 0
-28.2 0.471053 0
-27.6 0.471053 0
-27 0.471053 0
-26.4 0.471053 0
-25.8 0.471053 0
-25.2 0.471053 0
-24.6 0.471053 0
-24 0.471053 0
-23.4 0.471053 0
-22.8 0.471053 0
-22.2 0.471053 0
-21.6 0.471053 0
-21 0.471053 0
-20.4 0.471053 0
-19.8 0.471053 0
-19.2 0.471053 0
-18.6 0.471053 0
-18 0.471053 0
-17.4 0.471053 0
-16.8 0.471053 0
-16.2 0.471053 0
-15.6 0.471053 0
-15 0.471053 0
-14.4 0.471053 0
-13.8 0.471053 0
-13.2 0.471053 0
-12.6 0.471053 0
-12 0.471053 0
-11.4 0.471053 0
-10.8 0.471053 0
-10.2 0.471053 0
-9.6 0.471053 0
-9 0.471053 0
-8.4 0.471053 0
-7.8 0.471053 0
-7.2 0.471053 0
-6.6 0.471053 0
-6 0.471053 0
-5.4 0.471053 0
-4.8 0.471053 0
-4.2 0.471053 0
-3.6 0.471053 0
-3 0.471053 0
-2.4 0.471053 0
-1.8 0.471053 0
-1.2 0.471053 0
-0.6 0.471053 0
0 0.471053 0
0.6 0.471053 0
1.2 0.471053 0
1.8 0.471053 0
2.4 0.471053 0
3 0.471053 0
3.6 0.471053 0
4.2 0.471053 0
4.8 0.471053 0
5.4 0.471053 0
6 0.471053 0
6.6 0.471053 0
7.2 0.471053 0
7.8 0.471053 0
8.4 0.471053 0
9 0.471053 0
9.6 0.471053 0
10.2 0.471053 0
10.8 0.471053 0
11.4 0.471053 0
12 0.471053 0
12.6 0.471053 0
13.2 0.471053 0
13.8 0.471053 0
14.4 0.471053 0
15 0.471053 0
15.6 0.471053 0
16.2 0.471053 0
16.8 0.471053 0
17.4 0.471053 0
18 0.471053 0
18.6 0.471053 0
19.2 0.471053 0
19.8 0.471053 0
20.4 0.471053 0
21 0.471053 0
21.6 0.471053 0
22.2 0.471053 0
22.8 0.471053 0
23.4 0.471053 0
24 0.471053 0
24.6 0.471053 0
25.2 0.471053 0
25.8 0.471053 0
26.4 0.471053 0
27 0.471053 0
27.6 0.471053 0
28.2 0.471053 0
28.8 0.471053 0
29.4 0.471053 0
30 0.471053 0
-30 0.523684 0
-29.4 0.523684 0
-28.8 0.523684 0
-28.2 0.523684 0
-27.6 0.523684 0
-27 0.523684 0
-26.4 0.523684 0
-25.8 0.523684 0
-25.2 0.523684 0
-24.6 0.523684 0
-24 0.523684 0
-23.4 0.523684 0
-22.8 0.523684 0
-22.2 0.523684 0
-21.6 0.523684 0
-21 0.523684 0
-20.4 0.523684 0
-19.8 0.523684 0
-19.2 0.523684 0
-18.6 0.523684 0
-18 0.523684 0
-17.4 0.523684 0
-16.8 0.523684 0
-16.2 0.523684 0
-15.6 0.523684 0
-15 0.523684 0
-14.4 0.523684 0
-13.8 0.523684 0
-13.2 0.523684 0
-12.6 0.523684 0
-12 0.523684 0
-11.4 0.523684 0
-10.8 0.523684 0
-10.2 0.523684 0
-9.6 0.523684 0
-9 0.523684 0
-8.4 0.523684 0
-7.8 0.523684 0
-7.2 0.523684 0
-6.6 0.523684 0
-6 0.523684 0
-5.4 0.523684 0
-4.8 0.523684 0
-4.2 0.523684 0
-3.6 0.523684 0
-3 0.523684 0
-2.4 0.523684 0
-1.8 0.523684 0
-1.2 0.523684 0
-0.6 0.523684 0
0 0.523684 0
0.6 0.523684 0
1.2 0.523684 0
1.8 0.523684 0
2.4 0.523684 0
3 0.523684 0
3.6 0.523684 0
4.2 0.523684 0
4.8 0.523684 0
5.4 0.523684 0
6 0.523684 0
6.6 0.523684 0
7.2 0.523684 0
7.8 0.523684 0
8.4 0.523684 0
9 0.523684 0
9.6 0.523684 0
10.2 0.523684 0
10.8 0.523684 0
11.4 0.523684 0
12 0.523684 0
12.6 0.523684 0
13.2 0.523684 0
13.8 0.523684 0
14.4 0.523684 0
15 0.523684 0
15.6 0.523684 0
16.2 0.523684 0
16.8 0.523684 0
17.4 0.523684 0
18 0.523684 0
18.6 0.523684 0
19.2 0.523684 0
19.8 0.523684 0
20.4 0.523684 0
21 0.523684 0
21.6 0.523684 0
22.2 0.523684 0
22.8 0.523684 0
23.4 0.523684 0
24 0.523684 0
24.6 0.523684 0
25.2 0.523684 0
25.8 0.523684 0
26.4 0.523684 0
27 0.523684 0
27.6 0.523684 0
28.2 0.523684 0
28.8 0.523684 0
29.4 0.523684 0
30 0.523684 0
-30 0.576316 0
-29.4 0.576316 0
-28.8 0.576316 0
-28.2 0.576316 0
-27.6 0.576316 0
-27 0.576316 0
-26.4 0.576316 0
-25.8 0.576316 0
-25.2 0.576316 0
-24.6 0.576316 0
-24 0.576316 0
-23.4 0.576316 0
-22.8 0.576316 0
-22.2 0.576316 0
-21.6 0.576316 0
-21 0.576316 0
-20.4 0.576316 0
-19.8 0.576316 0
-19.2 0.576316 0
-18.6 0.576316 0
-18 0.576316 0
-17.4 0.576316 0
-16.8 0.576316 0
-16.2 0.576316 0
-15.6 0.576316 0
-15 0.576316 0
-14.4 0.576316 0
-13.8 0.576316 0
-13.2 0.576316 0
-12.6 0.576316 0
-12 0.576316 0
-11.4 0.576316 0
-10.8 0.576316 0
-10.2 0.576316 0
-9.6 0.576316 0
-9 0.576316 0
-8.4 0.576316 0
-7.8 0.576316 0
-7.2 0.576316 0
-6.6 0.576316 0
-6 0.576316 0
-5.4 0.576316 0
-4.8 0.576316 0
-4.2 0.576316 0
-3.6 0.576316 0
-3 0.576316 0
-2.4 0.576316 0
-1.8 0.576316 0
-1.2 0.576316 0
-0.6 0.576316 0
0 0.576316 0
0.6 0.576316 0
1.2 0.576316 0
1.8 0.576316 0
2.4 0.576316 0
3 0.576316 0
3.6 0.576316 0
4.2 0.576316 0
4.8 0.576316 0
5.4 0.576316 0
6 0.576316 0
6.6 0.576316 0
7.2 0.576316 0
7.8 0.576316 0
8.4 0.576316 0
9 0.576316 0
9.6 0.576316 0
10.2 0.576316 0
10.8 0.576316 0
11.4 0.576316 0
12 0.576316 0
12.6 0.576316 0
13.2 0.576316 0
13.8 0.576316 0
14.4 0.576316 0
15 0.576316 0
15.6 0.576316 0
16.2 0.576316 0
16.8 0.576316 0
17.4 0.576316 0
18 0.576316 0
18.6 0.576316 0
19.2 0.576316 0
19.8 0.576316 0
20.4 0.576316 0
21 0.576316 0
21.6 0.576316 0
22.2 0.576316 0
22.8 0.576316 0
23.4 0.576316 0
24 0.576316 0
24.6 0.576316 0
25.2 0.576316 0
25.8 0.576316 0
26.4 0.576316 0
27 0.576316 0
27.6 0.576316 0
28.2 0.576316 0
28.8 0.576316 0
29.4 0.576316 0
30 0.576316 0
-30 0.628947 0
-29.4 0.628947 0
-28.8 0.628947 0
-28.2 0.628947 0
-27.6 0.628947 0
-27 0.628947 0
-26.4 0.628947 0
-25.8 0.628947 0
-25.2 0.628947 0
-24.6 0.628947 0
-24 0.628947 0
-23.4 0.628947 0
-22.8 0.628947 0
-22.2 0.628947 0
-21.6 0.628947 0
-21 0.628947 0
-20.4 0.628947 0
-19.8 0.628947 0
-19.2 0.628947 0
-18.6 0.628947 0
-18 0.628947 0
-17.4 0.628947 0
-16.8 0.628947 0
-16.2 0.628947 0
-15.6 0.628947 0
-15 0.628947 0
-14.4 0.628947 0
-13.8 0.628947 0
-13.2 0.628947 0
-12.6 0.628947 0
-12 0.628947 0
-11.4 0.628947 0
-10.8 0.628947 0
-10.2 0.628947 0
-9.6 0.628947 0
-9 0.628947 0
-8.4 0.628947 0
-7.8 0.628947 0
-7.2 0.628947 0
-6.6 0.628947 0
-6 0.628947 0
-5.4 0.628947 0
-4.8 0.628947 0
-4.2 0.628947 0
-3.6 0.628947 0
-3 0.628947 0
-2.4 0.628947 0
-1.8 0.628947 0
-1.2 0.628947 0
-0.6 0.628947 0
0 0.628947 0
0.6 0.628947 0
1.2 0.628947 0
1.8 0.628947 0
2.4 0.628947 0
3 0.628947 0
3.6 0.628947 0
4.2 0.628947 0
4.8 0.628947 0
5.4 0.628947 0
6 0.628947 0
6.6 0.628947 0
7.2 0.628947 0
7.8 0.628947 0
8.4 0.628947 0
9 0.628947 0
9.6 0.628947 0
10.2 0.628947 0
10.8 0.628947 0
11.4 0.628947 0
12 0.628947 0
12.6 0.628947 0
13.2 0.628947 0
13.8 0.628947 0
14.4 0.628947 0
15 0.628947 0
15.6 0.628947 0
16.2 0.628947 0
16.8 0.628947 0
17.4 0.628947 0
18 0.628947 0
18.6 0.628947 0
19.2 0.628947 0
19.8 0.628947 0
20.4 0.628947 0
21 0.628947 0
21.6 0.628947 0
22.2 0.628947 0
22.8 0.628947 0
23.4 0.628947 0
24 0.628947 0
24.6 0.628947 0
25.2 0.628947 0
25.8 0.628947 0
26.4 0.628947 0
27 0.628947 0
27.6 0.628947 0
28.2 0.628947 0
28.8 0.628947 0
29.4 0.628947 0
30 0.628947 0
-30 0.681579 0
-29.4 0.681579 0
-28.8 0.681579 0
-28.2 0.681579 0
-27.6 0.681579 0
-27 0.681579 0
-26.4 0.681579 0
-25.8 0.681579 0
-25.2 0.681579 0
-24.6 0.681579 0
-24 0.681579 0
-23.4 0.681579 0
-22.8 0.681579 0
-22.2 0.681579 0
-21.6 0.681579 0
-21 0.681579 0
-20.4 0.681579 0
-19.8 0.681579 0
-19.2 0.681579 0
-18.6 0.681579 0
-18 0.681579 0
-17.4 0.681579 0
-16.8 0.681579 0
-16.2 0.681579 0
-15.6 0.681579 0
-15 0.681579 0
-14.4 0.681579 0
-13.8 0.681579 0
-13.2 0.681579 0
-12.6 0.681579 0
-12 0.681579 0
-11.4 0.681579 0
-10.8 0.681579 0
-10.2 0.681579 0
-9.6 0.681579 0
-9 0.681579 0
-8.4 0.681579 0
-7.8 0.681579 0
-7.2 0.681579 0
-6.6 0.681579 0
-6 0.681579 0
-5.4 0.681579 0
-4.8 0.681579 0
-4.2 0.681579 0
-3.6 0.681579 0
-3 0.681579 0
-2.4 0.681579 0
-1.8 0.681579 0
-1.2 0.681579 0
-0.6 0.681579 0
0 0.681579 0
0.6 0.681579 0
1.2 0.681579 0
1.8 0.681579 0
2.4 0.681579 0
3 0.681579 0
3.6 0.681579 0
4.2 0.681579 0
4.8 0.681579 0
5.4 0.681579 0
6 0.681579 0
6.6 0.681579 0
7.2 0.681579 0
7.8 0.681579 0
8.4 0.681579 0
9 0.681579 0
9.6 0.681579 0
10.2 0.681579 0
10.8 0.681579 0
11.4 0.681579 0
12 0.681579 0
12.6 0.681579 0
13.2 0.681579 0
13.8 0.681579 0
14.4 0.681579 0
15 0.681579 0
15.6 0.681579 0
16.2 0.681579 0
16.8 0.681579 0
17.4 0.681579 0
18 0.681579 0
18.6 0.681579 0
19.2 0.681579 0
19.8 0.681579 0
20.4 0.681579 0
21 0.681579 0
21.6 0.681579 0
22.2 0.681579 0
22.8 0.681579 0
23.4 0.681579 0
24 0.681579 0
24.6 0.681579 0
25.2 0.681579 0
25.8 0.681579 0
26.4 0.681579 0
27 0.681579 0
27.6 0.681579 0
28.2 0.681579 0
28.8 0.681579 0
29.4 0.681579 0
30 0.681579 0
-30 0.734211 0
-29.4 0.734211 0
-28.8 0.734211 0
-28.2 0.734211 0
-27.6 0.734211 0
-27 0.734211 0
-26.4 0.734211 0
-25.8 0.734211 0
-25.2 0.734211 0
-24.6 0.734211 0
-24 0.734211 0
-23.4 0.734211 0
-22.8 0.734211 0
-22.2 0.734211 0
-21.6 0.734211 0
-21 0.734211 0
-20.4 0.734211 0
-19.8 0.734211 0
-19.2 0.734211 0
-18.6 0.734211 0
-18 0.734211 0
-17.4 0.734211 0
-16.8 0.734211 0
-16.2 0.734211 0
-15.6 0.734211 0
-15 0.734211 0
-14.4 0.734211 0
-13.8 0.734211 0
-13.2 0.734211 0
-12.6 0.734211 0
-12 0.734211 0
-11.4 0.734211 0
-10.8 0.734211 0
-10.2 0.734211 0
-9.6 0.734211 0
-9 0.734211 0
-8.4 0.734211 0
-7.8 0.734211 0
-7.2 0.734211 0
-6.6 0.734211 0
-6 0.734211 0
-5.4 0.734211 0
-4.8 0.734211 0
-4.2 0.734211 0
-3.6 0.734211 0
-3 0.734211 0
-2.4 0.734211 0
-1.8 0.734211 0
-1.2 0.734211 0
-0.6 0.734211 0
0 0.734211 0
0.6 0.734211 0
1.2 0.734211 0
1.8 0.734211 0
2.4 0.734211 0
3 0.734211 0
3.6 0.734211 0
4.2 0.734211 0
4.8 0.734211 0
5.4 0.734211 0
6 0.734211 0
6.6 0.734211 0
7.2 0.734211 0
7.8 0.734211 0
8.4 0.734211 0
9 0.734211 0
9.6 0.734211 0
10.2 0.734211 0
10.8 0.734211 0
11.4 0.734211 0
12 0.734211 0
12.6 0.734211 0
13.2 0.734211 0
13.8 0.734211 0
14.4 0.734211 0
15 0.734211 0
15.6 0.734211 0
16.2 0.734211 0
16.8 0.734211 0
17.4 0.734211 0
18 0.734211 0
18.6 0.734211 0
19.2 0.734211 0
19.8 0.734211 0
20.4 0.734211 0
21 0.734211 0
21.6 0.734211 0
22.2 0.734211 0
22.8 0.734211 0
23.4 0.734211 0
24 0.734211 0
24.6 0.734211 0
25.2 0.734211 0
25.8 0.734211 0
26.4 0.734211 0
27 0.734211 0
27.6 0.734211 0
28.2 0.734211 0
28.8 0.734211 0
29.4 0.734211 0
30 0.734211 0
-30 0.786842 0
-29.4 0.786842 0
-28.8 0.786842 0
-28.2 0.786842 0
-27.6 0.786842 0
-27 0.786842 0
-26.4 0.786842 0
-25.8 0.786842 0
-25.2 0.786842 0
-24.6 0.786842 0
-24 0.786842 0
-23.4 0.786842 0
-22.8 0.786842 0
-22.2 0.786842 0
-21.6 0.786842 0
-21 0.786842 0
-20.4 0.786842 0
-19.8 0.786842 0
-19.2 0.786842 0
-18.6 0.786842 0
-18 0.786842 0
-17.4 0.786842 0
-16.8 0.786842 0
-16.2 0.786842 0
-15.6 0.786842 0
-15 0.786842 0
-14.4 0.786842 0
-13.8 0.786842 0
-13.2 0.786842 0
-12.6 0.786842 0
-12 0.786842 0
-11.4 0.786842 0
-10.8 0.786842 0
-10.2 0.786842 0
-9.6 0.786842 0
-9 0.786842 0
-8.4 0.786842 0
-7.8 0.786842 0
-7.2 0.786842 0
-6.6 0.786842 0
-6 0.786842 0
-5.4 0.786842 0
-4.8 0.786842 0
-4.2 0.786842 0
-3.6 0.786842 0
-3 0.786842 0
-2.4 0.786842 0
-1.8 0.786842 0
-1.2 0.786842 0
-0.6 0.786842 0
0 0.786842 0
0.6 0.786842 0
1.2 0.786842 0
1.8 0.786842 0
2.4 0.786842 0
3 0.786842 0
3.6 0.786842 0
4.2 0.786842 0
4.8 0.786842 0
5.4 0.786842 0
6 0.786842 0
6.6 0.786842 0
7.2 0.786842 0
7.8 0.786842 0
8.4 0.786842 0
9 0.786842 0
9.6 0.786842 0
10.2 0.786842 0
10.8 0.786842 0
11.4 0.786842 0
12 0.786842 0
12.6 0.786842 0
13.2 0.786842 0
13.8 0.786842 0
14.4 0.786842 0
15 0.786842 0
15.6 0.786842 0
16.2 0.786842 0
16.8 0.786842 0
17.4 0.786842 0
18 0.786842 0
18.6 0.786842 0
19.2 0.786842 0
19.8 0.786842 0
20.4 0.786842 0
21 0.786842 0
21.6 0.786842 0
22.2 0.786842 0
22.8 0.786842 0
23.4 0.786842 0
24 0.786842 0
24.6 0.786842 0
25.2 0.786842 0
25.8 0.786842 0
26.4 0.786842 0
27 0.786842 0
27.6 0.786842 0
28.2 0.786842 0
28.8 0.786842 0
29.4 0.786842 0
30 0.786842 0
-30 0.839474 0
-29.4 0.839474 0
-28.8 0.839474 0
-28.2 0.839474 0
-27.6 0.839474 0
-27 0.839474 0
-26.4 0.839474 0
-25.8 0.839474 0
-25.2 0.839474 0
-24.6 0.839474 0
-24 0.839474 0
-23.4 0.839474 0
-22.8 0.839474 0
-22.2 0.839474 0
-21.6 0.839474 0
-21 0.839474 0
-20.4 0.839474 0
-19.8 0.839474 0
-19.2 0.839474 0
-18.6 0.839474 0
-18 0.839474 0
-17.4 0.839474 0
-16.8 0.839474 0
-16.2 0.839474 0
-15.6 0.839474 0
-15 0.839474 0
-14.4 0.839474 0
-13.8 0.839474 0
-13.2 0.839474 0
-12.6 0.839474 0
-12 0.839474 0
-11.4 0.839474 0
-10.8 0.839474 0
-10.2 0.839474 0
-9.6 0.839474 0
-9 0.839474 0
-8.4 0.839474 0
-7.8 0.839474 0
-7.2 0.839474 0
-6.6 0.839474 0
-6 0.839474 0
-5.4 0.839474 0
-4.8 0.839474 0
-4.2 0.839474 0
-3.6 0.839474 0
-3 0.839474 0
-2.4 0.839474 0
-1.8 0.839474 0
-1.2 0.839474 0
-0.6 0.839474 0
0 0.839474 0
0.6 0.839474 0
1.2 0.839474 0
1.8 0.839474 0
2.4 0.839474 0
3 0.839474 0
3.6 0.839474 0
4.2 0.839474 0
4.8 0.839474 0
5.4 0.839474 0
6 0.839474 0
6.6 0.839474 0
7.2 0.839474 0
7.8 0.839474 0
8.4 0.839474 0
9 0.839474 0
9.6 0.839474 0
10.2 0.839474 0
10.8 0.839474 0
11.4 0.839474 0
12 0.839474 0
12.6 0.839474 0
13.2 0.839474 0
13.8 0.839474 0
14.4 0.839474 0
15 0.839474 0
15.6 0.839474 0
16.2 0.839474 0
16.8 0.839474 0
17.4 0.839474 0
18 0.839474 0
18.6 0.839474 0
19.2 0.839474 0
19.8 0.839474 0
20.4 0.839474 0
21 0.839474 0
21.6 0.839474 0
22.2 0.839474 0
22.8 0.839474 0
23.4 0.839474 0
24 0.839474 0
24.6 0.839474 0
25.2 0.839474 0
25.8 0.839474 0
26.4 0.839474 0
27 0.839474 0
27.6 0.839474 0
28.2 0.839474 0
28.8 0.839474 0
29.4 0.839474 0
30 0.839474 0
-30 0.892105 0
-29.4 0.892105 0
-28.8 0.892105 0
-28.2 0.892105 0
-27.6 0.892105 0
-27 0.892105 0
-26.4 0.892105 0
-25.8 0.892105 0
-25.2 0.892105 0
-24.6 0.892105 0
-24 0.892105 0
-23.4 0.892105 0
-22.8 0.892105 0
-22.2 0.892105 0
-21.6 0.892105 0
-21 0.892105 0
-20.4 0.892105 0
-19.8 0.892105 0
-19.2 0.892105 0
-18.6 0.892105 0
-18 0.892105 0
-17.4 0.892105 0
-16.8 0.892105 0
-16.2 0.892105 0
-15.6 0.892105 0
-15 0.892105 0
-14.4 0.892105 0
-13.8 0.892105 0
-13.2 0.892105 0
-12.6 0.892105 0
-12 0.892105 0
-11.4 0.892105 0
-10.8 0.892105 0
-10.2 0.892105 0
-9.6 0.892105 0
-9 0.892105 0
-8.4 0.892105 0
-7.8 0.892105 0
-7.2 0.892105 0
-6.6 0.892105 0
-6 0.892105 0
-5.4 0.892105 0
-4.8 0.892105 0
-4.2 0.892105 0
-3.6 0.892105 0
-3 0.892105 0
-2.4 0.892105 0
-1.8 0.892105 0
-1.2 0.892105 0
-0.6 0.892105 0
0 0.892105 0
0.6 0.892105 0
1.2 0.892105 0
1.8 0.892105 0
2.4 0.892105 0
3 0.892105 0
3.6 0.892105 0
4.2 0.892105 0
4.8 0.892105 0
5.4 0.892105 0
6 0.892105 0
6.6 0.892105 0
7.2 0.892105 0
7.8 0.892105 0
8.4 0.892105 0
9 0.892105 0
9.6 0.892105 0
10.2 0.892105 0
10.8 0.892105 0
11.4 0.892105 0
12 0.892105 0
12.6 0.892105 0
13.2 0.892105 0
13.8 0.892105 0
14.4 0.892105 0
15 0.892105 0
15.6 0.892105 0
16.2 0.892105 0
16.8 0.892105 0
17.4 0.892105 0
18 0.892105 0
18.6 0.892105 0
19.2 0.892105 0
19.8 0.892105 0
20.4 0.892105 0
21 0.892105 0
21.6 0.892105 0
22.2 0.892105 0
22.8 0.892105 0
23.4 0.892105 0
24 0.892105 0
24.6 0.892105 0
25.2 0.892105 0
25.8 0.892105 0
26.4 0.892105 0
27 0.892105 0
27.6 0.892105 0
28.2 0.892105 0
28.8 0.892105 0
29.4 0.892105 0
30 0.892105 0
-30 0.944737 0
-29.4 0.944737 0
-28.8 0.944737 0
-28.2 0.944737 0
-27.6 0.944737 0
-27 0.944737 0
-26.4 0.944737 0
-25.8 0.944737 0
-25.2 0.944737 0
-24.6 0.944737 0
-24 0.944737 0
-23.4 0.944737 0
-22.8 0.944737 0
-22.2 0.944737 0
-21.6 0.944737 0
-21 0.944737 0
-20.4 0.944737 0
-19.8 0.944737 0
-19.2 0.944737 0
-18.6 0.944737 0
-18 0.944737 0
-17.4 0.944737 0
-16.8 0.944737 0
-16.2 0.944737 0
-15.6 0.944737 0
-15 0.944737 0
-14.4 0.944737 0
-13.8 0.944737 0
-13.2 0.944737 0
-12.6 0.944737 0
-12 0.944737 0
-11.4 0.944737 0
-10.8 0.944737 0
-10.2 0.944737 0
-9.6 0.944737 0
-9 0.944737 0
-8.4 0.944737 0
-7.8 0.944737 0
-7.2 0.944737 0
-6.6 0.944737 0
-6 0.944737 0
-5.4 0.944737 0
-4.8 0.944737 0
-4.2 0.944737 0
-3.6 0.944737 0
-3 0.944737 0
-2.4 0.944737 0
-1.8 0.944737 0
-1.2 0.944737 0
-0.6 0.944737 0
0 0.944737 0
0.6 0.944737 0
1.2 0.944737 0
1.8 0.944737 0
2.4 0.944737 0
3 0.944737 0
3.6 0.944737 0
4.2 0.944737 0
4.8 0.944737 0
5.4 0.944737 0
6 0.944737 0
6.6 0.944737 0
7.2 0.944737 0
7.8 0.944737 0
8.4 0.944737 0
9 0.944737 0
9.6 0.944737 0
10.2 0.944737 0
10.8 0.944737 0
11.4 0.944737 0
12 0.944737 0
12.6 0.944737 0
13.2 0.944737 0
13.8 0.944737 0
14.4 0.944737 0
15 0.944737 0
15.6 0.944737 0
16.2 0.944737 0
16.8 0.944737 0
17.4 0.944737 0
18 0.944737 0
18.6 0.944737 0
19.2 0.944737 0
19.8 0.944737 0
20.4 0.944737 0
21 0.944737 0
21.6 0.944737 0
22.2 0.944737 0
22.8 0.944737 0
23.4 0.944737 0
24 0.944737 0
24.6 0.944737 0
25.2 0.944737 0
25.8 0.944737 0
26.4 0.944737 0
27 0.944737 0
27.6 0.944737 0
28.2 0.944737 0
28.8 0.944737 0
29.4 0.944737 0
30 0.944737 0
-30 0.997368 0
-29.4 0.997368 0
-28.8 0.997368 0
-28.2 0.997368 0
-27.6 0.997368 0
-27 0.997368 0
-26.4 0.997368 0
-25.8 0.997368 0
-25.2 0.997368 0
-24.6 0.997368 0
-24 0.997368 0
-23.4 0.997368 0
-22.8 0.997368 0
-22.2 0.997368 0
-21.6 0.997368 0
-21 0.997368 0
-20.4 0.997368 0
-19.8 0.997368 0
-19.2 0.997368 0
-18.6 0.997368 0
-18 0.997368 0
-17.4 0.997368 0
-16.8 0.997368 0
-16.2 0.997368 0
-15.6 0.997368 0
-15 0.997368 0
-14.4 0.997368 0
-13.8 0.997368 0
-13.2 0.997368 0
-12.6 0.997368 0
-12 0.997368 0
-11.4 0.997368 0
-10.8 0.997368 0
-10.2 0.997368 0
-9.6 0.997368 0
-9 0.997368 0
-8.4 0.997368 0
-7.8 0.997368 0
-7.2 0.997368 0
-6.6 0.997368 0
-6 0.997368 0
-5.4 0.997368 0
-4.8 0.997368 0
-4.2 0.997368 0
-3.6 0.997368 0
-3 0.997368 0
-2.4 0.997368 0
-1.8 0.997368 0
-1.2 0.997368 0
-0.6 0.997368 0
0 0.997368 0
0.6 0.997368 0
1.2 0.997368 0
1.8 0.997368 0
2.4 0.997368 0
3 0.997368 0
3.6 0.997368 0
4.2 0.997368 0
4.8 0.997368 0
5.4 0.997368 0
6 0.997368 0
6.6 0.997368 0
7.2 0.997368 0
7.8 0.997368 0
8.4 0.997368 0
9 0.997368 0
9.6 0.997368 0
10.2 0.997368 0
10.8 0.997368 0
11.4 0.997368 0
12 0.997368 0
12.6 0.997368 0
13.2 0.997368 0
13.8 0.997368 0
14.4 0.997368 0
15 0.997368 0
15.6 0.997368 0
16.2 0.997368 0
16.8 0.997368 0
17.4 0.997368 0
18 0.997368 0
18.6 0.997368 0
19.2 0.997368 0
19.8 0.997368 0
20.4 0.997368 0
21 0.997368 0
21.6 0.997368 0
22.2 0.997368 0
22.8 0.997368 0
23.4 0.997368 0
24 0.997368 0
24.6 0.997368 0
25.2 0.997368 0
25.8 0.997368 0
26.4 0.997368 0
27 0.997368 0
27.6 0.997368 0
28.2 0.997368 0
28.8 0.997368 0
29.4 0.997368 0
30 0.997368 0
-30 1.05 0
-29.4 1.05 0
-28.8 1.05 0
-28.2 1.05 0
-27.6 1.05 0
-27 1.05 0
-26.4 1.05 0
-25.8 1.05 0
-25.2 1.05 0
-24.6 1.05 0
-24 1.05 0
-23.4 1.05 0
-22.8 1.05 0
-22.2 1.05 0
-21.6 1.05 0
-21 1.05 0
-20.4 1.05 0
-19.8 1.05 0
-19.2 1.05 0
-18.6 1.05 0
-18 1.05 0
-17.4 1.05 0
-16.8 1.05 0
-16.2 1.05 0
-15.6 1.05 0
-15 1.05 0
-14.4 1.05 0
-13.8 1.05 0
-13.2 1.05 0
-12.6 1.05 0
-12 1.05 0
-11.4 1.05 0
-10.8 1.05 0
-10.2 1.05 0
-9.6 1.05 0
-9 1.05 0
-8.4 1.05 0
-7.8 1.05 0
-7.2 1.05 0
-6.6 1.05 0
-6 1.05 0
-5.4 1.05 0
-4.8 1.05 0
-4.2 1.05 0
-3.6 1.05 0
-3 1.05 0
-2.4 1.05 0
-1.8 1.05 0
-1.2 1.05 0
-0.6 1.05 0
0 1.05 0
0.6 1.05 0
1.2 1.05 0
1.8 1.05 0
2.4 1.05 0
3 1.05 0
3.6 1.05 0
4.2 1.05 0
4.8 1.05 0
5.4 1.05 0
6 1.05 0
6.6 1.05 0
7.2 1.05 0
7.8 1.05 0
8.4 1.05 0
9 1.05 0
9.6 1.05 0
10.2 1.05 0
10.8 1.05 0
11.4 1.05 0
12 1.05 0
12.6 1.05 0
13.2 1.05 0
13.8 1.05 0
14.4 1.05 0
15 1.05 0
15.6 1.05 0
16.2 1.05 0
16.8 1.05 0
17.4 1.05 0
18 1.05 0
18.6 1.05 0
19.2 1.05 0
19.8 1.05 0
20.4 1.05 0
21 1.05 0
21.6 1.05 0
22.2 1.05 0
22.8 1.05 0
23.4 1.05 0
24 1.05 0
24.6 1.05 0
25.2 1.05 0
25.8 1.05 0
26.4 1.05 0
27 1.05 0
27.6 1.05 0
28.2 1.05 0
28.8 1.05 0
29.4 1.05 0
30 1.05 0
