1079	
	-9.358766737e-05	6.628355342e-05	0.0003181338514	0.0002664088683	-0.0004276251859
	-0.001345817611	-0.001153276029	0.001253482483	0.00494759637	0.006844890613
	0.00493390801	0.001238542265	-0.001159311165	-0.001343622956	-0.0004237148389
	0.0002677545531	0.0003171849121	6.51387629e-05	-9.157962144e-05	5.947478044e-05
	0.0003045533841	0.0002617190223	-0.0004062484185	-0.001302998959	-0.001124823015
	0.001223517547	0.004847275589	0.006712927043	0.00483364329	0.001208782078
	-0.001130659274	-0.001300812471	-0.0004024893779	0.0002629594861	0.0003036148957
	5.838950062e-05	-8.950768373e-05	5.296302894e-05	0.0002912634293	0.0002569598295
	-0.0003854070594	-0.001260887436	-0.001096783466	0.001193711266	0.004747628726
	0.006581848308	0.004734073903	0.001179196542	-0.001102420882	-0.001258713189
	-0.0003817980558	0.0002580993088	0.0002903372027	5.193572538e-05	-8.737548453e-05
	4.67443944e-05	0.0002782624279	0.0002521322195	-0.0003650978562	-0.001219476931
	-0.001069150339	0.001164065759	0.004648648757	0.006451642146	0.004635191735
	0.001149786732	-0.001074589243	-0.001217318786	-0.0003616374156	0.0002531749375
	0.0002773501698	4.577350503e-05	-8.518669178e-05	4.081499634e-05	0.0002655489368
	0.0002472371779	-0.0003453176727	-0.001178761494	-0.001041916618	0.001134583223
	0.004550328706	0.006322296302	0.004536988742	0.001120553823	-0.001047157631
	-0.0011766231	-0.0003420041252	0.0002481873398	0.0002646522502	3.989893347e-05
	-8.294501465e-05	3.517097509e-05	0.0002531216305	0.0002422757505	-0.0003260634893
	-0.001138735341	-0.001015075316	0.00110526594	0.004452661641	0.006193798531
	0.004439456949	0.001091499095	-0.001020119337	-0.001136620143	-0.000322894978
	0.0002431375387	0.0002522420153	3.430812763e-05	-8.065420722e-05	2.980848788e-05
	0.0002409793031	0.0002372490477	-0.0003073324044	-0.001099392858	-0.0009886194674
	0.001076116284	0.004355640679	0.00606613658	0.004342588453	0.001062623947
	-0.0009934676698	-0.001097304102	-0.0003043068948	0.0002380266171	0.0002401181571
	2.899722371e-05	-7.831807223e-05	2.472370444e-05	0.0002291208708	0.0002321582499
	-0.0002891216358	-0.00106072861	-0.0009625421335	0.00104713673	0.004259258977
	0.005939298183	0.004246375416	0.0010339299	-0.0009671959496	-0.001058669345
	-0.0002862369245	0.0002328557228	0.0002282794903	2.396237284e-05	-7.594046497e-05
	1.991280214e-05	0.0002175453747	0.0002270046124	-0.0002714285223	-0.001022737342
	-0.0009368363948	0.001018329857	0.004163509736	0.005813271053	0.004150810069
	0.001005418603	-0.0009412975101	-0.001020710427	-0.0002686822466	0.0002276260742
	0.000216724955	1.91997362e-05	-7.352529732e-05	1.537196047e-05	0.0002062519832
	0.0002217894723	-0.0002542505262	-0.0009854139877	-0.0009114953501	0.0009896983604
	0.004068386199	0.005688042868	0.004055884706	0.0009770918497	-0.0009157656936
	-0.0009834220968	-0.0002516401726	0.0002223389663	0.0002054536194	1.470547958e-05
	-7.107654191e-05	1.109735517e-05	0.000195239995	0.0002165142547	-0.0002375852352
	-0.000948753678	-0.0008865121145	0.0009612450608	0.003973881646	0.005563601265
	0.003961591687	0.0009489515773	-0.0008905938493	-0.0009467993039	-0.0002351081484
	0.0002169957776	0.000194464683	1.047576747e-05	-6.859823647e-05	7.085151585e-06
	0.0001845088426	0.0002111804806	-0.0002214303652	-0.000912751747	-0.0008618798158
	0.0009329729119	0.003879989398	0.005439933825	0.003867923433	0.0009209998831
	-0.0008657753306	-0.0009108372062	-0.0002190837565	0.0002115979774	0.0001837574795
	6.506756428e-06	-6.609448829e-05	3.331497523e-06	0.0001740580951	0.0002057897745
	-0.0002057837623	-0.0008774037414	-0.0008375915924	0.0009048850122	0.003786702812
	0.005317028065	0.003774872426	0.0008932390323	-0.0008413034921	-0.0008755311784
	-0.0002035647186	0.0002061471345	0.0001733314804	2.794587971e-06	-6.356947878e-05
	-1.674846631e-07	0.000163887462	0.0002003438738	-0.0001906434059	-0.00084270543
	-0.00081364059	0.0008769846167	0.003694015281	0.005194871423	0.003682431206
	0.0008656714696	-0.0008171716874	-0.0008408768218	-0.0001885488978	0.0002006449254
	0.0001631862981	-6.646193835e-07	-6.102746821e-05	-3.415706755e-06	0.0001539967967
	0.0001948446384	-0.0001760074116	-0.0008086528147	-0.0007900199591	0.0008492751494
	0.003601920233	0.00507345124	0.00359059237	0.0008382998318	-0.0007933732656
	-0.0008068699746	-0.0001740343016	0.0001950931451	0.0001533216897	-3.874778769e-06
	-5.847280048e-05	-6.417124224e-06	0.0001443860997	0.0001892940619	-0.0001618740334
	-0.0007752421415	-0.0007667228517	0.0008217602174	0.00351041113	0.004952754755
	0.003499348572	0.000811126961	-0.0007699015689	-0.0007735067235	-0.0001600190845
	0.0001894937174	0.0001437375606	-6.839844518e-06	-5.590990792e-05	-9.175746746e-06
	0.0001350555228	0.000183694283	-0.0001482416676	-0.0007424699144	-0.0007437424186
	0.0007944436258	0.003419481464	0.004832769077	0.003408692518	0.0007841559192
	-0.0007467499295	-0.0007407834164	-0.0001465015504	0.0001838487072	0.0001344339683
	-9.563822669e-06	-5.334331621e-05	-1.169564982e-05	0.0001260053725	0.0001780475993
	-0.0001351088548	-0.0007103329088	-0.000721071806	0.0007673293944	0.003329124761
	0.004713481177	0.003318616965	0.0007573900052	-0.0007239116668	-0.0007086966766
	-0.000133480156	0.0001781603338	0.000125411126	-1.205078256e-05	-5.077764912e-05
	-1.398098757e-05	0.0001172361138	0.0001723564817	-0.0001224742834	-0.0006788281883
	-0.0006987041532	0.0007404217765	0.003239334573	0.004594877861	0.003229114722
	0.0007308327716	-0.0007013800846	-0.0006772434191	-0.0001209535132	0.0001724309854
	0.0001166694064	-1.430486961e-05	-4.821763328e-05	-1.603600693e-05	0.0001087483736
	0.0001666235906	-0.0001103367921	-0.0006479531218	-0.0006766325891	0.0007137252785
	0.003150104483	0.004476945753	0.003140178645	0.0007044880455	-0.0006791484679
	-0.0006464208674	-0.0001089203919	0.0001666632359	0.0001082093454	-1.633031948e-05
	-4.56681027e-05	-1.786506335e-05	0.0001005429444	0.0001608517942	-9.869537286e-05
	-0.0006177054037	-0.0006548502299	0.000687244683	0.003061428101	0.004359671268
	0.003051801637	0.0006783599496	-0.000657210081	-0.0006162265736	-9.73797225e-05
	0.0001608598625	0.0001000316453	-1.813147372e-05	-4.313400301e-05	-1.947263816e-05
	9.262078708e-05	0.000155044188	-8.754917327e-05	-0.0005880830757	-0.000633350176
	0.0006609850729	0.002973299062	0.004243040589	0.002963976646	0.0006524529269
	-0.0006355581639	-0.0005866584402	-8.633059845e-05	0.000155023866	9.213717873e-05
	-1.971279715e-05	-4.062039532e-05	-2.086335791e-05	8.498303409e-05	0.0001492041179
	-7.689749868e-05	-0.0005590845511	-0.0006121255098	0.0006349518597	0.002885711027
	0.004127039637	0.002876696663	0.0006267717677	-0.000614185931	-0.0005577147442
	-7.577227816e-05	0.0001491584931	8.45269907e-05	-2.107889707e-05	-3.813245949e-05
	-2.204201579e-05	7.76309914e-05	0.0001433352041	-6.673981397e-05	-0.000530708643
	-0.0005911692936	0.0006091508136	0.002798657682	0.004011654037	0.002789954721
	0.0006013216398	-0.0005930865684	-0.000529394165	-6.57041867e-05	0.0001432672614
	7.720230145e-05	-2.22345447e-05	-3.567549665e-05	-2.30135955e-05	7.056614009e-05
	0.0001374413698	-5.707574469e-05	-0.0005029545943	-0.0005704745681	0.0005835880982
	0.002712132735	0.003896869083	0.002703743893	0.0005761081221	-0.0005722532323
	-0.0005016958142	-5.612591682e-05	0.0001373539872	7.016450793e-05	-2.318469895e-05
	-3.325493069e-05	-2.378329777e-05	6.379013695e-05	0.0001315268714	-4.790507735e-05
	-0.0004758221126	-0.0005500343505	0.0005582703085	0.002626129917	0.003782669702
	0.002618057292	0.0005511372424	-0.0005516790484	-0.000474619271	-4.703722925e-05
	0.0001314228165	6.341518449e-05	-2.393453287e-05	-3.087630846e-05	-2.435656993e-05
	5.730481367e-05	0.0001255963341	-3.922775864e-05	-0.0004493114093	-0.0005298416351
	0.0005332045145	0.002540642985	0.0036690404	0.002532888071	0.0005264155202
	-0.0005313571111	-0.0004481646201	-3.843805179e-05	0.0001254782598	5.695608228e-05
	-2.448946316e-05	-2.854529822e-05	-2.473913881e-05	5.111217456e-05	0.0001196547901
	-3.104389333e-05	-0.0004234232434	-0.0005098893928	0.0005083983097	0.002455665715
	0.003555965223	0.002448229417	0.0005019500145	-0.0005112804841	-0.0004223324959
	-3.032847724e-05	0.0001195252313	5.078912707e-05	-2.485518301e-05	-2.6267686e-05
	-2.493704747e-05	4.521439198e-05	0.000113707723	-2.335374023e-05	-0.000398158971
	-0.0004901705739	0.0004838598657	0.002371191908	0.00344342769	0.002364074558
	0.0004777483785	-0.0004914422025	-0.000397124132	-2.27087593e-05	0.0001135690927
	4.491641491e-05	-2.503769867e-05	-2.404936915e-05	-2.495669611e-05	3.961379916e-05
	0.0001077611171	-1.615770595e-05	-0.0003735206014	-0.0004706781103	0.0004595979953
	0.00228721539	0.003331410733	0.00228041676	0.0004538189209	-0.0004718352759
	-0.0003725414171	-1.557930636e-05	0.0001076157025	3.934020511e-05	-2.504337033e-05
	-2.189634641e-05	-2.480488765e-05	3.431287945e-05	0.0001018215125	-9.456335575e-06
	-0.0003495108619	-0.000451404922	0.0004356222228	0.002203730012	0.003219896623
	0.002197249327	0.0004301706767	-0.0004524526938	-0.0003485869587	-8.940672179e-06
	0.0001016714718	3.406290975e-05	-2.487895757e-05	-1.98147037e-05	-2.448887851e-05
	2.931425122e-05	9.589606842e-05	-3.250299439e-06	-0.0003261332695	-0.0004323439242
	0.000411942866	0.002120729656	0.003108866885	0.002114565606	0.0004068134875
	-0.000433287434	-0.0003252641563	-2.793542728e-06	9.574342667e-05	2.908707879e-05
	-2.455167003e-05	-1.781059428e-05	-2.401643515e-05	2.462064704e-05	8.999263373e-05
	2.459624989e-06	-0.0003033922153	-0.0004134880397	0.0003885711286	0.002038208236
	0.002998302199	0.002032358986	0.0003837580941	-0.0004143324736	-0.0003025772839
	2.861281854e-06	8.983927965e-05	2.441537958e-05	-2.406922384e-05	-1.58902122e-05
	-2.339589679e-05	2.023488575e-05	8.411982727e-05	7.672577679e-06	-0.0002812930592
	-0.0003948302142	0.0003655192087	0.001956159707	0.002888182293	0.001950622909
	0.0003610162435	-0.0003955808056	-0.0002805315855	8.022911719e-06	8.396750945e-05
	2.005056918e-05	-2.343990422e-05	-1.405975714e-05	-2.263624495e-05	1.615983534e-05
	7.828712862e-05	1.238764882e-05	-0.0002598422402	-0.0003763634384	0.0003428004224
	0.001874578068	0.002778485808	0.001869350872	0.0003386008122	-0.0003770254598
	-0.0002591333852	1.269039993e-05	7.813745212e-05	1.599545771e-05	-2.26726349e-05
	-1.232538854e-05	-2.174718016e-05	1.239836433e-05	7.250498104e-05	1.660392221e-05
	-0.0002390474029	-0.0003580807773	0.0003204293498	0.001793457378	0.00266919015
	0.001788536437	0.0003165259511	-0.0003586595325	-0.0002383902129	1.686278569e-05
	7.235940386e-05	1.225286005e-05	-2.177705472e-05	-1.069316662e-05	-2.073920621e-05
	8.953278364e-06	6.6784908e-05	2.032053242e-05	-0.0002189175446	-0.0003399754091
	0.0002984220038	0.001712791767	0.002560271309	0.001708173245	0.0002948072537
	-0.0003404762251	-0.0002183109514	2.05391512e-05	6.664473769e-05	8.825532932e-06
	-2.076360175e-05	-9.168976809e-06	-1.962372186e-05	5.827237983e-06	6.113964528e-05
	2.353673975e-05	-0.0001994631851	-0.0003220406775	0.0002767960307	0.001632575456
	0.002451703649	0.001628255037	0.0002734619552	-0.0003224688963	-0.0001989060064
	2.371869634e-05	6.100603565e-05	5.716093293e-06	-1.964360493e-05	-7.758433963e-06
	-1.841311973e-05	3.022652499e-06	5.55832903e-05	2.625202843e-05	-0.0001806965664
	-0.0003042701609	0.0002555709463	0.001552802782	0.002343459661	0.001548775671
	0.0002525091684	-0.0003046311306	-0.0001801875052	2.640083654e-05	5.545723819e-05
	2.926912706e-06	-1.84293829e-05	-6.466761389e-06	-1.712089124e-05	5.415431358e-07
	5.013147071e-05	2.846623535e-05	-0.0001626318843	-0.000286657764	0.0002347684185
	0.001473468231	0.002235509657	0.00146972916	0.0002319701643	-0.0002869568297
	-0.0001621695285	2.858533096e-05	5.001381292e-05	4.599812562e-07	-1.71343488e-05
	-5.29863907e-06	-1.576173523e-05	-1.614633077e-06	4.48015336e-05	3.017971887e-05
	-0.0001452855625	-0.0002691978405	0.0002144126055	0.001394566486	0.002127821412
	0.001391109715	0.0002118687097	-0.0002694403346	-0.0001448683838	3.02724508e-05
	4.469294409e-05	-1.683267763e-06	-1.577311903e-05	-4.258014219e-06	-1.435166657e-05
	-3.445209837e-06	3.961275671e-05	3.139358084e-05	-0.0001286765736	-0.0002518853564
	0.0001945305661	0.001316092486	0.002020359716	0.001312911799	0.0001922314758
	-0.0002520765883	-0.0001283029268	3.146320063e-05	3.951374396e-05	-3.502183456e-06
	-1.436162183e-05	-3.347866247e-06	-1.290811788e-05	-4.950602903e-06	3.458658116e-05
	3.210995967e-05	-0.0001128268201	-0.00023471611	0.0001751527597	0.001238041509
	0.001913085834	0.001235130216	0.0001730885371	-0.0002348613543	-0.0001124949411
	3.215961062e-05	3.449748601e-05	-4.997187598e-06	-1.291719921e-05	-2.5699173e-06
	-1.145002384e-05	-6.13268478e-06	2.974686367e-05	3.233241887e-05	-9.776158483e-05
	-0.000217687029	0.0001563136619	0.001160409284	0.001805956821	0.001157760212
	0.0001544739851	-0.0002177915134	-9.746958902e-05	3.23651241e-05	2.966785766e-05
	-6.170148098e-06	-1.145869157e-05	-1.924279151e-06	-9.997871002e-06	-6.995266561e-06
	2.512014159e-05	3.206646509e-05	-8.351006606e-05	-0.0002007965768	0.000138052531
	0.001083192149	0.00169892467	0.001080797633	0.0001364266927	-0.0002008654675
	-8.325594613e-05	3.208511439e-05	2.505122603e-05	-7.024859453e-06	-1.000648801e-05
	-1.409028095e-06	-8.573686861e-06	-7.544717171e-06	2.073589746e-05	3.132024325e-05
	-7.010601228e-05	-0.0001840453118	0.000120414371	0.001006387266	0.001591935214
	0.001004239136	0.0001189912755	-0.0001840836977	-6.988763568e-05	3.132757845e-05
	2.067690343e-05	-7.567660415e-06	-8.582516131e-06	-1.019703095e-06	-7.200927311e-06
	-7.790757698e-06	1.66267967e-05	3.010547601e-05	-5.758847363e-05	-0.0001674366688
	0.0001034511582	0.0009299929269	0.001484926712	0.0009280824931	0.0001022193158
	-0.0001674495422	-5.740357993e-05	3.010407462e-05	1.65773865e-05	-7.808226545e-06
	-7.210130619e-06	-7.487310838e-07	-5.904200331e-06	-7.747476027e-06	1.282885092e-05
	2.843874381e-05	-4.600268454e-05	-0.0001509780639	8.72234234e-05	0.0008540090002
	0.001377827967	0.0008523270245	8.61709423e-05	-0.0001509702988	-4.584888268e-05
	2.843100047e-05	1.278852132e-05	-7.760582886e-06	-5.91383849e-06	-5.848017192e-07
	-4.708731751e-06	-7.434612122e-06	9.381420649e-06	2.634324355e-05	-3.540108376e-05
	-0.0001346824848	7.180232421e-05	0.0007784375773	0.001270555812	0.0007769742439
	7.091689881e-05	-0.0001346588099	-3.527584946e-05	2.633134888e-05	9.349508811e-06
	-7.444387141e-06	-4.718767076e-06	-5.122497991e-07	-3.639432986e-06	-6.879160423e-06
	6.326904719e-06	2.385122589e-05	-2.584445428e-05	-0.0001185708239	5.727240462e-05
	0.0007032839508	0.001163011632	0.0007020288242	5.654130061e-05	-0.0001185357899
	-2.574512811e-05	2.383714222e-05	6.302597681e-06	-6.886529901e-06	-3.649734819e-06
	-5.105702922e-07	-2.719367668e-06	-6.117307693e-06	3.709844879e-06	2.100739942e-05
	-1.740310734e-05	-0.0001026753761	4.373533769e-05	0.0006285581262	0.001055076447
	0.0006275000964	4.314537283e-05	-0.0001026333145	-1.732689413e-05	2.099283276e-05
	3.692194156e-06	-6.123070508e-06	-2.729722076e-06	-5.543092519e-07	-1.967338385e-06
	-5.196636834e-06	1.574963472e-06	1.78737114e-05	-1.015789735e-05	-8.704522658e-05
	3.131510633e-05	0.0005542772415	0.0009466037282	0.0005534044518	3.085262659e-05
	-8.700019768e-05	-1.010186825e-05	1.7860079e-05	1.562906762e-06	-5.201439429e-06
	-1.977463438e-06	-6.137698651e-07	-1.394254726e-06	-4.178299489e-06	-3.672273719e-08
	1.453605784e-05	-4.200531898e-06	-7.175480774e-05	2.016533364e-05	0.0004804696054
	0.0008374084798	0.0004797693562	1.98161842e-05	-7.171053215e-05	-4.161631263e-06
	1.452445068e-05	-4.432972763e-08	-4.182610779e-06	-1.403823076e-06	-6.572574923e-07
	-9.980039655e-07	-3.138315786e-06	-1.095220468e-06	1.111355943e-05	3.681337526e-07
	-5.691799683e-05	1.047988862e-05	0.0004071818027	0.0007272498275	0.0004066404207
	1.022937949e-05	-5.687776454e-05	3.930728438e-07	1.110469939e-05	-1.099557811e-06
	-3.142404803e-06	-1.00667456e-06	-6.558665027e-07	-7.570391488e-07	-2.165931523e-06
	-1.594858898e-06	7.77071228e-06	3.445057938e-06	-4.271235828e-05	2.508514766e-06
	0.0003344920705	0.0006158014622	0.000334094728	2.341381277e-06	-4.267890403e-05
	3.459282945e-06	7.764904398e-06	-1.59707547e-06	-2.169853528e-06	-7.644994089e-07
	-5.91589054e-07	-6.246401432e-07	-1.354437326e-06	-1.577310753e-06	4.730626495e-06
	4.945503723e-06	-2.94228993e-05	-3.42016792e-06	0.0002625379084	0.0005025971003
	0.0002622683692	-3.519810024e-06	-2.93982261e-05	4.952284344e-06	4.727708683e-06
	-1.578426812e-06	-1.358040201e-06	-6.30657153e-07	-4.672043044e-07	-5.303652625e-07
	-7.759010415e-07	-1.166892164e-06	2.278666033e-06	4.858956378e-06	-1.752473851e-05
	-6.867796826e-06	0.0001915811448	0.0003869170011	0.0001914214073	-6.91651355e-06
	-1.750984982e-05	4.861471792e-06	2.277964836e-06	-1.167656364e-06	-7.788777822e-07
	-5.348339534e-07	-3.092148876e-07	-4.024511228e-07	-4.32101533e-07	-6.037940263e-07
	7.129808585e-07	3.39757205e-06	-7.838899224e-06	-7.270996907e-06	0.0001221960041
	0.0002675032082	0.0001221258805	-7.286246995e-06	-7.83328498e-06	3.39864238e-06
	7.133218866e-07	-6.044848098e-07	-4.341420176e-07	-4.053931401e-07	-1.497676235e-07
	-2.140621435e-07	-2.165986844e-07	-1.830108099e-07	1.09523128e-07	1.339323616e-06
	-1.730983194e-06	-4.178667035e-06	5.600985997e-05	0.0001415947189	5.600734109e-05
	-4.180468483e-06	-1.730691666e-06	1.340215104e-06	1.097716757e-07	-1.834314191e-07
	-2.175902565e-07	-2.155285043e-07	  0	  0	  0
	  0	  0	  0	  0	  0
	  0	  0	  0	  0	  0
	  0	  0	  0	  0	