-30 0.05 0
-28.8 0.05 0
-27.6 0.05 0
-26.4 0.05 0
-25.2 0.05 0
-24 0.05 0
-22.8 0.05 0
-21.6 0.05 0
-20.4 0.05 0
-19.2 0.05 0
-18 0.05 0
-16.8 0.05 0
-15.6 0.05 0
-14.4 0.05 0
-13.2 0.05 0
-12 0.05 0
-10.8 0.05 -9.35877e-05
-9.6 0.05 6.62836e-05
-8.4 0.05 0.000318134
-7.2 0.05 0.000266409
-6 0.05 -0.000427625
-4.8 0.05 -0.00134582
-3.6 0.05 -0.00115328
-2.4 0.05 0.00125348
-1.2 0.05 0.0049476
0 0.05 0.00684489
1.2 0.05 0.00493391
2.4 0.05 0.00123854
3.6 0.05 -0.00115931
4.8 0.05 -0.00134362
6 0.05 -0.000423715
7.2 0.05 0.000267755
8.4 0.05 0.000317185
9.6 0.05 6.51388e-05
10.8 0.05 0
12 0.05 0
13.2 0.05 0
14.4 0.05 0
15.6 0.05 0
16.8 0.05 0
18 0.05 0
19.2 0.05 0
20.4 0.05 0
21.6 0.05 0
22.8 0.05 0
24 0.05 0
25.2 0.05 0
26.4 0.05 0
27.6 0.05 0
28.8 0.05 0
30 0.05 0
-30 0.100847 0
-28.8 0.100847 0
-27.6 0.100847 0
-26.4 0.100847 0
-25.2 0.100847 0
-24 0.100847 0
-22.8 0.100847 0
-21.6 0.100847 0
-20.4 0.100847 0
-19.2 0.100847 0
-18 0.100847 0
-16.8 0.100847 0
-15.6 0.100847 0
-14.4 0.100847 0
-13.2 0.100847 0
-12 0.100847 0
-10.8 0.100847 -9.15796e-05
-9.6 0.100847 5.94748e-05
-8.4 0.100847 0.000304553
-7.2 0.100847 0.000261719
-6 0.100847 -0.000406248
-4.8 0.100847 -0.001303
-3.6 0.100847 -0.00112482
-2.4 0.100847 0.00122352
-1.2 0.100847 0.00484728
0 0.100847 0.00671293
1.2 0.100847 0.00483364
2.4 0.100847 0.00120878
3.6 0.100847 -0.00113066
4.8 0.100847 -0.00130081
6 0.100847 -0.000402489
7.2 0.100847 0.000262959
8.4 0.100847 0.000303615
9.6 0.100847 5.83895e-05
10.8 0.100847 0
12 0.100847 0
13.2 0.100847 0
14.4 0.100847 0
15.6 0.100847 0
16.8 0.100847 0
18 0.100847 0
19.2 0.100847 0
20.4 0.100847 0
21.6 0.100847 0
22.8 0.100847 0
24 0.100847 0
25.2 0.100847 0
26.4 0.100847 0
27.6 0.100847 0
28.8 0.100847 0
30 0.100847 0
-30 0.151695 0
-28.8 0.151695 0
-27.6 0.151695 0
-26.4 0.151695 0
-25.2 0.151695 0
-24 0.151695 0
-22.8 0.151695 0
-21.6 0.151695 0
-20.4 0.151695 0
-19.2 0.151695 0
-18 0.151695 0
-16.8 0.151695 0
-15.6 0.151695 0
-14.4 0.151695 0
-13.2 0.151695 0
-12 0.151695 0
-10.8 0.151695 -8.95077e-05
-9.6 0.151695 5.2963e-05
-8.4 0.151695 0.000291263
-7.2 0.151695 0.00025696
-6 0.151695 -0.000385407
-4.8 0.151695 -0.00126089
-3.6 0.151695 -0.00109678
-2.4 0.151695 0.00119371
-1.2 0.151695 0.00474763
0 0.151695 0.00658185
1.2 0.151695 0.00473407
2.4 0.151695 0.0011792
3.6 0.151695 -0.00110242
4.8 0.151695 -0.00125871
6 0.151695 -0.000381798
7.2 0.151695 0.000258099
8.4 0.151695 0.000290337
9.6 0.151695 5.19357e-05
10.8 0.151695 0
12 0.151695 0
13.2 0.151695 0
14.4 0.151695 0
15.6 0.151695 0
16.8 0.151695 0
18 0.151695 0
19.2 0.151695 0
20.4 0.151695 0
21.6 0.151695 0
22.8 0.151695 0
24 0.151695 0
25.2 0.151695 0
26.4 0.151695 0
27.6 0.151695 0
28.8 0.151695 0
30 0.151695 0
-30 0.202542 0
-28.8 0.202542 0
-27.6 0.202542 0
-26.4 0.202542 0
-25.2 0.202542 0
-24 0.202542 0
-22.8 0.202542 0
-21.6 0.202542 0
-20.4 0.202542 0
-19.2 0.202542 0
-18 0.202542 0
-16.8 0.202542 0
-15.6 0.202542 0
-14.4 0.202542 0
-13.2 0.202542 0
-12 0.202542 0
-10.8 0.202542 -8.73755e-05
-9.6 0.202542 4.67444e-05
-8.4 0.202542 0.000278262
-7.2 0.202542 0.000252132
-6 0.202542 -0.000365098
-4.8 0.202542 -0.00121948
-3.6 0.202542 -0.00106915
-2.4 0.202542 0.00116407
-1.2 0.202542 0.00464865
0 0.202542 0.00645164
1.2 0.202542 0.00463519
2.4 0.202542 0.00114979
3.6 0.202542 -0.00107459
4.8 0.202542 -0.00121732
6 0.202542 -0.000361637
7.2 0.202542 0.000253175
8.4 0.202542 0.00027735
9.6 0.202542 4.57735e-05
10.8 0.202542 0
12 0.202542 0
13.2 0.202542 0
14.4 0.202542 0
15.6 0.202542 0
16.8 0.202542 0
18 0.202542 0
19.2 0.202542 0
20.4 0.202542 0
21.6 0.202542 0
22.8 0.202542 0
24 0.202542 0
25.2 0.202542 0
26.4 0.202542 0
27.6 0.202542 0
28.8 0.202542 0
30 0.202542 0
-30 0.25339 0
-28.8 0.25339 0
-27.6 0.25339 0
-26.4 0.25339 0
-25.2 0.25339 0
-24 0.25339 0
-22.8 0.25339 0
-21.6 0.25339 0
-20.4 0.25339 0
-19.2 0.25339 0
-18 0.25339 0
-16.8 0.25339 0
-15.6 0.25339 0
-14.4 0.25339 0
-13.2 0.25339 0
-12 0.25339 0
-10.8 0.25339 -8.51867e-05
-9.6 0.25339 4.0815e-05
-8.4 0.25339 0.000265549
-7.2 0.25339 0.000247237
-6 0.25339 -0.000345318
-4.8 0.25339 -0.00117876
-3.6 0.25339 -0.00104192
-2.4 0.25339 0.00113458
-1.2 0.25339 0.00455033
0 0.25339 0.0063223
1.2 0.25339 0.00453699
2.4 0.25339 0.00112055
3.6 0.25339 -0.00104716
4.8 0.25339 -0.00117662
6 0.25339 -0.000342004
7.2 0.25339 0.000248187
8.4 0.25339 0.000264652
9.6 0.25339 3.98989e-05
10.8 0.25339 0
12 0.25339 0
13.2 0.25339 0
14.4 0.25339 0
15.6 0.25339 0
16.8 0.25339 0
18 0.25339 0
19.2 0.25339 0
20.4 0.25339 0
21.6 0.25339 0
22.8 0.25339 0
24 0.25339 0
25.2 0.25339 0
26.4 0.25339 0
27.6 0.25339 0
28.8 0.25339 0
30 0.25339 0
-30 0.304237 0
-28.8 0.304237 0
-27.6 0.304237 0
-26.4 0.304237 0
-25.2 0.304237 0
-24 0.304237 0
-22.8 0.304237 0
-21.6 0.304237 0
-20.4 0.304237 0
-19.2 0.304237 0
-18 0.304237 0
-16.8 0.304237 0
-15.6 0.304237 0
-14.4 0.304237 0
-13.2 0.304237 0
-12 0.304237 0
-10.8 0.304237 -8.2945e-05
-9.6 0.304237 3.5171e-05
-8.4 0.304237 0.000253122
-7.2 0.304237 0.000242276
-6 0.304237 -0.000326063
-4.8 0.304237 -0.00113874
-3.6 0.304237 -0.00101508
-2.4 0.304237 0.00110527
-1.2 0.304237 0.00445266
0 0.304237 0.0061938
1.2 0.304237 0.00443946
2.4 0.304237 0.0010915
3.6 0.304237 -0.00102012
4.8 0.304237 -0.00113662
6 0.304237 -0.000322895
7.2 0.304237 0.000243138
8.4 0.304237 0.000252242
9.6 0.304237 3.43081e-05
10.8 0.304237 0
12 0.304237 0
13.2 0.304237 0
14.4 0.304237 0
15.6 0.304237 0
16.8 0.304237 0
18 0.304237 0
19.2 0.304237 0
20.4 0.304237 0
21.6 0.304237 0
22.8 0.304237 0
24 0.304237 0
25.2 0.304237 0
26.4 0.304237 0
27.6 0.304237 0
28.8 0.304237 0
30 0.304237 0
-30 0.355085 0
-28.8 0.355085 0
-27.6 0.355085 0
-26.4 0.355085 0
-25.2 0.355085 0
-24 0.355085 0
-22.8 0.355085 0
-21.6 0.355085 0
-20.4 0.355085 0
-19.2 0.355085 0
-18 0.355085 0
-16.8 0.355085 0
-15.6 0.355085 0
-14.4 0.355085 0
-13.2 0.355085 0
-12 0.355085 0
-10.8 0.355085 -8.06542e-05
-9.6 0.355085 2.98085e-05
-8.4 0.355085 0.000240979
-7.2 0.355085 0.000237249
-6 0.355085 -0.000307332
-4.8 0.355085 -0.00109939
-3.6 0.355085 -0.000988619
-2.4 0.355085 0.00107612
-1.2 0.355085 0.00435564
0 0.355085 0.00606614
1.2 0.355085 0.00434259
2.4 0.355085 0.00106262
3.6 0.355085 -0.000993468
4.8 0.355085 -0.0010973
6 0.355085 -0.000304307
7.2 0.355085 0.000238027
8.4 0.355085 0.000240118
9.6 0.355085 2.89972e-05
10.8 0.355085 0
12 0.355085 0
13.2 0.355085 0
14.4 0.355085 0
15.6 0.355085 0
16.8 0.355085 0
18 0.355085 0
19.2 0.355085 0
20.4 0.355085 0
21.6 0.355085 0
22.8 0.355085 0
24 0.355085 0
25.2 0.355085 0
26.4 0.355085 0
27.6 0.355085 0
28.8 0.355085 0
30 0.355085 0
-30 0.405932 0
-28.8 0.405932 0
-27.6 0.405932 0
-26.4 0.405932 0
-25.2 0.405932 0
-24 0.405932 0
-22.8 0.405932 0
-21.6 0.405932 0
-20.4 0.405932 0
-19.2 0.405932 0
-18 0.405932 0
-16.8 0.405932 0
-15.6 0.405932 0
-14.4 0.405932 0
-13.2 0.405932 0
-12 0.405932 0
-10.8 0.405932 -7.83181e-05
-9.6 0.405932 2.47237e-05
-8.4 0.405932 0.000229121
-7.2 0.405932 0.000232158
-6 0.405932 -0.000289122
-4.8 0.405932 -0.00106073
-3.6 0.405932 -0.000962542
-2.4 0.405932 0.00104714
-1.2 0.405932 0.00425926
0 0.405932 0.0059393
1.2 0.405932 0.00424638
2.4 0.405932 0.00103393
3.6 0.405932 -0.000967196
4.8 0.405932 -0.00105867
6 0.405932 -0.000286237
7.2 0.405932 0.000232856
8.4 0.405932 0.000228279
9.6 0.405932 2.39624e-05
10.8 0.405932 0
12 0.405932 0
13.2 0.405932 0
14.4 0.405932 0
15.6 0.405932 0
16.8 0.405932 0
18 0.405932 0
19.2 0.405932 0
20.4 0.405932 0
21.6 0.405932 0
22.8 0.405932 0
24 0.405932 0
25.2 0.405932 0
26.4 0.405932 0
27.6 0.405932 0
28.8 0.405932 0
30 0.405932 0
-30 0.45678 0
-28.8 0.45678 0
-27.6 0.45678 0
-26.4 0.45678 0
-25.2 0.45678 0
-24 0.45678 0
-22.8 0.45678 0
-21.6 0.45678 0
-20.4 0.45678 0
-19.2 0.45678 0
-18 0.45678 0
-16.8 0.45678 0
-15.6 0.45678 0
-14.4 0.45678 0
-13.2 0.45678 0
-12 0.45678 0
-10.8 0.45678 -7.59405e-05
-9.6 0.45678 1.99128e-05
-8.4 0.45678 0.000217545
-7.2 0.45678 0.000227005
-6 0.45678 -0.000271429
-4.8 0.45678 -0.00102274
-3.6 0.45678 -0.000936836
-2.4 0.45678 0.00101833
-1.2 0.45678 0.00416351
0 0.45678 0.00581327
1.2 0.45678 0.00415081
2.4 0.45678 0.00100542
3.6 0.45678 -0.000941298
4.8 0.45678 -0.00102071
6 0.45678 -0.000268682
7.2 0.45678 0.000227626
8.4 0.45678 0.000216725
9.6 0.45678 1.91997e-05
10.8 0.45678 0
12 0.45678 0
13.2 0.45678 0
14.4 0.45678 0
15.6 0.45678 0
16.8 0.45678 0
18 0.45678 0
19.2 0.45678 0
20.4 0.45678 0
21.6 0.45678 0
22.8 0.45678 0
24 0.45678 0
25.2 0.45678 0
26.4 0.45678 0
27.6 0.45678 0
28.8 0.45678 0
30 0.45678 0
-30 0.507627 0
-28.8 0.507627 0
-27.6 0.507627 0
-26.4 0.507627 0
-25.2 0.507627 0
-24 0.507627 0
-22.8 0.507627 0
-21.6 0.507627 0
-20.4 0.507627 0
-19.2 0.507627 0
-18 0.507627 0
-16.8 0.507627 0
-15.6 0.507627 0
-14.4 0.507627 0
-13.2 0.507627 0
-12 0.507627 0
-10.8 0.507627 -7.35253e-05
-9.6 0.507627 1.5372e-05
-8.4 0.507627 0.000206252
-7.2 0.507627 0.000221789
-6 0.507627 -0.000254251
-4.8 0.507627 -0.000985414
-3.6 0.507627 -0.000911495
-2.4 0.507627 0.000989698
-1.2 0.507627 0.00406839
0 0.507627 0.00568804
1.2 0.507627 0.00405588
2.4 0.507627 0.000977092
3.6 0.507627 -0.000915766
4.8 0.507627 -0.000983422
6 0.507627 -0.00025164
7.2 0.507627 0.000222339
8.4 0.507627 0.000205454
9.6 0.507627 1.47055e-05
10.8 0.507627 0
12 0.507627 0
13.2 0.507627 0
14.4 0.507627 0
15.6 0.507627 0
16.8 0.507627 0
18 0.507627 0
19.2 0.507627 0
20.4 0.507627 0
21.6 0.507627 0
22.8 0.507627 0
24 0.507627 0
25.2 0.507627 0
26.4 0.507627 0
27.6 0.507627 0
28.8 0.507627 0
30 0.507627 0
-30 0.558475 0
-28.8 0.558475 0
-27.6 0.558475 0
-26.4 0.558475 0
-25.2 0.558475 0
-24 0.558475 0
-22.8 0.558475 0
-21.6 0.558475 0
-20.4 0.558475 0
-19.2 0.558475 0
-18 0.558475 0
-16.8 0.558475 0
-15.6 0.558475 0
-14.4 0.558475 0
-13.2 0.558475 0
-12 0.558475 0
-10.8 0.558475 -7.10765e-05
-9.6 0.558475 1.10974e-05
-8.4 0.558475 0.00019524
-7.2 0.558475 0.000216514
-6 0.558475 -0.000237585
-4.8 0.558475 -0.000948754
-3.6 0.558475 -0.000886512
-2.4 0.558475 0.000961245
-1.2 0.558475 0.00397388
0 0.558475 0.0055636
1.2 0.558475 0.00396159
2.4 0.558475 0.000948952
3.6 0.558475 -0.000890594
4.8 0.558475 -0.000946799
6 0.558475 -0.000235108
7.2 0.558475 0.000216996
8.4 0.558475 0.000194465
9.6 0.558475 1.04758e-05
10.8 0.558475 0
12 0.558475 0
13.2 0.558475 0
14.4 0.558475 0
15.6 0.558475 0
16.8 0.558475 0
18 0.558475 0
19.2 0.558475 0
20.4 0.558475 0
21.6 0.558475 0
22.8 0.558475 0
24 0.558475 0
25.2 0.558475 0
26.4 0.558475 0
27.6 0.558475 0
28.8 0.558475 0
30 0.558475 0
-30 0.609322 0
-28.8 0.609322 0
-27.6 0.609322 0
-26.4 0.609322 0
-25.2 0.609322 0
-24 0.609322 0
-22.8 0.609322 0
-21.6 0.609322 0
-20.4 0.609322 0
-19.2 0.609322 0
-18 0.609322 0
-16.8 0.609322 0
-15.6 0.609322 0
-14.4 0.609322 0
-13.2 0.609322 0
-12 0.609322 0
-10.8 0.609322 -6.85982e-05
-9.6 0.609322 7.08515e-06
-8.4 0.609322 0.000184509
-7.2 0.609322 0.00021118
-6 0.609322 -0.00022143
-4.8 0.609322 -0.000912752
-3.6 0.609322 -0.00086188
-2.4 0.609322 0.000932973
-1.2 0.609322 0.00387999
0 0.609322 0.00543993
1.2 0.609322 0.00386792
2.4 0.609322 0.000921
3.6 0.609322 -0.000865775
4.8 0.609322 -0.000910837
6 0.609322 -0.000219084
7.2 0.609322 0.000211598
8.4 0.609322 0.000183757
9.6 0.609322 6.50676e-06
10.8 0.609322 0
12 0.609322 0
13.2 0.609322 0
14.4 0.609322 0
15.6 0.609322 0
16.8 0.609322 0
18 0.609322 0
19.2 0.609322 0
20.4 0.609322 0
21.6 0.609322 0
22.8 0.609322 0
24 0.609322 0
25.2 0.609322 0
26.4 0.609322 0
27.6 0.609322 0
28.8 0.609322 0
30 0.609322 0
-30 0.660169 0
-28.8 0.660169 0
-27.6 0.660169 0
-26.4 0.660169 0
-25.2 0.660169 0
-24 0.660169 0
-22.8 0.660169 0
-21.6 0.660169 0
-20.4 0.660169 0
-19.2 0.660169 0
-18 0.660169 0
-16.8 0.660169 0
-15.6 0.660169 0
-14.4 0.660169 0
-13.2 0.660169 0
-12 0.660169 0
-10.8 0.660169 -6.60945e-05
-9.6 0.660169 3.3315e-06
-8.4 0.660169 0.000174058
-7.2 0.660169 0.00020579
-6 0.660169 -0.000205784
-4.8 0.660169 -0.000877404
-3.6 0.660169 -0.000837592
-2.4 0.660169 0.000904885
-1.2 0.660169 0.0037867
0 0.660169 0.00531703
1.2 0.660169 0.00377487
2.4 0.660169 0.000893239
3.6 0.660169 -0.000841303
4.8 0.660169 -0.000875531
6 0.660169 -0.000203565
7.2 0.660169 0.000206147
8.4 0.660169 0.000173331
9.6 0.660169 2.79459e-06
10.8 0.660169 0
12 0.660169 0
13.2 0.660169 0
14.4 0.660169 0
15.6 0.660169 0
16.8 0.660169 0
18 0.660169 0
19.2 0.660169 0
20.4 0.660169 0
21.6 0.660169 0
22.8 0.660169 0
24 0.660169 0
25.2 0.660169 0
26.4 0.660169 0
27.6 0.660169 0
28.8 0.660169 0
30 0.660169 0
-30 0.711017 0
-28.8 0.711017 0
-27.6 0.711017 0
-26.4 0.711017 0
-25.2 0.711017 0
-24 0.711017 0
-22.8 0.711017 0
-21.6 0.711017 0
-20.4 0.711017 0
-19.2 0.711017 0
-18 0.711017 0
-16.8 0.711017 0
-15.6 0.711017 0
-14.4 0.711017 0
-13.2 0.711017 0
-12 0.711017 0
-10.8 0.711017 -6.35695e-05
-9.6 0.711017 -1.67485e-07
-8.4 0.711017 0.000163887
-7.2 0.711017 0.000200344
-6 0.711017 -0.000190643
-4.8 0.711017 -0.000842705
-3.6 0.711017 -0.000813641
-2.4 0.711017 0.000876985
-1.2 0.711017 0.00369402
0 0.711017 0.00519487
1.2 0.711017 0.00368243
2.4 0.711017 0.000865671
3.6 0.711017 -0.000817172
4.8 0.711017 -0.000840877
6 0.711017 -0.000188549
7.2 0.711017 0.000200645
8.4 0.711017 0.000163186
9.6 0.711017 -6.64619e-07
10.8 0.711017 0
12 0.711017 0
13.2 0.711017 0
14.4 0.711017 0
15.6 0.711017 0
16.8 0.711017 0
18 0.711017 0
19.2 0.711017 0
20.4 0.711017 0
21.6 0.711017 0
22.8 0.711017 0
24 0.711017 0
25.2 0.711017 0
26.4 0.711017 0
27.6 0.711017 0
28.8 0.711017 0
30 0.711017 0
-30 0.761864 0
-28.8 0.761864 0
-27.6 0.761864 0
-26.4 0.761864 0
-25.2 0.761864 0
-24 0.761864 0
-22.8 0.761864 0
-21.6 0.761864 0
-20.4 0.761864 0
-19.2 0.761864 0
-18 0.761864 0
-16.8 0.761864 0
-15.6 0.761864 0
-14.4 0.761864 0
-13.2 0.761864 0
-12 0.761864 0
-10.8 0.761864 -6.10275e-05
-9.6 0.761864 -3.41571e-06
-8.4 0.761864 0.000153997
-7.2 0.761864 0.000194845
-6 0.761864 -0.000176007
-4.8 0.761864 -0.000808653
-3.6 0.761864 -0.00079002
-2.4 0.761864 0.000849275
-1.2 0.761864 0.00360192
0 0.761864 0.00507345
1.2 0.761864 0.00359059
2.4 0.761864 0.0008383
3.6 0.761864 -0.000793373
4.8 0.761864 -0.00080687
6 0.761864 -0.000174034
7.2 0.761864 0.000195093
8.4 0.761864 0.000153322
9.6 0.761864 -3.87478e-06
10.8 0.761864 0
12 0.761864 0
13.2 0.761864 0
14.4 0.761864 0
15.6 0.761864 0
16.8 0.761864 0
18 0.761864 0
19.2 0.761864 0
20.4 0.761864 0
21.6 0.761864 0
22.8 0.761864 0
24 0.761864 0
25.2 0.761864 0
26.4 0.761864 0
27.6 0.761864 0
28.8 0.761864 0
30 0.761864 0
-30 0.812712 0
-28.8 0.812712 0
-27.6 0.812712 0
-26.4 0.812712 0
-25.2 0.812712 0
-24 0.812712 0
-22.8 0.812712 0
-21.6 0.812712 0
-20.4 0.812712 0
-19.2 0.812712 0
-18 0.812712 0
-16.8 0.812712 0
-15.6 0.812712 0
-14.4 0.812712 0
-13.2 0.812712 0
-12 0.812712 0
-10.8 0.812712 -5.84728e-05
-9.6 0.812712 -6.41712e-06
-8.4 0.812712 0.000144386
-7.2 0.812712 0.000189294
-6 0.812712 -0.000161874
-4.8 0.812712 -0.000775242
-3.6 0.812712 -0.000766723
-2.4 0.812712 0.00082176
-1.2 0.812712 0.00351041
0 0.812712 0.00495275
1.2 0.812712 0.00349935
2.4 0.812712 0.000811127
3.6 0.812712 -0.000769902
4.8 0.812712 -0.000773507
6 0.812712 -0.000160019
7.2 0.812712 0.000189494
8.4 0.812712 0.000143738
9.6 0.812712 -6.83984e-06
10.8 0.812712 0
12 0.812712 0
13.2 0.812712 0
14.4 0.812712 0
15.6 0.812712 0
16.8 0.812712 0
18 0.812712 0
19.2 0.812712 0
20.4 0.812712 0
21.6 0.812712 0
22.8 0.812712 0
24 0.812712 0
25.2 0.812712 0
26.4 0.812712 0
27.6 0.812712 0
28.8 0.812712 0
30 0.812712 0
-30 0.863559 0
-28.8 0.863559 0
-27.6 0.863559 0
-26.4 0.863559 0
-25.2 0.863559 0
-24 0.863559 0
-22.8 0.863559 0
-21.6 0.863559 0
-20.4 0.863559 0
-19.2 0.863559 0
-18 0.863559 0
-16.8 0.863559 0
-15.6 0.863559 0
-14.4 0.863559 0
-13.2 0.863559 0
-12 0.863559 0
-10.8 0.863559 -5.59099e-05
-9.6 0.863559 -9.17575e-06
-8.4 0.863559 0.000135056
-7.2 0.863559 0.000183694
-6 0.863559 -0.000148242
-4.8 0.863559 -0.00074247
-3.6 0.863559 -0.000743742
-2.4 0.863559 0.000794444
-1.2 0.863559 0.00341948
0 0.863559 0.00483277
1.2 0.863559 0.00340869
2.4 0.863559 0.000784156
3.6 0.863559 -0.00074675
4.8 0.863559 -0.000740783
6 0.863559 -0.000146502
7.2 0.863559 0.000183849
8.4 0.863559 0.000134434
9.6 0.863559 -9.56382e-06
10.8 0.863559 0
12 0.863559 0
13.2 0.863559 0
14.4 0.863559 0
15.6 0.863559 0
16.8 0.863559 0
18 0.863559 0
19.2 0.863559 0
20.4 0.863559 0
21.6 0.863559 0
22.8 0.863559 0
24 0.863559 0
25.2 0.863559 0
26.4 0.863559 0
27.6 0.863559 0
28.8 0.863559 0
30 0.863559 0
-30 0.914407 0
-28.8 0.914407 0
-27.6 0.914407 0
-26.4 0.914407 0
-25.2 0.914407 0
-24 0.914407 0
-22.8 0.914407 0
-21.6 0.914407 0
-20.4 0.914407 0
-19.2 0.914407 0
-18 0.914407 0
-16.8 0.914407 0
-15.6 0.914407 0
-14.4 0.914407 0
-13.2 0.914407 0
-12 0.914407 0
-10.8 0.914407 -5.33433e-05
-9.6 0.914407 -1.16956e-05
-8.4 0.914407 0.000126005
-7.2 0.914407 0.000178048
-6 0.914407 -0.000135109
-4.8 0.914407 -0.000710333
-3.6 0.914407 -0.000721072
-2.4 0.914407 0.000767329
-1.2 0.914407 0.00332912
0 0.914407 0.00471348
1.2 0.914407 0.00331862
2.4 0.914407 0.00075739
3.6 0.914407 -0.000723912
4.8 0.914407 -0.000708697
6 0.914407 -0.00013348
7.2 0.914407 0.00017816
8.4 0.914407 0.000125411
9.6 0.914407 -1.20508e-05
10.8 0.914407 0
12 0.914407 0
13.2 0.914407 0
14.4 0.914407 0
15.6 0.914407 0
16.8 0.914407 0
18 0.914407 0
19.2 0.914407 0
20.4 0.914407 0
21.6 0.914407 0
22.8 0.914407 0
24 0.914407 0
25.2 0.914407 0
26.4 0.914407 0
27.6 0.914407 0
28.8 0.914407 0
30 0.914407 0
-30 0.965254 0
-28.8 0.965254 0
-27.6 0.965254 0
-26.4 0.965254 0
-25.2 0.965254 0
-24 0.965254 0
-22.8 0.965254 0
-21.6 0.965254 0
-20.4 0.965254 0
-19.2 0.965254 0
-18 0.965254 0
-16.8 0.965254 0
-15.6 0.965254 0
-14.4 0.965254 0
-13.2 0.965254 0
-12 0.965254 0
-10.8 0.965254 -5.07776e-05
-9.6 0.965254 -1.3981e-05
-8.4 0.965254 0.000117236
-7.2 0.965254 0.000172356
-6 0.965254 -0.000122474
-4.8 0.965254 -0.000678828
-3.6 0.965254 -0.000698704
-2.4 0.965254 0.000740422
-1.2 0.965254 0.00323933
0 0.965254 0.00459488
1.2 0.965254 0.00322911
2.4 0.965254 0.000730833
3.6 0.965254 -0.00070138
4.8 0.965254 -0.000677243
6 0.965254 -0.000120954
7.2 0.965254 0.000172431
8.4 0.965254 0.000116669
9.6 0.965254 -1.43049e-05
10.8 0.965254 0
12 0.965254 0
13.2 0.965254 0
14.4 0.965254 0
15.6 0.965254 0
16.8 0.965254 0
18 0.965254 0
19.2 0.965254 0
20.4 0.965254 0
21.6 0.965254 0
22.8 0.965254 0
24 0.965254 0
25.2 0.965254 0
26.4 0.965254 0
27.6 0.965254 0
28.8 0.965254 0
30 0.965254 0
-30 1.0161 0
-28.8 1.0161 0
-27.6 1.0161 0
-26.4 1.0161 0
-25.2 1.0161 0
-24 1.0161 0
-22.8 1.0161 0
-21.6 1.0161 0
-20.4 1.0161 0
-19.2 1.0161 0
-18 1.0161 0
-16.8 1.0161 0
-15.6 1.0161 0
-14.4 1.0161 0
-13.2 1.0161 0
-12 1.0161 0
-10.8 1.0161 -4.82176e-05
-9.6 1.0161 -1.6036e-05
-8.4 1.0161 0.000108748
-7.2 1.0161 0.000166624
-6 1.0161 -0.000110337
-4.8 1.0161 -0.000647953
-3.6 1.0161 -0.000676633
-2.4 1.0161 0.000713725
-1.2 1.0161 0.0031501
0 1.0161 0.00447695
1.2 1.0161 0.00314018
2.4 1.0161 0.000704488
3.6 1.0161 -0.000679148
4.8 1.0161 -0.000646421
6 1.0161 -0.00010892
7.2 1.0161 0.000166663
8.4 1.0161 0.000108209
9.6 1.0161 -1.63303e-05
10.8 1.0161 0
12 1.0161 0
13.2 1.0161 0
14.4 1.0161 0
15.6 1.0161 0
16.8 1.0161 0
18 1.0161 0
19.2 1.0161 0
20.4 1.0161 0
21.6 1.0161 0
22.8 1.0161 0
24 1.0161 0
25.2 1.0161 0
26.4 1.0161 0
27.6 1.0161 0
28.8 1.0161 0
30 1.0161 0
-30 1.06695 0
-28.8 1.06695 0
-27.6 1.06695 0
-26.4 1.06695 0
-25.2 1.06695 0
-24 1.06695 0
-22.8 1.06695 0
-21.6 1.06695 0
-20.4 1.06695 0
-19.2 1.06695 0
-18 1.06695 0
-16.8 1.06695 0
-15.6 1.06695 0
-14.4 1.06695 0
-13.2 1.06695 0
-12 1.06695 0
-10.8 1.06695 -4.56681e-05
-9.6 1.06695 -1.78651e-05
-8.4 1.06695 0.000100543
-7.2 1.06695 0.000160852
-6 1.06695 -9.86954e-05
-4.8 1.06695 -0.000617705
-3.6 1.06695 -0.00065485
-2.4 1.06695 0.000687245
-1.2 1.06695 0.00306143
0 1.06695 0.00435967
1.2 1.06695 0.0030518
2.4 1.06695 0.00067836
3.6 1.06695 -0.00065721
4.8 1.06695 -0.000616227
6 1.06695 -9.73797e-05
7.2 1.06695 0.00016086
8.4 1.06695 0.000100032
9.6 1.06695 -1.81315e-05
10.8 1.06695 0
12 1.06695 0
13.2 1.06695 0
14.4 1.06695 0
15.6 1.06695 0
16.8 1.06695 0
18 1.06695 0
19.2 1.06695 0
20.4 1.06695 0
21.6 1.06695 0
22.8 1.06695 0
24 1.06695 0
25.2 1.06695 0
26.4 1.06695 0
27.6 1.06695 0
28.8 1.06695 0
30 1.06695 0
-30 1.1178 0
-28.8 1.1178 0
-27.6 1.1178 0
-26.4 1.1178 0
-25.2 1.1178 0
-24 1.1178 0
-22.8 1.1178 0
-21.6 1.1178 0
-20.4 1.1178 0
-19.2 1.1178 0
-18 1.1178 0
-16.8 1.1178 0
-15.6 1.1178 0
-14.4 1.1178 0
-13.2 1.1178 0
-12 1.1178 0
-10.8 1.1178 -4.3134e-05
-9.6 1.1178 -1.94726e-05
-8.4 1.1178 9.26208e-05
-7.2 1.1178 0.000155044
-6 1.1178 -8.75492e-05
-4.8 1.1178 -0.000588083
-3.6 1.1178 -0.00063335
-2.4 1.1178 0.000660985
-1.2 1.1178 0.0029733
0 1.1178 0.00424304
1.2 1.1178 0.00296398
2.4 1.1178 0.000652453
3.6 1.1178 -0.000635558
4.8 1.1178 -0.000586658
6 1.1178 -8.63306e-05
7.2 1.1178 0.000155024
8.4 1.1178 9.21372e-05
9.6 1.1178 -1.97128e-05
10.8 1.1178 0
12 1.1178 0
13.2 1.1178 0
14.4 1.1178 0
15.6 1.1178 0
16.8 1.1178 0
18 1.1178 0
19.2 1.1178 0
20.4 1.1178 0
21.6 1.1178 0
22.8 1.1178 0
24 1.1178 0
25.2 1.1178 0
26.4 1.1178 0
27.6 1.1178 0
28.8 1.1178 0
30 1.1178 0
-30 1.16864 0
-28.8 1.16864 0
-27.6 1.16864 0
-26.4 1.16864 0
-25.2 1.16864 0
-24 1.16864 0
-22.8 1.16864 0
-21.6 1.16864 0
-20.4 1.16864 0
-19.2 1.16864 0
-18 1.16864 0
-16.8 1.16864 0
-15.6 1.16864 0
-14.4 1.16864 0
-13.2 1.16864 0
-12 1.16864 0
-10.8 1.16864 -4.06204e-05
-9.6 1.16864 -2.08634e-05
-8.4 1.16864 8.4983e-05
-7.2 1.16864 0.000149204
-6 1.16864 -7.68975e-05
-4.8 1.16864 -0.000559085
-3.6 1.16864 -0.000612126
-2.4 1.16864 0.000634952
-1.2 1.16864 0.00288571
0 1.16864 0.00412704
1.2 1.16864 0.0028767
2.4 1.16864 0.000626772
3.6 1.16864 -0.000614186
4.8 1.16864 -0.000557715
6 1.16864 -7.57723e-05
7.2 1.16864 0.000149158
8.4 1.16864 8.4527e-05
9.6 1.16864 -2.10789e-05
10.8 1.16864 0
12 1.16864 0
13.2 1.16864 0
14.4 1.16864 0
15.6 1.16864 0
16.8 1.16864 0
18 1.16864 0
19.2 1.16864 0
20.4 1.16864 0
21.6 1.16864 0
22.8 1.16864 0
24 1.16864 0
25.2 1.16864 0
26.4 1.16864 0
27.6 1.16864 0
28.8 1.16864 0
30 1.16864 0
-30 1.21949 0
-28.8 1.21949 0
-27.6 1.21949 0
-26.4 1.21949 0
-25.2 1.21949 0
-24 1.21949 0
-22.8 1.21949 0
-21.6 1.21949 0
-20.4 1.21949 0
-19.2 1.21949 0
-18 1.21949 0
-16.8 1.21949 0
-15.6 1.21949 0
-14.4 1.21949 0
-13.2 1.21949 0
-12 1.21949 0
-10.8 1.21949 -3.81325e-05
-9.6 1.21949 -2.2042e-05
-8.4 1.21949 7.7631e-05
-7.2 1.21949 0.000143335
-6 1.21949 -6.67398e-05
-4.8 1.21949 -0.000530709
-3.6 1.21949 -0.000591169
-2.4 1.21949 0.000609151
-1.2 1.21949 0.00279866
0 1.21949 0.00401165
1.2 1.21949 0.00278995
2.4 1.21949 0.000601322
3.6 1.21949 -0.000593087
4.8 1.21949 -0.000529394
6 1.21949 -6.57042e-05
7.2 1.21949 0.000143267
8.4 1.21949 7.72023e-05
9.6 1.21949 -2.22345e-05
10.8 1.21949 0
12 1.21949 0
13.2 1.21949 0
14.4 1.21949 0
15.6 1.21949 0
16.8 1.21949 0
18 1.21949 0
19.2 1.21949 0
20.4 1.21949 0
21.6 1.21949 0
22.8 1.21949 0
24 1.21949 0
25.2 1.21949 0
26.4 1.21949 0
27.6 1.21949 0
28.8 1.21949 0
30 1.21949 0
-30 1.27034 0
-28.8 1.27034 0
-27.6 1.27034 0
-26.4 1.27034 0
-25.2 1.27034 0
-24 1.27034 0
-22.8 1.27034 0
-21.6 1.27034 0
-20.4 1.27034 0
-19.2 1.27034 0
-18 1.27034 0
-16.8 1.27034 0
-15.6 1.27034 0
-14.4 1.27034 0
-13.2 1.27034 0
-12 1.27034 0
-10.8 1.27034 -3.56755e-05
-9.6 1.27034 -2.30136e-05
-8.4 1.27034 7.05661e-05
-7.2 1.27034 0.000137441
-6 1.27034 -5.70757e-05
-4.8 1.27034 -0.000502955
-3.6 1.27034 -0.000570475
-2.4 1.27034 0.000583588
-1.2 1.27034 0.00271213
0 1.27034 0.00389687
1.2 1.27034 0.00270374
2.4 1.27034 0.000576108
3.6 1.27034 -0.000572253
4.8 1.27034 -0.000501696
6 1.27034 -5.61259e-05
7.2 1.27034 0.000137354
8.4 1.27034 7.01645e-05
9.6 1.27034 -2.31847e-05
10.8 1.27034 0
12 1.27034 0
13.2 1.27034 0
14.4 1.27034 0
15.6 1.27034 0
16.8 1.27034 0
18 1.27034 0
19.2 1.27034 0
20.4 1.27034 0
21.6 1.27034 0
22.8 1.27034 0
24 1.27034 0
25.2 1.27034 0
26.4 1.27034 0
27.6 1.27034 0
28.8 1.27034 0
30 1.27034 0
-30 1.32119 0
-28.8 1.32119 0
-27.6 1.32119 0
-26.4 1.32119 0
-25.2 1.32119 0
-24 1.32119 0
-22.8 1.32119 0
-21.6 1.32119 0
-20.4 1.32119 0
-19.2 1.32119 0
-18 1.32119 0
-16.8 1.32119 0
-15.6 1.32119 0
-14.4 1.32119 0
-13.2 1.32119 0
-12 1.32119 0
-10.8 1.32119 -3.32549e-05
-9.6 1.32119 -2.37833e-05
-8.4 1.32119 6.37901e-05
-7.2 1.32119 0.000131527
-6 1.32119 -4.79051e-05
-4.8 1.32119 -0.000475822
-3.6 1.32119 -0.000550034
-2.4 1.32119 0.00055827
-1.2 1.32119 0.00262613
0 1.32119 0.00378267
1.2 1.32119 0.00261806
2.4 1.32119 0.000551137
3.6 1.32119 -0.000551679
4.8 1.32119 -0.000474619
6 1.32119 -4.70372e-05
7.2 1.32119 0.000131423
8.4 1.32119 6.34152e-05
9.6 1.32119 -2.39345e-05
10.8 1.32119 0
12 1.32119 0
13.2 1.32119 0
14.4 1.32119 0
15.6 1.32119 0
16.8 1.32119 0
18 1.32119 0
19.2 1.32119 0
20.4 1.32119 0
21.6 1.32119 0
22.8 1.32119 0
24 1.32119 0
25.2 1.32119 0
26.4 1.32119 0
27.6 1.32119 0
28.8 1.32119 0
30 1.32119 0
-30 1.37203 0
-28.8 1.37203 0
-27.6 1.37203 0
-26.4 1.37203 0
-25.2 1.37203 0
-24 1.37203 0
-22.8 1.37203 0
-21.6 1.37203 0
-20.4 1.37203 0
-19.2 1.37203 0
-18 1.37203 0
-16.8 1.37203 0
-15.6 1.37203 0
-14.4 1.37203 0
-13.2 1.37203 0
-12 1.37203 0
-10.8 1.37203 -3.08763e-05
-9.6 1.37203 -2.43566e-05
-8.4 1.37203 5.73048e-05
-7.2 1.37203 0.000125596
-6 1.37203 -3.92278e-05
-4.8 1.37203 -0.000449311
-3.6 1.37203 -0.000529842
-2.4 1.37203 0.000533205
-1.2 1.37203 0.00254064
0 1.37203 0.00366904
1.2 1.37203 0.00253289
2.4 1.37203 0.000526416
3.6 1.37203 -0.000531357
4.8 1.37203 -0.000448165
6 1.37203 -3.84381e-05
7.2 1.37203 0.000125478
8.4 1.37203 5.69561e-05
9.6 1.37203 -2.44895e-05
10.8 1.37203 0
12 1.37203 0
13.2 1.37203 0
14.4 1.37203 0
15.6 1.37203 0
16.8 1.37203 0
18 1.37203 0
19.2 1.37203 0
20.4 1.37203 0
21.6 1.37203 0
22.8 1.37203 0
24 1.37203 0
25.2 1.37203 0
26.4 1.37203 0
27.6 1.37203 0
28.8 1.37203 0
30 1.37203 0
-30 1.42288 0
-28.8 1.42288 0
-27.6 1.42288 0
-26.4 1.42288 0
-25.2 1.42288 0
-24 1.42288 0
-22.8 1.42288 0
-21.6 1.42288 0
-20.4 1.42288 0
-19.2 1.42288 0
-18 1.42288 0
-16.8 1.42288 0
-15.6 1.42288 0
-14.4 1.42288 0
-13.2 1.42288 0
-12 1.42288 0
-10.8 1.42288 -2.85453e-05
-9.6 1.42288 -2.47391e-05
-8.4 1.42288 5.11122e-05
-7.2 1.42288 0.000119655
-6 1.42288 -3.10439e-05
-4.8 1.42288 -0.000423423
-3.6 1.42288 -0.000509889
-2.4 1.42288 0.000508398
-1.2 1.42288 0.00245567
0 1.42288 0.00355597
1.2 1.42288 0.00244823
2.4 1.42288 0.00050195
3.6 1.42288 -0.00051128
4.8 1.42288 -0.000422332
6 1.42288 -3.03285e-05
7.2 1.42288 0.000119525
8.4 1.42288 5.07891e-05
9.6 1.42288 -2.48552e-05
10.8 1.42288 0
12 1.42288 0
13.2 1.42288 0
14.4 1.42288 0
15.6 1.42288 0
16.8 1.42288 0
18 1.42288 0
19.2 1.42288 0
20.4 1.42288 0
21.6 1.42288 0
22.8 1.42288 0
24 1.42288 0
25.2 1.42288 0
26.4 1.42288 0
27.6 1.42288 0
28.8 1.42288 0
30 1.42288 0
-30 1.47373 0
-28.8 1.47373 0
-27.6 1.47373 0
-26.4 1.47373 0
-25.2 1.47373 0
-24 1.47373 0
-22.8 1.47373 0
-21.6 1.47373 0
-20.4 1.47373 0
-19.2 1.47373 0
-18 1.47373 0
-16.8 1.47373 0
-15.6 1.47373 0
-14.4 1.47373 0
-13.2 1.47373 0
-12 1.47373 0
-10.8 1.47373 -2.62677e-05
-9.6 1.47373 -2.4937e-05
-8.4 1.47373 4.52144e-05
-7.2 1.47373 0.000113708
-6 1.47373 -2.33537e-05
-4.8 1.47373 -0.000398159
-3.6 1.47373 -0.000490171
-2.4 1.47373 0.00048386
-1.2 1.47373 0.00237119
0 1.47373 0.00344343
1.2 1.47373 0.00236407
2.4 1.47373 0.000477748
3.6 1.47373 -0.000491442
4.8 1.47373 -0.000397124
6 1.47373 -2.27088e-05
7.2 1.47373 0.000113569
8.4 1.47373 4.49164e-05
9.6 1.47373 -2.50377e-05
10.8 1.47373 0
12 1.47373 0
13.2 1.47373 0
14.4 1.47373 0
15.6 1.47373 0
16.8 1.47373 0
18 1.47373 0
19.2 1.47373 0
20.4 1.47373 0
21.6 1.47373 0
22.8 1.47373 0
24 1.47373 0
25.2 1.47373 0
26.4 1.47373 0
27.6 1.47373 0
28.8 1.47373 0
30 1.47373 0
-30 1.52458 0
-28.8 1.52458 0
-27.6 1.52458 0
-26.4 1.52458 0
-25.2 1.52458 0
-24 1.52458 0
-22.8 1.52458 0
-21.6 1.52458 0
-20.4 1.52458 0
-19.2 1.52458 0
-18 1.52458 0
-16.8 1.52458 0
-15.6 1.52458 0
-14.4 1.52458 0
-13.2 1.52458 0
-12 1.52458 0
-10.8 1.52458 -2.40494e-05
-9.6 1.52458 -2.49567e-05
-8.4 1.52458 3.96138e-05
-7.2 1.52458 0.000107761
-6 1.52458 -1.61577e-05
-4.8 1.52458 -0.000373521
-3.6 1.52458 -0.000470678
-2.4 1.52458 0.000459598
-1.2 1.52458 0.00228722
0 1.52458 0.00333141
1.2 1.52458 0.00228042
2.4 1.52458 0.000453819
3.6 1.52458 -0.000471835
4.8 1.52458 -0.000372541
6 1.52458 -1.55793e-05
7.2 1.52458 0.000107616
8.4 1.52458 3.93402e-05
9.6 1.52458 -2.50434e-05
10.8 1.52458 0
12 1.52458 0
13.2 1.52458 0
14.4 1.52458 0
15.6 1.52458 0
16.8 1.52458 0
18 1.52458 0
19.2 1.52458 0
20.4 1.52458 0
21.6 1.52458 0
22.8 1.52458 0
24 1.52458 0
25.2 1.52458 0
26.4 1.52458 0
27.6 1.52458 0
28.8 1.52458 0
30 1.52458 0
-30 1.57542 0
-28.8 1.57542 0
-27.6 1.57542 0
-26.4 1.57542 0
-25.2 1.57542 0
-24 1.57542 0
-22.8 1.57542 0
-21.6 1.57542 0
-20.4 1.57542 0
-19.2 1.57542 0
-18 1.57542 0
-16.8 1.57542 0
-15.6 1.57542 0
-14.4 1.57542 0
-13.2 1.57542 0
-12 1.57542 0
-10.8 1.57542 -2.18963e-05
-9.6 1.57542 -2.48049e-05
-8.4 1.57542 3.43129e-05
-7.2 1.57542 0.000101822
-6 1.57542 -9.45634e-06
-4.8 1.57542 -0.000349511
-3.6 1.57542 -0.000451405
-2.4 1.57542 0.000435622
-1.2 1.57542 0.00220373
0 1.57542 0.0032199
1.2 1.57542 0.00219725
2.4 1.57542 0.000430171
3.6 1.57542 -0.000452453
4.8 1.57542 -0.000348587
6 1.57542 -8.94067e-06
7.2 1.57542 0.000101671
8.4 1.57542 3.40629e-05
9.6 1.57542 -2.4879e-05
10.8 1.57542 0
12 1.57542 0
13.2 1.57542 0
14.4 1.57542 0
15.6 1.57542 0
16.8 1.57542 0
18 1.57542 0
19.2 1.57542 0
20.4 1.57542 0
21.6 1.57542 0
22.8 1.57542 0
24 1.57542 0
25.2 1.57542 0
26.4 1.57542 0
27.6 1.57542 0
28.8 1.57542 0
30 1.57542 0
-30 1.62627 0
-28.8 1.62627 0
-27.6 1.62627 0
-26.4 1.62627 0
-25.2 1.62627 0
-24 1.62627 0
-22.8 1.62627 0
-21.6 1.62627 0
-20.4 1.62627 0
-19.2 1.62627 0
-18 1.62627 0
-16.8 1.62627 0
-15.6 1.62627 0
-14.4 1.62627 0
-13.2 1.62627 0
-12 1.62627 0
-10.8 1.62627 -1.98147e-05
-9.6 1.62627 -2.44889e-05
-8.4 1.62627 2.93143e-05
-7.2 1.62627 9.58961e-05
-6 1.62627 -3.2503e-06
-4.8 1.62627 -0.000326133
-3.6 1.62627 -0.000432344
-2.4 1.62627 0.000411943
-1.2 1.62627 0.00212073
0 1.62627 0.00310887
1.2 1.62627 0.00211457
2.4 1.62627 0.000406813
3.6 1.62627 -0.000433287
4.8 1.62627 -0.000325264
6 1.62627 -2.79354e-06
7.2 1.62627 9.57434e-05
8.4 1.62627 2.90871e-05
9.6 1.62627 -2.45517e-05
10.8 1.62627 0
12 1.62627 0
13.2 1.62627 0
14.4 1.62627 0
15.6 1.62627 0
16.8 1.62627 0
18 1.62627 0
19.2 1.62627 0
20.4 1.62627 0
21.6 1.62627 0
22.8 1.62627 0
24 1.62627 0
25.2 1.62627 0
26.4 1.62627 0
27.6 1.62627 0
28.8 1.62627 0
30 1.62627 0
-30 1.67712 0
-28.8 1.67712 0
-27.6 1.67712 0
-26.4 1.67712 0
-25.2 1.67712 0
-24 1.67712 0
-22.8 1.67712 0
-21.6 1.67712 0
-20.4 1.67712 0
-19.2 1.67712 0
-18 1.67712 0
-16.8 1.67712 0
-15.6 1.67712 0
-14.4 1.67712 0
-13.2 1.67712 0
-12 1.67712 0
-10.8 1.67712 -1.78106e-05
-9.6 1.67712 -2.40164e-05
-8.4 1.67712 2.46206e-05
-7.2 1.67712 8.99926e-05
-6 1.67712 2.45962e-06
-4.8 1.67712 -0.000303392
-3.6 1.67712 -0.000413488
-2.4 1.67712 0.000388571
-1.2 1.67712 0.00203821
0 1.67712 0.0029983
1.2 1.67712 0.00203236
2.4 1.67712 0.000383758
3.6 1.67712 -0.000414332
4.8 1.67712 -0.000302577
6 1.67712 2.86128e-06
7.2 1.67712 8.98393e-05
8.4 1.67712 2.44154e-05
9.6 1.67712 -2.40692e-05
10.8 1.67712 0
12 1.67712 0
13.2 1.67712 0
14.4 1.67712 0
15.6 1.67712 0
16.8 1.67712 0
18 1.67712 0
19.2 1.67712 0
20.4 1.67712 0
21.6 1.67712 0
22.8 1.67712 0
24 1.67712 0
25.2 1.67712 0
26.4 1.67712 0
27.6 1.67712 0
28.8 1.67712 0
30 1.67712 0
-30 1.72797 0
-28.8 1.72797 0
-27.6 1.72797 0
-26.4 1.72797 0
-25.2 1.72797 0
-24 1.72797 0
-22.8 1.72797 0
-21.6 1.72797 0
-20.4 1.72797 0
-19.2 1.72797 0
-18 1.72797 0
-16.8 1.72797 0
-15.6 1.72797 0
-14.4 1.72797 0
-13.2 1.72797 0
-12 1.72797 0
-10.8 1.72797 -1.58902e-05
-9.6 1.72797 -2.33959e-05
-8.4 1.72797 2.02349e-05
-7.2 1.72797 8.41198e-05
-6 1.72797 7.67258e-06
-4.8 1.72797 -0.000281293
-3.6 1.72797 -0.00039483
-2.4 1.72797 0.000365519
-1.2 1.72797 0.00195616
0 1.72797 0.00288818
1.2 1.72797 0.00195062
2.4 1.72797 0.000361016
3.6 1.72797 -0.000395581
4.8 1.72797 -0.000280532
6 1.72797 8.02291e-06
7.2 1.72797 8.39675e-05
8.4 1.72797 2.00506e-05
9.6 1.72797 -2.34399e-05
10.8 1.72797 0
12 1.72797 0
13.2 1.72797 0
14.4 1.72797 0
15.6 1.72797 0
16.8 1.72797 0
18 1.72797 0
19.2 1.72797 0
20.4 1.72797 0
21.6 1.72797 0
22.8 1.72797 0
24 1.72797 0
25.2 1.72797 0
26.4 1.72797 0
27.6 1.72797 0
28.8 1.72797 0
30 1.72797 0
-30 1.77881 0
-28.8 1.77881 0
-27.6 1.77881 0
-26.4 1.77881 0
-25.2 1.77881 0
-24 1.77881 0
-22.8 1.77881 0
-21.6 1.77881 0
-20.4 1.77881 0
-19.2 1.77881 0
-18 1.77881 0
-16.8 1.77881 0
-15.6 1.77881 0
-14.4 1.77881 0
-13.2 1.77881 0
-12 1.77881 0
-10.8 1.77881 -1.40598e-05
-9.6 1.77881 -2.26362e-05
-8.4 1.77881 1.61598e-05
-7.2 1.77881 7.82871e-05
-6 1.77881 1.23876e-05
-4.8 1.77881 -0.000259842
-3.6 1.77881 -0.000376363
-2.4 1.77881 0.0003428
-1.2 1.77881 0.00187458
0 1.77881 0.00277849
1.2 1.77881 0.00186935
2.4 1.77881 0.000338601
3.6 1.77881 -0.000377025
4.8 1.77881 -0.000259133
6 1.77881 1.26904e-05
7.2 1.77881 7.81375e-05
8.4 1.77881 1.59955e-05
9.6 1.77881 -2.26726e-05
10.8 1.77881 0
12 1.77881 0
13.2 1.77881 0
14.4 1.77881 0
15.6 1.77881 0
16.8 1.77881 0
18 1.77881 0
19.2 1.77881 0
20.4 1.77881 0
21.6 1.77881 0
22.8 1.77881 0
24 1.77881 0
25.2 1.77881 0
26.4 1.77881 0
27.6 1.77881 0
28.8 1.77881 0
30 1.77881 0
-30 1.82966 0
-28.8 1.82966 0
-27.6 1.82966 0
-26.4 1.82966 0
-25.2 1.82966 0
-24 1.82966 0
-22.8 1.82966 0
-21.6 1.82966 0
-20.4 1.82966 0
-19.2 1.82966 0
-18 1.82966 0
-16.8 1.82966 0
-15.6 1.82966 0
-14.4 1.82966 0
-13.2 1.82966 0
-12 1.82966 0
-10.8 1.82966 -1.23254e-05
-9.6 1.82966 -2.17472e-05
-8.4 1.82966 1.23984e-05
-7.2 1.82966 7.2505e-05
-6 1.82966 1.66039e-05
-4.8 1.82966 -0.000239047
-3.6 1.82966 -0.000358081
-2.4 1.82966 0.000320429
-1.2 1.82966 0.00179346
0 1.82966 0.00266919
1.2 1.82966 0.00178854
2.4 1.82966 0.000316526
3.6 1.82966 -0.00035866
4.8 1.82966 -0.00023839
6 1.82966 1.68628e-05
7.2 1.82966 7.23594e-05
8.4 1.82966 1.22529e-05
9.6 1.82966 -2.17771e-05
10.8 1.82966 0
12 1.82966 0
13.2 1.82966 0
14.4 1.82966 0
15.6 1.82966 0
16.8 1.82966 0
18 1.82966 0
19.2 1.82966 0
20.4 1.82966 0
21.6 1.82966 0
22.8 1.82966 0
24 1.82966 0
25.2 1.82966 0
26.4 1.82966 0
27.6 1.82966 0
28.8 1.82966 0
30 1.82966 0
-30 1.88051 0
-28.8 1.88051 0
-27.6 1.88051 0
-26.4 1.88051 0
-25.2 1.88051 0
-24 1.88051 0
-22.8 1.88051 0
-21.6 1.88051 0
-20.4 1.88051 0
-19.2 1.88051 0
-18 1.88051 0
-16.8 1.88051 0
-15.6 1.88051 0
-14.4 1.88051 0
-13.2 1.88051 0
-12 1.88051 0
-10.8 1.88051 -1.06932e-05
-9.6 1.88051 -2.07392e-05
-8.4 1.88051 8.95328e-06
-7.2 1.88051 6.67849e-05
-6 1.88051 2.03205e-05
-4.8 1.88051 -0.000218918
-3.6 1.88051 -0.000339975
-2.4 1.88051 0.000298422
-1.2 1.88051 0.00171279
0 1.88051 0.00256027
1.2 1.88051 0.00170817
2.4 1.88051 0.000294807
3.6 1.88051 -0.000340476
4.8 1.88051 -0.000218311
6 1.88051 2.05392e-05
7.2 1.88051 6.66447e-05
8.4 1.88051 8.82553e-06
9.6 1.88051 -2.07636e-05
10.8 1.88051 0
12 1.88051 0
13.2 1.88051 0
14.4 1.88051 0
15.6 1.88051 0
16.8 1.88051 0
18 1.88051 0
19.2 1.88051 0
20.4 1.88051 0
21.6 1.88051 0
22.8 1.88051 0
24 1.88051 0
25.2 1.88051 0
26.4 1.88051 0
27.6 1.88051 0
28.8 1.88051 0
30 1.88051 0
-30 1.93136 0
-28.8 1.93136 0
-27.6 1.93136 0
-26.4 1.93136 0
-25.2 1.93136 0
-24 1.93136 0
-22.8 1.93136 0
-21.6 1.93136 0
-20.4 1.93136 0
-19.2 1.93136 0
-18 1.93136 0
-16.8 1.93136 0
-15.6 1.93136 0
-14.4 1.93136 0
-13.2 1.93136 0
-12 1.93136 0
-10.8 1.93136 -9.16898e-06
-9.6 1.93136 -1.96237e-05
-8.4 1.93136 5.82724e-06
-7.2 1.93136 6.11396e-05
-6 1.93136 2.35367e-05
-4.8 1.93136 -0.000199463
-3.6 1.93136 -0.000322041
-2.4 1.93136 0.000276796
-1.2 1.93136 0.00163258
0 1.93136 0.0024517
1.2 1.93136 0.00162826
2.4 1.93136 0.000273462
3.6 1.93136 -0.000322469
4.8 1.93136 -0.000198906
6 1.93136 2.37187e-05
7.2 1.93136 6.1006e-05
8.4 1.93136 5.71609e-06
9.6 1.93136 -1.96436e-05
10.8 1.93136 0
12 1.93136 0
13.2 1.93136 0
14.4 1.93136 0
15.6 1.93136 0
16.8 1.93136 0
18 1.93136 0
19.2 1.93136 0
20.4 1.93136 0
21.6 1.93136 0
22.8 1.93136 0
24 1.93136 0
25.2 1.93136 0
26.4 1.93136 0
27.6 1.93136 0
28.8 1.93136 0
30 1.93136 0
-30 1.9822 0
-28.8 1.9822 0
-27.6 1.9822 0
-26.4 1.9822 0
-25.2 1.9822 0
-24 1.9822 0
-22.8 1.9822 0
-21.6 1.9822 0
-20.4 1.9822 0
-19.2 1.9822 0
-18 1.9822 0
-16.8 1.9822 0
-15.6 1.9822 0
-14.4 1.9822 0
-13.2 1.9822 0
-12 1.9822 0
-10.8 1.9822 -7.75843e-06
-9.6 1.9822 -1.84131e-05
-8.4 1.9822 3.02265e-06
-7.2 1.9822 5.55833e-05
-6 1.9822 2.6252e-05
-4.8 1.9822 -0.000180697
-3.6 1.9822 -0.00030427
-2.4 1.9822 0.000255571
-1.2 1.9822 0.0015528
0 1.9822 0.00234346
1.2 1.9822 0.00154878
2.4 1.9822 0.000252509
3.6 1.9822 -0.000304631
4.8 1.9822 -0.000180188
6 1.9822 2.64008e-05
7.2 1.9822 5.54572e-05
8.4 1.9822 2.92691e-06
9.6 1.9822 -1.84294e-05
10.8 1.9822 0
12 1.9822 0
13.2 1.9822 0
14.4 1.9822 0
15.6 1.9822 0
16.8 1.9822 0
18 1.9822 0
19.2 1.9822 0
20.4 1.9822 0
21.6 1.9822 0
22.8 1.9822 0
24 1.9822 0
25.2 1.9822 0
26.4 1.9822 0
27.6 1.9822 0
28.8 1.9822 0
30 1.9822 0
-30 2.03305 0
-28.8 2.03305 0
-27.6 2.03305 0
-26.4 2.03305 0
-25.2 2.03305 0
-24 2.03305 0
-22.8 2.03305 0
-21.6 2.03305 0
-20.4 2.03305 0
-19.2 2.03305 0
-18 2.03305 0
-16.8 2.03305 0
-15.6 2.03305 0
-14.4 2.03305 0
-13.2 2.03305 0
-12 2.03305 0
-10.8 2.03305 -6.46676e-06
-9.6 2.03305 -1.71209e-05
-8.4 2.03305 5.41543e-07
-7.2 2.03305 5.01315e-05
-6 2.03305 2.84662e-05
-4.8 2.03305 -0.000162632
-3.6 2.03305 -0.000286658
-2.4 2.03305 0.000234768
-1.2 2.03305 0.00147347
0 2.03305 0.00223551
1.2 2.03305 0.00146973
2.4 2.03305 0.00023197
3.6 2.03305 -0.000286957
4.8 2.03305 -0.00016217
6 2.03305 2.85853e-05
7.2 2.03305 5.00138e-05
8.4 2.03305 4.59981e-07
9.6 2.03305 -1.71343e-05
10.8 2.03305 0
12 2.03305 0
13.2 2.03305 0
14.4 2.03305 0
15.6 2.03305 0
16.8 2.03305 0
18 2.03305 0
19.2 2.03305 0
20.4 2.03305 0
21.6 2.03305 0
22.8 2.03305 0
24 2.03305 0
25.2 2.03305 0
26.4 2.03305 0
27.6 2.03305 0
28.8 2.03305 0
30 2.03305 0
-30 2.0839 0
-28.8 2.0839 0
-27.6 2.0839 0
-26.4 2.0839 0
-25.2 2.0839 0
-24 2.0839 0
-22.8 2.0839 0
-21.6 2.0839 0
-20.4 2.0839 0
-19.2 2.0839 0
-18 2.0839 0
-16.8 2.0839 0
-15.6 2.0839 0
-14.4 2.0839 0
-13.2 2.0839 0
-12 2.0839 0
-10.8 2.0839 -5.29864e-06
-9.6 2.0839 -1.57617e-05
-8.4 2.0839 -1.61463e-06
-7.2 2.0839 4.48015e-05
-6 2.0839 3.01797e-05
-4.8 2.0839 -0.000145286
-3.6 2.0839 -0.000269198
-2.4 2.0839 0.000214413
-1.2 2.0839 0.00139457
0 2.0839 0.00212782
1.2 2.0839 0.00139111
2.4 2.0839 0.000211869
3.6 2.0839 -0.00026944
4.8 2.0839 -0.000144868
6 2.0839 3.02725e-05
7.2 2.0839 4.46929e-05
8.4 2.0839 -1.68327e-06
9.6 2.0839 -1.57731e-05
10.8 2.0839 0
12 2.0839 0
13.2 2.0839 0
14.4 2.0839 0
15.6 2.0839 0
16.8 2.0839 0
18 2.0839 0
19.2 2.0839 0
20.4 2.0839 0
21.6 2.0839 0
22.8 2.0839 0
24 2.0839 0
25.2 2.0839 0
26.4 2.0839 0
27.6 2.0839 0
28.8 2.0839 0
30 2.0839 0
-30 2.13475 0
-28.8 2.13475 0
-27.6 2.13475 0
-26.4 2.13475 0
-25.2 2.13475 0
-24 2.13475 0
-22.8 2.13475 0
-21.6 2.13475 0
-20.4 2.13475 0
-19.2 2.13475 0
-18 2.13475 0
-16.8 2.13475 0
-15.6 2.13475 0
-14.4 2.13475 0
-13.2 2.13475 0
-12 2.13475 0
-10.8 2.13475 -4.25801e-06
-9.6 2.13475 -1.43517e-05
-8.4 2.13475 -3.44521e-06
-7.2 2.13475 3.96128e-05
-6 2.13475 3.13936e-05
-4.8 2.13475 -0.000128677
-3.6 2.13475 -0.000251885
-2.4 2.13475 0.000194531
-1.2 2.13475 0.00131609
0 2.13475 0.00202036
1.2 2.13475 0.00131291
2.4 2.13475 0.000192231
3.6 2.13475 -0.000252077
4.8 2.13475 -0.000128303
6 2.13475 3.14632e-05
7.2 2.13475 3.95137e-05
8.4 2.13475 -3.50218e-06
9.6 2.13475 -1.43616e-05
10.8 2.13475 0
12 2.13475 0
13.2 2.13475 0
14.4 2.13475 0
15.6 2.13475 0
16.8 2.13475 0
18 2.13475 0
19.2 2.13475 0
20.4 2.13475 0
21.6 2.13475 0
22.8 2.13475 0
24 2.13475 0
25.2 2.13475 0
26.4 2.13475 0
27.6 2.13475 0
28.8 2.13475 0
30 2.13475 0
-30 2.18559 0
-28.8 2.18559 0
-27.6 2.18559 0
-26.4 2.18559 0
-25.2 2.18559 0
-24 2.18559 0
-22.8 2.18559 0
-21.6 2.18559 0
-20.4 2.18559 0
-19.2 2.18559 0
-18 2.18559 0
-16.8 2.18559 0
-15.6 2.18559 0
-14.4 2.18559 0
-13.2 2.18559 0
-12 2.18559 0
-10.8 2.18559 -3.34787e-06
-9.6 2.18559 -1.29081e-05
-8.4 2.18559 -4.9506e-06
-7.2 2.18559 3.45866e-05
-6 2.18559 3.211e-05
-4.8 2.18559 -0.000112827
-3.6 2.18559 -0.000234716
-2.4 2.18559 0.000175153
-1.2 2.18559 0.00123804
0 2.18559 0.00191309
1.2 2.18559 0.00123513
2.4 2.18559 0.000173089
3.6 2.18559 -0.000234861
4.8 2.18559 -0.000112495
6 2.18559 3.21596e-05
7.2 2.18559 3.44975e-05
8.4 2.18559 -4.99719e-06
9.6 2.18559 -1.29172e-05
10.8 2.18559 0
12 2.18559 0
13.2 2.18559 0
14.4 2.18559 0
15.6 2.18559 0
16.8 2.18559 0
18 2.18559 0
19.2 2.18559 0
20.4 2.18559 0
21.6 2.18559 0
22.8 2.18559 0
24 2.18559 0
25.2 2.18559 0
26.4 2.18559 0
27.6 2.18559 0
28.8 2.18559 0
30 2.18559 0
-30 2.23644 0
-28.8 2.23644 0
-27.6 2.23644 0
-26.4 2.23644 0
-25.2 2.23644 0
-24 2.23644 0
-22.8 2.23644 0
-21.6 2.23644 0
-20.4 2.23644 0
-19.2 2.23644 0
-18 2.23644 0
-16.8 2.23644 0
-15.6 2.23644 0
-14.4 2.23644 0
-13.2 2.23644 0
-12 2.23644 0
-10.8 2.23644 -2.56992e-06
-9.6 2.23644 -1.145e-05
-8.4 2.23644 -6.13268e-06
-7.2 2.23644 2.97469e-05
-6 2.23644 3.23324e-05
-4.8 2.23644 -9.77616e-05
-3.6 2.23644 -0.000217687
-2.4 2.23644 0.000156314
-1.2 2.23644 0.00116041
0 2.23644 0.00180596
1.2 2.23644 0.00115776
2.4 2.23644 0.000154474
3.6 2.23644 -0.000217792
4.8 2.23644 -9.74696e-05
6 2.23644 3.23651e-05
7.2 2.23644 2.96679e-05
8.4 2.23644 -6.17015e-06
9.6 2.23644 -1.14587e-05
10.8 2.23644 0
12 2.23644 0
13.2 2.23644 0
14.4 2.23644 0
15.6 2.23644 0
16.8 2.23644 0
18 2.23644 0
19.2 2.23644 0
20.4 2.23644 0
21.6 2.23644 0
22.8 2.23644 0
24 2.23644 0
25.2 2.23644 0
26.4 2.23644 0
27.6 2.23644 0
28.8 2.23644 0
30 2.23644 0
-30 2.28729 0
-28.8 2.28729 0
-27.6 2.28729 0
-26.4 2.28729 0
-25.2 2.28729 0
-24 2.28729 0
-22.8 2.28729 0
-21.6 2.28729 0
-20.4 2.28729 0
-19.2 2.28729 0
-18 2.28729 0
-16.8 2.28729 0
-15.6 2.28729 0
-14.4 2.28729 0
-13.2 2.28729 0
-12 2.28729 0
-10.8 2.28729 -1.92428e-06
-9.6 2.28729 -9.99787e-06
-8.4 2.28729 -6.99527e-06
-7.2 2.28729 2.51201e-05
-6 2.28729 3.20665e-05
-4.8 2.28729 -8.35101e-05
-3.6 2.28729 -0.000200797
-2.4 2.28729 0.000138053
-1.2 2.28729 0.00108319
0 2.28729 0.00169892
1.2 2.28729 0.0010808
2.4 2.28729 0.000136427
3.6 2.28729 -0.000200865
4.8 2.28729 -8.32559e-05
6 2.28729 3.20851e-05
7.2 2.28729 2.50512e-05
8.4 2.28729 -7.02486e-06
9.6 2.28729 -1.00065e-05
10.8 2.28729 0
12 2.28729 0
13.2 2.28729 0
14.4 2.28729 0
15.6 2.28729 0
16.8 2.28729 0
18 2.28729 0
19.2 2.28729 0
20.4 2.28729 0
21.6 2.28729 0
22.8 2.28729 0
24 2.28729 0
25.2 2.28729 0
26.4 2.28729 0
27.6 2.28729 0
28.8 2.28729 0
30 2.28729 0
-30 2.33814 0
-28.8 2.33814 0
-27.6 2.33814 0
-26.4 2.33814 0
-25.2 2.33814 0
-24 2.33814 0
-22.8 2.33814 0
-21.6 2.33814 0
-20.4 2.33814 0
-19.2 2.33814 0
-18 2.33814 0
-16.8 2.33814 0
-15.6 2.33814 0
-14.4 2.33814 0
-13.2 2.33814 0
-12 2.33814 0
-10.8 2.33814 -1.40903e-06
-9.6 2.33814 -8.57369e-06
-8.4 2.33814 -7.54472e-06
-7.2 2.33814 2.07359e-05
-6 2.33814 3.13202e-05
-4.8 2.33814 -7.0106e-05
-3.6 2.33814 -0.000184045
-2.4 2.33814 0.000120414
-1.2 2.33814 0.00100639
0 2.33814 0.00159194
1.2 2.33814 0.00100424
2.4 2.33814 0.000118991
3.6 2.33814 -0.000184084
4.8 2.33814 -6.98876e-05
6 2.33814 3.13276e-05
7.2 2.33814 2.06769e-05
8.4 2.33814 -7.56766e-06
9.6 2.33814 -8.58252e-06
10.8 2.33814 0
12 2.33814 0
13.2 2.33814 0
14.4 2.33814 0
15.6 2.33814 0
16.8 2.33814 0
18 2.33814 0
19.2 2.33814 0
20.4 2.33814 0
21.6 2.33814 0
22.8 2.33814 0
24 2.33814 0
25.2 2.33814 0
26.4 2.33814 0
27.6 2.33814 0
28.8 2.33814 0
30 2.33814 0
-30 2.38898 0
-28.8 2.38898 0
-27.6 2.38898 0
-26.4 2.38898 0
-25.2 2.38898 0
-24 2.38898 0
-22.8 2.38898 0
-21.6 2.38898 0
-20.4 2.38898 0
-19.2 2.38898 0
-18 2.38898 0
-16.8 2.38898 0
-15.6 2.38898 0
-14.4 2.38898 0
-13.2 2.38898 0
-12 2.38898 0
-10.8 2.38898 -1.0197e-06
-9.6 2.38898 -7.20093e-06
-8.4 2.38898 -7.79076e-06
-7.2 2.38898 1.66268e-05
-6 2.38898 3.01055e-05
-4.8 2.38898 -5.75885e-05
-3.6 2.38898 -0.000167437
-2.4 2.38898 0.000103451
-1.2 2.38898 0.000929993
0 2.38898 0.00148493
1.2 2.38898 0.000928082
2.4 2.38898 0.000102219
3.6 2.38898 -0.00016745
4.8 2.38898 -5.74036e-05
6 2.38898 3.01041e-05
7.2 2.38898 1.65774e-05
8.4 2.38898 -7.80823e-06
9.6 2.38898 -7.21013e-06
10.8 2.38898 0
12 2.38898 0
13.2 2.38898 0
14.4 2.38898 0
15.6 2.38898 0
16.8 2.38898 0
18 2.38898 0
19.2 2.38898 0
20.4 2.38898 0
21.6 2.38898 0
22.8 2.38898 0
24 2.38898 0
25.2 2.38898 0
26.4 2.38898 0
27.6 2.38898 0
28.8 2.38898 0
30 2.38898 0
-30 2.43983 0
-28.8 2.43983 0
-27.6 2.43983 0
-26.4 2.43983 0
-25.2 2.43983 0
-24 2.43983 0
-22.8 2.43983 0
-21.6 2.43983 0
-20.4 2.43983 0
-19.2 2.43983 0
-18 2.43983 0
-16.8 2.43983 0
-15.6 2.43983 0
-14.4 2.43983 0
-13.2 2.43983 0
-12 2.43983 0
-10.8 2.43983 -7.48731e-07
-9.6 2.43983 -5.9042e-06
-8.4 2.43983 -7.74748e-06
-7.2 2.43983 1.28289e-05
-6 2.43983 2.84387e-05
-4.8 2.43983 -4.60027e-05
-3.6 2.43983 -0.000150978
-2.4 2.43983 8.72234e-05
-1.2 2.43983 0.000854009
0 2.43983 0.00137783
1.2 2.43983 0.000852327
2.4 2.43983 8.61709e-05
3.6 2.43983 -0.00015097
4.8 2.43983 -4.58489e-05
6 2.43983 2.8431e-05
7.2 2.43983 1.27885e-05
8.4 2.43983 -7.76058e-06
9.6 2.43983 -5.91384e-06
10.8 2.43983 0
12 2.43983 0
13.2 2.43983 0
14.4 2.43983 0
15.6 2.43983 0
16.8 2.43983 0
18 2.43983 0
19.2 2.43983 0
20.4 2.43983 0
21.6 2.43983 0
22.8 2.43983 0
24 2.43983 0
25.2 2.43983 0
26.4 2.43983 0
27.6 2.43983 0
28.8 2.43983 0
30 2.43983 0
-30 2.49068 0
-28.8 2.49068 0
-27.6 2.49068 0
-26.4 2.49068 0
-25.2 2.49068 0
-24 2.49068 0
-22.8 2.49068 0
-21.6 2.49068 0
-20.4 2.49068 0
-19.2 2.49068 0
-18 2.49068 0
-16.8 2.49068 0
-15.6 2.49068 0
-14.4 2.49068 0
-13.2 2.49068 0
-12 2.49068 0
-10.8 2.49068 -5.84802e-07
-9.6 2.49068 -4.70873e-06
-8.4 2.49068 -7.43461e-06
-7.2 2.49068 9.38142e-06
-6 2.49068 2.63432e-05
-4.8 2.49068 -3.54011e-05
-3.6 2.49068 -0.000134682
-2.4 2.49068 7.18023e-05
-1.2 2.49068 0.000778438
0 2.49068 0.00127056
1.2 2.49068 0.000776974
2.4 2.49068 7.09169e-05
3.6 2.49068 -0.000134659
4.8 2.49068 -3.52758e-05
6 2.49068 2.63313e-05
7.2 2.49068 9.34951e-06
8.4 2.49068 -7.44439e-06
9.6 2.49068 -4.71877e-06
10.8 2.49068 0
12 2.49068 0
13.2 2.49068 0
14.4 2.49068 0
15.6 2.49068 0
16.8 2.49068 0
18 2.49068 0
19.2 2.49068 0
20.4 2.49068 0
21.6 2.49068 0
22.8 2.49068 0
24 2.49068 0
25.2 2.49068 0
26.4 2.49068 0
27.6 2.49068 0
28.8 2.49068 0
30 2.49068 0
-30 2.54153 0
-28.8 2.54153 0
-27.6 2.54153 0
-26.4 2.54153 0
-25.2 2.54153 0
-24 2.54153 0
-22.8 2.54153 0
-21.6 2.54153 0
-20.4 2.54153 0
-19.2 2.54153 0
-18 2.54153 0
-16.8 2.54153 0
-15.6 2.54153 0
-14.4 2.54153 0
-13.2 2.54153 0
-12 2.54153 0
-10.8 2.54153 -5.1225e-07
-9.6 2.54153 -3.63943e-06
-8.4 2.54153 -6.87916e-06
-7.2 2.54153 6.3269e-06
-6 2.54153 2.38512e-05
-4.8 2.54153 -2.58445e-05
-3.6 2.54153 -0.000118571
-2.4 2.54153 5.72724e-05
-1.2 2.54153 0.000703284
0 2.54153 0.00116301
1.2 2.54153 0.000702029
2.4 2.54153 5.65413e-05
3.6 2.54153 -0.000118536
4.8 2.54153 -2.57451e-05
6 2.54153 2.38371e-05
7.2 2.54153 6.3026e-06
8.4 2.54153 -6.88653e-06
9.6 2.54153 -3.64973e-06
10.8 2.54153 0
12 2.54153 0
13.2 2.54153 0
14.4 2.54153 0
15.6 2.54153 0
16.8 2.54153 0
18 2.54153 0
19.2 2.54153 0
20.4 2.54153 0
21.6 2.54153 0
22.8 2.54153 0
24 2.54153 0
25.2 2.54153 0
26.4 2.54153 0
27.6 2.54153 0
28.8 2.54153 0
30 2.54153 0
-30 2.59237 0
-28.8 2.59237 0
-27.6 2.59237 0
-26.4 2.59237 0
-25.2 2.59237 0
-24 2.59237 0
-22.8 2.59237 0
-21.6 2.59237 0
-20.4 2.59237 0
-19.2 2.59237 0
-18 2.59237 0
-16.8 2.59237 0
-15.6 2.59237 0
-14.4 2.59237 0
-13.2 2.59237 0
-12 2.59237 0
-10.8 2.59237 -5.1057e-07
-9.6 2.59237 -2.71937e-06
-8.4 2.59237 -6.11731e-06
-7.2 2.59237 3.70984e-06
-6 2.59237 2.10074e-05
-4.8 2.59237 -1.74031e-05
-3.6 2.59237 -0.000102675
-2.4 2.59237 4.37353e-05
-1.2 2.59237 0.000628558
0 2.59237 0.00105508
1.2 2.59237 0.0006275
2.4 2.59237 4.31454e-05
3.6 2.59237 -0.000102633
4.8 2.59237 -1.73269e-05
6 2.59237 2.09928e-05
7.2 2.59237 3.69219e-06
8.4 2.59237 -6.12307e-06
9.6 2.59237 -2.72972e-06
10.8 2.59237 0
12 2.59237 0
13.2 2.59237 0
14.4 2.59237 0
15.6 2.59237 0
16.8 2.59237 0
18 2.59237 0
19.2 2.59237 0
20.4 2.59237 0
21.6 2.59237 0
22.8 2.59237 0
24 2.59237 0
25.2 2.59237 0
26.4 2.59237 0
27.6 2.59237 0
28.8 2.59237 0
30 2.59237 0
-30 2.64322 0
-28.8 2.64322 0
-27.6 2.64322 0
-26.4 2.64322 0
-25.2 2.64322 0
-24 2.64322 0
-22.8 2.64322 0
-21.6 2.64322 0
-20.4 2.64322 0
-19.2 2.64322 0
-18 2.64322 0
-16.8 2.64322 0
-15.6 2.64322 0
-14.4 2.64322 0
-13.2 2.64322 0
-12 2.64322 0
-10.8 2.64322 -5.54309e-07
-9.6 2.64322 -1.96734e-06
-8.4 2.64322 -5.19664e-06
-7.2 2.64322 1.57496e-06
-6 2.64322 1.78737e-05
-4.8 2.64322 -1.01579e-05
-3.6 2.64322 -8.70452e-05
-2.4 2.64322 3.13151e-05
-1.2 2.64322 0.000554277
0 2.64322 0.000946604
1.2 2.64322 0.000553404
2.4 2.64322 3.08526e-05
3.6 2.64322 -8.70002e-05
4.8 2.64322 -1.01019e-05
6 2.64322 1.78601e-05
7.2 2.64322 1.56291e-06
8.4 2.64322 -5.20144e-06
9.6 2.64322 -1.97746e-06
10.8 2.64322 0
12 2.64322 0
13.2 2.64322 0
14.4 2.64322 0
15.6 2.64322 0
16.8 2.64322 0
18 2.64322 0
19.2 2.64322 0
20.4 2.64322 0
21.6 2.64322 0
22.8 2.64322 0
24 2.64322 0
25.2 2.64322 0
26.4 2.64322 0
27.6 2.64322 0
28.8 2.64322 0
30 2.64322 0
-30 2.69407 0
-28.8 2.69407 0
-27.6 2.69407 0
-26.4 2.69407 0
-25.2 2.69407 0
-24 2.69407 0
-22.8 2.69407 0
-21.6 2.69407 0
-20.4 2.69407 0
-19.2 2.69407 0
-18 2.69407 0
-16.8 2.69407 0
-15.6 2.69407 0
-14.4 2.69407 0
-13.2 2.69407 0
-12 2.69407 0
-10.8 2.69407 -6.1377e-07
-9.6 2.69407 -1.39425e-06
-8.4 2.69407 -4.1783e-06
-7.2 2.69407 -3.67227e-08
-6 2.69407 1.45361e-05
-4.8 2.69407 -4.20053e-06
-3.6 2.69407 -7.17548e-05
-2.4 2.69407 2.01653e-05
-1.2 2.69407 0.00048047
0 2.69407 0.000837408
1.2 2.69407 0.000479769
2.4 2.69407 1.98162e-05
3.6 2.69407 -7.17105e-05
4.8 2.69407 -4.16163e-06
6 2.69407 1.45245e-05
7.2 2.69407 -4.43297e-08
8.4 2.69407 -4.18261e-06
9.6 2.69407 -1.40382e-06
10.8 2.69407 0
12 2.69407 0
13.2 2.69407 0
14.4 2.69407 0
15.6 2.69407 0
16.8 2.69407 0
18 2.69407 0
19.2 2.69407 0
20.4 2.69407 0
21.6 2.69407 0
22.8 2.69407 0
24 2.69407 0
25.2 2.69407 0
26.4 2.69407 0
27.6 2.69407 0
28.8 2.69407 0
30 2.69407 0
-30 2.74492 0
-28.8 2.74492 0
-27.6 2.74492 0
-26.4 2.74492 0
-25.2 2.74492 0
-24 2.74492 0
-22.8 2.74492 0
-21.6 2.74492 0
-20.4 2.74492 0
-19.2 2.74492 0
-18 2.74492 0
-16.8 2.74492 0
-15.6 2.74492 0
-14.4 2.74492 0
-13.2 2.74492 0
-12 2.74492 0
-10.8 2.74492 -6.57257e-07
-9.6 2.74492 -9.98004e-07
-8.4 2.74492 -3.13832e-06
-7.2 2.74492 -1.09522e-06
-6 2.74492 1.11136e-05
-4.8 2.74492 3.68134e-07
-3.6 2.74492 -5.6918e-05
-2.4 2.74492 1.04799e-05
-1.2 2.74492 0.000407182
0 2.74492 0.00072725
1.2 2.74492 0.00040664
2.4 2.74492 1.02294e-05
3.6 2.74492 -5.68778e-05
4.8 2.74492 3.93073e-07
6 2.74492 1.11047e-05
7.2 2.74492 -1.09956e-06
8.4 2.74492 -3.1424e-06
9.6 2.74492 -1.00667e-06
10.8 2.74492 0
12 2.74492 0
13.2 2.74492 0
14.4 2.74492 0
15.6 2.74492 0
16.8 2.74492 0
18 2.74492 0
19.2 2.74492 0
20.4 2.74492 0
21.6 2.74492 0
22.8 2.74492 0
24 2.74492 0
25.2 2.74492 0
26.4 2.74492 0
27.6 2.74492 0
28.8 2.74492 0
30 2.74492 0
-30 2.79576 0
-28.8 2.79576 0
-27.6 2.79576 0
-26.4 2.79576 0
-25.2 2.79576 0
-24 2.79576 0
-22.8 2.79576 0
-21.6 2.79576 0
-20.4 2.79576 0
-19.2 2.79576 0
-18 2.79576 0
-16.8 2.79576 0
-15.6 2.79576 0
-14.4 2.79576 0
-13.2 2.79576 0
-12 2.79576 0
-10.8 2.79576 -6.55867e-07
-9.6 2.79576 -7.57039e-07
-8.4 2.79576 -2.16593e-06
-7.2 2.79576 -1.59486e-06
-6 2.79576 7.77071e-06
-4.8 2.79576 3.44506e-06
-3.6 2.79576 -4.27124e-05
-2.4 2.79576 2.50851e-06
-1.2 2.79576 0.000334492
0 2.79576 0.000615801
1.2 2.79576 0.000334095
2.4 2.79576 2.34138e-06
3.6 2.79576 -4.26789e-05
4.8 2.79576 3.45928e-06
6 2.79576 7.7649e-06
7.2 2.79576 -1.59708e-06
8.4 2.79576 -2.16985e-06
9.6 2.79576 -7.64499e-07
10.8 2.79576 0
12 2.79576 0
13.2 2.79576 0
14.4 2.79576 0
15.6 2.79576 0
16.8 2.79576 0
18 2.79576 0
19.2 2.79576 0
20.4 2.79576 0
21.6 2.79576 0
22.8 2.79576 0
24 2.79576 0
25.2 2.79576 0
26.4 2.79576 0
27.6 2.79576 0
28.8 2.79576 0
30 2.79576 0
-30 2.84661 0
-28.8 2.84661 0
-27.6 2.84661 0
-26.4 2.84661 0
-25.2 2.84661 0
-24 2.84661 0
-22.8 2.84661 0
-21.6 2.84661 0
-20.4 2.84661 0
-19.2 2.84661 0
-18 2.84661 0
-16.8 2.84661 0
-15.6 2.84661 0
-14.4 2.84661 0
-13.2 2.84661 0
-12 2.84661 0
-10.8 2.84661 -5.91589e-07
-9.6 2.84661 -6.2464e-07
-8.4 2.84661 -1.35444e-06
-7.2 2.84661 -1.57731e-06
-6 2.84661 4.73063e-06
-4.8 2.84661 4.9455e-06
-3.6 2.84661 -2.94229e-05
-2.4 2.84661 -3.42017e-06
-1.2 2.84661 0.000262538
0 2.84661 0.000502597
1.2 2.84661 0.000262268
2.4 2.84661 -3.51981e-06
3.6 2.84661 -2.93982e-05
4.8 2.84661 4.95228e-06
6 2.84661 4.72771e-06
7.2 2.84661 -1.57843e-06
8.4 2.84661 -1.35804e-06
9.6 2.84661 -6.30657e-07
10.8 2.84661 0
12 2.84661 0
13.2 2.84661 0
14.4 2.84661 0
15.6 2.84661 0
16.8 2.84661 0
18 2.84661 0
19.2 2.84661 0
20.4 2.84661 0
21.6 2.84661 0
22.8 2.84661 0
24 2.84661 0
25.2 2.84661 0
26.4 2.84661 0
27.6 2.84661 0
28.8 2.84661 0
30 2.84661 0
-30 2.89746 0
-28.8 2.89746 0
-27.6 2.89746 0
-26.4 2.89746 0
-25.2 2.89746 0
-24 2.89746 0
-22.8 2.89746 0
-21.6 2.89746 0
-20.4 2.89746 0
-19.2 2.89746 0
-18 2.89746 0
-16.8 2.89746 0
-15.6 2.89746 0
-14.4 2.89746 0
-13.2 2.89746 0
-12 2.89746 0
-10.8 2.89746 -4.67204e-07
-9.6 2.89746 -5.30365e-07
-8.4 2.89746 -7.75901e-07
-7.2 2.89746 -1.16689e-06
-6 2.89746 2.27867e-06
-4.8 2.89746 4.85896e-06
-3.6 2.89746 -1.75247e-05
-2.4 2.89746 -6.8678e-06
-1.2 2.89746 0.000191581
0 2.89746 0.000386917
1.2 2.89746 0.000191421
2.4 2.89746 -6.91651e-06
3.6 2.89746 -1.75098e-05
4.8 2.89746 4.86147e-06
6 2.89746 2.27796e-06
7.2 2.89746 -1.16766e-06
8.4 2.89746 -7.78878e-07
9.6 2.89746 -5.34834e-07
10.8 2.89746 0
12 2.89746 0
13.2 2.89746 0
14.4 2.89746 0
15.6 2.89746 0
16.8 2.89746 0
18 2.89746 0
19.2 2.89746 0
20.4 2.89746 0
21.6 2.89746 0
22.8 2.89746 0
24 2.89746 0
25.2 2.89746 0
26.4 2.89746 0
27.6 2.89746 0
28.8 2.89746 0
30 2.89746 0
-30 2.94831 0
-28.8 2.94831 0
-27.6 2.94831 0
-26.4 2.94831 0
-25.2 2.94831 0
-24 2.94831 0
-22.8 2.94831 0
-21.6 2.94831 0
-20.4 2.94831 0
-19.2 2.94831 0
-18 2.94831 0
-16.8 2.94831 0
-15.6 2.94831 0
-14.4 2.94831 0
-13.2 2.94831 0
-12 2.94831 0
-10.8 2.94831 -3.09215e-07
-9.6 2.94831 -4.02451e-07
-8.4 2.94831 -4.32102e-07
-7.2 2.94831 -6.03794e-07
-6 2.94831 7.12981e-07
-4.8 2.94831 3.39757e-06
-3.6 2.94831 -7.8389e-06
-2.4 2.94831 -7.271e-06
-1.2 2.94831 0.000122196
0 2.94831 0.000267503
1.2 2.94831 0.000122126
2.4 2.94831 -7.28625e-06
3.6 2.94831 -7.83328e-06
4.8 2.94831 3.39864e-06
6 2.94831 7.13322e-07
7.2 2.94831 -6.04485e-07
8.4 2.94831 -4.34142e-07
9.6 2.94831 -4.05393e-07
10.8 2.94831 0
12 2.94831 0
13.2 2.94831 0
14.4 2.94831 0
15.6 2.94831 0
16.8 2.94831 0
18 2.94831 0
19.2 2.94831 0
20.4 2.94831 0
21.6 2.94831 0
22.8 2.94831 0
24 2.94831 0
25.2 2.94831 0
26.4 2.94831 0
27.6 2.94831 0
28.8 2.94831 0
30 2.94831 0
-30 2.99915 0
-28.8 2.99915 0
-27.6 2.99915 0
-26.4 2.99915 0
-25.2 2.99915 0
-24 2.99915 0
-22.8 2.99915 0
-21.6 2.99915 0
-20.4 2.99915 0
-19.2 2.99915 0
-18 2.99915 0
-16.8 2.99915 0
-15.6 2.99915 0
-14.4 2.99915 0
-13.2 2.99915 0
-12 2.99915 0
-10.8 2.99915 -1.49768e-07
-9.6 2.99915 -2.14062e-07
-8.4 2.99915 -2.16599e-07
-7.2 2.99915 -1.83011e-07
-6 2.99915 1.09523e-07
-4.8 2.99915 1.33932e-06
-3.6 2.99915 -1.73098e-06
-2.4 2.99915 -4.17867e-06
-1.2 2.99915 5.60099e-05
0 2.99915 0.000141595
1.2 2.99915 5.60073e-05
2.4 2.99915 -4.18047e-06
3.6 2.99915 -1.73069e-06
4.8 2.99915 1.34022e-06
6 2.99915 1.09772e-07
7.2 2.99915 -1.83431e-07
8.4 2.99915 -2.1759e-07
9.6 2.99915 -2.15529e-07
10.8 2.99915 0
12 2.99915 0
13.2 2.99915 0
14.4 2.99915 0
15.6 2.99915 0
16.8 2.99915 0
18 2.99915 0
19.2 2.99915 0
20.4 2.99915 0
21.6 2.99915 0
22.8 2.99915 0
24 2.99915 0
25.2 2.99915 0
26.4 2.99915 0
27.6 2.99915 0
28.8 2.99915 0
30 2.99915 0
-30 3.05 0
-28.8 3.05 0
-27.6 3.05 0
-26.4 3.05 0
-25.2 3.05 0
-24 3.05 0
-22.8 3.05 0
-21.6 3.05 0
-20.4 3.05 0
-19.2 3.05 0
-18 3.05 0
-16.8 3.05 0
-15.6 3.05 0
-14.4 3.05 0
-13.2 3.05 0
-12 3.05 0
-10.8 3.05 0
-9.6 3.05 0
-8.4 3.05 0
-7.2 3.05 0
-6 3.05 0
-4.8 3.05 0
-3.6 3.05 0
-2.4 3.05 0
-1.2 3.05 0
0 3.05 0
1.2 3.05 0
2.4 3.05 0
3.6 3.05 0
4.8 3.05 0
6 3.05 0
7.2 3.05 0
8.4 3.05 0
9.6 3.05 0
10.8 3.05 0
12 3.05 0
13.2 3.05 0
14.4 3.05 0
15.6 3.05 0
16.8 3.05 0
18 3.05 0
19.2 3.05 0
20.4 3.05 0
21.6 3.05 0
22.8 3.05 0
24 3.05 0
25.2 3.05 0
26.4 3.05 0
27.6 3.05 0
28.8 3.05 0
30 3.05 0
