-30 0.1 2.45388e-36
-28.8 0.1 -9.89058e-07
-27.6 0.1 -2.96377e-06
-26.4 0.1 -4.17766e-06
-25.2 0.1 -4.00177e-06
-24 0.1 -3.10912e-06
-22.8 0.1 -2.40307e-06
-21.6 0.1 -2.22424e-06
-20.4 0.1 -2.36779e-06
-19.2 0.1 -2.4862e-06
-18 0.1 -2.37291e-06
-16.8 0.1 -2.01256e-06
-15.6 0.1 -1.53386e-06
-14.4 0.1 -1.12692e-06
-13.2 0.1 -9.08441e-07
-12 0.1 -8.35907e-07
-10.8 0.1 -7.86969e-07
-9.6 0.1 -6.97387e-07
-8.4 0.1 -5.89473e-07
-7.2 0.1 -4.99855e-07
-6 0.1 -4.27215e-07
-4.8 0.1 -3.49859e-07
-3.6 0.1 -2.61497e-07
-2.4 0.1 -1.72613e-07
-1.2 0.1 -8.75028e-08
0 0.1 4.20342e-09
1.2 0.1 1.10958e-07
2.4 0.1 2.22034e-07
3.6 0.1 3.14418e-07
4.8 0.1 3.8275e-07
6 0.1 4.62873e-07
7.2 0.1 6.11367e-07
8.4 0.1 8.45908e-07
9.6 0.1 1.11405e-06
10.8 0.1 1.33947e-06
12 0.1 1.49005e-06
13.2 0.1 1.58885e-06
14.4 0.1 1.68136e-06
15.6 0.1 1.81139e-06
16.8 0.1 2.00336e-06
18 0.1 2.22475e-06
19.2 0.1 2.36925e-06
20.4 0.1 2.34792e-06
21.6 0.1 2.26191e-06
22.8 0.1 2.43592e-06
24 0.1 3.11362e-06
25.2 0.1 3.99136e-06
26.4 0.1 4.17037e-06
27.6 0.1 2.96352e-06
28.8 0.1 9.90332e-07
30 0.1 -2.45308e-36
-30 0.205263 2.32545e-36
-28.8 0.205263 -9.21782e-07
-27.6 0.205263 -2.79318e-06
-26.4 0.205263 -3.96348e-06
-25.2 0.205263 -3.79854e-06
-24 0.205263 -2.94017e-06
-22.8 0.205263 -2.27039e-06
-21.6 0.205263 -2.10936e-06
-20.4 0.205263 -2.24839e-06
-19.2 0.205263 -2.35784e-06
-18 0.205263 -2.24784e-06
-16.8 0.205263 -1.90278e-06
-15.6 0.205263 -1.4415e-06
-14.4 0.205263 -1.04778e-06
-13.2 0.205263 -8.38331e-07
-12 0.205263 -7.72025e-07
-10.8 0.205263 -7.27541e-07
-9.6 0.205263 -6.42615e-07
-8.4 0.205263 -5.41295e-07
-7.2 0.205263 -4.59555e-07
-6 0.205263 -3.94211e-07
-4.8 0.205263 -3.2306e-07
-3.6 0.205263 -2.40749e-07
-2.4 0.205263 -1.58477e-07
-1.2 0.205263 -8.04529e-08
0 0.205263 3.96035e-09
1.2 0.205263 1.0348e-07
2.4 0.205263 2.07919e-07
3.6 0.205263 2.94682e-07
4.8 0.205263 3.57883e-07
6 0.205263 4.32019e-07
7.2 0.205263 5.72578e-07
8.4 0.205263 7.97136e-07
9.6 0.205263 1.05418e-06
10.8 0.205263 1.2691e-06
12 0.205263 1.41173e-06
13.2 0.205263 1.50562e-06
14.4 0.205263 1.59384e-06
15.6 0.205263 1.71611e-06
16.8 0.205263 1.8957e-06
18 0.205263 2.10528e-06
19.2 0.205263 2.24653e-06
20.4 0.205263 2.23076e-06
21.6 0.205263 2.14556e-06
22.8 0.205263 2.30075e-06
24 0.205263 2.94363e-06
25.2 0.205263 3.78864e-06
26.4 0.205263 3.95699e-06
27.6 0.205263 2.79322e-06
28.8 0.205263 9.23038e-07
30 0.205263 -2.32498e-36
-30 0.310526 2.19436e-36
-28.8 0.310526 -8.59231e-07
-27.6 0.310526 -2.62575e-06
-26.4 0.310526 -3.74657e-06
-25.2 0.310526 -3.59412e-06
-24 0.310526 -2.77332e-06
-22.8 0.310526 -2.13843e-06
-21.6 0.310526 -1.99348e-06
-20.4 0.310526 -2.1283e-06
-19.2 0.310526 -2.22938e-06
-18 0.310526 -2.12283e-06
-16.8 0.310526 -1.79347e-06
-15.6 0.310526 -1.35044e-06
-14.4 0.310526 -9.70653e-07
-13.2 0.310526 -7.7031e-07
-12 0.310526 -7.10021e-07
-10.8 0.310526 -6.70035e-07
-9.6 0.310526 -5.89957e-07
-8.4 0.310526 -4.95128e-07
-7.2 0.310526 -4.20838e-07
-6 0.310526 -3.62359e-07
-4.8 0.310526 -2.97174e-07
-3.6 0.310526 -2.20778e-07
-2.4 0.310526 -1.44928e-07
-1.2 0.310526 -7.37116e-08
0 0.310526 3.71331e-09
1.2 0.310526 9.62587e-08
2.4 0.310526 1.94237e-07
3.6 0.310526 2.75513e-07
4.8 0.310526 3.33814e-07
6 0.310526 4.02271e-07
7.2 0.310526 5.34948e-07
8.4 0.310526 7.49109e-07
9.6 0.310526 9.94495e-07
10.8 0.310526 1.19869e-06
12 0.310526 1.33337e-06
13.2 0.310526 1.42233e-06
14.4 0.310526 1.50622e-06
15.6 0.310526 1.62086e-06
16.8 0.310526 1.78827e-06
18 0.310526 1.98608e-06
19.2 0.310526 2.12376e-06
20.4 0.310526 2.1128e-06
21.6 0.310526 2.02816e-06
22.8 0.310526 2.16639e-06
24 0.310526 2.77582e-06
25.2 0.310526 3.58475e-06
26.4 0.310526 3.74082e-06
27.6 0.310526 2.62603e-06
28.8 0.310526 8.60453e-07
30 0.310526 -2.19419e-36
-30 0.415789 2.06251e-36
-28.8 0.415789 -7.9996e-07
-27.6 0.415789 -2.46109e-06
-26.4 0.415789 -3.528e-06
-25.2 0.415789 -3.38833e-06
-24 0.415789 -2.60791e-06
-22.8 0.415789 -2.0075e-06
-21.6 0.415789 -1.87683e-06
-20.4 0.415789 -2.0074e-06
-19.2 0.415789 -2.1008e-06
-18 0.415789 -1.99794e-06
-16.8 0.415789 -1.68461e-06
-15.6 0.415789 -1.26066e-06
-14.4 0.415789 -8.95555e-07
-13.2 0.415789 -7.04461e-07
-12 0.415789 -6.49975e-07
-10.8 0.415789 -6.14464e-07
-9.6 0.415789 -5.39382e-07
-8.4 0.415789 -4.50956e-07
-7.2 0.415789 -3.83706e-07
-6 0.415789 -3.31662e-07
-4.8 0.415789 -2.72202e-07
-3.6 0.415789 -2.01585e-07
-2.4 0.415789 -1.31966e-07
-1.2 0.415789 -6.72734e-08
0 0.415789 3.4671e-09
1.2 0.415789 8.92839e-08
2.4 0.415789 1.80953e-07
3.6 0.415789 2.56866e-07
4.8 0.415789 3.10494e-07
6 0.415789 3.73558e-07
7.2 0.415789 4.98389e-07
8.4 0.415789 7.01773e-07
9.6 0.415789 9.35006e-07
10.8 0.415789 1.12823e-06
12 0.415789 1.25497e-06
13.2 0.415789 1.33899e-06
14.4 0.415789 1.41851e-06
15.6 0.415789 1.5256e-06
16.8 0.415789 1.68107e-06
18 0.415789 1.86721e-06
19.2 0.415789 2.00093e-06
20.4 0.415789 1.99389e-06
21.6 0.415789 1.90993e-06
22.8 0.415789 2.03313e-06
24 0.415789 2.60957e-06
25.2 0.415789 3.37951e-06
26.4 0.415789 3.52295e-06
27.6 0.415789 2.46157e-06
28.8 0.415789 8.01135e-07
30 0.415789 -2.0626e-36
-30 0.521053 1.93068e-36
-28.8 0.521053 -7.43122e-07
-27.6 0.521053 -2.2988e-06
-26.4 0.521053 -3.30841e-06
-25.2 0.521053 -3.18123e-06
-24 0.521053 -2.44347e-06
-22.8 0.521053 -1.87763e-06
-21.6 0.521053 -1.75966e-06
-20.4 0.521053 -1.88563e-06
-19.2 0.521053 -1.972e-06
-18 0.521053 -1.8732e-06
-16.8 0.521053 -1.57621e-06
-15.6 0.521053 -1.17214e-06
-14.4 0.521053 -8.22521e-07
-13.2 0.521053 -6.40865e-07
-12 0.521053 -5.91961e-07
-10.8 0.521053 -5.60842e-07
-9.6 0.521053 -4.90863e-07
-8.4 0.521053 -4.08761e-07
-7.2 0.521053 -3.48163e-07
-6 0.521053 -3.02125e-07
-4.8 0.521053 -2.48144e-07
-3.6 0.521053 -1.8317e-07
-2.4 0.521053 -1.19588e-07
-1.2 0.521053 -6.11323e-08
0 0.521053 3.22578e-09
1.2 0.521053 8.2543e-08
2.4 0.521053 1.68033e-07
3.6 0.521053 2.38699e-07
4.8 0.521053 2.87874e-07
6 0.521053 3.45807e-07
7.2 0.521053 4.62819e-07
8.4 0.521053 6.55078e-07
9.6 0.521053 8.757e-07
10.8 0.521053 1.05774e-06
12 0.521053 1.17653e-06
13.2 0.521053 1.2556e-06
14.4 0.521053 1.33069e-06
15.6 0.521053 1.43033e-06
16.8 0.521053 1.5741e-06
18 0.521053 1.74871e-06
19.2 0.521053 1.87795e-06
20.4 0.521053 1.87399e-06
21.6 0.521053 1.79112e-06
22.8 0.521053 1.90103e-06
24 0.521053 2.44439e-06
25.2 0.521053 3.17297e-06
26.4 0.521053 3.30402e-06
27.6 0.521053 2.29944e-06
28.8 0.521053 7.4424e-07
30 0.521053 -1.93097e-36
-30 0.626316 1.79918e-36
-28.8 0.626316 -6.8817e-07
-27.6 0.626316 -2.13854e-06
-26.4 0.626316 -3.0882e-06
-25.2 0.626316 -2.97295e-06
-24 0.626316 -2.27968e-06
-22.8 0.626316 -1.74878e-06
-21.6 0.626316 -1.64218e-06
-20.4 0.626316 -1.76301e-06
-19.2 0.626316 -1.8429e-06
-18 0.626316 -1.7486e-06
-16.8 0.626316 -1.46831e-06
-15.6 0.626316 -1.08488e-06
-14.4 0.626316 -7.51577e-07
-13.2 0.626316 -5.79601e-07
-12 0.626316 -5.36049e-07
-10.8 0.626316 -5.09185e-07
-9.6 0.626316 -4.44378e-07
-8.4 0.626316 -3.68527e-07
-7.2 0.626316 -3.14207e-07
-6 0.626316 -2.73751e-07
-4.8 0.626316 -2.25001e-07
-3.6 0.626316 -1.65535e-07
-2.4 0.626316 -1.07792e-07
-1.2 0.626316 -5.52817e-08
0 0.626316 2.99233e-09
1.2 0.626316 7.60228e-08
2.4 0.626316 1.55448e-07
3.6 0.626316 2.20974e-07
4.8 0.626316 2.65907e-07
6 0.626316 3.18951e-07
7.2 0.626316 4.2816e-07
8.4 0.626316 6.08973e-07
9.6 0.626316 8.16568e-07
10.8 0.626316 9.8721e-07
12 0.626316 1.09807e-06
13.2 0.626316 1.17218e-06
14.4 0.626316 1.24277e-06
15.6 0.626316 1.33501e-06
16.8 0.626316 1.46739e-06
18 0.626316 1.63059e-06
19.2 0.626316 1.75475e-06
20.4 0.626316 1.75312e-06
21.6 0.626316 1.67194e-06
22.8 0.626316 1.77003e-06
24 0.626316 2.27995e-06
25.2 0.626316 2.96527e-06
26.4 0.626316 3.08441e-06
27.6 0.626316 2.1393e-06
28.8 0.626316 6.89221e-07
30 0.626316 -1.79964e-36
-30 0.731579 1.66815e-36
-28.8 0.731579 -6.34719e-07
-27.6 0.731579 -1.98003e-06
-26.4 0.731579 -2.86763e-06
-25.2 0.731579 -2.76366e-06
-24 0.731579 -2.1163e-06
-22.8 0.731579 -1.62085e-06
-21.6 0.731579 -1.52456e-06
-20.4 0.731579 -1.63962e-06
-19.2 0.731579 -1.71344e-06
-18 0.731579 -1.62413e-06
-16.8 0.731579 -1.36092e-06
-15.6 0.731579 -9.98896e-07
-14.4 0.731579 -6.82753e-07
-13.2 0.731579 -5.20741e-07
-12 0.731579 -4.82307e-07
-10.8 0.731579 -4.5951e-07
-9.6 0.731579 -3.99908e-07
-8.4 0.731579 -3.30235e-07
-7.2 0.731579 -2.81838e-07
-6 0.731579 -2.46546e-07
-4.8 0.731579 -2.02778e-07
-3.6 0.731579 -1.48679e-07
-2.4 0.731579 -9.65764e-08
-1.2 0.731579 -4.97148e-08
0 0.731579 2.76866e-09
1.2 0.731579 6.97095e-08
2.4 0.731579 1.43169e-07
3.6 0.731579 2.03654e-07
4.8 0.731579 2.44543e-07
6 0.731579 2.9292e-07
7.2 0.731579 3.94337e-07
8.4 0.731579 5.63411e-07
9.6 0.731579 7.57599e-07
10.8 0.731579 9.1666e-07
12 0.731579 1.01959e-06
13.2 0.731579 1.08872e-06
14.4 0.731579 1.15473e-06
15.6 0.731579 1.23966e-06
16.8 0.731579 1.36096e-06
18 0.731579 1.51283e-06
19.2 0.731579 1.63127e-06
20.4 0.731579 1.63133e-06
21.6 0.731579 1.55254e-06
22.8 0.731579 1.64004e-06
24 0.731579 2.11604e-06
25.2 0.731579 2.75655e-06
26.4 0.731579 2.86438e-06
27.6 0.731579 1.98087e-06
28.8 0.731579 6.35699e-07
30 0.731579 -1.66875e-36
-30 0.836842 1.53765e-36
-28.8 0.836842 -5.8249e-07
-27.6 0.836842 -1.82302e-06
-26.4 0.836842 -2.64686e-06
-25.2 0.836842 -2.55349e-06
-24 0.836842 -1.95318e-06
-22.8 0.836842 -1.49372e-06
-21.6 0.836842 -1.40689e-06
-20.4 0.836842 -1.51554e-06
-19.2 0.836842 -1.58357e-06
-18 0.836842 -1.49973e-06
-16.8 0.836842 -1.25405e-06
-15.6 0.836842 -9.14188e-07
-14.4 0.836842 -6.16079e-07
-13.2 0.836842 -4.64356e-07
-12 0.836842 -4.30799e-07
-10.8 0.836842 -4.11833e-07
-9.6 0.836842 -3.57434e-07
-8.4 0.836842 -2.93868e-07
-7.2 0.836842 -2.51052e-07
-6 0.836842 -2.20514e-07
-4.8 0.836842 -1.81478e-07
-3.6 0.836842 -1.32604e-07
-2.4 0.836842 -8.59355e-08
-1.2 0.836842 -4.44245e-08
0 0.836842 2.55552e-09
1.2 0.836842 6.35891e-08
2.4 0.836842 1.31166e-07
3.6 0.836842 1.86702e-07
4.8 0.836842 2.23734e-07
6 0.836842 2.67645e-07
7.2 0.836842 3.61279e-07
8.4 0.836842 5.18343e-07
9.6 0.836842 6.98779e-07
10.8 0.836842 8.46094e-07
12 0.836842 9.41091e-07
13.2 0.836842 1.00522e-06
14.4 0.836842 1.06657e-06
15.6 0.836842 1.14428e-06
16.8 0.836842 1.25483e-06
18 0.836842 1.39539e-06
19.2 0.836842 1.50745e-06
20.4 0.836842 1.50872e-06
21.6 0.836842 1.43303e-06
22.8 0.836842 1.51094e-06
24 0.836842 1.95248e-06
25.2 0.836842 2.54697e-06
26.4 0.836842 2.64411e-06
27.6 0.836842 1.82392e-06
28.8 0.836842 5.83393e-07
30 0.836842 -1.53834e-36
-30 0.942105 1.40766e-36
-28.8 0.942105 -5.31268e-07
-27.6 0.942105 -1.66731e-06
-26.4 0.942105 -2.426e-06
-25.2 0.942105 -2.34257e-06
-24 0.942105 -1.79021e-06
-22.8 0.942105 -1.3673e-06
-21.6 0.942105 -1.28926e-06
-20.4 0.942105 -1.39086e-06
-19.2 0.942105 -1.45328e-06
-18 0.942105 -1.37537e-06
-16.8 0.942105 -1.14768e-06
-15.6 0.942105 -8.30776e-07
-14.4 0.942105 -5.51595e-07
-13.2 0.942105 -4.1051e-07
-12 0.942105 -3.81583e-07
-10.8 0.942105 -3.66174e-07
-9.6 0.942105 -3.16944e-07
-8.4 0.942105 -2.59409e-07
-7.2 0.942105 -2.21844e-07
-6 0.942105 -1.9566e-07
-4.8 0.942105 -1.61107e-07
-3.6 0.942105 -1.1731e-07
-2.4 0.942105 -7.58644e-08
-1.2 0.942105 -3.94038e-08
0 0.942105 2.35267e-09
1.2 0.942105 5.76471e-08
2.4 0.942105 1.19415e-07
3.6 0.942105 1.70084e-07
4.8 0.942105 2.03431e-07
6 0.942105 2.43062e-07
7.2 0.942105 3.28916e-07
8.4 0.942105 4.73723e-07
9.6 0.942105 6.40095e-07
10.8 0.942105 7.75518e-07
12 0.942105 8.62593e-07
13.2 0.942105 9.21677e-07
14.4 0.942105 9.78272e-07
15.6 0.942105 1.04887e-06
16.8 0.942105 1.149e-06
18 0.942105 1.27825e-06
19.2 0.942105 1.3833e-06
20.4 0.942105 1.38537e-06
21.6 0.942105 1.31347e-06
22.8 0.942105 1.38263e-06
24 0.942105 1.78918e-06
25.2 0.942105 2.33664e-06
26.4 0.942105 2.42369e-06
27.6 0.942105 1.66823e-06
28.8 0.942105 5.32092e-07
30 0.942105 -1.40841e-36
-30 1.04737 1.27817e-36
-28.8 1.04737 -4.80882e-07
-27.6 1.04737 -1.51273e-06
-26.4 1.04737 -2.20513e-06
-25.2 1.04737 -2.13102e-06
-24 1.04737 -1.62732e-06
-22.8 1.04737 -1.24147e-06
-21.6 1.04737 -1.17171e-06
-20.4 1.04737 -1.26566e-06
-19.2 1.04737 -1.32256e-06
-18 1.04737 -1.251e-06
-16.8 1.04737 -1.04181e-06
-15.6 1.04737 -7.48679e-07
-14.4 1.04737 -4.89344e-07
-13.2 1.04737 -3.59265e-07
-12 1.04737 -3.34714e-07
-10.8 1.04737 -3.22551e-07
-9.6 1.04737 -2.78427e-07
-8.4 1.04737 -2.26841e-07
-7.2 1.04737 -1.94208e-07
-6 1.04737 -1.71987e-07
-4.8 1.04737 -1.41671e-07
-3.6 1.04737 -1.02798e-07
-2.4 1.04737 -6.6357e-08
-1.2 1.04737 -3.46456e-08
0 1.04737 2.15888e-09
1.2 1.04737 5.18691e-08
2.4 1.04737 1.07889e-07
3.6 1.04737 1.53766e-07
4.8 1.04737 1.83586e-07
6 1.04737 2.19105e-07
7.2 1.04737 2.97179e-07
8.4 1.04737 4.29506e-07
9.6 1.04737 5.81533e-07
10.8 1.04737 7.04939e-07
12 1.04737 7.84099e-07
13.2 1.04737 8.38093e-07
14.4 1.04737 8.89842e-07
15.6 1.04737 9.53457e-07
16.8 1.04737 1.04347e-06
18 1.04737 1.16135e-06
19.2 1.04737 1.25879e-06
20.4 1.04737 1.26137e-06
21.6 1.04737 1.19392e-06
22.8 1.04737 1.25501e-06
24 1.04737 1.62606e-06
25.2 1.04737 2.12568e-06
26.4 1.04737 2.20321e-06
27.6 1.04737 1.51363e-06
28.8 1.04737 4.81625e-07
30 1.04737 -1.27894e-36
-30 1.15263 1.14914e-36
-28.8 1.15263 -4.31196e-07
-27.6 1.15263 -1.35911e-06
-26.4 1.15263 -1.98428e-06
-25.2 1.15263 -1.91894e-06
-24 1.15263 -1.46446e-06
-22.8 1.15263 -1.11616e-06
-21.6 1.15263 -1.05427e-06
-20.4 1.15263 -1.14003e-06
-19.2 1.15263 -1.19142e-06
-18 1.15263 -1.12656e-06
-16.8 1.15263 -9.36395e-07
-15.6 1.15263 -6.67914e-07
-14.4 1.15263 -4.29375e-07
-13.2 1.15263 -3.10683e-07
-12 1.15263 -2.9024e-07
-10.8 1.15263 -2.80983e-07
-9.6 1.15263 -2.41874e-07
-8.4 1.15263 -1.96149e-07
-7.2 1.15263 -1.68135e-07
-6 1.15263 -1.49499e-07
-4.8 1.15263 -1.23178e-07
-3.6 1.15263 -8.90701e-08
-2.4 1.15263 -5.74061e-08
-1.2 1.15263 -3.01426e-08
0 1.15263 1.97201e-09
1.2 1.15263 4.62406e-08
2.4 1.15263 9.65647e-08
3.6 1.15263 1.37714e-07
4.8 1.15263 1.64152e-07
6 1.15263 1.9571e-07
7.2 1.15263 2.66004e-07
8.4 1.15263 3.85646e-07
9.6 1.15263 5.23082e-07
10.8 1.15263 6.34365e-07
12 1.15263 7.05614e-07
13.2 1.15263 7.54462e-07
14.4 1.15263 8.01282e-07
15.6 1.15263 8.58047e-07
16.8 1.15263 9.38228e-07
18 1.15263 1.04466e-06
19.2 1.15263 1.13394e-06
20.4 1.15263 1.13679e-06
21.6 1.15263 1.07441e-06
22.8 1.15263 1.12798e-06
24 1.15263 1.46306e-06
25.2 1.15263 1.91418e-06
26.4 1.15263 1.9827e-06
27.6 1.15263 1.35998e-06
28.8 1.15263 4.31858e-07
30 1.15263 -1.14991e-36
-30 1.25789 1.02053e-36
-28.8 1.25789 -3.82093e-07
-27.6 1.25789 -1.20633e-06
-26.4 1.25789 -1.76349e-06
-25.2 1.25789 -1.7064e-06
-24 1.25789 -1.3016e-06
-22.8 1.25789 -9.91281e-07
-21.6 1.25789 -9.36949e-07
-20.4 1.25789 -1.01406e-06
-19.2 1.25789 -1.0599e-06
-18 1.25789 -1.00202e-06
-16.8 1.25789 -8.31408e-07
-15.6 1.25789 -5.88494e-07
-14.4 1.25789 -3.71743e-07
-13.2 1.25789 -2.64827e-07
-12 1.25789 -2.48206e-07
-10.8 1.25789 -2.41489e-07
-9.6 1.25789 -2.07282e-07
-8.4 1.25789 -1.67317e-07
-7.2 1.25789 -1.43615e-07
-6 1.25789 -1.28201e-07
-4.8 1.25789 -1.05638e-07
-3.6 1.25789 -7.61267e-08
-2.4 1.25789 -4.90039e-08
-1.2 1.25789 -2.58881e-08
0 1.25789 1.78916e-09
1.2 1.25789 4.07472e-08
2.4 1.25789 8.54186e-08
3.6 1.25789 1.21896e-07
4.8 1.25789 1.45082e-07
6 1.25789 1.72814e-07
7.2 1.25789 2.35324e-07
8.4 1.25789 3.421e-07
9.6 1.25789 4.64727e-07
10.8 1.25789 5.638e-07
12 1.25789 6.2714e-07
13.2 1.25789 6.70781e-07
14.4 1.25789 7.12598e-07
15.6 1.25789 7.62649e-07
16.8 1.25789 8.33253e-07
18 1.25789 9.28153e-07
19.2 1.25789 1.00877e-06
20.4 1.25789 1.01172e-06
21.6 1.25789 9.54955e-07
22.8 1.25789 1.00147e-06
24 1.25789 1.30015e-06
25.2 1.25789 1.70223e-06
26.4 1.25789 1.76221e-06
27.6 1.25789 1.20714e-06
28.8 1.25789 3.82677e-07
30 1.25789 -1.02125e-36
-30 1.36316 8.92271e-37
-28.8 1.36316 -3.33478e-07
-27.6 1.36316 -1.05425e-06
-26.4 1.36316 -1.54278e-06
-25.2 1.36316 -1.4935e-06
-24 1.36316 -1.13873e-06
-22.8 1.36316 -8.66752e-07
-21.6 1.36316 -8.1975e-07
-20.4 1.36316 -8.87797e-07
-19.2 1.36316 -9.28015e-07
-18 1.36316 -8.77342e-07
-16.8 1.36316 -7.26802e-07
-15.6 1.36316 -5.10429e-07
-14.4 1.36316 -3.16506e-07
-13.2 1.36316 -2.21758e-07
-12 1.36316 -2.08652e-07
-10.8 1.36316 -2.04086e-07
-9.6 1.36316 -1.7465e-07
-8.4 1.36316 -1.4033e-07
-7.2 1.36316 -1.20635e-07
-6 1.36316 -1.08095e-07
-4.8 1.36316 -8.90612e-08
-3.6 1.36316 -6.39688e-08
-2.4 1.36316 -4.11415e-08
-1.2 1.36316 -2.18754e-08
0 1.36316 1.60668e-09
1.2 1.36316 3.53744e-08
2.4 1.36316 7.44277e-08
3.6 1.36316 1.06281e-07
4.8 1.36316 1.2633e-07
6 1.36316 1.50353e-07
7.2 1.36316 2.05075e-07
8.4 1.36316 2.98824e-07
9.6 1.36316 4.06458e-07
10.8 1.36316 4.93249e-07
12 1.36316 5.4868e-07
13.2 1.36316 5.8705e-07
14.4 1.36316 6.23801e-07
15.6 1.36316 6.67272e-07
16.8 1.36316 7.28526e-07
18 1.36316 8.11787e-07
19.2 1.36316 8.83312e-07
20.4 1.36316 8.86222e-07
21.6 1.36316 8.35565e-07
22.8 1.36316 8.75407e-07
24 1.36316 1.1373e-06
25.2 1.36316 1.4899e-06
26.4 1.36316 1.54174e-06
27.6 1.36316 1.05499e-06
28.8 1.36316 3.33984e-07
30 1.36316 -8.92946e-37
-30 1.46842 7.64329e-37
-28.8 1.46842 -2.85266e-07
-27.6 1.46842 -9.0276e-07
-26.4 1.46842 -1.32213e-06
-25.2 1.46842 -1.2803e-06
-24 1.46842 -9.75833e-07
-22.8 1.46842 -7.42512e-07
-21.6 1.46842 -7.02666e-07
-20.4 1.46842 -7.61323e-07
-19.2 1.46842 -7.9582e-07
-18 1.46842 -7.52489e-07
-16.8 1.46842 -6.22525e-07
-15.6 1.46842 -4.33725e-07
-14.4 1.46842 -2.63725e-07
-13.2 1.46842 -1.81539e-07
-12 1.46842 -1.71612e-07
-10.8 1.46842 -1.6879e-07
-9.6 1.46842 -1.4398e-07
-8.4 1.46842 -1.15173e-07
-7.2 1.46842 -9.91825e-08
-6 1.46842 -8.9186e-08
-4.8 1.46842 -7.34589e-08
-3.6 1.46842 -5.25968e-08
-2.4 1.46842 -3.38095e-08
-1.2 1.46842 -1.80985e-08
0 1.46842 1.42038e-09
1.2 1.46842 3.01083e-08
2.4 1.46842 6.35699e-08
3.6 1.46842 9.08369e-08
4.8 1.46842 1.07849e-07
6 1.46842 1.28268e-07
7.2 1.46842 1.75194e-07
8.4 1.46842 2.55776e-07
9.6 1.46842 3.48262e-07
10.8 1.46842 4.22716e-07
12 1.46842 4.70233e-07
13.2 1.46842 5.0327e-07
14.4 1.46842 5.349e-07
15.6 1.46842 5.71919e-07
16.8 1.46842 6.24018e-07
18 1.46842 6.95541e-07
19.2 1.46842 7.57583e-07
20.4 1.46842 7.60361e-07
21.6 1.46842 7.16242e-07
22.8 1.46842 7.49712e-07
24 1.46842 9.74498e-07
25.2 1.46842 1.27725e-06
26.4 1.46842 1.32131e-06
27.6 1.46842 9.0342e-07
28.8 1.46842 2.85696e-07
30 1.46842 -7.64933e-37
-30 1.57368 6.36651e-37
-28.8 1.57368 -2.37383e-07
-27.6 1.57368 -7.51765e-07
-26.4 1.57368 -1.10155e-06
-25.2 1.57368 -1.06685e-06
-24 1.57368 -8.12913e-07
-22.8 1.57368 -6.18501e-07
-21.6 1.57368 -5.85682e-07
-20.4 1.57368 -6.34692e-07
-19.2 1.57368 -6.63358e-07
-18 1.57368 -6.27433e-07
-16.8 1.57368 -5.18519e-07
-15.6 1.57368 -3.58382e-07
-14.4 1.57368 -2.13467e-07
-13.2 1.57368 -1.44234e-07
-12 1.57368 -1.37118e-07
-10.8 1.57368 -1.35621e-07
-9.6 1.57368 -1.15278e-07
-8.4 1.57368 -9.18306e-08
-7.2 1.57368 -7.92397e-08
-6 1.57368 -7.14794e-08
-4.8 1.57368 -5.8844e-08
-3.6 1.57368 -4.20099e-08
-2.4 1.57368 -2.6998e-08
-1.2 1.57368 -1.45522e-08
0 1.57368 1.22569e-09
1.2 1.57368 2.49351e-08
2.4 1.57368 5.28232e-08
3.6 1.57368 7.55328e-08
4.8 1.57368 8.95942e-08
6 1.57368 1.06495e-07
7.2 1.57368 1.45617e-07
8.4 1.57368 2.12916e-07
9.6 1.57368 2.90129e-07
10.8 1.57368 3.52203e-07
12 1.57368 3.918e-07
13.2 1.57368 4.19444e-07
14.4 1.57368 4.45911e-07
15.6 1.57368 4.76593e-07
16.8 1.57368 5.19704e-07
18 1.57368 5.7939e-07
19.2 1.57368 6.31623e-07
20.4 1.57368 6.34199e-07
21.6 1.57368 5.96981e-07
22.8 1.57368 6.24329e-07
24 1.57368 8.11728e-07
25.2 1.57368 1.06435e-06
26.4 1.57368 1.10092e-06
27.6 1.57368 7.52328e-07
28.8 1.57368 2.37738e-07
30 1.57368 -6.3717e-37
-30 1.67895 5.09186e-37
-28.8 1.67895 -1.89764e-07
-27.6 1.67895 -6.01162e-07
-26.4 1.67895 -8.81032e-07
-25.2 1.67895 -8.53216e-07
-24 1.67895 -6.49975e-07
-22.8 1.67895 -4.94669e-07
-21.6 1.67895 -4.68779e-07
-20.4 1.67895 -5.07956e-07
-19.2 1.67895 -5.30685e-07
-18 1.67895 -5.02154e-07
-16.8 1.67895 -4.14719e-07
-15.6 1.67895 -2.84397e-07
-14.4 1.67895 -1.65802e-07
-13.2 1.67895 -1.09907e-07
-12 1.67895 -1.05194e-07
-10.8 1.67895 -1.04595e-07
-9.6 1.67895 -8.85544e-08
-8.4 1.67895 -7.02857e-08
-7.2 1.67895 -6.07885e-08
-6 1.67895 -5.4982e-08
-4.8 1.67895 -4.52303e-08
-3.6 1.67895 -3.22063e-08
-2.4 1.67895 -2.06968e-08
-1.2 1.67895 -1.12324e-08
0 1.67895 1.01801e-09
1.2 1.67895 1.98417e-08
2.4 1.67895 4.21658e-08
3.6 1.67895 6.03379e-08
4.8 1.67895 7.15211e-08
6 1.67895 8.4973e-08
7.2 1.67895 1.1628e-07
8.4 1.67895 1.70203e-07
9.6 1.67895 2.32048e-07
10.8 1.67895 2.81709e-07
12 1.67895 3.13378e-07
13.2 1.67895 3.35577e-07
14.4 1.67895 3.56846e-07
15.6 1.67895 3.81292e-07
16.8 1.67895 4.15552e-07
18 1.67895 4.63316e-07
19.2 1.67895 5.05467e-07
20.4 1.67895 5.07789e-07
21.6 1.67895 4.77775e-07
22.8 1.67895 4.992e-07
24 1.67895 6.48985e-07
25.2 1.67895 8.51245e-07
26.4 1.67895 8.80558e-07
27.6 1.67895 6.01621e-07
28.8 1.67895 1.90045e-07
30 1.67895 -5.09611e-37
-30 1.78421 3.81885e-37
-28.8 1.78421 -1.42347e-07
-27.6 1.78421 -4.50863e-07
-26.4 1.78421 -6.6056e-07
-25.2 1.78421 -6.39437e-07
-24 1.78421 -4.87031e-07
-22.8 1.78421 -3.70972e-07
-21.6 1.78421 -3.51932e-07
-20.4 1.78421 -3.81156e-07
-19.2 1.78421 -3.9786e-07
-18 1.78421 -3.76635e-07
-16.8 1.78421 -3.1105e-07
-15.6 1.78421 -2.11757e-07
-14.4 1.78421 -1.2081e-07
-13.2 1.78421 -7.86233e-08
-12 1.78421 -7.58568e-08
-10.8 1.78421 -7.57328e-08
-9.6 1.78421 -6.38245e-08
-8.4 1.78421 -5.05178e-08
-7.2 1.78421 -4.38086e-08
-6 1.78421 -3.9704e-08
-4.8 1.78421 -3.26315e-08
-3.6 1.78421 -2.31817e-08
-2.4 1.78421 -1.48966e-08
-1.2 1.78421 -8.13629e-09
0 1.78421 7.93128e-10
1.2 1.78421 1.48153e-08
2.4 1.78421 3.15754e-08
3.6 1.78421 4.52214e-08
4.8 1.78421 5.35856e-08
6 1.78421 6.36419e-08
7.2 1.78421 8.71219e-08
8.4 1.78421 1.27598e-07
9.6 1.78421 1.74008e-07
10.8 1.78421 2.11236e-07
12 1.78421 2.34967e-07
13.2 1.78421 2.51676e-07
14.4 1.78421 2.6772e-07
15.6 1.78421 2.86015e-07
16.8 1.78421 3.11533e-07
18 1.78421 3.47301e-07
19.2 1.78421 3.79155e-07
20.4 1.78421 3.81186e-07
21.6 1.78421 3.58616e-07
22.8 1.78421 3.74273e-07
24 1.78421 4.86266e-07
25.2 1.78421 6.37984e-07
26.4 1.78421 6.60226e-07
27.6 1.78421 4.51211e-07
28.8 1.78421 1.42556e-07
30 1.78421 -3.8221e-37
-30 1.88947 2.54702e-37
-28.8 1.88947 -9.50761e-08
-27.6 1.88947 -3.00782e-07
-26.4 1.88947 -4.40118e-07
-25.2 1.88947 -4.25557e-07
-24 1.88947 -3.24091e-07
-22.8 1.88947 -2.47375e-07
-21.6 1.88947 -2.35112e-07
-20.4 1.88947 -2.54324e-07
-19.2 1.88947 -2.64951e-07
-18 1.88947 -2.50876e-07
-16.8 1.88947 -2.07426e-07
-15.6 1.88947 -1.40442e-07
-14.4 1.88947 -7.85795e-08
-13.2 1.88947 -5.04449e-08
-12 1.88947 -4.91139e-08
-10.8 1.88947 -4.90625e-08
-9.6 1.88947 -4.1108e-08
-8.4 1.88947 -3.24995e-08
-7.2 1.88947 -2.82796e-08
-6 1.88947 -2.56601e-08
-4.8 1.88947 -2.10602e-08
-3.6 1.88947 -1.49297e-08
-2.4 1.88947 -9.58908e-09
-1.2 1.88947 -5.26218e-09
0 1.88947 5.47681e-10
1.2 1.88947 9.84378e-09
2.4 1.88947 2.10295e-08
3.6 1.88947 3.01525e-08
4.8 1.88947 3.57441e-08
6 1.88947 4.24403e-08
7.2 1.88947 5.80783e-08
8.4 1.88947 8.50629e-08
9.6 1.88947 1.16e-07
10.8 1.88947 1.4078e-07
12 1.88947 1.56563e-07
13.2 1.88947 1.67748e-07
14.4 1.88947 1.7855e-07
15.6 1.88947 1.90757e-07
16.8 1.88947 2.07614e-07
18 1.88947 2.31331e-07
19.2 1.88947 2.52724e-07
20.4 1.88947 2.54437e-07
21.6 1.88947 2.39492e-07
22.8 1.88947 2.495e-07
24 1.88947 3.23571e-07
25.2 1.88947 4.24611e-07
26.4 1.88947 4.39911e-07
27.6 1.88947 3.01014e-07
28.8 1.88947 9.5212e-08
30 1.88947 -2.5492e-37
-30 1.99474 1.27589e-37
-28.8 1.99474 -4.7898e-08
-27.6 1.99474 -1.50836e-07
-26.4 1.99474 -2.19689e-07
-25.2 1.99474 -2.11614e-07
-24 1.99474 -1.61166e-07
-22.8 1.99474 -1.2385e-07
-21.6 1.99474 -1.18298e-07
-20.4 1.99474 -1.27474e-07
-19.2 1.99474 -1.32025e-07
-18 1.99474 -1.24898e-07
-16.8 1.99474 -1.03739e-07
-15.6 1.99474 -7.04149e-08
-14.4 1.99474 -3.92231e-08
-13.2 1.99474 -2.54301e-08
-12 1.99474 -2.49535e-08
-10.8 1.99474 -2.46276e-08
-9.6 1.99474 -2.04275e-08
-8.4 1.99474 -1.61921e-08
-7.2 1.99474 -1.41843e-08
-6 1.99474 -1.28698e-08
-4.8 1.99474 -1.05258e-08
-3.6 1.99474 -7.44153e-09
-2.4 1.99474 -4.7682e-09
-1.2 1.99474 -2.60976e-09
0 1.99474 2.79891e-10
1.2 1.99474 4.91534e-09
2.4 1.99474 1.05044e-08
3.6 1.99474 1.51008e-08
4.8 1.99474 1.79535e-08
6 1.99474 2.13081e-08
7.2 1.99474 2.90848e-08
8.4 1.99474 4.25583e-08
9.6 1.99474 5.80151e-08
10.8 1.99474 7.03387e-08
12 1.99474 7.81643e-08
13.2 1.99474 8.38034e-08
14.4 1.99474 8.93494e-08
15.6 1.99474 9.5511e-08
16.8 1.99474 1.03763e-07
18 1.99474 1.15393e-07
19.2 1.99474 1.26216e-07
20.4 1.99474 1.2759e-07
21.6 1.99474 1.20391e-07
22.8 1.99474 1.24833e-07
24 1.99474 1.609e-07
25.2 1.99474 2.11169e-07
26.4 1.99474 2.19602e-07
27.6 1.99474 1.50948e-07
28.8 1.99474 4.79611e-08
30 1.99474 -1.27697e-37
-30 2.1 0
-28.8 2.1 0
-27.6 2.1 0
-26.4 2.1 0
-25.2 2.1 0
-24 2.1 0
-22.8 2.1 0
-21.6 2.1 0
-20.4 2.1 0
-19.2 2.1 0
-18 2.1 0
-16.8 2.1 0
-15.6 2.1 0
-14.4 2.1 0
-13.2 2.1 0
-12 2.1 0
-10.8 2.1 0
-9.6 2.1 0
-8.4 2.1 0
-7.2 2.1 0
-6 2.1 0
-4.8 2.1 0
-3.6 2.1 0
-2.4 2.1 0
-1.2 2.1 0
0 2.1 0
1.2 2.1 0
2.4 2.1 0
3.6 2.1 0
4.8 2.1 0
6 2.1 0
7.2 2.1 0
8.4 2.1 0
9.6 2.1 0
10.8 2.1 0
12 2.1 0
13.2 2.1 0
14.4 2.1 0
15.6 2.1 0
16.8 2.1 0
18 2.1 0
19.2 2.1 0
20.4 2.1 0
21.6 2.1 0
22.8 2.1 0
24 2.1 0
25.2 2.1 0
26.4 2.1 0
27.6 2.1 0
28.8 2.1 0
30 2.1 0
