-30 0.1 -9.85938e-39
-29.4 0.1 4.52517e-10
-28.8 0.1 4.5983e-09
-28.2 0.1 1.5742e-08
-27.6 0.1 3.56295e-08
-27 0.1 6.44322e-08
-26.4 0.1 1.01169e-07
-25.8 0.1 1.44295e-07
-25.2 0.1 1.92217e-07
-24.6 0.1 2.436e-07
-24 0.1 2.97454e-07
-23.4 0.1 3.53051e-07
-22.8 0.1 4.09784e-07
-22.2 0.1 4.67035e-07
-21.6 0.1 5.24112e-07
-21 0.1 5.80234e-07
-20.4 0.1 6.3457e-07
-19.8 0.1 6.86286e-07
-19.2 0.1 7.34578e-07
-18.6 0.1 7.78697e-07
-18 0.1 8.1796e-07
-17.4 0.1 8.51747e-07
-16.8 0.1 8.79507e-07
-16.2 0.1 9.00764e-07
-15.6 0.1 9.1512e-07
-15 0.1 9.22263e-07
-14.4 0.1 9.21973e-07
-13.8 0.1 9.14137e-07
-13.2 0.1 8.98771e-07
-12.6 0.1 8.76057e-07
-12 0.1 8.46371e-07
-11.4 0.1 8.10272e-07
-10.8 0.1 7.68426e-07
-10.2 0.1 7.21461e-07
-9.6 0.1 6.69799e-07
-9 0.1 6.13615e-07
-8.4 0.1 5.53061e-07
-7.8 0.1 4.88851e-07
-7.2 0.1 4.23054e-07
-6.6 0.1 3.59653e-07
-6 0.1 3.04155e-07
-5.4 0.1 2.61634e-07
-4.8 0.1 2.33172e-07
-4.2 0.1 2.11819e-07
-3.6 0.1 1.80453e-07
-3 0.1 1.14527e-07
-2.4 0.1 -8.2269e-09
-1.8 0.1 -1.91992e-07
-1.2 0.1 -4.07087e-07
-0.6 0.1 -5.87594e-07
0 0.1 -6.58302e-07
0.6 0.1 -5.84851e-07
1.2 0.1 -4.01661e-07
1.8 0.1 -1.84763e-07
2.4 0.1 -1.38337e-09
3 0.1 1.18088e-07
3.6 0.1 1.78513e-07
4.2 0.1 2.03927e-07
4.8 0.1 2.20617e-07
5.4 0.1 2.46371e-07
6 0.1 2.87514e-07
6.6 0.1 3.4168e-07
7.2 0.1 4.02765e-07
7.8 0.1 4.65068e-07
8.4 0.1 5.25225e-07
9 0.1 5.82135e-07
9.6 0.1 6.35893e-07
10.2 0.1 6.86722e-07
10.8 0.1 7.34433e-07
11.4 0.1 7.7839e-07
12 0.1 8.17746e-07
12.6 0.1 8.51682e-07
13.2 0.1 8.79537e-07
13.8 0.1 9.0081e-07
14.4 0.1 9.15135e-07
15 0.1 9.22237e-07
15.6 0.1 9.21932e-07
16.2 0.1 9.1413e-07
16.8 0.1 8.98857e-07
17.4 0.1 8.76263e-07
18 0.1 8.46633e-07
18.6 0.1 8.10385e-07
19.2 0.1 7.68072e-07
19.8 0.1 7.2038e-07
20.4 0.1 6.68111e-07
21 0.1 6.1217e-07
21.6 0.1 5.53524e-07
22.2 0.1 4.93168e-07
22.8 0.1 4.32072e-07
23.4 0.1 3.71164e-07
24 0.1 3.11327e-07
24.6 0.1 2.53451e-07
25.2 0.1 1.98524e-07
25.8 0.1 1.47735e-07
26.4 0.1 1.02518e-07
27 0.1 6.44635e-08
27.6 0.1 3.50282e-08
28.2 0.1 1.50402e-08
28.8 0.1 4.12551e-09
29.4 0.1 2.97185e-10
30 0.1 -1.00868e-38
-30 0.211111 -8.7372e-39
-29.4 0.211111 3.96646e-10
-28.8 0.211111 4.05877e-09
-28.2 0.211111 1.3913e-08
-27.6 0.211111 3.14941e-08
-27 0.211111 5.69308e-08
-26.4 0.211111 8.93268e-08
-25.8 0.211111 1.27294e-07
-25.2 0.211111 1.69419e-07
-24.6 0.211111 2.14539e-07
-24 0.211111 2.61807e-07
-23.4 0.211111 3.10611e-07
-22.8 0.211111 3.60446e-07
-22.2 0.211111 4.10789e-07
-21.6 0.211111 4.61047e-07
-21 0.211111 5.10551e-07
-20.4 0.211111 5.58586e-07
-19.8 0.211111 6.04434e-07
-19.2 0.211111 6.47399e-07
-18.6 0.211111 6.86833e-07
-18 0.211111 7.2213e-07
-17.4 0.211111 7.52738e-07
-16.8 0.211111 7.78153e-07
-16.2 0.211111 7.9793e-07
-15.6 0.211111 8.11688e-07
-15 0.211111 8.19119e-07
-14.4 0.211111 8.19995e-07
-13.8 0.211111 8.14173e-07
-13.2 0.211111 8.01618e-07
-12.6 0.211111 7.82425e-07
-12 0.211111 7.56855e-07
-11.4 0.211111 7.25348e-07
-10.8 0.211111 6.88487e-07
-10.2 0.211111 6.46891e-07
-9.6 0.211111 6.01062e-07
-9 0.211111 5.51277e-07
-8.4 0.211111 4.97686e-07
-7.8 0.211111 4.40733e-07
-7.2 0.211111 3.81876e-07
-6.6 0.211111 3.24241e-07
-6 0.211111 2.72591e-07
-5.4 0.211111 2.31871e-07
-4.8 0.211111 2.041e-07
-4.2 0.211111 1.84392e-07
-3.6 0.211111 1.58293e-07
-3 0.211111 1.03432e-07
-2.4 0.211111 -2.00152e-09
-1.8 0.211111 -1.64262e-07
-1.2 0.211111 -3.58066e-07
-0.6 0.211111 -5.22921e-07
0 0.211111 -5.88081e-07
0.6 0.211111 -5.20909e-07
1.2 0.211111 -3.54046e-07
1.8 0.211111 -1.58939e-07
2.4 0.211111 2.76321e-09
3 0.211111 1.05141e-07
3.6 0.211111 1.54995e-07
4.2 0.211111 1.7557e-07
4.8 0.211111 1.90578e-07
5.4 0.211111 2.14916e-07
6 0.211111 2.52918e-07
6.6 0.211111 3.01621e-07
7.2 0.211111 3.5547e-07
7.8 0.211111 4.09811e-07
8.4 0.211111 4.622e-07
9 0.211111 5.12026e-07
9.6 0.211111 5.59469e-07
10.2 0.211111 6.04637e-07
10.8 0.211111 6.4723e-07
11.4 0.211111 6.86604e-07
12 0.211111 7.21998e-07
12.6 0.211111 7.52713e-07
13.2 0.211111 7.78184e-07
13.8 0.211111 7.97964e-07
14.4 0.211111 8.11699e-07
15 0.211111 8.19103e-07
15.6 0.211111 8.19962e-07
16.2 0.211111 8.14152e-07
16.8 0.211111 8.01649e-07
17.4 0.211111 7.82546e-07
18 0.211111 7.57053e-07
18.6 0.211111 7.25508e-07
19.2 0.211111 6.88375e-07
19.8 0.211111 6.46244e-07
20.4 0.211111 5.99827e-07
21 0.211111 5.49937e-07
21.6 0.211111 4.97463e-07
22.2 0.211111 4.43324e-07
22.8 0.211111 3.88431e-07
23.4 0.211111 3.33656e-07
24 0.211111 2.79822e-07
24.6 0.211111 2.27748e-07
25.2 0.211111 1.78329e-07
25.8 0.211111 1.32633e-07
26.4 0.211111 9.19515e-08
27 0.211111 5.77228e-08
27.6 0.211111 3.127e-08
28.2 0.211111 1.33457e-08
28.8 0.211111 3.60587e-09
29.4 0.211111 2.35514e-10
30 0.211111 -9.09467e-39
-30 0.322222 -7.61507e-39
-29.4 0.322222 3.45305e-10
-28.8 0.322222 3.53545e-09
-28.2 0.322222 1.21169e-08
-27.6 0.322222 2.7416e-08
-27 0.322222 4.95258e-08
-26.4 0.322222 7.76448e-08
-25.8 0.322222 1.10549e-07
-25.2 0.322222 1.47007e-07
-24.6 0.322222 1.86017e-07
-24 0.322222 2.26865e-07
-23.4 0.322222 2.69045e-07
-22.8 0.322222 3.12141e-07
-22.2 0.322222 3.55718e-07
-21.6 0.322222 3.99279e-07
-21 0.322222 4.42256e-07
-20.4 0.322222 4.84046e-07
-19.8 0.322222 5.24039e-07
-19.2 0.322222 5.61646e-07
-18.6 0.322222 5.9631e-07
-18 0.322222 6.27509e-07
-17.4 0.322222 6.5476e-07
-16.8 0.322222 6.77612e-07
-16.2 0.322222 6.9566e-07
-15.6 0.322222 7.08547e-07
-15 0.322222 7.15978e-07
-14.4 0.322222 7.17724e-07
-13.8 0.322222 7.13628e-07
-13.2 0.322222 7.03619e-07
-12.6 0.322222 6.87731e-07
-12 0.322222 6.66128e-07
-11.4 0.322222 6.39132e-07
-10.8 0.322222 6.07222e-07
-10.2 0.322222 5.70969e-07
-9.6 0.322222 5.30911e-07
-9 0.322222 4.87425e-07
-8.4 0.322222 4.40706e-07
-7.8 0.322222 3.91037e-07
-7.2 0.322222 3.39365e-07
-6.6 0.322222 2.87996e-07
-6 0.322222 2.40852e-07
-5.4 0.322222 2.02541e-07
-4.8 0.322222 1.75775e-07
-4.2 0.322222 1.57595e-07
-3.6 0.322222 1.36266e-07
-3 0.322222 9.18484e-08
-2.4 0.322222 3.29322e-09
-1.8 0.322222 -1.37524e-07
-1.2 0.322222 -3.09754e-07
-0.6 0.322222 -4.58563e-07
0 0.322222 -5.17953e-07
0.6 0.322222 -4.57132e-07
1.2 0.322222 -3.06863e-07
1.8 0.322222 -1.33741e-07
2.4 0.322222 6.39647e-09
3 0.322222 9.21414e-08
3.6 0.322222 1.32053e-07
4.2 0.322222 1.48308e-07
4.8 0.322222 1.61845e-07
5.4 0.322222 1.84657e-07
6 0.322222 2.1925e-07
6.6 0.322222 2.6228e-07
7.2 0.322222 3.08882e-07
7.8 0.322222 3.55442e-07
8.4 0.322222 4.00336e-07
9 0.322222 4.43318e-07
9.6 0.322222 4.84576e-07
10.2 0.322222 5.24093e-07
10.8 0.322222 5.61491e-07
11.4 0.322222 5.96157e-07
12 0.322222 6.27439e-07
12.6 0.322222 6.54757e-07
13.2 0.322222 6.77636e-07
13.8 0.322222 6.95681e-07
14.4 0.322222 7.08554e-07
15 0.322222 7.1597e-07
15.6 0.322222 7.17703e-07
16.2 0.322222 7.13607e-07
16.8 0.322222 7.03621e-07
17.4 0.322222 6.87788e-07
18 0.322222 6.66254e-07
18.6 0.322222 6.39281e-07
19.2 0.322222 6.07245e-07
19.8 0.322222 5.70647e-07
20.4 0.322222 5.30101e-07
21 0.322222 4.86327e-07
21.6 0.322222 4.40122e-07
22.2 0.322222 3.92327e-07
22.8 0.322222 3.43781e-07
23.4 0.322222 2.95287e-07
24 0.322222 2.47602e-07
24.6 0.322222 2.01471e-07
25.2 0.322222 1.57694e-07
25.8 0.322222 1.17218e-07
26.4 0.322222 8.11876e-08
27 0.322222 5.08848e-08
27.6 0.322222 2.74885e-08
28.2 0.322222 1.16682e-08
28.8 0.322222 3.10972e-09
29.4 0.322222 1.83966e-10
30 0.322222 -8.06273e-39
-30 0.433333 -6.4976e-39
-29.4 0.433333 2.96921e-10
-28.8 0.433333 3.02415e-09
-28.2 0.433333 1.03488e-08
-27.6 0.433333 2.33912e-08
-27 0.433333 4.22155e-08
-26.4 0.433333 6.61222e-08
-25.8 0.433333 9.40574e-08
-25.2 0.433333 1.2497e-07
-24.6 0.433333 1.58016e-07
-24 0.433333 1.92604e-07
-23.4 0.433333 2.28322e-07
-22.8 0.433333 2.64835e-07
-22.2 0.433333 3.01788e-07
-21.6 0.433333 3.38771e-07
-21 0.433333 3.75316e-07
-20.4 0.433333 4.10921e-07
-19.8 0.433333 4.45082e-07
-19.2 0.433333 4.77308e-07
-18.6 0.433333 5.07133e-07
-18 0.433333 5.34117e-07
-17.4 0.433333 5.57847e-07
-16.8 0.433333 5.77931e-07
-16.2 0.433333 5.9401e-07
-15.6 0.433333 6.05763e-07
-15 0.433333 6.12912e-07
-14.4 0.433333 6.15236e-07
-13.8 0.433333 6.12575e-07
-13.2 0.433333 6.04839e-07
-12.6 0.433333 5.92017e-07
-12 0.433333 5.742e-07
-11.4 0.433333 5.51609e-07
-10.8 0.433333 5.24608e-07
-10.2 0.433333 4.93682e-07
-9.6 0.433333 4.59361e-07
-9 0.433333 4.22088e-07
-8.4 0.433333 3.82139e-07
-7.8 0.433333 3.39729e-07
-7.2 0.433333 2.95424e-07
-6.6 0.433333 2.50783e-07
-6 0.433333 2.08827e-07
-5.4 0.433333 1.73609e-07
-4.8 0.433333 1.48249e-07
-4.2 0.433333 1.31516e-07
-3.6 0.433333 1.14426e-07
-3 0.433333 7.97419e-08
-2.4 0.433333 7.56036e-09
-1.8 0.433333 -1.11863e-07
-1.2 0.433333 -2.62146e-07
-0.6 0.433333 -3.94413e-07
0 0.433333 -4.47768e-07
0.6 0.433333 -3.93432e-07
1.2 0.433333 -2.60139e-07
1.8 0.433333 -1.09291e-07
2.4 0.433333 9.38147e-09
3 0.433333 7.90247e-08
3.6 0.433333 1.09719e-07
4.2 0.433333 1.22224e-07
4.8 0.433333 1.34477e-07
5.4 0.433333 1.55586e-07
6 0.433333 1.86443e-07
6.6 0.433333 2.23575e-07
7.2 0.433333 2.62939e-07
7.8 0.433333 3.01936e-07
8.4 0.433333 3.3963e-07
9 0.433333 3.76006e-07
9.6 0.433333 4.11192e-07
10.2 0.433333 4.45058e-07
10.8 0.433333 4.77191e-07
11.4 0.433333 5.07045e-07
12 0.433333 5.34087e-07
12.6 0.433333 5.57852e-07
13.2 0.433333 5.77946e-07
13.8 0.433333 5.94021e-07
14.4 0.433333 6.05766e-07
15 0.433333 6.12909e-07
15.6 0.433333 6.15226e-07
16.2 0.433333 6.12562e-07
16.8 0.433333 6.04831e-07
17.4 0.433333 5.92035e-07
18 0.433333 5.74266e-07
18.6 0.433333 5.51715e-07
19.2 0.433333 5.24681e-07
19.8 0.433333 4.93571e-07
20.4 0.433333 4.58905e-07
21 0.433333 4.21302e-07
21.6 0.433333 3.81464e-07
22.2 0.433333 3.40139e-07
22.8 0.433333 2.98084e-07
23.4 0.433333 2.56025e-07
24 0.433333 2.14644e-07
24.6 0.433333 1.74605e-07
25.2 0.433333 1.36609e-07
25.8 0.433333 1.01484e-07
26.4 0.433333 7.02251e-08
27 0.433333 4.39486e-08
27.6 0.433333 2.36815e-08
28.2 0.433333 1.00039e-08
28.8 0.433333 2.63383e-09
29.4 0.433333 1.41271e-10
30 0.433333 -6.99518e-39
-30 0.544444 -5.38795e-39
-29.4 0.544444 2.50307e-10
-28.8 0.544444 2.52162e-09
-28.2 0.544444 8.60415e-09
-27.6 0.544444 1.94162e-08
-27 0.544444 3.49978e-08
-26.4 0.544444 5.47575e-08
-25.8 0.544444 7.78151e-08
-25.2 0.544444 1.033e-07
-24.6 0.544444 1.30522e-07
-24 0.544444 1.59002e-07
-23.4 0.544444 1.88415e-07
-22.8 0.544444 2.18495e-07
-22.2 0.544444 2.48962e-07
-21.6 0.544444 2.79488e-07
-21 0.544444 3.09696e-07
-20.4 0.544444 3.39182e-07
-19.8 0.544444 3.6754e-07
-19.2 0.544444 3.94373e-07
-18.6 0.544444 4.19303e-07
-18 0.544444 4.41969e-07
-17.4 0.544444 4.62029e-07
-16.8 0.544444 4.79154e-07
-16.2 0.544444 4.93037e-07
-15.6 0.544444 5.03399e-07
-15 0.544444 5.0999e-07
-14.4 0.544444 5.12606e-07
-13.8 0.544444 5.11091e-07
-13.2 0.544444 5.05345e-07
-12.6 0.544444 4.95333e-07
-12 0.544444 4.81096e-07
-11.4 0.544444 4.62771e-07
-10.8 0.544444 4.40615e-07
-10.2 0.544444 4.15008e-07
-9.6 0.544444 3.86415e-07
-9 0.544444 3.55301e-07
-8.4 0.544444 3.22019e-07
-7.8 0.544444 2.86797e-07
-7.2 0.544444 2.49963e-07
-6.6 0.544444 2.12453e-07
-6 0.544444 1.76374e-07
-5.4 0.544444 1.45019e-07
-4.8 0.544444 1.21582e-07
-4.2 0.544444 1.06278e-07
-3.6 0.544444 9.28542e-08
-3 0.544444 6.70808e-08
-2.4 0.544444 1.0667e-08
-1.8 0.544444 -8.74066e-08
-1.2 0.544444 -2.15252e-07
-0.6 0.544444 -3.30335e-07
0 0.544444 -3.77331e-07
0.6 0.544444 -3.29687e-07
1.2 0.544444 -2.13914e-07
1.8 0.544444 -8.57564e-08
2.4 0.544444 1.15475e-08
3 0.544444 6.57276e-08
3.6 0.544444 8.80566e-08
4.2 0.544444 9.74369e-08
4.8 0.544444 1.08549e-07
5.4 0.544444 1.27682e-07
6 0.544444 1.54405e-07
6.6 0.544444 1.85409e-07
7.2 0.544444 2.17589e-07
7.8 0.544444 2.49289e-07
8.4 0.544444 2.80092e-07
9 0.544444 3.10082e-07
9.6 0.544444 3.3929e-07
10.2 0.544444 3.67496e-07
10.8 0.544444 3.94302e-07
11.4 0.544444 4.19261e-07
12 0.544444 4.41959e-07
12.6 0.544444 4.62034e-07
13.2 0.544444 4.79161e-07
13.8 0.544444 4.93042e-07
14.4 0.544444 5.034e-07
15 0.544444 5.09989e-07
15.6 0.544444 5.12603e-07
16.2 0.544444 5.11085e-07
16.8 0.544444 5.05339e-07
17.4 0.544444 4.95335e-07
18 0.544444 4.81121e-07
18.6 0.544444 4.62829e-07
19.2 0.544444 4.40682e-07
19.8 0.544444 4.15002e-07
20.4 0.544444 3.86211e-07
21 0.544444 3.54827e-07
21.6 0.544444 3.21447e-07
22.2 0.544444 2.86718e-07
22.8 0.544444 2.51302e-07
23.4 0.544444 2.15837e-07
24 0.544444 1.80922e-07
24.6 0.544444 1.4713e-07
25.2 0.544444 1.15064e-07
25.8 0.544444 8.54275e-08
26.4 0.544444 5.90625e-08
27 0.544444 3.69132e-08
27.6 0.544444 1.98469e-08
28.2 0.544444 8.34977e-09
28.8 0.544444 2.17574e-09
29.4 0.544444 1.06473e-10
30 0.544444 -5.89519e-39
-30 0.655556 -4.28822e-39
-29.4 0.655556 2.04534e-10
-28.8 0.655556 2.02521e-09
-28.2 0.655556 6.87939e-09
-27.6 0.655556 1.54875e-08
-27 0.655556 2.78703e-08
-26.4 0.655556 4.35486e-08
-25.8 0.655556 6.18186e-08
-25.2 0.655556 8.19901e-08
-24.6 0.655556 1.0352e-07
-24 0.655556 1.26039e-07
-23.4 0.655556 1.49296e-07
-22.8 0.655556 1.7309e-07
-22.2 0.655556 1.97207e-07
-21.6 0.655556 2.21394e-07
-21 0.655556 2.45363e-07
-20.4 0.655556 2.688e-07
-19.8 0.655556 2.91392e-07
-19.2 0.655556 3.12829e-07
-18.6 0.655556 3.32819e-07
-18 0.655556 3.51077e-07
-17.4 0.655556 3.67332e-07
-16.8 0.655556 3.8132e-07
-16.2 0.655556 3.92793e-07
-15.6 0.655556 4.01517e-07
-15 0.655556 4.07282e-07
-14.4 0.655556 4.09907e-07
-13.8 0.655556 4.0925e-07
-13.2 0.655556 4.05211e-07
-12.6 0.655556 3.97742e-07
-12 0.655556 3.86851e-07
-11.4 0.655556 3.72619e-07
-10.8 0.655556 3.55215e-07
-10.2 0.655556 3.34905e-07
-9.6 0.655556 3.12057e-07
-9 0.655556 2.87091e-07
-8.4 0.655556 2.60399e-07
-7.8 0.655556 2.32262e-07
-7.2 0.655556 2.02913e-07
-6.6 0.655556 1.72839e-07
-6 0.655556 1.43302e-07
-5.4 0.655556 1.16674e-07
-4.8 0.655556 9.58366e-08
-4.2 0.655556 8.20573e-08
-3.6 0.655556 7.16946e-08
-3 0.655556 5.38421e-08
-2.4 0.655556 1.24279e-08
-1.8 0.655556 -6.43563e-08
-1.2 0.655556 -1.69111e-07
-0.6 0.655556 -2.66147e-07
0 0.655556 -3.06363e-07
0.6 0.655556 -2.65735e-07
1.2 0.655556 -1.68258e-07
1.8 0.655556 -6.33761e-08
2.4 0.655556 1.26711e-08
3 0.655556 5.21966e-08
3.6 0.655556 6.71883e-08
4.2 0.655556 7.41159e-08
4.8 0.655556 8.41365e-08
5.4 0.655556 1.00884e-07
6 0.655556 1.23004e-07
6.6 0.655556 1.47672e-07
7.2 0.655556 1.72797e-07
7.8 0.655556 1.97519e-07
8.4 0.655556 2.21743e-07
9 0.655556 2.45538e-07
9.6 0.655556 2.68828e-07
10.2 0.655556 2.9136e-07
10.8 0.655556 3.12797e-07
11.4 0.655556 3.32803e-07
12 0.655556 3.51074e-07
12.6 0.655556 3.67333e-07
13.2 0.655556 3.81322e-07
13.8 0.655556 3.92794e-07
14.4 0.655556 4.01517e-07
15 0.655556 4.07282e-07
15.6 0.655556 4.09906e-07
16.2 0.655556 4.09248e-07
16.8 0.655556 4.05208e-07
17.4 0.655556 3.9774e-07
18 0.655556 3.86858e-07
18.6 0.655556 3.72643e-07
19.2 0.655556 3.55253e-07
19.8 0.655556 3.34927e-07
20.4 0.655556 3.11994e-07
21 0.655556 2.86866e-07
21.6 0.655556 2.6003e-07
22.2 0.655556 2.32022e-07
22.8 0.655556 2.03396e-07
23.4 0.655556 1.7469e-07
24 0.655556 1.46407e-07
24.6 0.655556 1.19027e-07
25.2 0.655556 9.30486e-08
25.8 0.655556 6.90436e-08
26.4 0.655556 4.76982e-08
27 0.655556 2.97776e-08
27.6 0.655556 1.59828e-08
28.2 0.655556 6.70341e-09
28.8 0.655556 1.73339e-09
29.4 0.655556 7.87849e-11
30 0.655556 -4.76522e-39
-30 0.766667 -3.19987e-39
-29.4 0.766667 1.58852e-10
-28.8 0.766667 1.53273e-09
-28.2 0.766667 5.17129e-09
-27.6 0.766667 1.16018e-08
-27 0.766667 2.08304e-08
-26.4 0.766667 3.24931e-08
-25.8 0.766667 4.60642e-08
-25.2 0.766667 6.10323e-08
-24.6 0.766667 7.6999e-08
-24 0.766667 9.36947e-08
-23.4 0.766667 1.1094e-07
-22.8 0.766667 1.28589e-07
-22.2 0.766667 1.46489e-07
-21.6 0.766667 1.64457e-07
-21 0.766667 1.82285e-07
-20.4 0.766667 1.99746e-07
-19.8 0.766667 2.16613e-07
-19.2 0.766667 2.32661e-07
-18.6 0.766667 2.47676e-07
-18 0.766667 2.61449e-07
-17.4 0.766667 2.73778e-07
-16.8 0.766667 2.84468e-07
-16.2 0.766667 2.93327e-07
-15.6 0.766667 3.00177e-07
-15 0.766667 3.04853e-07
-14.4 0.766667 3.07209e-07
-13.8 0.766667 3.07124e-07
-13.2 0.766667 3.04507e-07
-12.6 0.766667 2.99308e-07
-12 0.766667 2.91516e-07
-11.4 0.766667 2.81175e-07
-10.8 0.766667 2.68386e-07
-10.2 0.766667 2.53323e-07
-9.6 0.766667 2.36241e-07
-9 0.766667 2.17462e-07
-8.4 0.766667 1.97342e-07
-7.8 0.766667 1.76194e-07
-7.2 0.766667 1.54253e-07
-6.6 0.766667 1.31773e-07
-6 0.766667 1.0936e-07
-5.4 0.766667 8.83987e-08
-4.8 0.766667 7.10582e-08
-4.2 0.766667 5.90988e-08
-3.6 0.766667 5.11938e-08
-3 0.766667 4.00442e-08
-2.4 0.766667 1.2578e-08
-1.8 0.766667 -4.30464e-08
-1.2 0.766667 -1.23815e-07
-0.6 0.766667 -2.01593e-07
0 0.766667 -2.34457e-07
0.6 0.766667 -2.01336e-07
1.2 0.766667 -1.23297e-07
1.8 0.766667 -4.25251e-08
2.4 0.766667 1.24491e-08
3 0.766667 3.84192e-08
3.6 0.766667 4.73412e-08
4.2 0.766667 5.25017e-08
4.8 0.766667 6.13027e-08
5.4 0.766667 7.50653e-08
6 0.766667 9.20556e-08
6.6 0.766667 1.10262e-07
7.2 0.766667 1.2857e-07
7.8 0.766667 1.46678e-07
8.4 0.766667 1.64607e-07
9 0.766667 1.82345e-07
9.6 0.766667 1.99752e-07
10.2 0.766667 2.16602e-07
10.8 0.766667 2.32652e-07
11.4 0.766667 2.47671e-07
12 0.766667 2.61447e-07
12.6 0.766667 2.73778e-07
13.2 0.766667 2.84468e-07
13.8 0.766667 2.93328e-07
14.4 0.766667 3.00178e-07
15 0.766667 3.04854e-07
15.6 0.766667 3.07209e-07
16.2 0.766667 3.07123e-07
16.8 0.766667 3.04506e-07
17.4 0.766667 2.99308e-07
18 0.766667 2.91519e-07
18.6 0.766667 2.81182e-07
19.2 0.766667 2.684e-07
19.8 0.766667 2.53337e-07
20.4 0.766667 2.36229e-07
21 0.766667 2.17384e-07
21.6 0.766667 1.97172e-07
22.2 0.766667 1.76007e-07
22.8 0.766667 1.54323e-07
23.4 0.766667 1.32545e-07
24 0.766667 1.11072e-07
24.6 0.766667 9.02785e-08
25.2 0.766667 7.05505e-08
25.8 0.766667 5.2327e-08
26.4 0.766667 3.61303e-08
27 0.766667 2.25406e-08
27.6 0.766667 1.20875e-08
28.2 0.766667 5.06251e-09
28.8 0.766667 1.3049e-09
29.4 0.766667 5.74877e-11
30 0.766667 -3.60754e-39
-30 0.877778 -2.12377e-39
-29.4 0.877778 1.12664e-10
-28.8 0.877778 1.04234e-09
-28.2 0.877778 3.47699e-09
-27.6 0.877778 7.75615e-09
-27 0.877778 1.38751e-08
-26.4 0.877778 2.15883e-08
-25.8 0.877778 3.0548e-08
-25.2 0.877778 4.04197e-08
-24.6 0.877778 5.09454e-08
-24 0.877778 6.19511e-08
-23.4 0.877778 7.33213e-08
-22.8 0.877778 8.49624e-08
-22.2 0.877778 9.67752e-08
-21.6 0.877778 1.08643e-07
-21 0.877778 1.2043e-07
-20.4 0.877778 1.31991e-07
-19.8 0.877778 1.4318e-07
-19.2 0.877778 1.53853e-07
-18.6 0.877778 1.63868e-07
-18 0.877778 1.73091e-07
-17.4 0.877778 1.81388e-07
-16.8 0.877778 1.88628e-07
-16.2 0.877778 1.94686e-07
-15.6 0.877778 1.99438e-07
-15 0.877778 2.02772e-07
-14.4 0.877778 2.04582e-07
-13.8 0.877778 2.04782e-07
-13.2 0.877778 2.03302e-07
-12.6 0.877778 2.00096e-07
-12 0.877778 1.95147e-07
-11.4 0.877778 1.88473e-07
-10.8 0.877778 1.80131e-07
-10.2 0.877778 1.70222e-07
-9.6 0.877778 1.58899e-07
-9 0.877778 1.46368e-07
-8.4 0.877778 1.3288e-07
-7.8 0.877778 1.18699e-07
-7.2 0.877778 1.04061e-07
-6.6 0.877778 8.91559e-08
-6 0.877778 7.42292e-08
-5.4 0.877778 5.9854e-08
-4.8 0.877778 4.71984e-08
-4.2 0.877778 3.77515e-08
-3.6 0.877778 3.18072e-08
-3 0.877778 2.58049e-08
-2.4 0.877778 1.07455e-08
-1.8 0.877778 -2.40472e-08
-1.2 0.877778 -7.96171e-08
-0.6 0.877778 -1.36287e-07
0 0.877778 -1.60885e-07
0.6 0.877778 -1.36129e-07
1.2 0.877778 -7.93202e-08
1.8 0.877778 -2.38155e-08
2.4 0.877778 1.04697e-08
3 0.877778 2.44839e-08
3.6 0.877778 2.89505e-08
4.2 0.877778 3.29337e-08
4.8 0.877778 4.00216e-08
5.4 0.877778 4.9952e-08
6 0.877778 6.13262e-08
6.6 0.877778 7.3131e-08
7.2 0.877778 8.4985e-08
7.8 0.877778 9.68379e-08
8.4 0.877778 1.08683e-07
9 0.877778 1.20447e-07
9.6 0.877778 1.31997e-07
10.2 0.877778 1.43182e-07
10.8 0.877778 1.53852e-07
11.4 0.877778 1.63866e-07
12 0.877778 1.73088e-07
12.6 0.877778 1.81386e-07
13.2 0.877778 1.88628e-07
13.8 0.877778 1.94686e-07
14.4 0.877778 1.99439e-07
15 0.877778 2.02772e-07
15.6 0.877778 2.04582e-07
16.2 0.877778 2.04782e-07
16.8 0.877778 2.03301e-07
17.4 0.877778 2.00096e-07
18 0.877778 1.95149e-07
18.6 0.877778 1.88477e-07
19.2 0.877778 1.80135e-07
19.8 0.877778 1.70224e-07
20.4 0.877778 1.58894e-07
21 0.877778 1.46346e-07
21.6 0.877778 1.32829e-07
22.2 0.877778 1.18625e-07
22.8 0.877778 1.04039e-07
23.4 0.877778 8.93659e-08
24 0.877778 7.48863e-08
24.6 0.877778 6.08621e-08
25.2 0.877778 4.75581e-08
25.8 0.877778 3.52725e-08
26.4 0.877778 2.43572e-08
27 0.877778 1.52015e-08
27.6 0.877778 8.15941e-09
28.2 0.877778 3.42483e-09
28.8 0.877778 8.88378e-10
29.4 0.877778 4.18407e-11
30 0.877778 -2.4246e-39
-30 0.988889 -1.06045e-39
-29.4 0.988889 6.54905e-11
-28.8 0.988889 5.52526e-10
-28.2 0.988889 1.79393e-09
-27.6 0.988889 3.94726e-09
-27 0.988889 7.00141e-09
-26.4 0.988889 1.08311e-08
-25.8 0.988889 1.52661e-08
-25.2 0.988889 2.0146e-08
-24.6 0.988889 2.53484e-08
-24 0.988889 3.07909e-08
-23.4 0.988889 3.64175e-08
-22.8 0.988889 4.21819e-08
-22.2 0.988889 4.80345e-08
-21.6 0.988889 5.39174e-08
-21 0.988889 5.97647e-08
-20.4 0.988889 6.55061e-08
-19.8 0.988889 7.10703e-08
-19.2 0.988889 7.63871e-08
-18.6 0.988889 8.13882e-08
-18 0.988889 8.60069e-08
-17.4 0.988889 9.01777e-08
-16.8 0.988889 9.38356e-08
-16.2 0.988889 9.6917e-08
-15.6 0.988889 9.93605e-08
-15 0.988889 1.01108e-07
-14.4 0.988889 1.02105e-07
-13.8 0.988889 1.02306e-07
-13.2 0.988889 1.01671e-07
-12.6 0.988889 1.00175e-07
-12 0.988889 9.78045e-08
-11.4 0.988889 9.45634e-08
-10.8 0.988889 9.0476e-08
-10.2 0.988889 8.55885e-08
-9.6 0.988889 7.99719e-08
-9 0.988889 7.37231e-08
-8.4 0.988889 6.69647e-08
-7.8 0.988889 5.98394e-08
-7.2 0.988889 5.24958e-08
-6.6 0.988889 4.50697e-08
-6 0.988889 3.768e-08
-5.4 0.988889 3.04853e-08
-4.8 0.988889 2.38198e-08
-4.2 0.988889 1.82965e-08
-3.6 0.988889 1.44963e-08
-3 0.988889 1.17549e-08
-2.4 0.988889 6.31878e-09
-1.8 0.988889 -8.6362e-09
-1.2 0.988889 -3.70097e-08
-0.6 0.988889 -6.95094e-08
0 0.988889 -8.44518e-08
0.6 0.988889 -6.93968e-08
1.2 0.988889 -3.68562e-08
1.8 0.988889 -8.58004e-09
2.4 0.988889 6.08256e-09
3 0.988889 1.09893e-08
3.6 0.988889 1.29408e-08
4.2 0.988889 1.56884e-08
4.8 0.988889 1.99175e-08
5.4 0.988889 2.50914e-08
6 0.988889 3.06626e-08
6.6 0.988889 3.63794e-08
7.2 0.988889 4.2178e-08
7.8 0.988889 4.80388e-08
8.4 0.988889 5.39236e-08
9 0.988889 5.97714e-08
9.6 0.988889 6.55116e-08
10.2 0.988889 7.10732e-08
10.8 0.988889 7.63874e-08
11.4 0.988889 8.13871e-08
12 0.988889 8.60056e-08
12.6 0.988889 9.01768e-08
13.2 0.988889 9.38353e-08
13.8 0.988889 9.69172e-08
14.4 0.988889 9.93608e-08
15 0.988889 1.01108e-07
15.6 0.988889 1.02105e-07
16.2 0.988889 1.02305e-07
16.8 0.988889 1.01671e-07
17.4 0.988889 1.00175e-07
18 0.988889 9.78054e-08
18.6 0.988889 9.4565e-08
19.2 0.988889 9.04773e-08
19.8 0.988889 8.5588e-08
20.4 0.988889 7.99682e-08
21 0.988889 7.37156e-08
21.6 0.988889 6.69541e-08
22.2 0.988889 5.98283e-08
22.8 0.988889 5.24941e-08
23.4 0.988889 4.51075e-08
24 0.988889 3.78152e-08
24.6 0.988889 3.07534e-08
25.2 0.988889 2.40567e-08
25.8 0.988889 1.78734e-08
26.4 0.988889 1.2377e-08
27 0.988889 7.75962e-09
27.6 0.988889 4.19721e-09
28.2 0.988889 1.788e-09
28.8 0.988889 4.81699e-10
29.4 0.988889 3.10084e-11
30 0.988889 -1.21922e-39
-30 1.1 0
-29.4 1.1 0
-28.8 1.1 0
-28.2 1.1 0
-27.6 1.1 0
-27 1.1 0
-26.4 1.1 0
-25.8 1.1 0
-25.2 1.1 0
-24.6 1.1 0
-24 1.1 0
-23.4 1.1 0
-22.8 1.1 0
-22.2 1.1 0
-21.6 1.1 0
-21 1.1 0
-20.4 1.1 0
-19.8 1.1 0
-19.2 1.1 0
-18.6 1.1 0
-18 1.1 0
-17.4 1.1 0
-16.8 1.1 0
-16.2 1.1 0
-15.6 1.1 0
-15 1.1 0
-14.4 1.1 0
-13.8 1.1 0
-13.2 1.1 0
-12.6 1.1 0
-12 1.1 0
-11.4 1.1 0
-10.8 1.1 0
-10.2 1.1 0
-9.6 1.1 0
-9 1.1 0
-8.4 1.1 0
-7.8 1.1 0
-7.2 1.1 0
-6.6 1.1 0
-6 1.1 0
-5.4 1.1 0
-4.8 1.1 0
-4.2 1.1 0
-3.6 1.1 0
-3 1.1 0
-2.4 1.1 0
-1.8 1.1 0
-1.2 1.1 0
-0.6 1.1 0
0 1.1 0
0.6 1.1 0
1.2 1.1 0
1.8 1.1 0
2.4 1.1 0
3 1.1 0
3.6 1.1 0
4.2 1.1 0
4.8 1.1 0
5.4 1.1 0
6 1.1 0
6.6 1.1 0
7.2 1.1 0
7.8 1.1 0
8.4 1.1 0
9 1.1 0
9.6 1.1 0
10.2 1.1 0
10.8 1.1 0
11.4 1.1 0
12 1.1 0
12.6 1.1 0
13.2 1.1 0
13.8 1.1 0
14.4 1.1 0
15 1.1 0
15.6 1.1 0
16.2 1.1 0
16.8 1.1 0
17.4 1.1 0
18 1.1 0
18.6 1.1 0
19.2 1.1 0
19.8 1.1 0
20.4 1.1 0
21 1.1 0
21.6 1.1 0
22.2 1.1 0
22.8 1.1 0
23.4 1.1 0
24 1.1 0
24.6 1.1 0
25.2 1.1 0
25.8 1.1 0
26.4 1.1 0
27 1.1 0
27.6 1.1 0
28.2 1.1 0
28.8 1.1 0
29.4 1.1 0
30 1.1 0
