-30 0.05 -8.4669e-35
-28.8 0.05 1.46802e-05
-27.6 0.05 6.08071e-05
-26.4 0.05 0.000134724
-25.2 0.05 0.000231429
-24 0.05 0.000345015
-22.8 0.05 0.000468336
-21.6 0.05 0.00059363
-20.4 0.05 0.000713023
-19.2 0.05 0.000819018
-18 0.05 0.000904973
-16.8 0.05 0.000965465
-15.6 0.05 0.000996625
-14.4 0.05 0.000996579
-13.2 0.05 0.000965593
-12 0.05 0.000905355
-10.8 0.05 0.000818609
-9.6 0.05 0.000711339
-8.4 0.05 0.000594248
-7.2 0.05 0.000475231
-6 0.05 0.000348526
-4.8 0.05 0.0002089
-3.6 0.05 9.58777e-05
-2.4 0.05 9.29608e-05
-1.2 0.05 0.000208342
0 0.05 0.000287316
1.2 0.05 0.000208228
2.4 0.05 9.2865e-05
3.6 0.05 9.58639e-05
4.8 0.05 0.000208921
6 0.05 0.000348533
7.2 0.05 0.000475222
8.4 0.05 0.000594238
9.6 0.05 0.000711333
10.8 0.05 0.000818604
12 0.05 0.00090535
13.2 0.05 0.000965589
14.4 0.05 0.000996577
15.6 0.05 0.000996626
16.8 0.05 0.000965469
18 0.05 0.000904979
19.2 0.05 0.000819025
20.4 0.05 0.00071303
21.6 0.05 0.000593636
22.8 0.05 0.000468341
24 0.05 0.000345018
25.2 0.05 0.000231431
26.4 0.05 0.000134725
27.6 0.05 6.08074e-05
28.8 0.05 1.46802e-05
30 0.05 -8.46693e-35
-30 0.102632 -8.24755e-35
-28.8 0.102632 1.38698e-05
-27.6 0.102632 5.96776e-05
-26.4 0.102632 0.000133914
-25.2 0.102632 0.000230797
-24 0.102632 0.000344541
-22.8 0.102632 0.000468076
-21.6 0.102632 0.000593583
-20.4 0.102632 0.000713172
-19.2 0.102632 0.000819344
-18 0.102632 0.00090546
-16.8 0.102632 0.000966063
-15.6 0.102632 0.000997214
-14.4 0.102632 0.000997127
-13.2 0.102632 0.000966328
-12 0.102632 0.000906217
-10.8 0.102632 0.000818503
-9.6 0.102632 0.000709803
-8.4 0.102632 0.000594875
-7.2 0.102632 0.000481955
-6 0.102632 0.000351447
-4.8 0.102632 0.0001853
-3.6 0.102632 5.68183e-05
-2.4 0.102632 0.000124693
-1.2 0.102632 0.00039279
0 0.102632 0.000557579
1.2 0.102632 0.000392571
2.4 0.102632 0.000124507
3.6 0.102632 5.67905e-05
4.8 0.102632 0.000185341
6 0.102632 0.00035146
7.2 0.102632 0.000481937
8.4 0.102632 0.000594855
9.6 0.102632 0.00070979
10.8 0.102632 0.000818492
12 0.102632 0.000906206
13.2 0.102632 0.000966319
14.4 0.102632 0.000997124
15.6 0.102632 0.000997217
16.8 0.102632 0.00096607
18 0.102632 0.000905471
19.2 0.102632 0.000819357
20.4 0.102632 0.000713185
21.6 0.102632 0.000593596
22.8 0.102632 0.000468086
24 0.102632 0.000344547
25.2 0.102632 0.000230801
26.4 0.102632 0.000133916
27.6 0.102632 5.96781e-05
28.8 0.102632 1.38698e-05
30 0.102632 -8.24761e-35
-30 0.155263 -8.02928e-35
-28.8 0.155263 1.31733e-05
-27.6 0.155263 5.85398e-05
-26.4 0.155263 0.000133057
-25.2 0.155263 0.000230187
-24 0.155263 0.000344078
-22.8 0.155263 0.000467821
-21.6 0.155263 0.000593551
-20.4 0.155263 0.000713337
-19.2 0.155263 0.000819689
-18 0.155263 0.000905969
-16.8 0.155263 0.000966681
-15.6 0.155263 0.000997823
-14.4 0.155263 0.000997706
-13.2 0.155263 0.000967097
-12 0.155263 0.000907088
-10.8 0.155263 0.000818378
-9.6 0.155263 0.000708282
-8.4 0.155263 0.000595625
-7.2 0.155263 0.000488817
-6 0.155263 0.000354075
-4.8 0.155263 0.000161227
-3.6 0.155263 1.88307e-05
-2.4 0.155263 0.000156709
-1.2 0.155263 0.000568437
0 0.155263 0.000812021
1.2 0.155263 0.000568129
2.4 0.155263 0.000156439
3.6 0.155263 1.87878e-05
4.8 0.155263 0.000161287
6 0.155263 0.000354094
7.2 0.155263 0.00048879
8.4 0.155263 0.000595596
9.6 0.155263 0.000708263
10.8 0.155263 0.000818362
12 0.155263 0.000907071
13.2 0.155263 0.000967085
14.4 0.155263 0.000997702
15.6 0.155263 0.000997827
16.8 0.155263 0.000966693
18 0.155263 0.000905986
19.2 0.155263 0.000819709
20.4 0.155263 0.000713358
21.6 0.155263 0.000593569
22.8 0.155263 0.000467836
24 0.155263 0.000344088
25.2 0.155263 0.000230193
26.4 0.155263 0.00013306
27.6 0.155263 5.85406e-05
28.8 0.155263 1.31733e-05
30 0.155263 -8.02936e-35
-30 0.207895 -7.81649e-35
-28.8 0.207895 1.25485e-05
-27.6 0.207895 5.74149e-05
-26.4 0.207895 0.000132157
-25.2 0.207895 0.000229584
-24 0.207895 0.000343634
-22.8 0.207895 0.000467571
-21.6 0.207895 0.000593529
-20.4 0.207895 0.00071352
-19.2 0.207895 0.000820054
-18 0.207895 0.0009065
-16.8 0.207895 0.000967319
-15.6 0.207895 0.000998451
-14.4 0.207895 0.000998318
-13.2 0.207895 0.000967906
-12 0.207895 0.000907962
-10.8 0.207895 0.000818215
-9.6 0.207895 0.000706778
-8.4 0.207895 0.00059657
-7.2 0.207895 0.000495822
-6 0.207895 0.000356223
-4.8 0.207895 0.00013675
-3.6 0.207895 -1.77585e-05
-2.4 0.207895 0.000188638
-1.2 0.207895 0.000735073
0 0.207895 0.00105128
1.2 0.207895 0.000734694
2.4 0.207895 0.000188294
3.6 0.207895 -1.78176e-05
4.8 0.207895 0.000136827
6 0.207895 0.000356247
7.2 0.207895 0.000495786
8.4 0.207895 0.000596531
9.6 0.207895 0.000706753
10.8 0.207895 0.000818193
12 0.207895 0.00090794
13.2 0.207895 0.00096789
14.4 0.207895 0.000998312
15.6 0.207895 0.000998457
16.8 0.207895 0.000967334
18 0.207895 0.000906523
19.2 0.207895 0.000820081
20.4 0.207895 0.000713548
21.6 0.207895 0.000593554
22.8 0.207895 0.000467591
24 0.207895 0.000343648
25.2 0.207895 0.000229592
26.4 0.207895 0.000132161
27.6 0.207895 5.7416e-05
28.8 0.207895 1.25486e-05
30 0.207895 -7.81659e-35
-30 0.260526 -7.60985e-35
-28.8 0.260526 1.19743e-05
-27.6 0.260526 5.63086e-05
-26.4 0.260526 0.000131225
-25.2 0.260526 0.000228979
-24 0.260526 0.00034321
-22.8 0.260526 0.00046733
-21.6 0.260526 0.000593518
-20.4 0.260526 0.00071372
-19.2 0.260526 0.00082044
-18 0.260526 0.000907054
-16.8 0.260526 0.000967975
-15.6 0.260526 0.000999098
-14.4 0.260526 0.000998966
-13.2 0.260526 0.000968759
-12 0.260526 0.000908835
-10.8 0.260526 0.000817992
-9.6 0.260526 0.000705303
-8.4 0.260526 0.000597781
-7.2 0.260526 0.000502942
-6 0.260526 0.000357736
-4.8 0.260526 0.00011198
-3.6 0.260526 -5.27533e-05
-2.4 0.260526 0.000220182
-1.2 0.260526 0.000892601
0 0.260526 0.00127577
1.2 0.260526 0.000892169
2.4 0.260526 0.000219776
3.6 0.260526 -5.28298e-05
4.8 0.260526 0.000112072
6 0.260526 0.000357766
7.2 0.260526 0.000502898
8.4 0.260526 0.000597733
9.6 0.260526 0.000705271
10.8 0.260526 0.000817963
12 0.260526 0.000908807
13.2 0.260526 0.000968739
14.4 0.260526 0.000998959
15.6 0.260526 0.000999105
16.8 0.260526 0.000967994
18 0.260526 0.000907083
19.2 0.260526 0.000820473
20.4 0.260526 0.000713754
21.6 0.260526 0.000593549
22.8 0.260526 0.000467355
24 0.260526 0.000343227
25.2 0.260526 0.000228989
26.4 0.260526 0.000131229
27.6 0.260526 5.63098e-05
28.8 0.260526 1.19744e-05
30 0.260526 -7.60996e-35
-30 0.313158 -7.40907e-35
-28.8 0.313158 1.14383e-05
-27.6 0.313158 5.52217e-05
-26.4 0.313158 0.000130266
-25.2 0.313158 0.000228368
-24 0.313158 0.000342803
-22.8 0.313158 0.000467101
-21.6 0.313158 0.000593515
-20.4 0.313158 0.000713936
-19.2 0.313158 0.000820848
-18 0.313158 0.000907631
-16.8 0.313158 0.000968648
-15.6 0.313158 0.000999761
-14.4 0.313158 0.000999653
-13.2 0.313158 0.000969663
-12 0.313158 0.000909699
-10.8 0.313158 0.000817685
-9.6 0.313158 0.000703875
-8.4 0.313158 0.000599325
-7.2 0.313158 0.000510129
-6 0.313158 0.0003585
-4.8 0.313158 8.70373e-05
-3.6 0.313158 -8.60345e-05
-2.4 0.313158 0.000251111
-1.2 0.313158 0.00104097
0 0.313158 0.00148579
1.2 0.313158 0.00104051
2.4 0.313158 0.000250657
3.6 0.313158 -8.61295e-05
4.8 0.313158 8.7141e-05
6 0.313158 0.000358537
7.2 0.313158 0.000510078
8.4 0.313158 0.000599268
9.6 0.313158 0.000703836
10.8 0.313158 0.00081765
12 0.313158 0.000909665
13.2 0.313158 0.000969639
14.4 0.313158 0.000999645
15.6 0.313158 0.000999769
16.8 0.313158 0.000968671
18 0.313158 0.000907665
19.2 0.313158 0.000820888
20.4 0.313158 0.000713977
21.6 0.313158 0.000593553
22.8 0.313158 0.000467131
24 0.313158 0.000342824
25.2 0.313158 0.00022838
26.4 0.313158 0.000130272
27.6 0.313158 5.52232e-05
28.8 0.313158 1.14383e-05
30 0.313158 -7.4092e-35
-30 0.365789 -7.21365e-35
-28.8 0.365789 1.09324e-05
-27.6 0.365789 5.41537e-05
-26.4 0.365789 0.000129288
-25.2 0.365789 0.000227747
-24 0.365789 0.000342413
-22.8 0.365789 0.000466886
-21.6 0.365789 0.000593522
-20.4 0.365789 0.000714167
-19.2 0.365789 0.000821278
-18 0.365789 0.000908231
-16.8 0.365789 0.000969337
-15.6 0.365789 0.00100044
-14.4 0.365789 0.00100038
-13.2 0.365789 0.000970623
-12 0.365789 0.000910545
-10.8 0.365789 0.000817273
-9.6 0.365789 0.000702521
-8.4 0.365789 0.000601253
-7.2 0.365789 0.000517328
-6 0.365789 0.000358433
-4.8 0.365789 6.20294e-05
-3.6 0.365789 -0.000117529
-2.4 0.365789 0.000281244
-1.2 0.365789 0.00118015
0 0.365789 0.00168157
1.2 0.365789 0.00117968
2.4 0.365789 0.000280755
3.6 0.365789 -0.000117643
4.8 0.365789 6.21416e-05
6 0.365789 0.000358476
7.2 0.365789 0.000517271
8.4 0.365789 0.000601188
9.6 0.365789 0.000702476
10.8 0.365789 0.000817232
12 0.365789 0.000910505
13.2 0.365789 0.000970595
14.4 0.365789 0.00100037
15.6 0.365789 0.00100045
16.8 0.365789 0.000969364
18 0.365789 0.000908271
19.2 0.365789 0.000821325
20.4 0.365789 0.000714215
21.6 0.365789 0.000593565
22.8 0.365789 0.000466921
24 0.365789 0.000342437
25.2 0.365789 0.000227761
26.4 0.365789 0.000129294
27.6 0.365789 5.41553e-05
28.8 0.365789 1.09324e-05
30 0.365789 -7.2138e-35
-30 0.418421 -7.02308e-35
-28.8 0.418421 1.04511e-05
-27.6 0.418421 5.31034e-05
-26.4 0.418421 0.000128293
-25.2 0.418421 0.000227116
-24 0.418421 0.000342036
-22.8 0.418421 0.000466686
-21.6 0.418421 0.000593538
-20.4 0.418421 0.000714413
-19.2 0.418421 0.000821731
-18 0.418421 0.000908854
-16.8 0.418421 0.000970042
-15.6 0.418421 0.00100113
-14.4 0.418421 0.00100116
-13.2 0.418421 0.000971645
-12 0.418421 0.00091136
-10.8 0.418421 0.000816741
-9.6 0.418421 0.000701271
-8.4 0.418421 0.000603606
-7.2 0.418421 0.000524483
-6 0.418421 0.000357481
-4.8 0.418421 3.7049e-05
-3.6 0.418421 -0.000147192
-2.4 0.418421 0.000310437
-1.2 0.418421 0.00131014
0 0.418421 0.00186326
1.2 0.418421 0.00130968
2.4 0.418421 0.00030993
3.6 0.418421 -0.000147325
4.8 0.418421 3.71662e-05
6 0.418421 0.00035753
7.2 0.418421 0.000524421
8.4 0.418421 0.000603531
9.6 0.418421 0.000701218
10.8 0.418421 0.000816693
12 0.418421 0.000911314
13.2 0.418421 0.000971613
14.4 0.418421 0.00100114
15.6 0.418421 0.00100115
16.8 0.418421 0.000970073
18 0.418421 0.0009089
19.2 0.418421 0.000821785
20.4 0.418421 0.000714468
21.6 0.418421 0.000593588
22.8 0.418421 0.000466726
24 0.418421 0.000342064
25.2 0.418421 0.000227132
26.4 0.418421 0.0001283
27.6 0.418421 5.31052e-05
28.8 0.418421 1.04511e-05
30 0.418421 -7.02323e-35
-30 0.471053 -6.83687e-35
-28.8 0.471053 9.99034e-06
-27.6 0.471053 5.20695e-05
-26.4 0.471053 0.000127286
-25.2 0.471053 0.000226474
-24 0.471053 0.000341671
-22.8 0.471053 0.000466502
-21.6 0.471053 0.000593565
-20.4 0.471053 0.000714673
-19.2 0.471053 0.000822206
-18 0.471053 0.000909501
-16.8 0.471053 0.000970761
-15.6 0.471053 0.00100184
-14.4 0.471053 0.00100198
-13.2 0.471053 0.000972732
-12 0.471053 0.000912133
-10.8 0.471053 0.000816075
-9.6 0.471053 0.000700154
-8.4 0.471053 0.00060641
-7.2 0.471053 0.000531544
-6 0.471053 0.000355605
-4.8 0.471053 1.21729e-05
-3.6 0.471053 -0.000174997
-2.4 0.471053 0.00033858
-1.2 0.471053 0.00143092
0 0.471053 0.00203101
1.2 0.471053 0.00143049
2.4 0.471053 0.00033807
3.6 0.471053 -0.000175148
4.8 0.471053 1.22913e-05
6 0.471053 0.00035566
7.2 0.471053 0.000531478
8.4 0.471053 0.000606327
9.6 0.471053 0.000700094
10.8 0.471053 0.00081602
12 0.471053 0.000912081
13.2 0.471053 0.000972695
14.4 0.471053 0.00100197
15.6 0.471053 0.00100186
16.8 0.471053 0.000970795
18 0.471053 0.000909553
19.2 0.471053 0.000822267
20.4 0.471053 0.000714736
21.6 0.471053 0.000593621
22.8 0.471053 0.000466547
24 0.471053 0.000341702
25.2 0.471053 0.000226492
26.4 0.471053 0.000127294
27.6 0.471053 5.20714e-05
28.8 0.471053 9.99032e-06
30 0.471053 -6.83703e-35
-30 0.523684 -6.6546e-35
-28.8 0.523684 9.54715e-06
-27.6 0.523684 5.10507e-05
-26.4 0.523684 0.000126268
-25.2 0.523684 0.000225822
-24 0.523684 0.000341316
-22.8 0.523684 0.000466335
-21.6 0.523684 0.000593603
-20.4 0.523684 0.000714948
-19.2 0.523684 0.000822704
-18 0.523684 0.000910172
-16.8 0.523684 0.000971492
-15.6 0.523684 0.00100257
-14.4 0.523684 0.00100286
-13.2 0.523684 0.000973884
-12 0.523684 0.000912851
-10.8 0.523684 0.00081527
-9.6 0.523684 0.000699198
-8.4 0.523684 0.000609684
-7.2 0.523684 0.000538467
-6 0.523684 0.000352782
-4.8 0.523684 -1.25378e-05
-3.6 0.523684 -0.00020093
-2.4 0.523684 0.000365586
-1.2 0.523684 0.00154249
0 0.523684 0.00218492
1.2 0.523684 0.00154211
2.4 0.523684 0.00036509
3.6 0.523684 -0.0002011
4.8 0.523684 -1.24221e-05
6 0.523684 0.000352843
7.2 0.523684 0.000538398
8.4 0.523684 0.000609592
9.6 0.523684 0.000699129
10.8 0.523684 0.000815209
12 0.523684 0.000912794
13.2 0.523684 0.000973844
14.4 0.523684 0.00100284
15.6 0.523684 0.00100258
16.8 0.523684 0.000971531
18 0.523684 0.00091023
19.2 0.523684 0.000822772
20.4 0.523684 0.000715017
21.6 0.523684 0.000593666
22.8 0.523684 0.000466384
24 0.523684 0.00034135
25.2 0.523684 0.000225842
26.4 0.523684 0.000126276
27.6 0.523684 5.10528e-05
28.8 0.523684 9.5471e-06
30 0.523684 -6.65476e-35
-30 0.576316 -6.4759e-35
-28.8 0.576316 9.11916e-06
-27.6 0.576316 5.00459e-05
-26.4 0.576316 0.000125241
-25.2 0.576316 0.000225159
-24 0.576316 0.000340969
-22.8 0.576316 0.000466183
-21.6 0.576316 0.000593653
-20.4 0.576316 0.000715236
-19.2 0.576316 0.000823224
-18 0.576316 0.000910866
-16.8 0.576316 0.000972236
-15.6 0.576316 0.0010033
-14.4 0.576316 0.00100379
-13.2 0.576316 0.000975102
-12 0.576316 0.000913502
-10.8 0.576316 0.000814326
-9.6 0.576316 0.000698426
-8.4 0.576316 0.000613434
-7.2 0.576316 0.000545217
-6 0.576316 0.000349002
-4.8 0.576316 -3.70366e-05
-3.6 0.576316 -0.000224989
-2.4 0.576316 0.000391394
-1.2 0.576316 0.00164486
0 0.576316 0.00232507
1.2 0.576316 0.00164455
2.4 0.576316 0.000390928
3.6 0.576316 -0.000225175
4.8 0.576316 -3.69278e-05
6 0.576316 0.000349067
7.2 0.576316 0.000545146
8.4 0.576316 0.000613334
9.6 0.576316 0.00069835
10.8 0.576316 0.000814258
12 0.576316 0.000913439
13.2 0.576316 0.000975057
14.4 0.576316 0.00100377
15.6 0.576316 0.00100332
16.8 0.576316 0.000972279
18 0.576316 0.000910929
19.2 0.576316 0.0008233
20.4 0.576316 0.000715313
21.6 0.576316 0.000593722
22.8 0.576316 0.000466238
24 0.576316 0.000341007
25.2 0.576316 0.000225181
26.4 0.576316 0.00012525
27.6 0.576316 5.00481e-05
28.8 0.576316 9.11907e-06
30 0.576316 -6.47607e-35
-30 0.628947 -6.30045e-35
-28.8 0.628947 8.70448e-06
-27.6 0.628947 4.90539e-05
-26.4 0.628947 0.000124206
-25.2 0.628947 0.000224487
-24 0.628947 0.00034063
-22.8 0.628947 0.000466047
-21.6 0.628947 0.000593716
-20.4 0.628947 0.000715539
-19.2 0.628947 0.000823767
-18 0.628947 0.000911582
-16.8 0.628947 0.00097299
-15.6 0.628947 0.00100406
-14.4 0.628947 0.00100479
-13.2 0.628947 0.000976381
-12 0.628947 0.000914076
-10.8 0.628947 0.000813245
-9.6 0.628947 0.000697861
-8.4 0.628947 0.000617663
-7.2 0.628947 0.000551765
-6 0.628947 0.000344262
-4.8 0.628947 -6.12909e-05
-3.6 0.628947 -0.000247176
-2.4 0.628947 0.00041596
-1.2 0.628947 0.00173803
0 0.628947 0.0024515
1.2 0.628947 0.00173782
2.4 0.628947 0.00041554
3.6 0.628947 -0.000247377
4.8 0.628947 -6.11929e-05
6 0.628947 0.000344331
7.2 0.628947 0.000551693
8.4 0.628947 0.000617555
9.6 0.628947 0.000697777
10.8 0.628947 0.00081317
12 0.628947 0.000914007
13.2 0.628947 0.000976332
14.4 0.628947 0.00100477
15.6 0.628947 0.00100407
16.8 0.628947 0.000973037
18 0.628947 0.000911652
19.2 0.628947 0.00082385
20.4 0.628947 0.000715623
21.6 0.628947 0.000593791
22.8 0.628947 0.000466107
24 0.628947 0.000340671
25.2 0.628947 0.00022451
26.4 0.628947 0.000124216
27.6 0.628947 4.90562e-05
28.8 0.628947 8.70435e-06
30 0.628947 -6.30061e-35
-30 0.681579 -6.12795e-35
-28.8 0.681579 8.30158e-06
-27.6 0.681579 4.80739e-05
-26.4 0.681579 0.000123166
-25.2 0.681579 0.000223804
-24 0.681579 0.000340297
-22.8 0.681579 0.000465928
-21.6 0.681579 0.000593792
-20.4 0.681579 0.000715856
-19.2 0.681579 0.000824333
-18 0.681579 0.00091232
-16.8 0.681579 0.000973755
-15.6 0.681579 0.00100483
-14.4 0.681579 0.00100585
-13.2 0.681579 0.000977717
-12 0.681579 0.000914563
-10.8 0.681579 0.000812035
-9.6 0.681579 0.000697519
-8.4 0.681579 0.000622363
-7.2 0.681579 0.000558093
-6 0.681579 0.000338568
-4.8 0.681579 -8.52812e-05
-3.6 0.681579 -0.000267502
-2.4 0.681579 0.000439259
-1.2 0.681579 0.00182202
0 0.681579 0.00256424
1.2 0.681579 0.0018219
2.4 0.681579 0.0004389
3.6 0.681579 -0.000267716
4.8 0.681579 -8.51979e-05
6 0.681579 0.00033864
7.2 0.681579 0.000558021
8.4 0.681579 0.000622248
9.6 0.681579 0.000697426
10.8 0.681579 0.000811953
12 0.681579 0.000914488
13.2 0.681579 0.000977664
14.4 0.681579 0.00100583
15.6 0.681579 0.00100485
16.8 0.681579 0.000973805
18 0.681579 0.000912396
19.2 0.681579 0.000824423
20.4 0.681579 0.000715948
21.6 0.681579 0.000593874
22.8 0.681579 0.000465992
24 0.681579 0.000340342
25.2 0.681579 0.00022383
26.4 0.681579 0.000123176
27.6 0.681579 4.80762e-05
28.8 0.681579 8.3014e-06
30 0.681579 -6.12811e-35
-30 0.734211 -5.95817e-35
-28.8 0.734211 7.9092e-06
-27.6 0.734211 4.71048e-05
-26.4 0.734211 0.00012212
-25.2 0.734211 0.000223113
-24 0.734211 0.00033997
-22.8 0.734211 0.000465823
-21.6 0.734211 0.000593882
-20.4 0.734211 0.000716189
-19.2 0.734211 0.000824921
-18 0.734211 0.000913079
-16.8 0.734211 0.000974527
-15.6 0.734211 0.00100563
-14.4 0.734211 0.00100698
-13.2 0.734211 0.000979102
-12 0.734211 0.000914956
-10.8 0.734211 0.000810707
-9.6 0.734211 0.000697413
-8.4 0.734211 0.000627522
-7.2 0.734211 0.000564187
-6 0.734211 0.000331937
-4.8 0.734211 -0.000109001
-3.6 0.734211 -0.000285983
-2.4 0.734211 0.000461287
-1.2 0.734211 0.00189682
0 0.734211 0.00266332
1.2 0.734211 0.00189683
2.4 0.734211 0.000461003
3.6 0.734211 -0.000286208
4.8 0.734211 -0.000108936
6 0.734211 0.00033201
7.2 0.734211 0.000564116
8.4 0.734211 0.000627401
9.6 0.734211 0.000697312
10.8 0.734211 0.000810618
12 0.734211 0.000914875
13.2 0.734211 0.000979045
14.4 0.734211 0.00100696
15.6 0.734211 0.00100565
16.8 0.734211 0.000974582
18 0.734211 0.000913161
19.2 0.734211 0.000825018
20.4 0.734211 0.000716288
21.6 0.734211 0.00059397
22.8 0.734211 0.000465893
24 0.734211 0.000340018
25.2 0.734211 0.000223141
26.4 0.734211 0.000122131
27.6 0.734211 4.71073e-05
28.8 0.734211 7.90897e-06
30 0.734211 -5.95832e-35
-30 0.786842 -5.79087e-35
-28.8 0.786842 7.52628e-06
-27.6 0.786842 4.6146e-05
-26.4 0.786842 0.000121069
-25.2 0.786842 0.000222414
-24 0.786842 0.000339648
-22.8 0.786842 0.000465734
-21.6 0.786842 0.000593985
-20.4 0.786842 0.000716538
-19.2 0.786842 0.000825532
-18 0.786842 0.000913856
-16.8 0.786842 0.000975308
-15.6 0.786842 0.00100645
-14.4 0.786842 0.00100818
-13.2 0.786842 0.000980528
-12 0.786842 0.000915247
-10.8 0.786842 0.000809276
-9.6 0.786842 0.000697555
-8.4 0.786842 0.000633121
-7.2 0.786842 0.000570041
-6 0.786842 0.000324392
-4.8 0.786842 -0.000132454
-3.6 0.786842 -0.000302647
-2.4 0.786842 0.000482056
-1.2 0.786842 0.00196245
0 0.786842 0.00274871
1.2 0.786842 0.00196259
2.4 0.786842 0.000481861
3.6 0.786842 -0.000302878
4.8 0.786842 -0.000132411
6 0.786842 0.000324464
7.2 0.786842 0.000569972
8.4 0.786842 0.000632994
9.6 0.786842 0.000697445
10.8 0.786842 0.000809179
12 0.786842 0.000915159
13.2 0.786842 0.000980467
14.4 0.786842 0.00100816
15.6 0.786842 0.00100647
16.8 0.786842 0.000975367
18 0.786842 0.000913944
19.2 0.786842 0.000825637
20.4 0.786842 0.000716644
21.6 0.786842 0.00059408
22.8 0.786842 0.000465809
24 0.786842 0.000339699
25.2 0.786842 0.000222443
26.4 0.786842 0.000121081
27.6 0.786842 4.61485e-05
28.8 0.786842 7.52599e-06
30 0.786842 -5.79102e-35
-30 0.839474 -5.62587e-35
-28.8 0.839474 7.15192e-06
-27.6 0.839474 4.51966e-05
-26.4 0.839474 0.000120014
-25.2 0.839474 0.000221706
-24 0.839474 0.00033933
-22.8 0.839474 0.000465659
-21.6 0.839474 0.000594104
-20.4 0.839474 0.000716903
-19.2 0.839474 0.000826166
-18 0.839474 0.000914651
-16.8 0.839474 0.000976096
-15.6 0.839474 0.00100731
-14.4 0.839474 0.00100946
-13.2 0.839474 0.000981986
-12 0.839474 0.00091543
-10.8 0.839474 0.000807759
-9.6 0.839474 0.000697954
-8.4 0.839474 0.000639134
-7.2 0.839474 0.000575653
-6 0.839474 0.000315968
-4.8 0.839474 -0.000155657
-3.6 0.839474 -0.000317528
-2.4 0.839474 0.000501601
-1.2 0.839474 0.00201894
0 0.839474 0.00282037
1.2 0.839474 0.00201922
2.4 0.839474 0.000501508
3.6 0.839474 -0.000317763
4.8 0.839474 -0.000155639
6 0.839474 0.000316039
7.2 0.839474 0.000575586
8.4 0.839474 0.000639001
9.6 0.839474 0.000697835
10.8 0.839474 0.000807655
12 0.839474 0.000915336
13.2 0.839474 0.00098192
14.4 0.839474 0.00100944
15.6 0.839474 0.00100733
16.8 0.839474 0.000976159
18 0.839474 0.000914745
19.2 0.839474 0.000826278
20.4 0.839474 0.000717016
21.6 0.839474 0.000594205
22.8 0.839474 0.000465739
24 0.839474 0.000339385
25.2 0.839474 0.000221737
26.4 0.839474 0.000120027
27.6 0.839474 4.51991e-05
28.8 0.839474 7.15157e-06
30 0.839474 -5.626e-35
-30 0.892105 -5.46299e-35
-28.8 0.892105 6.78534e-06
-27.6 0.892105 4.42559e-05
-26.4 0.892105 0.000118956
-25.2 0.892105 0.000220991
-24 0.892105 0.000339016
-22.8 0.892105 0.000465597
-21.6 0.892105 0.000594237
-20.4 0.892105 0.000717285
-19.2 0.892105 0.000826822
-18 0.892105 0.000915461
-16.8 0.892105 0.000976891
-15.6 0.892105 0.0010082
-14.4 0.892105 0.00101082
-13.2 0.892105 0.000983465
-12 0.892105 0.0009155
-10.8 0.892105 0.000806176
-9.6 0.892105 0.000698619
-8.4 0.892105 0.000645527
-7.2 0.892105 0.000581022
-6 0.892105 0.000306717
-4.8 0.892105 -0.000178636
-3.6 0.892105 -0.000330683
-2.4 0.892105 0.000519982
-1.2 0.892105 0.0020663
0 0.892105 0.00287823
1.2 0.892105 0.00206674
2.4 0.892105 0.000520001
3.6 0.892105 -0.000330918
4.8 0.892105 -0.000178646
6 0.892105 0.000306783
7.2 0.892105 0.000580959
8.4 0.892105 0.00064539
9.6 0.892105 0.000698491
10.8 0.892105 0.000806064
12 0.892105 0.0009154
13.2 0.892105 0.000983396
14.4 0.892105 0.00101079
15.6 0.892105 0.00100822
16.8 0.892105 0.000976958
18 0.892105 0.000915562
19.2 0.892105 0.000826941
20.4 0.892105 0.000717406
21.6 0.892105 0.000594345
22.8 0.892105 0.000465683
24 0.892105 0.000339074
25.2 0.892105 0.000221023
26.4 0.892105 0.000118969
27.6 0.892105 4.42584e-05
28.8 0.892105 6.78492e-06
30 0.892105 -5.4631e-35
-30 0.944737 -5.30206e-35
-28.8 0.944737 6.42586e-06
-27.6 0.944737 4.33234e-05
-26.4 0.944737 0.000117895
-25.2 0.944737 0.000220268
-24 0.944737 0.000338706
-22.8 0.944737 0.00046555
-21.6 0.944737 0.000594385
-20.4 0.944737 0.000717686
-19.2 0.944737 0.0008275
-18 0.944737 0.000916285
-16.8 0.944737 0.000977693
-15.6 0.944737 0.00100913
-14.4 0.944737 0.00101225
-13.2 0.944737 0.000984957
-12 0.944737 0.000915451
-10.8 0.944737 0.000804546
-9.6 0.944737 0.00069956
-8.4 0.944737 0.000652265
-7.2 0.944737 0.000586144
-6 0.944737 0.000296702
-4.8 0.944737 -0.000201421
-3.6 0.944737 -0.00034219
-2.4 0.944737 0.000537286
-1.2 0.944737 0.00210458
0 0.944737 0.00292216
1.2 0.944737 0.00210518
2.4 0.944737 0.000537427
3.6 0.944737 -0.000342421
4.8 0.944737 -0.000201461
6 0.944737 0.000296761
7.2 0.944737 0.000586084
8.4 0.944737 0.000652124
9.6 0.944737 0.000699423
10.8 0.944737 0.000804426
12 0.944737 0.000915344
13.2 0.944737 0.000984883
14.4 0.944737 0.00101222
15.6 0.944737 0.00100915
16.8 0.944737 0.000977765
18 0.944737 0.000916392
19.2 0.944737 0.000827627
20.4 0.944737 0.000717815
21.6 0.944737 0.0005945
22.8 0.944737 0.00046564
24 0.944737 0.000338767
25.2 0.944737 0.000220303
26.4 0.944737 0.000117909
27.6 0.944737 4.3326e-05
28.8 0.944737 6.42536e-06
30 0.944737 -5.30216e-35
-30 0.997368 -5.14295e-35
-28.8 0.997368 6.0729e-06
-27.6 0.997368 4.23985e-05
-26.4 0.997368 0.00011683
-25.2 0.997368 0.000219539
-24 0.997368 0.000338398
-22.8 0.997368 0.000465515
-21.6 0.997368 0.000594549
-20.4 0.997368 0.000718106
-19.2 0.997368 0.0008282
-18 0.997368 0.000917122
-16.8 0.997368 0.000978503
-15.6 0.997368 0.0010101
-14.4 0.997368 0.00101376
-13.2 0.997368 0.000986452
-12 0.997368 0.000915278
-10.8 0.997368 0.000802887
-9.6 0.997368 0.000700789
-8.4 0.997368 0.000659309
-7.2 0.997368 0.000591007
-6 0.997368 0.000286007
-4.8 0.997368 -0.000224035
-3.6 0.997368 -0.000352172
-2.4 0.997368 0.000553638
-1.2 0.997368 0.00213384
0 0.997368 0.00295199
1.2 0.997368 0.00213461
2.4 0.997368 0.000553907
3.6 0.997368 -0.000352395
4.8 0.997368 -0.000224107
6 0.997368 0.000286057
7.2 0.997368 0.000590951
8.4 0.997368 0.000659165
9.6 0.997368 0.000700644
10.8 0.997368 0.000802758
12 0.997368 0.000915165
13.2 0.997368 0.000986374
14.4 0.997368 0.00101373
15.6 0.997368 0.00101013
16.8 0.997368 0.000978579
18 0.997368 0.000917235
19.2 0.997368 0.000828334
20.4 0.997368 0.000718242
21.6 0.997368 0.000594671
22.8 0.997368 0.00046561
24 0.997368 0.000338463
25.2 0.997368 0.000219575
26.4 0.997368 0.000116845
27.6 0.997368 4.2401e-05
28.8 0.997368 6.07232e-06
30 0.997368 -5.14303e-35
-30 1.05 -4.98553e-35
-28.8 1.05 5.72593e-06
-27.6 1.05 4.14807e-05
-26.4 1.05 0.000115763
-25.2 1.05 0.000218803
-24 1.05 0.000338093
-22.8 1.05 0.000465493
-21.6 1.05 0.000594729
-20.4 1.05 0.000718546
-19.2 1.05 0.000828921
-18 1.05 0.000917968
-16.8 1.05 0.000979322
-15.6 1.05 0.00101112
-14.4 1.05 0.00101535
-13.2 1.05 0.000987942
-12 1.05 0.00091498
-10.8 1.05 0.000801216
-9.6 1.05 0.00070232
-8.4 1.05 0.000666625
-7.2 1.05 0.000595584
-6 1.05 0.000274722
-4.8 1.05 -0.00024647
-3.6 1.05 -0.000360821
-2.4 1.05 0.000569187
-1.2 1.05 0.00215425
0 1.05 0.00296736
1.2 1.05 0.00215518
2.4 1.05 0.00056959
3.6 1.05 -0.000361032
4.8 1.05 -0.000246576
6 1.05 0.00027476
7.2 1.05 0.00059553
8.4 1.05 0.000666479
9.6 1.05 0.000702167
10.8 1.05 0.000801078
12 1.05 0.00091486
13.2 1.05 0.000987859
14.4 1.05 0.00101532
15.6 1.05 0.00101115
16.8 1.05 0.000979402
18 1.05 0.000918088
19.2 1.05 0.000829062
20.4 1.05 0.00071869
21.6 1.05 0.000594857
22.8 1.05 0.000465593
24 1.05 0.000338162
25.2 1.05 0.000218841
26.4 1.05 0.000115779
27.6 1.05 4.14832e-05
28.8 1.05 5.72526e-06
30 1.05 -4.98558e-35
