3060	
	4.898261575e-39	-3.288942722e-09	3.096910978e-09	3.761229295e-08	1.034568664e-07
	1.896460721e-07	2.785373887e-07	3.568481136e-07	4.283756625e-07	5.108454148e-07
	5.992185614e-07	6.338608025e-07	5.621124724e-07	4.799995078e-07	6.208415493e-07
	9.92432771e-07	1.012144412e-06	-3.766392761e-08	-1.629422652e-06	-1.359585345e-06
	2.802355263e-06	8.301589355e-06	7.06756781e-06	-7.542874365e-06	-2.991378925e-05
	-4.14242586e-05	-2.991114877e-05	-7.539460951e-06	7.068991117e-06	8.29975707e-06
	2.79909229e-06	-1.361210485e-06	-1.628471978e-06	-3.59137071e-08	1.012764461e-06
	9.918515875e-07	6.201827257e-07	4.799215933e-07	5.623699176e-07	6.340193757e-07
	5.992003751e-07	5.108039767e-07	4.283946949e-07	3.568887087e-07	2.785500363e-07
	1.896305557e-07	1.034362861e-07	3.759967942e-08	3.092050895e-09	-3.289916079e-09
	4.904391613e-39	4.783952242e-39	-3.244988921e-09	3.08169912e-09	3.707799141e-08
	1.017264449e-07	1.863164714e-07	2.738724371e-07	3.51279759e-07	4.213528951e-07
	5.010363927e-07	5.872498688e-07	6.241121881e-07	5.579616973e-07	4.75196851e-07
	6.014995628e-07	9.577704494e-07	9.925645471e-07	-2.765609052e-09	-1.552618512e-06
	-1.335490945e-06	2.670162428e-06	8.040937428e-06	6.894269637e-06	-7.363176836e-06
	-2.930935224e-05	-4.062898106e-05	-2.930680599e-05	-7.359903593e-06	6.895616774e-06
	8.039173736e-06	2.667059787e-06	-1.337007445e-06	-1.551693107e-06	-1.118254874e-09
	9.931170811e-07	9.572003006e-07	6.008836631e-07	4.751375193e-07	5.582081094e-07
	6.24257957e-07	5.872333554e-07	5.010046298e-07	4.21378945e-07	3.51322986e-07
	2.738868373e-07	1.863034035e-07	1.017079386e-07	3.706618484e-08	3.076784453e-09
	-3.246098154e-09	4.79045603e-39	4.677151349e-39	-3.201601628e-09	3.062104703e-09
	3.654071467e-08	1.000033973e-07	1.829920065e-07	2.691834588e-07	3.456742609e-07
	4.143560655e-07	4.913416478e-07	5.753371745e-07	6.141729479e-07	5.534953128e-07
	4.70447088e-07	5.828533451e-07	9.238366066e-07	9.72598772e-07	3.034381023e-08
	-1.477562453e-06	-1.31098124e-06	2.541182684e-06	7.784524518e-06	6.723437151e-06
	-7.18444657e-06	-2.870891868e-05	-3.983887295e-05	-2.870646479e-05	-7.181309816e-06
	6.724710894e-06	7.78282793e-06	2.538234955e-06	-1.312394162e-06	-1.476662951e-06
	3.189193379e-08	9.730877533e-07	9.232783866e-07	5.822785527e-07	4.704045684e-07
	5.537305996e-07	6.143067627e-07	5.753227376e-07	4.913192141e-07	4.14388642e-07
	3.457199226e-07	2.691996156e-07	1.829813698e-07	9.998689395e-08	3.652966875e-08
	3.057137075e-09	-3.202836191e-09	4.68400721e-39	4.577573302e-39	-3.158774637e-09
	3.038192715e-09	3.600006026e-08	9.828710882e-08	1.796735099e-07	2.644725575e-07
	3.400314463e-07	4.07380845e-07	4.817578514e-07	5.634854066e-07	6.040533317e-07
	5.487148343e-07	4.657356924e-07	5.648858337e-07	8.906324704e-07	9.522687632e-07
	6.168787699e-08	-1.404244986e-06	-1.286061898e-06	2.415396194e-06	7.532313992e-06
	6.55502955e-06	-7.006693673e-06	-2.811244549e-05	-3.905386397e-05	-2.811008207e-05
	-7.003689775e-06	6.556232614e-06	7.530683026e-06	2.41259806e-06	-1.287376168e-06
	-1.403371957e-06	6.314035116e-08	9.526980307e-07	8.900869919e-07	5.643503533e-07
	4.657082941e-07	5.489389511e-07	6.041760231e-07	5.634734084e-07	4.817443882e-07
	4.074194734e-07	3.4007936e-07	2.644904734e-07	1.796652797e-07	9.827253552e-08
	3.598973095e-08	3.033175339e-09	-3.160123888e-09	4.584757315e-39	4.48485806e-39
	-3.116440842e-09	3.010060915e-09	3.545562641e-08	9.657694568e-08	1.7636173e-07
	2.597418328e-07	3.343513059e-07	4.00422998e-07	4.722814928e-07	5.516992562e-07
	5.937636624e-07	5.436220717e-07	4.610482144e-07	5.475797875e-07	8.581592748e-07
	9.315964239e-07	9.128998339e-08	-1.332657305e-06	-1.260738912e-06	2.292783809e-06
	7.284270192e-06	6.389006168e-06	-6.829928815e-06	-2.751988993e-05	-3.827388382e-05
	-2.751761511e-05	-6.827054181e-06	6.390141213e-06	7.282703378e-06	2.290130063e-06
	-1.261959316e-06	-1.331811252e-06	9.265033523e-08	9.31969695e-07	8.576272705e-07
	5.470818461e-07	4.610343256e-07	5.43835019e-07	5.938760405e-07	5.516900184e-07
	4.722766303e-07	4.004672199e-07	3.344013023e-07	2.597615082e-07	1.763558749e-07
	9.656422796e-08	3.544597197e-08	3.004998426e-09	-3.117894145e-09	4.492344439e-39
	4.398570205e-39	-3.07449329e-09	2.977843497e-09	3.490702343e-08	9.487224882e-08
	1.730573314e-07	2.549933777e-07	3.286339921e-07	3.934783923e-07	4.629088807e-07
	5.399831653e-07	5.83314334e-07	5.382191449e-07	4.563702852e-07	5.309177661e-07
	8.26418246e-07	9.106039047e-07	1.191733907e-07	-1.262791298e-06	-1.235018623e-06
	2.173327087e-06	7.040358458e-06	6.225326472e-06	-6.654163262e-06	-2.693120958e-05
	-3.749886218e-05	-2.692902149e-05	-6.651414346e-06	6.226396101e-06	7.038854337e-06
	2.170812624e-06	-1.236149816e-06	-1.261972661e-06	1.204450933e-07	9.10924777e-07
	8.259003708e-07	5.30455614e-07	4.563683727e-07	5.384209665e-07	5.834171876e-07
	5.399769696e-07	4.62912239e-07	3.93527766e-07	3.286859147e-07	2.550148103e-07
	1.730538132e-07	9.486131098e-08	3.48980045e-08	2.972741783e-09	-3.076040112e-09
	4.406331679e-39	4.318206004e-39	-3.032798383e-09	2.941710431e-09	3.435388295e-08
	9.317233257e-08	1.697608914e-07	2.502292747e-07	3.228798181e-07	3.865430079e-07
	4.536361455e-07	5.283413138e-07	5.727158082e-07	5.325084998e-07	4.516876242e-07
	5.148821085e-07	7.954105872e-07	8.893136265e-07	1.453612547e-07	-1.194639565e-06
	-1.208907751e-06	2.057008298e-06	6.800545163e-06	6.063950041e-06	-6.479408915e-06
	-2.634636235e-05	-3.672872866e-05	-2.634425912e-05	-6.476782213e-06	6.064956801e-06
	6.799102285e-06	2.054628116e-06	-1.209954254e-06	-1.193848721e-06	1.465477275e-07
	8.89585579e-07	7.949074197e-07	5.144540207e-07	4.516962325e-07	5.326992809e-07
	5.728099032e-07	5.283384029e-07	4.536473367e-07	3.865971087e-07	3.229335223e-07
	2.502524591e-07	1.697596653e-07	9.316309807e-08	3.434546255e-08	2.936576455e-09
	-3.034428381e-09	4.326214191e-39	4.243203061e-39	-2.991205081e-09	2.901865001e-09
	3.379586527e-08	9.147648657e-08	1.664728968e-07	2.454515906e-07	3.170892576e-07
	3.79612947e-07	4.444592428e-07	5.167776066e-07	5.619786099e-07	5.264929259e-07
	4.469860467e-07	4.994549105e-07	7.651374613e-07	8.67748303e-07	1.698766541e-07
	-1.128195433e-06	-1.182413425e-06	1.943810439e-06	6.564797739e-06	5.904836555e-06
	-6.305678354e-06	-2.576530647e-05	-3.596341272e-05	-2.576328624e-05	-6.303170406e-06
	5.905782938e-06	6.563414664e-06	1.94155964e-06	-1.183379628e-06	-1.127432698e-06
	1.70981263e-07	8.679746975e-07	7.646495062e-07	4.990591878e-07	4.470037973e-07
	5.266727911e-07	5.620646883e-07	5.167781852e-07	4.444778717e-07	3.796713671e-07
	3.171446101e-07	2.45476518e-07	1.664739118e-07	9.146887834e-08	3.378800882e-08
	2.896706629e-09	-2.992908189e-09	4.251428838e-39	4.172950834e-39	-2.949551889e-09
	2.858540495e-09	3.323266516e-08	8.978397928e-08	1.631937405e-07	2.406623701e-07
	3.112629451e-07	3.726844441e-07	4.353739552e-07	5.052956597e-07	5.51113321e-07
	5.20175574e-07	4.42251474e-07	4.846180018e-07	7.355999717e-07	8.459309646e-07
	1.927426204e-07	-1.063452973e-06	-1.155543217e-06	1.833717245e-06	6.333084714e-06
	5.747945779e-06	-6.132984878e-06	-2.518800048e-05	-3.520284366e-05	-2.518606138e-05
	-6.130592267e-06	5.748834222e-06	6.331760013e-06	1.83159103e-06	-1.156433382e-06
	-1.0627186e-06	1.93768678e-07	8.461150468e-07	7.351276614e-07	4.842529718e-07
	4.422770646e-07	5.203446848e-07	5.511921001e-07	5.052998951e-07	4.353996213e-07
	3.72746793e-07	3.113198229e-07	2.406890275e-07	1.631969396e-07	8.977792011e-08
	3.322534047e-08	2.853366319e-09	-2.951318391e-09	4.181364687e-39	4.10680143e-39
	-2.907672512e-09	2.811996422e-09	3.266401668e-08	8.809406287e-08	1.599237185e-07
	2.358636284e-07	3.054016758e-07	3.657538772e-07	4.263758974e-07	4.938987858e-07
	5.401305743e-07	5.135599747e-07	4.374699447e-07	4.703529216e-07	7.067991407e-07
	8.238849827e-07	2.139821711e-07	-1.000407015e-06	-1.128305178e-06	1.726713204e-06
	6.105375749e-06	5.593237547e-06	-5.961342558e-06	-2.461440319e-05	-3.444695056e-05
	-2.461254337e-05	-5.959061911e-06	5.594070434e-06	6.104108004e-06	1.724706877e-06
	-1.129123439e-06	-9.997012004e-07	2.149329368e-07	8.240298841e-07	7.063428374e-07
	4.700169404e-07	4.375021484e-07	5.13718528e-07	5.402027455e-07	4.939068094e-07
	4.264081957e-07	3.658197817e-07	3.054599653e-07	2.358919984e-07	1.599290389e-07
	8.808947569e-08	3.265719391e-08	2.806815589e-09	-2.909493113e-09	4.115373796e-39
	4.04408049e-39	-2.865400663e-09	2.762514422e-09	3.208969705e-08	8.640597872e-08
	1.566630278e-07	2.310573423e-07	2.995064043e-07	3.5881778e-07	4.174605197e-07
	4.825899796e-07	5.290410449e-07	5.066500581e-07	4.326276285e-07	4.566408943e-07
	6.787358853e-07	8.016340961e-07	2.336183461e-07	-9.390531721e-07	-1.100707881e-06
	1.622783573e-06	5.881641682e-06	5.440671746e-06	-5.790766289e-06	-2.404447373e-05
	-3.369566218e-05	-2.404269134e-05	-5.788594276e-06	5.441451406e-06	5.880429484e-06
	1.620892532e-06	-1.101458245e-06	-9.383760517e-07	2.344970262e-07	8.017428343e-07
	6.782958828e-07	4.563323473e-07	4.32665293e-07	5.067982837e-07	5.291072724e-07
	4.826018874e-07	4.174990426e-07	3.588868841e-07	2.995660007e-07	2.310874026e-07
	1.566704013e-07	8.640278696e-08	3.208334868e-08	2.757336468e-09	-2.867266548e-09
	4.052782078e-39	3.984098097e-39	-2.822574275e-09	2.710393957e-09	3.15095298e-08
	8.471896369e-08	1.534117649e-07	2.262454408e-07	2.935782436e-07	3.518728542e-07
	4.086231145e-07	4.713719009e-07	5.178554399e-07	4.994501739e-07	4.277108418e-07
	4.43462803e-07	6.514109909e-07	7.792024362e-07	2.516742469e-07	-8.793878554e-07
	-1.072760461e-06	1.521914387e-06	5.661854574e-06	5.290208302e-06	-5.621271845e-06
	-2.34781715e-05	-3.294890691e-05	-2.347646469e-05	-5.619205179e-06	5.290937011e-06
	5.660696526e-06	1.520134131e-06	-1.073446812e-06	-8.787395076e-07	2.524839947e-07
	7.79277917e-07	6.509875165e-07	4.431801064e-07	4.277528887e-07	4.995883324e-07
	5.179163603e-07	4.713877553e-07	4.086674529e-07	3.519448193e-07	2.936390498e-07
	2.262771641e-07	1.534211182e-07	8.471709153e-08	3.150363053e-08	2.705228646e-09
	-2.824477158e-09	3.99290019e-39	3.926159651e-39	-2.779039264e-09	2.655947824e-09
	3.092338731e-08	8.303225673e-08	1.501699246e-07	2.21429796e-07	2.876184621e-07
	3.449159832e-07	3.998588228e-07	4.602468589e-07	5.065844872e-07	4.919651126e-07
	4.227060663e-07	4.30799164e-07	6.248250804e-07	7.566145551e-07	2.681730801e-07
	-8.214082958e-07	-1.044472669e-06	1.42409248e-06	5.445987759e-06	5.14180716e-06
	-5.452875942e-06	-2.291545617e-05	-3.220661275e-05	-2.291382311e-05	-5.45091138e-06
	5.142487143e-06	5.444882473e-06	1.422418604e-06	-1.045098768e-06	-8.207887421e-07
	2.689169958e-07	7.566595729e-07	6.244182969e-07	4.305407662e-07	4.2275149e-07
	4.920934932e-07	5.066407081e-07	4.60266689e-07	3.999085676e-07	3.449904878e-07
	2.876803878e-07	2.214631493e-07	1.501811799e-07	8.303162941e-08	3.0917914e-08
	2.650804992e-09	-2.780971427e-09	3.935034377e-39	3.869576669e-39	-2.734652918e-09
	2.59949753e-09	3.033119264e-08	8.134510592e-08	1.469374006e-07	2.166122115e-07
	2.816284804e-07	3.379442463e-07	3.911626429e-07	4.492167941e-07	4.952389214e-07
	4.842001272e-07	4.175999695e-07	4.186300989e-07	5.989785813e-07	7.338954528e-07
	2.831382044e-07	-7.651125647e-07	-1.015854923e-06	1.3293055e-06	5.234015905e-06
	4.995428269e-06	-5.28559631e-06	-2.235628767e-05	-3.146870715e-05	-2.235472653e-05
	-5.283730651e-06	4.996061699e-06	5.232962003e-06	1.327733693e-06	-1.016424408e-06
	-7.645217709e-07	2.838193353e-07	7.339126921e-07	5.985885892e-07	4.183944816e-07
	4.176478368e-07	4.843190457e-07	4.952910207e-07	4.492405977e-07	3.912173862e-07
	3.380209859e-07	2.816914414e-07	2.166471563e-07	1.469504757e-07	8.134564998e-08
	3.032612419e-08	2.594386942e-09	-2.736607244e-09	3.878497255e-39	3.813677454e-39
	-2.689286939e-09	2.541368558e-09	2.973292084e-08	7.965677576e-08	1.43713986e-07
	2.117944125e-07	2.756098663e-07	3.309549329e-07	3.825294405e-07	4.382832605e-07
	4.838294678e-07	4.761609558e-07	4.123794295e-07	4.069353071e-07	5.738716882e-07
	7.110706058e-07	2.96593183e-07	-7.104995954e-07	-9.86918367e-07	1.237541922e-06
	5.025915073e-06	4.851031567e-06	-5.11945176e-06	-2.18006262e-05	-3.0735117e-05
	-2.179913515e-05	-5.117681849e-06	4.851620563e-06	5.024911187e-06	1.23606797e-06
	-9.87434758e-07	-7.099374722e-07	2.972145234e-07	7.110626422e-07	5.734985274e-07
	4.067209868e-07	4.124288781e-07	4.76270752e-07	4.838779926e-07	4.383110047e-07
	3.825887771e-07	3.310336199e-07	2.756737834e-07	2.118309042e-07	1.437287948e-07
	7.965841926e-08	2.972823808e-08	2.53629977e-09	-2.691256929e-09	3.82261844e-39
	3.75781752e-39	-2.642830137e-09	2.481885567e-09	2.912859952e-08	7.796655473e-08
	1.404993754e-07	2.069780339e-07	2.695643287e-07	3.23945558e-07	3.73953961e-07
	4.274474068e-07	4.723668233e-07	4.678538444e-07	4.070315623e-07	3.956940372e-07
	5.49504321e-07	6.881659962e-07	3.085618408e-07	-6.575692052e-07	-9.576749374e-07
	1.14879107e-06	4.821662787e-06	4.708576959e-06	-4.954462273e-06	-2.124843218e-05
	-3.000576849e-05	-2.124700943e-05	-4.952784998e-06	4.709123591e-06	4.820707562e-06
	1.147410851e-06	-9.581416341e-07	-6.570356093e-07	3.091263317e-07	6.881352972e-07
	5.491479728e-07	3.954995669e-07	4.070818004e-07	4.679548799e-07	4.724122895e-07
	4.274790301e-07	3.740174896e-07	3.240259211e-07	2.696291269e-07	2.070160219e-07
	1.405158283e-07	7.796922746e-08	2.912428509e-08	2.476867808e-09	-2.644809919e-09
	3.766754952e-39	3.701389684e-39	-2.595190761e-09	2.421367577e-09	2.851830885e-08
	7.627376287e-08	1.372931674e-07	2.021646093e-07	2.634937101e-07	3.169138772e-07
	3.654308434e-07	4.16709958e-07	4.608616348e-07	4.592855705e-07	4.015437536e-07
	3.84885059e-07	5.258760784e-07	6.652081405e-07	3.190683274e-07	-6.063221175e-07
	-9.281374337e-07	1.063043132e-06	4.621238116e-06	4.568024303e-06	-4.790649086e-06
	-2.069966631e-05	-2.928058704e-05	-2.069831003e-05	-4.789061378e-06	4.568530591e-06
	4.620330205e-06	1.061752617e-06	-9.285577191e-07	-6.058168525e-07	3.195788564e-07
	6.651570668e-07	5.255364679e-07	3.847090292e-07	4.015940584e-07	4.593782264e-07
	4.609045259e-07	4.167453711e-07	3.654981678e-07	3.169956615e-07	2.635593176e-07
	2.022040366e-07	1.373111718e-07	7.627739656e-08	2.851434703e-08	2.416409633e-09
	-2.597175086e-09	3.710301262e-39	3.643833675e-39	-2.546298422e-09	2.36012318e-09
	2.790218074e-08	7.457775956e-08	1.340948688e-07	1.973555592e-07	2.573999771e-07
	3.098579025e-07	3.569546369e-07	4.060711958e-07	4.493244744e-07	4.504634664e-07
	3.959036943e-07	3.744866341e-07	5.029861857e-07	6.422241191e-07	3.281371864e-07
	-5.567599842e-07	-8.983195992e-07	9.802891759e-07	4.424621754e-06	4.429333392e-06
	-4.62803479e-06	-2.015428946e-05	-2.855949719e-05	-2.015299788e-05	-4.626533625e-06
	4.429801303e-06	4.423759821e-06	9.790844286e-07	-8.9869664e-07	-5.562828015e-07
	3.285965878e-07	6.421549254e-07	5.026631837e-07	3.743276744e-07	3.959534114e-07
	4.505481408e-07	4.49365241e-07	4.061102834e-07	3.570253673e-07	3.099408685e-07
	2.574663244e-07	1.973963625e-07	1.341143294e-07	7.458228796e-08	2.78985573e-08
	2.355233303e-09	-2.548282653e-09	3.652698871e-39	3.58464509e-39	-2.496105584e-09
	2.298445859e-09	2.72803973e-08	7.28779511e-08	1.309038996e-07	1.925521792e-07
	2.512852095e-07	3.027759175e-07	3.4851982e-07	3.955309398e-07	4.377658106e-07
	4.413954425e-07	3.900994215e-07	3.644764876e-07	4.808334373e-07	6.192416055e-07
	3.357934326e-07	-5.088854082e-07	-8.68236208e-07	9.005211697e-07	4.231796118e-06
	4.292463936e-06	-4.466643438e-06	-1.961226277e-05	-2.784242247e-05	-1.96110341e-05
	-4.465225837e-06	4.29289539e-06	4.230978839e-06	8.993983433e-07	-8.68573056e-07
	-5.084360078e-07	3.362044866e-07	6.191564414e-07	4.805268623e-07	3.643332684e-07
	3.901479634e-07	4.414725482e-07	4.378048699e-07	3.955735619e-07	3.485935745e-07
	3.028598412e-07	2.513522288e-07	1.925942891e-07	1.309247192e-07	7.288331016e-08
	2.727709931e-08	2.293631685e-09	-2.498085668e-09	3.593445228e-39	3.52338354e-39
	-2.444588551e-09	2.236609474e-09	2.665318848e-08	7.117379822e-08	1.277195998e-07
	1.877556292e-07	2.451515875e-07	2.956664928e-07	3.401208229e-07	3.850885286e-07
	4.261959758e-07	4.320900107e-07	3.84119364e-07	3.548317804e-07	4.594161316e-07
	5.962888945e-07	3.420626365e-07	-4.627019646e-07	-8.379031631e-07	8.237319954e-07
	4.042745456e-06	4.157375548e-06	-4.30650067e-06	-1.907354757e-05	-2.712928528e-05
	-1.907238004e-05	-4.305163697e-06	4.157772413e-06	4.041971514e-06	8.226873335e-07
	-8.382027563e-07	-4.62279996e-07	3.424280694e-07	5.961898052e-07	4.591257522e-07
	3.547030143e-07	3.841662092e-07	4.321599724e-07	4.262337106e-07	3.851345227e-07
	3.401972281e-07	2.957511646e-07	2.452192114e-07	1.877989699e-07	1.277416792e-07
	7.117992616e-08	2.665020415e-08	2.231877958e-09	-2.446560987e-09	3.532101838e-39
	3.459679762e-39	-2.391747919e-09	2.174864004e-09	2.602082883e-08	6.946482331e-08
	1.245412366e-07	1.829669221e-07	2.390013762e-07	2.885285009e-07	3.317520517e-07
	3.74742802e-07	4.146251294e-07	4.225563062e-07	3.779523945e-07	3.455290817e-07
	4.387319987e-07	5.733949296e-07	3.469710188e-07	-4.182142216e-07	-8.073376046e-07
	7.499154664e-07	3.85745596e-06	4.024027722e-06	-4.147633838e-06	-1.853810539e-05
	-2.642000677e-05	-1.853699725e-05	-4.146374602e-06	4.024391817e-06	3.856724051e-06
	7.489453019e-07	-8.076027685e-07	-4.178192848e-07	3.472935022e-07	5.732838572e-07
	4.384575361e-07	3.454135252e-07	3.779970861e-07	4.226195584e-07	4.146618882e-07
	3.747919842e-07	3.318307442e-07	2.886137253e-07	2.39069537e-07	1.830114117e-07
	1.245644756e-07	6.947166065e-08	2.601814733e-08	2.170221375e-09	-2.393709714e-09
	3.468301331e-39	3.393241486e-39	-2.337608438e-09	2.113431649e-09	2.538363339e-08
	6.77506171e-08	1.21368014e-07	1.781869132e-07	2.328369087e-07	2.813611296e-07
	3.234079174e-07	3.644920839e-07	4.030632162e-07	4.128041082e-07	3.715878875e-07
	3.365443441e-07	4.187781205e-07	5.505893287e-07	3.505455542e-07	-3.754277598e-07
	-7.765580297e-07	6.790663419e-07	3.675915904e-06	3.892379823e-06	-3.990072158e-06
	-1.800589796e-05	-2.571450662e-05	-1.800484746e-05	-3.988887814e-06	3.892712919e-06
	3.675224732e-06	6.781670961e-07	-7.767914782e-07	-3.750594063e-07	3.508277046e-07
	5.504681125e-07	4.185192505e-07	3.364407991e-07	3.716300319e-07	4.128610921e-07
	4.030993123e-07	3.64544251e-07	3.234885447e-07	2.814467242e-07	2.329055376e-07
	1.782324637e-07	1.213923116e-07	6.775810668e-08	2.538124464e-08	2.108883377e-09
	-2.33955705e-09	3.401753299e-39	3.323857851e-39	-2.282218225e-09	2.05250337e-09
	2.47419526e-08	6.603084484e-08	1.181990838e-07	1.73416291e-07	2.266605661e-07
	2.741638953e-07	3.150828676e-07	3.54334167e-07	3.915199195e-07	4.028438591e-07
	3.65015785e-07	3.278528804e-07	3.995508406e-07	5.279024074e-07	3.528140874e-07
	-3.343491889e-07	-7.45584427e-07	6.111803393e-07	3.498115783e-06	3.762391071e-06
	-3.833846874e-06	-1.74768872e-05	-2.501270295e-05	-1.747589261e-05	-3.83273462e-06
	3.762694892e-06	3.497464064e-06	6.10348521e-07	-7.457887633e-07	-3.340069222e-07
	3.530584658e-07	5.27772785e-07	3.993071962e-07	3.27760196e-07	3.650550502e-07
	4.028950202e-07	3.915556313e-07	3.543890982e-07	3.151650891e-07	2.742496902e-07
	2.267295924e-07	1.734628087e-07	1.182243385e-07	6.603893184e-08	2.473984707e-08
	2.048054159e-09	-2.28415151e-09	3.332248667e-39	3.251402111e-39	-2.225647327e-09
	1.992236003e-09	2.409616628e-08	6.430525165e-08	1.15033557e-07	1.686555689e-07
	2.204747557e-07	2.669366536e-07	3.067714223e-07	3.442662995e-07	3.800046089e-07
	3.926866798e-07	3.582266692e-07	3.19429344e-07	3.810456643e-07	5.053651987e-07
	3.538054616e-07	-2.949861614e-07	-7.144384253e-07	5.462541447e-07	3.324048486e-06
	3.634020531e-06	-3.678991436e-06	-1.695103521e-05	-2.431451206e-05	-1.69500948e-05
	-3.677948517e-06	3.634296749e-06	3.323434945e-06	5.454863498e-07	-7.146161432e-07
	-2.946694384e-07	3.540145725e-07	5.052288066e-07	3.80816838e-07	3.193464177e-07
	3.582627835e-07	3.927324654e-07	3.80040179e-07	3.443237586e-07	3.068549099e-07
	2.670224903e-07	2.205441061e-07	1.687029546e-07	1.150596675e-07	6.431388348e-08
	2.409433483e-08	1.987889792e-09	-2.227563469e-09	3.259662368e-39	3.175832438e-39
	-2.167985576e-09	1.932750037e-09	2.344667674e-08	6.257366678e-08	1.118705184e-07
	1.639050781e-07	2.142818863e-07	2.596796082e-07	2.984682133e-07	3.342851749e-07
	3.685262816e-07	3.823443827e-07	3.512118444e-07	3.112477129e-07	3.632571473e-07
	4.830094682e-07	3.53549661e-07	-2.573473819e-07	-6.831434607e-07	4.842854194e-07
	3.153709475e-06	3.507227098e-06	-3.52554171e-06	-1.642830425e-05	-2.361984825e-05
	-1.642741633e-05	-3.524565413e-06	3.50747734e-06	3.153132848e-06	4.835783297e-07
	-6.832969453e-07	-2.570556135e-07	3.537259523e-07	4.828678429e-07	3.630426943e-07
	3.111734928e-07	3.512445945e-07	3.823852388e-07	3.685619175e-07	3.343449121e-07
	2.985526526e-07	2.597653388e-07	2.14351484e-07	1.639532273e-07	1.11897384e-07
	6.258279304e-08	2.344511041e-08	1.92851003e-09	-2.169883018e-09	3.183954111e-39
	3.097190594e-39	-2.109339767e-09	1.874128194e-09	2.279390098e-08	6.08360068e-08
	1.087090415e-07	1.591649627e-07	2.080843407e-07	2.523933173e-07	2.901680283e-07
	3.243869256e-07	3.57093498e-07	3.71829479e-07	3.439634277e-07	3.032812803e-07
	3.461787721e-07	4.608677235e-07	3.520779707e-07	-2.214426107e-07	-6.517249627e-07
	4.25272801e-07	2.987096992e-06	3.381969497e-06	-3.373536201e-06	-1.590865678e-05
	-2.292862358e-05	-1.590781964e-05	-3.372623861e-06	3.38219534e-06	2.986556025e-06
	4.246231841e-07	-6.518564913e-07	-2.211751628e-07	3.52223832e-07	4.607223017e-07
	3.459782125e-07	3.032147668e-07	3.43992657e-07	3.718658478e-07	3.57129372e-07
	3.244486797e-07	2.902531188e-07	2.524788032e-07	2.08154105e-07	1.592137664e-07
	1.087365622e-07	6.084557913e-08	2.279259083e-08	1.869996893e-09	-2.111217141e-09
	3.105167029e-39	3.01559832e-39	-2.049830173e-09	1.816414895e-09	2.21382621e-08
	5.909227711e-08	1.05548205e-07	1.544351775e-07	2.018844467e-07	2.450786956e-07
	2.818658585e-07	3.145671215e-07	3.457143102e-07	3.611551799e-07	3.364744496e-07
	2.955026523e-07	3.298028102e-07	4.389732152e-07	3.494231529e-07	-1.872826599e-07
	-6.202105631e-07	3.692158992e-07	2.824212295e-06	3.258206276e-06	-3.223016314e-06
	-1.539205539e-05	-2.224074758e-05	-1.539126738e-05	-3.22216531e-06	3.258409252e-06
	2.823705744e-06	3.686206075e-07	-6.203223058e-07	-1.870388545e-07	3.495409152e-07
	4.38825335e-07	3.296156321e-07	2.954428993e-07	3.36500056e-07	3.611874967e-07
	3.457505594e-07	3.146306219e-07	2.819513147e-07	2.451638066e-07	2.019542922e-07
	1.544845221e-07	1.055762821e-07	5.910224906e-08	2.213719904e-08	1.81239416e-09
	-2.051686225e-09	3.023424035e-39	2.931251291e-39	-1.989586458e-09	1.75961675e-09
	2.148018011e-08	5.73425719e-08	1.02387111e-07	1.497154879e-07	1.956844449e-07
	2.37737013e-07	2.735569511e-07	3.048207739e-07	3.343961839e-07	3.5033539e-07
	3.287389655e-07	2.87883754e-07	3.141201691e-07	4.173599283e-07	3.456196451e-07
	-1.548793792e-07	-5.886303299e-07	3.161152827e-07	2.665059921e-06	3.135895812e-06
	-3.07402664e-06	-1.487846287e-05	-2.155612696e-05	-1.487772231e-05	-3.073234398e-06
	3.136077405e-06	2.664586551e-06	3.155712529e-07	-5.887243508e-07	-1.546584954e-07
	3.457115794e-07	4.172108297e-07	3.139458317e-07	2.87829871e-07	3.287608993e-07
	3.503640808e-07	3.344329111e-07	3.048857429e-07	2.736425023e-07	2.378216263e-07
	1.957542812e-07	1.497652562e-07	1.024156472e-07	5.735289872e-08	2.147935475e-08
	1.755707867e-09	-1.99141998e-09	2.938921764e-39	2.844410599e-39	-1.928743085e-09
	1.703704125e-09	2.082006228e-08	5.5587072e-08	9.922490326e-08	1.450054737e-07
	1.894864546e-07	2.303698876e-07	2.652368649e-07	2.951423478e-07	3.231459131e-07
	3.393846915e-07	3.207521781e-07	2.803958488e-07	2.991202233e-07	3.960625602e-07
	3.407037797e-07	-1.242456296e-07	-5.570170308e-07	2.659724549e-07	2.50964798e-06
	3.014996322e-06	-2.926615288e-06	-1.436784215e-05	-2.087466528e-05	-1.436714741e-05
	-2.925879279e-06	3.015157968e-06	2.509206568e-06	2.654767077e-07	-5.570952881e-07
	-1.240469045e-07	3.407720958e-07	3.959133859e-07	2.9895816e-07	2.803470026e-07
	3.207704396e-07	3.394101699e-07	3.231831873e-07	2.952085028e-07	2.653222558e-07
	2.304538861e-07	1.895561859e-07	1.450555451e-07	9.925380325e-08	5.559771047e-08
	2.081946481e-08	1.699907886e-09	-1.930552848e-09	2.851922046e-39	2.755391782e-39
	-1.867434365e-09	1.648613882e-09	2.01582933e-08	5.382604057e-08	9.606078686e-08
	1.403045365e-07	1.832924387e-07	2.229792726e-07	2.569015299e-07	2.855257824e-07
	3.119695283e-07	3.283183155e-07	3.125105714e-07	2.730095717e-07	2.847906271e-07
	3.751164823e-07	3.347140291e-07	-9.539524018e-08	-5.254064288e-07	2.187898164e-07
	2.357988495e-06	2.895465883e-06	-2.780834255e-06	-1.386015635e-05	-2.019626255e-05
	-1.38595058e-05	-2.780151995e-06	2.895608974e-06	2.357577826e-06	2.183394559e-07
	-5.254707757e-07	-9.521787022e-08	3.347608746e-07	3.749682785e-07	2.846402488e-07
	2.729649879e-07	3.125252083e-07	3.283409799e-07	3.120073855e-07	2.855928383e-07
	2.569865207e-07	2.230625437e-07	1.833619634e-07	1.403547878e-07	9.608995722e-08
	5.383694874e-08	2.01579134e-08	1.644930678e-09	-1.869219064e-09	2.762740919e-39
	2.664551538e-39	-1.805789335e-09	1.5942533e-09	1.949522565e-08	5.205981637e-08
	9.289404747e-08	1.356119119e-07	1.771041674e-07	2.155674357e-07	2.485473099e-07
	2.759645228e-07	3.008721981e-07	3.171520992e-07	3.040120566e-07	2.656949813e-07
	2.711171078e-07	3.54557681e-07	3.276912798e-07	-6.834294475e-08	-4.938376159e-07
	1.745706091e-07	2.210097786e-06	2.777262465e-06	-2.636739851e-06	-1.335536877e-05
	-1.952081476e-05	-1.33547608e-05	-2.636108901e-06	2.777388343e-06	2.209716656e-06
	1.741628223e-07	-4.938898012e-07	-6.818608677e-08	3.277187379e-07	3.544113985e-07
	2.709778067e-07	2.656539457e-07	3.04023161e-07	3.171723302e-07	3.009106425e-07
	2.76032194e-07	2.48631676e-07	2.156498705e-07	1.771733778e-07	1.356622176e-07
	9.292339696e-08	5.207095334e-08	1.949505237e-08	1.590683211e-09	-1.807547536e-09
	2.671735357e-39	2.572272419e-39	-1.743926694e-09	1.540505164e-09	1.883117041e-08
	5.028880438e-08	8.972407024e-08	1.309266859e-07	1.70923181e-07	2.081369309e-07
	2.401710665e-07	2.664515644e-07	2.898581254e-07	3.059024246e-07	2.952561295e-07
	2.584216344e-07	2.580832397e-07	3.344226722e-07	3.196791358e-07	-4.310429114e-08
	-4.6235339e-07	1.333188369e-07	2.065996905e-06	2.660343978e-06	-2.494393183e-06
	-1.28534429e-05	-1.884821345e-05	-1.285287592e-05	-2.493811152e-06	2.660453942e-06
	2.065644118e-06	1.329508936e-07	-4.623950582e-07	-4.296706364e-08	3.196892245e-07
	3.34279167e-07	2.579543928e-07	2.583834948e-07	2.95263835e-07	3.059205819e-07
	2.898971308e-07	2.665195672e-07	2.402545983e-07	2.082184223e-07	1.709919635e-07
	1.309769192e-07	8.975350983e-08	5.030013003e-08	1.883119219e-08	1.537048065e-09
	-1.745656796e-09	2.579287967e-39	2.478945937e-39	-1.681950087e-09	1.487233961e-09
	1.816638926e-08	4.851346382e-08	8.655035724e-08	1.262478175e-07	1.647507551e-07
	2.006905602e-07	2.31770224e-07	2.569795124e-07	2.789304391e-07	2.945861357e-07
	2.862440393e-07	2.51158689e-07	2.456701957e-07	3.147483834e-07	3.107242587e-07
	-1.969551724e-08	-4.310006795e-07	9.503915701e-08	1.925712134e-06	2.544668345e-06
	-2.353860714e-06	-1.235434245e-05	-1.817834503e-05	-1.235381487e-05	-2.353325254e-06
	2.544763647e-06	1.925386507e-06	9.470840937e-08	-4.310333716e-07	-1.957700178e-08
	3.107189281e-07	3.146084179e-07	2.455511689e-07	2.511228566e-07	2.862485176e-07
	2.94602556e-07	2.789699505e-07	2.570475672e-07	2.318527265e-07	2.007710018e-07
	1.648189901e-07	1.262978505e-07	8.65798002e-08	4.852493858e-08	1.816659386e-08
	1.483889613e-09	-1.683650298e-09	2.485790118e-39	2.384954721e-39	-1.619944054e-09
	1.434293004e-09	1.750108792e-08	4.673429349e-08	8.337254281e-08	1.215741661e-07
	1.585878676e-07	1.932313247e-07	2.233428328e-07	2.475406586e-07	2.68091084e-07
	2.832204306e-07	2.769789666e-07	2.438750422e-07	2.338564779e-07	2.955719943e-07
	3.008767427e-07	1.86661606e-09	-3.998310253e-07	5.9736733e-08	1.789275562e-06
	2.430193595e-06	-2.215214903e-06	-1.185803138e-05	-1.751109019e-05	-1.185754166e-05
	-2.214723716e-06	2.43027544e-06	1.788975919e-06	5.944061541e-08	-3.998561785e-07
	1.967373415e-09	3.008578737e-07	2.954362383e-07	2.337466307e-07	2.438409926e-07
	2.769804237e-07	2.832354246e-07	2.681310195e-07	2.476084921e-07	2.234241249e-07
	1.933106096e-07	1.586554296e-07	1.216238709e-07	8.340190463e-08	4.674587805e-08
	1.750146244e-08	1.431061152e-09	-1.621612376e-09	2.391624119e-39	2.290654539e-39
	-1.557970972e-09	1.381532273e-09	1.683541175e-08	4.495181466e-08	8.019040552e-08
	1.169045259e-07	1.524351693e-07	1.857623648e-07	2.148876292e-07	2.381270781e-07
	2.573407109e-07	2.718227216e-07	2.674662085e-07	2.365395092e-07	2.226176279e-07
	2.769307264e-07	2.901905327e-07	2.15650465e-08	-3.689011252e-07	2.741703812e-08
	1.65672574e-06	2.316877994e-06	-2.078534955e-06	-1.136447395e-05	-1.68463231e-05
	-1.136402054e-05	-2.078085784e-06	2.316947544e-06	1.656450915e-06	2.715306719e-08
	-3.689200738e-07	2.164903356e-08	2.901599343e-07	2.767997585e-07	2.225163171e-07
	2.365067838e-07	2.674648809e-07	2.718365719e-07	2.573809639e-07	2.381944255e-07
	2.149675426e-07	1.858403842e-07	1.525019276e-07	1.169537748e-07	8.021960376e-08
	4.496346979e-08	1.683594272e-08	1.378412729e-09	-1.559605205e-09	2.297145284e-39
	2.196357226e-39	-1.496069332e-09	1.328806621e-09	1.61694441e-08	4.316655198e-08
	7.700387559e-08	1.122376644e-07	1.462929624e-07	1.782868879e-07	2.064040872e-07
	2.287307485e-07	2.466785718e-07	2.604104604e-07	2.577133678e-07	2.29121054e-07
	2.119259165e-07	2.588615684e-07	2.787238836e-07	3.938270153e-08	-3.38273452e-07
	-1.914404519e-09	1.528108441e-06	2.204680223e-06	-1.943907681e-06	-1.087363478e-05
	-1.618391045e-05	-1.087321615e-05	-1.943498319e-06	2.204738591e-06	1.527857279e-06
	-2.148629964e-09	-3.382874267e-07	3.94509382e-08	2.786832904e-07	2.587358776e-07
	2.118325015e-07	2.290892606e-07	2.57709518e-07	2.604234193e-07	2.467190135e-07
	2.287973549e-07	2.064824655e-07	1.7836353e-07	1.463587809e-07	1.122863307e-07
	7.703282978e-08	4.317823826e-08	1.617011751e-08	1.325799336e-09	-1.497667088e-09
	2.202664893e-39	2.102315687e-39	-1.434253626e-09	1.275983913e-09	1.550320784e-08
	4.137901286e-08	7.381303667e-08	1.075723672e-07	1.401611863e-07	1.708080842e-07
	1.978924597e-07	2.193436926e-07	2.361024255e-07	2.490009218e-07	2.477305387e-07
	2.215890818e-07	2.017500184e-07	2.414009231e-07	2.665398657e-07	5.530287763e-08
	-3.080169523e-07	-2.825236426e-08	1.403477543e-06	2.093559609e-06	-1.811428523e-06
	-1.038547892e-05	-1.552371047e-05	-1.038509357e-05	-1.811056806e-06	2.093607866e-06
	1.403248896e-06	-2.845916303e-08	-3.080270809e-07	5.535641392e-08	2.664909357e-07
	2.412809102e-07	2.016638664e-07	2.215578954e-07	2.477244507e-07	2.490132093e-07
	2.361429079e-07	2.194093153e-07	1.979691568e-07	1.708832333e-07	1.402259248e-07
	1.076203254e-07	7.3841668e-08	4.139069057e-08	1.550400927e-08	1.27308903e-09
	-1.435812355e-09	2.108435247e-39	2.00871232e-39	-1.372516056e-09	1.222952543e-09
	1.483667052e-08	3.958966655e-08	7.061812049e-08	1.029074858e-07	1.340394167e-07
	1.633290305e-07	1.893538031e-07	2.09958148e-07	2.256084608e-07	2.376109399e-07
	2.375304829e-07	2.139138046e-07	1.920546778e-07	2.245841545e-07	2.537069151e-07
	6.930973229e-08	-2.782078397e-07	-5.159235204e-08	1.282896044e-06	1.983476441e-06
	-1.681202739e-06	-9.899971959e-06	-1.486557157e-05	-9.899618417e-06	-1.680866551e-06
	1.983515611e-06	1.282688777e-06	-5.177396028e-08	-2.782151466e-07	6.93496461e-08
	2.536512263e-07	2.244701345e-07	1.91975169e-07	2.138829671e-07	2.375224571e-07
	2.376227422e-07	2.256488196e-07	2.100225575e-07	1.894286817e-07	1.63402566e-07
	1.341029311e-07	1.02954612e-07	7.064635154e-08	3.960129547e-08	1.483758523e-08
	1.220170438e-09	-1.374033083e-09	2.014638129e-39	1.915652165e-39	-1.310830103e-09
	1.169627728e-09	1.416975338e-08	3.779892391e-08	6.741949348e-08	9.824198748e-08
	1.279268783e-07	1.55852585e-07	1.807899787e-07	2.005667619e-07	2.151912475e-07
	2.262565913e-07	2.271287819e-07	2.060666939e-07	1.828003732e-07	2.084450139e-07
	2.402994269e-07	8.138891959e-08	-2.489304913e-07	-7.193120885e-08	1.166437264e-06
	1.874392381e-06	-1.55334683e-06	-9.417080212e-06	-1.420933094e-05	-9.416757003e-06
	-1.553044099e-06	1.874423442e-06	1.166250248e-06	-7.208977959e-08	-2.489358973e-07
	8.141631422e-08	2.402384744e-07	2.083372183e-07	1.827269068e-07	2.060360145e-07
	2.2711913e-07	2.262680598e-07	2.152313056e-07	2.006297433e-07	1.808629085e-07
	1.559243807e-07	1.279890216e-07	9.828816009e-08	6.744724791e-08	3.781046327e-08
	1.417076647e-08	1.166959028e-09	-1.312302673e-09	1.921378009e-39	1.82316202e-39
	-1.249155827e-09	1.115955898e-09	1.350234402e-08	3.600711967e-08	6.421763455e-08
	9.357500486e-08	1.218224762e-07	1.48381274e-07	1.722036252e-07	1.91162811e-07
	2.048437265e-07	2.149528221e-07	2.165439518e-07	1.980210364e-07	1.739430001e-07
	1.930149153e-07	2.263983844e-07	9.152840962e-08	-2.202784584e-07	-8.926787677e-08
	1.05418623e-06	1.766271016e-06	-1.427990222e-06	-8.936770871e-06	-1.355481265e-05
	-8.936476546e-06	-1.427718922e-06	1.766294901e-06	1.054018347e-06	-8.94054793e-08
	-2.202827806e-07	9.154441087e-08	2.263335769e-07	1.92913495e-07	1.73875e-07
	1.979903902e-07	2.165329909e-07	2.149640727e-07	2.048832977e-07	1.912241649e-07
	1.722744812e-07	1.484511978e-07	1.218830993e-07	9.362010431e-08	6.424483672e-08
	3.601852811e-08	1.350344056e-08	1.113401473e-09	-1.250581149e-09	1.828681194e-39
	1.731196394e-39	-1.187446483e-09	1.061916532e-09	1.283431223e-08	3.421449902e-08
	6.101310378e-08	8.890588058e-08	1.157248472e-07	1.409171787e-07	1.63598093e-07
	1.817404428e-07	1.945572554e-07	2.037130145e-07	2.057974954e-07	1.897526071e-07
	1.654335916e-07	1.783220255e-07	2.120920115e-07	9.971954326e-08	-1.923556039e-07
	-1.036044106e-07	9.462413189e-07	1.65907859e-06	-1.305277296e-06	-8.459012294e-06
	-1.290182555e-05	-8.458745425e-06	-1.305035449e-06	1.659096188e-06	9.460914618e-07
	-1.037230296e-07	-1.92359555e-07	9.972529621e-08	2.120246676e-07	1.782270544e-07
	1.65370513e-07	1.89721934e-07	2.057855423e-07	2.037241274e-07	1.945961482e-07
	1.817999852e-07	1.636667532e-07	1.409850921e-07	1.157837999e-07	8.894978955e-08
	6.103967841e-08	3.422573462e-08	1.283547738e-08	1.059477479e-09	-1.188821775e-09
	1.736501815e-39	1.639650608e-39	-1.125655794e-09	1.00752094e-09	1.216552787e-08
	3.242121051e-08	5.78065028e-08	8.423420319e-08	1.096324341e-07	1.33461826e-07
	1.549773336e-07	1.722949287e-07	1.843217276e-07	1.925484962e-07	1.94913865e-07
	1.812404762e-07	1.57218114e-07	1.643901291e-07	1.974764241e-07	1.059583893e-07
	-1.652773684e-07	-1.149473082e-07	8.427161881e-07	1.552784985e-06	-1.185369847e-06
	-7.983774367e-06	-1.225016056e-05	-7.983533542e-06	-1.185155516e-06	1.552797138e-06
	8.425832571e-07	-1.150488427e-07	-1.652815566e-07	1.059550545e-07	1.974077684e-07
	1.643016079e-07	1.571594499e-07	1.812097785e-07	1.949012299e-07	1.925595169e-07
	1.843597492e-07	1.723524911e-07	1.550436771e-07	1.335275845e-07	1.096895658e-07
	8.427680645e-08	5.783237462e-08	3.243223085e-08	1.216674701e-08	1.005198539e-09
	-1.126978319e-09	1.644734953e-39	1.548380455e-39	-1.063744943e-09	9.528077048e-10
	1.149587915e-08	3.062730728e-08	5.45984288e-08	7.955982849e-08	1.035435816e-07
	1.260160965e-07	1.463457354e-07	1.628229175e-07	1.741257854e-07	1.814679991e-07
	1.839202945e-07	1.724679607e-07	1.492373853e-07	1.512372191e-07	1.82656241e-07
	1.102474897e-07	-1.39172169e-07	-1.23309267e-07	7.437420534e-07	1.447365036e-06
	-1.068450072e-06	-7.511028985e-06	-1.159958742e-05	-7.510812812e-06	-1.068261369e-06
	1.447372541e-06	7.43624959e-07	-1.233955291e-07	-1.391770972e-07	1.102362389e-07
	1.825874002e-07	1.511550808e-07	1.491826736e-07	1.724372999e-07	1.839072747e-07
	1.814789399e-07	1.741627457e-07	1.628783463e-07	1.464096401e-07	1.2607955e-07
	1.035987426e-07	7.960101268e-08	5.462352226e-08	3.063806959e-08	1.149713794e-08
	9.506033701e-10	-1.065012036e-09	1.553236302e-39	1.457226689e-39	-1.001688194e-09
	8.978349412e-10	1.082528903e-08	2.883275805e-08	5.138942562e-08	7.488288069e-08
	9.745665337e-08	1.185801614e-07	1.377079023e-07	1.533226682e-07	1.63957151e-07
	1.704770876e-07	1.728464531e-07	1.634237269e-07	1.414271887e-07	1.388737624e-07
	1.67745091e-07	1.125981053e-07	-1.14182913e-07	-1.287115128e-07	6.494703947e-07
	1.342800313e-06	-9.54724267e-07	-7.040750729e-06	-1.094985062e-05	-7.040557834e-06
	-9.545593487e-07	1.342803921e-06	6.493680569e-07	-1.287842254e-07	-1.14188978e-07
	1.125801162e-07	1.676770891e-07	1.387978779e-07	1.413760185e-07	1.633932194e-07
	1.72833327e-07	1.704879297e-07	1.639928668e-07	1.533758232e-07	1.377692432e-07
	1.186411547e-07	9.750969483e-08	7.492253396e-08	5.141366468e-08	2.884321935e-08
	1.082657348e-08	8.95750167e-10	-1.00289728e-09	1.46184665e-39	1.366041288e-39
	-9.394760713e-10	8.42670085e-10	1.015372726e-08	2.703746836e-08	4.817993726e-08
	7.020372795e-08	9.13701606e-08	1.111534649e-07	1.29068374e-07	1.437942321e-07
	1.53803098e-07	1.595775869e-07	1.617238586e-07	1.54103034e-07	1.33718678e-07
	1.273005821e-07	1.528659123e-07	1.130331032e-07	-9.046859005e-08	-1.311869043e-07
	5.600761632e-07	1.239081552e-06	-8.444274146e-07	-6.572917782e-06	-1.030066425e-05
	-6.572746809e-06	-8.442844809e-07	1.239081967e-06	5.599875118e-07	-1.312476998e-07
	-9.047608253e-08	1.130095535e-07	1.52799667e-07	1.272307677e-07	1.336706971e-07
	1.540728457e-07	1.617108799e-07	1.59588284e-07	1.53837396e-07	1.438449847e-07
	1.291270218e-07	1.112118389e-07	9.142093579e-08	7.024173951e-08	4.820324527e-08
	2.704758564e-08	1.015502376e-08	8.407063903e-10	-9.406246685e-10	1.370418113e-39
	1.274711215e-39	-8.771153151e-10	7.873785879e-10	9.481215472e-09	2.524131073e-08
	4.497027071e-08	6.552292879e-08	8.528289387e-08	1.037347687e-07	1.20431298e-07
	1.34239546e-07	1.436510784e-07	1.487670697e-07	1.505849795e-07	1.445090851e-07
	1.26039214e-07	1.165063093e-07	1.381508895e-07	1.115906683e-07	-6.820586177e-08
	-1.307841009e-07	4.757615902e-07	1.136212007e-06	-7.378289559e-07	-6.107513226e-06
	-9.651705423e-06	-6.107362835e-06	-7.377062519e-07	1.136209887e-06	4.75685565e-07
	-1.308345177e-07	-6.821496513e-08	1.115627289e-07	1.380872073e-07	1.164423352e-07
	1.25994135e-07	1.44479424e-07	1.505723711e-07	1.487775527e-07	1.436837989e-07
	1.342877763e-07	1.204871172e-07	1.037903614e-07	8.533125816e-08	6.555918839e-08
	4.499257034e-08	2.525104113e-08	9.48251076e-09	7.855374728e-10	-8.78201025e-10
	1.278837861e-39	1.183174748e-39	-8.146254427e-10	7.320135172e-10	8.807823473e-09
	2.34441605e-08	4.176057586e-08	6.084114977e-08	7.919403797e-08	9.632227496e-08
	1.118000718e-07	1.24662385e-07	1.334895109e-07	1.380384861e-07	1.394619472e-07
	1.346544071e-07	1.183138144e-07	1.064643734e-07	1.237407802e-07	1.083290657e-07
	-4.759049153e-08	-1.275731941e-07	3.967606938e-07	1.03421213e-06	-6.352401425e-07
	-5.644526868e-06	-9.002605799e-06	-5.644395736e-06	-6.351359576e-07	1.034208084e-06
	3.966962446e-07	-1.27614674e-07	-4.760128183e-08	1.082978922e-07	1.23680353e-07
	1.06405974e-07	1.182714206e-07	1.346255154e-07	1.394498971e-07	1.380486683e-07
	1.335205097e-07	1.247079793e-07	1.118529209e-07	9.637492293e-08	7.923984895e-08
	6.087554723e-08	4.178178924e-08	2.345346144e-08	8.809104577e-09	7.302964335e-10
	-8.156459389e-10	1.187044404e-39	1.09142593e-39	-7.520326528e-10	6.766083807e-10
	8.133656443e-09	2.164593117e-08	3.855085007e-08	5.615906093e-08	7.310324762e-08
	8.891383668e-08	1.031769993e-07	1.150681207e-07	1.233087049e-07	1.27380061e-07
	1.283848095e-07	1.245621134e-07	1.104674566e-07	9.7129556e-08	1.097832618e-07
	1.033327232e-07	-2.883832868e-08	-1.216533824e-07	3.233445736e-07	9.331261915e-07
	-5.370235211e-07	-5.183957877e-06	-8.352940302e-06	-5.183844698e-06	-5.369361883e-07
	9.331207815e-07	3.232906612e-07	-1.216872663e-07	-2.88507745e-08	1.032994461e-07
	1.097266631e-07	9.707644193e-08	1.10427607e-07	1.245342568e-07	1.283734673e-07
	1.273898448e-07	1.233378547e-07	1.15110968e-07	1.0322673e-07	8.896337648e-08
	7.314636485e-08	5.619148569e-08	3.857089889e-08	2.165476048e-08	8.13491064e-09
	6.750167202e-10	-7.529856663e-10	1.095032e-39	9.995049306e-40	-6.893627466e-10
	6.211752023e-10	7.458835118e-09	1.984660142e-08	3.53409712e-08	5.147722393e-08
	6.701065743e-08	8.15072495e-08	9.456302061e-08	1.054632305e-07	1.131018495e-07
	1.16775628e-07	1.173792889e-07	1.142667914e-07	1.024285331e-07	8.843424043e-08
	9.64297306e-08	9.671993819e-08	-1.218533167e-08	-1.131635163e-07	2.55827531e-07
	8.330318109e-07	-4.436053572e-07	-4.725818662e-06	-7.702212015e-06	-4.725722142e-06
	-4.435332526e-07	8.330255481e-07	2.557831275e-07	-1.131910394e-07	-1.219929452e-08
	9.668565119e-08	9.637741354e-08	8.838611318e-08	1.023911652e-07	1.142402476e-07
	1.173687644e-07	1.167849121e-07	1.131290396e-07	1.05503219e-07	9.460947858e-08
	8.155351872e-08	6.705094197e-08	5.150756479e-08	3.535977697e-08	1.985491735e-08
	7.460049867e-09	6.197103021e-10	-6.902460576e-10	1.002840989e-39	9.074762965e-40
	-6.266353474e-10	5.657086735e-10	6.783473752e-09	1.80462255e-08	3.213075693e-08
	4.679599706e-08	6.091680399e-08	7.410059463e-08	8.595760078e-08	9.585453145e-08
	1.028659267e-07	1.062056056e-07	1.064640977e-07	1.038146001e-07	9.413378372e-08
	8.02847071e-08	8.382971614e-08	8.865248673e-08	2.114286543e-09	-1.022967132e-07
	1.945739087e-07	7.340539334e-07	-3.554921791e-07	-4.270140703e-06	-7.049831325e-06
	-4.270059563e-06	-3.554337216e-07	7.340472778e-07	1.945379989e-07	-1.023189989e-07
	2.099050829e-09	8.861823325e-08	8.378201277e-08	8.024127537e-08	9.409891433e-08
	1.037896456e-07	1.064544617e-07	1.062142922e-07	1.028910615e-07	9.589154576e-08
	8.60006274e-08	7.41434328e-08	6.095411774e-08	4.682414203e-08	3.214824117e-08
	1.805398671e-08	6.78463666e-09	5.643718305e-10	-6.274467857e-10	9.10536044e-40
	8.154022434e-40	-5.63861447e-10	5.101951168e-10	6.107662699e-09	1.624492191e-08
	2.892003769e-08	4.211548653e-08	5.48224541e-08	6.669256739e-08	7.735887249e-08
	8.62481713e-08	9.260230791e-08	9.564882116e-08	9.564803834e-08	9.326194577e-08
	8.553498976e-08	7.25582228e-08	7.212169049e-08	7.93472462e-08	1.379341764e-08
	-8.932077219e-08	1.400051978e-07	6.363857967e-07	-2.732932215e-07	-3.816983587e-06
	-6.395086426e-06	-3.816916557e-06	-2.732468721e-07	6.363791548e-07	1.399767803e-07
	-8.933882506e-08	1.377725622e-08	7.931400288e-08	7.207881406e-08	7.251922133e-08
	8.550271167e-08	9.323884224e-08	9.563932689e-08	9.565682317e-08	9.262530346e-08
	8.628208993e-08	7.739830634e-08	6.673181623e-08	5.485665908e-08	4.214132297e-08
	2.89361221e-08	1.625208738e-08	6.108761503e-09	5.089876049e-10	-5.645989032e-10
	8.181794737e-40	7.233217863e-40	-5.010449556e-10	4.546227049e-10	5.431462062e-09
	1.444284261e-08	2.570872096e-08	3.743556966e-08	4.872836509e-08	5.928269073e-08
	6.876409976e-08	7.664852406e-08	8.231669547e-08	8.508529436e-08	8.492743552e-08
	8.267187311e-08	7.660744927e-08	6.510238286e-08	6.141860211e-08	6.90894149e-08
	2.258381348e-08	-7.460684615e-08	9.260613263e-08	5.40321223e-07	-1.977514938e-07
	-3.366449467e-06	-5.737100215e-06	-3.366395286e-06	-1.977157544e-07	5.403149449e-07
	9.258422257e-08	-7.462154259e-08	2.25671715e-08	6.905807267e-08	6.138065341e-08
	6.506759296e-08	7.65779234e-08	8.265085375e-08	8.491965725e-08	8.509254047e-08
	8.233747451e-08	7.667921862e-08	6.879977876e-08	5.931819397e-08	4.87593229e-08
	3.745898445e-08	2.572332749e-08	1.444937162e-08	5.432484656e-09	4.535457829e-10
	-5.017063988e-10	7.258103913e-40	6.312450628e-40	-4.381868805e-10	3.989883037e-10
	4.75490875e-09	1.26401348e-08	2.249682068e-08	3.27559933e-08	4.263504736e-08
	5.187130116e-08	6.017044307e-08	6.705729841e-08	7.201803145e-08	7.449980282e-08
	7.428493227e-08	7.210718313e-08	6.73595376e-08	5.773933987e-08	5.178610133e-08
	5.82455482e-08	2.823937659e-08	-5.866968721e-08	5.292656281e-08	4.463059134e-07
	-1.297877438e-07	-2.918707228e-06	-5.074764787e-06	-2.918664639e-06	-1.297611571e-07
	4.463002893e-07	5.29101949e-08	-5.868176468e-08	2.82227888e-08	5.82168905e-08
	5.175308114e-08	5.770861058e-08	6.733297869e-08	7.208844151e-08	7.427807952e-08
	7.450624031e-08	7.203651804e-08	6.708463423e-08	6.020220619e-08	5.190290374e-08
	4.266261891e-08	3.27768732e-08	2.250987152e-08	1.264598683e-08	4.755843222e-09
	3.980432121e-10	-4.387703797e-10	6.334390687e-40	5.391638305e-40	-3.752893074e-10
	3.432979657e-10	4.078032126e-09	1.083691364e-08	1.928443675e-08	2.807651273e-08
	3.654263238e-08	4.445924561e-08	5.157583276e-08	5.747331756e-08	6.171616615e-08
	6.388544823e-08	6.369125028e-08	6.161965885e-08	5.784102481e-08	5.027925965e-08
	4.321178572e-08	4.727136512e-08	3.058002958e-08	-4.222328666e-08	2.157124185e-08
	3.550219659e-07	-7.056407322e-08	-2.47403501e-06	-4.406636964e-06	-2.474002753e-06
	-7.054522142e-08	3.550172208e-07	2.155947575e-08	-4.223333016e-08	3.056410645e-08
	4.724604384e-08	4.318361615e-08	5.025252708e-08	5.781767999e-08	6.160334266e-08
	6.368531253e-08	6.389104154e-08	6.173228065e-08	5.74971558e-08	5.160352097e-08
	4.448679276e-08	3.656667797e-08	2.80947445e-08	1.92958542e-08	1.084204839e-08
	4.078866798e-09	3.424859121e-10	-3.757930514e-10	5.410574517e-40	4.470681487e-40
	-3.12356869e-10	2.875622681e-10	3.400867894e-09	9.033259892e-09	1.607169756e-08
	2.339699925e-08	3.04509283e-08	3.704737462e-08	4.297955653e-08	4.789338845e-08
	5.141866571e-08	5.324553627e-08	5.311168935e-08	5.12364481e-08	4.814475107e-08
	4.254901762e-08	3.556675238e-08	3.670191491e-08	2.95714536e-08	-2.625376401e-08
	-8.41899866e-10	2.675332286e-07	-2.157768899e-08	-2.032900321e-06	-3.730760969e-06
	-2.032877128e-06	-2.156519298e-08	2.675295154e-07	-8.499715404e-10	-2.626218975e-08
	2.955685873e-08	3.668042569e-08	3.554331043e-08	4.25263176e-08	4.812487145e-08
	5.122266164e-08	5.310666636e-08	5.325026117e-08	5.143232191e-08	4.791358904e-08
	4.300301249e-08	3.707071115e-08	3.04713079e-08	2.341246977e-08	1.608140397e-08
	9.037637297e-09	3.401591357e-09	2.868844091e-10	-3.127791875e-10	4.486558407e-40
	3.549558442e-40	-2.493957416e-10	2.317912303e-10	2.723461851e-09	7.229238551e-09
	1.285870667e-08	1.871745236e-08	2.435963579e-08	2.963610843e-08	3.438213671e-08
	3.831416909e-08	4.112818907e-08	4.259146262e-08	4.251765747e-08	4.094882377e-08
	3.839208416e-08	3.444081335e-08	2.857118278e-08	2.70965473e-08	2.54631329e-08
	-1.209878824e-08	-1.380462631e-08	1.855476763e-07	1.520110751e-08	-1.596125477e-06
	-3.044341191e-06	-1.596110062e-06	1.520858871e-08	1.855450664e-07	-1.38098652e-08
	-1.210582418e-08	2.545054614e-08	2.707920946e-08	2.855234936e-08	3.442227893e-08
	3.837589394e-08	4.093764189e-08	4.251356736e-08	4.259529776e-08	4.113929488e-08
	3.833059298e-08	3.440120385e-08	2.965507852e-08	2.437620937e-08	1.873004854e-08
	1.286662434e-08	7.232818825e-09	2.724062981e-09	2.312486548e-10	-2.497351282e-10
	3.562323499e-40	2.628307578e-40	-1.86412139e-10	1.759926448e-10	2.045864771e-09
	5.424918395e-09	9.645530008e-09	1.403792553e-08	1.826855704e-08	2.22253816e-08
	2.578449536e-08	2.873396318e-08	3.084258083e-08	3.193573174e-08	3.189857116e-08
	3.071479466e-08	2.869232533e-08	2.597145985e-08	2.180303704e-08	1.888743175e-08
	1.900003026e-08	-1.469429412e-09	-1.725374696e-08	1.119131457e-07	3.714378508e-08
	-1.16527769e-06	-2.343061301e-06	-1.165268732e-06	3.714755571e-08	1.11911613e-07
	-1.725694713e-08	-1.475093207e-09	1.899008613e-08	1.887438659e-08	2.178875963e-08
	2.595729177e-08	2.868000058e-08	3.070628585e-08	3.189544849e-08	3.193865179e-08
	3.085104155e-08	2.874647287e-08	2.579901681e-08	2.223982904e-08	1.828118467e-08
	1.40475342e-08	9.651581218e-09	5.427662047e-09	2.046332761e-09	1.75586358e-10
	-1.86667281e-10	2.637911553e-40	1.706973529e-40	-1.234117988e-10	1.201732606e-10
	1.36812689e-09	3.620376737e-09	6.432217764e-09	9.358452334e-09	1.217763413e-08
	1.481495092e-08	1.718712034e-08	1.915294299e-08	2.055824736e-08	2.128426735e-08
	2.126316751e-08	2.048589256e-08	1.908692415e-08	1.730000245e-08	1.483231381e-08
	1.208542678e-08	1.162182569e-08	3.846497806e-09	-1.246135602e-08	5.155135054e-08
	4.087242146e-08	-7.437972765e-07	-1.619375724e-06	-7.437934069e-07	4.087375812e-08
	5.155074042e-08	-1.246319859e-08	3.842414517e-09	1.161501102e-08	1.207669097e-08
	1.482265613e-08	1.729041112e-08	1.907859916e-08	2.048013787e-08	2.126105295e-08
	2.128624199e-08	2.056396864e-08	1.91614016e-08	1.71969387e-08	1.482471939e-08
	1.218617596e-08	9.364960263e-09	6.436324743e-09	3.622244584e-09	1.368451278e-09
	1.199041672e-10	-1.235816139e-10	1.713371135e-40	7.855880325e-41	-6.040021634e-11
	6.43399564e-11	6.902968738e-10	1.815693923e-09	3.218823889e-09	4.679036135e-09
	6.086853928e-09	7.404672407e-09	8.589985108e-09	9.571808988e-09	1.027353981e-08
	1.063572338e-08	1.062491468e-08	1.02417261e-08	9.536755647e-09	8.619364914e-09
	7.498298358e-09	6.052605835e-09	5.097057458e-09	3.392806392e-09	-4.090972926e-09
	1.264569093e-08	2.368777657e-08	-3.414444814e-07	-8.567207387e-07	-3.414443026e-07
	2.368800085e-08	1.264561236e-08	-4.09187705e-09	3.390655267e-09	5.093617829e-09
	6.048204475e-09	7.49341655e-09	8.61452424e-09	9.532553672e-09	1.023881943e-08
	1.06238469e-08	1.063672055e-08	1.02764281e-08	9.576079371e-09	8.594942552e-09
	7.409605467e-09	6.091170086e-09	4.682329908e-09	3.22090871e-09	1.81664707e-09
	6.904675966e-10	6.420884142e-11	-6.048390048e-11	7.887386482e-41	  0
	  0	  0	  0	  0	  0
	  0	  0	  0	  0	  0
	  0	  0	  0	  0	  0
	  0	  0	  0	  0	  0
	  0	  0	  0	  0	  0
	  0	  0	  0	  0	  0
	  0	  0	  0	  0	  0
	  0	  0	  0	  0	  0
	  0	  0	  0	  0	  0
	  0	  0	  0	  0	  0
	