0.05 1.02405e-06
0.1 9.25813e-07
0.15 8.48548e-07
0.2 7.82477e-07
0.25 7.23794e-07
0.3 6.70569e-07
0.35 6.21673e-07
0.4 5.76374e-07
0.45 5.3417e-07
0.5 4.94693e-07
0.55 4.57666e-07
0.6 4.22872e-07
0.65 3.90138e-07
0.7 3.59319e-07
0.75 3.30296e-07
0.8 3.02969e-07
0.85 2.77251e-07
0.9 2.53066e-07
0.95 2.30348e-07
1 2.09039e-07
1.05 1.89088e-07
1.1 1.7045e-07
1.15 1.53082e-07
1.2 1.36949e-07
1.25 1.22017e-07
1.3 1.08257e-07
1.35 9.56424e-08
1.4 8.41482e-08
1.45 7.37529e-08
1.5 6.44369e-08
1.55 5.61821e-08
1.6 4.89724e-08
1.65 4.27927e-08
1.7 3.76294e-08
1.75 3.34696e-08
1.8 3.03009e-08
1.85 2.81113e-08
1.9 2.68884e-08
1.95 2.66186e-08
2 2.72866e-08
