5100	
	-4.381429301e-34	-2.99609261e-05	0.0005748051077	0.002450307962	0.005577908844
	0.009602519403	0.01425584296	0.01948739977	0.02532910726	0.03174118147
	0.03859036279	0.04571977753	0.05300242923	0.06033599781	0.06761317571
	0.07471016093	0.08149865568	0.08786109918	0.09369486384	0.09890834375
	0.1034181352	0.1071508333	0.1100466113	0.1120612584	0.1131662899
	0.1133484837	0.1126096432	0.1109664146	0.1084499771	0.105105838
	0.1009936181	0.09618578997	0.09076448802	0.08481768503	0.07843813193
	0.07172654696	0.06479430794	0.05775746533	0.05072180844	0.04377408979
	0.0369969457	0.03049920321	0.0244200311	0.01887614411	0.01389433605
	0.009433624137	0.005537675166	0.00247266072	0.0006048216573	-1.861206556e-05
	-4.91753628e-34	-4.546681288e-34	-2.554712056e-05	0.0005820158547	0.002444216648
	0.005537792519	0.009513336797	0.01411058054	0.01928260381	0.02506016561
	0.03140159496	0.03817399909	0.04522282674	0.05242344807	0.0596749049
	0.06687065915	0.07388788919	0.0805996983	0.08688999954	0.09265738332
	0.09781119934	0.1022688992	0.1059579127	0.1088191712	0.1108090594
	0.1118994948	0.1120774822	0.1113449013	0.1097183234	0.107228681
	0.1039210331	0.09985434472	0.09510027201	0.08974005583	0.08386073451
	0.07755399888	0.07091925512	0.06406637377	0.05711004135	0.05015513782
	0.04328772472	0.03658918066	0.03016611105	0.0241555102	0.01867383695
	0.01374988286	0.009343997667	0.005496475289	0.002465492815	0.0006113878046
	-1.437601957e-05	-5.072961768e-34	-4.7078884e-34	-2.12086231e-05	0.0005889683738
	0.002437726366	0.005497307388	0.009423979244	0.01396538225	0.01907804692
	0.02479156024	0.03106242582	0.03775817433	0.04472658018	0.05184534879
	0.05901486276	0.06612936056	0.07306701965	0.07970235273	0.08592074146
	0.09162198618	0.09671638915	0.101122257	0.1047678511	0.1075948536
	0.109560235	0.1106363058	0.1108102902	0.1100841355	0.1084743306
	0.1060115542	0.102740413	0.09871921485	0.09401879925	0.08871951383
	0.08290746439	0.0766732888	0.07011509418	0.06334125624	0.05646510124
	0.04959059639	0.0428031177	0.03618281401	0.02983410617	0.0238918214
	0.01847211823	0.01360572862	0.009254342535	0.005454983782	0.002457954191
	0.0006176989222	-1.021708654e-05	-5.224324632e-34	-4.865051682e-34	-1.694541096e-05
	0.0005956628661	0.002430838076	0.005456455228	0.009334448232	0.01382024828
	0.01887372852	0.02452329145	0.03072367681	0.03734289395	0.04423104513
	0.05126813966	0.05835588033	0.06538928958	0.07224756217	0.07880662802
	0.08495333186	0.09058867606	0.09562391258	0.09997820299	0.1035806371
	0.1063736402	0.1083147596	0.10937669	0.1095468673	0.1088272988
	0.1072343829	0.1047985381	0.1015639151	0.0975881631	0.09294130513
	0.08770279577	0.08195781013	0.07579594015	0.06931400661	0.06261890271
	0.05582259811	0.04902814369	0.04232023485	0.03577781792	0.02950316596
	0.02362894674	0.01827097486	0.01346186545	0.009164655653	0.005413200518
	0.002450045581	0.000623755592	-6.135028241e-06	-5.371634331e-34	-5.018171955e-34
	-1.275749595e-05	0.0006020995252	0.002423552736	0.005415237772	0.0092447452
	0.01367517881	0.01866964793	0.02425535943	0.03038535051	0.03692816317
	0.04373622859	0.05069182856	0.05769796615	0.06465045537	0.07142952613
	0.07791253265	0.08398777706	0.08955745603	0.09453376855	0.09883673094
	0.1023962585	0.1051555122	0.1070726072	0.1081206142	0.1082871731
	0.1075743439	0.1059984271	0.1035895747	0.1003914773	0.09646112477
	0.09186772379	0.08668983611	0.08101170798	0.07492189216	0.06851593561
	0.06189926122	0.05518248568	0.0484677398	0.04183904274	0.03537416493
	0.02917326807	0.02336686848	0.01807039388	0.01331828556	0.00907493395
	0.005371125341	0.002441767711	0.0006295583743	-2.129648808e-06	-5.514899828e-34
	-5.167249779e-34	-8.644913226e-06	0.0006082785334	0.0024158713	0.005373656718
	0.009154871537	0.01353017393	0.0184658044	0.02398776427	0.03004744934
	0.03651398695	0.04324213721	0.050116423	0.05704112832	0.06391286665
	0.07061292036	0.07702007457	0.08302408286	0.08852832861	0.09344595543
	0.09769783426	0.1012147028	0.1039404506	0.1058337518	0.1068680451
	0.1070311674	0.1063252241	0.1047664105	0.102384606	0.09922303795
	0.09533803578	0.09079799006	0.08568057008	0.08006909494	0.07405108481
	0.0677208251	0.0611822805	0.05454471827	0.04790934527	0.04135950837
	0.03497182794	0.02884439043	0.02310556907	0.01787036245	0.01317498128
	0.008985174375	0.005328758076	0.002433121296	0.0006351078043	1.799216974e-06
	-5.654129538e-34	-5.312285446e-34	-4.607714739e-06	0.0006142000608	0.002407794712
	0.00533171373	0.009064828575	0.01338523368	0.01826219711	0.02372050594
	0.02970997553	0.03610036999	0.04274877732	0.0495419301	0.05638537454
	0.06317653165	0.06979775321	0.07612926118	0.08206225446	0.08750129578
	0.09236047107	0.09656150585	0.1000359571	0.102728436	0.104598167
	0.1056189494	0.1057788099	0.1050798926	0.1035382805	0.1011835749
	0.0980585361	0.09421883269	0.08973203949	0.08467493364	0.07912990875
	0.07318345882	0.0669286197	0.06046790988	0.05390925077	0.04735292119
	0.04088159912	0.03457078014	0.02851651119	0.02284503113	0.01767086788
	0.01303194497	0.008895373894	0.005286098534	0.002424107035	0.0006404043894
	5.651710351e-06	-5.789331319e-34	-5.45327899e-34	-6.459653899e-07	0.0006198642648
	0.002399323905	0.005289410438	0.008974617601	0.01324035804	0.01805882516
	0.0234535843	0.02937293117	0.03568731676	0.04225615494	0.04896835662
	0.05573071207	0.06244145816	0.06898403253	0.07524009934	0.08110229654
	0.08647635897	0.09127731282	0.09542773818	0.09886000821	0.1015194487
	0.1033658263	0.1043732935	0.1045300604	0.1038383029	0.102313985
	0.09998642424	0.0968979112	0.09310345267	0.08866980828	0.08367286347
	0.07819408791	0.07231895563	0.06613926474	0.05975609936	0.05327603861
	0.04679842909	0.04040528281	0.03417099509	0.02818960879	0.02258523747
	0.0174718976	0.0128891691	0.00880552949	0.005243146509	0.002414725606
	0.00064544861	9.427952746e-06	-5.920512489e-34	-5.590230207e-34	3.240259504e-06
	0.0006252712904	0.0023904598	0.005246748443	0.008884239848	0.01309554694
	0.01785568755	0.02318699909	0.02903631816	0.0352748315	0.04176427577
	0.04839570893	0.05507714779	0.06170765351	0.06817176567	0.0743525954
	0.08014421322	0.0854535191	0.09019647756	0.09429652322	0.09768684241
	0.1003134687	0.102136703	0.1031310439	0.1032848787	0.1026004085
	0.101093472	0.09879309767	0.09574110329	0.09199183348	0.08761123331
	0.08267429693	0.07726157162	0.07145751738	0.06535270621	0.05904679955
	0.05264503781	0.046245831	0.03993052763	0.03377244666	0.02786366189
	0.02232617106	0.01727343914	0.0127466462	0.008715638166	0.005199901788
	0.002404977669	0.0006502409185	1.312804848e-05	-6.047679836e-34	-5.723138652e-34
	7.050875876e-06	0.0006304212697	0.0023812033	0.005203729314	0.008793696503
	0.01295080023	0.01765278324	0.02292074996	0.02870013826	0.03486291818
	0.04127314519	0.04782399304	0.05442468812	0.06097512459	0.06736095946
	0.07346675516	0.0791880081	0.08443277654	0.08911796163	0.09316785255
	0.09651644567	0.09911047569	0.1009107702	0.1018921671	0.1020432247
	0.1013661632	0.09987669001	0.09760353907	0.09458805289	0.09088391352
	0.08655625214	0.08167917212	0.0763322998	0.07059908695	0.06456889076
	0.05833996168	0.0520162049	0.04569508941	0.03945730219	0.03337510901
	0.02753864939	0.02206781505	0.01707548018	0.01260436887	0.008625696943
	0.005156364144	0.002394863859	0.0006547817401	1.67520866e-05	-6.170839633e-34
	-5.85200366e-34	1.078579205e-05	0.0006353143223	0.002371555296	0.00516035459
	0.008702988704	0.0128061177	0.01745011109	0.02265483644	0.02836439304
	0.03445158056	0.04078276826	0.04725321458	0.05377333911	0.06024387782
	0.06655162028	0.0725825839	0.07823368424	0.08341413117	0.08804176093
	0.09204171728	0.09534880358	0.09791044911	0.09968800082	0.1006566293
	0.1008050583	0.1001355211	0.09866358762	0.09641769279	0.09343870106
	0.08977963176	0.08550480296	0.0806874278	0.07540621305	0.06974360785
	0.06378776572	0.05763553758	0.05138949696	0.04514616726	0.03898557545
	0.03297895663	0.02721455045	0.02181015279	0.01687800852	0.01246232976
	0.008535702862	0.005112533342	0.002384384788	0.0006590714726	2.030014225e-05
	-6.289997651e-34	-5.976824341e-34	1.444490951e-05	0.0006399505556	0.002361516661
	0.005116625783	0.008612117542	0.01266149911	0.01724766988	0.02238925793
	0.02802908391	0.03404082212	0.04029314975	0.04668337883	0.0531231064
	0.05951391919	0.065743754	0.07170008638	0.07728124417	0.08239758236
	0.08696787088	0.09091810811	0.09418390136	0.09671336813	0.09846836759
	0.09942439696	0.09957033953	0.09890843633	0.09745411389	0.09523550357
	0.09229298937	0.08867892777	0.08445682462	0.07969900341	0.07448325268
	0.06889102431	0.06300927904	0.05693347964	0.05076487157	0.04459902795
	0.03851531676	0.03258396432	0.02689134442	0.02155316775	0.01668101205
	0.01232052162	0.008445652985	0.005068409137	0.002373541043	0.0006631104868
	2.377227753e-05	-6.405159167e-34	-6.097599589e-34	1.802812349e-05	0.0006443300641
	0.00235108825	0.005072544372	0.008521084063	0.01251694413	0.01704545834
	0.02212401375	0.02769421211	0.03363064614	0.03980429408	0.04611449069
	0.0524739952	0.05878525425	0.06493736601	0.07081926687	0.0763306899
	0.08138312895	0.08589628642	0.08979701533	0.0930217239	0.09551921165
	0.0972518431	0.09819543616	0.09833902848	0.09768486318	0.09624821814
	0.09405691659	0.0911508599	0.0875817417	0.08341225658	0.07871383904
	0.07356336064	0.06804128121	0.0622333793	0.05623374087	0.05014228684
	0.04405363529	0.03804649584	0.03219010717	0.02656901091	0.02129684361
	0.01648447879	0.01217893722	0.00835554439	0.005023991275	0.002362333188
	0.000666899127	2.716854226e-05	-6.516328975e-34	-6.214328081e-34	2.153532329e-05
	0.0006484529298	0.002340270901	0.005028111808	0.008429889266	0.01237245238
	0.01684347508	0.0218591031	0.02735977872	0.03322105562	0.0393162054
	0.0455465547	0.05182601035	0.05805788809	0.06413246121	0.06994012909
	0.07538202293	0.08037076933	0.08482700204	0.08867842882	0.09186225575
	0.09432795831	0.09603839979	0.09696971313	0.09711108529	0.09646475625
	0.09504584997	0.09288187743	0.09001225521	0.08648801426	0.08237103896
	0.07773187547	0.07264647959	0.06719432406	0.06146001571	0.05553627481
	0.04952170137	0.04350995356	0.03757908275	0.03179736054	0.02624752976
	0.02104116419	0.01628839687	0.01203756944	0.00826537418	0.004979279492
	0.002350761759	0.0006704377108	3.048897446e-05	-6.623511393e-34	-6.32700828e-34
	2.496639258e-05	0.000652319222	0.002329065434	0.004983329515	0.008338534108
	0.01222802342	0.01664171868	0.02159452507	0.02702578466	0.03281205337
	0.03882888752	0.04497957504	0.05117915626	0.05733182539	0.06332904405
	0.0690626763	0.07443524427	0.07936050138	0.08376001178	0.08756233805
	0.09070548111	0.0931395865	0.09482800995	0.09574719405	0.0958864702
	0.09524807027	0.09384695932	0.09171033207	0.0888771184	0.08539768676
	0.08133311247	0.0767530541	0.07173255279	0.06635009903	0.06068913807
	0.05484103558	0.04890307424	0.04296794741	0.03711304793	0.03140570009
	0.025926881	0.02078611348	0.01609275453	0.01189641118	0.008175139473
	0.004934273516	0.002338827269	0.0006737265295	3.373360077e-05	-6.726710268e-34
	-6.435638432e-34	2.832120953e-05	0.0006559289971	0.00231747265	0.004938198886
	0.008247019498	0.01208365675	0.0164401876	0.02133027865	0.02669223067
	0.03240364192	0.03834234397	0.04441355553	0.05053343696	0.05660707038
	0.06252711848	0.06818691124	0.0734903544	0.07835232248	0.08269530925
	0.08644873211	0.08955138388	0.09195407439	0.09362064574	0.09452784502
	0.09466514351	0.09403476018	0.09265149643	0.0905422269	0.08774539303
	0.08431070104	0.08029841845	0.07577731695	0.07082152416	0.06550855291
	0.0599206968	0.05414797783	0.04828636504	0.04242758194	0.03664836213
	0.03101510177	0.0256070449	0.02053167563	0.01589754011	0.01175545541
	0.00808483741	0.004888973067	0.002326530204	0.0006767658481	3.69024367e-05
	-6.825928979e-34	-6.540216563e-34	3.159964693e-05	0.0006592822985	0.002305493332
	0.004892721286	0.008155346305	0.01193935181	0.01623888027	0.0210663627
	0.02635911733	0.03199582358	0.03785657796	0.04384849964	0.0498888561
	0.05588362686	0.06172668801	0.06731283617	0.07254735333	0.07734622959
	0.08163288761	0.08533759971	0.08839994763	0.0907713999	0.09241627917
	0.09331163217	0.09344706564	0.09282478112	0.09145941183	0.08937750874
	0.08661702315	0.08322699952	0.07926689881	0.07480460669	0.06991333827
	0.0646696331	0.05915464288	0.05345705675	0.04767153379	0.04188882263
	0.03618499646	0.0306255418	0.02528800193	0.02027783492	0.01570274204
	0.01161469516	0.007994465149	0.004843377855	0.002313871024	0.0006795559057
	3.999548689e-05	-6.921170443e-34	-6.64074048e-34	3.480157219e-05	0.0006623791564
	0.002293128244	0.004846898053	0.008063515352	0.01179510799	0.01603779501
	0.02080277599	0.02602644509	0.03158860044	0.0373715924	0.04328441049
	0.04924541692	0.0551614982	0.06092775566	0.06644045283	0.07160624057
	0.07634221915	0.08057273958	0.08422892918	0.08725115561	0.08959154073
	0.09121488214	0.09209852157	0.09223219708	0.09161808845	0.09027065637
	0.08821612477	0.0854919533	0.08214652516	0.07823849608	0.0738348666
	0.06900794027	0.06383328762	0.05839092788	0.05276822806	0.04705854101
	0.04135163536	0.03572292235	0.03023699664	0.02496973278	0.02002457582
	0.01550834888	0.01147412352	0.00790401987	0.004797487581	0.002300850164
	0.0006820969152	4.301274521e-05	-7.012437116e-34	-6.737207763e-34	3.792684735e-05
	0.0006652195876	0.00228037813	0.004800730495	0.007971527424	0.01165092461
	0.01583693007	0.02053951719	0.02569421418	0.03118197433	0.0368873899
	0.04272129085	0.04860312227	0.05444068737	0.060130324	0.06556976252
	0.07066701514	0.07534028717	0.0795148575	0.08312270846	0.0861049908
	0.08841447438	0.09001642643	0.0908884793	0.09102049842	0.09041463769
	0.0890851812	0.08705802259	0.08437012852	0.08106922145	0.07721315336
	0.07286804055	0.06810527594	0.06299946507	0.05762950392	0.05208144798
	0.04644734764	0.04081598641	0.03526211157	0.02984944306	0.02465221834
	0.01977188294	0.01531434926	0.01133373362	0.00781349877	0.004751301941
	0.002287468034	0.0006843890639	4.595419492e-05	-7.099730997e-34	-6.829615765e-34
	4.097532903e-05	0.0006678035952	0.002267243715	0.004754219894	0.007879383258
	0.01150680094	0.01563628364	0.02027658484	0.02536242473	0.03077594688
	0.03640397277	0.04215914312	0.04796197464	0.05372119688	0.05933439516
	0.06470076603	0.06972967561	0.0743404292	0.07845923325	0.08201892516
	0.08496143585	0.08724017811	0.08882088371	0.08968147143	0.08981193035
	0.0892143846	0.08790293777	0.08590315021	0.08325149429	0.07999503243
	0.07619081434	0.07190407302	0.06720529166	0.06216811465	0.0568703237
	0.05139667326	0.0458379151	0.04028184243	0.03480253618	0.02946285805
	0.0243354397	0.019519741	0.01512073193	0.01119351866	0.007722899065
	0.00470482062	0.002273725017	0.000686432513	4.881980872e-05	-7.183053624e-34
	-6.917961604e-34	4.394686837e-05	0.0006701311683	0.002253725705	0.004707367503
	0.007787083555	0.01136273619	0.01543585381	0.02001397741	0.02503107665
	0.03037051946	0.03592134304	0.04159796938	0.04732197611	0.05300302886
	0.0585399708	0.0638334637	0.06879422004	0.07334264034	0.07740585833
	0.08091756652	0.08382047315	0.086068629	0.08762822552	0.08847746402
	0.08860645367	0.08801728514	0.08672387785	0.08475145601	0.08213599658
	0.07892390266	0.07517142326	0.07094290907	0.06630793438	0.06133918611
	0.05611334043	0.05071386113	0.04523020521	0.03974917042	0.03434416857
	0.02907721888	0.02401937815	0.01926813493	0.0149274857	0.01105347189
	0.00763221799	0.004658043295	0.002259621471	0.000688227398	5.160954879e-05
	-7.262406081e-34	-7.00224216e-34	4.684131092e-05	0.0006722022819	0.002239824786
	0.004660174549	0.007694628972	0.01121872951	0.01523563861	0.01975169321
	0.02470016975	0.02996569323	0.03543950242	0.04103777137	0.04668312841
	0.052286185	0.05774705213	0.06296785538	0.06786064605	0.07234691525
	0.07635472382	0.07981861942	0.0826820848	0.08489980392	0.08643842332
	0.08727642313	0.08740402927	0.08682329547	0.0855479535	0.08360288878
	0.08102358182	0.07785577722	0.07415492492	0.06998449434	0.06541315165
	0.06051262977	0.05535850788	0.05003296931	0.04462418025	0.03921793778
	0.03388698143	0.02869250305	0.02370401519	0.01901704973	0.01473459952
	0.01091358658	0.0075414528	0.004610969636	0.002245157728	0.0006897738286
	5.432336679e-05	-7.337788993e-34	-7.08245407e-34	4.96584965e-05	0.0006740168964
	0.002225541623	0.004612642231	0.007602020125	0.01107478	0.015035636
	0.0194897305	0.02436970363	0.02956146912	0.03495845234	0.04047855047
	0.04604543286	0.0515706666	0.05695563992	0.06210394047	0.06692895081
	0.07135324816	0.07530582043	0.07872207042	0.08154625262	0.08373367957
	0.08525144849	0.08607831483	0.08620461816	0.08563237195	0.08437511708
	0.08245739767	0.0799141969	0.07679060173	0.07314126468	0.06902877503
	0.06452089157	0.05968839654	0.05460578033	0.04935395599	0.0440198029
	0.03868811226	0.03343094775	0.02830868833	0.0233893325	0.01876647061
	0.01454206238	0.01077385609	0.007450600764	0.004563599306	0.002230334096
	0.0006910718887	5.696120384e-05	-7.409202528e-34	-7.158593716e-34	5.239825908e-05
	0.0006755749576	0.002210876861	0.004564771721	0.007509257593	0.0109308867
	0.01483584386	0.01922808741	0.02403967778	0.02915784782	0.03447819395
	0.03992030774	0.04540889044	0.05085647454	0.05616573451	0.0612417179
	0.065999131	0.07036163285	0.07425913846	0.07762790574	0.08041295817
	0.08257023245	0.08406727229	0.0848831052	0.08500818145	0.08444447117
	0.08320532127	0.08131493225	0.07880778916	0.07572832228	0.07213038845
	0.0680756979	0.0636311028	0.05886643782	0.05385511259	0.04867677987
	0.04341703626	0.03815966193	0.0329760408	0.0279257527	0.02307531194
	0.01851638286	0.01434986339	0.0106342738	0.007359659173	0.00451593196
	0.002215150858	0.0006921216362	5.95229905e-05	-7.476646394e-34	-7.230657228e-34
	5.506042663e-05	0.0006768763957	0.002195831128	0.004516564166	0.007416341912
	0.01078704859	0.01463625998	0.01896676196	0.02371009149	0.02875482981
	0.0339987281	0.03936304389	0.04477350174	0.0501436093	0.05537733579
	0.06038118616	0.06507118287	0.06937206271	0.07321466784	0.07653611125
	0.07928218274	0.08140943887	0.08288586589	0.08369076034	0.08381468038
	0.08325954992	0.08203851903	0.08017544245	0.0777043064	0.07466888548
	0.07112224266	0.06712521028	0.06274373457	0.05804670557	0.05310645996
	0.04800140006	0.04281584383	0.03763255523	0.03252223416	0.02754367439
	0.02276193558	0.01826677193	0.01415799174	0.01049483316	0.007268625332
	0.004467967245	0.002199608269	0.0006929231033	6.200864672e-05	-7.54011984e-34
	-7.298640468e-34	5.764482091e-05	0.0006779211259	0.002180405027	0.004468020685
	0.00732327358	0.0106432646	0.0144368821	0.01870575208	0.02338094392
	0.02835241536	0.03352005535	0.03880675932	0.04413926701	0.04943207097
	0.05459044324	0.05952234329	0.06414510225	0.06838453069	0.07217239811
	0.07544667252	0.07815390739	0.08025127498	0.08170720042	0.08250124634
	0.08262407628	0.08207756519	0.08087466363	0.07903887858	0.07660369686
	0.07361223846	0.07011677429	0.06617726002	0.06185873662	0.05722915229
	0.05235977826	0.04732777616	0.04221618952	0.03710676094	0.03206950167
	0.02716243188	0.02244918566	0.01801762341	0.01396643668	0.01035552764
	0.007177496567	0.004419704802	0.002183706563	0.0006934762961	6.441808172e-05
	-7.59962165e-34	-7.362539029e-34	6.015125732e-05	0.0006787090473	0.002164599144
	0.004419142373	0.007230053058	0.01049953359	0.01423770787	0.01844505558
	0.02305223408	0.02795060449	0.03304217599	0.03825145408	0.0435061861
	0.04872185922	0.05380505588	0.05866518687	0.06322088449	0.06739902934
	0.07113231844	0.07435957479	0.07702811288	0.07909571677	0.08053124689
	0.08131452933	0.08143633061	0.08089847418	0.07971370863	0.07790519133
	0.07550590923	0.07255832879	0.0691139308	0.06523179552	0.06097605925
	0.05641373098	0.05161502378	0.04665586821	0.04161803762	0.03658224817
	0.03161781745	0.02678200386	0.0221370446	0.017768923	0.01377518759
	0.01021635077	0.007086270217	0.004371144266	0.002167445947	0.0006937811947
	6.675119396e-05	-7.655150144e-34	-7.422348223e-34	6.257954467e-05	0.0006792400426
	0.002148414042	0.004369930298	0.007136680764	0.01035585439	0.01403873488
	0.01818467019	0.02272396081	0.02754939701	0.03256509002	0.03769712792
	0.04287425854	0.04801297336	0.05302117233	0.05780971405	0.06229852453
	0.06641555079	0.07009441766	0.073274803	0.07590477978	0.07794274005
	0.07935797626	0.08013057547	0.08025140495	0.07972223432	0.0785556079
	0.07677433175	0.07441089261	0.07150710458	0.06811366022	0.0642887657
	0.06009565326	0.05560039514	0.05087215329	0.04598563669	0.0410213528
	0.03605898632	0.03116715589	0.02640236923	0.02182549501	0.01752065655
	0.01358423388	0.01007729612	0.006994943641	0.004322285265	0.002150826604
	0.0006938377531	6.900787099e-05	-7.706703172e-34	-7.478063076e-34	6.492948495e-05
	0.0006795139782	0.002131850267	0.004320385504	0.007043157084	0.01021222576
	0.01383996063	0.01792459353	0.02239612282	0.02714879253	0.03208879717
	0.03714378023	0.04224348348	0.04730541228	0.05223879078	0.05695592154
	0.06137801688	0.06543408678	0.0690586842	0.07219234175	0.07478388838
	0.07679232048	0.07818735941	0.07894935093	0.079069261	0.07854880324
	0.07740031558	0.07564625129	0.07331859656	0.07045851438	0.06711591105
	0.06334811999	0.05921746997	0.0547890988	0.05013112405	0.0453170425
	0.04042610013	0.03553694515	0.03071749166	0.02602350714	0.02151451966
	0.01727281002	0.01339356507	0.009938357309	0.006903514213	0.004273127419
	0.002133848692	0.0006936458988	7.118798932e-05	-7.754278115e-34	-7.529678319e-34
	6.720087313e-05	0.0006795307032	0.00211490834	0.004270509008	0.006949482362
	0.01006864639	0.01364138256	0.0176648231	0.02206871864	0.02674879043
	0.03161329688	0.03659141012	0.04161385972	0.04659917451	0.05145790902
	0.05610380564	0.06045935563	0.06445462865	0.06802510618	0.07111217539
	0.07366541877	0.07564443357	0.07701936717	0.07777082191	0.07788986056
	0.07737813877	0.07624778613	0.07452090173	0.07222897105	0.06941250723
	0.06612063231	0.06240980834	0.05834146123	0.05397979644	0.04939189378
	0.04465004697	0.03983224502	0.03501609472	0.03026879968	0.02564539694
	0.0212041015	0.0170253695	0.01320317074	0.009799527982	0.006811979323
	0.004223670344	0.002116512346	0.0006932055332	7.329141433e-05	-7.797871875e-34
	-7.577188376e-34	6.939349689e-05	0.0006792900493	0.002097588765	0.004220301806
	0.006855656906	0.009925114941	0.01344299802	0.01740535633	0.02174174668
	0.02634938987	0.03113858832	0.03604001636	0.04098538572	0.04589425819
	0.05067852441	0.0552533622	0.05954253445	0.06347716737	0.06699367133
	0.07003428793	0.07254935076	0.07449905466	0.07585397029	0.07659495463
	0.07671316557	0.07621019896	0.07509797429	0.07339823524	0.07114196648
	0.06836903261	0.06512777349	0.06147378121	0.05746757935	0.05317244305
	0.04865442064	0.04398461186	0.03923975327	0.03449640538	0.02982105511
	0.0252680182	0.02089422366	0.0167783212	0.01301304056	0.009660801836
	0.006720336378	0.004173913651	0.002098817675	0.0006925165307	7.531800006e-05
	-7.837480876e-34	-7.62058736e-34	7.150713638e-05	0.0006787918304	0.002079892021
	0.004169764866	0.006761680988	0.009781630006	0.01324480432	0.01714619053
	0.02141520518	0.02595058981	0.0306646704	0.0354895974	0.04035805959
	0.04519066106	0.04990063392	0.05440458666	0.0586275466	0.06250169349
	0.06596436706	0.06895866311	0.071435664	0.07335615897	0.07469113947
	0.07542171537	0.0755391381	0.07504494206	0.07395083508	0.07227820433
	0.07005753365	0.0673280405	0.06413728458	0.06053998955	0.05659577716
	0.05236699409	0.04791866325	0.04332069932	0.03864859102	0.0339778478
	0.02937423337	0.02489135068	0.02058486943	0.01653165146	0.01282316426
	0.0095221726	0.0066285828	0.004123856944	0.002080764765	0.0006915787393
	7.726758908e-05	-7.873101057e-34	-7.659869058e-34	7.354156391e-05	0.0006780358417
	0.002061818569	0.004118899136	0.006667554842	0.009638190125	0.01304679865
	0.01688732293	0.02108909226	0.025552389	0.03019154175	0.0349401514
	0.03973187909	0.04448838053	0.04912423409	0.05355747404	0.05771438492
	0.06152819721	0.06493718044	0.06788528438	0.07032433787	0.07221572156
	0.07353084537	0.07425107043	0.07436774032	0.07388232655	0.07280632382
	0.07116076186	0.0689756238	0.0662894813	0.06314911607	0.05960838478
	0.05572600796	0.05156340548	0.04718458068	0.04265827193	0.03805872476
	0.03346039293	0.02892831014	0.02451537438	0.02027602225	0.01628534672
	0.01263353164	0.009383634045	0.006536716027	0.004073499824	0.00206235368
	0.0006903919797	7.914001229e-05	-7.904727865e-34	-7.695026926e-34	7.549654369e-05
	0.0006770218599	0.002043368848	0.004067705537	0.006573278669	0.009494793784
	0.01284897817	0.01662875063	0.02076340587	0.02515478596	0.02971920073
	0.0343916762	0.03910684166	0.04378741361	0.0483493211	0.05271201894
	0.05680304186	0.06055666835	0.06391209819	0.06681413491	0.06921535156
	0.07107771737	0.07237305856	0.07308298613	0.07319893456	0.07272231109
	0.07166439611	0.07004586108	0.06789618856	0.06525330588	0.06216321888
	0.05867891884	0.05485822552	0.05076163362	0.04645213243	0.04199729263
	0.03747012135	0.03294401202	0.02848326133	0.02414006947	0.01996766575
	0.01603939356	0.0124441326	0.009245179977	0.006444733513	0.004022841886
	0.002043584459	0.0006889560455	8.093508869e-05	-7.932356254e-34	-7.726054075e-34
	7.737183151e-05	0.0006757496422	0.002024543277	0.00401618497	0.006478852631
	0.009351439413	0.01265133994	0.01637047066	0.02043814382	0.02475777903
	0.02924764543	0.03384416933	0.03848294438	0.04308775694	0.04757589069
	0.05186821558	0.05589350948	0.05958709634	0.06288910672	0.06574519758
	0.06810868403	0.06994212119	0.07121774961	0.07191742886	0.07203268322
	0.07156485458	0.07052500783	0.06893345554	0.06681917996	0.06421946554
	0.06117954444	0.05775154411	0.05399238409	0.04996163533	0.04572127842
	0.04133772479	0.03688274797	0.03242867659	0.02803906307	0.02376541632
	0.01965978371	0.01579377865	0.01225495706	0.009106804235	0.006352632726
	0.003971882721	0.002024457116	0.0006872707029	8.265262523e-05	-7.955980673e-34
	-7.752943259e-34	7.916717444e-05	0.0006742189259	0.002005342251	0.003964338312
	0.006384276857	0.009208125389	0.01245388097	0.01611247995	0.02011330379
	0.02436136634	0.0287768737	0.03329762803	0.03786018401	0.04238940682
	0.04680393826	0.05102605776	0.05498577943	0.05861947027	0.06186819212
	0.06467845502	0.06700431404	0.06880890768	0.07006488901	0.07075436502
	0.07086894888	0.07040991609	0.06938811515	0.06782349917	0.06574455043
	0.06318791202	0.06019804462	0.05682621344	0.05312843838	0.04916336789
	0.044991979	0.04067953215	0.03629657214	0.03191435846	0.02759569173
	0.02339139552	0.01935236007	0.0155484888	0.01206599505	0.008968500697
	0.00626041115	0.003920621916	0.002004971644	0.0006853356903	8.429241652e-05
	-7.975595064e-34	-7.775686868e-34	8.088231046e-05	0.0006724294277	0.001985766146
	0.003912166419	0.00628955144	0.009064850035	0.01225659818	0.01585477532
	0.01978888331	0.0239655458	0.02830688311	0.03275204922	0.03723855698
	0.04169235916	0.04603345877	0.05018553886	0.05407984298	0.05765377887
	0.06084934012	0.06361388958	0.06590222017	0.06767805139	0.06891444721
	0.06959376107	0.06970769422	0.06925745492	0.06825367452	0.06671594622
	0.06467225279	0.0621585975	0.05921867174	0.05590288017	0.05226634354
	0.04836678902	0.04426419492	0.04002267881	0.0357115617	0.03140102972
	0.02715312394	0.02301798784	0.01904537892	0.01530351092	0.01187723665
	0.008830263271	0.006168066283	0.003869059057	0.001985128013	0.0006831507181
	8.58542446e-05	-7.991192852e-34	-7.794276913e-34	8.251696815e-05	0.0006703808438
	0.001965815317	0.003859670123	0.00619467644	0.008921611618	0.01205948844
	0.01559735351	0.01946487976	0.02357031512	0.02783767098	0.03220742955
	0.03661805941	0.04099660953	0.04526444683	0.0493466519	0.05317569102
	0.0566900105	0.05983253619	0.06255148333	0.06480238076	0.06654952673
	0.06776639462	0.06843558351	0.06854888204	0.06810743057	0.06712164264
	0.06561075131	0.06360224027	0.06113147458	0.05824137857	0.05498149807
	0.05140605517	0.04757185687	0.04353788735	0.03936712926	0.03512768483
	0.0308886627	0.0267113365	0.02264517422	0.0187388245	0.01505883201
	0.01168867199	0.008692085898	0.006075595638	0.003817193725	0.001964926168
	0.0006807154682	8.733787865e-05	-8.002766939e-34	-7.808705014e-34	8.407086625e-05
	0.0006680728483	0.001945490094	0.003806850238	0.00609965188	0.008778408352
	0.01186254851	0.01534021116	0.01914129041	0.02317567184	0.02736923436
	0.03166376536	0.03599868706	0.04030215317	0.04449689667	0.0485093895
	0.05227331407	0.05572815317	0.05881776544	0.0614912181	0.06370477398
	0.065423308	0.06662070162	0.06727979888	0.06739247528	0.06695980274
	0.06599197652	0.06450786935	0.06253446645	0.06010649627	0.05726611834
	0.05406202135	0.05054752932	0.04677852999	0.04281301785	0.03871284837
	0.03454491001	0.03037723004	0.02627030646	0.0222729358	0.01843268123
	0.01481443921	0.01150029129	0.008553962552	0.005982996744	0.003765025497
	0.001944366034	0.0006780295939	8.874307476e-05	-8.010309693e-34	-7.818962386e-34
	8.554371336e-05	0.0006655050934	0.001924790789	0.003753707556	0.006004477753
	0.008635238398	0.01166577512	0.01508334482	0.01881811237	0.02278161326
	0.02690157006	0.0311210527	0.03538043542	0.03960898493	0.04373080213
	0.04767374389	0.05137270225	0.05476819456	0.05780501271	0.06043307547
	0.0626093778	0.06429936936	0.06547733854	0.06612637375	0.066238437
	0.06581453133	0.06486463343	0.06340725562	0.06146888532	0.059083616
	0.05629284469	0.05314440468	0.04969072246	0.04598676739	0.04208954838
	0.03805980134	0.03396320606	0.02986670459	0.02583001107	0.02190125392
	0.01812693365	0.01457031976	0.0113120848	0.008415887233	0.005890267141
	0.003712553952	0.001923447513	0.0006750927196	9.006957552e-05	-8.013812943e-34
	-7.825039828e-34	8.693520742e-05	0.0006626772085	0.001903717692	0.003700242849
	0.005909154016	0.008492099859	0.01146916491	0.01482675094	0.01849534261
	0.02238813652	0.02643467465	0.03057928733	0.03476329962	0.03891709935
	0.04296615669	0.04683970692	0.05047384532	0.053810122	0.05679426251
	0.05937703675	0.06151617001	0.06317768489	0.06433627568	0.06497527476
	0.06508673038	0.06467157646	0.06373957089	0.06230886571	0.06040545123
	0.05806278763	0.05532151171	0.05222860315	0.0488355915	0.04519652845
	0.0413674413	0.03740795374	0.03338254209	0.02935705951	0.02539042781
	0.02153011007	0.01782156646	0.014326461	0.01112404286	0.008277853974
	0.005797404387	0.003659778665	0.001902170482	0.00067190444	9.131710979e-05
	-8.013267965e-34	-7.826927704e-34	8.824503539e-05	0.0006595887995	0.00188227107
	0.003646456869	0.005813680593	0.008348990788	0.01127271444	0.01457042589
	0.01817297799	0.02199523853	0.02596854442	0.03003846473	0.03414727451
	0.0382264906	0.04220295346	0.04600727006	0.04957673271	0.05285392247
	0.05578549907	0.05832308301	0.0604251282	0.06205822852	0.06319748331
	0.06382646859	0.06393731872	0.06353089843	0.06261674671	0.06121265552
	0.05934411889	0.0570439654	0.0543520739	0.05131457231	0.04798209375
	0.04440777296	0.04064665932	0.0367572715	0.03280288752	0.02884826817
	0.02495153436	0.02115948592	0.01751656452	0.01408285037	0.01093615586
	0.008139856835	0.005704406052	0.00360669921	0.001880534801	0.0006684643199
	9.248539228e-05	-8.008665473e-34	-7.824615934e-34	8.947287268e-05	0.000656239448
	0.001860451169	0.003592350349	0.005718057376	0.008205909179	0.01107642023
	0.01431436593	0.01785101521	0.02160291605	0.02550317543	0.02949858011
	0.03353235461	0.03753715253	0.04144118518	0.04517642441	0.04868135343
	0.05189958264	0.05477870632	0.05727119506	0.05933622977	0.0609409741
	0.06206093166	0.06267992196	0.06279016547	0.06239245774	0.06149611897
	0.06011858132	0.0582848434	0.05602710395	0.0533844862	0.05040226808
	0.04713018695	0.04362046113	0.03992716554	0.03610772088	0.03222421206
	0.02834030419	0.02451330857	0.02078936333	0.01721191282	0.01383947542
	0.01074841423	0.008001889901	0.00561126972	0.003553315161	0.001858540302
	0.0006647718938	9.357412322e-05	-7.999995612e-34	-7.818093974e-34	9.061838275e-05
	0.0006526287109	0.001838258214	0.003537924005	0.005622284226	0.008062852976
	0.0108802787	0.01405856726	0.01752945087	0.0212111656	0.02503856351
	0.02895962838	0.03291853415	0.03684907866	0.04068084424	0.04434716071
	0.04778769617	0.05094708883	0.05377386788	0.05622135349	0.05824945198
	0.05982589535	0.06092659093	0.06153560162	0.06164523418	0.06125621509
	0.06037764598	0.05902659963	0.0572275802	0.05501215834	0.05241870394
	0.04949164686	0.04627982924	0.04283455353	0.03920892345	0.03545926849
	0.03164648574	0.02783314146	0.02407572854	0.02041972433	0.01690759648
	0.01359632381	0.01056080849	0.007863947284	0.005517992988	0.003499626094
	0.001836186802	0.0006608266655	9.458298789e-05	-7.987247938e-34	-7.8073508e-34
	9.168121657e-05	0.0006487561193	0.001815692408	0.003483178534	0.005526360969
	0.007919820064	0.0106842862	0.01380302597	0.01720828141	0.02081998356
	0.02457470422	0.02842160418	0.03230580706	0.03616226217	0.03992192267
	0.04351946932	0.04689574927	0.04999642705	0.05277096712	0.05517353864
	0.05716477186	0.0587129659	0.05979443129	0.06039347441	0.06050248853
	0.06012213138	0.05926128634	0.05793666735	0.05617228511	0.05399908398
	0.05145468286	0.0485826654	0.04543097918	0.04205001113	0.03849189687
	0.03481188126	0.03106967885	0.02732675409	0.02363877253	0.02005055109
	0.0166036008	0.01335338329	0.01037332917	0.007726023122	0.005424573469
	0.003445631584	0.001813474091	0.0006566281071	9.551165627e-05	-7.970411414e-34
	-7.792374892e-34	9.266101206e-05	0.0006446211778	0.00179275393	0.003428114617
	0.005430287401	0.007776808277	0.01048843904	0.01354773806	0.01688750315
	0.02042936608	0.0241115929	0.02788450188	0.03169416695	0.0354766959
	0.03916441214	0.04269334025	0.04600550072	0.04904758297	0.05176998708
	0.05412773062	0.0560821663	0.05760215927	0.05866442288	0.05925350719
	0.05936189232	0.05899016769	0.05814699889	0.05684874163	0.05511891428
	0.05298783669	0.05049237913	0.0476752809	0.04458359569	0.04126679528
	0.03777605	0.03416552648	0.03049376199	0.02682111642	0.02320241901
	0.01968182598	0.01629991119	0.01311064171	0.01018596689	0.007588111575
	0.005331008788	0.003391331207	0.001790401941	0.000652175659	9.635978251e-05
	-7.949474389e-34	-7.773154215e-34	9.355739355e-05	0.0006402233641	0.001769442941
	0.003372732917	0.005334063287	0.007633815391	0.01029273343	0.01329269945
	0.01656711231	0.02003930915	0.02364922464	0.02734831558	0.03108360716
	0.0347923724	0.03840830398	0.04186876316	0.04511693814	0.04810054197
	0.05077091056	0.05308390929	0.05500161201	0.05649344887	0.05753653582
	0.05811566686	0.05822340947	0.05786028531	0.05703474274	0.05576277998
	0.05406742421	0.05197837267	0.04953174927	0.04676945095	0.04373763812
	0.0404848677	0.03706134738	0.03352017172	0.02991870603	0.02631620304
	0.02276664663	0.01931353151	0.0159965132	0.01286808704	0.009998712305
	0.007450206826	0.005237296583	0.003336724543	0.001766970102	0.000647468729
	9.712700449e-05	-7.924424592e-34	-7.749676199e-34	9.436997118e-05	0.0006355621273
	0.001745759578	0.003317034083	0.005237688361	0.007490839127	0.01009716552
	0.01303790599	0.01624710494	0.01964980856	0.0231875943	0.02681303913
	0.03047412072	0.03410928388	0.03765358919	0.04104572733	0.04423004884
	0.04715528909	0.04977372007	0.0520420543	0.05392308553	0.05538680801
	0.05641074019	0.05697992038	0.05708700404	0.0567324457	0.05592447722
	0.05467874018	0.05301777177	0.05097064848	0.04857275024	0.04586513351
	0.04289306617	0.03970419048	0.03634775391	0.03287578492	0.02934448214
	0.02581198874	0.02233143421	0.01894565035	0.01569339253	0.01262570732
	0.009811556134	0.007312303078	0.005143434507	0.003281811174	0.001743178303
	0.0006425066915	9.781294324e-05	-7.895249106e-34	-7.721927721e-34	9.509834022e-05
	0.0006306368876	0.001721703958	0.003261018747	0.005141162323	0.007347877152
	0.009901731388	0.01278335342	0.01592747701	0.01926085994	0.02272669651
	0.02627866607	0.0298657004	0.03342742223	0.03690025839	0.04022422173
	0.04334481978	0.04621180908	0.04877839782	0.05100214507	0.05284656323
	0.05428220991	0.05528700605	0.05584623476	0.05595264018	0.05560661053
	0.05481616195	0.05359658031	0.05196991413	0.04996462106	0.04761533936
	0.04496228698	0.04204983994	0.03892472606	0.03563523481	0.0322323343
	0.02877106173	0.02530844857	0.02189676079	0.01857816533	0.01539053501
	0.0123834907	0.009624489136	0.007174394556	0.005049420224	0.003226590685
	0.001719026255	0.0006372888871	9.841720241e-05	-7.86193436e-34	-7.689895081e-34
	9.574208043e-05	0.0006254470354	0.001697276173	0.00320468753	0.005044484847
	0.007204927075	0.009706427051	0.01252903742	0.01560822433	0.01887245871
	0.02226652566	0.02574518973	0.02925833865	0.03274677903	0.03614830189
	0.03940423495	0.04246123759	0.04527008638	0.04778492579	0.04996416079
	0.05177202132	0.0531796277	0.05416530343	0.05471457705	0.05482028218
	0.05448274163	0.05370975677	0.05251625876	0.05092380883	0.04896024771
	0.04665947433	0.04406087009	0.04120791991	0.03814643725	0.03492375567
	0.03158978839	0.02819841653	0.02480555778	0.02146260555	0.01821105945
	0.0150879266	0.01214142543	0.009437502119	0.007036475502	0.004955251413
	0.003171062668	0.001694513646	0.0006318146219	9.893936769e-05	-7.824466109e-34
	-7.653563982e-34	9.63007553e-05	0.0006199919297	0.001672476299	0.003148041036
	0.004947655573	0.007061986449	0.009511248448	0.01227495356	0.01528934262
	0.01848460013	0.02180707592	0.02521260315	0.02865202765	0.03206734556
	0.03539770967	0.03858575526	0.04157928859	0.0443301051	0.04679328566
	0.04892808042	0.05069943584	0.05207903439	0.05304560236	0.05358491435
	0.05368989444	0.05336080103	0.05260522177	0.05143773421	0.04987941372
	0.04795748608	0.04570511324	0.04316084199	0.0403672669	0.03736928721
	0.03421328238	0.03094811607	0.0276265185	0.02430329183	0.02102894786
	0.01784431583	0.01478555341	0.01189949986	0.009250585944	0.006898540178
	0.004860925765	0.003115226717	0.001669640145	0.0006260831663	9.937900608e-05
	-7.782829415e-34	-7.612919503e-34	9.677391134e-05	0.0006142708976	0.001647304384
	0.003091079861	0.004850674114	0.00691905277	0.009316191453	0.01202109736
	0.01497082745	0.01809727928	0.02134834122	0.02468089913	0.02804675933
	0.03138911278	0.03464847136	0.03776877059	0.04069895874	0.04339184909
	0.04580345887	0.04789388273	0.04962878266	0.05098040291	0.0519278728
	0.05245721381	0.05256144147	0.05224075094	0.05150251727	0.05036096562
	0.04883668699	0.04695629419	0.04475221453	0.04226216218	0.03952784214
	0.03659323944	0.03350378117	0.03030728647	0.02705533987	0.02380162642
	0.02059576726	0.01747791777	0.01448340165	0.01165770242	0.009063731515
	0.006760582861	0.004766440984	0.003059082435	0.001644405402	0.0006200937547
	9.97356653e-05	-7.737008623e-34	-7.567946077e-34	9.716107719e-05	0.000608283233
	0.001621760461	0.003033804586	0.004753540051	0.006776123478	0.009121251867
	0.01176746424	0.01465267432	0.01771049106	0.02089031527	0.02415007021
	0.02744252531	0.03071207136	0.03390057627	0.03695326853	0.03982023371
	0.04245530188	0.04481542658	0.04686154623	0.04856003752	0.0498837061
	0.05081208473	0.05133144262	0.05143488791	0.05112255376	0.05040160385
	0.04928591225	0.04779558715	0.0459566304	0.04380073704	0.04136479055
	0.03868960718	0.03581825778	0.0327952186	0.02966726904	0.02648485315
	0.02330053744	0.02016304347	0.0171118487	0.01418145769	0.01141602164
	0.008876929782	0.006622597844	0.004671794786	0.003002629432	0.001618809048
	0.000613845584	0.000100008873	-7.686987347e-34	-7.518627462e-34	9.746176278e-05
	0.0006020281953	0.001595844536	0.002976215782	0.004656252935	0.006633195953
	0.008926425427	0.01151404955	0.01433487856	0.01732423019	0.02043299157
	0.02362010867	0.02683931695	0.03003621166	0.0331540134	0.03613923635
	0.03894309884	0.04152044672	0.04382916968	0.04583104927	0.04749317598
	0.04878891668	0.04969820807	0.05020756801	0.05031019851	0.05000617204
	0.04930244229	0.04821253363	0.04675607303	0.04495845344	0.04285063994
	0.04046868734	0.03785252394	0.03504430641	0.03208756153	0.02902803355
	0.0259150311	0.02280000101	0.01973075636	0.01674609218	0.01387970802
	0.01117444617	0.008690171742	0.006484579431	0.004576984901	0.002945867325
	0.001592850695	0.000607337813	0.0001001981358	-7.63274844e-34	-7.464946714e-34
	9.76754584e-05	0.0005955050083	0.001569556599	0.002918314012	0.004558812289
	0.006490267517	0.008731707797	0.01126084855	0.01401743542	0.01693849122
	0.01997636339	0.02309100658	0.02623712536	0.02936152374	0.03240877141
	0.03532666099	0.03806753915	0.04058726656	0.04284466884	0.04480236993
	0.04642817344	0.04769600733	0.04858621273	0.04908555727	0.04918733811
	0.04889156852	0.04820499364	0.04714078957	0.04571810376	0.04396172234
	0.04190188277	0.03957381315	0.03701655468	0.03427134984	0.03138077714
	0.02838955002	0.02534584673	0.02229999344	0.01929888597	0.01638063195
	0.01357813925	0.01093296472	0.008503448433	0.006346521944	0.00448200907
	0.00288879574	0.001566529936	0.0006005695614	0.0001003029388	-7.574273974e-34
	-7.406886156e-34	9.78016337e-05	0.0005887128587	0.001542896615	0.002860099831
	0.004461217607	0.006347335433	0.008537094576	0.01100785646	0.01370034003
	0.01655326854	0.01952042377	0.02256275572	0.02563594134	0.02868799739
	0.03166483865	0.03451552905	0.03719353937	0.03965574406	0.04186190445
	0.04377548613	0.04536500516	0.04660495058	0.04747606861	0.04796537772
	0.04806627168	0.04777870613	0.04710921915	0.04607064016	0.04468163881
	0.0429663965	0.04095442543	0.03868012896	0.03618166204	0.03349935293
	0.03067483292	0.02775178878	0.02477727331	0.02180049126	0.0188674125
	0.01601545185	0.01327673813	0.01069156611	0.008316750939	0.006208419711
	0.004386865048	0.002831414317	0.001539846347	0.0005935399084	0.0001003227443
	-7.51154521e-34	-7.344427347e-34	9.78397366e-05	0.0005816508948	0.001515864532
	0.002801573785	0.004363468352	0.006204396903	0.008342581291	0.01075506838
	0.0133835874	0.01616855635	0.01906516555	0.02203534767	0.02503575549
	0.02801562208	0.03092220315	0.03370582685	0.03632108391	0.03872586162
	0.04088085664	0.04275037554	0.04430364625	0.0455157189	0.04636774556
	0.04684699672	0.04694696431	0.04666754795	0.04601508032	0.04500204576
	0.04364663793	0.04197243564	0.04000822816	0.03778759607	0.03534780896
	0.03272828082	0.02996969666	0.02711472044	0.02420928437	0.02130147117
	0.0184363163	0.01565053588	0.01297549153	0.01045023925	0.008130070383
	0.006070267072	0.004291550598	0.002773722703	0.001512799485	0.0005862478919
	0.0001002569911	-7.444542571e-34	-7.277551045e-34	9.778919213e-05	0.0005743182252
	0.001488460274	0.002742736415	0.004265563959	0.00606144907	0.008148163403
	0.01050247937	0.01306717244	0.01578434869	0.01861058134	0.02150877374
	0.0244365581	0.02734438701	0.03018085266	0.03289754036	0.03545015688
	0.03779760132	0.03990150531	0.04172701566	0.04324407165	0.04442828468
	0.04526121343	0.0457303817	0.04582938117	0.04555805722	0.04492253885
	0.04393496699	0.04261306118	0.0409797998	0.03906325154	0.03689617615
	0.03451495875	0.031958099	0.02926533646	0.02647831589	0.02364185367
	0.02080291011	0.01800557788	0.01528586817	0.01267438644	0.01020897315
	0.00794339793	0.005932058374	0.0041960635	0.002715720561	0.001485388893
	0.0005786925067	0.0001001050929	-7.373245613e-34	-7.206237173e-34	9.764940122e-05
	0.0005667139168	0.001460683748	0.002683588258	0.004167503835	0.005918489012
	0.007953836305	0.01025008441	0.01275108995	0.01540063942	0.01815666355
	0.02098302504	0.02383833923	0.0266742811	0.02944077457	0.03209065525
	0.03458074208	0.036870945	0.03892383011	0.04070538377	0.04218625616
	0.0433426202	0.04415644202	0.0446155001	0.04471348756	0.04445019737
	0.04383155667	0.04286936475	0.04158086894	0.03998844937	0.03811945649
	0.0360058312	0.03368307502	0.03118877328	0.0285617207	0.02584254628
	0.02307495522	0.02030478519	0.01757517791	0.01492143297	0.01237340998
	0.009967756903	0.007756724787	0.005793787974	0.004100401541	0.002657407567
	0.001457614094	0.0005708727035	9.986643786e-05	-7.297632987e-34	-7.130464779e-34
	9.741973935e-05	0.0005588369934	0.001432534839	0.002624129848	0.004069287354
	0.005775513747	0.00775959532	0.009997878396	0.01243533462	0.01501742226
	0.01770340437	0.02045809241	0.02324108869	0.02600529296	0.02870195601
	0.03128515689	0.03371282304	0.0359458742	0.03794781044	0.03968545693
	0.04113017443	0.04225869765	0.04305340112	0.04350231941	0.04359924887
	0.04334393198	0.04274209592	0.0418052002	0.04055002186	0.03899834504
	0.03717680427	0.03511652356	0.03285212175	0.03042026974	0.02785881806
	0.02520738307	0.02250856328	0.01980707374	0.01714509719	0.01455721466
	0.01207254939	0.009726579711	0.0075700422	0.005655450229	0.004004562522
	0.002598783416	0.001429474597	0.0005627873873	9.954038681e-05	-7.217682409e-34
	-7.050211996e-34	9.709955508e-05	0.0005506864338	0.001404013415	0.002564361717
	0.003970913866	0.005632520227	0.007565435705	0.009745856178	0.01211990104
	0.01463469074	0.01725079579	0.0199339665	0.02264479602	0.02533741097
	0.02796438379	0.03048103033	0.03284638296	0.03502237021	0.03697342545
	0.03866721203	0.04007580097	0.04117648915	0.04195206049	0.04239080716
	0.04248663058	0.0422392248	0.04165411897	0.04074243474	0.0395204809
	0.03800944782	0.03623525648	0.03422821591	0.03202206322	0.02965255482
	0.0271565975	0.02457279794	0.02194265235	0.01930975325	0.01671531669
	0.01419319777	0.01177179204	0.009485430859	0.007383341451	0.005517039503
	0.003908544255	0.002539847815	0.001400969896	0.000554435416	9.912627203e-05
	-7.133370618e-34	-6.965455993e-34	9.668816855e-05	0.0005422611698	0.001375119323
	0.002504284397	0.003872382688	0.00548950534	0.007371352649	0.009494012529
	0.01180478368	0.01425243823	0.01679882957	0.0194106377	0.02204945055
	0.02467062319	0.02722804442	0.02967826033	0.03198140479	0.03410041402
	0.03600065407	0.03765062575	0.03902311012	0.04009596671	0.04085238988
	0.04128093093	0.04137559831	0.04113603972	0.04056758838	0.03968103004
	0.03849220729	0.03702171902	0.03529477503	0.03334087127	0.03119286403
	0.02888559523	0.02645502827	0.02393876288	0.02137719715	0.01881280143
	0.0162858175	0.01382936693	0.01147112541	0.009244299728	0.007196613864
	0.005378550159	0.00381234456	0.002480600496	0.00137209947	0.0005458155982
	9.862339579e-05	-7.044673338e-34	-6.87617293e-34	9.618486972e-05	0.0005335600844
	0.001345852393	0.002443898423	0.003773693109	0.005346465906	0.007177341275
	0.009242342159	0.01148997694	0.01387065794	0.0163474973	0.0188880962
	0.02145504133	0.02400491742	0.02649292413	0.02887683136	0.03111787117
	0.03317998638	0.03502947496	0.03663567456	0.0379720761	0.03901710227
	0.03975435898	0.0401726583	0.04026611774	0.04003434082	0.03948246694
	0.03862094802	0.03746516256	0.03603512029	0.03435532215	0.03245445296
	0.03036448911	0.02811935799	0.0257540799	0.02330525011	0.02081217267
	0.01831619618	0.01585658088	0.01346570689	0.0111705371	0.009003175797
	0.0070098508	0.005239976561	0.003715961269	0.002421041207	0.001342862784
	0.0005369266919	9.803102871e-05	-6.951565229e-34	-6.782337905e-34	9.558891654e-05
	0.0005245820094	0.001316212438	0.002383204331	0.003674844388	0.005203398678
	0.006983396637	0.008990839717	0.01117547507	0.01348934289	0.01589679034
	0.01836633196	0.02086155719	0.0233402812	0.02575900883	0.02807672756
	0.03025576446	0.03226106775	0.03405986658	0.03562233475	0.03692267298
	0.03793986768	0.03865793748	0.03906595694	0.03915815466	0.03893409229
	0.03839871763	0.03756215085	0.03643930852	0.03504961355	0.0334168604
	0.03156892465	0.02953690371	0.02735381041	0.02505372219	0.02267223213
	0.02024755411	0.01781991557	0.0154275882	0.01310220254	0.01087001484
	0.008762048639	0.006823043656	0.005101313072	0.003619392222	0.002361169721
	0.001313259291	0.0005277674022	9.734840798e-05	-6.854019841e-34	-6.683924898e-34
	9.4899533e-05	0.0005153257229	0.001286199252	0.002322202666	0.003575835753
	0.005060300339	0.006789513724	0.008739499789	0.01086127227	0.01310848599
	0.01544669984	0.01784533473	0.02026898672	0.02267670179	0.02502628417
	0.02727793282	0.02939506672	0.03134363835	0.03309180713	0.03461058241
	0.03587487467	0.03686423468	0.03756309504	0.03796079449	0.03805167496
	0.0378352585	0.03731630363	0.03650460093	0.03541460725	0.03406516105
	0.03247935265	0.03068425032	0.02871007338	0.0265889201	0.02435392521
	0.02203968168	0.01968331691	0.01732393787	0.014998821	0.01273883886
	0.01056954646	0.008520907923	0.006636183867	0.004962554046	0.003522635272
	0.002300985837	0.001283288432	0.0005183363791	9.657473544e-05	-6.752009563e-34
	-6.580906711e-34	9.411590688e-05	0.000505789947	0.001255812616	0.002260893979
	0.003476666404	0.0049171675	0.006595687459	0.008488316907	0.01054736261
	0.01272807993	0.01499721679	0.01732509404	0.01967731828	0.0220141662
	0.0242947355	0.02648043071	0.02853575978	0.03042767813	0.03212527459
	0.03360039344	0.03482865494	0.03579017494	0.03646980127	0.03685713869
	0.03694664461	0.03673780397	0.03623518832	0.03544826092	0.03439102112
	0.03308172531	0.03154276209	0.02980039425	0.02788396399	0.02582465495
	0.02365465931	0.02140757177	0.01911943672	0.01682824154	0.01457026092
	0.01237560096	0.01026911994	0.008279743415	0.006449262904	0.004823693835
	0.003425688274	0.002240489379	0.001252949636	0.0005086322153	9.570917548e-05
	-6.645505563e-34	-6.473254901e-34	9.323718736e-05	0.0004959733452	0.001225052295
	0.002199278831	0.003377335506	0.0047739967	0.0064019127	0.008237285542
	0.01023374006	0.01234811728	0.01454833194	0.01680559923	0.01908654
	0.02135266115	0.02356434788	0.02568420455	0.02767782515	0.02951316678
	0.03116024668	0.03259174353	0.03378398743	0.03471766005	0.03537802577
	0.03575495724	0.03584302968	0.03564169335	0.03515533529	0.03439309371
	0.03336851275	0.03209926915	0.0306070522	0.02891732106	0.0270585417
	0.02506098317	0.0229558951	0.02077587562	0.01855588946	0.01633280522
	0.01414188976	0.01201247406	0.009968723335	0.008038544983	0.006262272277
	0.00468472678	0.003328549095	0.002179680202	0.001222242325	0.0004986534438
	9.475085269e-05	-6.534477728e-34	-6.360939709e-34	9.226248241e-05	0.0004858745189
	0.001193918039	0.002137357797	0.003277842196	0.004630784401	0.00620818424
	0.007986400116	0.009920398524	0.01196859042	0.01410003587	0.0162868394
	0.01849663976	0.02069217314	0.0228351061	0.02488923734	0.02682124409
	0.02860008373	0.03019670094	0.0315846082	0.03274084563	0.03364666149
	0.03428773811	0.03465421794	0.03474079633	0.03454689145	0.03407670831
	0.03333906242	0.03234704503	0.0311177557	0.02967218676	0.02803499565
	0.02623377298	0.02429787321	0.02225760344	0.02014456675	0.01799265123
	0.01583760773	0.01371368945	0.01164944348	0.009668344843	0.007797302588
	0.006075203529	0.00454564721	0.003231215607	0.002118558191	0.001191165911
	0.0004883985348	9.369884934e-05	-6.418894593e-34	-6.243929984e-34	9.119085592e-05
	0.0004754920047	0.001162409588	0.002075131466	0.003178185574	0.004487526989
	0.006014496807	0.007735654998	0.00960733177	0.01158949158	0.01365231895
	0.01576880347	0.01790760525	0.02003268836	0.02210699467	0.02409551182
	0.02596599757	0.02768840817	0.02923461464	0.03057896278	0.03169920289
	0.03257715066	0.03319890781	0.03355488856	0.0336399108	0.0334533632
	0.03299927133	0.0322861304	0.03132658113	0.03013714836	0.02873812987
	0.02715338325	0.0254096246	0.02353529382	0.02155975547	0.01951361888
	0.01742969838	0.01534262809	0.01328564205	0.01128649466	0.009367972764
	0.007556006298	0.005888048242	0.004406449439	0.003133685687	0.002057123268
	0.0011597198	0.000477865893	9.255220254e-05	-6.298723273e-34	-6.122193096e-34
	9.002132442e-05	0.0004648242709	0.00113052667	0.002012600446	0.00307836471
	0.004344220768	0.005820845069	0.007485044506	0.009294533496	0.01121081283
	0.01320517137	0.01525148015	0.0173194239	0.01937419279	0.02137999782
	0.02330301046	0.02511206633	0.02677811901	0.02827396484	0.0295747824
	0.0306590324	0.03150909888	0.03211150438	0.03245693693	0.03254033942
	0.0323610737	0.03192298851	0.03123426123	0.03030708447	0.02915741081
	0.02780484592	0.02627244937	0.02458606364	0.02277321404	0.02086232258
	0.01888300599	0.01686700748	0.01484784549	0.01285772974	0.01092361311
	0.009067595514	0.007314646279	0.005700798036	0.004267127768	0.003035957217
	0.001995375393	0.001127903395	0.0004670538543	9.130990112e-05	-6.173929378e-34
	-5.995694847e-34	8.875285363e-05	0.0004538697134	0.001098269004	0.001949765367
	0.002978378635	0.004200861961	0.005627223629	0.007234562916	0.008981997296
	0.01083254608	0.01275858312	0.01473485797	0.01673208294	0.01871667212
	0.02065409951	0.02251171544	0.0242594308	0.02586919494	0.02731472837
	0.02857204201	0.02962030725	0.03044247736	0.03102549728	0.03136033088
	0.03144204859	0.03126998814	0.03084782417	0.03018341874	0.02928851873
	0.02817850701	0.02687229959	0.02539215982	0.02376305745	0.02201160318
	0.02016527639	0.01825270229	0.01630455533	0.01435323931	0.01242993484
	0.01056078448	0.008767201618	0.007073212803	0.005513444567	0.004127676473
	0.00293802808	0.001933314563	0.001095716094	0.0004559606822	8.997088218e-05
	-6.044476922e-34	-5.864399366e-34	8.738435448e-05	0.0004426266521	0.001065636303
	0.001886626881	0.002878226346	0.004057446706	0.005433627033	0.006984204459
	0.008669716671	0.01045468306	0.01231254401	0.01421892524	0.01614556939
	0.01806011182	0.01992928343	0.02172160869	0.02340807117	0.02496161438
	0.02635688185	0.02757071637	0.02858300033	0.02937725724	0.02994085594
	0.0302650383	0.0303450048	0.03018007189	0.02977374284	0.02913356693
	0.02827084783	0.0272004012	0.02594045583	0.02451248072	0.02294057367
	0.02125043081	0.01946858881	0.01762268221	0.01574231891	0.01385878912
	0.01200223978	0.01019799449	0.008466779711	0.006831696247	0.005325979531
	0.00398808981	0.002839896161	0.001870940824	0.001063157296	0.0004445845639
	8.853402724e-05	-5.910328233e-34	-5.728269e-34	8.591467874e-05	0.0004310933261
	0.001032628275	0.001823185672	0.002777906798	0.00391397105	0.005240049765
	0.006733963327	0.008357685027	0.01007721536	0.01186704366	0.01370367009
	0.01555987003	0.01740449708	0.01920553301	0.02093267186	0.02255796738
	0.02405535551	0.02540040165	0.02657078005	0.02754708445	0.02831340955
	0.02885754975	0.02917102705	0.02924917462	0.02909129042	0.02870070919
	0.02808467006	0.02725403596	0.0262230579	0.0250092799	0.02363337847
	0.02211858025	0.02048966679	0.01877223197	0.01699292043	0.01518027547
	0.01336447465	0.01157462715	0.009835228964	0.008166318537	0.006590087097
	0.005138394662	0.003848362009	0.002741559342	0.001808254268	0.001030226403
	0.0004329236063	8.699815795e-05	-5.771443837e-34	-5.587264191e-34	8.434261409e-05
	0.0004192678888	0.0009992446279	0.001759442455	0.002677418907	0.003770430951
	0.005046486255	0.006483833672	0.008045895674	0.009700134397	0.01142207151
	0.01318908047	0.01497497143	0.01674981287	0.0184828314	0.02014488635
	0.02170909909	0.02315039627	0.02444526395	0.02557220745	0.02651253223
	0.02725090525	0.02777554808	0.02807826506	0.02815452468	0.02800360933
	0.02762868809	0.02703669259	0.02623804756	0.02524644188	0.02407873733
	0.02275481975	0.02129704542	0.01972928125	0.01807617825	0.01636339186
	0.01461840242	0.01287027583	0.01114707963	0.009472473806	0.007865806941
	0.006348375947	0.004950681738	0.003708487266	0.002643015502	0.001745255038
	0.0009969228214	0.000420975831	8.536203123e-05	-5.627782345e-34	-5.441343337e-34
	8.266687867e-05	0.0004071484031	0.0009654850696	0.00169539798	0.002576761544
	0.003626822269	0.004852930877	0.006233809617	0.007734341828	0.00932343142
	0.01097761682	0.01267514414	0.01439085997	0.01609604388	0.0177611615
	0.01935823328	0.02086144573	0.02224671434	0.02349144468	0.02457497277
	0.02547931618	0.02618971519	0.02669482024	0.02698672024	0.0270610217
	0.02691699437	0.02655764457	0.0259895992	0.02522284728	0.0242705182
	0.02314879395	0.02187677153	0.02047593767	0.01896924457	0.01738040028
	0.0157340716	0.01405667743	0.01237617278	0.01071958005	0.009109715016
	0.007565233876	0.006106553506	0.004762832578	0.003568459747	0.002544262513
	0.001681943335	0.0009632459674	0.0004087391694	8.362433389e-05	-5.479300318e-34
	-5.29046265e-34	8.088611477e-05	0.0003947328346	0.0009313493155	0.001631053042
	0.002475933531	0.003483140766	0.004659377954	0.005983885252	0.007423016608
	0.00894709752	0.01053366868	0.01216184868	0.01380752178	0.01544317458
	0.01704050596	0.01857269352	0.02001498643	0.02134428718	0.02253891958
	0.02357905004	0.02444740865	0.02512981013	0.0256153355	0.02589636054
	0.02596863246	0.02583141138	0.02548754385	0.02494335476	0.02420840004
	0.02329525217	0.02221941583	0.02099920107	0.01965522578	0.01820952742
	0.01668487094	0.01510493502	0.01349507834	0.0118821458	0.01029211136
	0.008746938674	0.007264588391	0.005864610597	0.004574839048	0.003428273579
	0.002445298237	0.001618319422	0.0009291952703	0.0003962114572	8.178367645e-05
	-5.325952122e-34	-5.134575977e-34	7.899888186e-05	0.0003820190464	0.0008968370906
	0.001566408479	0.00237493364	0.003339382102	0.00446582176	0.005734054641
	0.007111913034	0.008571123622	0.01009021598	0.01164918149	0.01322494282
	0.01479118918	0.01632084716	0.01778824769	0.01916970013	0.02044309198
	0.02158766416	0.02258441309	0.02341678186	0.02407116075	0.02453706311
	0.0248071539	0.0248773238	0.02474682633	0.02441835129	0.02389792435
	0.023194671	0.02232060937	0.02129056934	0.0201220759	0.01883487882
	0.01745010072	0.01598956333	0.01447595765	0.01293358323	0.01138817536
	0.009864656634	0.008384130942	0.006963859636	0.00562253816	0.004386693063
	0.003287922846	0.00234612052	0.001554383626	0.0008947701774	0.0003833904279
	7.983858622e-05	-5.167689763e-34	-4.973634624e-34	7.700364849e-05	0.0003690047907
	0.0008619481364	0.001501465183	0.002273760586	0.003195541827	0.004272256526
	0.005484311825	0.006801024029	0.008195500482	0.009647247465	0.0111371298
	0.01264310881	0.01414007166	0.01560216723	0.01700487616	0.01832556546
	0.01954310572	0.02063765372	0.02159103559	0.02238740789	0.02301373761
	0.02345997225	0.02371906829	0.02378706266	0.02366320532	0.02335003241
	0.02285327328	0.02218162554	0.02134655562	0.02036222112	0.01924536382
	0.01801486612	0.01669093566	0.01529445081	0.01384711529	0.01237217037
	0.01089424213	0.009437199073	0.008021278056	0.006663036852	0.005380327257
	0.004198386589	0.003147401585	0.002246727189	0.001490136347	0.0008599701598
	0.0003702737058	7.778749932e-05	-5.004462705e-34	-4.807587138e-34	7.489878311e-05
	0.0003556877019	0.0008266822163	0.001436224103	0.002172413021	0.00305161538
	0.004078676443	0.005234650826	0.006490342412	0.007820218694	0.009204751705
	0.01062568066	0.01206200527	0.01348980576	0.01488444805	0.01622255904
	0.01748256084	0.01864430512	0.01968886332	0.020598891	0.02135925866
	0.0219575112	0.02238403209	0.02263207168	0.02269781599	0.02258051455
	0.02228255292	0.02180936701	0.02116922927	0.020373057	0.01943433807
	0.01836903291	0.01719515729	0.01593200367	0.01459950696	0.01321838393
	0.01181081822	0.01040032696	0.009009722013	0.007658366329	0.00636210937
	0.005137969074	0.004009911651	0.003006703783	0.002147116047	0.001425578064
	0.0008247947189	0.0003568587989	7.562875158e-05	-4.836217665e-34	-4.636379076e-34
	7.268254347e-05	0.0003420652872	0.0007910391239	0.001370686253	0.00207088953
	0.002907598082	0.003885075665	0.004985065651	0.006179860898	0.00744526868
	0.008762717104	0.01011482096	0.01148161753	0.01284037496	0.01416767125
	0.0154412762	0.01664066442	0.01774666666	0.01874126785	0.01960795263
	0.02033230596	0.0209024519	0.02130921172	0.02154613206	0.02160955086
	0.02149872032	0.02121587867	0.02076617125	0.02015744804	0.01940007987
	0.01850688736	0.01749305151	0.01637572219	0.01517327648	0.01390470561
	0.01258973975	0.01124950546	0.009906410884	0.008582208918	0.007295382144
	0.006061066607	0.004895454922	0.003821260333	0.002865823368	0.002047284861
	0.001360709339	0.0007892433941	0.0003431430898	7.336056802e-05	-4.66289838e-34
	-4.459952736e-34	7.035306427e-05	0.0003281349173	0.0007550186915	0.001304852718
	0.001969188619	0.002763485133	0.003691448323	0.004735550292	0.005869572092
	0.007070640698	0.00832113191	0.009604537418	0.01090193068	0.01219176254
	0.01345181825	0.01466100724	0.01579985412	0.01685016662	0.01779484194
	0.01861819358	0.01930652146	0.01984853	0.02023548021	0.0204612174
	0.02052223434	0.02041778908	0.02014997565	0.01972365186	0.01914624791
	0.01842759079	0.01757983641	0.01661738824	0.01555653096	0.01441472604
	0.01321002082	0.01196115917	0.01068821096	0.009412475128	0.008154643387
	0.006932311953	0.005759898058	0.004652776242	0.003632424792	0.00272475421
	0.001947231362	0.001295530825	0.0007533157722	0.0003291238263	7.098105065e-05
	-4.484445345e-34	-4.278246855e-34	6.790834283e-05	0.0003138938149	0.0007186208017
	0.001238724662	0.001867308706	0.002619271606	0.003497788526	0.004486098736
	0.005559468486	0.006696324835	0.007879984218	0.009094816598	0.01032292963
	0.0115439515	0.01273687017	0.01388173156	0.01496010761	0.015954781
	0.01684956005	0.01762958679	0.01828187664	0.01879571568	0.01916280656
	0.01937729571	0.01943583359	0.01933768734	0.01908481001	0.01868177491
	0.01813559519	0.01745555661	0.01665315292	0.01574201199	0.014737554
	0.01365632457	0.01251542689	0.01133261881	0.01012691377	0.008918501099
	0.007727009155	0.006569142274	0.005458593292	0.004409924608	0.003443397258
	0.00258349011	0.001846953228	0.001230043276	0.0007170114987	0.000314798111
	6.848816419e-05	-4.300795513e-34	-4.091196262e-34	6.53462222e-05	0.0002993390433
	0.0006818453999	0.001172303335	0.001765248112	0.002474952441	0.003304090373
	0.004236704963	0.005249542454	0.006322311011	0.007439261974	0.008585644893
	0.009744599065	0.01089692464	0.01202280795	0.01310342829	0.0141214023
	0.01506048559	0.01590539641	0.01664210502	0.01725834287	0.01774397904
	0.01809115973	0.01829433498	0.01835031583	0.01825838173	0.01802034807
	0.01764050665	0.01712545636	0.0164839444	0.01572680484	0.01486689188
	0.01391876197	0.01289804455	0.01182089835	0.01070409548	0.009565593153
	0.008424470386	0.0072992901	0.006205859691	0.005157141941	0.004166891728
	0.003254170049	0.002442024798	0.001746448073	0.00116424755	0.0006803302906
	0.0003001628888	6.58797193e-05	-4.111881957e-34	-3.898731487e-34	6.266437102e-05
	0.0002844674916	0.0006446925108	0.001105590085	0.001663005042	0.002330522443
	0.003110347964	0.003987362947	0.004939786241	0.005948588979	0.00699895298
	0.008077008535	0.009166923471	0.01025066453	0.01130961226	0.01232607631
	0.01328371539	0.01416725595	0.01496232503	0.01565572082	0.01623589137
	0.01669329006	0.01702050863	0.01721230318	0.0172656483	0.01717983899
	0.01695655627	0.01659981352	0.01611579817	0.01551272147	0.01480076036
	0.01399199732	0.0131001258	0.0121398587	0.01112640996	0.01007556622
	0.009004228529	0.007930364767	0.006871470243	0.005842450848	0.004855533696
	0.003923669444	0.003064735581	0.002300351928	0.001645713436	0.001098144623
	0.0006432719531	0.0002852149337	6.315335257e-05	-3.917633477e-34	-3.700778299e-34
	5.986025958e-05	0.0002692758601	0.0006071622576	0.001038586359	0.001560577574
	0.002185976274	0.002916555415	0.003738066662	0.00463019196	0.005575148326
	0.006559044904	0.007568893598	0.00858988712	0.009605153489	0.01059726355
	0.01154965429	0.01244702381	0.01327506741	0.01402031973	0.0146704066
	0.01521449322	0.01564361864	0.01595082212	0.01613116832	0.01618179832
	0.01610202594	0.01589340119	0.01555966213	0.01510658754	0.01454185538
	0.01387498796	0.01311729797	0.01228161664	0.01138174	0.01043193673
	0.009447008235	0.008442799519	0.007436166199	0.006443533755	0.005478902458
	0.004553758295	0.003680249736	0.00287508638	0.002158465074	0.001544746762
	0.001031735592	0.0006058363992	0.0002699508337	6.030650266e-05	-3.717974148e-34
	-3.497257182e-34	5.693113069e-05	0.0002537606424	0.0005692548861	0.0009712937207
	0.001457963628	0.002041308455	0.00272270687	0.003488810079	0.004320751581
	0.005201978479	0.006119525284	0.007061285995	0.008013474075	0.008960373628
	0.009885742038	0.01077414064	0.01161130425	0.01238389506	0.01307935411
	0.01368613455	0.01419411933	0.01459493456	0.014882069	0.01505089838
	0.01509873323	0.01502490952	0.01483084957	0.01452001929	0.01409779163
	0.01357131392	0.01294945633	0.01224276375	0.01146320593	0.01062366166
	0.009737453893	0.008818398974	0.007881285915	0.00694185682	0.006015464963
	0.005115201297	0.004251805513	0.003436624719	0.002685215098	0.00201635773
	0.001443545377	0.0009650216893	0.0005680236735	0.000254366973	5.733638129e-05
	-3.512822796e-34	-3.288082716e-34	5.38739641e-05	0.0002379181053	0.0005309707951
	0.0009037138526	0.001355160951	0.001896513362	0.002528796523	0.003239587161
	0.004011456919	0.004829068706	0.005680381534	0.006554171475	0.00743766819
	0.008316306835	0.009175027729	0.009999513531	0.01077653319	0.01149371377
	0.01213940156	0.01270287671	0.0131747405	0.01354720751	0.01381421801
	0.01397146132	0.01401642043	0.01394845673	0.01376886827	0.01348085196
	0.01308937779	0.0126010651	0.01202413444	0.01136836482	0.01064486534
	0.009865597157	0.009042936922	0.00818971607	0.007319667685	0.006447418944
	0.005587248355	0.004751334209	0.003949665148	0.003192786637	0.002495114534
	0.001874023303	0.001342106469	0.0008980042864	0.000529833983	0.0002384595129
	5.423993777e-05	-3.302092392e-34	-3.073162865e-34	5.068543239e-05	0.000221744267
	0.0004923105734	0.0008358485656	0.001252167078	0.001751585228	0.002334818636
	0.00299039186	0.003702299625	0.004456408125	0.005241600953	0.006047535623
	0.006862453107	0.007672934778	0.008465100389	0.009225750916	0.009942686833
	0.01060449819	0.01120043528	0.01172060493	0.01215632737	0.01250040705
	0.01274723782	0.01289282512	0.01293482735	0.01287263468	0.01270742429
	0.0124421273	0.01208131357	0.01163107717	0.01109899148	0.01049407161
	0.009826566794	0.009107520193	0.008348361518	0.007560937367	0.006757924967
	0.005952835052	0.005158868583	0.004387288117	0.003647327012	0.002948727862
	0.002304777651	0.001731455122	0.00124042705	0.0008306849034	0.0004912677345
	0.0002222243693	5.101381496e-05	-3.085689335e-34	-2.852398127e-34	4.73618453e-05
	0.0002052348715	0.0004532750482	0.0007676998038	0.001148979295	0.001606518152
	0.002140767569	0.002741218109	0.003393271175	0.004083985712	0.004803170725
	0.005541363853	0.00628781226	0.007030238914	0.007755939565	0.008452830496
	0.00910974118	0.009716222727	0.01026242825	0.01073929086	0.01113885041
	0.01145450267	0.01168109708	0.01181495774	0.01185392146	0.01179741056
	0.01164648476	0.01140381261	0.01107356675	0.0106613186	0.01017399691
	0.009619854787	0.00900828247	0.008349404719	0.007653703615	0.006932040916
	0.006196038071	0.005458087796	0.004730310472	0.004023050026	0.003344780915
	0.002704440876	0.002114197608	0.001588646441	0.001138503922	0.0007630652127
	0.0004523255826	0.0002056571884	4.765429375e-05	-2.863512611e-34	-2.625680537e-34
	4.389907862e-05	0.0001883853608	0.0004138653458	0.0006992696445	0.001045594594
	0.001461306108	0.001946637801	0.002492059797	0.003084362856	0.003711790319
	0.00436507793	0.005035641407	0.005713728874	0.00638820049	0.007047524583
	0.007680729744	0.008277671983	0.008828861583	0.009325353222	0.009758906005
	0.01012227999	0.01040946373	0.01061576434	0.0107378271	0.01077367028
	0.01072275165	0.01058601694	0.01036587537	0.01006610528	0.009691758104
	0.009249120416	0.008745685282	0.008189984787	0.00759122492	0.006958939379
	0.006303004979	0.005633987476	0.004963159978	0.004301559019	0.003658607037
	0.003042016654	0.002459918261	0.001923367781	0.001445590456	0.001036333624
	0.0006951470403	0.0004130084911	0.0001887533182	4.415722196e-05	-2.635452806e-34
	-2.392892498e-34	4.029248111e-05	0.0001711908441	0.0003740829721	0.0006305602916
	0.0009420096108	0.001315942977	0.001752423964	0.002242910757	0.002775565761
	0.003339810685	0.00392730954	0.004530353346	0.005140185972	0.005746800549
	0.006339834545	0.006909425896	0.007446454762	0.007942388726	0.008389182778
	0.008779421653	0.009106586285	0.009365259496	0.0095512081	0.009661401153
	0.00969404135	0.009648625308	0.009525988221	0.009328283237	0.00905889732
	0.008722364594	0.008324331917	0.007871534265	0.00737164641	0.006832955217
	0.006264045202	0.00567380803	0.005071753829	0.004468034555	0.003872599393
	0.003293946366	0.002739024	0.002215152666	0.001732281797	0.001302280329
	0.0009339123817	0.0006269323578	0.0003733178132	0.0001715077783	4.051792132e-05
	-2.401390933e-34	-2.153905399e-34	3.653675007e-05	0.0001536460653	0.0003339299172
	0.0005615740549	0.000838220559	0.001170422578	0.001558120872	0.001993764722
	0.002466870782	0.002968035455	0.003489852417	0.004025484543	0.004567166378
	0.005106019929	0.005632848334	0.006138895956	0.006616064808	0.007056777904
	0.007453889271	0.007800808928	0.008091739354	0.008321859105	0.008487396793
	0.008585647788	0.008615002235	0.008574998958	0.008466366099	0.008291004013
	0.008051911221	0.007753107211	0.007399601582	0.006997373153	0.00655324025
	0.006074570266	0.005568997699	0.005044428755	0.004509317956	0.003972694621
	0.003443416935	0.002929055361	0.002435792699	0.001970136777	0.001540933563
	0.001158709228	0.000831236031	0.0005584232619	0.0003332553966	0.0001539152283
	3.673106297e-05	-2.161197064e-34	-1.908578035e-34	3.262576012e-05	0.0001357453722
	0.0002934087969	0.0004923133056	0.0007342231452	0.001024738742	0.001363723543
	0.001744615285	0.002158268617	0.002596453208	0.003052693306	0.003521019683
	0.003994652721	0.004465839271	0.004926544607	0.005369116699	0.005786477182
	0.006172002641	0.006519444852	0.006823038771	0.007077709091	0.007279231599
	0.007424298786	0.007510534898	0.007536520538	0.007501840115	0.007407118203
	0.007254005666	0.007045115529	0.006783955315	0.00647489981	0.006123173609
	0.005734739463	0.005316044958	0.004873773708	0.004414846054	0.003946660856
	0.003477123405	0.003013997144	0.002563921525	0.002132312467	0.001724863269
	0.001349317291	0.001014870396	0.0007282999387	0.0004896219294	0.0002928237249
	0.0001359699366	3.279049617e-05	-1.914728748e-34	-1.65675485e-34	2.855231945e-05
	0.0001174826942	0.0002525230441	0.0004227803916	0.0006300124764	0.0008788854011
	0.001169227217	0.001495455836	0.001849749786	0.002225052472	0.00261581882
	0.003016943258	0.003422627447	0.003826239011	0.004220901799	0.004600064669
	0.004957666719	0.005288036239	0.005585821464	0.005846081938	0.006064465244
	0.006237345903	0.006361882375	0.006436030346	0.006458563888	0.006429116363
	0.006348212278	0.006217256318	0.006038478976	0.005814878477	0.005550197231
	0.005248907534	0.004916117447	0.004557354414	0.004178350288	0.003785039035
	0.00338376372	0.002981304268	0.002584325665	0.002198532536	0.001828573019
	0.00147932474	0.001157427509	0.0008707572466	0.0006250989086	0.0004205305316
	0.0002520261096	0.0001176657584	2.868900413e-05	-1.661829267e-34	-1.398264262e-34
	2.430780779e-05	9.885154506e-05	0.0002112771731	0.0003529774785	0.0005255829662
	0.0007328567395	0.0009746273275	0.001246279501	0.001541304671	0.001853821736
	0.002179215421	0.002513239577	0.002851072825	0.003187199385	0.003515898124
	0.003831716184	0.004129608023	0.004404851779	0.004652990846	0.004869909003
	0.005051977408	0.005196170827	0.005300115788	0.005362101972	0.005381099931
	0.005356795354	0.005289616181	0.005180724247	0.005031970483	0.004845846486
	0.004625464709	0.004374547074	0.004097347842	0.003798473995	0.003482704712
	0.003154987017	0.002820607924	0.002485220704	0.002154388263	0.001832876262
	0.001524564099	0.001233513651	0.0009652590416	0.0007263635148	0.000521627089
	0.0003511510747	0.0002108669543	9.899613945e-05	2.441794141e-05	-1.40232596e-34
	-1.132917755e-34	1.988160868e-05	7.984509417e-05	0.000169677144	0.0002829062598
	0.0004209282734	0.0005866473974	0.0007799194327	0.0009970790818	0.001232923582
	0.00148274945	0.0017428694	0.002009892769	0.002279970946	0.002548700422
	0.002811511575	0.00306404734	0.003302275472	0.003522422119	0.003720924528
	0.003894490358	0.004040215026	0.004155675068	0.004238967176	0.00428871759
	0.004304096338	0.004284844809	0.004231297882	0.004144377878	0.004025559153
	0.003876829337	0.003700673336	0.003500064611	0.003278404528	0.00303937929
	0.002786814475	0.002524669519	0.002257175042	0.001988856353	0.001724170805
	0.001466940756	0.001220275549	0.0009874222563	0.0007728069308	0.0005816834646
	0.0004178779114	0.000281485108	0.0001693521204	7.99541876e-05	1.996666497e-05
	-1.13602933e-34	-8.605120475e-35	1.526015311e-05	6.045641754e-05	0.0001277308549
	0.000212567428	0.0003160413544	0.0004402527256	0.0005850990351	0.000747847035
	0.0009245968297	0.001111823991	0.001306766867	0.001506886807	0.001709303724
	0.001910721944	0.00210771993	0.002297034005	0.002475643218	0.002640719896
	0.002789593835	0.00291979621	0.003029147389	0.003115827205	0.003178404618
	0.003215844981	0.003227520797	0.003213232514	0.003173225461	0.00310818579
	0.003019214273	0.002907797236	0.002775794431	0.002625432764	0.002459261623
	0.002280046124	0.002090657288	0.001894066259	0.001693446834	0.001492195012
	0.001293659247	0.001100714222	0.0009156973921	0.0007410425909	0.000580066258
	0.0004367121472	0.0003138441448	0.0002115331927	0.0001274894197	6.053292471e-05
	1.532157558e-05	-8.627352188e-35	-5.808420055e-35	1.042514135e-05	4.067925741e-05
	8.544871297e-05	0.0001419597323	0.0002109148323	0.0002936690001	0.0003901612907
	0.0004985755623	0.0006163147847	0.0007410336106	0.000870893764	0.001004205511
	0.00113905289	0.001273243569	0.00140450075	0.001530651825	0.001649685185
	0.001759717528	0.001858969885	0.001945796582	0.002018743631	0.002076595699
	0.002118396115	0.002143451899	0.002151341011	0.002141926317	0.002115367102
	0.002072116705	0.00201290531	0.001938720596	0.001850799539	0.00175062439
	0.001639893481	0.001520450554	0.001394211084	0.001263157155	0.001129405248
	0.0009952206513	0.0008628396398	0.0007341849646	0.0006108198874	0.0004943665516
	0.0003870318438	0.0002914456198	0.0002095182688	0.0001412939552	8.528918761e-05
	4.072604772e-05	1.046433574e-05	-5.822377349e-35	-2.93753482e-35	5.349733551e-06
	2.051040748e-05	4.284377212e-05	7.107851496e-05	0.0001055420734	0.000146893271
	0.0001951007335	0.0002492568707	0.0003080679133	0.0003703664606	0.0004352359578
	0.0005018326264	0.000569200065	0.0006362447813	0.0007018314308	0.0007648762317
	0.0008243750315	0.0008793871183	0.0009290234414	0.0009724611084	0.001008972475
	0.001037948584	0.001058909245	0.001071505691	0.001075524318	0.001070893756
	0.00105769075	0.001036139179	0.001006601645	0.0009695698276	0.0009256602883
	0.0008756125023	0.0008202746794	0.0007605689002	0.0006974540869	0.0006319224249
	0.0005650325255	0.0004979175414	0.0004316982884	0.0003673414358	0.0003056335762
	0.000247386169	0.0001936979862	0.000145880834	0.0001048935837	7.076261579e-05
	4.276442274e-05	2.053031837e-05	5.368054526e-06	-2.943821651e-35	  0
	  0	  0	  0	  0	  0
	  0	  0	  0	  0	  0
	  0	  0	  0	  0	  0
	  0	  0	  0	  0	  0
	  0	  0	  0	  0	  0
	  0	  0	  0	  0	  0
	  0	  0	  0	  0	  0
	  0	  0	  0	  0	  0
	  0	  0	  0	  0	  0
	  0	  0	  0	  0	  0
	