-10 0.1 -3.52121e-06
-9.39394 0.1 -3.25252e-06
-8.78788 0.1 -2.96104e-06
-8.18182 0.1 -2.64857e-06
-7.57576 0.1 -2.32131e-06
-6.9697 0.1 -1.99359e-06
-6.36364 0.1 -1.68895e-06
-5.75758 0.1 -1.43488e-06
-5.15152 0.1 -1.24924e-06
-4.54545 0.1 -1.12057e-06
-3.93939 0.1 -9.90978e-07
-3.33333 0.1 -7.55764e-07
-2.72727 0.1 -2.93648e-07
-2.12121 0.1 4.68064e-07
-1.51515 0.1 1.47054e-06
-0.909091 0.1 2.47303e-06
-0.30303 0.1 3.11296e-06
0.30303 0.1 3.10604e-06
0.909091 0.1 2.45241e-06
1.51515 0.1 1.43868e-06
2.12121 0.1 4.32952e-07
2.72727 0.1 -3.18913e-07
3.33333 0.1 -7.58288e-07
3.93939 0.1 -9.64446e-07
4.54545 0.1 -1.06769e-06
5.15152 0.1 -1.17853e-06
5.75758 0.1 -1.35446e-06
6.36364 0.1 -1.60171e-06
6.9697 0.1 -1.89659e-06
7.57576 0.1 -2.20892e-06
8.18182 0.1 -2.51675e-06
8.78788 0.1 -2.81008e-06
9.39394 0.1 -3.08716e-06
10 0.1 -3.07874e-06
-10 0.211111 -3.15808e-06
-9.39394 0.211111 -2.91983e-06
-8.78788 0.211111 -2.66166e-06
-8.18182 0.211111 -2.38488e-06
-7.57576 0.211111 -2.09368e-06
-6.9697 0.211111 -1.79877e-06
-6.36364 0.211111 -1.51947e-06
-5.75758 0.211111 -1.28069e-06
-5.15152 0.211111 -1.10185e-06
-4.54545 0.211111 -9.78698e-07
-3.93939 0.211111 -8.65284e-07
-3.33333 0.211111 -6.69553e-07
-2.72727 0.211111 -2.7754e-07
-2.12121 0.211111 3.86977e-07
-1.51515 0.211111 1.28135e-06
-0.909091 0.211111 2.18998e-06
-0.30303 0.211111 2.77586e-06
0.30303 0.211111 2.77078e-06
0.909091 0.211111 2.17475e-06
1.51515 0.211111 1.25783e-06
2.12121 0.211111 3.61858e-07
2.72727 0.211111 -2.93028e-07
3.33333 0.211111 -6.6419e-07
3.93939 0.211111 -8.33168e-07
4.54545 0.211111 -9.21057e-07
5.15152 0.211111 -1.02419e-06
5.75758 0.211111 -1.18782e-06
6.36364 0.211111 -1.41218e-06
6.9697 0.211111 -1.67401e-06
7.57576 0.211111 -1.94751e-06
8.18182 0.211111 -2.21575e-06
8.78788 0.211111 -2.47206e-06
9.39394 0.211111 -2.71588e-06
10 0.211111 -2.94791e-06
-10 0.322222 -2.78809e-06
-9.39394 0.322222 -2.57989e-06
-8.78788 0.322222 -2.35455e-06
-8.18182 0.322222 -2.11323e-06
-7.57576 0.322222 -1.85863e-06
-6.9697 0.322222 -1.59824e-06
-6.36364 0.322222 -1.34712e-06
-5.75758 0.322222 -1.12687e-06
-5.15152 0.322222 -9.57284e-07
-4.54545 0.322222 -8.40315e-07
-3.93939 0.322222 -7.41659e-07
-3.33333 0.322222 -5.82627e-07
-2.72727 0.322222 -2.5798e-07
-2.12121 0.322222 3.10686e-07
-1.51515 0.322222 1.09645e-06
-0.909091 0.322222 1.90952e-06
-0.30303 0.322222 2.43979e-06
0.30303 0.322222 2.43618e-06
0.909091 0.322222 1.89861e-06
1.51515 0.322222 1.07966e-06
2.12121 0.322222 2.93591e-07
2.72727 0.322222 -2.65832e-07
3.33333 0.322222 -5.71574e-07
3.93939 0.322222 -7.0624e-07
4.54545 0.322222 -7.80511e-07
5.15152 0.322222 -8.76049e-07
5.75758 0.322222 -1.02637e-06
6.36364 0.322222 -1.22665e-06
6.9697 0.322222 -1.45497e-06
7.57576 0.322222 -1.69021e-06
8.18182 0.322222 -1.92006e-06
8.78788 0.322222 -2.14062e-06
9.39394 0.322222 -2.35204e-06
10 0.322222 -2.94791e-06
-10 0.433333 -2.41122e-06
-9.39394 0.433333 -2.23281e-06
-8.78788 0.433333 -2.03983e-06
-8.18182 0.433333 -1.83359e-06
-7.57576 0.433333 -1.61586e-06
-6.9697 0.433333 -1.39145e-06
-6.36364 0.433333 -1.17128e-06
-5.75758 0.433333 -9.7299e-07
-5.15152 0.433333 -8.15535e-07
-4.54545 0.433333 -7.05754e-07
-3.93939 0.433333 -6.20467e-07
-3.33333 0.433333 -4.95054e-07
-2.72727 0.433333 -2.34661e-07
-2.12121 0.433333 2.39646e-07
-1.51515 0.433333 9.16049e-07
-0.909091 0.433333 1.63138e-06
-0.30303 0.433333 2.10411e-06
0.30303 0.433333 2.10163e-06
0.909091 0.433333 1.62383e-06
1.51515 0.433333 9.04532e-07
2.12121 0.433333 2.28798e-07
2.72727 0.433333 -2.36843e-07
3.33333 0.433333 -4.80386e-07
3.93939 0.433333 -5.83965e-07
4.54545 0.433333 -6.46398e-07
5.15152 0.433333 -7.34224e-07
5.75758 0.433333 -8.69881e-07
6.36364 0.433333 -1.04474e-06
6.9697 0.433333 -1.23915e-06
7.57576 0.433333 -1.43681e-06
8.18182 0.433333 -1.62962e-06
8.78788 0.433333 -1.81573e-06
9.39394 0.433333 -1.99555e-06
10 0.433333 -2.55461e-06
-10 0.544444 -2.02739e-06
-9.39394 0.544444 -1.87865e-06
-8.78788 0.544444 -1.71768e-06
-8.18182 0.544444 -1.54606e-06
-7.57576 0.544444 -1.36516e-06
-6.9697 0.544444 -1.17783e-06
-6.36364 0.544444 -9.91202e-07
-5.75758 0.544444 -8.18527e-07
-5.15152 0.544444 -6.76566e-07
-4.54545 0.544444 -5.7545e-07
-3.93939 0.544444 -5.0224e-07
-3.33333 0.544444 -4.06998e-07
-2.72727 0.544444 -2.07191e-07
-2.12121 0.544444 1.74514e-07
-1.51515 0.544444 7.40507e-07
-0.909091 0.544444 1.35525e-06
-0.30303 0.544444 1.76798e-06
0.30303 0.544444 1.76635e-06
0.909091 0.544444 1.35023e-06
1.51515 0.544444 7.32996e-07
2.12121 0.544444 1.68323e-07
2.72727 0.544444 -2.05501e-07
3.33333 0.544444 -3.90664e-07
3.93939 0.544444 -4.66815e-07
4.54545 0.544444 -5.19176e-07
5.15152 0.544444 -5.98792e-07
5.75758 0.544444 -7.18041e-07
6.36364 0.544444 -8.65977e-07
6.9697 0.544444 -1.02619e-06
7.57576 0.544444 -1.18721e-06
8.18182 0.544444 -1.34446e-06
8.78788 0.544444 -1.4974e-06
9.39394 0.544444 -1.6463e-06
10 0.544444 -1.54198e-06
-10 0.655556 -1.63645e-06
-9.39394 0.655556 -1.51742e-06
-8.78788 0.655556 -1.38828e-06
-8.18182 0.655556 -1.25084e-06
-7.57576 0.655556 -1.10647e-06
-6.9697 0.655556 -9.56849e-07
-6.36364 0.655556 -8.06017e-07
-5.75758 0.655556 -6.62718e-07
-5.15152 0.655556 -5.40223e-07
-4.54545 0.655556 -4.49956e-07
-3.93939 0.655556 -3.87783e-07
-3.33333 0.655556 -3.18802e-07
-2.72727 0.655556 -1.75088e-07
-2.12121 0.655556 1.16249e-07
-1.51515 0.655556 5.70444e-07
-0.909091 0.655556 1.0808e-06
-0.30303 0.655556 1.43026e-06
0.30303 0.655556 1.42922e-06
0.909091 0.655556 1.0776e-06
1.51515 0.655556 5.65845e-07
2.12121 0.655556 1.13321e-07
2.72727 0.655556 -1.71152e-07
3.33333 0.655556 -3.02627e-07
3.93939 0.655556 -3.55536e-07
4.54545 0.655556 -3.99428e-07
5.15152 0.655556 -4.69743e-07
5.75758 0.655556 -5.70336e-07
6.36364 0.655556 -6.89774e-07
6.9697 0.655556 -8.15767e-07
7.57576 0.655556 -9.414e-07
8.18182 0.655556 -1.06467e-06
8.78788 0.655556 -1.18563e-06
9.39394 0.655556 -1.30415e-06
10 0.655556 -1.17583e-06
-10 0.766667 -1.23815e-06
-9.39394 0.766667 -1.14896e-06
-8.78788 0.766667 -1.05175e-06
-8.18182 0.766667 -9.48262e-07
-7.57576 0.766667 -8.39973e-07
-6.9697 0.766667 -7.28124e-07
-6.36364 0.766667 -6.1472e-07
-5.75758 0.766667 -5.04455e-07
-5.15152 0.766667 -4.06088e-07
-4.54545 0.766667 -3.29924e-07
-3.93939 0.766667 -2.78328e-07
-3.33333 0.766667 -2.31193e-07
-2.72727 0.766667 -1.37798e-07
-2.12121 0.766667 6.6339e-08
-1.51515 0.766667 4.06956e-07
-0.909091 0.766667 8.07628e-07
-0.30303 0.766667 1.0893e-06
0.30303 0.766667 1.08865e-06
0.909091 0.766667 8.05674e-07
1.51515 0.766667 4.04359e-07
2.12121 0.766667 6.54731e-08
2.72727 0.766667 -1.33073e-07
3.33333 0.766667 -2.1688e-07
3.93939 0.766667 -2.51302e-07
4.54545 0.766667 -2.87846e-07
5.15152 0.766667 -3.46829e-07
5.75758 0.766667 -4.25955e-07
6.36364 0.766667 -5.1545e-07
6.9697 0.766667 -6.07714e-07
7.57576 0.766667 -6.99553e-07
8.18182 0.766667 -7.90437e-07
8.78788 0.766667 -8.80371e-07
9.39394 0.766667 -9.6887e-07
10 0.766667 -8.16448e-07
-10 0.877778 -8.32243e-07
-9.39394 0.877778 -7.7298e-07
-8.78788 0.877778 -7.07999e-07
-8.18182 0.877778 -6.38617e-07
-7.57576 0.877778 -5.66144e-07
-6.9697 0.877778 -4.91702e-07
-6.36364 0.877778 -4.1638e-07
-5.75758 0.877778 -3.42106e-07
-5.15152 0.877778 -2.73065e-07
-4.54545 0.877778 -2.15954e-07
-3.93939 0.877778 -1.75849e-07
-3.33333 0.877778 -1.45698e-07
-2.72727 0.877778 -9.47987e-08
-2.12121 0.877778 2.71045e-08
-1.51515 0.877778 2.52145e-07
-0.909091 0.877778 5.35468e-07
-0.30303 0.877778 7.42311e-07
0.30303 0.877778 7.41913e-07
0.909091 0.877778 5.34321e-07
1.51515 0.877778 2.50832e-07
2.12121 0.877778 2.73044e-08
2.72727 0.877778 -9.05692e-08
3.33333 0.877778 -1.34827e-07
3.93939 0.877778 -1.56019e-07
4.54545 0.877778 -1.85074e-07
5.15152 0.877778 -2.29198e-07
5.75758 0.877778 -2.83654e-07
6.36364 0.877778 -3.42404e-07
6.9697 0.877778 -4.02176e-07
7.57576 0.877778 -4.62041e-07
8.18182 0.877778 -5.2188e-07
8.78788 0.877778 -5.81441e-07
9.39394 0.877778 -6.40155e-07
10 0.877778 -4.63641e-07
-10 0.988889 -4.18583e-07
-9.39394 0.988889 -3.89131e-07
-8.78788 0.988889 -3.5667e-07
-8.18182 0.988889 -3.21869e-07
-7.57576 0.988889 -2.85475e-07
-6.9697 0.988889 -2.48228e-07
-6.36364 0.988889 -2.10793e-07
-5.75758 0.988889 -1.73866e-07
-5.15152 0.988889 -1.38625e-07
-4.54545 0.988889 -1.07383e-07
-3.93939 0.988889 -8.323e-08
-3.33333 0.988889 -6.63898e-08
-2.72727 0.988889 -4.64198e-08
-2.12121 0.988889 3.1502e-09
-1.51515 0.988889 1.10533e-07
-0.909091 0.988889 2.63837e-07
-0.30303 0.988889 3.84527e-07
0.30303 0.988889 3.84242e-07
0.909091 0.988889 2.63168e-07
1.51515 0.988889 1.10021e-07
2.12121 0.988889 3.65205e-09
2.72727 0.988889 -4.37949e-08
3.33333 0.988889 -6.03674e-08
3.93939 0.988889 -7.24751e-08
4.54545 0.988889 -9.06171e-08
5.15152 0.988889 -1.14744e-07
5.75758 0.988889 -1.42058e-07
6.36364 0.988889 -1.70637e-07
6.9697 0.988889 -1.99762e-07
7.57576 0.988889 -2.29242e-07
8.18182 0.988889 -2.58919e-07
8.78788 0.988889 -2.88521e-07
9.39394 0.988889 -3.17702e-07
10 0.988889 -3.46098e-07
-10 1.1 0
-9.39394 1.1 0
-8.78788 1.1 -4.09247e-23
-8.18182 1.1 -3.7173e-23
-7.57576 1.1 0
-6.9697 1.1 -2.91411e-23
-6.36364 1.1 0
-5.75758 1.1 0
-5.15152 1.1 -1.69228e-23
-4.54545 1.1 0
-3.93939 1.1 -1.01566e-23
-3.33333 1.1 0
-2.72727 1.1 6.52531e-24
-2.12121 1.1 -3.50762e-24
-1.51515 1.1 0
-0.909091 1.1 0
-0.30303 1.1 0
0.30303 1.1 2.34401e-23
0.909091 1.1 1.92615e-23
1.51515 1.1 0
2.12121 1.1 0
2.72727 1.1 0
3.33333 1.1 3.05015e-24
3.93939 1.1 -3.5918e-24
4.54545 1.1 0
5.15152 1.1 0
5.75758 1.1 0
6.36364 1.1 8.5106e-24
6.9697 1.1 1.00973e-23
7.57576 1.1 1.17068e-23
8.18182 1.1 1.33335e-23
8.78788 1.1 0
9.39394 1.1 0
10 1.1 0
