0 60.101 60.0282 60.2488
1 60.101 60.0282 60.2486
2 60.101 60.0284 60.2482
3 60.101 60.0288 60.2474
4 60.101 60.0293 60.2464
5 60.101 60.0299 60.2451
6 60.101 60.0307 60.2436
7 60.101 60.0316 60.2418
8 60.101 60.0326 60.2397
9 60.101 60.0337 60.2375
10 60.101 60.0349 60.235
11 60.101 60.0362 60.2324
12 60.101 60.0376 60.2296
13 60.101 60.039 60.2266
14 60.101 60.0406 60.2235
15 60.101 60.0421 60.2204
16 60.101 60.0437 60.2171
17 60.101 60.0454 60.2138
18 60.101 60.047 60.2104
19 60.101 60.0487 60.207
20 60.101 60.0504 60.2036
21 60.101 60.052 60.2001
22 60.101 60.0537 60.1967
23 60.101 60.0554 60.1934
24 60.101 60.057 60.19
25 60.101 60.0587 60.1867
26 60.101 60.0602 60.1835
27 60.101 60.0618 60.1803
28 60.101 60.0633 60.1772
29 60.101 60.0648 60.1742
30 60.101 60.0663 60.1712
31 60.101 60.0677 60.1683
32 60.101 60.0691 60.1656
33 60.101 60.0704 60.1629
34 60.101 60.0717 60.1603
35 60.101 60.0729 60.1577
36 60.101 60.0741 60.1553
37 60.101 60.0752 60.153
38 60.101 60.0763 60.1507
39 60.101 60.0774 60.1486
40 60.101 60.0784 60.1465
41 60.101 60.0794 60.1445
42 60.101 60.0803 60.1426
43 60.101 60.0812 60.1408
44 60.101 60.0821 60.1391
45 60.101 60.0829 60.1374
46 60.101 60.0837 60.1358
47 60.101 60.0845 60.1343
48 60.101 60.0852 60.1328
49 60.101 60.0859 60.1314
50 60.101 60.0865 60.1301
51 60.101 60.0871 60.1288
52 60.101 60.0877 60.1276
53 60.101 60.0883 60.1265
54 60.101 60.0889 60.1254
55 60.101 60.0894 60.1243
56 60.101 60.0899 60.1233
57 60.101 60.0903 60.1224
58 60.101 60.0908 60.1215
59 60.101 60.0912 60.1206
60 60.101 60.0916 60.1198
61 60.101 60.092 60.119
62 60.101 60.0924 60.1182
63 60.101 60.0927 60.1175
64 60.101 60.0931 60.1168
65 60.101 60.0934 60.1162
66 60.101 60.0937 60.1155
67 60.101 60.094 60.115
68 60.101 60.0943 60.1144
69 60.101 60.0945 60.1138
70 60.101 60.0948 60.1133
71 60.101 60.095 60.1128
72 60.101 60.0953 60.1124
73 60.101 60.0955 60.1119
74 60.101 60.0957 60.1115
75 60.101 60.0959 60.1111
76 60.101 60.0961 60.1107
77 60.101 60.0963 60.1103
78 60.101 60.0965 60.11
79 60.101 60.0966 60.1096
80 60.101 60.0968 60.1093
81 60.101 60.0969 60.109
82 60.101 60.0971 60.1087
83 60.101 60.0972 60.1084
84 60.101 60.0974 60.1081
85 60.101 60.0975 60.1079
86 60.101 60.0976 60.1076
87 60.101 60.0977 60.1074
88 60.101 60.0979 60.1072
89 60.101 60.098 60.1069
90 60.101 60.0981 60.1067
91 60.101 60.0982 60.1065
92 60.101 60.0983 60.1063
93 60.101 60.0984 60.1061
94 60.101 60.0984 60.106
95 60.101 60.0985 60.1058
96 60.101 60.0986 60.1056
97 60.101 60.0987 60.1055
98 60.101 60.0988 60.1053
99 60.101 60.0988 60.1052
100 60.101 60.0989 60.105
101 60.101 60.099 60.1049
102 60.101 60.099 60.1048
103 60.101 60.0991 60.1047
104 60.101 60.0992 60.1045
105 60.101 60.0992 60.1044
106 60.101 60.0993 60.1043
107 60.101 60.0993 60.1042
108 60.101 60.0994 60.1041
109 60.101 60.0994 60.104
110 60.101 60.0995 60.1039
111 60.101 60.0995 60.1038
112 60.101 60.0996 60.1037
113 60.101 60.0996 60.1036
114 60.101 60.0996 60.1036
115 60.101 60.0997 60.1035
116 60.101 60.0997 60.1034
117 60.101 60.0998 60.1033
118 60.101 60.0998 60.1033
119 60.101 60.0998 60.1032
120 60.101 60.0999 60.1031
121 60.101 60.0999 60.1031
122 60.101 60.0999 60.103
123 60.101 60.0999 60.103
124 60.101 60.1 60.1029
125 60.101 60.1 60.1028
126 60.101 60.1 60.1028
127 60.101 60.1001 60.1027
128 60.101 60.1001 60.1027
129 60.101 60.1001 60.1026
130 60.101 60.1001 60.1026
131 60.101 60.1002 60.1026
132 60.101 60.1002 60.1025
133 60.101 60.1002 60.1025
134 60.101 60.1002 60.1024
135 60.101 60.1002 60.1024
136 60.101 60.1003 60.1024
137 60.101 60.1003 60.1023
138 60.101 60.1003 60.1023
139 60.101 60.1003 60.1022
140 60.101 60.1003 60.1022
141 60.101 60.1003 60.1022
142 60.101 60.1004 60.1022
143 60.101 60.1004 60.1021
144 60.101 60.1004 60.1021
145 60.101 60.1004 60.1021
146 60.101 60.1004 60.102
147 60.101 60.1004 60.102
148 60.101 60.1004 60.102
149 60.101 60.1005 60.102
150 60.101 60.1005 60.1019
151 60.101 60.1005 60.1019
152 60.101 60.1005 60.1019
153 60.101 60.1005 60.1019
154 60.101 60.1005 60.1018
155 60.101 60.1005 60.1018
156 60.101 60.1005 60.1018
157 60.101 60.1005 60.1018
158 60.101 60.1006 60.1018
159 60.101 60.1006 60.1017
160 60.101 60.1006 60.1017
161 60.101 60.1006 60.1017
162 60.101 60.1006 60.1017
163 60.101 60.1006 60.1017
164 60.101 60.1006 60.1017
165 60.101 60.1006 60.1016
166 60.101 60.1006 60.1016
167 60.101 60.1006 60.1016
168 60.101 60.1006 60.1016
169 60.101 60.1006 60.1016
170 60.101 60.1006 60.1016
171 60.101 60.1007 60.1016
172 60.101 60.1007 60.1015
173 60.101 60.1007 60.1015
174 60.101 60.1007 60.1015
175 60.101 60.1007 60.1015
176 60.101 60.1007 60.1015
177 60.101 60.1007 60.1015
178 60.101 60.1007 60.1015
179 60.101 60.1007 60.1015
180 60.101 60.1007 60.1015
181 60.101 60.1007 60.1014
182 60.101 60.1007 60.1014
183 60.101 60.1007 60.1014
184 60.101 60.1007 60.1014
185 60.101 60.1007 60.1014
186 60.101 60.1007 60.1014
187 60.101 60.1007 60.1014
188 60.101 60.1007 60.1014
189 60.101 60.1008 60.1014
190 60.101 60.1008 60.1014
191 60.101 60.1008 60.1014
192 60.101 60.1008 60.1013
193 60.101 60.1008 60.1013
194 60.101 60.1008 60.1013
195 60.101 60.1008 60.1013
196 60.101 60.1008 60.1013
197 60.101 60.1008 60.1013
198 60.101 60.1008 60.1013
199 60.101 60.1008 60.1013
