-10 0.1 -3.52195e-06
-9.39394 0.1 -3.2532e-06
-8.78788 0.1 -2.96164e-06
-8.18182 0.1 -2.64909e-06
-7.57576 0.1 -2.32176e-06
-6.9697 0.1 -1.99399e-06
-6.36364 0.1 -1.68931e-06
-5.75758 0.1 -1.43521e-06
-5.15152 0.1 -1.24955e-06
-4.54545 0.1 -1.12086e-06
-3.93939 0.1 -9.9122e-07
-3.33333 0.1 -7.5592e-07
-2.72727 0.1 -2.93673e-07
-2.12121 0.1 4.68211e-07
-1.51515 0.1 1.47088e-06
-0.909091 0.1 2.47355e-06
-0.30303 0.1 3.1136e-06
0.30303 0.1 3.10671e-06
0.909091 0.1 2.453e-06
1.51515 0.1 1.4391e-06
2.12121 0.1 4.33159e-07
2.72727 0.1 -3.18912e-07
3.33333 0.1 -7.58443e-07
3.93939 0.1 -9.64693e-07
4.54545 0.1 -1.06797e-06
5.15152 0.1 -1.17882e-06
5.75758 0.1 -1.35475e-06
6.36364 0.1 -1.60203e-06
6.9697 0.1 -1.89695e-06
7.57576 0.1 -2.20933e-06
8.18182 0.1 -2.51723e-06
8.78788 0.1 -2.81063e-06
9.39394 0.1 -3.08778e-06
10 0.1 -3.07938e-06
-10 0.211111 -3.15878e-06
-9.39394 0.211111 -2.92047e-06
-8.78788 0.211111 -2.66223e-06
-8.18182 0.211111 -2.38539e-06
-7.57576 0.211111 -2.09412e-06
-6.9697 0.211111 -1.79915e-06
-6.36364 0.211111 -1.51981e-06
-5.75758 0.211111 -1.281e-06
-5.15152 0.211111 -1.10214e-06
-4.54545 0.211111 -9.78966e-07
-3.93939 0.211111 -8.65509e-07
-3.33333 0.211111 -6.697e-07
-2.72727 0.211111 -2.77564e-07
-2.12121 0.211111 3.87113e-07
-1.51515 0.211111 1.28167e-06
-0.909091 0.211111 2.19046e-06
-0.30303 0.211111 2.77646e-06
0.30303 0.211111 2.7714e-06
0.909091 0.211111 2.1753e-06
1.51515 0.211111 1.25822e-06
2.12121 0.211111 3.62046e-07
2.72727 0.211111 -2.9303e-07
3.33333 0.211111 -6.64334e-07
3.93939 0.211111 -8.33394e-07
4.54545 0.211111 -9.21317e-07
5.15152 0.211111 -1.02445e-06
5.75758 0.211111 -1.18809e-06
6.36364 0.211111 -1.41247e-06
6.9697 0.211111 -1.67433e-06
7.57576 0.211111 -1.94789e-06
8.18182 0.211111 -2.21619e-06
8.78788 0.211111 -2.47257e-06
9.39394 0.211111 -2.71645e-06
10 0.211111 -2.94853e-06
-10 0.322222 -2.78874e-06
-9.39394 0.322222 -2.58048e-06
-8.78788 0.322222 -2.35508e-06
-8.18182 0.322222 -2.1137e-06
-7.57576 0.322222 -1.85904e-06
-6.9697 0.322222 -1.59859e-06
-6.36364 0.322222 -1.34743e-06
-5.75758 0.322222 -1.12715e-06
-5.15152 0.322222 -9.57549e-07
-4.54545 0.322222 -8.40561e-07
-3.93939 0.322222 -7.41865e-07
-3.33333 0.322222 -5.82761e-07
-2.72727 0.322222 -2.58003e-07
-2.12121 0.322222 3.1081e-07
-1.51515 0.322222 1.09674e-06
-0.909091 0.322222 1.90996e-06
-0.30303 0.322222 2.44033e-06
0.30303 0.322222 2.43675e-06
0.909091 0.322222 1.89911e-06
1.51515 0.322222 1.08e-06
2.12121 0.322222 2.93758e-07
2.72727 0.322222 -2.65836e-07
3.33333 0.322222 -5.71705e-07
3.93939 0.322222 -7.06444e-07
4.54545 0.322222 -7.80743e-07
5.15152 0.322222 -8.76287e-07
5.75758 0.322222 -1.02661e-06
6.36364 0.322222 -1.22691e-06
6.9697 0.322222 -1.45527e-06
7.57576 0.322222 -1.69055e-06
8.18182 0.322222 -1.92045e-06
8.78788 0.322222 -2.14107e-06
9.39394 0.322222 -2.35254e-06
10 0.322222 -2.94853e-06
-10 0.433333 -2.4118e-06
-9.39394 0.433333 -2.23334e-06
-8.78788 0.433333 -2.04031e-06
-8.18182 0.433333 -1.83402e-06
-7.57576 0.433333 -1.61623e-06
-6.9697 0.433333 -1.39177e-06
-6.36364 0.433333 -1.17156e-06
-5.75758 0.433333 -9.73243e-07
-5.15152 0.433333 -8.15771e-07
-4.54545 0.433333 -7.05972e-07
-3.93939 0.433333 -6.2065e-07
-3.33333 0.433333 -4.95174e-07
-2.72727 0.433333 -2.34681e-07
-2.12121 0.433333 2.39757e-07
-1.51515 0.433333 9.16303e-07
-0.909091 0.433333 1.63177e-06
-0.30303 0.433333 2.10459e-06
0.30303 0.433333 2.10213e-06
0.909091 0.433333 1.62427e-06
1.51515 0.433333 9.04836e-07
2.12121 0.433333 2.28942e-07
2.72727 0.433333 -2.36848e-07
3.33333 0.433333 -4.80502e-07
3.93939 0.433333 -5.84142e-07
4.54545 0.433333 -6.466e-07
5.15152 0.433333 -7.34431e-07
5.75758 0.433333 -8.70092e-07
6.36364 0.433333 -1.04497e-06
6.9697 0.433333 -1.2394e-06
7.57576 0.433333 -1.43711e-06
8.18182 0.433333 -1.62996e-06
8.78788 0.433333 -1.81612e-06
9.39394 0.433333 -1.99599e-06
10 0.433333 -2.55516e-06
-10 0.544444 -2.0279e-06
-9.39394 0.544444 -1.87912e-06
-8.78788 0.544444 -1.7181e-06
-8.18182 0.544444 -1.54643e-06
-7.57576 0.544444 -1.36548e-06
-6.9697 0.544444 -1.17811e-06
-6.36364 0.544444 -9.91444e-07
-5.75758 0.544444 -8.18746e-07
-5.15152 0.544444 -6.7677e-07
-4.54545 0.544444 -5.75637e-07
-3.93939 0.544444 -5.02398e-07
-3.33333 0.544444 -4.07101e-07
-2.72727 0.544444 -2.07208e-07
-2.12121 0.544444 1.74609e-07
-1.51515 0.544444 7.40726e-07
-0.909091 0.544444 1.35558e-06
-0.30303 0.544444 1.76839e-06
0.30303 0.544444 1.76677e-06
0.909091 0.544444 1.3506e-06
1.51515 0.544444 7.33253e-07
2.12121 0.544444 1.68443e-07
2.72727 0.544444 -2.05507e-07
3.33333 0.544444 -3.90762e-07
3.93939 0.544444 -4.66964e-07
4.54545 0.544444 -5.19345e-07
5.15152 0.544444 -5.98967e-07
5.75758 0.544444 -7.18219e-07
6.36364 0.544444 -8.66168e-07
6.9697 0.544444 -1.0264e-06
7.57576 0.544444 -1.18746e-06
8.18182 0.544444 -1.34475e-06
8.78788 0.544444 -1.49773e-06
9.39394 0.544444 -1.64667e-06
10 0.544444 -1.54234e-06
-10 0.655556 -1.63687e-06
-9.39394 0.655556 -1.51781e-06
-8.78788 0.655556 -1.38863e-06
-8.18182 0.655556 -1.25115e-06
-7.57576 0.655556 -1.10674e-06
-6.9697 0.655556 -9.5708e-07
-6.36364 0.655556 -8.06218e-07
-5.75758 0.655556 -6.62899e-07
-5.15152 0.655556 -5.4039e-07
-4.54545 0.655556 -4.5011e-07
-3.93939 0.655556 -3.87913e-07
-3.33333 0.655556 -3.18886e-07
-2.72727 0.655556 -1.75101e-07
-2.12121 0.655556 1.16328e-07
-1.51515 0.655556 5.70624e-07
-0.909091 0.655556 1.08107e-06
-0.30303 0.655556 1.4306e-06
0.30303 0.655556 1.42957e-06
0.909091 0.655556 1.0779e-06
1.51515 0.655556 5.6605e-07
2.12121 0.655556 1.13416e-07
2.72727 0.655556 -1.71158e-07
3.33333 0.655556 -3.02706e-07
3.93939 0.655556 -3.55656e-07
4.54545 0.655556 -3.99564e-07
5.15152 0.655556 -4.69883e-07
5.75758 0.655556 -5.70479e-07
6.36364 0.655556 -6.89927e-07
6.9697 0.655556 -8.15939e-07
7.57576 0.655556 -9.41599e-07
8.18182 0.655556 -1.0649e-06
8.78788 0.655556 -1.18589e-06
9.39394 0.655556 -1.30445e-06
10 0.655556 -1.1761e-06
-10 0.766667 -1.23847e-06
-9.39394 0.766667 -1.14926e-06
-8.78788 0.766667 -1.05202e-06
-8.18182 0.766667 -9.48504e-07
-7.57576 0.766667 -8.40183e-07
-6.9697 0.766667 -7.28304e-07
-6.36364 0.766667 -6.14876e-07
-5.75758 0.766667 -5.04594e-07
-5.15152 0.766667 -4.06216e-07
-4.54545 0.766667 -3.30042e-07
-3.93939 0.766667 -2.78427e-07
-3.33333 0.766667 -2.31258e-07
-2.72727 0.766667 -1.37808e-07
-2.12121 0.766667 6.64001e-08
-1.51515 0.766667 4.07095e-07
-0.909091 0.766667 8.07836e-07
-0.30303 0.766667 1.08955e-06
0.30303 0.766667 1.08891e-06
0.909091 0.766667 8.05896e-07
1.51515 0.766667 4.04511e-07
2.12121 0.766667 6.55429e-08
2.72727 0.766667 -1.33078e-07
3.33333 0.766667 -2.16939e-07
3.93939 0.766667 -2.51392e-07
4.54545 0.766667 -2.87947e-07
5.15152 0.766667 -3.46934e-07
5.75758 0.766667 -4.26062e-07
6.36364 0.766667 -5.15564e-07
6.9697 0.766667 -6.07842e-07
7.57576 0.766667 -6.99701e-07
8.18182 0.766667 -7.90609e-07
8.78788 0.766667 -8.80567e-07
9.39394 0.766667 -9.6909e-07
10 0.766667 -8.16635e-07
-10 0.877778 -8.32464e-07
-9.39394 0.877778 -7.73186e-07
-8.78788 0.877778 -7.08186e-07
-8.18182 0.877778 -6.38783e-07
-7.57576 0.877778 -5.66288e-07
-6.9697 0.877778 -4.91825e-07
-6.36364 0.877778 -4.16486e-07
-5.75758 0.877778 -3.422e-07
-5.15152 0.877778 -2.73152e-07
-4.54545 0.877778 -2.16034e-07
-3.93939 0.877778 -1.75917e-07
-3.33333 0.877778 -1.45742e-07
-2.72727 0.877778 -9.48056e-08
-2.12121 0.877778 2.71465e-08
-1.51515 0.877778 2.5224e-07
-0.909091 0.877778 5.35609e-07
-0.30303 0.877778 7.4248e-07
0.30303 0.877778 7.42085e-07
0.909091 0.877778 5.34468e-07
1.51515 0.877778 2.50932e-07
2.12121 0.877778 2.73493e-08
2.72727 0.877778 -9.05732e-08
3.33333 0.877778 -1.34866e-07
3.93939 0.877778 -1.56078e-07
4.54545 0.877778 -1.85141e-07
5.15152 0.877778 -2.29267e-07
5.75758 0.877778 -2.83724e-07
6.36364 0.877778 -3.42479e-07
6.9697 0.877778 -4.0226e-07
7.57576 0.877778 -4.62139e-07
8.18182 0.877778 -5.21993e-07
8.78788 0.877778 -5.81571e-07
9.39394 0.877778 -6.403e-07
10 0.877778 -4.63747e-07
-10 0.988889 -4.18695e-07
-9.39394 0.988889 -3.89235e-07
-8.78788 0.988889 -3.56765e-07
-8.18182 0.988889 -3.21954e-07
-7.57576 0.988889 -2.85549e-07
-6.9697 0.988889 -2.48291e-07
-6.36364 0.988889 -2.10847e-07
-5.75758 0.988889 -1.73913e-07
-5.15152 0.988889 -1.38668e-07
-4.54545 0.988889 -1.07423e-07
-3.93939 0.988889 -8.32639e-08
-3.33333 0.988889 -6.64124e-08
-2.72727 0.988889 -4.64236e-08
-2.12121 0.988889 3.17143e-09
-1.51515 0.988889 1.10581e-07
-0.909091 0.988889 2.63909e-07
-0.30303 0.988889 3.84612e-07
0.30303 0.988889 3.84327e-07
0.909091 0.988889 2.63239e-07
1.51515 0.988889 1.10068e-07
2.12121 0.988889 3.67321e-09
2.72727 0.988889 -4.37972e-08
3.33333 0.988889 -6.03867e-08
3.93939 0.988889 -7.2504e-08
4.54545 0.988889 -9.06499e-08
5.15152 0.988889 -1.14778e-07
5.75758 0.988889 -1.42093e-07
6.36364 0.988889 -1.70674e-07
6.9697 0.988889 -1.99804e-07
7.57576 0.988889 -2.29291e-07
8.18182 0.988889 -2.58975e-07
8.78788 0.988889 -2.88584e-07
9.39394 0.988889 -3.17773e-07
10 0.988889 -3.46176e-07
-10 1.1 0
-9.39394 1.1 0
-8.78788 1.1 -4.09357e-23
-8.18182 1.1 -3.71829e-23
-7.57576 1.1 0
-6.9697 1.1 -2.91485e-23
-6.36364 1.1 0
-5.75758 1.1 0
-5.15152 1.1 -1.69277e-23
-4.54545 1.1 0
-3.93939 1.1 -1.01608e-23
-3.33333 1.1 0
-2.72727 1.1 6.52688e-24
-2.12121 1.1 -3.50668e-24
-1.51515 1.1 0
-0.909091 1.1 0
-0.30303 1.1 0
0.30303 1.1 2.34451e-23
0.909091 1.1 1.9266e-23
1.51515 1.1 0
2.12121 1.1 0
2.72727 1.1 0
3.33333 1.1 3.05081e-24
3.93939 1.1 -3.5932e-24
4.54545 1.1 0
5.15152 1.1 0
5.75758 1.1 0
6.36364 1.1 8.51256e-24
6.9697 1.1 1.00995e-23
7.57576 1.1 1.17092e-23
8.18182 1.1 1.33363e-23
8.78788 1.1 0
9.39394 1.1 0
10 1.1 0
