-30 0.1 -9.61984e-33
-29.4 0.1 0.00314606
-28.8 0.1 0.0139316
-28.2 0.1 0.0329113
-27.6 0.1 0.0595869
-27 0.1 0.0932225
-26.4 0.1 0.133132
-25.8 0.1 0.178664
-25.2 0.1 0.229126
-24.6 0.1 0.283752
-24 0.1 0.341702
-23.4 0.1 0.402085
-22.8 0.1 0.463974
-22.2 0.1 0.526422
-21.6 0.1 0.588476
-21 0.1 0.649187
-20.4 0.1 0.707627
-19.8 0.1 0.762896
-19.2 0.1 0.814139
-18.6 0.1 0.860558
-18 0.1 0.901424
-17.4 0.1 0.936085
-16.8 0.1 0.963981
-16.2 0.1 0.984653
-15.6 0.1 0.997749
-15 0.1 1.00303
-14.4 0.1 1.00039
-13.8 0.1 0.989833
-13.2 0.1 0.971503
-12.6 0.1 0.945671
-12 0.1 0.912715
-11.4 0.1 0.873104
-10.8 0.1 0.827382
-10.2 0.1 0.776251
-9.6 0.1 0.720675
-9 0.1 0.661679
-8.4 0.1 0.600177
-7.8 0.1 0.537083
-7.2 0.1 0.473381
-6.6 0.1 0.410101
-6 0.1 0.348279
-5.4 0.1 0.288922
-4.8 0.1 0.232991
-4.2 0.1 0.181385
-3.6 0.1 0.134927
-3 0.1 0.0943509
-2.4 0.1 0.0602906
-1.8 0.1 0.0332703
-1.2 0.1 0.013696
-0.6 0.1 0.00185126
0 0.1 -0.00210634
0.6 0.1 0.00185457
1.2 0.1 0.0136405
1.8 0.1 0.0330364
2.4 0.1 0.0597111
3 0.1 0.0932239
3.6 0.1 0.133033
4.2 0.1 0.178505
4.8 0.1 0.228924
5.4 0.1 0.283507
6 0.1 0.341408
6.6 0.1 0.401734
7.2 0.1 0.463555
7.8 0.1 0.525923
8.4 0.1 0.587907
9 0.1 0.648617
9.6 0.1 0.707194
10.2 0.1 0.762701
10.8 0.1 0.814118
11.4 0.1 0.860593
12 0.1 0.901451
12.6 0.1 0.936093
13.2 0.1 0.96398
13.8 0.1 0.98465
14.4 0.1 0.997748
15 0.1 1.00303
15.6 0.1 1.00039
16.2 0.1 0.989836
16.8 0.1 0.971501
17.4 0.1 0.945652
18 0.1 0.912675
18.6 0.1 0.873079
19.2 0.1 0.827481
19.8 0.1 0.776602
20.4 0.1 0.721256
21 0.1 0.66233
21.6 0.1 0.600778
22.2 0.1 0.537598
22.8 0.1 0.473815
23.4 0.1 0.410469
24 0.1 0.348587
24.6 0.1 0.289178
25.2 0.1 0.2332
25.8 0.1 0.181548
26.4 0.1 0.135027
27 0.1 0.0943489
27.6 0.1 0.0601653
28.2 0.1 0.0331453
28.8 0.1 0.0139904
29.4 0.1 0.00314853
30 0.1 -9.78116e-33
-30 0.211111 -1.00014e-32
-29.4 0.211111 0.00273133
-28.8 0.211111 0.0126279
-28.2 0.211111 0.0308792
-27.6 0.211111 0.0572467
-27 0.211111 0.0908394
-26.4 0.211111 0.130715
-25.8 0.211111 0.176082
-25.2 0.211111 0.226239
-24.6 0.211111 0.280466
-24 0.211111 0.337979
-23.4 0.211111 0.397921
-22.8 0.211111 0.459396
-22.2 0.211111 0.521489
-21.6 0.211111 0.583278
-21 0.211111 0.643849
-20.4 0.211111 0.7023
-19.8 0.211111 0.757759
-19.2 0.211111 0.809384
-18.6 0.211111 0.856385
-18 0.211111 0.898028
-17.4 0.211111 0.93365
-16.8 0.211111 0.962666
-16.2 0.211111 0.984582
-15.6 0.211111 0.999003
-15 0.211111 1.00564
-14.4 0.211111 1.00434
-13.8 0.211111 0.995053
-13.2 0.211111 0.977884
-12.6 0.211111 0.95305
-12 0.211111 0.920866
-11.4 0.211111 0.881725
-10.8 0.211111 0.836132
-10.2 0.211111 0.784811
-9.6 0.211111 0.72878
-9 0.211111 0.669146
-8.4 0.211111 0.606899
-7.8 0.211111 0.542973
-7.2 0.211111 0.478345
-6.6 0.211111 0.41406
-6 0.211111 0.351196
-5.4 0.211111 0.290818
-4.8 0.211111 0.233938
-4.2 0.211111 0.18149
-3.6 0.211111 0.134321
-3 0.211111 0.0931783
-2.4 0.211111 0.0586969
-1.8 0.211111 0.0313924
-1.2 0.211111 0.0116537
-0.6 0.211111 -0.000260392
0 0.211111 -0.00422187
0.6 0.211111 -0.00023152
1.2 0.211111 0.0115851
1.8 0.211111 0.0309833
2.4 0.211111 0.057607
3 0.211111 0.0909972
3.6 0.211111 0.130602
4.2 0.211111 0.175786
4.8 0.211111 0.225842
5.4 0.211111 0.279999
6 0.211111 0.337431
6.6 0.211111 0.397266
7.2 0.211111 0.458601
7.8 0.211111 0.520537
8.4 0.211111 0.582209
9 0.211111 0.642801
9.6 0.211111 0.701485
10.2 0.211111 0.757322
10.8 0.211111 0.809274
11.4 0.211111 0.856437
12 0.211111 0.898105
12.6 0.211111 0.933692
13.2 0.211111 0.962674
13.8 0.211111 0.984574
14.4 0.211111 0.998996
15 0.211111 1.00564
15.6 0.211111 1.00435
16.2 0.211111 0.995061
16.8 0.211111 0.977869
17.4 0.211111 0.95299
18 0.211111 0.92077
18.6 0.211111 0.881687
19.2 0.211111 0.836339
19.8 0.211111 0.785442
20.4 0.211111 0.729816
21 0.211111 0.67037
21.6 0.211111 0.608088
22.2 0.211111 0.544009
22.8 0.211111 0.479206
23.4 0.211111 0.414772
24 0.211111 0.351792
24.6 0.211111 0.291324
25.2 0.211111 0.234362
25.8 0.211111 0.181804
26.4 0.211111 0.134444
27 0.211111 0.0930224
27.6 0.211111 0.0583348
28.2 0.211111 0.0312901
28.8 0.211111 0.0127107
29.4 0.211111 0.00272537
30 0.211111 -1.03346e-32
-30 0.322222 -1.05085e-32
-29.4 0.322222 0.00237911
-28.8 0.322222 0.0115272
-28.2 0.322222 0.0290483
-27.6 0.322222 0.0549628
-27 0.322222 0.08839
-26.4 0.322222 0.12822
-25.8 0.322222 0.17348
-25.2 0.322222 0.223386
-24.6 0.322222 0.277235
-24 0.322222 0.334301
-23.4 0.322222 0.393787
-22.8 0.322222 0.454835
-22.2 0.322222 0.51656
-21.6 0.322222 0.578068
-21 0.322222 0.638474
-20.4 0.322222 0.696907
-19.8 0.322222 0.752517
-19.2 0.322222 0.804483
-18.6 0.322222 0.852022
-18 0.322222 0.8944
-17.4 0.322222 0.930944
-16.8 0.322222 0.961049
-16.2 0.322222 0.984187
-15.6 0.322222 0.999924
-15 0.322222 1.00793
-14.4 0.322222 1.00799
-13.8 0.322222 1.00002
-13.2 0.322222 0.984071
-12.6 0.322222 0.960295
-12 0.322222 0.928937
-11.4 0.322222 0.890328
-10.8 0.322222 0.844942
-10.2 0.322222 0.793509
-9.6 0.322222 0.737088
-9 0.322222 0.676843
-8.4 0.322222 0.613829
-7.8 0.322222 0.549028
-7.2 0.322222 0.483441
-6.6 0.322222 0.418128
-6 0.322222 0.354201
-5.4 0.322222 0.292774
-4.8 0.322222 0.23491
-4.2 0.322222 0.181591
-3.6 0.322222 0.133691
-3 0.322222 0.091971
-2.4 0.322222 0.0570653
-1.8 0.322222 0.0294794
-1.2 0.322222 0.00958285
-0.6 0.322222 -0.00239159
0 0.322222 -0.00634691
0.6 0.322222 -0.00231713
1.2 0.322222 0.00953932
1.8 0.322222 0.0289479
2.4 0.322222 0.0555278
3 0.322222 0.0888022
3.6 0.322222 0.12821
4.2 0.322222 0.173114
4.8 0.322222 0.222816
5.4 0.322222 0.276554
6 0.322222 0.333519
6.6 0.322222 0.392858
7.2 0.322222 0.453705
7.8 0.322222 0.51521
8.4 0.322222 0.576568
9 0.322222 0.637014
9.6 0.322222 0.695751
10.2 0.322222 0.751849
10.8 0.322222 0.80426
11.4 0.322222 0.852061
12 0.322222 0.894519
12.6 0.322222 0.931035
13.2 0.322222 0.961083
13.8 0.322222 0.984184
14.4 0.322222 0.999914
15 0.322222 1.00793
15.6 0.322222 1.008
16.2 0.322222 1.00003
16.8 0.322222 0.984032
17.4 0.322222 0.960184
18 0.322222 0.928786
18.6 0.322222 0.89028
19.2 0.322222 0.845241
19.8 0.322222 0.794376
20.4 0.322222 0.738506
21 0.322222 0.67856
21.6 0.322222 0.615552
22.2 0.322222 0.550562
22.8 0.322222 0.48472
23.4 0.322222 0.419176
24 0.322222 0.355079
24.6 0.322222 0.293529
25.2 0.322222 0.235536
25.8 0.322222 0.181996
26.4 0.322222 0.133723
27 0.322222 0.091563
27.6 0.322222 0.0564962
28.2 0.322222 0.0295879
28.8 0.322222 0.0116081
29.4 0.322222 0.0023575
30 0.322222 -1.10106e-32
-30 0.433333 -1.07047e-32
-29.4 0.433333 0.00208269
-28.8 0.433333 0.0105491
-28.2 0.433333 0.0273519
-27.6 0.433333 0.0527558
-27 0.433333 0.0859336
-26.4 0.433333 0.125671
-25.8 0.433333 0.170838
-25.2 0.433333 0.220539
-24.6 0.433333 0.274047
-24 0.433333 0.330677
-23.4 0.433333 0.389694
-22.8 0.433333 0.450297
-22.2 0.433333 0.511636
-21.6 0.433333 0.572846
-21 0.433333 0.633067
-20.4 0.433333 0.691453
-19.8 0.433333 0.747179
-19.2 0.433333 0.799443
-18.6 0.433333 0.847476
-18 0.433333 0.890547
-17.4 0.433333 0.927973
-16.8 0.433333 0.959132
-16.2 0.433333 0.983469
-15.6 0.433333 1.00051
-15 0.433333 1.00988
-14.4 0.433333 1.01133
-13.8 0.433333 1.00472
-13.2 0.433333 0.990045
-12.6 0.433333 0.967385
-12 0.433333 0.936917
-11.4 0.433333 0.898911
-10.8 0.433333 0.853809
-10.2 0.433333 0.802344
-9.6 0.433333 0.745592
-9 0.433333 0.684764
-8.4 0.433333 0.620977
-7.8 0.433333 0.55527
-7.2 0.433333 0.488685
-6.6 0.433333 0.422311
-6 0.433333 0.357292
-5.4 0.433333 0.294786
-4.8 0.433333 0.23591
-4.2 0.433333 0.181691
-3.6 0.433333 0.133038
-3 0.433333 0.0907273
-2.4 0.433333 0.0553934
-1.8 0.433333 0.0275291
-1.2 0.433333 0.00748221
-0.6 0.433333 -0.00454287
0 0.433333 -0.00848159
0.6 0.433333 -0.00440228
1.2 0.433333 0.00750313
1.8 0.433333 0.02693
2.4 0.433333 0.0534732
3 0.433333 0.0866388
3.6 0.433333 0.125857
4.2 0.433333 0.170491
4.8 0.433333 0.219846
5.4 0.433333 0.27317
6 0.433333 0.329669
6.6 0.433333 0.388513
7.2 0.433333 0.448873
7.8 0.433333 0.509947
8.4 0.433333 0.570982
9 0.433333 0.631256
9.6 0.433333 0.689997
10.2 0.433333 0.746289
10.8 0.433333 0.799097
11.4 0.433333 0.847483
12 0.433333 0.890694
12.6 0.433333 0.928113
13.2 0.433333 0.959206
13.8 0.433333 0.983485
14.4 0.433333 1.0005
15 0.433333 1.00989
15.6 0.433333 1.01135
16.2 0.433333 1.00472
16.8 0.433333 0.989976
17.4 0.433333 0.967221
18 0.433333 0.936711
18.6 0.433333 0.898849
19.2 0.433333 0.854182
19.8 0.433333 0.8034
20.4 0.433333 0.747325
21 0.433333 0.686901
21.6 0.433333 0.623171
22.2 0.433333 0.557263
22.8 0.433333 0.490365
23.4 0.433333 0.423694
24 0.433333 0.358456
24.6 0.433333 0.295783
25.2 0.433333 0.236697
25.8 0.433333 0.182105
26.4 0.433333 0.132887
27 0.433333 0.0900259
27.6 0.433333 0.0546705
28.2 0.433333 0.0279734
28.8 0.433333 0.0106033
29.4 0.433333 0.00203844
30 0.433333 -1.13744e-32
-30 0.544444 -1.08265e-32
-29.4 0.544444 0.00181868
-28.8 0.544444 0.00965962
-28.2 0.544444 0.0257619
-27.6 0.544444 0.0506206
-27 0.544444 0.0834904
-26.4 0.544444 0.123093
-25.8 0.544444 0.168162
-25.2 0.544444 0.217685
-24.6 0.544444 0.270887
-24 0.544444 0.3271
-23.4 0.544444 0.385648
-22.8 0.544444 0.44579
-22.2 0.544444 0.506724
-21.6 0.544444 0.567616
-21 0.544444 0.62763
-20.4 0.544444 0.685942
-19.8 0.544444 0.741751
-19.2 0.544444 0.794275
-18.6 0.544444 0.842759
-18 0.544444 0.886477
-17.4 0.544444 0.924744
-16.8 0.544444 0.956921
-16.2 0.544444 0.982428
-15.6 0.544444 1.00076
-15 0.544444 1.01151
-14.4 0.544444 1.01436
-13.8 0.544444 1.00915
-13.2 0.544444 0.995789
-12.6 0.544444 0.974304
-12 0.544444 0.944791
-11.4 0.544444 0.907464
-10.8 0.544444 0.86273
-10.2 0.544444 0.81131
-9.6 0.544444 0.754289
-9 0.544444 0.69291
-8.4 0.544444 0.628349
-7.8 0.544444 0.561712
-7.2 0.544444 0.494091
-6.6 0.544444 0.426616
-6 0.544444 0.36047
-5.4 0.544444 0.296855
-4.8 0.544444 0.236935
-4.2 0.544444 0.181789
-3.6 0.544444 0.132361
-3 0.544444 0.0894462
-2.4 0.544444 0.0536795
-1.8 0.544444 0.0255397
-1.2 0.544444 0.0053504
-0.6 0.544444 -0.0067149
0 0.544444 -0.0106261
0.6 0.544444 -0.00648702
1.2 0.544444 0.00547635
1.8 0.544444 0.0249294
2.4 0.544444 0.051443
3 0.544444 0.0845075
3.6 0.544444 0.123544
4.2 0.544444 0.167916
4.8 0.544444 0.216929
5.4 0.544444 0.269844
6 0.544444 0.325881
6.6 0.544444 0.384236
7.2 0.544444 0.444114
7.8 0.544444 0.504753
8.4 0.544444 0.565437
9 0.544444 0.625479
9.6 0.544444 0.684161
10.2 0.544444 0.740615
10.8 0.544444 0.793787
11.4 0.544444 0.84272
12 0.544444 0.886644
12.6 0.544444 0.924932
13.2 0.544444 0.957042
13.8 0.544444 0.982475
14.4 0.544444 1.00077
15 0.544444 1.01151
15.6 0.544444 1.01438
16.2 0.544444 1.00913
16.8 0.544444 0.995685
17.4 0.544444 0.974084
18 0.544444 0.944532
18.6 0.544444 0.907383
19.2 0.544444 0.863153
19.8 0.544444 0.812511
20.4 0.544444 0.756274
21 0.544444 0.695396
21.6 0.544444 0.630952
22.2 0.544444 0.564121
22.8 0.544444 0.496155
23.4 0.544444 0.428338
24 0.544444 0.361925
24.6 0.544444 0.298077
25.2 0.544444 0.237831
25.8 0.544444 0.182132
26.4 0.544444 0.131955
27 0.544444 0.0884298
27.6 0.544444 0.0528522
28.2 0.544444 0.0264195
28.8 0.544444 0.00966306
29.4 0.544444 0.00174519
30 0.544444 -1.16605e-32
-30 0.655556 -1.08712e-32
-29.4 0.655556 0.00157979
-28.8 0.655556 0.00883705
-28.2 0.655556 0.0242581
-27.6 0.655556 0.0485522
-27 0.655556 0.0810702
-26.4 0.655556 0.120499
-25.8 0.655556 0.165459
-25.2 0.655556 0.214821
-24.6 0.655556 0.267745
-24 0.655556 0.323565
-23.4 0.655556 0.38165
-22.8 0.655556 0.441322
-22.2 0.655556 0.501832
-21.6 0.655556 0.562384
-21 0.655556 0.622167
-20.4 0.655556 0.68038
-19.8 0.655556 0.73624
-19.2 0.655556 0.788987
-18.6 0.655556 0.837879
-18 0.655556 0.882201
-17.4 0.655556 0.921266
-16.8 0.655556 0.954422
-16.2 0.655556 0.981069
-15.6 0.655556 1.00067
-15 0.655556 1.01279
-14.4 0.655556 1.01707
-13.8 0.655556 1.01328
-13.2 0.655556 1.00129
-12.6 0.655556 0.981031
-12 0.655556 0.952544
-11.4 0.655556 0.915975
-10.8 0.655556 0.871694
-10.2 0.655556 0.820403
-9.6 0.655556 0.763178
-9 0.655556 0.701283
-8.4 0.655556 0.635954
-7.8 0.655556 0.568365
-7.2 0.655556 0.499671
-6.6 0.655556 0.431055
-6 0.655556 0.363742
-5.4 0.655556 0.29898
-4.8 0.655556 0.237986
-4.2 0.655556 0.181885
-3.6 0.655556 0.13166
-3 0.655556 0.0881268
-2.4 0.655556 0.051922
-1.8 0.655556 0.0235094
-1.2 0.655556 0.00318597
-0.6 0.655556 -0.00890853
0 0.655556 -0.0127808
0.6 0.655556 -0.00857146
1.2 0.655556 0.00345895
1.8 0.655556 0.0229461
2.4 0.655556 0.0494376
3 0.655556 0.0824082
3.6 0.655556 0.121271
4.2 0.655556 0.165386
4.8 0.655556 0.214065
5.4 0.655556 0.266576
6 0.655556 0.322155
6.6 0.655556 0.380024
7.2 0.655556 0.439419
7.8 0.655556 0.49962
8.4 0.655556 0.559959
9 0.655556 0.619789
9.6 0.655556 0.678396
10.2 0.655556 0.734913
10.8 0.655556 0.788352
11.4 0.655556 0.837769
12 0.655556 0.882369
12.6 0.655556 0.921496
13.2 0.655556 0.954595
13.8 0.655556 0.981157
14.4 0.655556 1.00071
15 0.655556 1.01281
15.6 0.655556 1.01708
16.2 0.655556 1.01324
16.8 0.655556 1.00114
17.4 0.655556 0.980757
18 0.655556 0.952231
18.6 0.655556 0.91587
19.2 0.655556 0.872146
19.8 0.655556 0.821704
20.4 0.655556 0.765349
21 0.655556 0.704046
21.6 0.655556 0.638901
22.2 0.655556 0.571147
22.8 0.655556 0.502102
23.4 0.655556 0.433114
24 0.655556 0.365484
24.6 0.655556 0.300403
25.2 0.655556 0.238934
25.8 0.655556 0.182083
26.4 0.655556 0.130938
27 0.655556 0.0867826
27.6 0.655556 0.0510359
28.2 0.655556 0.0249064
28.8 0.655556 0.00876638
29.4 0.655556 0.00147067
30 0.655556 -1.18655e-32
-30 0.766667 -1.08705e-32
-29.4 0.766667 0.00136009
-28.8 0.766667 0.00806828
-28.2 0.766667 0.0228264
-27.6 0.766667 0.0465445
-27 0.766667 0.0786777
-26.4 0.766667 0.117899
-25.8 0.766667 0.162735
-25.2 0.766667 0.211945
-24.6 0.766667 0.264615
-24 0.766667 0.320064
-23.4 0.766667 0.377698
-22.8 0.766667 0.436895
-22.2 0.766667 0.496965
-21.6 0.766667 0.557155
-21 0.766667 0.616684
-20.4 0.766667 0.674771
-19.8 0.766667 0.730653
-19.2 0.766667 0.783586
-18.6 0.766667 0.832847
-18 0.766667 0.877728
-17.4 0.766667 0.917545
-16.8 0.766667 0.95164
-16.2 0.766667 0.979394
-15.6 0.766667 1.00025
-15 0.766667 1.01373
-14.4 0.766667 1.01944
-13.8 0.766667 1.01711
-13.2 0.766667 1.00652
-12.6 0.766667 0.987551
-12 0.766667 0.960159
-11.4 0.766667 0.924431
-10.8 0.766667 0.880692
-10.2 0.766667 0.829614
-9.6 0.766667 0.772256
-9 0.766667 0.709889
-8.4 0.766667 0.643802
-7.8 0.766667 0.575243
-7.2 0.766667 0.50544
-6.6 0.766667 0.435636
-6 0.766667 0.367111
-5.4 0.766667 0.301163
-4.8 0.766667 0.239061
-4.2 0.766667 0.181977
-3.6 0.766667 0.130934
-3 0.766667 0.0867677
-2.4 0.766667 0.0501195
-1.8 0.766667 0.0214368
-1.2 0.766667 0.000987603
-0.6 0.766667 -0.0111247
0 0.766667 -0.0149461
0.6 0.766667 -0.0106557
1.2 0.766667 0.00145108
1.8 0.766667 0.0209804
2.4 0.766667 0.0474572
3 0.766667 0.080341
3.6 0.766667 0.119037
4.2 0.766667 0.162902
4.8 0.766667 0.211253
5.4 0.766667 0.263365
6 0.766667 0.318491
6.6 0.766667 0.375876
7.2 0.766667 0.434793
7.8 0.766667 0.49456
8.4 0.766667 0.554547
9 0.766667 0.61413
9.6 0.766667 0.672614
10.2 0.766667 0.729163
10.8 0.766667 0.782817
11.4 0.766667 0.832656
12 0.766667 0.877877
12.6 0.766667 0.917807
13.2 0.766667 0.951866
13.8 0.766667 0.979533
14.4 0.766667 1.00032
15 0.766667 1.01376
15.6 0.766667 1.01945
16.2 0.766667 1.01705
16.8 0.766667 1.00633
17.4 0.766667 0.987222
18 0.766667 0.959794
18.6 0.766667 0.924295
19.2 0.766667 0.881151
19.8 0.766667 0.830973
20.4 0.766667 0.77455
21 0.766667 0.712854
21.6 0.766667 0.647026
22.2 0.766667 0.578351
22.8 0.766667 0.508215
23.4 0.766667 0.438027
24 0.766667 0.369134
24.6 0.766667 0.302758
25.2 0.766667 0.240005
25.8 0.766667 0.181961
26.4 0.766667 0.129844
27 0.766667 0.0850872
27.6 0.766667 0.049215
28.2 0.766667 0.0234201
28.8 0.766667 0.00790044
29.4 0.766667 0.00120915
30 0.766667 -1.20203e-32
-30 0.877778 -1.08343e-32
-29.4 0.877778 0.00115602
-28.8 0.877778 0.00734399
-28.2 0.877778 0.0214567
-27.6 0.877778 0.0445923
-27 0.877778 0.0763149
-26.4 0.877778 0.1153
-25.8 0.877778 0.159997
-25.2 0.877778 0.209058
-24.6 0.877778 0.261493
-24 0.877778 0.316593
-23.4 0.877778 0.373789
-22.8 0.877778 0.432511
-22.2 0.877778 0.492129
-21.6 0.877778 0.551936
-21 0.877778 0.611186
-20.4 0.877778 0.669121
-19.8 0.877778 0.724995
-19.2 0.877778 0.778081
-18.6 0.877778 0.82767
-18 0.877778 0.873068
-17.4 0.877778 0.913593
-16.8 0.877778 0.948583
-16.2 0.877778 0.977409
-15.6 0.877778 0.999491
-15 0.877778 1.01432
-14.4 0.877778 1.02147
-13.8 0.877778 1.02061
-13.2 0.877778 1.01147
-12.6 0.877778 0.993845
-12 0.877778 0.967619
-11.4 0.877778 0.932817
-10.8 0.877778 0.889712
-10.2 0.877778 0.838938
-9.6 0.877778 0.78152
-9 0.877778 0.718729
-8.4 0.877778 0.6519
-7.8 0.877778 0.582357
-7.2 0.877778 0.511408
-6.6 0.877778 0.440371
-6 0.877778 0.370586
-5.4 0.877778 0.303408
-4.8 0.877778 0.24016
-4.2 0.877778 0.182063
-3.6 0.877778 0.130179
-3 0.877778 0.085367
-2.4 0.877778 0.0482705
-1.8 0.877778 0.0193205
-1.2 0.877778 -0.00124591
-0.6 0.877778 -0.0133644
0 0.877778 -0.0171226
0.6 0.877778 -0.0127399
1.2 0.877778 -0.000547089
1.8 0.877778 0.0190325
2.4 0.877778 0.0455019
3 0.877778 0.0783058
3.6 0.877778 0.116841
4.2 0.877778 0.160464
4.8 0.877778 0.208491
5.4 0.877778 0.260209
6 0.877778 0.314886
6.6 0.877778 0.371794
7.2 0.877778 0.430238
7.8 0.877778 0.489573
8.4 0.877778 0.549196
9 0.877778 0.608508
9.6 0.877778 0.666833
10.2 0.877778 0.723365
10.8 0.877778 0.777185
11.4 0.877778 0.827393
12 0.877778 0.873186
12.6 0.877778 0.913874
13.2 0.877778 0.948859
13.8 0.877778 0.977604
14.4 0.877778 0.999605
15 0.877778 1.01438
15.6 0.877778 1.02148
16.2 0.877778 1.02053
16.8 0.877778 1.01124
17.4 0.877778 0.993462
18 0.877778 0.967202
18.6 0.877778 0.932643
19.2 0.877778 0.890156
19.8 0.877778 0.840309
20.4 0.877778 0.783873
21 0.877778 0.721824
21.6 0.877778 0.655333
22.2 0.877778 0.585744
22.8 0.877778 0.514505
23.4 0.877778 0.443084
24 0.877778 0.372875
24.6 0.877778 0.305141
25.2 0.877778 0.241044
25.8 0.877778 0.181771
26.4 0.877778 0.128677
27 0.877778 0.0833439
27.6 0.877778 0.0473833
28.2 0.877778 0.0219505
28.8 0.877778 0.00705616
29.4 0.877778 0.000957178
30 0.877778 -1.2134e-32
-30 0.988889 -1.07718e-32
-29.4 0.988889 0.000964954
-28.8 0.988889 0.00665747
-28.2 0.988889 0.0201411
-27.6 0.988889 0.0426909
-27 0.988889 0.0739827
-26.4 0.988889 0.112707
-25.8 0.988889 0.157248
-25.2 0.988889 0.206163
-24.6 0.988889 0.258377
-24 0.988889 0.313148
-23.4 0.988889 0.369919
-22.8 0.988889 0.42817
-22.2 0.988889 0.487326
-21.6 0.988889 0.546733
-21 0.988889 0.605681
-20.4 0.988889 0.663437
-19.8 0.988889 0.719273
-19.2 0.988889 0.772478
-18.6 0.988889 0.822358
-18 0.988889 0.868229
-17.4 0.988889 0.909417
-16.8 0.988889 0.94526
-16.2 0.988889 0.97512
-15.6 0.988889 0.9984
-15 0.988889 1.01457
-14.4 0.988889 1.02316
-13.8 0.988889 1.02379
-13.2 0.988889 1.01612
-12.6 0.988889 0.999894
-12 0.988889 0.974906
-11.4 0.988889 0.941115
-10.8 0.988889 0.89874
-10.2 0.988889 0.848365
-9.6 0.988889 0.790967
-9 0.988889 0.727806
-8.4 0.988889 0.660256
-7.8 0.988889 0.589719
-7.2 0.988889 0.51759
-6.6 0.988889 0.44527
-6 0.988889 0.374173
-5.4 0.988889 0.305717
-4.8 0.988889 0.241282
-4.2 0.988889 0.182141
-3.6 0.988889 0.129393
-3 0.988889 0.0839227
-2.4 0.988889 0.0463734
-1.8 0.988889 0.0171591
-1.2 0.988889 -0.0035157
-0.6 0.988889 -0.0156284
0 0.988889 -0.0193108
0.6 0.988889 -0.014824
1.2 0.988889 -0.00253539
1.8 0.988889 0.0171028
2.4 0.988889 0.0435721
3 0.988889 0.0763027
3.6 0.988889 0.114684
4.2 0.988889 0.158068
4.8 0.988889 0.205778
5.4 0.988889 0.257107
6 0.988889 0.311342
6.6 0.988889 0.36778
7.2 0.988889 0.425756
7.8 0.988889 0.484657
8.4 0.988889 0.543908
9 0.988889 0.602926
9.6 0.988889 0.661058
10.2 0.988889 0.717529
10.8 0.988889 0.771464
11.4 0.988889 0.821989
12 0.988889 0.868304
12.6 0.988889 0.909706
13.2 0.988889 0.94558
13.8 0.988889 0.975373
14.4 0.988889 0.998565
15 0.988889 1.01466
15.6 0.988889 1.02317
16.2 0.988889 1.02369
16.8 0.988889 1.01585
17.4 0.988889 0.999461
18 0.988889 0.974438
18.6 0.988889 0.940897
19.2 0.988889 0.899146
19.8 0.988889 0.849704
20.4 0.988889 0.793316
21 0.988889 0.730957
21.6 0.988889 0.663832
22.2 0.988889 0.593335
22.8 0.988889 0.520979
23.4 0.988889 0.44829
24 0.988889 0.37671
24.6 0.988889 0.307553
25.2 0.988889 0.242054
25.8 0.988889 0.181514
26.4 0.988889 0.127439
27 0.988889 0.0815516
27.6 0.988889 0.0455354
28.2 0.988889 0.0204895
28.8 0.988889 0.00622692
29.4 0.988889 0.000712205
30 0.988889 -1.22151e-32
-30 1.1 -1.06886e-32
-29.4 1.1 0.000784964
-28.8 1.1 0.00600363
-28.2 1.1 0.0188733
-27.6 1.1 0.0408363
-27 1.1 0.0716811
-26.4 1.1 0.110123
-25.8 1.1 0.154494
-25.2 1.1 0.20326
-24.6 1.1 0.255266
-24 1.1 0.309725
-23.4 1.1 0.366088
-22.8 1.1 0.423872
-22.2 1.1 0.48256
-21.6 1.1 0.541549
-21 1.1 0.600172
-20.4 1.1 0.657723
-19.8 1.1 0.713493
-19.2 1.1 0.766785
-18.6 1.1 0.816918
-18 1.1 0.863221
-17.4 1.1 0.905028
-16.8 1.1 0.941679
-16.2 1.1 0.972533
-15.6 1.1 0.99698
-15 1.1 1.01446
-14.4 1.1 1.02449
-13.8 1.1 1.02662
-13.2 1.1 1.02047
-12.6 1.1 1.00568
-12 1.1 0.982
-11.4 1.1 0.949308
-10.8 1.1 0.907762
-10.2 1.1 0.857884
-9.6 1.1 0.800594
-9 1.1 0.737124
-8.4 1.1 0.66888
-7.8 1.1 0.597341
-7.2 1.1 0.523999
-6.6 1.1 0.450346
-6 1.1 0.377881
-5.4 1.1 0.308095
-4.8 1.1 0.242429
-4.2 1.1 0.182209
-3.6 1.1 0.128575
-3 1.1 0.0824322
-2.4 1.1 0.0444259
-1.8 1.1 0.0149511
-1.2 1.1 -0.00582285
-0.6 1.1 -0.0179175
0 1.1 -0.0215111
0.6 1.1 -0.0169083
1.2 1.1 -0.00451361
1.8 1.1 0.0151917
2.4 1.1 0.0416679
3 1.1 0.0743316
3.6 1.1 0.112564
4.2 1.1 0.155716
4.8 1.1 0.203112
5.4 1.1 0.254058
6 1.1 0.307857
6.6 1.1 0.363832
7.2 1.1 0.421346
7.8 1.1 0.479814
8.4 1.1 0.538684
9 1.1 0.59739
9.6 1.1 0.655296
10.2 1.1 0.711664
10.8 1.1 0.765664
11.4 1.1 0.816455
12 1.1 0.863242
12.6 1.1 0.905313
13.2 1.1 0.942036
13.8 1.1 0.972844
14.4 1.1 0.997202
15 1.1 1.01459
15.6 1.1 1.02451
16.2 1.1 1.0265
16.8 1.1 1.02016
17.4 1.1 1.0052
18 1.1 0.981484
18.6 1.1 0.94904
19.2 1.1 0.908107
19.8 1.1 0.859148
20.4 1.1 0.802874
21 1.1 0.740257
21.6 1.1 0.672529
22.2 1.1 0.601135
22.8 1.1 0.527648
23.4 1.1 0.453652
24 1.1 0.380643
24.6 1.1 0.309995
25.2 1.1 0.243036
25.8 1.1 0.181193
26.4 1.1 0.126131
27 1.1 0.0797084
27.6 1.1 0.0436659
28.2 1.1 0.0190303
28.8 1.1 0.00540759
29.4 1.1 0.000472351
30 1.1 -1.22688e-32
