-30 0.05 0
-29.4 0.05 0
-28.8 0.05 0
-28.2 0.05 0
-27.6 0.05 0
-27 0.05 0
-26.4 0.05 0
-25.8 0.05 0
-25.2 0.05 0
-24.6 0.05 0
-24 0.05 0
-23.4 0.05 0
-22.8 0.05 0
-22.2 0.05 0
-21.6 0.05 0
-21 0.05 0
-20.4 0.05 0
-19.8 0.05 0
-19.2 0.05 0
-18.6 0.05 0
-18 0.05 0
-17.4 0.05 0
-16.8 0.05 0
-16.2 0.05 0
-15.6 0.05 0
-15 0.05 0
-14.4 0.05 0
-13.8 0.05 0
-13.2 0.05 0
-12.6 0.05 0
-12 0.05 0
-11.4 0.05 0
-10.8 0.05 0
-10.2 0.05 0
-9.6 0.05 0
-9 0.05 0
-8.4 0.05 0
-7.8 0.05 0
-7.2 0.05 0
-6.6 0.05 0
-6 0.05 0
-5.4 0.05 0
-4.8 0.05 0
-4.2 0.05 0
-3.6 0.05 0
-3 0.05 0
-2.4 0.05 0
-1.8 0.05 0
-1.2 0.05 0
-0.6 0.05 0
0 0.05 0
0.6 0.05 -0.0001283
1.2 0.05 -0.000101358
1.8 0.05 -6.38412e-05
2.4 0.05 0
3 0.05 0
3.6 0.05 0
4.2 0.05 0
4.8 0.05 0
5.4 0.05 0
6 0.05 0
6.6 0.05 0
7.2 0.05 0
7.8 0.05 0
8.4 0.05 0
9 0.05 0
9.6 0.05 0
10.2 0.05 0
10.8 0.05 0
11.4 0.05 0
12 0.05 0
12.6 0.05 0
13.2 0.05 0
13.8 0.05 0
14.4 0.05 0
15 0.05 0
15.6 0.05 0
16.2 0.05 0
16.8 0.05 0
17.4 0.05 0
18 0.05 0
18.6 0.05 0
19.2 0.05 0
19.8 0.05 0
20.4 0.05 0
21 0.05 0
21.6 0.05 0
22.2 0.05 0
22.8 0.05 0
23.4 0.05 0
24 0.05 0
24.6 0.05 0
25.2 0.05 0
25.8 0.05 0
26.4 0.05 0
27 0.05 0
27.6 0.05 0
28.2 0.05 0
28.8 0.05 0
29.4 0.05 0
30 0.05 0
-30 0.101282 0
-29.4 0.101282 0
-28.8 0.101282 0
-28.2 0.101282 0
-27.6 0.101282 0
-27 0.101282 0
-26.4 0.101282 0
-25.8 0.101282 0
-25.2 0.101282 0
-24.6 0.101282 0
-24 0.101282 0
-23.4 0.101282 0
-22.8 0.101282 0
-22.2 0.101282 0
-21.6 0.101282 0
-21 0.101282 0
-20.4 0.101282 0
-19.8 0.101282 0
-19.2 0.101282 0
-18.6 0.101282 0
-18 0.101282 0
-17.4 0.101282 0
-16.8 0.101282 0
-16.2 0.101282 0
-15.6 0.101282 0
-15 0.101282 0
-14.4 0.101282 0
-13.8 0.101282 0
-13.2 0.101282 0
-12.6 0.101282 0
-12 0.101282 0
-11.4 0.101282 0
-10.8 0.101282 0
-10.2 0.101282 0
-9.6 0.101282 0
-9 0.101282 0
-8.4 0.101282 0
-7.8 0.101282 0
-7.2 0.101282 0
-6.6 0.101282 0
-6 0.101282 0
-5.4 0.101282 0
-4.8 0.101282 0
-4.2 0.101282 0
-3.6 0.101282 0
-3 0.101282 0
-2.4 0.101282 0
-1.8 0.101282 0
-1.2 0.101282 0
-0.6 0.101282 0
0 0.101282 0
0.6 0.101282 -0.000120545
1.2 0.101282 -9.59396e-05
1.8 0.101282 -6.11709e-05
2.4 0.101282 0
3 0.101282 0
3.6 0.101282 0
4.2 0.101282 0
4.8 0.101282 0
5.4 0.101282 0
6 0.101282 0
6.6 0.101282 0
7.2 0.101282 0
7.8 0.101282 0
8.4 0.101282 0
9 0.101282 0
9.6 0.101282 0
10.2 0.101282 0
10.8 0.101282 0
11.4 0.101282 0
12 0.101282 0
12.6 0.101282 0
13.2 0.101282 0
13.8 0.101282 0
14.4 0.101282 0
15 0.101282 0
15.6 0.101282 0
16.2 0.101282 0
16.8 0.101282 0
17.4 0.101282 0
18 0.101282 0
18.6 0.101282 0
19.2 0.101282 0
19.8 0.101282 0
20.4 0.101282 0
21 0.101282 0
21.6 0.101282 0
22.2 0.101282 0
22.8 0.101282 0
23.4 0.101282 0
24 0.101282 0
24.6 0.101282 0
25.2 0.101282 0
25.8 0.101282 0
26.4 0.101282 0
27 0.101282 0
27.6 0.101282 0
28.2 0.101282 0
28.8 0.101282 0
29.4 0.101282 0
30 0.101282 0
-30 0.152564 0
-29.4 0.152564 0
-28.8 0.152564 0
-28.2 0.152564 0
-27.6 0.152564 0
-27 0.152564 0
-26.4 0.152564 0
-25.8 0.152564 0
-25.2 0.152564 0
-24.6 0.152564 0
-24 0.152564 0
-23.4 0.152564 0
-22.8 0.152564 0
-22.2 0.152564 0
-21.6 0.152564 0
-21 0.152564 0
-20.4 0.152564 0
-19.8 0.152564 0
-19.2 0.152564 0
-18.6 0.152564 0
-18 0.152564 0
-17.4 0.152564 0
-16.8 0.152564 0
-16.2 0.152564 0
-15.6 0.152564 0
-15 0.152564 0
-14.4 0.152564 0
-13.8 0.152564 0
-13.2 0.152564 0
-12.6 0.152564 0
-12 0.152564 0
-11.4 0.152564 0
-10.8 0.152564 0
-10.2 0.152564 0
-9.6 0.152564 0
-9 0.152564 0
-8.4 0.152564 0
-7.8 0.152564 0
-7.2 0.152564 0
-6.6 0.152564 0
-6 0.152564 0
-5.4 0.152564 0
-4.8 0.152564 0
-4.2 0.152564 0
-3.6 0.152564 0
-3 0.152564 0
-2.4 0.152564 0
-1.8 0.152564 0
-1.2 0.152564 0
-0.6 0.152564 0
0 0.152564 0
0.6 0.152564 -0.000113111
1.2 0.152564 -9.06529e-05
1.8 0.152564 -5.84765e-05
2.4 0.152564 0
3 0.152564 0
3.6 0.152564 0
4.2 0.152564 0
4.8 0.152564 0
5.4 0.152564 0
6 0.152564 0
6.6 0.152564 0
7.2 0.152564 0
7.8 0.152564 0
8.4 0.152564 0
9 0.152564 0
9.6 0.152564 0
10.2 0.152564 0
10.8 0.152564 0
11.4 0.152564 0
12 0.152564 0
12.6 0.152564 0
13.2 0.152564 0
13.8 0.152564 0
14.4 0.152564 0
15 0.152564 0
15.6 0.152564 0
16.2 0.152564 0
16.8 0.152564 0
17.4 0.152564 0
18 0.152564 0
18.6 0.152564 0
19.2 0.152564 0
19.8 0.152564 0
20.4 0.152564 0
21 0.152564 0
21.6 0.152564 0
22.2 0.152564 0
22.8 0.152564 0
23.4 0.152564 0
24 0.152564 0
24.6 0.152564 0
25.2 0.152564 0
25.8 0.152564 0
26.4 0.152564 0
27 0.152564 0
27.6 0.152564 0
28.2 0.152564 0
28.8 0.152564 0
29.4 0.152564 0
30 0.152564 0
-30 0.203846 0
-29.4 0.203846 0
-28.8 0.203846 0
-28.2 0.203846 0
-27.6 0.203846 0
-27 0.203846 0
-26.4 0.203846 0
-25.8 0.203846 0
-25.2 0.203846 0
-24.6 0.203846 0
-24 0.203846 0
-23.4 0.203846 0
-22.8 0.203846 0
-22.2 0.203846 0
-21.6 0.203846 0
-21 0.203846 0
-20.4 0.203846 0
-19.8 0.203846 0
-19.2 0.203846 0
-18.6 0.203846 0
-18 0.203846 0
-17.4 0.203846 0
-16.8 0.203846 0
-16.2 0.203846 0
-15.6 0.203846 0
-15 0.203846 0
-14.4 0.203846 0
-13.8 0.203846 0
-13.2 0.203846 0
-12.6 0.203846 0
-12 0.203846 0
-11.4 0.203846 0
-10.8 0.203846 0
-10.2 0.203846 0
-9.6 0.203846 0
-9 0.203846 0
-8.4 0.203846 0
-7.8 0.203846 0
-7.2 0.203846 0
-6.6 0.203846 0
-6 0.203846 0
-5.4 0.203846 0
-4.8 0.203846 0
-4.2 0.203846 0
-3.6 0.203846 0
-3 0.203846 0
-2.4 0.203846 0
-1.8 0.203846 0
-1.2 0.203846 0
-0.6 0.203846 0
0 0.203846 0
0.6 0.203846 -0.000105979
1.2 0.203846 -8.55128e-05
1.8 0.203846 -5.5788e-05
2.4 0.203846 0
3 0.203846 0
3.6 0.203846 0
4.2 0.203846 0
4.8 0.203846 0
5.4 0.203846 0
6 0.203846 0
6.6 0.203846 0
7.2 0.203846 0
7.8 0.203846 0
8.4 0.203846 0
9 0.203846 0
9.6 0.203846 0
10.2 0.203846 0
10.8 0.203846 0
11.4 0.203846 0
12 0.203846 0
12.6 0.203846 0
13.2 0.203846 0
13.8 0.203846 0
14.4 0.203846 0
15 0.203846 0
15.6 0.203846 0
16.2 0.203846 0
16.8 0.203846 0
17.4 0.203846 0
18 0.203846 0
18.6 0.203846 0
19.2 0.203846 0
19.8 0.203846 0
20.4 0.203846 0
21 0.203846 0
21.6 0.203846 0
22.2 0.203846 0
22.8 0.203846 0
23.4 0.203846 0
24 0.203846 0
24.6 0.203846 0
25.2 0.203846 0
25.8 0.203846 0
26.4 0.203846 0
27 0.203846 0
27.6 0.203846 0
28.2 0.203846 0
28.8 0.203846 0
29.4 0.203846 0
30 0.203846 0
-30 0.255128 0
-29.4 0.255128 0
-28.8 0.255128 0
-28.2 0.255128 0
-27.6 0.255128 0
-27 0.255128 0
-26.4 0.255128 0
-25.8 0.255128 0
-25.2 0.255128 0
-24.6 0.255128 0
-24 0.255128 0
-23.4 0.255128 0
-22.8 0.255128 0
-22.2 0.255128 0
-21.6 0.255128 0
-21 0.255128 0
-20.4 0.255128 0
-19.8 0.255128 0
-19.2 0.255128 0
-18.6 0.255128 0
-18 0.255128 0
-17.4 0.255128 0
-16.8 0.255128 0
-16.2 0.255128 0
-15.6 0.255128 0
-15 0.255128 0
-14.4 0.255128 0
-13.8 0.255128 0
-13.2 0.255128 0
-12.6 0.255128 0
-12 0.255128 0
-11.4 0.255128 0
-10.8 0.255128 0
-10.2 0.255128 0
-9.6 0.255128 0
-9 0.255128 0
-8.4 0.255128 0
-7.8 0.255128 0
-7.2 0.255128 0
-6.6 0.255128 0
-6 0.255128 0
-5.4 0.255128 0
-4.8 0.255128 0
-4.2 0.255128 0
-3.6 0.255128 0
-3 0.255128 0
-2.4 0.255128 0
-1.8 0.255128 0
-1.2 0.255128 0
-0.6 0.255128 0
0 0.255128 0
0.6 0.255128 -9.91339e-05
1.2 0.255128 -8.05269e-05
1.8 0.255128 -5.31244e-05
2.4 0.255128 0
3 0.255128 0
3.6 0.255128 0
4.2 0.255128 0
4.8 0.255128 0
5.4 0.255128 0
6 0.255128 0
6.6 0.255128 0
7.2 0.255128 0
7.8 0.255128 0
8.4 0.255128 0
9 0.255128 0
9.6 0.255128 0
10.2 0.255128 0
10.8 0.255128 0
11.4 0.255128 0
12 0.255128 0
12.6 0.255128 0
13.2 0.255128 0
13.8 0.255128 0
14.4 0.255128 0
15 0.255128 0
15.6 0.255128 0
16.2 0.255128 0
16.8 0.255128 0
17.4 0.255128 0
18 0.255128 0
18.6 0.255128 0
19.2 0.255128 0
19.8 0.255128 0
20.4 0.255128 0
21 0.255128 0
21.6 0.255128 0
22.2 0.255128 0
22.8 0.255128 0
23.4 0.255128 0
24 0.255128 0
24.6 0.255128 0
25.2 0.255128 0
25.8 0.255128 0
26.4 0.255128 0
27 0.255128 0
27.6 0.255128 0
28.2 0.255128 0
28.8 0.255128 0
29.4 0.255128 0
30 0.255128 0
-30 0.30641 0
-29.4 0.30641 0
-28.8 0.30641 0
-28.2 0.30641 0
-27.6 0.30641 0
-27 0.30641 0
-26.4 0.30641 0
-25.8 0.30641 0
-25.2 0.30641 0
-24.6 0.30641 0
-24 0.30641 0
-23.4 0.30641 0
-22.8 0.30641 0
-22.2 0.30641 0
-21.6 0.30641 0
-21 0.30641 0
-20.4 0.30641 0
-19.8 0.30641 0
-19.2 0.30641 0
-18.6 0.30641 0
-18 0.30641 0
-17.4 0.30641 0
-16.8 0.30641 0
-16.2 0.30641 0
-15.6 0.30641 0
-15 0.30641 0
-14.4 0.30641 0
-13.8 0.30641 0
-13.2 0.30641 0
-12.6 0.30641 0
-12 0.30641 0
-11.4 0.30641 0
-10.8 0.30641 0
-10.2 0.30641 0
-9.6 0.30641 0
-9 0.30641 0
-8.4 0.30641 0
-7.8 0.30641 0
-7.2 0.30641 0
-6.6 0.30641 0
-6 0.30641 0
-5.4 0.30641 0
-4.8 0.30641 0
-4.2 0.30641 0
-3.6 0.30641 0
-3 0.30641 0
-2.4 0.30641 0
-1.8 0.30641 0
-1.2 0.30641 0
-0.6 0.30641 0
0 0.30641 0
0.6 0.30641 -9.25637e-05
1.2 0.30641 -7.56991e-05
1.8 0.30641 -5.04989e-05
2.4 0.30641 0
3 0.30641 0
3.6 0.30641 0
4.2 0.30641 0
4.8 0.30641 0
5.4 0.30641 0
6 0.30641 0
6.6 0.30641 0
7.2 0.30641 0
7.8 0.30641 0
8.4 0.30641 0
9 0.30641 0
9.6 0.30641 0
10.2 0.30641 0
10.8 0.30641 0
11.4 0.30641 0
12 0.30641 0
12.6 0.30641 0
13.2 0.30641 0
13.8 0.30641 0
14.4 0.30641 0
15 0.30641 0
15.6 0.30641 0
16.2 0.30641 0
16.8 0.30641 0
17.4 0.30641 0
18 0.30641 0
18.6 0.30641 0
19.2 0.30641 0
19.8 0.30641 0
20.4 0.30641 0
21 0.30641 0
21.6 0.30641 0
22.2 0.30641 0
22.8 0.30641 0
23.4 0.30641 0
24 0.30641 0
24.6 0.30641 0
25.2 0.30641 0
25.8 0.30641 0
26.4 0.30641 0
27 0.30641 0
27.6 0.30641 0
28.2 0.30641 0
28.8 0.30641 0
29.4 0.30641 0
30 0.30641 0
-30 0.357692 0
-29.4 0.357692 0
-28.8 0.357692 0
-28.2 0.357692 0
-27.6 0.357692 0
-27 0.357692 0
-26.4 0.357692 0
-25.8 0.357692 0
-25.2 0.357692 0
-24.6 0.357692 0
-24 0.357692 0
-23.4 0.357692 0
-22.8 0.357692 0
-22.2 0.357692 0
-21.6 0.357692 0
-21 0.357692 0
-20.4 0.357692 0
-19.8 0.357692 0
-19.2 0.357692 0
-18.6 0.357692 0
-18 0.357692 0
-17.4 0.357692 0
-16.8 0.357692 0
-16.2 0.357692 0
-15.6 0.357692 0
-15 0.357692 0
-14.4 0.357692 0
-13.8 0.357692 0
-13.2 0.357692 0
-12.6 0.357692 0
-12 0.357692 0
-11.4 0.357692 0
-10.8 0.357692 0
-10.2 0.357692 0
-9.6 0.357692 0
-9 0.357692 0
-8.4 0.357692 0
-7.8 0.357692 0
-7.2 0.357692 0
-6.6 0.357692 0
-6 0.357692 0
-5.4 0.357692 0
-4.8 0.357692 0
-4.2 0.357692 0
-3.6 0.357692 0
-3 0.357692 0
-2.4 0.357692 0
-1.8 0.357692 0
-1.2 0.357692 0
-0.6 0.357692 0
0 0.357692 0
0.6 0.357692 -8.6259e-05
1.2 0.357692 -7.10311e-05
1.8 0.357692 -4.79207e-05
2.4 0.357692 0
3 0.357692 0
3.6 0.357692 0
4.2 0.357692 0
4.8 0.357692 0
5.4 0.357692 0
6 0.357692 0
6.6 0.357692 0
7.2 0.357692 0
7.8 0.357692 0
8.4 0.357692 0
9 0.357692 0
9.6 0.357692 0
10.2 0.357692 0
10.8 0.357692 0
11.4 0.357692 0
12 0.357692 0
12.6 0.357692 0
13.2 0.357692 0
13.8 0.357692 0
14.4 0.357692 0
15 0.357692 0
15.6 0.357692 0
16.2 0.357692 0
16.8 0.357692 0
17.4 0.357692 0
18 0.357692 0
18.6 0.357692 0
19.2 0.357692 0
19.8 0.357692 0
20.4 0.357692 0
21 0.357692 0
21.6 0.357692 0
22.2 0.357692 0
22.8 0.357692 0
23.4 0.357692 0
24 0.357692 0
24.6 0.357692 0
25.2 0.357692 0
25.8 0.357692 0
26.4 0.357692 0
27 0.357692 0
27.6 0.357692 0
28.2 0.357692 0
28.8 0.357692 0
29.4 0.357692 0
30 0.357692 0
-30 0.408974 0
-29.4 0.408974 0
-28.8 0.408974 0
-28.2 0.408974 0
-27.6 0.408974 0
-27 0.408974 0
-26.4 0.408974 0
-25.8 0.408974 0
-25.2 0.408974 0
-24.6 0.408974 0
-24 0.408974 0
-23.4 0.408974 0
-22.8 0.408974 0
-22.2 0.408974 0
-21.6 0.408974 0
-21 0.408974 0
-20.4 0.408974 0
-19.8 0.408974 0
-19.2 0.408974 0
-18.6 0.408974 0
-18 0.408974 0
-17.4 0.408974 0
-16.8 0.408974 0
-16.2 0.408974 0
-15.6 0.408974 0
-15 0.408974 0
-14.4 0.408974 0
-13.8 0.408974 0
-13.2 0.408974 0
-12.6 0.408974 0
-12 0.408974 0
-11.4 0.408974 0
-10.8 0.408974 0
-10.2 0.408974 0
-9.6 0.408974 0
-9 0.408974 0
-8.4 0.408974 0
-7.8 0.408974 0
-7.2 0.408974 0
-6.6 0.408974 0
-6 0.408974 0
-5.4 0.408974 0
-4.8 0.408974 0
-4.2 0.408974 0
-3.6 0.408974 0
-3 0.408974 0
-2.4 0.408974 0
-1.8 0.408974 0
-1.2 0.408974 0
-0.6 0.408974 0
0 0.408974 0
0.6 0.408974 -8.02115e-05
1.2 0.408974 -6.65234e-05
1.8 0.408974 -4.53967e-05
2.4 0.408974 0
3 0.408974 0
3.6 0.408974 0
4.2 0.408974 0
4.8 0.408974 0
5.4 0.408974 0
6 0.408974 0
6.6 0.408974 0
7.2 0.408974 0
7.8 0.408974 0
8.4 0.408974 0
9 0.408974 0
9.6 0.408974 0
10.2 0.408974 0
10.8 0.408974 0
11.4 0.408974 0
12 0.408974 0
12.6 0.408974 0
13.2 0.408974 0
13.8 0.408974 0
14.4 0.408974 0
15 0.408974 0
15.6 0.408974 0
16.2 0.408974 0
16.8 0.408974 0
17.4 0.408974 0
18 0.408974 0
18.6 0.408974 0
19.2 0.408974 0
19.8 0.408974 0
20.4 0.408974 0
21 0.408974 0
21.6 0.408974 0
22.2 0.408974 0
22.8 0.408974 0
23.4 0.408974 0
24 0.408974 0
24.6 0.408974 0
25.2 0.408974 0
25.8 0.408974 0
26.4 0.408974 0
27 0.408974 0
27.6 0.408974 0
28.2 0.408974 0
28.8 0.408974 0
29.4 0.408974 0
30 0.408974 0
-30 0.460256 0
-29.4 0.460256 0
-28.8 0.460256 0
-28.2 0.460256 0
-27.6 0.460256 0
-27 0.460256 0
-26.4 0.460256 0
-25.8 0.460256 0
-25.2 0.460256 0
-24.6 0.460256 0
-24 0.460256 0
-23.4 0.460256 0
-22.8 0.460256 0
-22.2 0.460256 0
-21.6 0.460256 0
-21 0.460256 0
-20.4 0.460256 0
-19.8 0.460256 0
-19.2 0.460256 0
-18.6 0.460256 0
-18 0.460256 0
-17.4 0.460256 0
-16.8 0.460256 0
-16.2 0.460256 0
-15.6 0.460256 0
-15 0.460256 0
-14.4 0.460256 0
-13.8 0.460256 0
-13.2 0.460256 0
-12.6 0.460256 0
-12 0.460256 0
-11.4 0.460256 0
-10.8 0.460256 0
-10.2 0.460256 0
-9.6 0.460256 0
-9 0.460256 0
-8.4 0.460256 0
-7.8 0.460256 0
-7.2 0.460256 0
-6.6 0.460256 0
-6 0.460256 0
-5.4 0.460256 0
-4.8 0.460256 0
-4.2 0.460256 0
-3.6 0.460256 0
-3 0.460256 0
-2.4 0.460256 0
-1.8 0.460256 0
-1.2 0.460256 0
-0.6 0.460256 0
0 0.460256 0
0.6 0.460256 -7.44143e-05
1.2 0.460256 -6.21759e-05
1.8 0.460256 -4.29317e-05
2.4 0.460256 0
3 0.460256 0
3.6 0.460256 0
4.2 0.460256 0
4.8 0.460256 0
5.4 0.460256 0
6 0.460256 0
6.6 0.460256 0
7.2 0.460256 0
7.8 0.460256 0
8.4 0.460256 0
9 0.460256 0
9.6 0.460256 0
10.2 0.460256 0
10.8 0.460256 0
11.4 0.460256 0
12 0.460256 0
12.6 0.460256 0
13.2 0.460256 0
13.8 0.460256 0
14.4 0.460256 0
15 0.460256 0
15.6 0.460256 0
16.2 0.460256 0
16.8 0.460256 0
17.4 0.460256 0
18 0.460256 0
18.6 0.460256 0
19.2 0.460256 0
19.8 0.460256 0
20.4 0.460256 0
21 0.460256 0
21.6 0.460256 0
22.2 0.460256 0
22.8 0.460256 0
23.4 0.460256 0
24 0.460256 0
24.6 0.460256 0
25.2 0.460256 0
25.8 0.460256 0
26.4 0.460256 0
27 0.460256 0
27.6 0.460256 0
28.2 0.460256 0
28.8 0.460256 0
29.4 0.460256 0
30 0.460256 0
-30 0.511538 0
-29.4 0.511538 0
-28.8 0.511538 0
-28.2 0.511538 0
-27.6 0.511538 0
-27 0.511538 0
-26.4 0.511538 0
-25.8 0.511538 0
-25.2 0.511538 0
-24.6 0.511538 0
-24 0.511538 0
-23.4 0.511538 0
-22.8 0.511538 0
-22.2 0.511538 0
-21.6 0.511538 0
-21 0.511538 0
-20.4 0.511538 0
-19.8 0.511538 0
-19.2 0.511538 0
-18.6 0.511538 0
-18 0.511538 0
-17.4 0.511538 0
-16.8 0.511538 0
-16.2 0.511538 0
-15.6 0.511538 0
-15 0.511538 0
-14.4 0.511538 0
-13.8 0.511538 0
-13.2 0.511538 0
-12.6 0.511538 0
-12 0.511538 0
-11.4 0.511538 0
-10.8 0.511538 0
-10.2 0.511538 0
-9.6 0.511538 0
-9 0.511538 0
-8.4 0.511538 0
-7.8 0.511538 0
-7.2 0.511538 0
-6.6 0.511538 0
-6 0.511538 0
-5.4 0.511538 0
-4.8 0.511538 0
-4.2 0.511538 0
-3.6 0.511538 0
-3 0.511538 0
-2.4 0.511538 0
-1.8 0.511538 0
-1.2 0.511538 0
-0.6 0.511538 0
0 0.511538 0
0.6 0.511538 -6.88611e-05
1.2 0.511538 -5.79877e-05
1.8 0.511538 -4.05294e-05
2.4 0.511538 0
3 0.511538 0
3.6 0.511538 0
4.2 0.511538 0
4.8 0.511538 0
5.4 0.511538 0
6 0.511538 0
6.6 0.511538 0
7.2 0.511538 0
7.8 0.511538 0
8.4 0.511538 0
9 0.511538 0
9.6 0.511538 0
10.2 0.511538 0
10.8 0.511538 0
11.4 0.511538 0
12 0.511538 0
12.6 0.511538 0
13.2 0.511538 0
13.8 0.511538 0
14.4 0.511538 0
15 0.511538 0
15.6 0.511538 0
16.2 0.511538 0
16.8 0.511538 0
17.4 0.511538 0
18 0.511538 0
18.6 0.511538 0
19.2 0.511538 0
19.8 0.511538 0
20.4 0.511538 0
21 0.511538 0
21.6 0.511538 0
22.2 0.511538 0
22.8 0.511538 0
23.4 0.511538 0
24 0.511538 0
24.6 0.511538 0
25.2 0.511538 0
25.8 0.511538 0
26.4 0.511538 0
27 0.511538 0
27.6 0.511538 0
28.2 0.511538 0
28.8 0.511538 0
29.4 0.511538 0
30 0.511538 0
-30 0.562821 0
-29.4 0.562821 0
-28.8 0.562821 0
-28.2 0.562821 0
-27.6 0.562821 0
-27 0.562821 0
-26.4 0.562821 0
-25.8 0.562821 0
-25.2 0.562821 0
-24.6 0.562821 0
-24 0.562821 0
-23.4 0.562821 0
-22.8 0.562821 0
-22.2 0.562821 0
-21.6 0.562821 0
-21 0.562821 0
-20.4 0.562821 0
-19.8 0.562821 0
-19.2 0.562821 0
-18.6 0.562821 0
-18 0.562821 0
-17.4 0.562821 0
-16.8 0.562821 0
-16.2 0.562821 0
-15.6 0.562821 0
-15 0.562821 0
-14.4 0.562821 0
-13.8 0.562821 0
-13.2 0.562821 0
-12.6 0.562821 0
-12 0.562821 0
-11.4 0.562821 0
-10.8 0.562821 0
-10.2 0.562821 0
-9.6 0.562821 0
-9 0.562821 0
-8.4 0.562821 0
-7.8 0.562821 0
-7.2 0.562821 0
-6.6 0.562821 0
-6 0.562821 0
-5.4 0.562821 0
-4.8 0.562821 0
-4.2 0.562821 0
-3.6 0.562821 0
-3 0.562821 0
-2.4 0.562821 0
-1.8 0.562821 0
-1.2 0.562821 0
-0.6 0.562821 0
0 0.562821 0
0.6 0.562821 -6.35466e-05
1.2 0.562821 -5.3958e-05
1.8 0.562821 -3.81927e-05
2.4 0.562821 0
3 0.562821 0
3.6 0.562821 0
4.2 0.562821 0
4.8 0.562821 0
5.4 0.562821 0
6 0.562821 0
6.6 0.562821 0
7.2 0.562821 0
7.8 0.562821 0
8.4 0.562821 0
9 0.562821 0
9.6 0.562821 0
10.2 0.562821 0
10.8 0.562821 0
11.4 0.562821 0
12 0.562821 0
12.6 0.562821 0
13.2 0.562821 0
13.8 0.562821 0
14.4 0.562821 0
15 0.562821 0
15.6 0.562821 0
16.2 0.562821 0
16.8 0.562821 0
17.4 0.562821 0
18 0.562821 0
18.6 0.562821 0
19.2 0.562821 0
19.8 0.562821 0
20.4 0.562821 0
21 0.562821 0
21.6 0.562821 0
22.2 0.562821 0
22.8 0.562821 0
23.4 0.562821 0
24 0.562821 0
24.6 0.562821 0
25.2 0.562821 0
25.8 0.562821 0
26.4 0.562821 0
27 0.562821 0
27.6 0.562821 0
28.2 0.562821 0
28.8 0.562821 0
29.4 0.562821 0
30 0.562821 0
-30 0.614103 0
-29.4 0.614103 0
-28.8 0.614103 0
-28.2 0.614103 0
-27.6 0.614103 0
-27 0.614103 0
-26.4 0.614103 0
-25.8 0.614103 0
-25.2 0.614103 0
-24.6 0.614103 0
-24 0.614103 0
-23.4 0.614103 0
-22.8 0.614103 0
-22.2 0.614103 0
-21.6 0.614103 0
-21 0.614103 0
-20.4 0.614103 0
-19.8 0.614103 0
-19.2 0.614103 0
-18.6 0.614103 0
-18 0.614103 0
-17.4 0.614103 0
-16.8 0.614103 0
-16.2 0.614103 0
-15.6 0.614103 0
-15 0.614103 0
-14.4 0.614103 0
-13.8 0.614103 0
-13.2 0.614103 0
-12.6 0.614103 0
-12 0.614103 0
-11.4 0.614103 0
-10.8 0.614103 0
-10.2 0.614103 0
-9.6 0.614103 0
-9 0.614103 0
-8.4 0.614103 0
-7.8 0.614103 0
-7.2 0.614103 0
-6.6 0.614103 0
-6 0.614103 0
-5.4 0.614103 0
-4.8 0.614103 0
-4.2 0.614103 0
-3.6 0.614103 0
-3 0.614103 0
-2.4 0.614103 0
-1.8 0.614103 0
-1.2 0.614103 0
-0.6 0.614103 0
0 0.614103 0
0.6 0.614103 -5.84657e-05
1.2 0.614103 -5.00854e-05
1.8 0.614103 -3.59235e-05
2.4 0.614103 0
3 0.614103 0
3.6 0.614103 0
4.2 0.614103 0
4.8 0.614103 0
5.4 0.614103 0
6 0.614103 0
6.6 0.614103 0
7.2 0.614103 0
7.8 0.614103 0
8.4 0.614103 0
9 0.614103 0
9.6 0.614103 0
10.2 0.614103 0
10.8 0.614103 0
11.4 0.614103 0
12 0.614103 0
12.6 0.614103 0
13.2 0.614103 0
13.8 0.614103 0
14.4 0.614103 0
15 0.614103 0
15.6 0.614103 0
16.2 0.614103 0
16.8 0.614103 0
17.4 0.614103 0
18 0.614103 0
18.6 0.614103 0
19.2 0.614103 0
19.8 0.614103 0
20.4 0.614103 0
21 0.614103 0
21.6 0.614103 0
22.2 0.614103 0
22.8 0.614103 0
23.4 0.614103 0
24 0.614103 0
24.6 0.614103 0
25.2 0.614103 0
25.8 0.614103 0
26.4 0.614103 0
27 0.614103 0
27.6 0.614103 0
28.2 0.614103 0
28.8 0.614103 0
29.4 0.614103 0
30 0.614103 0
-30 0.665385 0
-29.4 0.665385 0
-28.8 0.665385 0
-28.2 0.665385 0
-27.6 0.665385 0
-27 0.665385 0
-26.4 0.665385 0
-25.8 0.665385 0
-25.2 0.665385 0
-24.6 0.665385 0
-24 0.665385 0
-23.4 0.665385 0
-22.8 0.665385 0
-22.2 0.665385 0
-21.6 0.665385 0
-21 0.665385 0
-20.4 0.665385 0
-19.8 0.665385 0
-19.2 0.665385 0
-18.6 0.665385 0
-18 0.665385 0
-17.4 0.665385 0
-16.8 0.665385 0
-16.2 0.665385 0
-15.6 0.665385 0
-15 0.665385 0
-14.4 0.665385 0
-13.8 0.665385 0
-13.2 0.665385 0
-12.6 0.665385 0
-12 0.665385 0
-11.4 0.665385 0
-10.8 0.665385 0
-10.2 0.665385 0
-9.6 0.665385 0
-9 0.665385 0
-8.4 0.665385 0
-7.8 0.665385 0
-7.2 0.665385 0
-6.6 0.665385 0
-6 0.665385 0
-5.4 0.665385 0
-4.8 0.665385 0
-4.2 0.665385 0
-3.6 0.665385 0
-3 0.665385 0
-2.4 0.665385 0
-1.8 0.665385 0
-1.2 0.665385 0
-0.6 0.665385 0
0 0.665385 0
0.6 0.665385 -5.36141e-05
1.2 0.665385 -4.63688e-05
1.8 0.665385 -3.37233e-05
2.4 0.665385 0
3 0.665385 0
3.6 0.665385 0
4.2 0.665385 0
4.8 0.665385 0
5.4 0.665385 0
6 0.665385 0
6.6 0.665385 0
7.2 0.665385 0
7.8 0.665385 0
8.4 0.665385 0
9 0.665385 0
9.6 0.665385 0
10.2 0.665385 0
10.8 0.665385 0
11.4 0.665385 0
12 0.665385 0
12.6 0.665385 0
13.2 0.665385 0
13.8 0.665385 0
14.4 0.665385 0
15 0.665385 0
15.6 0.665385 0
16.2 0.665385 0
16.8 0.665385 0
17.4 0.665385 0
18 0.665385 0
18.6 0.665385 0
19.2 0.665385 0
19.8 0.665385 0
20.4 0.665385 0
21 0.665385 0
21.6 0.665385 0
22.2 0.665385 0
22.8 0.665385 0
23.4 0.665385 0
24 0.665385 0
24.6 0.665385 0
25.2 0.665385 0
25.8 0.665385 0
26.4 0.665385 0
27 0.665385 0
27.6 0.665385 0
28.2 0.665385 0
28.8 0.665385 0
29.4 0.665385 0
30 0.665385 0
-30 0.716667 0
-29.4 0.716667 0
-28.8 0.716667 0
-28.2 0.716667 0
-27.6 0.716667 0
-27 0.716667 0
-26.4 0.716667 0
-25.8 0.716667 0
-25.2 0.716667 0
-24.6 0.716667 0
-24 0.716667 0
-23.4 0.716667 0
-22.8 0.716667 0
-22.2 0.716667 0
-21.6 0.716667 0
-21 0.716667 0
-20.4 0.716667 0
-19.8 0.716667 0
-19.2 0.716667 0
-18.6 0.716667 0
-18 0.716667 0
-17.4 0.716667 0
-16.8 0.716667 0
-16.2 0.716667 0
-15.6 0.716667 0
-15 0.716667 0
-14.4 0.716667 0
-13.8 0.716667 0
-13.2 0.716667 0
-12.6 0.716667 0
-12 0.716667 0
-11.4 0.716667 0
-10.8 0.716667 0
-10.2 0.716667 0
-9.6 0.716667 0
-9 0.716667 0
-8.4 0.716667 0
-7.8 0.716667 0
-7.2 0.716667 0
-6.6 0.716667 0
-6 0.716667 0
-5.4 0.716667 0
-4.8 0.716667 0
-4.2 0.716667 0
-3.6 0.716667 0
-3 0.716667 0
-2.4 0.716667 0
-1.8 0.716667 0
-1.2 0.716667 0
-0.6 0.716667 0
0 0.716667 0
0.6 0.716667 -4.89876e-05
1.2 0.716667 -4.28066e-05
1.8 0.716667 -3.15934e-05
2.4 0.716667 0
3 0.716667 0
3.6 0.716667 0
4.2 0.716667 0
4.8 0.716667 0
5.4 0.716667 0
6 0.716667 0
6.6 0.716667 0
7.2 0.716667 0
7.8 0.716667 0
8.4 0.716667 0
9 0.716667 0
9.6 0.716667 0
10.2 0.716667 0
10.8 0.716667 0
11.4 0.716667 0
12 0.716667 0
12.6 0.716667 0
13.2 0.716667 0
13.8 0.716667 0
14.4 0.716667 0
15 0.716667 0
15.6 0.716667 0
16.2 0.716667 0
16.8 0.716667 0
17.4 0.716667 0
18 0.716667 0
18.6 0.716667 0
19.2 0.716667 0
19.8 0.716667 0
20.4 0.716667 0
21 0.716667 0
21.6 0.716667 0
22.2 0.716667 0
22.8 0.716667 0
23.4 0.716667 0
24 0.716667 0
24.6 0.716667 0
25.2 0.716667 0
25.8 0.716667 0
26.4 0.716667 0
27 0.716667 0
27.6 0.716667 0
28.2 0.716667 0
28.8 0.716667 0
29.4 0.716667 0
30 0.716667 0
-30 0.767949 0
-29.4 0.767949 0
-28.8 0.767949 0
-28.2 0.767949 0
-27.6 0.767949 0
-27 0.767949 0
-26.4 0.767949 0
-25.8 0.767949 0
-25.2 0.767949 0
-24.6 0.767949 0
-24 0.767949 0
-23.4 0.767949 0
-22.8 0.767949 0
-22.2 0.767949 0
-21.6 0.767949 0
-21 0.767949 0
-20.4 0.767949 0
-19.8 0.767949 0
-19.2 0.767949 0
-18.6 0.767949 0
-18 0.767949 0
-17.4 0.767949 0
-16.8 0.767949 0
-16.2 0.767949 0
-15.6 0.767949 0
-15 0.767949 0
-14.4 0.767949 0
-13.8 0.767949 0
-13.2 0.767949 0
-12.6 0.767949 0
-12 0.767949 0
-11.4 0.767949 0
-10.8 0.767949 0
-10.2 0.767949 0
-9.6 0.767949 0
-9 0.767949 0
-8.4 0.767949 0
-7.8 0.767949 0
-7.2 0.767949 0
-6.6 0.767949 0
-6 0.767949 0
-5.4 0.767949 0
-4.8 0.767949 0
-4.2 0.767949 0
-3.6 0.767949 0
-3 0.767949 0
-2.4 0.767949 0
-1.8 0.767949 0
-1.2 0.767949 0
-0.6 0.767949 0
0 0.767949 0
0.6 0.767949 -4.45826e-05
1.2 0.767949 -3.93975e-05
1.8 0.767949 -2.95343e-05
2.4 0.767949 0
3 0.767949 0
3.6 0.767949 0
4.2 0.767949 0
4.8 0.767949 0
5.4 0.767949 0
6 0.767949 0
6.6 0.767949 0
7.2 0.767949 0
7.8 0.767949 0
8.4 0.767949 0
9 0.767949 0
9.6 0.767949 0
10.2 0.767949 0
10.8 0.767949 0
11.4 0.767949 0
12 0.767949 0
12.6 0.767949 0
13.2 0.767949 0
13.8 0.767949 0
14.4 0.767949 0
15 0.767949 0
15.6 0.767949 0
16.2 0.767949 0
16.8 0.767949 0
17.4 0.767949 0
18 0.767949 0
18.6 0.767949 0
19.2 0.767949 0
19.8 0.767949 0
20.4 0.767949 0
21 0.767949 0
21.6 0.767949 0
22.2 0.767949 0
22.8 0.767949 0
23.4 0.767949 0
24 0.767949 0
24.6 0.767949 0
25.2 0.767949 0
25.8 0.767949 0
26.4 0.767949 0
27 0.767949 0
27.6 0.767949 0
28.2 0.767949 0
28.8 0.767949 0
29.4 0.767949 0
30 0.767949 0
-30 0.819231 0
-29.4 0.819231 0
-28.8 0.819231 0
-28.2 0.819231 0
-27.6 0.819231 0
-27 0.819231 0
-26.4 0.819231 0
-25.8 0.819231 0
-25.2 0.819231 0
-24.6 0.819231 0
-24 0.819231 0
-23.4 0.819231 0
-22.8 0.819231 0
-22.2 0.819231 0
-21.6 0.819231 0
-21 0.819231 0
-20.4 0.819231 0
-19.8 0.819231 0
-19.2 0.819231 0
-18.6 0.819231 0
-18 0.819231 0
-17.4 0.819231 0
-16.8 0.819231 0
-16.2 0.819231 0
-15.6 0.819231 0
-15 0.819231 0
-14.4 0.819231 0
-13.8 0.819231 0
-13.2 0.819231 0
-12.6 0.819231 0
-12 0.819231 0
-11.4 0.819231 0
-10.8 0.819231 0
-10.2 0.819231 0
-9.6 0.819231 0
-9 0.819231 0
-8.4 0.819231 0
-7.8 0.819231 0
-7.2 0.819231 0
-6.6 0.819231 0
-6 0.819231 0
-5.4 0.819231 0
-4.8 0.819231 0
-4.2 0.819231 0
-3.6 0.819231 0
-3 0.819231 0
-2.4 0.819231 0
-1.8 0.819231 0
-1.2 0.819231 0
-0.6 0.819231 0
0 0.819231 0
0.6 0.819231 -4.03955e-05
1.2 0.819231 -3.614e-05
1.8 0.819231 -2.75467e-05
2.4 0.819231 0
3 0.819231 0
3.6 0.819231 0
4.2 0.819231 0
4.8 0.819231 0
5.4 0.819231 0
6 0.819231 0
6.6 0.819231 0
7.2 0.819231 0
7.8 0.819231 0
8.4 0.819231 0
9 0.819231 0
9.6 0.819231 0
10.2 0.819231 0
10.8 0.819231 0
11.4 0.819231 0
12 0.819231 0
12.6 0.819231 0
13.2 0.819231 0
13.8 0.819231 0
14.4 0.819231 0
15 0.819231 0
15.6 0.819231 0
16.2 0.819231 0
16.8 0.819231 0
17.4 0.819231 0
18 0.819231 0
18.6 0.819231 0
19.2 0.819231 0
19.8 0.819231 0
20.4 0.819231 0
21 0.819231 0
21.6 0.819231 0
22.2 0.819231 0
22.8 0.819231 0
23.4 0.819231 0
24 0.819231 0
24.6 0.819231 0
25.2 0.819231 0
25.8 0.819231 0
26.4 0.819231 0
27 0.819231 0
27.6 0.819231 0
28.2 0.819231 0
28.8 0.819231 0
29.4 0.819231 0
30 0.819231 0
-30 0.870513 0
-29.4 0.870513 0
-28.8 0.870513 0
-28.2 0.870513 0
-27.6 0.870513 0
-27 0.870513 0
-26.4 0.870513 0
-25.8 0.870513 0
-25.2 0.870513 0
-24.6 0.870513 0
-24 0.870513 0
-23.4 0.870513 0
-22.8 0.870513 0
-22.2 0.870513 0
-21.6 0.870513 0
-21 0.870513 0
-20.4 0.870513 0
-19.8 0.870513 0
-19.2 0.870513 0
-18.6 0.870513 0
-18 0.870513 0
-17.4 0.870513 0
-16.8 0.870513 0
-16.2 0.870513 0
-15.6 0.870513 0
-15 0.870513 0
-14.4 0.870513 0
-13.8 0.870513 0
-13.2 0.870513 0
-12.6 0.870513 0
-12 0.870513 0
-11.4 0.870513 0
-10.8 0.870513 0
-10.2 0.870513 0
-9.6 0.870513 0
-9 0.870513 0
-8.4 0.870513 0
-7.8 0.870513 0
-7.2 0.870513 0
-6.6 0.870513 0
-6 0.870513 0
-5.4 0.870513 0
-4.8 0.870513 0
-4.2 0.870513 0
-3.6 0.870513 0
-3 0.870513 0
-2.4 0.870513 0
-1.8 0.870513 0
-1.2 0.870513 0
-0.6 0.870513 0
0 0.870513 0
0.6 0.870513 -3.64234e-05
1.2 0.870513 -3.30327e-05
1.8 0.870513 -2.56309e-05
2.4 0.870513 0
3 0.870513 0
3.6 0.870513 0
4.2 0.870513 0
4.8 0.870513 0
5.4 0.870513 0
6 0.870513 0
6.6 0.870513 0
7.2 0.870513 0
7.8 0.870513 0
8.4 0.870513 0
9 0.870513 0
9.6 0.870513 0
10.2 0.870513 0
10.8 0.870513 0
11.4 0.870513 0
12 0.870513 0
12.6 0.870513 0
13.2 0.870513 0
13.8 0.870513 0
14.4 0.870513 0
15 0.870513 0
15.6 0.870513 0
16.2 0.870513 0
16.8 0.870513 0
17.4 0.870513 0
18 0.870513 0
18.6 0.870513 0
19.2 0.870513 0
19.8 0.870513 0
20.4 0.870513 0
21 0.870513 0
21.6 0.870513 0
22.2 0.870513 0
22.8 0.870513 0
23.4 0.870513 0
24 0.870513 0
24.6 0.870513 0
25.2 0.870513 0
25.8 0.870513 0
26.4 0.870513 0
27 0.870513 0
27.6 0.870513 0
28.2 0.870513 0
28.8 0.870513 0
29.4 0.870513 0
30 0.870513 0
-30 0.921795 0
-29.4 0.921795 0
-28.8 0.921795 0
-28.2 0.921795 0
-27.6 0.921795 0
-27 0.921795 0
-26.4 0.921795 0
-25.8 0.921795 0
-25.2 0.921795 0
-24.6 0.921795 0
-24 0.921795 0
-23.4 0.921795 0
-22.8 0.921795 0
-22.2 0.921795 0
-21.6 0.921795 0
-21 0.921795 0
-20.4 0.921795 0
-19.8 0.921795 0
-19.2 0.921795 0
-18.6 0.921795 0
-18 0.921795 0
-17.4 0.921795 0
-16.8 0.921795 0
-16.2 0.921795 0
-15.6 0.921795 0
-15 0.921795 0
-14.4 0.921795 0
-13.8 0.921795 0
-13.2 0.921795 0
-12.6 0.921795 0
-12 0.921795 0
-11.4 0.921795 0
-10.8 0.921795 0
-10.2 0.921795 0
-9.6 0.921795 0
-9 0.921795 0
-8.4 0.921795 0
-7.8 0.921795 0
-7.2 0.921795 0
-6.6 0.921795 0
-6 0.921795 0
-5.4 0.921795 0
-4.8 0.921795 0
-4.2 0.921795 0
-3.6 0.921795 0
-3 0.921795 0
-2.4 0.921795 0
-1.8 0.921795 0
-1.2 0.921795 0
-0.6 0.921795 0
0 0.921795 0
0.6 0.921795 -3.26632e-05
1.2 0.921795 -3.00742e-05
1.8 0.921795 -2.37869e-05
2.4 0.921795 0
3 0.921795 0
3.6 0.921795 0
4.2 0.921795 0
4.8 0.921795 0
5.4 0.921795 0
6 0.921795 0
6.6 0.921795 0
7.2 0.921795 0
7.8 0.921795 0
8.4 0.921795 0
9 0.921795 0
9.6 0.921795 0
10.2 0.921795 0
10.8 0.921795 0
11.4 0.921795 0
12 0.921795 0
12.6 0.921795 0
13.2 0.921795 0
13.8 0.921795 0
14.4 0.921795 0
15 0.921795 0
15.6 0.921795 0
16.2 0.921795 0
16.8 0.921795 0
17.4 0.921795 0
18 0.921795 0
18.6 0.921795 0
19.2 0.921795 0
19.8 0.921795 0
20.4 0.921795 0
21 0.921795 0
21.6 0.921795 0
22.2 0.921795 0
22.8 0.921795 0
23.4 0.921795 0
24 0.921795 0
24.6 0.921795 0
25.2 0.921795 0
25.8 0.921795 0
26.4 0.921795 0
27 0.921795 0
27.6 0.921795 0
28.2 0.921795 0
28.8 0.921795 0
29.4 0.921795 0
30 0.921795 0
-30 0.973077 0
-29.4 0.973077 0
-28.8 0.973077 0
-28.2 0.973077 0
-27.6 0.973077 0
-27 0.973077 0
-26.4 0.973077 0
-25.8 0.973077 0
-25.2 0.973077 0
-24.6 0.973077 0
-24 0.973077 0
-23.4 0.973077 0
-22.8 0.973077 0
-22.2 0.973077 0
-21.6 0.973077 0
-21 0.973077 0
-20.4 0.973077 0
-19.8 0.973077 0
-19.2 0.973077 0
-18.6 0.973077 0
-18 0.973077 0
-17.4 0.973077 0
-16.8 0.973077 0
-16.2 0.973077 0
-15.6 0.973077 0
-15 0.973077 0
-14.4 0.973077 0
-13.8 0.973077 0
-13.2 0.973077 0
-12.6 0.973077 0
-12 0.973077 0
-11.4 0.973077 0
-10.8 0.973077 0
-10.2 0.973077 0
-9.6 0.973077 0
-9 0.973077 0
-8.4 0.973077 0
-7.8 0.973077 0
-7.2 0.973077 0
-6.6 0.973077 0
-6 0.973077 0
-5.4 0.973077 0
-4.8 0.973077 0
-4.2 0.973077 0
-3.6 0.973077 0
-3 0.973077 0
-2.4 0.973077 0
-1.8 0.973077 0
-1.2 0.973077 0
-0.6 0.973077 0
0 0.973077 0
0.6 0.973077 -2.91123e-05
1.2 0.973077 -2.72631e-05
1.8 0.973077 -2.20147e-05
2.4 0.973077 0
3 0.973077 0
3.6 0.973077 0
4.2 0.973077 0
4.8 0.973077 0
5.4 0.973077 0
6 0.973077 0
6.6 0.973077 0
7.2 0.973077 0
7.8 0.973077 0
8.4 0.973077 0
9 0.973077 0
9.6 0.973077 0
10.2 0.973077 0
10.8 0.973077 0
11.4 0.973077 0
12 0.973077 0
12.6 0.973077 0
13.2 0.973077 0
13.8 0.973077 0
14.4 0.973077 0
15 0.973077 0
15.6 0.973077 0
16.2 0.973077 0
16.8 0.973077 0
17.4 0.973077 0
18 0.973077 0
18.6 0.973077 0
19.2 0.973077 0
19.8 0.973077 0
20.4 0.973077 0
21 0.973077 0
21.6 0.973077 0
22.2 0.973077 0
22.8 0.973077 0
23.4 0.973077 0
24 0.973077 0
24.6 0.973077 0
25.2 0.973077 0
25.8 0.973077 0
26.4 0.973077 0
27 0.973077 0
27.6 0.973077 0
28.2 0.973077 0
28.8 0.973077 0
29.4 0.973077 0
30 0.973077 0
-30 1.02436 0
-29.4 1.02436 0
-28.8 1.02436 0
-28.2 1.02436 0
-27.6 1.02436 0
-27 1.02436 0
-26.4 1.02436 0
-25.8 1.02436 0
-25.2 1.02436 0
-24.6 1.02436 0
-24 1.02436 0
-23.4 1.02436 0
-22.8 1.02436 0
-22.2 1.02436 0
-21.6 1.02436 0
-21 1.02436 0
-20.4 1.02436 0
-19.8 1.02436 0
-19.2 1.02436 0
-18.6 1.02436 0
-18 1.02436 0
-17.4 1.02436 0
-16.8 1.02436 0
-16.2 1.02436 0
-15.6 1.02436 0
-15 1.02436 0
-14.4 1.02436 0
-13.8 1.02436 0
-13.2 1.02436 0
-12.6 1.02436 0
-12 1.02436 0
-11.4 1.02436 0
-10.8 1.02436 0
-10.2 1.02436 0
-9.6 1.02436 0
-9 1.02436 0
-8.4 1.02436 0
-7.8 1.02436 0
-7.2 1.02436 0
-6.6 1.02436 0
-6 1.02436 0
-5.4 1.02436 0
-4.8 1.02436 0
-4.2 1.02436 0
-3.6 1.02436 0
-3 1.02436 0
-2.4 1.02436 0
-1.8 1.02436 0
-1.2 1.02436 0
-0.6 1.02436 0
0 1.02436 0
0.6 1.02436 -2.57682e-05
1.2 1.02436 -2.4598e-05
1.8 1.02436 -2.03141e-05
2.4 1.02436 0
3 1.02436 0
3.6 1.02436 0
4.2 1.02436 0
4.8 1.02436 0
5.4 1.02436 0
6 1.02436 0
6.6 1.02436 0
7.2 1.02436 0
7.8 1.02436 0
8.4 1.02436 0
9 1.02436 0
9.6 1.02436 0
10.2 1.02436 0
10.8 1.02436 0
11.4 1.02436 0
12 1.02436 0
12.6 1.02436 0
13.2 1.02436 0
13.8 1.02436 0
14.4 1.02436 0
15 1.02436 0
15.6 1.02436 0
16.2 1.02436 0
16.8 1.02436 0
17.4 1.02436 0
18 1.02436 0
18.6 1.02436 0
19.2 1.02436 0
19.8 1.02436 0
20.4 1.02436 0
21 1.02436 0
21.6 1.02436 0
22.2 1.02436 0
22.8 1.02436 0
23.4 1.02436 0
24 1.02436 0
24.6 1.02436 0
25.2 1.02436 0
25.8 1.02436 0
26.4 1.02436 0
27 1.02436 0
27.6 1.02436 0
28.2 1.02436 0
28.8 1.02436 0
29.4 1.02436 0
30 1.02436 0
-30 1.07564 0
-29.4 1.07564 0
-28.8 1.07564 0
-28.2 1.07564 0
-27.6 1.07564 0
-27 1.07564 0
-26.4 1.07564 0
-25.8 1.07564 0
-25.2 1.07564 0
-24.6 1.07564 0
-24 1.07564 0
-23.4 1.07564 0
-22.8 1.07564 0
-22.2 1.07564 0
-21.6 1.07564 0
-21 1.07564 0
-20.4 1.07564 0
-19.8 1.07564 0
-19.2 1.07564 0
-18.6 1.07564 0
-18 1.07564 0
-17.4 1.07564 0
-16.8 1.07564 0
-16.2 1.07564 0
-15.6 1.07564 0
-15 1.07564 0
-14.4 1.07564 0
-13.8 1.07564 0
-13.2 1.07564 0
-12.6 1.07564 0
-12 1.07564 0
-11.4 1.07564 0
-10.8 1.07564 0
-10.2 1.07564 0
-9.6 1.07564 0
-9 1.07564 0
-8.4 1.07564 0
-7.8 1.07564 0
-7.2 1.07564 0
-6.6 1.07564 0
-6 1.07564 0
-5.4 1.07564 0
-4.8 1.07564 0
-4.2 1.07564 0
-3.6 1.07564 0
-3 1.07564 0
-2.4 1.07564 0
-1.8 1.07564 0
-1.2 1.07564 0
-0.6 1.07564 0
0 1.07564 0
0.6 1.07564 -2.26286e-05
1.2 1.07564 -2.20776e-05
1.8 1.07564 -1.86849e-05
2.4 1.07564 0
3 1.07564 0
3.6 1.07564 0
4.2 1.07564 0
4.8 1.07564 0
5.4 1.07564 0
6 1.07564 0
6.6 1.07564 0
7.2 1.07564 0
7.8 1.07564 0
8.4 1.07564 0
9 1.07564 0
9.6 1.07564 0
10.2 1.07564 0
10.8 1.07564 0
11.4 1.07564 0
12 1.07564 0
12.6 1.07564 0
13.2 1.07564 0
13.8 1.07564 0
14.4 1.07564 0
15 1.07564 0
15.6 1.07564 0
16.2 1.07564 0
16.8 1.07564 0
17.4 1.07564 0
18 1.07564 0
18.6 1.07564 0
19.2 1.07564 0
19.8 1.07564 0
20.4 1.07564 0
21 1.07564 0
21.6 1.07564 0
22.2 1.07564 0
22.8 1.07564 0
23.4 1.07564 0
24 1.07564 0
24.6 1.07564 0
25.2 1.07564 0
25.8 1.07564 0
26.4 1.07564 0
27 1.07564 0
27.6 1.07564 0
28.2 1.07564 0
28.8 1.07564 0
29.4 1.07564 0
30 1.07564 0
-30 1.12692 0
-29.4 1.12692 0
-28.8 1.12692 0
-28.2 1.12692 0
-27.6 1.12692 0
-27 1.12692 0
-26.4 1.12692 0
-25.8 1.12692 0
-25.2 1.12692 0
-24.6 1.12692 0
-24 1.12692 0
-23.4 1.12692 0
-22.8 1.12692 0
-22.2 1.12692 0
-21.6 1.12692 0
-21 1.12692 0
-20.4 1.12692 0
-19.8 1.12692 0
-19.2 1.12692 0
-18.6 1.12692 0
-18 1.12692 0
-17.4 1.12692 0
-16.8 1.12692 0
-16.2 1.12692 0
-15.6 1.12692 0
-15 1.12692 0
-14.4 1.12692 0
-13.8 1.12692 0
-13.2 1.12692 0
-12.6 1.12692 0
-12 1.12692 0
-11.4 1.12692 0
-10.8 1.12692 0
-10.2 1.12692 0
-9.6 1.12692 0
-9 1.12692 0
-8.4 1.12692 0
-7.8 1.12692 0
-7.2 1.12692 0
-6.6 1.12692 0
-6 1.12692 0
-5.4 1.12692 0
-4.8 1.12692 0
-4.2 1.12692 0
-3.6 1.12692 0
-3 1.12692 0
-2.4 1.12692 0
-1.8 1.12692 0
-1.2 1.12692 0
-0.6 1.12692 0
0 1.12692 0
0.6 1.12692 -1.96914e-05
1.2 1.12692 -1.97006e-05
1.8 1.12692 -1.71267e-05
2.4 1.12692 0
3 1.12692 0
3.6 1.12692 0
4.2 1.12692 0
4.8 1.12692 0
5.4 1.12692 0
6 1.12692 0
6.6 1.12692 0
7.2 1.12692 0
7.8 1.12692 0
8.4 1.12692 0
9 1.12692 0
9.6 1.12692 0
10.2 1.12692 0
10.8 1.12692 0
11.4 1.12692 0
12 1.12692 0
12.6 1.12692 0
13.2 1.12692 0
13.8 1.12692 0
14.4 1.12692 0
15 1.12692 0
15.6 1.12692 0
16.2 1.12692 0
16.8 1.12692 0
17.4 1.12692 0
18 1.12692 0
18.6 1.12692 0
19.2 1.12692 0
19.8 1.12692 0
20.4 1.12692 0
21 1.12692 0
21.6 1.12692 0
22.2 1.12692 0
22.8 1.12692 0
23.4 1.12692 0
24 1.12692 0
24.6 1.12692 0
25.2 1.12692 0
25.8 1.12692 0
26.4 1.12692 0
27 1.12692 0
27.6 1.12692 0
28.2 1.12692 0
28.8 1.12692 0
29.4 1.12692 0
30 1.12692 0
-30 1.17821 0
-29.4 1.17821 0
-28.8 1.17821 0
-28.2 1.17821 0
-27.6 1.17821 0
-27 1.17821 0
-26.4 1.17821 0
-25.8 1.17821 0
-25.2 1.17821 0
-24.6 1.17821 0
-24 1.17821 0
-23.4 1.17821 0
-22.8 1.17821 0
-22.2 1.17821 0
-21.6 1.17821 0
-21 1.17821 0
-20.4 1.17821 0
-19.8 1.17821 0
-19.2 1.17821 0
-18.6 1.17821 0
-18 1.17821 0
-17.4 1.17821 0
-16.8 1.17821 0
-16.2 1.17821 0
-15.6 1.17821 0
-15 1.17821 0
-14.4 1.17821 0
-13.8 1.17821 0
-13.2 1.17821 0
-12.6 1.17821 0
-12 1.17821 0
-11.4 1.17821 0
-10.8 1.17821 0
-10.2 1.17821 0
-9.6 1.17821 0
-9 1.17821 0
-8.4 1.17821 0
-7.8 1.17821 0
-7.2 1.17821 0
-6.6 1.17821 0
-6 1.17821 0
-5.4 1.17821 0
-4.8 1.17821 0
-4.2 1.17821 0
-3.6 1.17821 0
-3 1.17821 0
-2.4 1.17821 0
-1.8 1.17821 0
-1.2 1.17821 0
-0.6 1.17821 0
0 1.17821 0
0.6 1.17821 -1.69547e-05
1.2 1.17821 -1.74658e-05
1.8 1.17821 -1.5639e-05
2.4 1.17821 0
3 1.17821 0
3.6 1.17821 0
4.2 1.17821 0
4.8 1.17821 0
5.4 1.17821 0
6 1.17821 0
6.6 1.17821 0
7.2 1.17821 0
7.8 1.17821 0
8.4 1.17821 0
9 1.17821 0
9.6 1.17821 0
10.2 1.17821 0
10.8 1.17821 0
11.4 1.17821 0
12 1.17821 0
12.6 1.17821 0
13.2 1.17821 0
13.8 1.17821 0
14.4 1.17821 0
15 1.17821 0
15.6 1.17821 0
16.2 1.17821 0
16.8 1.17821 0
17.4 1.17821 0
18 1.17821 0
18.6 1.17821 0
19.2 1.17821 0
19.8 1.17821 0
20.4 1.17821 0
21 1.17821 0
21.6 1.17821 0
22.2 1.17821 0
22.8 1.17821 0
23.4 1.17821 0
24 1.17821 0
24.6 1.17821 0
25.2 1.17821 0
25.8 1.17821 0
26.4 1.17821 0
27 1.17821 0
27.6 1.17821 0
28.2 1.17821 0
28.8 1.17821 0
29.4 1.17821 0
30 1.17821 0
-30 1.22949 0
-29.4 1.22949 0
-28.8 1.22949 0
-28.2 1.22949 0
-27.6 1.22949 0
-27 1.22949 0
-26.4 1.22949 0
-25.8 1.22949 0
-25.2 1.22949 0
-24.6 1.22949 0
-24 1.22949 0
-23.4 1.22949 0
-22.8 1.22949 0
-22.2 1.22949 0
-21.6 1.22949 0
-21 1.22949 0
-20.4 1.22949 0
-19.8 1.22949 0
-19.2 1.22949 0
-18.6 1.22949 0
-18 1.22949 0
-17.4 1.22949 0
-16.8 1.22949 0
-16.2 1.22949 0
-15.6 1.22949 0
-15 1.22949 0
-14.4 1.22949 0
-13.8 1.22949 0
-13.2 1.22949 0
-12.6 1.22949 0
-12 1.22949 0
-11.4 1.22949 0
-10.8 1.22949 0
-10.2 1.22949 0
-9.6 1.22949 0
-9 1.22949 0
-8.4 1.22949 0
-7.8 1.22949 0
-7.2 1.22949 0
-6.6 1.22949 0
-6 1.22949 0
-5.4 1.22949 0
-4.8 1.22949 0
-4.2 1.22949 0
-3.6 1.22949 0
-3 1.22949 0
-2.4 1.22949 0
-1.8 1.22949 0
-1.2 1.22949 0
-0.6 1.22949 0
0 1.22949 0
0.6 1.22949 -1.44168e-05
1.2 1.22949 -1.5372e-05
1.8 1.22949 -1.42213e-05
2.4 1.22949 0
3 1.22949 0
3.6 1.22949 0
4.2 1.22949 0
4.8 1.22949 0
5.4 1.22949 0
6 1.22949 0
6.6 1.22949 0
7.2 1.22949 0
7.8 1.22949 0
8.4 1.22949 0
9 1.22949 0
9.6 1.22949 0
10.2 1.22949 0
10.8 1.22949 0
11.4 1.22949 0
12 1.22949 0
12.6 1.22949 0
13.2 1.22949 0
13.8 1.22949 0
14.4 1.22949 0
15 1.22949 0
15.6 1.22949 0
16.2 1.22949 0
16.8 1.22949 0
17.4 1.22949 0
18 1.22949 0
18.6 1.22949 0
19.2 1.22949 0
19.8 1.22949 0
20.4 1.22949 0
21 1.22949 0
21.6 1.22949 0
22.2 1.22949 0
22.8 1.22949 0
23.4 1.22949 0
24 1.22949 0
24.6 1.22949 0
25.2 1.22949 0
25.8 1.22949 0
26.4 1.22949 0
27 1.22949 0
27.6 1.22949 0
28.2 1.22949 0
28.8 1.22949 0
29.4 1.22949 0
30 1.22949 0
-30 1.28077 0
-29.4 1.28077 0
-28.8 1.28077 0
-28.2 1.28077 0
-27.6 1.28077 0
-27 1.28077 0
-26.4 1.28077 0
-25.8 1.28077 0
-25.2 1.28077 0
-24.6 1.28077 0
-24 1.28077 0
-23.4 1.28077 0
-22.8 1.28077 0
-22.2 1.28077 0
-21.6 1.28077 0
-21 1.28077 0
-20.4 1.28077 0
-19.8 1.28077 0
-19.2 1.28077 0
-18.6 1.28077 0
-18 1.28077 0
-17.4 1.28077 0
-16.8 1.28077 0
-16.2 1.28077 0
-15.6 1.28077 0
-15 1.28077 0
-14.4 1.28077 0
-13.8 1.28077 0
-13.2 1.28077 0
-12.6 1.28077 0
-12 1.28077 0
-11.4 1.28077 0
-10.8 1.28077 0
-10.2 1.28077 0
-9.6 1.28077 0
-9 1.28077 0
-8.4 1.28077 0
-7.8 1.28077 0
-7.2 1.28077 0
-6.6 1.28077 0
-6 1.28077 0
-5.4 1.28077 0
-4.8 1.28077 0
-4.2 1.28077 0
-3.6 1.28077 0
-3 1.28077 0
-2.4 1.28077 0
-1.8 1.28077 0
-1.2 1.28077 0
-0.6 1.28077 0
0 1.28077 0
0.6 1.28077 -1.2076e-05
1.2 1.28077 -1.3418e-05
1.8 1.28077 -1.28729e-05
2.4 1.28077 0
3 1.28077 0
3.6 1.28077 0
4.2 1.28077 0
4.8 1.28077 0
5.4 1.28077 0
6 1.28077 0
6.6 1.28077 0
7.2 1.28077 0
7.8 1.28077 0
8.4 1.28077 0
9 1.28077 0
9.6 1.28077 0
10.2 1.28077 0
10.8 1.28077 0
11.4 1.28077 0
12 1.28077 0
12.6 1.28077 0
13.2 1.28077 0
13.8 1.28077 0
14.4 1.28077 0
15 1.28077 0
15.6 1.28077 0
16.2 1.28077 0
16.8 1.28077 0
17.4 1.28077 0
18 1.28077 0
18.6 1.28077 0
19.2 1.28077 0
19.8 1.28077 0
20.4 1.28077 0
21 1.28077 0
21.6 1.28077 0
22.2 1.28077 0
22.8 1.28077 0
23.4 1.28077 0
24 1.28077 0
24.6 1.28077 0
25.2 1.28077 0
25.8 1.28077 0
26.4 1.28077 0
27 1.28077 0
27.6 1.28077 0
28.2 1.28077 0
28.8 1.28077 0
29.4 1.28077 0
30 1.28077 0
-30 1.33205 0
-29.4 1.33205 0
-28.8 1.33205 0
-28.2 1.33205 0
-27.6 1.33205 0
-27 1.33205 0
-26.4 1.33205 0
-25.8 1.33205 0
-25.2 1.33205 0
-24.6 1.33205 0
-24 1.33205 0
-23.4 1.33205 0
-22.8 1.33205 0
-22.2 1.33205 0
-21.6 1.33205 0
-21 1.33205 0
-20.4 1.33205 0
-19.8 1.33205 0
-19.2 1.33205 0
-18.6 1.33205 0
-18 1.33205 0
-17.4 1.33205 0
-16.8 1.33205 0
-16.2 1.33205 0
-15.6 1.33205 0
-15 1.33205 0
-14.4 1.33205 0
-13.8 1.33205 0
-13.2 1.33205 0
-12.6 1.33205 0
-12 1.33205 0
-11.4 1.33205 0
-10.8 1.33205 0
-10.2 1.33205 0
-9.6 1.33205 0
-9 1.33205 0
-8.4 1.33205 0
-7.8 1.33205 0
-7.2 1.33205 0
-6.6 1.33205 0
-6 1.33205 0
-5.4 1.33205 0
-4.8 1.33205 0
-4.2 1.33205 0
-3.6 1.33205 0
-3 1.33205 0
-2.4 1.33205 0
-1.8 1.33205 0
-1.2 1.33205 0
-0.6 1.33205 0
0 1.33205 0
0.6 1.33205 -9.93097e-06
1.2 1.33205 -1.16026e-05
1.8 1.33205 -1.15931e-05
2.4 1.33205 0
3 1.33205 0
3.6 1.33205 0
4.2 1.33205 0
4.8 1.33205 0
5.4 1.33205 0
6 1.33205 0
6.6 1.33205 0
7.2 1.33205 0
7.8 1.33205 0
8.4 1.33205 0
9 1.33205 0
9.6 1.33205 0
10.2 1.33205 0
10.8 1.33205 0
11.4 1.33205 0
12 1.33205 0
12.6 1.33205 0
13.2 1.33205 0
13.8 1.33205 0
14.4 1.33205 0
15 1.33205 0
15.6 1.33205 0
16.2 1.33205 0
16.8 1.33205 0
17.4 1.33205 0
18 1.33205 0
18.6 1.33205 0
19.2 1.33205 0
19.8 1.33205 0
20.4 1.33205 0
21 1.33205 0
21.6 1.33205 0
22.2 1.33205 0
22.8 1.33205 0
23.4 1.33205 0
24 1.33205 0
24.6 1.33205 0
25.2 1.33205 0
25.8 1.33205 0
26.4 1.33205 0
27 1.33205 0
27.6 1.33205 0
28.2 1.33205 0
28.8 1.33205 0
29.4 1.33205 0
30 1.33205 0
-30 1.38333 0
-29.4 1.38333 0
-28.8 1.38333 0
-28.2 1.38333 0
-27.6 1.38333 0
-27 1.38333 0
-26.4 1.38333 0
-25.8 1.38333 0
-25.2 1.38333 0
-24.6 1.38333 0
-24 1.38333 0
-23.4 1.38333 0
-22.8 1.38333 0
-22.2 1.38333 0
-21.6 1.38333 0
-21 1.38333 0
-20.4 1.38333 0
-19.8 1.38333 0
-19.2 1.38333 0
-18.6 1.38333 0
-18 1.38333 0
-17.4 1.38333 0
-16.8 1.38333 0
-16.2 1.38333 0
-15.6 1.38333 0
-15 1.38333 0
-14.4 1.38333 0
-13.8 1.38333 0
-13.2 1.38333 0
-12.6 1.38333 0
-12 1.38333 0
-11.4 1.38333 0
-10.8 1.38333 0
-10.2 1.38333 0
-9.6 1.38333 0
-9 1.38333 0
-8.4 1.38333 0
-7.8 1.38333 0
-7.2 1.38333 0
-6.6 1.38333 0
-6 1.38333 0
-5.4 1.38333 0
-4.8 1.38333 0
-4.2 1.38333 0
-3.6 1.38333 0
-3 1.38333 0
-2.4 1.38333 0
-1.8 1.38333 0
-1.2 1.38333 0
-0.6 1.38333 0
0 1.38333 0
0.6 1.38333 -7.98045e-06
1.2 1.38333 -9.92493e-06
1.8 1.38333 -1.0381e-05
2.4 1.38333 0
3 1.38333 0
3.6 1.38333 0
4.2 1.38333 0
4.8 1.38333 0
5.4 1.38333 0
6 1.38333 0
6.6 1.38333 0
7.2 1.38333 0
7.8 1.38333 0
8.4 1.38333 0
9 1.38333 0
9.6 1.38333 0
10.2 1.38333 0
10.8 1.38333 0
11.4 1.38333 0
12 1.38333 0
12.6 1.38333 0
13.2 1.38333 0
13.8 1.38333 0
14.4 1.38333 0
15 1.38333 0
15.6 1.38333 0
16.2 1.38333 0
16.8 1.38333 0
17.4 1.38333 0
18 1.38333 0
18.6 1.38333 0
19.2 1.38333 0
19.8 1.38333 0
20.4 1.38333 0
21 1.38333 0
21.6 1.38333 0
22.2 1.38333 0
22.8 1.38333 0
23.4 1.38333 0
24 1.38333 0
24.6 1.38333 0
25.2 1.38333 0
25.8 1.38333 0
26.4 1.38333 0
27 1.38333 0
27.6 1.38333 0
28.2 1.38333 0
28.8 1.38333 0
29.4 1.38333 0
30 1.38333 0
-30 1.43462 0
-29.4 1.43462 0
-28.8 1.43462 0
-28.2 1.43462 0
-27.6 1.43462 0
-27 1.43462 0
-26.4 1.43462 0
-25.8 1.43462 0
-25.2 1.43462 0
-24.6 1.43462 0
-24 1.43462 0
-23.4 1.43462 0
-22.8 1.43462 0
-22.2 1.43462 0
-21.6 1.43462 0
-21 1.43462 0
-20.4 1.43462 0
-19.8 1.43462 0
-19.2 1.43462 0
-18.6 1.43462 0
-18 1.43462 0
-17.4 1.43462 0
-16.8 1.43462 0
-16.2 1.43462 0
-15.6 1.43462 0
-15 1.43462 0
-14.4 1.43462 0
-13.8 1.43462 0
-13.2 1.43462 0
-12.6 1.43462 0
-12 1.43462 0
-11.4 1.43462 0
-10.8 1.43462 0
-10.2 1.43462 0
-9.6 1.43462 0
-9 1.43462 0
-8.4 1.43462 0
-7.8 1.43462 0
-7.2 1.43462 0
-6.6 1.43462 0
-6 1.43462 0
-5.4 1.43462 0
-4.8 1.43462 0
-4.2 1.43462 0
-3.6 1.43462 0
-3 1.43462 0
-2.4 1.43462 0
-1.8 1.43462 0
-1.2 1.43462 0
-0.6 1.43462 0
0 1.43462 0
0.6 1.43462 -6.22337e-06
1.2 1.43462 -8.38378e-06
1.8 1.43462 -9.23591e-06
2.4 1.43462 0
3 1.43462 0
3.6 1.43462 0
4.2 1.43462 0
4.8 1.43462 0
5.4 1.43462 0
6 1.43462 0
6.6 1.43462 0
7.2 1.43462 0
7.8 1.43462 0
8.4 1.43462 0
9 1.43462 0
9.6 1.43462 0
10.2 1.43462 0
10.8 1.43462 0
11.4 1.43462 0
12 1.43462 0
12.6 1.43462 0
13.2 1.43462 0
13.8 1.43462 0
14.4 1.43462 0
15 1.43462 0
15.6 1.43462 0
16.2 1.43462 0
16.8 1.43462 0
17.4 1.43462 0
18 1.43462 0
18.6 1.43462 0
19.2 1.43462 0
19.8 1.43462 0
20.4 1.43462 0
21 1.43462 0
21.6 1.43462 0
22.2 1.43462 0
22.8 1.43462 0
23.4 1.43462 0
24 1.43462 0
24.6 1.43462 0
25.2 1.43462 0
25.8 1.43462 0
26.4 1.43462 0
27 1.43462 0
27.6 1.43462 0
28.2 1.43462 0
28.8 1.43462 0
29.4 1.43462 0
30 1.43462 0
-30 1.4859 0
-29.4 1.4859 0
-28.8 1.4859 0
-28.2 1.4859 0
-27.6 1.4859 0
-27 1.4859 0
-26.4 1.4859 0
-25.8 1.4859 0
-25.2 1.4859 0
-24.6 1.4859 0
-24 1.4859 0
-23.4 1.4859 0
-22.8 1.4859 0
-22.2 1.4859 0
-21.6 1.4859 0
-21 1.4859 0
-20.4 1.4859 0
-19.8 1.4859 0
-19.2 1.4859 0
-18.6 1.4859 0
-18 1.4859 0
-17.4 1.4859 0
-16.8 1.4859 0
-16.2 1.4859 0
-15.6 1.4859 0
-15 1.4859 0
-14.4 1.4859 0
-13.8 1.4859 0
-13.2 1.4859 0
-12.6 1.4859 0
-12 1.4859 0
-11.4 1.4859 0
-10.8 1.4859 0
-10.2 1.4859 0
-9.6 1.4859 0
-9 1.4859 0
-8.4 1.4859 0
-7.8 1.4859 0
-7.2 1.4859 0
-6.6 1.4859 0
-6 1.4859 0
-5.4 1.4859 0
-4.8 1.4859 0
-4.2 1.4859 0
-3.6 1.4859 0
-3 1.4859 0
-2.4 1.4859 0
-1.8 1.4859 0
-1.2 1.4859 0
-0.6 1.4859 0
0 1.4859 0
0.6 1.4859 -4.65884e-06
1.2 1.4859 -6.97816e-06
1.8 1.4859 -8.15664e-06
2.4 1.4859 0
3 1.4859 0
3.6 1.4859 0
4.2 1.4859 0
4.8 1.4859 0
5.4 1.4859 0
6 1.4859 0
6.6 1.4859 0
7.2 1.4859 0
7.8 1.4859 0
8.4 1.4859 0
9 1.4859 0
9.6 1.4859 0
10.2 1.4859 0
10.8 1.4859 0
11.4 1.4859 0
12 1.4859 0
12.6 1.4859 0
13.2 1.4859 0
13.8 1.4859 0
14.4 1.4859 0
15 1.4859 0
15.6 1.4859 0
16.2 1.4859 0
16.8 1.4859 0
17.4 1.4859 0
18 1.4859 0
18.6 1.4859 0
19.2 1.4859 0
19.8 1.4859 0
20.4 1.4859 0
21 1.4859 0
21.6 1.4859 0
22.2 1.4859 0
22.8 1.4859 0
23.4 1.4859 0
24 1.4859 0
24.6 1.4859 0
25.2 1.4859 0
25.8 1.4859 0
26.4 1.4859 0
27 1.4859 0
27.6 1.4859 0
28.2 1.4859 0
28.8 1.4859 0
29.4 1.4859 0
30 1.4859 0
-30 1.53718 0
-29.4 1.53718 0
-28.8 1.53718 0
-28.2 1.53718 0
-27.6 1.53718 0
-27 1.53718 0
-26.4 1.53718 0
-25.8 1.53718 0
-25.2 1.53718 0
-24.6 1.53718 0
-24 1.53718 0
-23.4 1.53718 0
-22.8 1.53718 0
-22.2 1.53718 0
-21.6 1.53718 0
-21 1.53718 0
-20.4 1.53718 0
-19.8 1.53718 0
-19.2 1.53718 0
-18.6 1.53718 0
-18 1.53718 0
-17.4 1.53718 0
-16.8 1.53718 0
-16.2 1.53718 0
-15.6 1.53718 0
-15 1.53718 0
-14.4 1.53718 0
-13.8 1.53718 0
-13.2 1.53718 0
-12.6 1.53718 0
-12 1.53718 0
-11.4 1.53718 0
-10.8 1.53718 0
-10.2 1.53718 0
-9.6 1.53718 0
-9 1.53718 0
-8.4 1.53718 0
-7.8 1.53718 0
-7.2 1.53718 0
-6.6 1.53718 0
-6 1.53718 0
-5.4 1.53718 0
-4.8 1.53718 0
-4.2 1.53718 0
-3.6 1.53718 0
-3 1.53718 0
-2.4 1.53718 0
-1.8 1.53718 0
-1.2 1.53718 0
-0.6 1.53718 0
0 1.53718 0
0.6 1.53718 -3.28616e-06
1.2 1.53718 -5.70705e-06
1.8 1.53718 -7.14207e-06
2.4 1.53718 0
3 1.53718 0
3.6 1.53718 0
4.2 1.53718 0
4.8 1.53718 0
5.4 1.53718 0
6 1.53718 0
6.6 1.53718 0
7.2 1.53718 0
7.8 1.53718 0
8.4 1.53718 0
9 1.53718 0
9.6 1.53718 0
10.2 1.53718 0
10.8 1.53718 0
11.4 1.53718 0
12 1.53718 0
12.6 1.53718 0
13.2 1.53718 0
13.8 1.53718 0
14.4 1.53718 0
15 1.53718 0
15.6 1.53718 0
16.2 1.53718 0
16.8 1.53718 0
17.4 1.53718 0
18 1.53718 0
18.6 1.53718 0
19.2 1.53718 0
19.8 1.53718 0
20.4 1.53718 0
21 1.53718 0
21.6 1.53718 0
22.2 1.53718 0
22.8 1.53718 0
23.4 1.53718 0
24 1.53718 0
24.6 1.53718 0
25.2 1.53718 0
25.8 1.53718 0
26.4 1.53718 0
27 1.53718 0
27.6 1.53718 0
28.2 1.53718 0
28.8 1.53718 0
29.4 1.53718 0
30 1.53718 0
-30 1.58846 0
-29.4 1.58846 0
-28.8 1.58846 0
-28.2 1.58846 0
-27.6 1.58846 0
-27 1.58846 0
-26.4 1.58846 0
-25.8 1.58846 0
-25.2 1.58846 0
-24.6 1.58846 0
-24 1.58846 0
-23.4 1.58846 0
-22.8 1.58846 0
-22.2 1.58846 0
-21.6 1.58846 0
-21 1.58846 0
-20.4 1.58846 0
-19.8 1.58846 0
-19.2 1.58846 0
-18.6 1.58846 0
-18 1.58846 0
-17.4 1.58846 0
-16.8 1.58846 0
-16.2 1.58846 0
-15.6 1.58846 0
-15 1.58846 0
-14.4 1.58846 0
-13.8 1.58846 0
-13.2 1.58846 0
-12.6 1.58846 0
-12 1.58846 0
-11.4 1.58846 0
-10.8 1.58846 0
-10.2 1.58846 0
-9.6 1.58846 0
-9 1.58846 0
-8.4 1.58846 0
-7.8 1.58846 0
-7.2 1.58846 0
-6.6 1.58846 0
-6 1.58846 0
-5.4 1.58846 0
-4.8 1.58846 0
-4.2 1.58846 0
-3.6 1.58846 0
-3 1.58846 0
-2.4 1.58846 0
-1.8 1.58846 0
-1.2 1.58846 0
-0.6 1.58846 0
0 1.58846 0
0.6 1.58846 -2.10483e-06
1.2 1.58846 -4.56947e-06
1.8 1.58846 -6.19088e-06
2.4 1.58846 0
3 1.58846 0
3.6 1.58846 0
4.2 1.58846 0
4.8 1.58846 0
5.4 1.58846 0
6 1.58846 0
6.6 1.58846 0
7.2 1.58846 0
7.8 1.58846 0
8.4 1.58846 0
9 1.58846 0
9.6 1.58846 0
10.2 1.58846 0
10.8 1.58846 0
11.4 1.58846 0
12 1.58846 0
12.6 1.58846 0
13.2 1.58846 0
13.8 1.58846 0
14.4 1.58846 0
15 1.58846 0
15.6 1.58846 0
16.2 1.58846 0
16.8 1.58846 0
17.4 1.58846 0
18 1.58846 0
18.6 1.58846 0
19.2 1.58846 0
19.8 1.58846 0
20.4 1.58846 0
21 1.58846 0
21.6 1.58846 0
22.2 1.58846 0
22.8 1.58846 0
23.4 1.58846 0
24 1.58846 0
24.6 1.58846 0
25.2 1.58846 0
25.8 1.58846 0
26.4 1.58846 0
27 1.58846 0
27.6 1.58846 0
28.2 1.58846 0
28.8 1.58846 0
29.4 1.58846 0
30 1.58846 0
-30 1.63974 0
-29.4 1.63974 0
-28.8 1.63974 0
-28.2 1.63974 0
-27.6 1.63974 0
-27 1.63974 0
-26.4 1.63974 0
-25.8 1.63974 0
-25.2 1.63974 0
-24.6 1.63974 0
-24 1.63974 0
-23.4 1.63974 0
-22.8 1.63974 0
-22.2 1.63974 0
-21.6 1.63974 0
-21 1.63974 0
-20.4 1.63974 0
-19.8 1.63974 0
-19.2 1.63974 0
-18.6 1.63974 0
-18 1.63974 0
-17.4 1.63974 0
-16.8 1.63974 0
-16.2 1.63974 0
-15.6 1.63974 0
-15 1.63974 0
-14.4 1.63974 0
-13.8 1.63974 0
-13.2 1.63974 0
-12.6 1.63974 0
-12 1.63974 0
-11.4 1.63974 0
-10.8 1.63974 0
-10.2 1.63974 0
-9.6 1.63974 0
-9 1.63974 0
-8.4 1.63974 0
-7.8 1.63974 0
-7.2 1.63974 0
-6.6 1.63974 0
-6 1.63974 0
-5.4 1.63974 0
-4.8 1.63974 0
-4.2 1.63974 0
-3.6 1.63974 0
-3 1.63974 0
-2.4 1.63974 0
-1.8 1.63974 0
-1.2 1.63974 0
-0.6 1.63974 0
0 1.63974 0
0.6 1.63974 -1.11459e-06
1.2 1.63974 -3.5644e-06
1.8 1.63974 -5.30154e-06
2.4 1.63974 0
3 1.63974 0
3.6 1.63974 0
4.2 1.63974 0
4.8 1.63974 0
5.4 1.63974 0
6 1.63974 0
6.6 1.63974 0
7.2 1.63974 0
7.8 1.63974 0
8.4 1.63974 0
9 1.63974 0
9.6 1.63974 0
10.2 1.63974 0
10.8 1.63974 0
11.4 1.63974 0
12 1.63974 0
12.6 1.63974 0
13.2 1.63974 0
13.8 1.63974 0
14.4 1.63974 0
15 1.63974 0
15.6 1.63974 0
16.2 1.63974 0
16.8 1.63974 0
17.4 1.63974 0
18 1.63974 0
18.6 1.63974 0
19.2 1.63974 0
19.8 1.63974 0
20.4 1.63974 0
21 1.63974 0
21.6 1.63974 0
22.2 1.63974 0
22.8 1.63974 0
23.4 1.63974 0
24 1.63974 0
24.6 1.63974 0
25.2 1.63974 0
25.8 1.63974 0
26.4 1.63974 0
27 1.63974 0
27.6 1.63974 0
28.2 1.63974 0
28.8 1.63974 0
29.4 1.63974 0
30 1.63974 0
-30 1.69103 0
-29.4 1.69103 0
-28.8 1.69103 0
-28.2 1.69103 0
-27.6 1.69103 0
-27 1.69103 0
-26.4 1.69103 0
-25.8 1.69103 0
-25.2 1.69103 0
-24.6 1.69103 0
-24 1.69103 0
-23.4 1.69103 0
-22.8 1.69103 0
-22.2 1.69103 0
-21.6 1.69103 0
-21 1.69103 0
-20.4 1.69103 0
-19.8 1.69103 0
-19.2 1.69103 0
-18.6 1.69103 0
-18 1.69103 0
-17.4 1.69103 0
-16.8 1.69103 0
-16.2 1.69103 0
-15.6 1.69103 0
-15 1.69103 0
-14.4 1.69103 0
-13.8 1.69103 0
-13.2 1.69103 0
-12.6 1.69103 0
-12 1.69103 0
-11.4 1.69103 0
-10.8 1.69103 0
-10.2 1.69103 0
-9.6 1.69103 0
-9 1.69103 0
-8.4 1.69103 0
-7.8 1.69103 0
-7.2 1.69103 0
-6.6 1.69103 0
-6 1.69103 0
-5.4 1.69103 0
-4.8 1.69103 0
-4.2 1.69103 0
-3.6 1.69103 0
-3 1.69103 0
-2.4 1.69103 0
-1.8 1.69103 0
-1.2 1.69103 0
-0.6 1.69103 0
0 1.69103 0
0.6 1.69103 -3.1541e-07
1.2 1.69103 -2.69081e-06
1.8 1.69103 -4.4723e-06
2.4 1.69103 0
3 1.69103 0
3.6 1.69103 0
4.2 1.69103 0
4.8 1.69103 0
5.4 1.69103 0
6 1.69103 0
6.6 1.69103 0
7.2 1.69103 0
7.8 1.69103 0
8.4 1.69103 0
9 1.69103 0
9.6 1.69103 0
10.2 1.69103 0
10.8 1.69103 0
11.4 1.69103 0
12 1.69103 0
12.6 1.69103 0
13.2 1.69103 0
13.8 1.69103 0
14.4 1.69103 0
15 1.69103 0
15.6 1.69103 0
16.2 1.69103 0
16.8 1.69103 0
17.4 1.69103 0
18 1.69103 0
18.6 1.69103 0
19.2 1.69103 0
19.8 1.69103 0
20.4 1.69103 0
21 1.69103 0
21.6 1.69103 0
22.2 1.69103 0
22.8 1.69103 0
23.4 1.69103 0
24 1.69103 0
24.6 1.69103 0
25.2 1.69103 0
25.8 1.69103 0
26.4 1.69103 0
27 1.69103 0
27.6 1.69103 0
28.2 1.69103 0
28.8 1.69103 0
29.4 1.69103 0
30 1.69103 0
-30 1.74231 0
-29.4 1.74231 0
-28.8 1.74231 0
-28.2 1.74231 0
-27.6 1.74231 0
-27 1.74231 0
-26.4 1.74231 0
-25.8 1.74231 0
-25.2 1.74231 0
-24.6 1.74231 0
-24 1.74231 0
-23.4 1.74231 0
-22.8 1.74231 0
-22.2 1.74231 0
-21.6 1.74231 0
-21 1.74231 0
-20.4 1.74231 0
-19.8 1.74231 0
-19.2 1.74231 0
-18.6 1.74231 0
-18 1.74231 0
-17.4 1.74231 0
-16.8 1.74231 0
-16.2 1.74231 0
-15.6 1.74231 0
-15 1.74231 0
-14.4 1.74231 0
-13.8 1.74231 0
-13.2 1.74231 0
-12.6 1.74231 0
-12 1.74231 0
-11.4 1.74231 0
-10.8 1.74231 0
-10.2 1.74231 0
-9.6 1.74231 0
-9 1.74231 0
-8.4 1.74231 0
-7.8 1.74231 0
-7.2 1.74231 0
-6.6 1.74231 0
-6 1.74231 0
-5.4 1.74231 0
-4.8 1.74231 0
-4.2 1.74231 0
-3.6 1.74231 0
-3 1.74231 0
-2.4 1.74231 0
-1.8 1.74231 0
-1.2 1.74231 0
-0.6 1.74231 0
0 1.74231 0
0.6 1.74231 2.9242e-07
1.2 1.74231 -1.9476e-06
1.8 1.74231 -3.70103e-06
2.4 1.74231 0
3 1.74231 0
3.6 1.74231 0
4.2 1.74231 0
4.8 1.74231 0
5.4 1.74231 0
6 1.74231 0
6.6 1.74231 0
7.2 1.74231 0
7.8 1.74231 0
8.4 1.74231 0
9 1.74231 0
9.6 1.74231 0
10.2 1.74231 0
10.8 1.74231 0
11.4 1.74231 0
12 1.74231 0
12.6 1.74231 0
13.2 1.74231 0
13.8 1.74231 0
14.4 1.74231 0
15 1.74231 0
15.6 1.74231 0
16.2 1.74231 0
16.8 1.74231 0
17.4 1.74231 0
18 1.74231 0
18.6 1.74231 0
19.2 1.74231 0
19.8 1.74231 0
20.4 1.74231 0
21 1.74231 0
21.6 1.74231 0
22.2 1.74231 0
22.8 1.74231 0
23.4 1.74231 0
24 1.74231 0
24.6 1.74231 0
25.2 1.74231 0
25.8 1.74231 0
26.4 1.74231 0
27 1.74231 0
27.6 1.74231 0
28.2 1.74231 0
28.8 1.74231 0
29.4 1.74231 0
30 1.74231 0
-30 1.79359 0
-29.4 1.79359 0
-28.8 1.79359 0
-28.2 1.79359 0
-27.6 1.79359 0
-27 1.79359 0
-26.4 1.79359 0
-25.8 1.79359 0
-25.2 1.79359 0
-24.6 1.79359 0
-24 1.79359 0
-23.4 1.79359 0
-22.8 1.79359 0
-22.2 1.79359 0
-21.6 1.79359 0
-21 1.79359 0
-20.4 1.79359 0
-19.8 1.79359 0
-19.2 1.79359 0
-18.6 1.79359 0
-18 1.79359 0
-17.4 1.79359 0
-16.8 1.79359 0
-16.2 1.79359 0
-15.6 1.79359 0
-15 1.79359 0
-14.4 1.79359 0
-13.8 1.79359 0
-13.2 1.79359 0
-12.6 1.79359 0
-12 1.79359 0
-11.4 1.79359 0
-10.8 1.79359 0
-10.2 1.79359 0
-9.6 1.79359 0
-9 1.79359 0
-8.4 1.79359 0
-7.8 1.79359 0
-7.2 1.79359 0
-6.6 1.79359 0
-6 1.79359 0
-5.4 1.79359 0
-4.8 1.79359 0
-4.2 1.79359 0
-3.6 1.79359 0
-3 1.79359 0
-2.4 1.79359 0
-1.8 1.79359 0
-1.2 1.79359 0
-0.6 1.79359 0
0 1.79359 0
0.6 1.79359 7.0826e-07
1.2 1.79359 -1.33355e-06
1.8 1.79359 -2.98518e-06
2.4 1.79359 0
3 1.79359 0
3.6 1.79359 0
4.2 1.79359 0
4.8 1.79359 0
5.4 1.79359 0
6 1.79359 0
6.6 1.79359 0
7.2 1.79359 0
7.8 1.79359 0
8.4 1.79359 0
9 1.79359 0
9.6 1.79359 0
10.2 1.79359 0
10.8 1.79359 0
11.4 1.79359 0
12 1.79359 0
12.6 1.79359 0
13.2 1.79359 0
13.8 1.79359 0
14.4 1.79359 0
15 1.79359 0
15.6 1.79359 0
16.2 1.79359 0
16.8 1.79359 0
17.4 1.79359 0
18 1.79359 0
18.6 1.79359 0
19.2 1.79359 0
19.8 1.79359 0
20.4 1.79359 0
21 1.79359 0
21.6 1.79359 0
22.2 1.79359 0
22.8 1.79359 0
23.4 1.79359 0
24 1.79359 0
24.6 1.79359 0
25.2 1.79359 0
25.8 1.79359 0
26.4 1.79359 0
27 1.79359 0
27.6 1.79359 0
28.2 1.79359 0
28.8 1.79359 0
29.4 1.79359 0
30 1.79359 0
-30 1.84487 0
-29.4 1.84487 0
-28.8 1.84487 0
-28.2 1.84487 0
-27.6 1.84487 0
-27 1.84487 0
-26.4 1.84487 0
-25.8 1.84487 0
-25.2 1.84487 0
-24.6 1.84487 0
-24 1.84487 0
-23.4 1.84487 0
-22.8 1.84487 0
-22.2 1.84487 0
-21.6 1.84487 0
-21 1.84487 0
-20.4 1.84487 0
-19.8 1.84487 0
-19.2 1.84487 0
-18.6 1.84487 0
-18 1.84487 0
-17.4 1.84487 0
-16.8 1.84487 0
-16.2 1.84487 0
-15.6 1.84487 0
-15 1.84487 0
-14.4 1.84487 0
-13.8 1.84487 0
-13.2 1.84487 0
-12.6 1.84487 0
-12 1.84487 0
-11.4 1.84487 0
-10.8 1.84487 0
-10.2 1.84487 0
-9.6 1.84487 0
-9 1.84487 0
-8.4 1.84487 0
-7.8 1.84487 0
-7.2 1.84487 0
-6.6 1.84487 0
-6 1.84487 0
-5.4 1.84487 0
-4.8 1.84487 0
-4.2 1.84487 0
-3.6 1.84487 0
-3 1.84487 0
-2.4 1.84487 0
-1.8 1.84487 0
-1.2 1.84487 0
-0.6 1.84487 0
0 1.84487 0
0.6 1.84487 9.30999e-07
1.2 1.84487 -8.47257e-07
1.8 1.84487 -2.32158e-06
2.4 1.84487 0
3 1.84487 0
3.6 1.84487 0
4.2 1.84487 0
4.8 1.84487 0
5.4 1.84487 0
6 1.84487 0
6.6 1.84487 0
7.2 1.84487 0
7.8 1.84487 0
8.4 1.84487 0
9 1.84487 0
9.6 1.84487 0
10.2 1.84487 0
10.8 1.84487 0
11.4 1.84487 0
12 1.84487 0
12.6 1.84487 0
13.2 1.84487 0
13.8 1.84487 0
14.4 1.84487 0
15 1.84487 0
15.6 1.84487 0
16.2 1.84487 0
16.8 1.84487 0
17.4 1.84487 0
18 1.84487 0
18.6 1.84487 0
19.2 1.84487 0
19.8 1.84487 0
20.4 1.84487 0
21 1.84487 0
21.6 1.84487 0
22.2 1.84487 0
22.8 1.84487 0
23.4 1.84487 0
24 1.84487 0
24.6 1.84487 0
25.2 1.84487 0
25.8 1.84487 0
26.4 1.84487 0
27 1.84487 0
27.6 1.84487 0
28.2 1.84487 0
28.8 1.84487 0
29.4 1.84487 0
30 1.84487 0
-30 1.89615 0
-29.4 1.89615 0
-28.8 1.89615 0
-28.2 1.89615 0
-27.6 1.89615 0
-27 1.89615 0
-26.4 1.89615 0
-25.8 1.89615 0
-25.2 1.89615 0
-24.6 1.89615 0
-24 1.89615 0
-23.4 1.89615 0
-22.8 1.89615 0
-22.2 1.89615 0
-21.6 1.89615 0
-21 1.89615 0
-20.4 1.89615 0
-19.8 1.89615 0
-19.2 1.89615 0
-18.6 1.89615 0
-18 1.89615 0
-17.4 1.89615 0
-16.8 1.89615 0
-16.2 1.89615 0
-15.6 1.89615 0
-15 1.89615 0
-14.4 1.89615 0
-13.8 1.89615 0
-13.2 1.89615 0
-12.6 1.89615 0
-12 1.89615 0
-11.4 1.89615 0
-10.8 1.89615 0
-10.2 1.89615 0
-9.6 1.89615 0
-9 1.89615 0
-8.4 1.89615 0
-7.8 1.89615 0
-7.2 1.89615 0
-6.6 1.89615 0
-6 1.89615 0
-5.4 1.89615 0
-4.8 1.89615 0
-4.2 1.89615 0
-3.6 1.89615 0
-3 1.89615 0
-2.4 1.89615 0
-1.8 1.89615 0
-1.2 1.89615 0
-0.6 1.89615 0
0 1.89615 0
0.6 1.89615 9.58895e-07
1.2 1.89615 -4.86966e-07
1.8 1.89615 -1.7061e-06
2.4 1.89615 0
3 1.89615 0
3.6 1.89615 0
4.2 1.89615 0
4.8 1.89615 0
5.4 1.89615 0
6 1.89615 0
6.6 1.89615 0
7.2 1.89615 0
7.8 1.89615 0
8.4 1.89615 0
9 1.89615 0
9.6 1.89615 0
10.2 1.89615 0
10.8 1.89615 0
11.4 1.89615 0
12 1.89615 0
12.6 1.89615 0
13.2 1.89615 0
13.8 1.89615 0
14.4 1.89615 0
15 1.89615 0
15.6 1.89615 0
16.2 1.89615 0
16.8 1.89615 0
17.4 1.89615 0
18 1.89615 0
18.6 1.89615 0
19.2 1.89615 0
19.8 1.89615 0
20.4 1.89615 0
21 1.89615 0
21.6 1.89615 0
22.2 1.89615 0
22.8 1.89615 0
23.4 1.89615 0
24 1.89615 0
24.6 1.89615 0
25.2 1.89615 0
25.8 1.89615 0
26.4 1.89615 0
27 1.89615 0
27.6 1.89615 0
28.2 1.89615 0
28.8 1.89615 0
29.4 1.89615 0
30 1.89615 0
-30 1.94744 0
-29.4 1.94744 0
-28.8 1.94744 0
-28.2 1.94744 0
-27.6 1.94744 0
-27 1.94744 0
-26.4 1.94744 0
-25.8 1.94744 0
-25.2 1.94744 0
-24.6 1.94744 0
-24 1.94744 0
-23.4 1.94744 0
-22.8 1.94744 0
-22.2 1.94744 0
-21.6 1.94744 0
-21 1.94744 0
-20.4 1.94744 0
-19.8 1.94744 0
-19.2 1.94744 0
-18.6 1.94744 0
-18 1.94744 0
-17.4 1.94744 0
-16.8 1.94744 0
-16.2 1.94744 0
-15.6 1.94744 0
-15 1.94744 0
-14.4 1.94744 0
-13.8 1.94744 0
-13.2 1.94744 0
-12.6 1.94744 0
-12 1.94744 0
-11.4 1.94744 0
-10.8 1.94744 0
-10.2 1.94744 0
-9.6 1.94744 0
-9 1.94744 0
-8.4 1.94744 0
-7.8 1.94744 0
-7.2 1.94744 0
-6.6 1.94744 0
-6 1.94744 0
-5.4 1.94744 0
-4.8 1.94744 0
-4.2 1.94744 0
-3.6 1.94744 0
-3 1.94744 0
-2.4 1.94744 0
-1.8 1.94744 0
-1.2 1.94744 0
-0.6 1.94744 0
0 1.94744 0
0.6 1.94744 7.89238e-07
1.2 1.94744 -2.5026e-07
1.8 1.94744 -1.13319e-06
2.4 1.94744 0
3 1.94744 0
3.6 1.94744 0
4.2 1.94744 0
4.8 1.94744 0
5.4 1.94744 0
6 1.94744 0
6.6 1.94744 0
7.2 1.94744 0
7.8 1.94744 0
8.4 1.94744 0
9 1.94744 0
9.6 1.94744 0
10.2 1.94744 0
10.8 1.94744 0
11.4 1.94744 0
12 1.94744 0
12.6 1.94744 0
13.2 1.94744 0
13.8 1.94744 0
14.4 1.94744 0
15 1.94744 0
15.6 1.94744 0
16.2 1.94744 0
16.8 1.94744 0
17.4 1.94744 0
18 1.94744 0
18.6 1.94744 0
19.2 1.94744 0
19.8 1.94744 0
20.4 1.94744 0
21 1.94744 0
21.6 1.94744 0
22.2 1.94744 0
22.8 1.94744 0
23.4 1.94744 0
24 1.94744 0
24.6 1.94744 0
25.2 1.94744 0
25.8 1.94744 0
26.4 1.94744 0
27 1.94744 0
27.6 1.94744 0
28.2 1.94744 0
28.8 1.94744 0
29.4 1.94744 0
30 1.94744 0
-30 1.99872 0
-29.4 1.99872 0
-28.8 1.99872 0
-28.2 1.99872 0
-27.6 1.99872 0
-27 1.99872 0
-26.4 1.99872 0
-25.8 1.99872 0
-25.2 1.99872 0
-24.6 1.99872 0
-24 1.99872 0
-23.4 1.99872 0
-22.8 1.99872 0
-22.2 1.99872 0
-21.6 1.99872 0
-21 1.99872 0
-20.4 1.99872 0
-19.8 1.99872 0
-19.2 1.99872 0
-18.6 1.99872 0
-18 1.99872 0
-17.4 1.99872 0
-16.8 1.99872 0
-16.2 1.99872 0
-15.6 1.99872 0
-15 1.99872 0
-14.4 1.99872 0
-13.8 1.99872 0
-13.2 1.99872 0
-12.6 1.99872 0
-12 1.99872 0
-11.4 1.99872 0
-10.8 1.99872 0
-10.2 1.99872 0
-9.6 1.99872 0
-9 1.99872 0
-8.4 1.99872 0
-7.8 1.99872 0
-7.2 1.99872 0
-6.6 1.99872 0
-6 1.99872 0
-5.4 1.99872 0
-4.8 1.99872 0
-4.2 1.99872 0
-3.6 1.99872 0
-3 1.99872 0
-2.4 1.99872 0
-1.8 1.99872 0
-1.2 1.99872 0
-0.6 1.99872 0
0 1.99872 0
0.6 1.99872 4.17707e-07
1.2 1.99872 -1.33548e-07
1.8 1.99872 -5.94668e-07
2.4 1.99872 0
3 1.99872 0
3.6 1.99872 0
4.2 1.99872 0
4.8 1.99872 0
5.4 1.99872 0
6 1.99872 0
6.6 1.99872 0
7.2 1.99872 0
7.8 1.99872 0
8.4 1.99872 0
9 1.99872 0
9.6 1.99872 0
10.2 1.99872 0
10.8 1.99872 0
11.4 1.99872 0
12 1.99872 0
12.6 1.99872 0
13.2 1.99872 0
13.8 1.99872 0
14.4 1.99872 0
15 1.99872 0
15.6 1.99872 0
16.2 1.99872 0
16.8 1.99872 0
17.4 1.99872 0
18 1.99872 0
18.6 1.99872 0
19.2 1.99872 0
19.8 1.99872 0
20.4 1.99872 0
21 1.99872 0
21.6 1.99872 0
22.2 1.99872 0
22.8 1.99872 0
23.4 1.99872 0
24 1.99872 0
24.6 1.99872 0
25.2 1.99872 0
25.8 1.99872 0
26.4 1.99872 0
27 1.99872 0
27.6 1.99872 0
28.2 1.99872 0
28.8 1.99872 0
29.4 1.99872 0
30 1.99872 0
-30 2.05 0
-29.4 2.05 0
-28.8 2.05 0
-28.2 2.05 0
-27.6 2.05 0
-27 2.05 0
-26.4 2.05 0
-25.8 2.05 0
-25.2 2.05 0
-24.6 2.05 0
-24 2.05 0
-23.4 2.05 0
-22.8 2.05 0
-22.2 2.05 0
-21.6 2.05 0
-21 2.05 0
-20.4 2.05 0
-19.8 2.05 0
-19.2 2.05 0
-18.6 2.05 0
-18 2.05 0
-17.4 2.05 0
-16.8 2.05 0
-16.2 2.05 0
-15.6 2.05 0
-15 2.05 0
-14.4 2.05 0
-13.8 2.05 0
-13.2 2.05 0
-12.6 2.05 0
-12 2.05 0
-11.4 2.05 0
-10.8 2.05 0
-10.2 2.05 0
-9.6 2.05 0
-9 2.05 0
-8.4 2.05 0
-7.8 2.05 0
-7.2 2.05 0
-6.6 2.05 0
-6 2.05 0
-5.4 2.05 0
-4.8 2.05 0
-4.2 2.05 0
-3.6 2.05 0
-3 2.05 0
-2.4 2.05 0
-1.8 2.05 0
-1.2 2.05 0
-0.6 2.05 0
0 2.05 0
0.6 2.05 0
1.2 2.05 0
1.8 2.05 0
2.4 2.05 0
3 2.05 0
3.6 2.05 0
4.2 2.05 0
4.8 2.05 0
5.4 2.05 0
6 2.05 0
6.6 2.05 0
7.2 2.05 0
7.8 2.05 0
8.4 2.05 0
9 2.05 0
9.6 2.05 0
10.2 2.05 0
10.8 2.05 0
11.4 2.05 0
12 2.05 0
12.6 2.05 0
13.2 2.05 0
13.8 2.05 0
14.4 2.05 0
15 2.05 0
15.6 2.05 0
16.2 2.05 0
16.8 2.05 0
17.4 2.05 0
18 2.05 0
18.6 2.05 0
19.2 2.05 0
19.8 2.05 0
20.4 2.05 0
21 2.05 0
21.6 2.05 0
22.2 2.05 0
22.8 2.05 0
23.4 2.05 0
24 2.05 0
24.6 2.05 0
25.2 2.05 0
25.8 2.05 0
26.4 2.05 0
27 2.05 0
27.6 2.05 0
28.2 2.05 0
28.8 2.05 0
29.4 2.05 0
30 2.05 0
