-30 0.05 0
-29.4 0.05 0
-28.8 0.05 0
-28.2 0.05 0
-27.6 0.05 0
-27 0.05 0
-26.4 0.05 0
-25.8 0.05 0
-25.2 0.05 -0.000139778
-24.6 0.05 -0.000157529
-24 0.05 -0.000182771
-23.4 0.05 -0.000218842
-22.8 0.05 -0.000262435
-22.2 0.05 -0.000302946
-21.6 0.05 -0.00032713
-21 0.05 -0.000328375
-20.4 0.05 -0.000315947
-19.8 0.05 -0.000316727
-19.2 0.05 -0.000363468
-18.6 0.05 -0.000470741
-18 0.05 -0.000610487
-17.4 0.05 -0.000706703
-16.8 0.05 -0.00066512
-16.2 0.05 -0.000435248
-15.6 0.05 -7.53568e-05
-15 0.05 0.000226854
-14.4 0.05 0
-13.8 0.05 0
-13.2 0.05 0
-12.6 0.05 0
-12 0.05 0
-11.4 0.05 0
-10.8 0.05 0
-10.2 0.05 0
-9.6 0.05 0
-9 0.05 0
-8.4 0.05 0
-7.8 0.05 0
-7.2 0.05 0
-6.6 0.05 0
-6 0.05 0
-5.4 0.05 0
-4.8 0.05 0
-4.2 0.05 0
-3.6 0.05 0
-3 0.05 0
-2.4 0.05 0
-1.8 0.05 0
-1.2 0.05 0
-0.6 0.05 0
0 0.05 0
0.6 0.05 0
1.2 0.05 0
1.8 0.05 0
2.4 0.05 0
3 0.05 0
3.6 0.05 0
4.2 0.05 0
4.8 0.05 0
5.4 0.05 0
6 0.05 0
6.6 0.05 0
7.2 0.05 0
7.8 0.05 0
8.4 0.05 0
9 0.05 0
9.6 0.05 0
10.2 0.05 0
10.8 0.05 0
11.4 0.05 0
12 0.05 0
12.6 0.05 0
13.2 0.05 0
13.8 0.05 0
14.4 0.05 0
15 0.05 0
15.6 0.05 0
16.2 0.05 0
16.8 0.05 0
17.4 0.05 0
18 0.05 0
18.6 0.05 0
19.2 0.05 0
19.8 0.05 0
20.4 0.05 0
21 0.05 0
21.6 0.05 0
22.2 0.05 0
22.8 0.05 0
23.4 0.05 0
24 0.05 0
24.6 0.05 0
25.2 0.05 0
25.8 0.05 0
26.4 0.05 0
27 0.05 0
27.6 0.05 0
28.2 0.05 0
28.8 0.05 0
29.4 0.05 0
30 0.05 0
-30 0.102632 0
-29.4 0.102632 0
-28.8 0.102632 0
-28.2 0.102632 0
-27.6 0.102632 0
-27 0.102632 0
-26.4 0.102632 0
-25.8 0.102632 0
-25.2 0.102632 -0.000140709
-24.6 0.102632 -0.000157558
-24 0.102632 -0.000181459
-23.4 0.102632 -0.000216462
-22.8 0.102632 -0.000260233
-22.2 0.102632 -0.000302802
-21.6 0.102632 -0.000330464
-21 0.102632 -0.000334675
-20.4 0.102632 -0.000321905
-19.8 0.102632 -0.000317129
-19.2 0.102632 -0.000354224
-18.6 0.102632 -0.000452874
-18 0.102632 -0.000592337
-17.4 0.102632 -0.0007015
-16.8 0.102632 -0.000683415
-16.2 0.102632 -0.000475729
-15.6 0.102632 -0.000120669
-15 0.102632 0.00020374
-14.4 0.102632 0
-13.8 0.102632 0
-13.2 0.102632 0
-12.6 0.102632 0
-12 0.102632 0
-11.4 0.102632 0
-10.8 0.102632 0
-10.2 0.102632 0
-9.6 0.102632 0
-9 0.102632 0
-8.4 0.102632 0
-7.8 0.102632 0
-7.2 0.102632 0
-6.6 0.102632 0
-6 0.102632 0
-5.4 0.102632 0
-4.8 0.102632 0
-4.2 0.102632 0
-3.6 0.102632 0
-3 0.102632 0
-2.4 0.102632 0
-1.8 0.102632 0
-1.2 0.102632 0
-0.6 0.102632 0
0 0.102632 0
0.6 0.102632 0
1.2 0.102632 0
1.8 0.102632 0
2.4 0.102632 0
3 0.102632 0
3.6 0.102632 0
4.2 0.102632 0
4.8 0.102632 0
5.4 0.102632 0
6 0.102632 0
6.6 0.102632 0
7.2 0.102632 0
7.8 0.102632 0
8.4 0.102632 0
9 0.102632 0
9.6 0.102632 0
10.2 0.102632 0
10.8 0.102632 0
11.4 0.102632 0
12 0.102632 0
12.6 0.102632 0
13.2 0.102632 0
13.8 0.102632 0
14.4 0.102632 0
15 0.102632 0
15.6 0.102632 0
16.2 0.102632 0
16.8 0.102632 0
17.4 0.102632 0
18 0.102632 0
18.6 0.102632 0
19.2 0.102632 0
19.8 0.102632 0
20.4 0.102632 0
21 0.102632 0
21.6 0.102632 0
22.2 0.102632 0
22.8 0.102632 0
23.4 0.102632 0
24 0.102632 0
24.6 0.102632 0
25.2 0.102632 0
25.8 0.102632 0
26.4 0.102632 0
27 0.102632 0
27.6 0.102632 0
28.2 0.102632 0
28.8 0.102632 0
29.4 0.102632 0
30 0.102632 0
-30 0.155263 0
-29.4 0.155263 0
-28.8 0.155263 0
-28.2 0.155263 0
-27.6 0.155263 0
-27 0.155263 0
-26.4 0.155263 0
-25.8 0.155263 0
-25.2 0.155263 -0.000141689
-24.6 0.155263 -0.000157731
-24 0.155263 -0.000180329
-23.4 0.155263 -0.000214159
-22.8 0.155263 -0.000257848
-22.2 0.155263 -0.000302176
-21.6 0.155263 -0.000333212
-21 0.155263 -0.000340705
-20.4 0.155263 -0.000328328
-19.8 0.155263 -0.000318768
-19.2 0.155263 -0.000346379
-18.6 0.155263 -0.000435472
-18 0.155263 -0.00057284
-17.4 0.155263 -0.00069338
-16.8 0.155263 -0.000698938
-16.2 0.155263 -0.000515942
-15.6 0.155263 -0.000169401
-15 0.155263 0.000175088
-14.4 0.155263 0
-13.8 0.155263 0
-13.2 0.155263 0
-12.6 0.155263 0
-12 0.155263 0
-11.4 0.155263 0
-10.8 0.155263 0
-10.2 0.155263 0
-9.6 0.155263 0
-9 0.155263 0
-8.4 0.155263 0
-7.8 0.155263 0
-7.2 0.155263 0
-6.6 0.155263 0
-6 0.155263 0
-5.4 0.155263 0
-4.8 0.155263 0
-4.2 0.155263 0
-3.6 0.155263 0
-3 0.155263 0
-2.4 0.155263 0
-1.8 0.155263 0
-1.2 0.155263 0
-0.6 0.155263 0
0 0.155263 0
0.6 0.155263 0
1.2 0.155263 0
1.8 0.155263 0
2.4 0.155263 0
3 0.155263 0
3.6 0.155263 0
4.2 0.155263 0
4.8 0.155263 0
5.4 0.155263 0
6 0.155263 0
6.6 0.155263 0
7.2 0.155263 0
7.8 0.155263 0
8.4 0.155263 0
9 0.155263 0
9.6 0.155263 0
10.2 0.155263 0
10.8 0.155263 0
11.4 0.155263 0
12 0.155263 0
12.6 0.155263 0
13.2 0.155263 0
13.8 0.155263 0
14.4 0.155263 0
15 0.155263 0
15.6 0.155263 0
16.2 0.155263 0
16.8 0.155263 0
17.4 0.155263 0
18 0.155263 0
18.6 0.155263 0
19.2 0.155263 0
19.8 0.155263 0
20.4 0.155263 0
21 0.155263 0
21.6 0.155263 0
22.2 0.155263 0
22.8 0.155263 0
23.4 0.155263 0
24 0.155263 0
24.6 0.155263 0
25.2 0.155263 0
25.8 0.155263 0
26.4 0.155263 0
27 0.155263 0
27.6 0.155263 0
28.2 0.155263 0
28.8 0.155263 0
29.4 0.155263 0
30 0.155263 0
-30 0.207895 0
-29.4 0.207895 0
-28.8 0.207895 0
-28.2 0.207895 0
-27.6 0.207895 0
-27 0.207895 0
-26.4 0.207895 0
-25.8 0.207895 0
-25.2 0.207895 -0.0001427
-24.6 0.207895 -0.000158034
-24 0.207895 -0.000179382
-23.4 0.207895 -0.000211966
-22.8 0.207895 -0.000255336
-22.2 0.207895 -0.00030111
-21.6 0.207895 -0.000335349
-21 0.207895 -0.000346353
-20.4 0.207895 -0.000335068
-19.8 0.207895 -0.000321586
-19.2 0.207895 -0.000340074
-18.6 0.207895 -0.00041885
-18 0.207895 -0.000552272
-17.4 0.207895 -0.000682293
-16.8 0.207895 -0.000711204
-16.2 0.207895 -0.00055524
-15.6 0.207895 -0.000221295
-15 0.207895 0.000140371
-14.4 0.207895 0
-13.8 0.207895 0
-13.2 0.207895 0
-12.6 0.207895 0
-12 0.207895 0
-11.4 0.207895 0
-10.8 0.207895 0
-10.2 0.207895 0
-9.6 0.207895 0
-9 0.207895 0
-8.4 0.207895 0
-7.8 0.207895 0
-7.2 0.207895 0
-6.6 0.207895 0
-6 0.207895 0
-5.4 0.207895 0
-4.8 0.207895 0
-4.2 0.207895 0
-3.6 0.207895 0
-3 0.207895 0
-2.4 0.207895 0
-1.8 0.207895 0
-1.2 0.207895 0
-0.6 0.207895 0
0 0.207895 0
0.6 0.207895 0
1.2 0.207895 0
1.8 0.207895 0
2.4 0.207895 0
3 0.207895 0
3.6 0.207895 0
4.2 0.207895 0
4.8 0.207895 0
5.4 0.207895 0
6 0.207895 0
6.6 0.207895 0
7.2 0.207895 0
7.8 0.207895 0
8.4 0.207895 0
9 0.207895 0
9.6 0.207895 0
10.2 0.207895 0
10.8 0.207895 0
11.4 0.207895 0
12 0.207895 0
12.6 0.207895 0
13.2 0.207895 0
13.8 0.207895 0
14.4 0.207895 0
15 0.207895 0
15.6 0.207895 0
16.2 0.207895 0
16.8 0.207895 0
17.4 0.207895 0
18 0.207895 0
18.6 0.207895 0
19.2 0.207895 0
19.8 0.207895 0
20.4 0.207895 0
21 0.207895 0
21.6 0.207895 0
22.2 0.207895 0
22.8 0.207895 0
23.4 0.207895 0
24 0.207895 0
24.6 0.207895 0
25.2 0.207895 0
25.8 0.207895 0
26.4 0.207895 0
27 0.207895 0
27.6 0.207895 0
28.2 0.207895 0
28.8 0.207895 0
29.4 0.207895 0
30 0.207895 0
-30 0.260526 0
-29.4 0.260526 0
-28.8 0.260526 0
-28.2 0.260526 0
-27.6 0.260526 0
-27 0.260526 0
-26.4 0.260526 0
-25.8 0.260526 0
-25.2 0.260526 -0.000143725
-24.6 0.260526 -0.000158447
-24 0.260526 -0.000178615
-23.4 0.260526 -0.00020991
-22.8 0.260526 -0.000252753
-22.2 0.260526 -0.000299654
-21.6 0.260526 -0.000336872
-21 0.260526 -0.000351521
-20.4 0.260526 -0.000341965
-19.8 0.260526 -0.000325477
-19.2 0.260526 -0.0003354
-18.6 0.260526 -0.000403325
-18 0.260526 -0.000530993
-17.4 0.260526 -0.000668304
-16.8 0.260526 -0.000719764
-16.2 0.260526 -0.000592848
-15.6 0.260526 -0.000275858
-15 0.260526 9.91965e-05
-14.4 0.260526 0
-13.8 0.260526 0
-13.2 0.260526 0
-12.6 0.260526 0
-12 0.260526 0
-11.4 0.260526 0
-10.8 0.260526 0
-10.2 0.260526 0
-9.6 0.260526 0
-9 0.260526 0
-8.4 0.260526 0
-7.8 0.260526 0
-7.2 0.260526 0
-6.6 0.260526 0
-6 0.260526 0
-5.4 0.260526 0
-4.8 0.260526 0
-4.2 0.260526 0
-3.6 0.260526 0
-3 0.260526 0
-2.4 0.260526 0
-1.8 0.260526 0
-1.2 0.260526 0
-0.6 0.260526 0
0 0.260526 0
0.6 0.260526 0
1.2 0.260526 0
1.8 0.260526 0
2.4 0.260526 0
3 0.260526 0
3.6 0.260526 0
4.2 0.260526 0
4.8 0.260526 0
5.4 0.260526 0
6 0.260526 0
6.6 0.260526 0
7.2 0.260526 0
7.8 0.260526 0
8.4 0.260526 0
9 0.260526 0
9.6 0.260526 0
10.2 0.260526 0
10.8 0.260526 0
11.4 0.260526 0
12 0.260526 0
12.6 0.260526 0
13.2 0.260526 0
13.8 0.260526 0
14.4 0.260526 0
15 0.260526 0
15.6 0.260526 0
16.2 0.260526 0
16.8 0.260526 0
17.4 0.260526 0
18 0.260526 0
18.6 0.260526 0
19.2 0.260526 0
19.8 0.260526 0
20.4 0.260526 0
21 0.260526 0
21.6 0.260526 0
22.2 0.260526 0
22.8 0.260526 0
23.4 0.260526 0
24 0.260526 0
24.6 0.260526 0
25.2 0.260526 0
25.8 0.260526 0
26.4 0.260526 0
27 0.260526 0
27.6 0.260526 0
28.2 0.260526 0
28.8 0.260526 0
29.4 0.260526 0
30 0.260526 0
-30 0.313158 0
-29.4 0.313158 0
-28.8 0.313158 0
-28.2 0.313158 0
-27.6 0.313158 0
-27 0.313158 0
-26.4 0.313158 0
-25.8 0.313158 0
-25.2 0.313158 -0.000144749
-24.6 0.313158 -0.000158953
-24 0.313158 -0.00017802
-23.4 0.313158 -0.000208009
-22.8 0.313158 -0.000250148
-22.2 0.313158 -0.000297869
-21.6 0.313158 -0.000337796
-21 0.313158 -0.000356133
-20.4 0.313158 -0.000348855
-19.8 0.313158 -0.000330291
-19.2 0.313158 -0.000332386
-18.6 0.313158 -0.000389196
-18 0.313158 -0.000509435
-17.4 0.313158 -0.00065162
-16.8 0.313158 -0.000724253
-16.2 0.313158 -0.000627884
-15.6 0.313158 -0.000332319
-15 0.313158 5.13899e-05
-14.4 0.313158 0
-13.8 0.313158 0
-13.2 0.313158 0
-12.6 0.313158 0
-12 0.313158 0
-11.4 0.313158 0
-10.8 0.313158 0
-10.2 0.313158 0
-9.6 0.313158 0
-9 0.313158 0
-8.4 0.313158 0
-7.8 0.313158 0
-7.2 0.313158 0
-6.6 0.313158 0
-6 0.313158 0
-5.4 0.313158 0
-4.8 0.313158 0
-4.2 0.313158 0
-3.6 0.313158 0
-3 0.313158 0
-2.4 0.313158 0
-1.8 0.313158 0
-1.2 0.313158 0
-0.6 0.313158 0
0 0.313158 0
0.6 0.313158 0
1.2 0.313158 0
1.8 0.313158 0
2.4 0.313158 0
3 0.313158 0
3.6 0.313158 0
4.2 0.313158 0
4.8 0.313158 0
5.4 0.313158 0
6 0.313158 0
6.6 0.313158 0
7.2 0.313158 0
7.8 0.313158 0
8.4 0.313158 0
9 0.313158 0
9.6 0.313158 0
10.2 0.313158 0
10.8 0.313158 0
11.4 0.313158 0
12 0.313158 0
12.6 0.313158 0
13.2 0.313158 0
13.8 0.313158 0
14.4 0.313158 0
15 0.313158 0
15.6 0.313158 0
16.2 0.313158 0
16.8 0.313158 0
17.4 0.313158 0
18 0.313158 0
18.6 0.313158 0
19.2 0.313158 0
19.8 0.313158 0
20.4 0.313158 0
21 0.313158 0
21.6 0.313158 0
22.2 0.313158 0
22.8 0.313158 0
23.4 0.313158 0
24 0.313158 0
24.6 0.313158 0
25.2 0.313158 0
25.8 0.313158 0
26.4 0.313158 0
27 0.313158 0
27.6 0.313158 0
28.2 0.313158 0
28.8 0.313158 0
29.4 0.313158 0
30 0.313158 0
-30 0.365789 0
-29.4 0.365789 0
-28.8 0.365789 0
-28.2 0.365789 0
-27.6 0.365789 0
-27 0.365789 0
-26.4 0.365789 0
-25.8 0.365789 0
-25.2 0.365789 -0.00014576
-24.6 0.365789 -0.000159532
-24 0.365789 -0.000177585
-23.4 0.365789 -0.000206274
-22.8 0.365789 -0.000247565
-22.2 0.365789 -0.000295816
-21.6 0.365789 -0.000338157
-21 0.365789 -0.000360139
-20.4 0.365789 -0.000355583
-19.8 0.365789 -0.000335846
-19.2 0.365789 -0.000330989
-18.6 0.365789 -0.000376711
-18 0.365789 -0.000488084
-17.4 0.365789 -0.000632605
-16.8 0.365789 -0.000724447
-16.2 0.365789 -0.000659413
-15.6 0.365789 -0.000389607
-15 0.365789 -2.89975e-06
-14.4 0.365789 0
-13.8 0.365789 0
-13.2 0.365789 0
-12.6 0.365789 0
-12 0.365789 0
-11.4 0.365789 0
-10.8 0.365789 0
-10.2 0.365789 0
-9.6 0.365789 0
-9 0.365789 0
-8.4 0.365789 0
-7.8 0.365789 0
-7.2 0.365789 0
-6.6 0.365789 0
-6 0.365789 0
-5.4 0.365789 0
-4.8 0.365789 0
-4.2 0.365789 0
-3.6 0.365789 0
-3 0.365789 0
-2.4 0.365789 0
-1.8 0.365789 0
-1.2 0.365789 0
-0.6 0.365789 0
0 0.365789 0
0.6 0.365789 0
1.2 0.365789 0
1.8 0.365789 0
2.4 0.365789 0
3 0.365789 0
3.6 0.365789 0
4.2 0.365789 0
4.8 0.365789 0
5.4 0.365789 0
6 0.365789 0
6.6 0.365789 0
7.2 0.365789 0
7.8 0.365789 0
8.4 0.365789 0
9 0.365789 0
9.6 0.365789 0
10.2 0.365789 0
10.8 0.365789 0
11.4 0.365789 0
12 0.365789 0
12.6 0.365789 0
13.2 0.365789 0
13.8 0.365789 0
14.4 0.365789 0
15 0.365789 0
15.6 0.365789 0
16.2 0.365789 0
16.8 0.365789 0
17.4 0.365789 0
18 0.365789 0
18.6 0.365789 0
19.2 0.365789 0
19.8 0.365789 0
20.4 0.365789 0
21 0.365789 0
21.6 0.365789 0
22.2 0.365789 0
22.8 0.365789 0
23.4 0.365789 0
24 0.365789 0
24.6 0.365789 0
25.2 0.365789 0
25.8 0.365789 0
26.4 0.365789 0
27 0.365789 0
27.6 0.365789 0
28.2 0.365789 0
28.8 0.365789 0
29.4 0.365789 0
30 0.365789 0
-30 0.418421 0
-29.4 0.418421 0
-28.8 0.418421 0
-28.2 0.418421 0
-27.6 0.418421 0
-27 0.418421 0
-26.4 0.418421 0
-25.8 0.418421 0
-25.2 0.418421 -0.000146744
-24.6 0.418421 -0.000160168
-24 0.418421 -0.000177297
-23.4 0.418421 -0.000204712
-22.8 0.418421 -0.00024504
-22.2 0.418421 -0.000293554
-21.6 0.418421 -0.000338002
-21 0.418421 -0.000363516
-20.4 0.418421 -0.000362018
-19.8 0.418421 -0.000341941
-19.2 0.418421 -0.000331097
-18.6 0.418421 -0.000366045
-18 0.418421 -0.000467438
-17.4 0.418421 -0.000611773
-16.8 0.418421 -0.000720319
-16.2 0.418421 -0.000686528
-15.6 0.418421 -0.000446368
-15 0.418421 -6.30832e-05
-14.4 0.418421 0
-13.8 0.418421 0
-13.2 0.418421 0
-12.6 0.418421 0
-12 0.418421 0
-11.4 0.418421 0
-10.8 0.418421 0
-10.2 0.418421 0
-9.6 0.418421 0
-9 0.418421 0
-8.4 0.418421 0
-7.8 0.418421 0
-7.2 0.418421 0
-6.6 0.418421 0
-6 0.418421 0
-5.4 0.418421 0
-4.8 0.418421 0
-4.2 0.418421 0
-3.6 0.418421 0
-3 0.418421 0
-2.4 0.418421 0
-1.8 0.418421 0
-1.2 0.418421 0
-0.6 0.418421 0
0 0.418421 0
0.6 0.418421 0
1.2 0.418421 0
1.8 0.418421 0
2.4 0.418421 0
3 0.418421 0
3.6 0.418421 0
4.2 0.418421 0
4.8 0.418421 0
5.4 0.418421 0
6 0.418421 0
6.6 0.418421 0
7.2 0.418421 0
7.8 0.418421 0
8.4 0.418421 0
9 0.418421 0
9.6 0.418421 0
10.2 0.418421 0
10.8 0.418421 0
11.4 0.418421 0
12 0.418421 0
12.6 0.418421 0
13.2 0.418421 0
13.8 0.418421 0
14.4 0.418421 0
15 0.418421 0
15.6 0.418421 0
16.2 0.418421 0
16.8 0.418421 0
17.4 0.418421 0
18 0.418421 0
18.6 0.418421 0
19.2 0.418421 0
19.8 0.418421 0
20.4 0.418421 0
21 0.418421 0
21.6 0.418421 0
22.2 0.418421 0
22.8 0.418421 0
23.4 0.418421 0
24 0.418421 0
24.6 0.418421 0
25.2 0.418421 0
25.8 0.418421 0
26.4 0.418421 0
27 0.418421 0
27.6 0.418421 0
28.2 0.418421 0
28.8 0.418421 0
29.4 0.418421 0
30 0.418421 0
-30 0.471053 0
-29.4 0.471053 0
-28.8 0.471053 0
-28.2 0.471053 0
-27.6 0.471053 0
-27 0.471053 0
-26.4 0.471053 0
-25.8 0.471053 0
-25.2 0.471053 -0.00014769
-24.6 0.471053 -0.000160842
-24 0.471053 -0.000177143
-23.4 0.471053 -0.000203326
-22.8 0.471053 -0.000242602
-22.2 0.471053 -0.000291135
-21.6 0.471053 -0.000337382
-21 0.471053 -0.000366266
-20.4 0.471053 -0.000368058
-19.8 0.471053 -0.000348376
-19.2 0.471053 -0.00033254
-18.6 0.471053 -0.000357274
-18 0.471053 -0.00044795
-17.4 0.471053 -0.000589757
-16.8 0.471053 -0.000712092
-16.2 0.471053 -0.000708472
-15.6 0.471053 -0.000501037
-15 0.471053 -0.000128027
-14.4 0.471053 0
-13.8 0.471053 0
-13.2 0.471053 0
-12.6 0.471053 0
-12 0.471053 0
-11.4 0.471053 0
-10.8 0.471053 0
-10.2 0.471053 0
-9.6 0.471053 0
-9 0.471053 0
-8.4 0.471053 0
-7.8 0.471053 0
-7.2 0.471053 0
-6.6 0.471053 0
-6 0.471053 0
-5.4 0.471053 0
-4.8 0.471053 0
-4.2 0.471053 0
-3.6 0.471053 0
-3 0.471053 0
-2.4 0.471053 0
-1.8 0.471053 0
-1.2 0.471053 0
-0.6 0.471053 0
0 0.471053 0
0.6 0.471053 0
1.2 0.471053 0
1.8 0.471053 0
2.4 0.471053 0
3 0.471053 0
3.6 0.471053 0
4.2 0.471053 0
4.8 0.471053 0
5.4 0.471053 0
6 0.471053 0
6.6 0.471053 0
7.2 0.471053 0
7.8 0.471053 0
8.4 0.471053 0
9 0.471053 0
9.6 0.471053 0
10.2 0.471053 0
10.8 0.471053 0
11.4 0.471053 0
12 0.471053 0
12.6 0.471053 0
13.2 0.471053 0
13.8 0.471053 0
14.4 0.471053 0
15 0.471053 0
15.6 0.471053 0
16.2 0.471053 0
16.8 0.471053 0
17.4 0.471053 0
18 0.471053 0
18.6 0.471053 0
19.2 0.471053 0
19.8 0.471053 0
20.4 0.471053 0
21 0.471053 0
21.6 0.471053 0
22.2 0.471053 0
22.8 0.471053 0
23.4 0.471053 0
24 0.471053 0
24.6 0.471053 0
25.2 0.471053 0
25.8 0.471053 0
26.4 0.471053 0
27 0.471053 0
27.6 0.471053 0
28.2 0.471053 0
28.8 0.471053 0
29.4 0.471053 0
30 0.471053 0
-30 0.523684 0
-29.4 0.523684 0
-28.8 0.523684 0
-28.2 0.523684 0
-27.6 0.523684 0
-27 0.523684 0
-26.4 0.523684 0
-25.8 0.523684 0
-25.2 0.523684 -0.00014859
-24.6 0.523684 -0.000161537
-24 0.523684 -0.000177107
-23.4 0.523684 -0.000202117
-22.8 0.523684 -0.000240276
-22.2 0.523684 -0.000288607
-21.6 0.523684 -0.000336348
-21 0.523684 -0.000368403
-20.4 0.523684 -0.000373632
-19.8 0.523684 -0.00035498
-19.2 0.523684 -0.000335118
-18.6 0.523684 -0.00035037
-18 0.523684 -0.000429974
-17.4 0.523684 -0.000567236
-16.8 0.523684 -0.000700252
-16.2 0.523684 -0.000724782
-15.6 0.523684 -0.000551985
-15 0.523684 -0.000196014
-14.4 0.523684 0
-13.8 0.523684 0
-13.2 0.523684 0
-12.6 0.523684 0
-12 0.523684 0
-11.4 0.523684 0
-10.8 0.523684 0
-10.2 0.523684 0
-9.6 0.523684 0
-9 0.523684 0
-8.4 0.523684 0
-7.8 0.523684 0
-7.2 0.523684 0
-6.6 0.523684 0
-6 0.523684 0
-5.4 0.523684 0
-4.8 0.523684 0
-4.2 0.523684 0
-3.6 0.523684 0
-3 0.523684 0
-2.4 0.523684 0
-1.8 0.523684 0
-1.2 0.523684 0
-0.6 0.523684 0
0 0.523684 0
0.6 0.523684 0
1.2 0.523684 0
1.8 0.523684 0
2.4 0.523684 0
3 0.523684 0
3.6 0.523684 0
4.2 0.523684 0
4.8 0.523684 0
5.4 0.523684 0
6 0.523684 0
6.6 0.523684 0
7.2 0.523684 0
7.8 0.523684 0
8.4 0.523684 0
9 0.523684 0
9.6 0.523684 0
10.2 0.523684 0
10.8 0.523684 0
11.4 0.523684 0
12 0.523684 0
12.6 0.523684 0
13.2 0.523684 0
13.8 0.523684 0
14.4 0.523684 0
15 0.523684 0
15.6 0.523684 0
16.2 0.523684 0
16.8 0.523684 0
17.4 0.523684 0
18 0.523684 0
18.6 0.523684 0
19.2 0.523684 0
19.8 0.523684 0
20.4 0.523684 0
21 0.523684 0
21.6 0.523684 0
22.2 0.523684 0
22.8 0.523684 0
23.4 0.523684 0
24 0.523684 0
24.6 0.523684 0
25.2 0.523684 0
25.8 0.523684 0
26.4 0.523684 0
27 0.523684 0
27.6 0.523684 0
28.2 0.523684 0
28.8 0.523684 0
29.4 0.523684 0
30 0.523684 0
-30 0.576316 0
-29.4 0.576316 0
-28.8 0.576316 0
-28.2 0.576316 0
-27.6 0.576316 0
-27 0.576316 0
-26.4 0.576316 0
-25.8 0.576316 0
-25.2 0.576316 -0.000149432
-24.6 0.576316 -0.000162233
-24 0.576316 -0.000177173
-23.4 0.576316 -0.000201085
-22.8 0.576316 -0.000238088
-22.2 0.576316 -0.000286014
-21.6 0.576316 -0.000334943
-21 0.576316 -0.000369943
-20.4 0.576316 -0.000378694
-19.8 0.576316 -0.000361617
-19.2 0.576316 -0.000338638
-18.6 0.576316 -0.000345225
-18 0.576316 -0.00041372
-17.4 0.576316 -0.000544838
-16.8 0.576316 -0.000685495
-16.2 0.576316 -0.000735402
-15.6 0.576316 -0.000597771
-15 0.576316 -0.00026483
-14.4 0.576316 0
-13.8 0.576316 0
-13.2 0.576316 0
-12.6 0.576316 0
-12 0.576316 0
-11.4 0.576316 0
-10.8 0.576316 0
-10.2 0.576316 0
-9.6 0.576316 0
-9 0.576316 0
-8.4 0.576316 0
-7.8 0.576316 0
-7.2 0.576316 0
-6.6 0.576316 0
-6 0.576316 0
-5.4 0.576316 0
-4.8 0.576316 0
-4.2 0.576316 0
-3.6 0.576316 0
-3 0.576316 0
-2.4 0.576316 0
-1.8 0.576316 0
-1.2 0.576316 0
-0.6 0.576316 0
0 0.576316 0
0.6 0.576316 0
1.2 0.576316 0
1.8 0.576316 0
2.4 0.576316 0
3 0.576316 0
3.6 0.576316 0
4.2 0.576316 0
4.8 0.576316 0
5.4 0.576316 0
6 0.576316 0
6.6 0.576316 0
7.2 0.576316 0
7.8 0.576316 0
8.4 0.576316 0
9 0.576316 0
9.6 0.576316 0
10.2 0.576316 0
10.8 0.576316 0
11.4 0.576316 0
12 0.576316 0
12.6 0.576316 0
13.2 0.576316 0
13.8 0.576316 0
14.4 0.576316 0
15 0.576316 0
15.6 0.576316 0
16.2 0.576316 0
16.8 0.576316 0
17.4 0.576316 0
18 0.576316 0
18.6 0.576316 0
19.2 0.576316 0
19.8 0.576316 0
20.4 0.576316 0
21 0.576316 0
21.6 0.576316 0
22.2 0.576316 0
22.8 0.576316 0
23.4 0.576316 0
24 0.576316 0
24.6 0.576316 0
25.2 0.576316 0
25.8 0.576316 0
26.4 0.576316 0
27 0.576316 0
27.6 0.576316 0
28.2 0.576316 0
28.8 0.576316 0
29.4 0.576316 0
30 0.576316 0
-30 0.628947 0
-29.4 0.628947 0
-28.8 0.628947 0
-28.2 0.628947 0
-27.6 0.628947 0
-27 0.628947 0
-26.4 0.628947 0
-25.8 0.628947 0
-25.2 0.628947 -0.000150208
-24.6 0.628947 -0.00016291
-24 0.628947 -0.000177321
-23.4 0.628947 -0.000200228
-22.8 0.628947 -0.000236063
-22.2 0.628947 -0.000283401
-21.6 0.628947 -0.000333208
-21 0.628947 -0.000370897
-20.4 0.628947 -0.000383208
-19.8 0.628947 -0.000368191
-19.2 0.628947 -0.000342946
-18.6 0.628947 -0.000341702
-18 0.628947 -0.000399251
-17.4 0.628947 -0.00052303
-16.8 0.628947 -0.000668596
-16.2 0.628947 -0.000740727
-15.6 0.628947 -0.000637436
-15 0.628947 -0.000332065
-14.4 0.628947 0
-13.8 0.628947 0
-13.2 0.628947 0
-12.6 0.628947 0
-12 0.628947 0
-11.4 0.628947 0
-10.8 0.628947 0
-10.2 0.628947 0
-9.6 0.628947 0
-9 0.628947 0
-8.4 0.628947 0
-7.8 0.628947 0
-7.2 0.628947 0
-6.6 0.628947 0
-6 0.628947 0
-5.4 0.628947 0
-4.8 0.628947 0
-4.2 0.628947 0
-3.6 0.628947 0
-3 0.628947 0
-2.4 0.628947 0
-1.8 0.628947 0
-1.2 0.628947 0
-0.6 0.628947 0
0 0.628947 0
0.6 0.628947 0
1.2 0.628947 0
1.8 0.628947 0
2.4 0.628947 0
3 0.628947 0
3.6 0.628947 0
4.2 0.628947 0
4.8 0.628947 0
5.4 0.628947 0
6 0.628947 0
6.6 0.628947 0
7.2 0.628947 0
7.8 0.628947 0
8.4 0.628947 0
9 0.628947 0
9.6 0.628947 0
10.2 0.628947 0
10.8 0.628947 0
11.4 0.628947 0
12 0.628947 0
12.6 0.628947 0
13.2 0.628947 0
13.8 0.628947 0
14.4 0.628947 0
15 0.628947 0
15.6 0.628947 0
16.2 0.628947 0
16.8 0.628947 0
17.4 0.628947 0
18 0.628947 0
18.6 0.628947 0
19.2 0.628947 0
19.8 0.628947 0
20.4 0.628947 0
21 0.628947 0
21.6 0.628947 0
22.2 0.628947 0
22.8 0.628947 0
23.4 0.628947 0
24 0.628947 0
24.6 0.628947 0
25.2 0.628947 0
25.8 0.628947 0
26.4 0.628947 0
27 0.628947 0
27.6 0.628947 0
28.2 0.628947 0
28.8 0.628947 0
29.4 0.628947 0
30 0.628947 0
-30 0.681579 0
-29.4 0.681579 0
-28.8 0.681579 0
-28.2 0.681579 0
-27.6 0.681579 0
-27 0.681579 0
-26.4 0.681579 0
-25.8 0.681579 0
-25.2 0.681579 -0.000150913
-24.6 0.681579 -0.000163549
-24 0.681579 -0.000177526
-23.4 0.681579 -0.000199539
-22.8 0.681579 -0.000234226
-22.2 0.681579 -0.000280817
-21.6 0.681579 -0.000331186
-21 0.681579 -0.000371268
-20.4 0.681579 -0.000387127
-19.8 0.681579 -0.000374618
-19.2 0.681579 -0.000347939
-18.6 0.681579 -0.000339695
-18 0.681579 -0.000386539
-17.4 0.681579 -0.000502058
-16.8 0.681579 -0.000650208
-16.2 0.681579 -0.000741469
-15.6 0.681579 -0.000670738
-15 0.681579 -0.000395651
-14.4 0.681579 0
-13.8 0.681579 0
-13.2 0.681579 0
-12.6 0.681579 0
-12 0.681579 0
-11.4 0.681579 0
-10.8 0.681579 0
-10.2 0.681579 0
-9.6 0.681579 0
-9 0.681579 0
-8.4 0.681579 0
-7.8 0.681579 0
-7.2 0.681579 0
-6.6 0.681579 0
-6 0.681579 0
-5.4 0.681579 0
-4.8 0.681579 0
-4.2 0.681579 0
-3.6 0.681579 0
-3 0.681579 0
-2.4 0.681579 0
-1.8 0.681579 0
-1.2 0.681579 0
-0.6 0.681579 0
0 0.681579 0
0.6 0.681579 0
1.2 0.681579 0
1.8 0.681579 0
2.4 0.681579 0
3 0.681579 0
3.6 0.681579 0
4.2 0.681579 0
4.8 0.681579 0
5.4 0.681579 0
6 0.681579 0
6.6 0.681579 0
7.2 0.681579 0
7.8 0.681579 0
8.4 0.681579 0
9 0.681579 0
9.6 0.681579 0
10.2 0.681579 0
10.8 0.681579 0
11.4 0.681579 0
12 0.681579 0
12.6 0.681579 0
13.2 0.681579 0
13.8 0.681579 0
14.4 0.681579 0
15 0.681579 0
15.6 0.681579 0
16.2 0.681579 0
16.8 0.681579 0
17.4 0.681579 0
18 0.681579 0
18.6 0.681579 0
19.2 0.681579 0
19.8 0.681579 0
20.4 0.681579 0
21 0.681579 0
21.6 0.681579 0
22.2 0.681579 0
22.8 0.681579 0
23.4 0.681579 0
24 0.681579 0
24.6 0.681579 0
25.2 0.681579 0
25.8 0.681579 0
26.4 0.681579 0
27 0.681579 0
27.6 0.681579 0
28.2 0.681579 0
28.8 0.681579 0
29.4 0.681579 0
30 0.681579 0
-30 0.734211 0
-29.4 0.734211 0
-28.8 0.734211 0
-28.2 0.734211 0
-27.6 0.734211 0
-27 0.734211 0
-26.4 0.734211 0
-25.8 0.734211 0
-25.2 0.734211 -0.000151544
-24.6 0.734211 -0.000164129
-24 0.734211 -0.000177763
-23.4 0.734211 -0.000199007
-22.8 0.734211 -0.0002326
-22.2 0.734211 -0.000278316
-21.6 0.734211 -0.00032893
-21 0.734211 -0.000371063
-20.4 0.734211 -0.000390394
-19.8 0.734211 -0.000380807
-19.2 0.734211 -0.000353542
-18.6 0.734211 -0.000339159
-18 0.734211 -0.000375566
-17.4 0.734211 -0.000481998
-16.8 0.734211 -0.000630706
-16.2 0.734211 -0.000738355
-15.6 0.734211 -0.000698121
-15 0.734211 -0.000454457
-14.4 0.734211 0
-13.8 0.734211 0
-13.2 0.734211 0
-12.6 0.734211 0
-12 0.734211 0
-11.4 0.734211 0
-10.8 0.734211 0
-10.2 0.734211 0
-9.6 0.734211 0
-9 0.734211 0
-8.4 0.734211 0
-7.8 0.734211 0
-7.2 0.734211 0
-6.6 0.734211 0
-6 0.734211 0
-5.4 0.734211 0
-4.8 0.734211 0
-4.2 0.734211 0
-3.6 0.734211 0
-3 0.734211 0
-2.4 0.734211 0
-1.8 0.734211 0
-1.2 0.734211 0
-0.6 0.734211 0
0 0.734211 0
0.6 0.734211 0
1.2 0.734211 0
1.8 0.734211 0
2.4 0.734211 0
3 0.734211 0
3.6 0.734211 0
4.2 0.734211 0
4.8 0.734211 0
5.4 0.734211 0
6 0.734211 0
6.6 0.734211 0
7.2 0.734211 0
7.8 0.734211 0
8.4 0.734211 0
9 0.734211 0
9.6 0.734211 0
10.2 0.734211 0
10.8 0.734211 0
11.4 0.734211 0
12 0.734211 0
12.6 0.734211 0
13.2 0.734211 0
13.8 0.734211 0
14.4 0.734211 0
15 0.734211 0
15.6 0.734211 0
16.2 0.734211 0
16.8 0.734211 0
17.4 0.734211 0
18 0.734211 0
18.6 0.734211 0
19.2 0.734211 0
19.8 0.734211 0
20.4 0.734211 0
21 0.734211 0
21.6 0.734211 0
22.2 0.734211 0
22.8 0.734211 0
23.4 0.734211 0
24 0.734211 0
24.6 0.734211 0
25.2 0.734211 0
25.8 0.734211 0
26.4 0.734211 0
27 0.734211 0
27.6 0.734211 0
28.2 0.734211 0
28.8 0.734211 0
29.4 0.734211 0
30 0.734211 0
-30 0.786842 0
-29.4 0.786842 0
-28.8 0.786842 0
-28.2 0.786842 0
-27.6 0.786842 0
-27 0.786842 0
-26.4 0.786842 0
-25.8 0.786842 0
-25.2 0.786842 -0.000152102
-24.6 0.786842 -0.000164631
-24 0.786842 -0.000178001
-23.4 0.786842 -0.000198612
-22.8 0.786842 -0.0002312
-22.2 0.786842 -0.000275954
-21.6 0.786842 -0.000326504
-21 0.786842 -0.000370301
-20.4 0.786842 -0.000392945
-19.8 0.786842 -0.000386644
-19.2 0.786842 -0.000359671
-18.6 0.786842 -0.000340103
-18 0.786842 -0.000366391
-17.4 0.786842 -0.000462892
-16.8 0.786842 -0.000610188
-16.2 0.786842 -0.000731798
-15.6 0.786842 -0.000720295
-15 0.786842 -0.000508513
-14.4 0.786842 0
-13.8 0.786842 0
-13.2 0.786842 0
-12.6 0.786842 0
-12 0.786842 0
-11.4 0.786842 0
-10.8 0.786842 0
-10.2 0.786842 0
-9.6 0.786842 0
-9 0.786842 0
-8.4 0.786842 0
-7.8 0.786842 0
-7.2 0.786842 0
-6.6 0.786842 0
-6 0.786842 0
-5.4 0.786842 0
-4.8 0.786842 0
-4.2 0.786842 0
-3.6 0.786842 0
-3 0.786842 0
-2.4 0.786842 0
-1.8 0.786842 0
-1.2 0.786842 0
-0.6 0.786842 0
0 0.786842 0
0.6 0.786842 0
1.2 0.786842 0
1.8 0.786842 0
2.4 0.786842 0
3 0.786842 0
3.6 0.786842 0
4.2 0.786842 0
4.8 0.786842 0
5.4 0.786842 0
6 0.786842 0
6.6 0.786842 0
7.2 0.786842 0
7.8 0.786842 0
8.4 0.786842 0
9 0.786842 0
9.6 0.786842 0
10.2 0.786842 0
10.8 0.786842 0
11.4 0.786842 0
12 0.786842 0
12.6 0.786842 0
13.2 0.786842 0
13.8 0.786842 0
14.4 0.786842 0
15 0.786842 0
15.6 0.786842 0
16.2 0.786842 0
16.8 0.786842 0
17.4 0.786842 0
18 0.786842 0
18.6 0.786842 0
19.2 0.786842 0
19.8 0.786842 0
20.4 0.786842 0
21 0.786842 0
21.6 0.786842 0
22.2 0.786842 0
22.8 0.786842 0
23.4 0.786842 0
24 0.786842 0
24.6 0.786842 0
25.2 0.786842 0
25.8 0.786842 0
26.4 0.786842 0
27 0.786842 0
27.6 0.786842 0
28.2 0.786842 0
28.8 0.786842 0
29.4 0.786842 0
30 0.786842 0
-30 0.839474 0
-29.4 0.839474 0
-28.8 0.839474 0
-28.2 0.839474 0
-27.6 0.839474 0
-27 0.839474 0
-26.4 0.839474 0
-25.8 0.839474 0
-25.2 0.839474 -0.00015259
-24.6 0.839474 -0.000165039
-24 0.839474 -0.000178207
-23.4 0.839474 -0.000198328
-22.8 0.839474 -0.000230034
-22.2 0.839474 -0.000273782
-21.6 0.839474 -0.000323981
-21 0.839474 -0.000369018
-20.4 0.839474 -0.00039473
-19.8 0.839474 -0.000391993
-19.2 0.839474 -0.0003662
-18.6 0.839474 -0.000342526
-18 0.839474 -0.000359155
-17.4 0.839474 -0.000444876
-16.8 0.839474 -0.000588654
-16.2 0.839474 -0.000721814
-15.6 0.839474 -0.000737667
-15 0.839474 -0.000558505
-14.4 0.839474 0
-13.8 0.839474 0
-13.2 0.839474 0
-12.6 0.839474 0
-12 0.839474 0
-11.4 0.839474 0
-10.8 0.839474 0
-10.2 0.839474 0
-9.6 0.839474 0
-9 0.839474 0
-8.4 0.839474 0
-7.8 0.839474 0
-7.2 0.839474 0
-6.6 0.839474 0
-6 0.839474 0
-5.4 0.839474 0
-4.8 0.839474 0
-4.2 0.839474 0
-3.6 0.839474 0
-3 0.839474 0
-2.4 0.839474 0
-1.8 0.839474 0
-1.2 0.839474 0
-0.6 0.839474 0
0 0.839474 0
0.6 0.839474 0
1.2 0.839474 0
1.8 0.839474 0
2.4 0.839474 0
3 0.839474 0
3.6 0.839474 0
4.2 0.839474 0
4.8 0.839474 0
5.4 0.839474 0
6 0.839474 0
6.6 0.839474 0
7.2 0.839474 0
7.8 0.839474 0
8.4 0.839474 0
9 0.839474 0
9.6 0.839474 0
10.2 0.839474 0
10.8 0.839474 0
11.4 0.839474 0
12 0.839474 0
12.6 0.839474 0
13.2 0.839474 0
13.8 0.839474 0
14.4 0.839474 0
15 0.839474 0
15.6 0.839474 0
16.2 0.839474 0
16.8 0.839474 0
17.4 0.839474 0
18 0.839474 0
18.6 0.839474 0
19.2 0.839474 0
19.8 0.839474 0
20.4 0.839474 0
21 0.839474 0
21.6 0.839474 0
22.2 0.839474 0
22.8 0.839474 0
23.4 0.839474 0
24 0.839474 0
24.6 0.839474 0
25.2 0.839474 0
25.8 0.839474 0
26.4 0.839474 0
27 0.839474 0
27.6 0.839474 0
28.2 0.839474 0
28.8 0.839474 0
29.4 0.839474 0
30 0.839474 0
-30 0.892105 0
-29.4 0.892105 0
-28.8 0.892105 0
-28.2 0.892105 0
-27.6 0.892105 0
-27 0.892105 0
-26.4 0.892105 0
-25.8 0.892105 0
-25.2 0.892105 -0.000153016
-24.6 0.892105 -0.000165339
-24 0.892105 -0.00017835
-23.4 0.892105 -0.000198129
-22.8 0.892105 -0.000229103
-22.2 0.892105 -0.000271844
-21.6 0.892105 -0.000321436
-21 0.892105 -0.000367274
-20.4 0.892105 -0.000395721
-19.8 0.892105 -0.000396717
-19.2 0.892105 -0.000372961
-18.6 0.892105 -0.000346383
-18 0.892105 -0.000354024
-17.4 0.892105 -0.000428217
-16.8 0.892105 -0.000566205
-16.2 0.892105 -0.00070822
-15.6 0.892105 -0.000750115
-15 0.892105 -0.000604883
-14.4 0.892105 0
-13.8 0.892105 0
-13.2 0.892105 0
-12.6 0.892105 0
-12 0.892105 0
-11.4 0.892105 0
-10.8 0.892105 0
-10.2 0.892105 0
-9.6 0.892105 0
-9 0.892105 0
-8.4 0.892105 0
-7.8 0.892105 0
-7.2 0.892105 0
-6.6 0.892105 0
-6 0.892105 0
-5.4 0.892105 0
-4.8 0.892105 0
-4.2 0.892105 0
-3.6 0.892105 0
-3 0.892105 0
-2.4 0.892105 0
-1.8 0.892105 0
-1.2 0.892105 0
-0.6 0.892105 0
0 0.892105 0
0.6 0.892105 0
1.2 0.892105 0
1.8 0.892105 0
2.4 0.892105 0
3 0.892105 0
3.6 0.892105 0
4.2 0.892105 0
4.8 0.892105 0
5.4 0.892105 0
6 0.892105 0
6.6 0.892105 0
7.2 0.892105 0
7.8 0.892105 0
8.4 0.892105 0
9 0.892105 0
9.6 0.892105 0
10.2 0.892105 0
10.8 0.892105 0
11.4 0.892105 0
12 0.892105 0
12.6 0.892105 0
13.2 0.892105 0
13.8 0.892105 0
14.4 0.892105 0
15 0.892105 0
15.6 0.892105 0
16.2 0.892105 0
16.8 0.892105 0
17.4 0.892105 0
18 0.892105 0
18.6 0.892105 0
19.2 0.892105 0
19.8 0.892105 0
20.4 0.892105 0
21 0.892105 0
21.6 0.892105 0
22.2 0.892105 0
22.8 0.892105 0
23.4 0.892105 0
24 0.892105 0
24.6 0.892105 0
25.2 0.892105 0
25.8 0.892105 0
26.4 0.892105 0
27 0.892105 0
27.6 0.892105 0
28.2 0.892105 0
28.8 0.892105 0
29.4 0.892105 0
30 0.892105 0
-30 0.944737 0
-29.4 0.944737 0
-28.8 0.944737 0
-28.2 0.944737 0
-27.6 0.944737 0
-27 0.944737 0
-26.4 0.944737 0
-25.8 0.944737 0
-25.2 0.944737 -0.000153393
-24.6 0.944737 -0.000165504
-24 0.944737 -0.000178396
-23.4 0.944737 -0.000197987
-22.8 0.944737 -0.000228405
-22.2 0.944737 -0.00027017
-21.6 0.944737 -0.000318934
-21 0.944737 -0.000365144
-20.4 0.944737 -0.000395935
-19.8 0.944737 -0.000400696
-19.2 0.944737 -0.000379736
-18.6 0.944737 -0.000351549
-18 0.944737 -0.000351142
-17.4 0.944737 -0.000413266
-16.8 0.944737 -0.0005431
-16.2 0.944737 -0.000690896
-15.6 0.944737 -0.000757181
-15 0.944737 -0.000647485
-14.4 0.944737 0
-13.8 0.944737 0
-13.2 0.944737 0
-12.6 0.944737 0
-12 0.944737 0
-11.4 0.944737 0
-10.8 0.944737 0
-10.2 0.944737 0
-9.6 0.944737 0
-9 0.944737 0
-8.4 0.944737 0
-7.8 0.944737 0
-7.2 0.944737 0
-6.6 0.944737 0
-6 0.944737 0
-5.4 0.944737 0
-4.8 0.944737 0
-4.2 0.944737 0
-3.6 0.944737 0
-3 0.944737 0
-2.4 0.944737 0
-1.8 0.944737 0
-1.2 0.944737 0
-0.6 0.944737 0
0 0.944737 0
0.6 0.944737 0
1.2 0.944737 0
1.8 0.944737 0
2.4 0.944737 0
3 0.944737 0
3.6 0.944737 0
4.2 0.944737 0
4.8 0.944737 0
5.4 0.944737 0
6 0.944737 0
6.6 0.944737 0
7.2 0.944737 0
7.8 0.944737 0
8.4 0.944737 0
9 0.944737 0
9.6 0.944737 0
10.2 0.944737 0
10.8 0.944737 0
11.4 0.944737 0
12 0.944737 0
12.6 0.944737 0
13.2 0.944737 0
13.8 0.944737 0
14.4 0.944737 0
15 0.944737 0
15.6 0.944737 0
16.2 0.944737 0
16.8 0.944737 0
17.4 0.944737 0
18 0.944737 0
18.6 0.944737 0
19.2 0.944737 0
19.8 0.944737 0
20.4 0.944737 0
21 0.944737 0
21.6 0.944737 0
22.2 0.944737 0
22.8 0.944737 0
23.4 0.944737 0
24 0.944737 0
24.6 0.944737 0
25.2 0.944737 0
25.8 0.944737 0
26.4 0.944737 0
27 0.944737 0
27.6 0.944737 0
28.2 0.944737 0
28.8 0.944737 0
29.4 0.944737 0
30 0.944737 0
-30 0.997368 0
-29.4 0.997368 0
-28.8 0.997368 0
-28.2 0.997368 0
-27.6 0.997368 0
-27 0.997368 0
-26.4 0.997368 0
-25.8 0.997368 0
-25.2 0.997368 -0.000153734
-24.6 0.997368 -0.000165511
-24 0.997368 -0.00017828
-23.4 0.997368 -0.000197891
-22.8 0.997368 -0.000227964
-22.2 0.997368 -0.000268774
-21.6 0.997368 -0.000316503
-21 0.997368 -0.000362704
-20.4 0.997368 -0.00039544
-19.8 0.997368 -0.000403875
-19.2 0.997368 -0.000386284
-18.6 0.997368 -0.000357763
-18 0.997368 -0.000350573
-17.4 0.997368 -0.000400502
-16.8 0.997368 -0.000519764
-16.2 0.997368 -0.000669746
-15.6 0.997368 -0.000758411
-15 0.997368 -0.000685736
-14.4 0.997368 0
-13.8 0.997368 0
-13.2 0.997368 0
-12.6 0.997368 0
-12 0.997368 0
-11.4 0.997368 0
-10.8 0.997368 0
-10.2 0.997368 0
-9.6 0.997368 0
-9 0.997368 0
-8.4 0.997368 0
-7.8 0.997368 0
-7.2 0.997368 0
-6.6 0.997368 0
-6 0.997368 0
-5.4 0.997368 0
-4.8 0.997368 0
-4.2 0.997368 0
-3.6 0.997368 0
-3 0.997368 0
-2.4 0.997368 0
-1.8 0.997368 0
-1.2 0.997368 0
-0.6 0.997368 0
0 0.997368 0
0.6 0.997368 0
1.2 0.997368 0
1.8 0.997368 0
2.4 0.997368 0
3 0.997368 0
3.6 0.997368 0
4.2 0.997368 0
4.8 0.997368 0
5.4 0.997368 0
6 0.997368 0
6.6 0.997368 0
7.2 0.997368 0
7.8 0.997368 0
8.4 0.997368 0
9 0.997368 0
9.6 0.997368 0
10.2 0.997368 0
10.8 0.997368 0
11.4 0.997368 0
12 0.997368 0
12.6 0.997368 0
13.2 0.997368 0
13.8 0.997368 0
14.4 0.997368 0
15 0.997368 0
15.6 0.997368 0
16.2 0.997368 0
16.8 0.997368 0
17.4 0.997368 0
18 0.997368 0
18.6 0.997368 0
19.2 0.997368 0
19.8 0.997368 0
20.4 0.997368 0
21 0.997368 0
21.6 0.997368 0
22.2 0.997368 0
22.8 0.997368 0
23.4 0.997368 0
24 0.997368 0
24.6 0.997368 0
25.2 0.997368 0
25.8 0.997368 0
26.4 0.997368 0
27 0.997368 0
27.6 0.997368 0
28.2 0.997368 0
28.8 0.997368 0
29.4 0.997368 0
30 0.997368 0
-30 1.05 0
-29.4 1.05 0
-28.8 1.05 0
-28.2 1.05 0
-27.6 1.05 0
-27 1.05 0
-26.4 1.05 0
-25.8 1.05 0
-25.2 1.05 -0.000154111
-24.6 1.05 -0.000165126
-24 1.05 -0.000177983
-23.4 1.05 -0.000197945
-22.8 1.05 -0.000227794
-22.2 1.05 -0.000267629
-21.6 1.05 -0.000314195
-21 1.05 -0.000360107
-20.4 1.05 -0.000394409
-19.8 1.05 -0.000406291
-19.2 1.05 -0.000392343
-18.6 1.05 -0.000364453
-18 1.05 -0.000351852
-17.4 1.05 -0.00039035
-16.8 1.05 -0.000497699
-16.2 1.05 -0.000646012
-15.6 1.05 -0.000753801
-15 1.05 -0.000719976
-14.4 1.05 0
-13.8 1.05 0
-13.2 1.05 0
-12.6 1.05 0
-12 1.05 0
-11.4 1.05 0
-10.8 1.05 0
-10.2 1.05 0
-9.6 1.05 0
-9 1.05 0
-8.4 1.05 0
-7.8 1.05 0
-7.2 1.05 0
-6.6 1.05 0
-6 1.05 0
-5.4 1.05 0
-4.8 1.05 0
-4.2 1.05 0
-3.6 1.05 0
-3 1.05 0
-2.4 1.05 0
-1.8 1.05 0
-1.2 1.05 0
-0.6 1.05 0
0 1.05 0
0.6 1.05 0
1.2 1.05 0
1.8 1.05 0
2.4 1.05 0
3 1.05 0
3.6 1.05 0
4.2 1.05 0
4.8 1.05 0
5.4 1.05 0
6 1.05 0
6.6 1.05 0
7.2 1.05 0
7.8 1.05 0
8.4 1.05 0
9 1.05 0
9.6 1.05 0
10.2 1.05 0
10.8 1.05 0
11.4 1.05 0
12 1.05 0
12.6 1.05 0
13.2 1.05 0
13.8 1.05 0
14.4 1.05 0
15 1.05 0
15.6 1.05 0
16.2 1.05 0
16.8 1.05 0
17.4 1.05 0
18 1.05 0
18.6 1.05 0
19.2 1.05 0
19.8 1.05 0
20.4 1.05 0
21 1.05 0
21.6 1.05 0
22.2 1.05 0
22.8 1.05 0
23.4 1.05 0
24 1.05 0
24.6 1.05 0
25.2 1.05 0
25.8 1.05 0
26.4 1.05 0
27 1.05 0
27.6 1.05 0
28.2 1.05 0
28.8 1.05 0
29.4 1.05 0
30 1.05 0
