0.05 8.60708e-69
0.1 8.17106e-69
0.15 7.74817e-69
0.2 7.34654e-69
0.25 6.96659e-69
0.3 6.60694e-69
0.35 6.26591e-69
0.4 5.9419e-69
0.45 5.63348e-69
0.5 5.33944e-69
0.55 5.05869e-69
0.6 4.79031e-69
0.65 4.53349e-69
0.7 4.28754e-69
0.75 4.05183e-69
0.8 3.82581e-69
0.85 3.609e-69
0.9 3.40096e-69
0.95 3.20131e-69
1 3.00968e-69
1.05 2.82578e-69
1.1 2.64929e-69
1.15 2.47997e-69
1.2 2.31758e-69
1.25 2.1619e-69
1.3 2.01272e-69
1.35 1.86987e-69
1.4 1.73317e-69
1.45 1.60247e-69
1.5 1.47763e-69
1.55 1.35851e-69
1.6 1.24499e-69
1.65 1.13696e-69
1.7 1.03431e-69
1.75 9.36948e-70
1.8 8.44779e-70
1.85 7.57721e-70
1.9 6.75697e-70
1.95 5.98636e-70
2 5.26471e-70
2.05 4.59141e-70
2.1 3.9659e-70
2.15 3.38766e-70
2.2 2.85621e-70
2.25 2.37113e-70
2.3 1.93201e-70
2.35 1.53851e-70
2.4 1.19031e-70
2.45 8.87131e-71
2.5 6.28733e-71
2.55 4.14909e-71
2.6 2.45491e-71
2.65 1.20343e-71
2.7 3.93663e-72
2.75 2.49539e-73
2.8 9.70046e-73
2.85 6.09863e-72
2.9 1.56393e-71
2.95 2.95994e-71
3 4.79899e-71
