-30 0.1 -9.69053e-37
-29.4 0.1 3.14706e-07
-28.8 0.1 1.39571e-06
-28.2 0.1 3.30138e-06
-27.6 0.1 5.9842e-06
-27 0.1 9.37226e-06
-26.4 0.1 1.33979e-05
-25.8 0.1 1.79961e-05
-25.2 0.1 2.30968e-05
-24.6 0.1 2.86216e-05
-24 0.1 3.4484e-05
-23.4 0.1 4.05914e-05
-22.8 0.1 4.68472e-05
-22.2 0.1 5.31528e-05
-21.6 0.1 5.94086e-05
-21 0.1 6.5516e-05
-20.4 0.1 7.13788e-05
-19.8 0.1 7.69044e-05
-19.2 0.1 8.20055e-05
-18.6 0.1 8.66016e-05
-18 0.1 9.06205e-05
-17.4 0.1 9.39996e-05
-16.8 0.1 9.66875e-05
-16.2 0.1 9.86417e-05
-15.6 0.1 9.98252e-05
-15 0.1 0.000100203
-14.4 0.1 9.9754e-05
-13.8 0.1 9.85103e-05
-13.2 0.1 9.66197e-05
-12.6 0.1 9.43329e-05
-12 0.1 9.17262e-05
-11.4 0.1 8.80519e-05
-10.8 0.1 8.12091e-05
-10.2 0.1 6.90333e-05
-9.6 0.1 5.36075e-05
-9 0.1 4.37867e-05
-8.4 0.1 5.12025e-05
-7.8 0.1 8.2741e-05
-7.2 0.1 0.000130079
-6.6 0.1 0.000161422
-6 0.1 0.000124754
-5.4 0.1 -2.91372e-05
-4.8 0.1 -0.000304167
-4.2 0.1 -0.000612403
-3.6 0.1 -0.000754674
-3 0.1 -0.000464291
-2.4 0.1 0.000470045
-1.8 0.1 0.002037
-1.2 0.1 0.00389027
-0.6 0.1 0.00541346
0 0.1 0.00599861
0.6 0.1 0.00539319
1.2 0.1 0.00385815
1.8 0.1 0.00200492
2.4 0.1 0.00044712
3 0.1 -0.000475063
3.6 0.1 -0.000755725
4.2 0.1 -0.000608545
4.8 0.1 -0.000299646
5.4 0.1 -2.62186e-05
6 0.1 0.000125691
6.6 0.1 0.00016103
7.2 0.1 0.000129199
7.8 0.1 8.19829e-05
8.4 0.1 5.0982e-05
9 0.1 4.44933e-05
9.6 0.1 5.53345e-05
10.2 0.1 7.08878e-05
10.8 0.1 8.21206e-05
11.4 0.1 8.81634e-05
12 0.1 9.15703e-05
12.6 0.1 9.42076e-05
13.2 0.1 9.65798e-05
13.8 0.1 9.85163e-05
14.4 0.1 9.97676e-05
15 0.1 0.00010021
15.6 0.1 9.98262e-05
16.2 0.1 9.86406e-05
16.8 0.1 9.66866e-05
17.4 0.1 9.39994e-05
18 0.1 9.06206e-05
18.6 0.1 8.66018e-05
19.2 0.1 8.20057e-05
19.8 0.1 7.69045e-05
20.4 0.1 7.13789e-05
21 0.1 6.55161e-05
21.6 0.1 5.94087e-05
22.2 0.1 5.31529e-05
22.8 0.1 4.68473e-05
23.4 0.1 4.05915e-05
24 0.1 3.44841e-05
24.6 0.1 2.86217e-05
25.2 0.1 2.30968e-05
25.8 0.1 1.79961e-05
26.4 0.1 1.33979e-05
27 0.1 9.37227e-06
27.6 0.1 5.98421e-06
28.2 0.1 3.30138e-06
28.8 0.1 1.39571e-06
29.4 0.1 3.14706e-07
30 0.1 -9.69054e-37
-30 0.211111 -1.01477e-36
-29.4 0.211111 2.72826e-07
-28.8 0.211111 1.26628e-06
-28.2 0.211111 3.10573e-06
-27.6 0.211111 5.77229e-06
-27 0.211111 9.18008e-06
-26.4 0.211111 1.32366e-05
-25.8 0.211111 1.78627e-05
-25.2 0.211111 2.29867e-05
-24.6 0.211111 2.85334e-05
-24 0.211111 3.4419e-05
-23.4 0.211111 4.05514e-05
-22.8 0.211111 4.68336e-05
-22.2 0.211111 5.3166e-05
-21.6 0.211111 5.94483e-05
-21 0.211111 6.55817e-05
-20.4 0.211111 7.14692e-05
-19.8 0.211111 7.70177e-05
-19.2 0.211111 8.2139e-05
-18.6 0.211111 8.67529e-05
-18 0.211111 9.07895e-05
-17.4 0.211111 9.41904e-05
-16.8 0.211111 9.69047e-05
-16.2 0.211111 9.88771e-05
-15.6 0.211111 0.000100037
-15 0.211111 0.000100315
-14.4 0.211111 9.97224e-05
-13.8 0.211111 9.84756e-05
-13.2 0.211111 9.7035e-05
-12.6 0.211111 9.57846e-05
-12 0.211111 9.41852e-05
-11.4 0.211111 8.98243e-05
-10.8 0.211111 7.87203e-05
-10.2 0.211111 5.85369e-05
-9.6 0.211111 3.44747e-05
-9 0.211111 2.3021e-05
-8.4 0.211111 4.66374e-05
-7.8 0.211111 0.000118191
-7.2 0.211111 0.000219227
-6.6 0.211111 0.000283989
-6 0.211111 0.000207721
-5.4 0.211111 -0.000104809
-4.8 0.211111 -0.000652946
-4.2 0.211111 -0.00125045
-3.6 0.211111 -0.00149796
-3 0.211111 -0.000885701
-2.4 0.211111 0.000957625
-1.8 0.211111 0.00395943
-1.2 0.211111 0.00743489
-0.6 0.211111 0.0102489
0 0.211111 0.0113223
0.6 0.211111 0.0102141
1.2 0.211111 0.00737866
1.8 0.211111 0.00390151
2.4 0.211111 0.000914531
3 0.211111 -0.000907152
3.6 0.211111 -0.0015009
4.2 0.211111 -0.00124331
4.8 0.211111 -0.000643954
5.4 0.211111 -9.87312e-05
6 0.211111 0.000209819
6.6 0.211111 0.00028327
7.2 0.211111 0.000217439
7.8 0.211111 0.000116741
8.4 0.211111 4.63897e-05
9 0.211111 2.43034e-05
9.6 0.211111 3.69278e-05
10.2 0.211111 6.1076e-05
10.8 0.211111 8.03103e-05
11.4 0.211111 9.03069e-05
12 0.211111 9.40272e-05
12.6 0.211111 9.54958e-05
13.2 0.211111 9.68657e-05
13.8 0.211111 9.84412e-05
14.4 0.211111 9.97497e-05
15 0.211111 0.000100345
15.6 0.211111 0.00010005
16.2 0.211111 9.88775e-05
16.8 0.211111 9.69013e-05
17.4 0.211111 9.41881e-05
18 0.211111 9.0789e-05
18.6 0.211111 8.67534e-05
19.2 0.211111 8.21396e-05
19.8 0.211111 7.70181e-05
20.4 0.211111 7.14695e-05
21 0.211111 6.55819e-05
21.6 0.211111 5.94486e-05
22.2 0.211111 5.31662e-05
22.8 0.211111 4.68338e-05
23.4 0.211111 4.05516e-05
24 0.211111 3.44191e-05
24.6 0.211111 2.85335e-05
25.2 0.211111 2.29868e-05
25.8 0.211111 1.78628e-05
26.4 0.211111 1.32366e-05
27 0.211111 9.1801e-06
27.6 0.211111 5.7723e-06
28.2 0.211111 3.10573e-06
28.8 0.211111 1.26628e-06
29.4 0.211111 2.72826e-07
30 0.211111 -1.01477e-36
-30 0.322222 -1.07289e-36
-29.4 0.322222 2.36887e-07
-28.8 0.322222 1.15602e-06
-28.2 0.322222 2.92807e-06
-27.6 0.322222 5.56311e-06
-27 0.322222 8.97809e-06
-26.4 0.322222 1.30642e-05
-25.8 0.322222 1.77241e-05
-25.2 0.322222 2.28768e-05
-24.6 0.322222 2.84473e-05
-24 0.322222 3.43553e-05
-23.4 0.322222 4.05116e-05
-22.8 0.322222 4.68196e-05
-22.2 0.322222 5.3179e-05
-21.6 0.322222 5.94885e-05
-21 0.322222 6.56482e-05
-20.4 0.322222 7.156e-05
-19.8 0.322222 7.71294e-05
-19.2 0.322222 8.22689e-05
-18.6 0.322222 8.69018e-05
-18 0.322222 9.09655e-05
-17.4 0.322222 9.4405e-05
-16.8 0.322222 9.71548e-05
-16.2 0.322222 9.91159e-05
-15.6 0.322222 0.000100165
-15 0.322222 0.000100241
-14.4 0.322222 9.95225e-05
-13.8 0.322222 9.85578e-05
-13.2 0.322222 9.808e-05
-12.6 0.322222 9.82243e-05
-12 0.322222 9.73036e-05
-11.4 0.322222 9.10983e-05
-10.8 0.322222 7.42854e-05
-10.2 0.322222 4.52872e-05
-9.6 0.322222 1.36049e-05
-9 0.322222 4.01545e-06
-8.4 0.322222 4.85959e-05
-7.8 0.322222 0.00016341
-7.2 0.322222 0.000316363
-6.6 0.322222 0.000405355
-6 0.322222 0.000274764
-5.4 0.322222 -0.00020811
-4.8 0.322222 -0.00102498
-4.2 0.322222 -0.00188337
-3.6 0.322222 -0.0021951
-3 0.322222 -0.00124466
-2.4 0.322222 0.00145082
-1.8 0.322222 0.00573412
-1.2 0.322222 0.0106162
-0.6 0.322222 0.0145305
0 0.322222 0.0160186
0.6 0.322222 0.0144888
1.2 0.322222 0.0105469
1.8 0.322222 0.00565977
2.4 0.322222 0.00139247
3 0.322222 -0.00127595
3.6 0.322222 -0.00220102
4.2 0.322222 -0.00187409
4.8 0.322222 -0.00101192
5.4 0.322222 -0.000198692
6 0.322222 0.000278384
6.6 0.322222 0.000404589
7.2 0.322222 0.000313833
7.8 0.322222 0.000161338
8.4 0.322222 4.82004e-05
9 0.322222 5.51079e-06
9.6 0.322222 1.63696e-05
10.2 0.322222 4.8147e-05
10.8 0.322222 7.62361e-05
11.4 0.322222 9.18867e-05
12 0.322222 9.72615e-05
12.6 0.322222 9.78636e-05
13.2 0.322222 9.77725e-05
13.8 0.322222 9.84295e-05
14.4 0.322222 9.95286e-05
15 0.322222 0.000100292
15.6 0.322222 0.000100203
16.2 0.322222 9.91282e-05
16.8 0.322222 9.71516e-05
17.4 0.322222 9.43988e-05
18 0.322222 9.09621e-05
18.6 0.322222 8.69016e-05
19.2 0.322222 8.227e-05
19.8 0.322222 7.71305e-05
20.4 0.322222 7.15607e-05
21 0.322222 6.56486e-05
21.6 0.322222 5.94888e-05
22.2 0.322222 5.31792e-05
22.8 0.322222 4.68199e-05
23.4 0.322222 4.05119e-05
24 0.322222 3.43555e-05
24.6 0.322222 2.84474e-05
25.2 0.322222 2.28769e-05
25.8 0.322222 1.77242e-05
26.4 0.322222 1.30643e-05
27 0.322222 8.97812e-06
27.6 0.322222 5.56312e-06
28.2 0.322222 2.92808e-06
28.8 0.322222 1.15602e-06
29.4 0.322222 2.36887e-07
30 0.322222 -1.0729e-36
-30 0.433333 -1.09986e-36
-29.4 0.433333 2.06235e-07
-28.8 0.433333 1.05697e-06
-28.2 0.433333 2.76187e-06
-27.6 0.433333 5.35881e-06
-27 0.433333 8.7721e-06
-26.4 0.433333 1.28832e-05
-25.8 0.433333 1.75782e-05
-25.2 0.433333 2.27643e-05
-24.6 0.433333 2.8362e-05
-24 0.433333 3.42935e-05
-23.4 0.433333 4.04729e-05
-22.8 0.433333 4.68059e-05
-22.2 0.433333 5.31922e-05
-21.6 0.433333 5.95293e-05
-21 0.433333 6.57149e-05
-20.4 0.433333 7.16488e-05
-19.8 0.433333 7.72363e-05
-19.2 0.433333 8.23941e-05
-18.6 0.433333 8.70553e-05
-18 0.433333 9.11651e-05
-17.4 0.433333 9.46585e-05
-16.8 0.433333 9.74264e-05
-16.2 0.433333 9.93024e-05
-15.6 0.433333 0.000100132
-15 0.433333 9.99622e-05
-14.4 0.433333 9.92679e-05
-13.8 0.433333 9.89739e-05
-13.2 0.433333 9.99121e-05
-12.6 0.433333 0.00010159
-12 0.433333 0.000100791
-11.4 0.433333 9.14029e-05
-10.8 0.433333 6.72589e-05
-10.2 0.433333 2.87852e-05
-9.6 0.433333 -8.68384e-06
-9 0.433333 -1.15559e-05
-8.4 0.433333 6.01243e-05
-7.8 0.433333 0.00022141
-7.2 0.433333 0.000421749
-6.6 0.433333 0.000521051
-6 0.433333 0.00031817
-5.4 0.433333 -0.000344378
-4.8 0.433333 -0.0014171
-4.2 0.433333 -0.00249934
-3.6 0.433333 -0.00283444
-3 0.433333 -0.00154147
-2.4 0.433333 0.00193446
-1.8 0.433333 0.00734263
-1.2 0.433333 0.0134294
-0.6 0.433333 0.0182737
0 0.433333 0.0201124
0.6 0.433333 0.0182327
1.2 0.433333 0.0133588
1.8 0.433333 0.00726248
2.4 0.433333 0.00186721
3 0.433333 -0.00158082
3.6 0.433333 -0.00284432
4.2 0.433333 -0.00248947
4.8 0.433333 -0.00140085
5.4 0.433333 -0.000331628
6 0.433333 0.000323763
6.6 0.433333 0.000520717
7.2 0.433333 0.000418748
7.8 0.433333 0.00021872
8.4 0.433333 5.93799e-05
9 0.433333 -1.01424e-05
9.6 0.433333 -5.91001e-06
10.2 0.433333 3.17158e-05
10.8 0.433333 6.94087e-05
11.4 0.433333 9.24241e-05
12 0.433333 0.000100885
12.6 0.433333 0.000101223
13.2 0.433333 9.95045e-05
13.8 0.433333 9.87397e-05
14.4 0.433333 9.92199e-05
15 0.433333 0.000100014
15.6 0.433333 0.000100196
16.2 0.433333 9.93371e-05
16.8 0.433333 9.74317e-05
17.4 0.433333 9.46503e-05
18 0.433333 9.11569e-05
18.6 0.433333 8.7052e-05
19.2 0.433333 8.23947e-05
19.8 0.433333 7.72381e-05
20.4 0.433333 7.16503e-05
21 0.433333 6.57158e-05
21.6 0.433333 5.95297e-05
22.2 0.433333 5.31925e-05
22.8 0.433333 4.68062e-05
23.4 0.433333 4.04732e-05
24 0.433333 3.42937e-05
24.6 0.433333 2.83623e-05
25.2 0.433333 2.27644e-05
25.8 0.433333 1.75784e-05
26.4 0.433333 1.28832e-05
27 0.433333 8.77214e-06
27.6 0.433333 5.35883e-06
28.2 0.433333 2.76188e-06
28.8 0.433333 1.05697e-06
29.4 0.433333 2.06235e-07
30 0.433333 -1.09987e-36
-30 0.544444 -1.11924e-36
-29.4 0.544444 1.78556e-07
-28.8 0.544444 9.65802e-07
-28.2 0.544444 2.60443e-06
-27.6 0.544444 5.15897e-06
-27 0.544444 8.56418e-06
-26.4 0.544444 1.26957e-05
-25.8 0.544444 1.74256e-05
-25.2 0.544444 2.26477e-05
-24.6 0.544444 2.82762e-05
-24 0.544444 3.4233e-05
-23.4 0.544444 4.04358e-05
-22.8 0.544444 4.67935e-05
-22.2 0.544444 5.32066e-05
-21.6 0.544444 5.95705e-05
-21 0.544444 6.57797e-05
-20.4 0.544444 7.17321e-05
-19.8 0.544444 7.73362e-05
-19.2 0.544444 8.25193e-05
-18.6 0.544444 8.72272e-05
-18 0.544444 9.14042e-05
-17.4 0.544444 9.49507e-05
-16.8 0.544444 9.76856e-05
-16.2 0.544444 9.93748e-05
-15.6 0.544444 9.98931e-05
-15 0.544444 9.95063e-05
-14.4 0.544444 9.90875e-05
-13.8 0.544444 9.9909e-05
-13.2 0.544444 0.000102667
-12.6 0.544444 0.000105836
-12 0.544444 0.000104301
-11.4 0.544444 9.00792e-05
-10.8 0.544444 5.69098e-05
-10.2 0.544444 8.71381e-06
-9.6 0.544444 -3.1711e-05
-9 0.544444 -2.16988e-05
-8.4 0.544444 8.392e-05
-7.8 0.544444 0.000293908
-7.2 0.544444 0.000534236
-6.6 0.544444 0.000626681
-6 0.544444 0.000332691
-5.4 0.544444 -0.000515481
-4.8 0.544444 -0.00182513
-4.2 0.544444 -0.00309023
-3.6 0.544444 -0.00341032
-3 0.544444 -0.00177866
-2.4 0.544444 0.00239839
-1.8 0.544444 0.00877481
-1.2 0.544444 0.0158734
-0.6 0.544444 0.0214889
0 0.544444 0.0236192
0.6 0.544444 0.0214559
1.2 0.544444 0.0158127
1.8 0.544444 0.00869981
2.4 0.544444 0.00232945
3 0.544444 -0.00182349
3.6 0.544444 -0.0034248
4.2 0.544444 -0.00308151
4.8 0.544444 -0.00180696
5.4 0.544444 -0.000499689
6 0.544444 0.000340685
6.6 0.544444 0.000627463
7.2 0.544444 0.000531338
7.8 0.544444 0.000290722
8.4 0.544444 8.19678e-05
9 0.544444 -2.26424e-05
9.6 0.544444 -3.18872e-05
10.2 0.544444 9.8569e-06
10.8 0.544444 5.87171e-05
11.4 0.544444 9.14325e-05
12 0.544444 0.00010474
12.6 0.544444 0.00010559
13.2 0.544444 0.000102201
13.8 0.544444 9.95589e-05
14.4 0.544444 9.89562e-05
15 0.544444 9.95336e-05
15.6 0.544444 9.9974e-05
16.2 0.544444 9.94369e-05
16.8 0.544444 9.77083e-05
17.4 0.544444 9.49462e-05
18 0.544444 9.13918e-05
18.6 0.544444 8.72189e-05
19.2 0.544444 8.25174e-05
19.8 0.544444 7.73381e-05
20.4 0.544444 7.17347e-05
21 0.544444 6.57815e-05
21.6 0.544444 5.95713e-05
22.2 0.544444 5.32069e-05
22.8 0.544444 4.67938e-05
23.4 0.544444 4.04362e-05
24 0.544444 3.42333e-05
24.6 0.544444 2.82765e-05
25.2 0.544444 2.26479e-05
25.8 0.544444 1.74257e-05
26.4 0.544444 1.26957e-05
27 0.544444 8.56422e-06
27.6 0.544444 5.15899e-06
28.2 0.544444 2.60443e-06
28.8 0.544444 9.65803e-07
29.4 0.544444 1.78556e-07
30 0.544444 -1.11925e-36
-30 0.655556 -1.13075e-36
-29.4 0.655556 1.53139e-07
-28.8 0.655556 8.80411e-07
-28.2 0.655556 2.45379e-06
-27.6 0.655556 4.96315e-06
-27 0.655556 8.35531e-06
-26.4 0.655556 1.25031e-05
-25.8 0.655556 1.72667e-05
-25.2 0.655556 2.25265e-05
-24.6 0.655556 2.81887e-05
-24 0.655556 3.41734e-05
-23.4 0.655556 4.04011e-05
-22.8 0.655556 4.67838e-05
-22.2 0.655556 5.32226e-05
-21.6 0.655556 5.96107e-05
-21 0.655556 6.58392e-05
-20.4 0.655556 7.18067e-05
-19.8 0.655556 7.74308e-05
-19.2 0.655556 8.26546e-05
-18.6 0.655556 8.74332e-05
-18 0.655556 9.16917e-05
-17.4 0.655556 9.52667e-05
-16.8 0.655556 9.78873e-05
-16.2 0.655556 9.92764e-05
-15.6 0.655556 9.94222e-05
-15 0.655556 9.89275e-05
-14.4 0.655556 9.91304e-05
-13.8 0.655556 0.000101559
-13.2 0.655556 0.000106465
-12.6 0.655556 0.000110841
-12 0.655556 0.000107363
-11.4 0.655556 8.63909e-05
-10.8 0.655556 4.25926e-05
-10.2 0.655556 -1.49327e-05
-9.6 0.655556 -5.44422e-05
-9 0.655556 -2.45101e-05
-8.4 0.655556 0.000121851
-7.8 0.655556 0.00038141
-7.2 0.655556 0.000652101
-6.6 0.655556 0.000718863
-6 0.655556 0.000315426
-5.4 0.655556 -0.00072143
-4.8 0.655556 -0.00224554
-4.2 0.655556 -0.00365116
-3.6 0.655556 -0.00392037
-3 0.655556 -0.00195891
-2.4 0.655556 0.00283625
-1.8 0.655556 0.0100254
-1.2 0.655556 0.0179489
-0.6 0.655556 0.0241835
0 0.655556 0.0265491
0.6 0.655556 0.024165
1.2 0.655556 0.0179084
1.8 0.655556 0.00996606
2.4 0.655556 0.00277304
3 0.655556 -0.00200606
3.6 0.655556 -0.0039397
4.2 0.655556 -0.0036453
4.8 0.655556 -0.00222693
5.4 0.655556 -0.000703113
6 0.655556 0.000326174
6.6 0.655556 0.000721376
7.2 0.655556 0.000649543
7.8 0.655556 0.000377451
8.4 0.655556 0.000118791
9 0.655556 -2.58746e-05
9.6 0.655556 -5.42844e-05
10.2 0.655556 -1.38946e-05
10.8 0.655556 4.40354e-05
11.4 0.655556 8.76685e-05
12 0.655556 0.000108009
12.6 0.655556 0.000110805
13.2 0.655556 0.000106051
13.8 0.655556 0.000101135
14.4 0.655556 9.88994e-05
15 0.655556 9.88993e-05
15.6 0.655556 9.95009e-05
16.2 0.655556 9.93639e-05
16.8 0.655556 9.7935e-05
17.4 0.655556 9.52737e-05
18 0.655556 9.16785e-05
18.6 0.655556 8.74191e-05
19.2 0.655556 8.26481e-05
19.8 0.655556 7.74312e-05
20.4 0.655556 7.18099e-05
21 0.655556 6.58422e-05
21.6 0.655556 5.96124e-05
22.2 0.655556 5.32232e-05
22.8 0.655556 4.6784e-05
23.4 0.655556 4.04013e-05
24 0.655556 3.41737e-05
24.6 0.655556 2.8189e-05
25.2 0.655556 2.25268e-05
25.8 0.655556 1.72669e-05
26.4 0.655556 1.25032e-05
27 0.655556 8.35536e-06
27.6 0.655556 4.96317e-06
28.2 0.655556 2.45379e-06
28.8 0.655556 8.8041e-07
29.4 0.655556 1.53138e-07
30 0.655556 -1.13075e-36
-30 0.766667 -1.13754e-36
-29.4 0.766667 1.29408e-07
-28.8 0.766667 7.99531e-07
-28.2 0.766667 2.30865e-06
-27.6 0.766667 4.77084e-06
-27 0.766667 8.14601e-06
-26.4 0.766667 1.23065e-05
-25.8 0.766667 1.7102e-05
-25.2 0.766667 2.24006e-05
-24.6 0.766667 2.80989e-05
-24 0.766667 3.41145e-05
-23.4 0.766667 4.03692e-05
-22.8 0.766667 4.67773e-05
-22.2 0.766667 5.32398e-05
-21.6 0.766667 5.96473e-05
-21 0.766667 6.58897e-05
-20.4 0.766667 7.18716e-05
-19.8 0.766667 7.75261e-05
-19.2 0.766667 8.28134e-05
-18.6 0.766667 8.76871e-05
-18 0.766667 9.20278e-05
-17.4 0.766667 9.55803e-05
-16.8 0.766667 9.798e-05
-16.2 0.766667 9.89556e-05
-15.6 0.766667 9.87144e-05
-15 0.766667 9.83114e-05
-14.4 0.766667 9.95756e-05
-13.8 0.766667 0.000104124
-13.2 0.766667 0.000111372
-12.6 0.766667 0.000116374
-12 0.766667 0.0001094
-11.4 0.766667 7.96137e-05
-10.8 0.766667 2.38853e-05
-10.2 0.766667 -4.18004e-05
-9.6 0.766667 -7.56566e-05
-9 0.766667 -1.84316e-05
-8.4 0.766667 0.000174864
-7.8 0.766667 0.000483472
-7.2 0.766667 0.000773537
-6.6 0.766667 0.000795461
-6 0.766667 0.000265376
-5.4 0.766667 -0.000961203
-4.8 0.766667 -0.00267578
-4.2 0.766667 -0.00417985
-3.6 0.766667 -0.00436438
-3 0.766667 -0.00208455
-2.4 0.766667 0.00324469
-1.8 0.766667 0.0110926
-1.2 0.766667 0.0196573
-0.6 0.766667 0.0263623
0 0.766667 0.0289076
0.6 0.766667 0.0263636
1.2 0.766667 0.0196462
1.8 0.766667 0.0110584
2.4 0.766667 0.00319443
3 0.766667 -0.0021305
3.6 0.766667 -0.00438835
4.2 0.766667 -0.00417835
4.8 0.766667 -0.00265832
5.4 0.766667 -0.000941122
6 0.766667 0.000278924
6.6 0.766667 0.000800076
7.2 0.766667 0.000771658
7.8 0.766667 0.000479063
8.4 0.766667 0.000171
9 0.766667 -2.04309e-05
9.6 0.766667 -7.58546e-05
10.2 0.766667 -4.08091e-05
10.8 0.766667 2.53326e-05
11.4 0.766667 8.08804e-05
12 0.766667 0.000110109
12.6 0.766667 0.000116462
13.2 0.766667 0.000111042
13.8 0.766667 0.000103687
14.4 0.766667 9.92711e-05
15 0.766667 9.8214e-05
15.6 0.766667 9.87667e-05
16.2 0.766667 9.90555e-05
16.8 0.766667 9.80539e-05
17.4 0.766667 9.56063e-05
18 0.766667 9.20198e-05
18.6 0.766667 8.7669e-05
19.2 0.766667 8.28008e-05
19.8 0.766667 7.75228e-05
20.4 0.766667 7.18744e-05
21 0.766667 6.58939e-05
21.6 0.766667 5.96503e-05
22.2 0.766667 5.32411e-05
22.8 0.766667 4.67776e-05
23.4 0.766667 4.03693e-05
24 0.766667 3.41147e-05
24.6 0.766667 2.80993e-05
25.2 0.766667 2.24009e-05
25.8 0.766667 1.71023e-05
26.4 0.766667 1.23066e-05
27 0.766667 8.14608e-06
27.6 0.766667 4.77085e-06
28.2 0.766667 2.30865e-06
28.8 0.766667 7.99526e-07
29.4 0.766667 1.29406e-07
30 0.766667 -1.13755e-36
-30 0.877778 -1.14059e-36
-29.4 0.877778 1.07026e-07
-28.8 0.877778 7.22292e-07
-28.2 0.877778 2.16808e-06
-27.6 0.877778 4.58159e-06
-27 0.877778 7.93647e-06
-26.4 0.877778 1.21062e-05
-25.8 0.877778 1.6932e-05
-25.2 0.877778 2.22697e-05
-24.6 0.877778 2.80069e-05
-24 0.877778 3.40565e-05
-23.4 0.877778 4.03406e-05
-22.8 0.877778 4.67739e-05
-22.2 0.877778 5.32563e-05
-21.6 0.877778 5.96769e-05
-21 0.877778 6.59286e-05
-20.4 0.877778 7.19288e-05
-19.8 0.877778 7.76315e-05
-19.2 0.877778 8.30105e-05
-18.6 0.877778 8.79994e-05
-18 0.877778 9.24039e-05
-17.4 0.877778 9.58545e-05
-16.8 0.877778 9.79066e-05
-16.2 0.877778 9.83692e-05
-15.6 0.877778 9.77908e-05
-15 0.877778 9.77794e-05
-14.4 0.877778 0.000100625
-13.8 0.877778 0.000107777
-13.2 0.877778 0.000117371
-12.6 0.877778 0.000122093
-12 0.877778 0.000109783
-11.4 0.877778 6.91263e-05
-10.8 0.877778 6.44122e-07
-10.2 0.877778 -7.12224e-05
-9.6 0.877778 -9.40588e-05
-9 0.877778 -2.31079e-06
-8.4 0.877778 0.000243082
-7.8 0.877778 0.000598912
-7.2 0.877778 0.000896787
-6.6 0.877778 0.000855456
-6 0.877778 0.000183148
-5.4 0.877778 -0.00123296
-4.8 0.877778 -0.00311426
-4.2 0.877778 -0.00467627
-3.6 0.877778 -0.00474397
-3 0.877778 -0.00215749
-2.4 0.877778 0.00362304
-1.8 0.877778 0.0119776
-1.2 0.877778 0.0210012
-0.6 0.877778 0.0280277
0 0.877778 0.0306967
0.6 0.877778 0.028053
1.2 0.877778 0.0210264
1.8 0.877778 0.0119766
2.4 0.877778 0.00359228
3 0.877778 -0.00219862
3.6 0.877778 -0.00477191
4.2 0.877778 -0.00468032
4.8 0.877778 -0.00309953
5.4 0.877778 -0.00121214
6 0.877778 0.000199254
6.6 0.877778 0.000862485
7.2 0.877778 0.000896093
7.8 0.877778 0.00059443
8.4 0.877778 0.00023846
9 0.877778 -5.10246e-06
9.6 0.877778 -9.47129e-05
10.2 0.877778 -7.03743e-05
10.8 0.877778 2.13062e-06
11.4 0.877778 7.04919e-05
12 0.877778 0.000110589
12.6 0.877778 0.000122264
13.2 0.877778 0.000117095
13.8 0.877778 0.000107343
14.4 0.877778 0.000100275
15 0.877778 9.76227e-05
15.6 0.877778 9.78058e-05
16.2 0.877778 9.84665e-05
16.8 0.877778 9.80003e-05
17.4 0.877778 9.59025e-05
18 0.877778 9.24076e-05
18.6 0.877778 8.79812e-05
19.2 0.877778 8.29921e-05
19.8 0.877778 7.76229e-05
20.4 0.877778 7.19294e-05
21 0.877778 6.59334e-05
21.6 0.877778 5.96814e-05
22.2 0.877778 5.32588e-05
22.8 0.877778 4.67747e-05
23.4 0.877778 4.03406e-05
24 0.877778 3.40565e-05
24.6 0.877778 2.80071e-05
25.2 0.877778 2.22701e-05
25.8 0.877778 1.69323e-05
26.4 0.877778 1.21064e-05
27 0.877778 7.93657e-06
27.6 0.877778 4.58161e-06
28.2 0.877778 2.16807e-06
28.8 0.877778 7.22279e-07
29.4 0.877778 1.07021e-07
30 0.877778 -1.1406e-36
-30 0.988889 -1.14079e-36
-29.4 0.988889 8.57512e-08
-28.8 0.988889 6.48088e-07
-28.2 0.988889 2.03137e-06
-27.6 0.988889 4.39498e-06
-27 0.988889 7.7267e-06
-26.4 0.988889 1.19026e-05
-25.8 0.988889 1.67568e-05
-25.2 0.988889 2.21343e-05
-24.6 0.988889 2.79129e-05
-24 0.988889 3.4e-05
-23.4 0.988889 4.03155e-05
-22.8 0.988889 4.67725e-05
-22.2 0.988889 5.32694e-05
-21.6 0.988889 5.96961e-05
-21 0.988889 6.59549e-05
-20.4 0.988889 7.19835e-05
-19.8 0.988889 7.77596e-05
-19.2 0.988889 8.32608e-05
-18.6 0.988889 8.8375e-05
-18 0.988889 9.28014e-05
-17.4 0.988889 9.60418e-05
-16.8 0.988889 9.76084e-05
-16.2 0.988889 9.74896e-05
-15.6 0.988889 9.67046e-05
-15 0.988889 9.74871e-05
-14.4 0.988889 0.000102486
-13.8 0.988889 0.000112651
-13.2 0.988889 0.000124352
-12.6 0.988889 0.000127565
-12 0.988889 0.000107882
-11.4 0.988889 5.44593e-05
-10.8 0.988889 -2.70048e-05
-10.2 0.988889 -0.000102292
-9.6 0.988889 -0.00010834
-9 0.988889 2.46691e-05
-8.4 0.988889 0.00032601
-7.8 0.988889 0.000725971
-7.2 0.988889 0.00102004
-6.6 0.988889 0.000898627
-6 0.988889 7.07205e-05
-5.4 0.988889 -0.0015339
-4.8 0.988889 -0.00355988
-4.2 0.988889 -0.00514246
-3.6 0.988889 -0.00506285
-3 0.988889 -0.00217972
-2.4 0.988889 0.00397324
-1.8 0.988889 0.012685
-1.2 0.988889 0.0219841
-0.6 0.988889 0.0291799
0 0.988889 0.0319141
0.6 0.988889 0.0292318
1.2 0.988889 0.0220505
1.8 0.988889 0.0127231
2.4 0.988889 0.00396755
3 0.988889 -0.00221245
3.6 0.988889 -0.0050937
4.2 0.988889 -0.00515286
4.8 0.988889 -0.00354936
5.4 0.988889 -0.00151353
6 0.988889 8.89284e-05
6.6 0.988889 0.000908254
7.2 0.988889 0.00102099
7.8 0.988889 0.000721798
8.4 0.988889 0.000320789
9 0.988889 2.1042e-05
9.6 0.988889 -0.000109588
10.2 0.988889 -0.000101657
10.8 0.988889 -2.54766e-05
11.4 0.988889 5.5965e-05
12 0.988889 0.000108827
12.6 0.988889 0.000127832
13.2 0.988889 0.000124118
13.8 0.988889 0.000112212
14.4 0.988889 0.000102097
15 0.988889 9.72799e-05
15.6 0.988889 9.66824e-05
16.2 0.988889 9.75762e-05
16.8 0.988889 9.77144e-05
17.4 0.988889 9.61104e-05
18 0.988889 9.28202e-05
18.6 0.988889 8.83614e-05
19.2 0.988889 8.32388e-05
19.8 0.988889 7.77451e-05
20.4 0.988889 7.19802e-05
21 0.988889 6.59589e-05
21.6 0.988889 5.97019e-05
22.2 0.988889 5.32735e-05
22.8 0.988889 4.67742e-05
23.4 0.988889 4.03157e-05
24 0.988889 3.39998e-05
24.6 0.988889 2.79128e-05
25.2 0.988889 2.21346e-05
25.8 0.988889 1.67572e-05
26.4 0.988889 1.19028e-05
27 0.988889 7.72684e-06
27.6 0.988889 4.39501e-06
28.2 0.988889 2.03135e-06
28.8 0.988889 6.48065e-07
29.4 0.988889 8.57422e-08
30 0.988889 -1.14081e-36
-30 1.1 -1.1386e-36
-29.4 1.1 6.54173e-08
-28.8 1.1 5.76474e-07
-28.2 1.1 1.89797e-06
-27.6 1.1 4.21059e-06
-27 1.1 7.51655e-06
-26.4 1.1 1.16957e-05
-25.8 1.1 1.65769e-05
-25.2 1.1 2.19949e-05
-24.6 1.1 2.78176e-05
-24 1.1 3.39455e-05
-23.4 1.1 4.02934e-05
-22.8 1.1 4.67711e-05
-22.2 1.1 5.32755e-05
-21.6 1.1 5.97019e-05
-21 1.1 6.59696e-05
-20.4 1.1 7.20442e-05
-19.8 1.1 7.79255e-05
-19.2 1.1 8.35779e-05
-18.6 1.1 8.88121e-05
-18 1.1 9.31902e-05
-17.4 1.1 9.60868e-05
-16.8 1.1 9.70309e-05
-16.2 1.1 9.63107e-05
-15.6 1.1 9.55431e-05
-15 1.1 9.7615e-05
-14.4 1.1 0.000105357
-13.8 1.1 0.000118813
-13.2 1.1 0.000132111
-12.6 1.1 0.000132297
-12 1.1 0.000103108
-11.4 1.1 3.53107e-05
-10.8 1.1 -5.87118e-05
-10.2 1.1 -0.000133958
-9.6 1.1 -0.000117227
-9 1.1 6.30957e-05
-8.4 1.1 0.000422782
-7.8 1.1 0.000862484
-7.2 1.1 0.00114124
-6.6 1.1 0.000925028
-6 1.1 -6.89165e-05
-5.4 1.1 -0.00185985
-4.8 1.1 -0.00401109
-4.2 1.1 -0.00558199
-3.6 1.1 -0.00532757
-3 1.1 -0.00215458
-2.4 1.1 0.00429965
-1.8 1.1 0.0132239
-1.2 1.1 0.0226116
-0.6 1.1 0.0298157
0 1.1 0.0325514
0.6 1.1 0.0298953
1.2 1.1 0.0227217
1.8 1.1 0.0133051
2.4 1.1 0.00432326
3 1.1 -0.00217562
3.6 1.1 -0.0053599
4.2 1.1 -0.00559909
4.8 1.1 -0.00400608
5.4 1.1 -0.0018412
6 1.1 -4.92688e-05
6.6 1.1 0.000937256
7.2 1.1 0.00114422
7.8 1.1 0.000859046
8.4 1.1 0.000417201
9 1.1 5.86517e-05
9.6 1.1 -0.00011917
10.2 1.1 -0.000133647
10.8 1.1 -5.71845e-05
11.4 1.1 3.6977e-05
12 1.1 0.000104233
12.6 1.1 0.000132688
13.2 1.1 0.000131928
13.8 1.1 0.000118365
14.4 1.1 0.000104925
15 1.1 9.73582e-05
15.6 1.1 9.54839e-05
16.2 1.1 9.63834e-05
16.8 1.1 9.71442e-05
17.4 1.1 9.61733e-05
18 1.1 9.32254e-05
18.6 1.1 8.88061e-05
19.2 1.1 8.35549e-05
19.8 1.1 7.79056e-05
20.4 1.1 7.2036e-05
21 1.1 6.59715e-05
21.6 1.1 5.97081e-05
22.2 1.1 5.32811e-05
22.8 1.1 4.67741e-05
23.4 1.1 4.02941e-05
24 1.1 3.39452e-05
24.6 1.1 2.78173e-05
25.2 1.1 2.19949e-05
25.8 1.1 1.65772e-05
26.4 1.1 1.1696e-05
27 1.1 7.51677e-06
27.6 1.1 4.21067e-06
28.2 1.1 1.89796e-06
28.8 1.1 5.76443e-07
29.4 1.1 6.54033e-08
30 1.1 -1.13866e-36
