-30 0.1 -9.60995e-33
-29.4 0.1 0.00314575
-28.8 0.1 0.0139275
-28.2 0.1 0.0328964
-27.6 0.1 0.0595524
-27 0.1 0.0931593
-26.4 0.1 0.133032
-25.8 0.1 0.17852
-25.2 0.1 0.228934
-24.6 0.1 0.283508
-24 0.1 0.341404
-23.4 0.1 0.401731
-22.8 0.1 0.463562
-22.2 0.1 0.525953
-21.6 0.1 0.587949
-21 0.1 0.648604
-20.4 0.1 0.706989
-19.8 0.1 0.762206
-19.2 0.1 0.813401
-18.6 0.1 0.859776
-18 0.1 0.900601
-17.4 0.1 0.935228
-16.8 0.1 0.963097
-16.2 0.1 0.983747
-15.6 0.1 0.996829
-15 0.1 1.00211
-14.4 0.1 0.999465
-13.8 0.1 0.988917
-13.2 0.1 0.970597
-12.6 0.1 0.94477
-12 0.1 0.911824
-11.4 0.1 0.872264
-10.8 0.1 0.826709
-10.2 0.1 0.775878
-9.6 0.1 0.720584
-9 0.1 0.661715
-8.4 0.1 0.600222
-7.8 0.1 0.537102
-7.2 0.1 0.473382
-6.6 0.1 0.410097
-6 0.1 0.348276
-5.4 0.1 0.288921
-4.8 0.1 0.232992
-4.2 0.1 0.181386
-3.6 0.1 0.134927
-3 0.1 0.0943509
-2.4 0.1 0.0602906
-1.8 0.1 0.0332703
-1.2 0.1 0.013696
-0.6 0.1 0.00185127
0 0.1 -0.00210634
0.6 0.1 0.00185457
1.2 0.1 0.0136405
1.8 0.1 0.0330364
2.4 0.1 0.0597111
3 0.1 0.093224
3.6 0.1 0.133033
4.2 0.1 0.178505
4.8 0.1 0.228924
5.4 0.1 0.283506
6 0.1 0.341405
6.6 0.1 0.401732
7.2 0.1 0.463563
7.8 0.1 0.525953
8.4 0.1 0.587949
9 0.1 0.648604
9.6 0.1 0.706989
10.2 0.1 0.762206
10.8 0.1 0.813401
11.4 0.1 0.859776
12 0.1 0.900601
12.6 0.1 0.935228
13.2 0.1 0.963097
13.8 0.1 0.983747
14.4 0.1 0.996829
15 0.1 1.00211
15.6 0.1 0.999465
16.2 0.1 0.988917
16.8 0.1 0.970597
17.4 0.1 0.94477
18 0.1 0.911824
18.6 0.1 0.872264
19.2 0.1 0.826709
19.8 0.1 0.775878
20.4 0.1 0.720584
21 0.1 0.661715
21.6 0.1 0.600222
22.2 0.1 0.537102
22.8 0.1 0.473382
23.4 0.1 0.410096
24 0.1 0.348275
24.6 0.1 0.288924
25.2 0.1 0.233002
25.8 0.1 0.181401
26.4 0.1 0.134926
27 0.1 0.0942857
27.6 0.1 0.0601315
28.2 0.1 0.0331311
28.8 0.1 0.0139867
29.4 0.1 0.00314837
30 0.1 -9.77108e-33
-30 0.211111 -9.98284e-33
-29.4 0.211111 0.00273088
-28.8 0.211111 0.0126207
-28.2 0.211111 0.0308522
-27.6 0.211111 0.0571835
-27 0.211111 0.0907226
-26.4 0.211111 0.13053
-25.8 0.211111 0.175816
-25.2 0.211111 0.225882
-24.6 0.211111 0.280013
-24 0.211111 0.337424
-23.4 0.211111 0.397262
-22.8 0.211111 0.458631
-22.2 0.211111 0.520617
-21.6 0.211111 0.582299
-21 0.211111 0.642763
-20.4 0.211111 0.701112
-19.8 0.211111 0.756471
-19.2 0.211111 0.808004
-18.6 0.211111 0.854919
-18 0.211111 0.896485
-17.4 0.211111 0.932039
-16.8 0.211111 0.960998
-16.2 0.211111 0.982869
-15.6 0.211111 0.997259
-15 0.211111 1.00389
-14.4 0.211111 1.00258
-13.8 0.211111 0.993303
-13.2 0.211111 0.976137
-12.6 0.211111 0.951297
-12 0.211111 0.919131
-11.4 0.211111 0.880114
-10.8 0.211111 0.834846
-10.2 0.211111 0.78404
-9.6 0.211111 0.728514
-9 0.211111 0.669176
-8.4 0.211111 0.607008
-7.8 0.211111 0.543048
-7.2 0.211111 0.478367
-6.6 0.211111 0.414053
-6 0.211111 0.351185
-5.4 0.211111 0.290812
-4.8 0.211111 0.233937
-4.2 0.211111 0.181491
-3.6 0.211111 0.134322
-3 0.211111 0.0931787
-2.4 0.211111 0.0586969
-1.8 0.211111 0.0313923
-1.2 0.211111 0.0116537
-0.6 0.211111 -0.000260398
0 0.211111 -0.00422186
0.6 0.211111 -0.000231543
1.2 0.211111 0.011585
1.8 0.211111 0.0309832
2.4 0.211111 0.0576071
3 0.211111 0.0909978
3.6 0.211111 0.130603
4.2 0.211111 0.175786
4.8 0.211111 0.225839
5.4 0.211111 0.279992
6 0.211111 0.337421
6.6 0.211111 0.397266
7.2 0.211111 0.458635
7.8 0.211111 0.520618
8.4 0.211111 0.582299
9 0.211111 0.642763
9.6 0.211111 0.701111
10.2 0.211111 0.756471
10.8 0.211111 0.808004
11.4 0.211111 0.854919
12 0.211111 0.896485
12.6 0.211111 0.932039
13.2 0.211111 0.960998
13.8 0.211111 0.982869
14.4 0.211111 0.997259
15 0.211111 1.00389
15.6 0.211111 1.00258
16.2 0.211111 0.993303
16.8 0.211111 0.976137
17.4 0.211111 0.951297
18 0.211111 0.919131
18.6 0.211111 0.880114
19.2 0.211111 0.834846
19.8 0.211111 0.78404
20.4 0.211111 0.728514
21 0.211111 0.669176
21.6 0.211111 0.607008
22.2 0.211111 0.543046
22.8 0.211111 0.478364
23.4 0.211111 0.414049
24 0.211111 0.351187
24.6 0.211111 0.290833
25.2 0.211111 0.233979
25.8 0.211111 0.181521
26.4 0.211111 0.13425
27 0.211111 0.0929027
27.6 0.211111 0.0582715
28.2 0.211111 0.0312643
28.8 0.211111 0.0127045
29.4 0.211111 0.00272529
30 0.211111 -1.03152e-32
-30 0.322222 -1.04825e-32
-29.4 0.322222 0.0023787
-28.8 0.322222 0.0115178
-28.2 0.322222 0.0290119
-27.6 0.322222 0.0548759
-27 0.322222 0.0882285
-26.4 0.322222 0.127962
-25.8 0.322222 0.173108
-25.2 0.322222 0.222888
-24.6 0.322222 0.276602
-24 0.322222 0.333527
-23.4 0.322222 0.392867
-22.8 0.322222 0.453767
-22.2 0.322222 0.515341
-21.6 0.322222 0.5767
-21 0.322222 0.636957
-20.4 0.322222 0.695245
-19.8 0.322222 0.750715
-19.2 0.322222 0.802548
-18.6 0.322222 0.849964
-18 0.322222 0.89223
-17.4 0.322222 0.928674
-16.8 0.322222 0.958693
-16.2 0.322222 0.981764
-15.6 0.322222 0.997456
-15 0.322222 1.00544
-14.4 0.322222 1.00549
-13.8 0.322222 0.99752
-13.2 0.322222 0.981553
-12.6 0.322222 0.957756
-12 0.322222 0.926431
-11.4 0.322222 0.888017
-10.8 0.322222 0.843088
-10.2 0.322222 0.79235
-9.6 0.322222 0.736622
-9 0.322222 0.67683
-8.4 0.322222 0.613988
-7.8 0.322222 0.549174
-7.2 0.322222 0.483509
-6.6 0.322222 0.418134
-6 0.322222 0.354183
-5.4 0.322222 0.292757
-4.8 0.322222 0.234903
-4.2 0.322222 0.181591
-3.6 0.322222 0.133694
-3 0.322222 0.0919727
-2.4 0.322222 0.0570658
-1.8 0.322222 0.0294792
-1.2 0.322222 0.0095826
-0.6 0.322222 -0.00239171
0 0.322222 -0.00634697
0.6 0.322222 -0.00231726
1.2 0.322222 0.0095391
1.8 0.322222 0.0289479
2.4 0.322222 0.0555285
3 0.322222 0.0888039
3.6 0.322222 0.128212
4.2 0.322222 0.173114
4.8 0.322222 0.222808
5.4 0.322222 0.276538
6 0.322222 0.333504
6.6 0.322222 0.39287
7.2 0.322222 0.453776
7.8 0.322222 0.515348
8.4 0.322222 0.576701
9 0.322222 0.636956
9.6 0.322222 0.695244
10.2 0.322222 0.750714
10.8 0.322222 0.802548
11.4 0.322222 0.849964
12 0.322222 0.89223
12.6 0.322222 0.928674
13.2 0.322222 0.958693
13.8 0.322222 0.981764
14.4 0.322222 0.997456
15 0.322222 1.00544
15.6 0.322222 1.00549
16.2 0.322222 0.99752
16.8 0.322222 0.981553
17.4 0.322222 0.957756
18 0.322222 0.926431
18.6 0.322222 0.888016
19.2 0.322222 0.843088
19.8 0.322222 0.79235
20.4 0.322222 0.736623
21 0.322222 0.676832
21.6 0.322222 0.613987
22.2 0.322222 0.549168
22.8 0.322222 0.483499
23.4 0.322222 0.41813
24 0.322222 0.354204
24.6 0.322222 0.29282
25.2 0.322222 0.234985
25.8 0.322222 0.181591
26.4 0.322222 0.133447
27 0.322222 0.0913938
27.6 0.322222 0.0564081
28.2 0.322222 0.0295529
28.8 0.322222 0.0116003
29.4 0.322222 0.00235771
30 0.322222 -1.09828e-32
-30 0.433333 -1.06724e-32
-29.4 0.433333 0.00208243
-28.8 0.433333 0.0105383
-28.2 0.433333 0.0273082
-27.6 0.433333 0.0526502
-27 0.433333 0.0857357
-26.4 0.433333 0.125354
-25.8 0.433333 0.17038
-25.2 0.433333 0.219924
-24.6 0.433333 0.273264
-24 0.433333 0.329718
-23.4 0.433333 0.388555
-22.8 0.433333 0.448974
-22.2 0.433333 0.510127
-21.6 0.433333 0.571151
-21 0.433333 0.631186
-20.4 0.433333 0.689391
-19.8 0.433333 0.744942
-19.2 0.433333 0.797039
-18.6 0.433333 0.844916
-18 0.433333 0.887842
-17.4 0.433333 0.925139
-16.8 0.433333 0.956186
-16.2 0.433333 0.980434
-15.6 0.433333 0.997416
-15 0.433333 1.00676
-14.4 0.433333 1.00819
-13.8 0.433333 1.00156
-13.2 0.433333 0.986836
-12.6 0.433333 0.964138
-12 0.433333 0.933714
-11.4 0.433333 0.895963
-10.8 0.433333 0.851432
-10.2 0.433333 0.800807
-9.6 0.433333 0.744911
-9 0.433333 0.684685
-8.4 0.433333 0.62117
-7.8 0.433333 0.555489
-7.2 0.433333 0.488814
-6.6 0.433333 0.422345
-6 0.433333 0.357273
-5.4 0.433333 0.294757
-4.8 0.433333 0.235892
-4.2 0.433333 0.181687
-3.6 0.433333 0.133041
-3 0.433333 0.090731
-2.4 0.433333 0.0553954
-1.8 0.433333 0.0275294
-1.2 0.433333 0.00748179
-0.6 0.433333 -0.00454332
0 0.433333 -0.00848195
0.6 0.433333 -0.00440267
1.2 0.433333 0.00750284
1.8 0.433333 0.0269305
2.4 0.433333 0.0534751
3 0.433333 0.0866422
3.6 0.433333 0.125859
4.2 0.433333 0.170487
4.8 0.433333 0.219829
5.4 0.433333 0.273144
6 0.433333 0.329652
6.6 0.433333 0.388542
7.2 0.433333 0.448987
7.8 0.433333 0.510142
8.4 0.433333 0.571158
9 0.433333 0.631187
9.6 0.433333 0.689389
10.2 0.433333 0.74494
10.8 0.433333 0.797038
11.4 0.433333 0.844916
12 0.433333 0.887842
12.6 0.433333 0.925139
13.2 0.433333 0.956186
13.8 0.433333 0.980434
14.4 0.433333 0.997416
15 0.433333 1.00676
15.6 0.433333 1.00819
16.2 0.433333 1.00156
16.8 0.433333 0.986836
17.4 0.433333 0.964138
18 0.433333 0.933714
18.6 0.433333 0.895963
19.2 0.433333 0.851432
19.8 0.433333 0.800809
20.4 0.433333 0.744914
21 0.433333 0.684685
21.6 0.433333 0.621164
22.2 0.433333 0.555474
22.8 0.433333 0.488799
23.4 0.433333 0.422352
24 0.433333 0.357335
24.6 0.433333 0.294877
25.2 0.433333 0.235995
25.8 0.433333 0.181591
26.4 0.433333 0.132539
27 0.433333 0.0898145
27.6 0.433333 0.054562
28.2 0.433333 0.0279316
28.8 0.433333 0.0105948
29.4 0.433333 0.00203913
30 0.433333 -1.13391e-32
-30 0.544444 -1.0789e-32
-29.4 0.544444 0.00181868
-28.8 0.544444 0.00964814
-28.2 0.544444 0.0257132
-27.6 0.544444 0.0505009
-27 0.544444 0.083264
-26.4 0.544444 0.122728
-25.8 0.544444 0.167633
-25.2 0.544444 0.216975
-24.6 0.544444 0.269982
-24 0.544444 0.325992
-23.4 0.544444 0.384331
-22.8 0.544444 0.44426
-22.2 0.544444 0.504978
-21.6 0.544444 0.565654
-21 0.544444 0.625452
-20.4 0.544444 0.683553
-19.8 0.544444 0.739157
-19.2 0.544444 0.791485
-18.6 0.544444 0.839783
-18 0.544444 0.883328
-17.4 0.544444 0.921439
-16.8 0.544444 0.95348
-16.2 0.544444 0.978881
-15.6 0.544444 0.997139
-15 0.544444 1.00784
-14.4 0.544444 1.01066
-13.8 0.544444 1.0054
-13.2 0.544444 0.991972
-12.6 0.544444 0.970429
-12 0.544444 0.940969
-11.4 0.544444 0.903946
-10.8 0.544444 0.859871
-10.2 0.544444 0.809412
-9.6 0.544444 0.753385
-9 0.544444 0.692744
-8.4 0.544444 0.628561
-7.8 0.544444 0.562001
-7.2 0.544444 0.494292
-6.6 0.544444 0.426693
-6 0.544444 0.360462
-5.4 0.544444 0.296816
-4.8 0.544444 0.236904
-4.2 0.544444 0.181776
-3.6 0.544444 0.132362
-3 0.544444 0.0894518
-2.4 0.544444 0.0536839
-1.8 0.544444 0.0255414
-1.2 0.544444 0.00535015
-0.6 0.544444 -0.00671584
0 0.544444 -0.0106271
0.6 0.544444 -0.00648783
1.2 0.544444 0.00547623
1.8 0.544444 0.0249309
2.4 0.544444 0.0514468
3 0.544444 0.0845123
3.6 0.544444 0.123545
4.2 0.544444 0.167906
4.8 0.544444 0.216903
5.4 0.544444 0.269809
6 0.544444 0.325864
6.6 0.544444 0.384284
7.2 0.544444 0.444267
7.8 0.544444 0.505002
8.4 0.544444 0.565671
9 0.544444 0.625458
9.6 0.544444 0.683552
10.2 0.544444 0.739154
10.8 0.544444 0.791482
11.4 0.544444 0.839782
12 0.544444 0.883329
12.6 0.544444 0.921439
13.2 0.544444 0.953481
13.8 0.544444 0.978881
14.4 0.544444 0.997139
15 0.544444 1.00784
15.6 0.544444 1.01066
16.2 0.544444 1.0054
16.8 0.544444 0.991972
17.4 0.544444 0.970428
18 0.544444 0.940968
18.6 0.544444 0.903946
19.2 0.544444 0.859873
19.8 0.544444 0.809415
20.4 0.544444 0.753388
21 0.544444 0.692741
21.6 0.544444 0.628546
22.2 0.544444 0.561976
22.8 0.544444 0.494277
23.4 0.544444 0.42673
24 0.544444 0.360583
24.6 0.544444 0.296995
25.2 0.544444 0.236995
25.8 0.544444 0.181523
26.4 0.544444 0.131545
27 0.544444 0.0881833
27.6 0.544444 0.0527279
28.2 0.544444 0.0263733
28.8 0.544444 0.00965486
29.4 0.544444 0.00174652
30 0.544444 -1.16186e-32
-30 0.655556 -1.08296e-32
-29.4 0.655556 0.00158012
-28.8 0.655556 0.00882551
-28.2 0.655556 0.0242063
-27.6 0.655556 0.0484226
-27 0.655556 0.0808229
-26.4 0.655556 0.120098
-25.8 0.655556 0.164876
-25.2 0.655556 0.214036
-24.6 0.655556 0.266744
-24 0.655556 0.322339
-23.4 0.655556 0.380193
-22.8 0.655556 0.439629
-22.2 0.655556 0.4999
-21.6 0.655556 0.560212
-21 0.655556 0.619756
-20.4 0.655556 0.677734
-19.8 0.655556 0.733365
-19.2 0.655556 0.78589
-18.6 0.655556 0.834572
-18 0.655556 0.878696
-17.4 0.655556 0.91758
-16.8 0.655556 0.950581
-16.2 0.655556 0.977105
-15.6 0.655556 0.996623
-15 0.655556 1.00868
-14.4 0.655556 1.01291
-13.8 0.655556 1.00904
-13.2 0.655556 0.996949
-12.6 0.655556 0.976614
-12 0.655556 0.948182
-11.4 0.655556 0.911953
-10.8 0.655556 0.868399
-10.2 0.655556 0.81816
-9.6 0.655556 0.762044
-9 0.655556 0.701014
-8.4 0.655556 0.636169
-7.8 0.655556 0.568719
-7.2 0.655556 0.49995
-6.6 0.655556 0.431187
-6 0.655556 0.363754
-5.4 0.655556 0.298936
-4.8 0.655556 0.237939
-4.2 0.655556 0.181859
-3.6 0.655556 0.131656
-3 0.655556 0.0881328
-2.4 0.655556 0.0519293
-1.8 0.655556 0.0235135
-1.2 0.655556 0.00318655
-0.6 0.655556 -0.00890993
0 0.655556 -0.0127827
0.6 0.655556 -0.00857277
1.2 0.655556 0.00345932
1.8 0.655556 0.0229493
2.4 0.655556 0.0494436
3 0.655556 0.0824141
3.6 0.655556 0.12127
4.2 0.655556 0.165369
4.8 0.655556 0.214028
5.4 0.655556 0.266533
6 0.655556 0.322141
6.6 0.655556 0.380093
7.2 0.655556 0.439616
7.8 0.655556 0.499928
8.4 0.655556 0.560242
9 0.655556 0.619772
9.6 0.655556 0.677736
10.2 0.655556 0.733361
10.8 0.655556 0.785886
11.4 0.655556 0.83457
12 0.655556 0.878696
12.6 0.655556 0.917581
13.2 0.655556 0.950582
13.8 0.655556 0.977105
14.4 0.655556 0.996623
15 0.655556 1.00868
15.6 0.655556 1.01291
16.2 0.655556 1.00904
16.8 0.655556 0.996948
17.4 0.655556 0.976614
18 0.655556 0.948181
18.6 0.655556 0.911954
19.2 0.655556 0.868403
19.8 0.655556 0.818165
20.4 0.655556 0.762046
21 0.655556 0.701003
21.6 0.655556 0.636141
22.2 0.655556 0.568685
22.8 0.655556 0.499947
23.4 0.655556 0.431269
24 0.655556 0.363948
24.6 0.655556 0.299167
25.2 0.655556 0.237982
25.8 0.655556 0.181392
26.4 0.655556 0.130476
27 0.655556 0.0865083
27.6 0.655556 0.0509001
28.2 0.655556 0.0248579
28.8 0.655556 0.00875923
29.4 0.655556 0.0014728
30 0.655556 -1.18181e-32
-30 0.766667 -1.0826e-32
-29.4 0.766667 0.00136082
-28.8 0.766667 0.00805725
-28.2 0.766667 0.0227735
-27.6 0.766667 0.046409
-27 0.766667 0.0784166
-26.4 0.766667 0.117474
-25.8 0.766667 0.162114
-25.2 0.766667 0.211107
-24.6 0.766667 0.263545
-24 0.766667 0.318752
-23.4 0.766667 0.376138
-22.8 0.766667 0.435083
-22.2 0.766667 0.494897
-21.6 0.766667 0.554829
-21 0.766667 0.614102
-20.4 0.766667 0.671936
-19.8 0.766667 0.72757
-19.2 0.766667 0.780262
-18.6 0.766667 0.829291
-18 0.766667 0.873954
-17.4 0.766667 0.913571
-16.8 0.766667 0.947493
-16.2 0.766667 0.975111
-15.6 0.766667 0.995868
-15 0.766667 1.00927
-14.4 0.766667 1.01491
-13.8 0.766667 1.01247
-13.2 0.766667 1.00175
-12.6 0.766667 0.982681
-12 0.766667 0.95534
-11.4 0.766667 0.919975
-10.8 0.766667 0.877008
-10.2 0.766667 0.827048
-9.6 0.766667 0.770889
-9 0.766667 0.709499
-8.4 0.766667 0.644002
-7.8 0.766667 0.575653
-7.2 0.766667 0.505798
-6.6 0.766667 0.435833
-6 0.766667 0.367155
-5.4 0.766667 0.301121
-4.8 0.766667 0.239
-4.2 0.766667 0.181935
-3.6 0.766667 0.130919
-3 0.766667 0.086772
-2.4 0.766667 0.0501294
-1.8 0.766667 0.021444
-1.2 0.766667 0.000989832
-0.6 0.766667 -0.0111262
0 0.766667 -0.0149489
0.6 0.766667 -0.0106575
1.2 0.766667 0.00145222
1.8 0.766667 0.0209856
2.4 0.766667 0.0474655
3 0.766667 0.0803473
3.6 0.766667 0.119032
4.2 0.766667 0.162876
4.8 0.766667 0.211204
5.4 0.766667 0.263313
6 0.766667 0.318481
6.6 0.766667 0.37597
7.2 0.766667 0.435034
7.8 0.766667 0.49492
8.4 0.766667 0.554871
9 0.766667 0.614131
9.6 0.766667 0.671946
10.2 0.766667 0.727567
10.8 0.766667 0.780256
11.4 0.766667 0.829286
12 0.766667 0.873952
12.6 0.766667 0.913572
13.2 0.766667 0.947494
13.8 0.766667 0.975112
14.4 0.766667 0.995868
15 0.766667 1.00927
15.6 0.766667 1.01491
16.2 0.766667 1.01247
16.8 0.766667 1.00175
17.4 0.766667 0.98268
18 0.766667 0.95534
18.6 0.766667 0.919977
19.2 0.766667 0.877014
19.8 0.766667 0.827055
20.4 0.766667 0.770887
21 0.766667 0.709477
21.6 0.766667 0.643959
22.2 0.766667 0.575614
22.8 0.766667 0.50582
23.4 0.766667 0.435978
24 0.766667 0.36743
24.6 0.766667 0.30139
25.2 0.766667 0.238955
25.8 0.766667 0.181203
26.4 0.766667 0.129342
27 0.766667 0.0847923
27.6 0.766667 0.0490721
28.2 0.766667 0.0233715
28.8 0.766667 0.00789512
29.4 0.766667 0.00121219
30 0.766667 -1.19684e-32
-30 0.877778 -1.0788e-32
-29.4 0.877778 0.00115721
-28.8 0.877778 0.00733397
-28.2 0.877778 0.0214042
-27.6 0.877778 0.0444548
-27 0.877778 0.076047
-26.4 0.877778 0.114861
-25.8 0.877778 0.159353
-25.2 0.877778 0.208187
-24.6 0.877778 0.260378
-24 0.877778 0.315225
-23.4 0.877778 0.372162
-22.8 0.877778 0.430621
-22.2 0.877778 0.489971
-21.6 0.877778 0.54951
-21 0.877778 0.608492
-20.4 0.877778 0.666162
-19.8 0.877778 0.721774
-19.2 0.877778 0.774605
-18.6 0.877778 0.823946
-18 0.877778 0.869109
-17.4 0.877778 0.909419
-16.8 0.877778 0.944224
-16.2 0.877778 0.972902
-15.6 0.877778 0.994875
-15 0.877778 1.00962
-14.4 0.877778 1.01667
-13.8 0.877778 1.01568
-13.2 0.877778 1.00637
-12.6 0.877778 0.988615
-12 0.877778 0.96243
-11.4 0.877778 0.927997
-10.8 0.877778 0.885689
-10.2 0.877778 0.836074
-9.6 0.877778 0.779923
-9 0.877778 0.718205
-8.4 0.877778 0.652069
-7.8 0.877778 0.582813
-7.2 0.877778 0.511847
-6.6 0.877778 0.44064
-6 0.877778 0.370672
-5.4 0.877778 0.303375
-4.8 0.877778 0.240086
-4.2 0.877778 0.182003
-3.6 0.877778 0.130152
-3 0.877778 0.0853668
-2.4 0.877778 0.048282
-1.8 0.877778 0.0193312
-1.2 0.877778 -0.00124119
-0.6 0.877778 -0.0133653
0 0.877778 -0.017126
0.6 0.877778 -0.0127419
1.2 0.877778 -0.000544936
1.8 0.877778 0.01904
2.4 0.877778 0.0455124
3 0.877778 0.0783118
3.6 0.877778 0.116831
4.2 0.877778 0.160427
4.8 0.877778 0.20843
5.4 0.877778 0.26015
6 0.877778 0.314883
6.6 0.877778 0.371913
7.2 0.877778 0.430521
7.8 0.877778 0.489979
8.4 0.877778 0.549561
9 0.877778 0.608538
9.6 0.877778 0.666184
10.2 0.877778 0.721777
10.8 0.877778 0.774597
11.4 0.877778 0.823939
12 0.877778 0.869105
12.6 0.877778 0.909418
13.2 0.877778 0.944225
13.8 0.877778 0.972903
14.4 0.877778 0.994875
15 0.877778 1.00962
15.6 0.877778 1.01667
16.2 0.877778 1.01568
16.8 0.877778 1.00637
17.4 0.877778 0.988614
18 0.877778 0.962431
18.6 0.877778 0.928003
19.2 0.877778 0.885699
19.8 0.877778 0.83608
20.4 0.877778 0.779913
21 0.877778 0.718167
21.6 0.877778 0.65201
22.2 0.877778 0.582776
22.8 0.877778 0.511907
23.4 0.877778 0.440864
24 0.877778 0.371031
24.6 0.877778 0.303664
25.2 0.877778 0.239916
25.8 0.877778 0.180961
26.4 0.877778 0.128145
27 0.877778 0.0830357
27.6 0.877778 0.0472376
28.2 0.877778 0.0219039
28.8 0.877778 0.00705335
29.4 0.877778 0.00096125
30 0.877778 -1.20786e-32
-30 0.988889 -1.07246e-32
-29.4 0.988889 0.000966634
-28.8 0.988889 0.0066489
-28.2 0.988889 0.0200907
-27.6 0.988889 0.0425549
-27 0.988889 0.0737143
-26.4 0.988889 0.112264
-25.8 0.988889 0.156596
-25.2 0.988889 0.205277
-24.6 0.988889 0.257242
-24 0.988889 0.311754
-23.4 0.988889 0.36826
-22.8 0.988889 0.426242
-22.2 0.988889 0.485125
-21.6 0.988889 0.544258
-21 0.988889 0.602932
-20.4 0.988889 0.660416
-19.8 0.988889 0.715983
-19.2 0.988889 0.768923
-18.6 0.988889 0.818544
-18 0.988889 0.864169
-17.4 0.988889 0.905131
-16.8 0.988889 0.940779
-16.2 0.988889 0.970483
-15.6 0.988889 0.993644
-15 0.988889 1.00971
-14.4 0.988889 1.01818
-13.8 0.988889 1.01865
-13.2 0.988889 1.01079
-12.6 0.988889 0.9944
-12 0.988889 0.969435
-11.4 0.988889 0.936008
-10.8 0.988889 0.894433
-10.2 0.988889 0.84523
-9.6 0.988889 0.789143
-9 0.988889 0.727136
-8.4 0.988889 0.660377
-7.8 0.988889 0.590209
-7.2 0.988889 0.518106
-6.6 0.988889 0.445618
-6 0.988889 0.374311
-5.4 0.988889 0.305702
-4.8 0.988889 0.241201
-4.2 0.988889 0.182063
-3.6 0.988889 0.129351
-3 0.988889 0.0839149
-2.4 0.988889 0.0463847
-1.8 0.988889 0.0171732
-1.2 0.988889 -0.00350777
-0.6 0.988889 -0.0156279
0 0.988889 -0.0193141
0.6 0.988889 -0.014826
1.2 0.988889 -0.00253196
1.8 0.988889 0.0171127
2.4 0.988889 0.0435843
3 0.988889 0.0763074
3.6 0.988889 0.114667
4.2 0.988889 0.158021
4.8 0.988889 0.205705
5.4 0.988889 0.257043
6 0.988889 0.311346
6.6 0.988889 0.367922
7.2 0.988889 0.426075
7.8 0.988889 0.485105
8.4 0.988889 0.544311
9 0.988889 0.602995
9.6 0.988889 0.660455
10.2 0.988889 0.715994
10.8 0.988889 0.768917
11.4 0.988889 0.818534
12 0.988889 0.864161
12.6 0.988889 0.905128
13.2 0.988889 0.940779
13.8 0.988889 0.970485
14.4 0.988889 0.993646
15 0.988889 1.00971
15.6 0.988889 1.01818
16.2 0.988889 1.01865
16.8 0.988889 1.01078
17.4 0.988889 0.994399
18 0.988889 0.969438
18.6 0.988889 0.936018
19.2 0.988889 0.894445
19.8 0.988889 0.845234
20.4 0.988889 0.789122
21 0.988889 0.727079
21.6 0.988889 0.660303
22.2 0.988889 0.590182
22.8 0.988889 0.518219
23.4 0.988889 0.445932
24 0.988889 0.374755
24.6 0.988889 0.305991
25.2 0.988889 0.240866
25.8 0.988889 0.180667
26.4 0.988889 0.126888
27 0.988889 0.0812375
27.6 0.988889 0.045391
28.2 0.988889 0.0204468
28.8 0.988889 0.00622727
29.4 0.988889 0.000717391
30 0.988889 -1.21575e-32
-30 1.1 -1.06415e-32
-29.4 1.1 0.00078716
-28.8 1.1 0.0059969
-28.2 1.1 0.0188264
-27.6 1.1 0.0407053
-27 1.1 0.0714184
-26.4 1.1 0.109686
-25.8 1.1 0.153847
-25.2 1.1 0.202379
-24.6 1.1 0.254134
-24 1.1 0.308333
-23.4 1.1 0.36443
-22.8 1.1 0.421945
-22.2 1.1 0.48036
-21.6 1.1 0.539076
-21 1.1 0.597425
-20.4 1.1 0.654702
-19.8 1.1 0.710199
-19.2 1.1 0.763222
-18.6 1.1 0.81309
-18 1.1 0.85914
-17.4 1.1 0.900714
-16.8 1.1 0.937165
-16.2 1.1 0.967858
-15.6 1.1 0.99218
-15 1.1 1.00955
-14.4 1.1 1.01944
-13.8 1.1 1.02138
-13.2 1.1 1.01499
-12.6 1.1 1.00002
-12 1.1 0.97634
-11.4 1.1 0.943993
-10.8 1.1 0.903228
-10.2 1.1 0.85451
-9.6 1.1 0.79855
-9 1.1 0.736297
-8.4 1.1 0.668936
-7.8 1.1 0.597852
-7.2 1.1 0.524587
-6.6 1.1 0.450777
-6 1.1 0.37808
-5.4 1.1 0.308105
-4.8 1.1 0.242344
-4.2 1.1 0.182113
-3.6 1.1 0.128514
-3 1.1 0.0824136
-2.4 1.1 0.0444349
-1.8 1.1 0.014968
-1.2 1.1 -0.00581118
-0.6 1.1 -0.0179146
0 1.1 -0.0215135
0.6 1.1 -0.0169096
1.2 1.1 -0.00450862
1.8 1.1 0.0152037
2.4 1.1 0.0416813
3 1.1 0.0743339
3.6 1.1 0.11254
4.2 1.1 0.155657
4.8 1.1 0.203029
5.4 1.1 0.25399
6 1.1 0.30787
6.6 1.1 0.363997
7.2 1.1 0.421697
7.8 1.1 0.480297
8.4 1.1 0.539123
9 1.1 0.597502
9.6 1.1 0.65476
10.2 1.1 0.710224
10.8 1.1 0.763221
11.4 1.1 0.813078
12 1.1 0.859128
12.6 1.1 0.900708
13.2 1.1 0.937164
13.8 1.1 0.96786
14.4 1.1 0.992182
15 1.1 1.00955
15.6 1.1 1.01944
16.2 1.1 1.02137
16.8 1.1 1.01499
17.4 1.1 1.00002
18 1.1 0.976346
18.6 1.1 0.944007
19.2 1.1 0.903242
19.8 1.1 0.85451
20.4 1.1 0.798513
21 1.1 0.736218
21.6 1.1 0.668849
22.2 1.1 0.597844
22.8 1.1 0.524767
23.4 1.1 0.451193
24 1.1 0.378607
24.6 1.1 0.308375
25.2 1.1 0.241809
25.8 1.1 0.180326
26.4 1.1 0.125572
27 1.1 0.0793957
27.6 1.1 0.0435272
28.2 1.1 0.0189935
28.8 1.1 0.00541169
29.4 1.1 0.000478719
30 1.1 -1.221e-32
