4040	
	-1.930792082e-42	-1.019840345e-13	2.247280468e-13	1.620786275e-12	3.933831939e-12
	5.933964745e-12	5.544931957e-12	7.936771716e-13	-8.648413577e-12	-1.994791279e-11
	-2.666008503e-11	-2.042331277e-11	4.799763073e-12	4.694075959e-11	9.121793602e-11
	1.105000365e-10	7.379360783e-11	-3.705007572e-11	-2.073475657e-10	-3.763470674e-10
	-4.428584735e-10	-2.979709543e-10	1.178119147e-10	7.510316531e-10	1.396715261e-09
	1.719126621e-09	1.352030414e-09	6.718739702e-11	-2.040079225e-09	-4.430598922e-09
	-6.152026279e-09	-6.06968532e-09	-3.27454363e-09	2.440012214e-09	1.020392548e-08
	1.797728709e-08	2.285323692e-08	2.175190501e-08	1.236573346e-08	-5.877414106e-09
	-3.107723208e-08	-5.852406651e-08	-8.086318811e-08	-8.890137765e-08	-7.335001292e-08
	-2.777029823e-08	4.766354037e-08	1.431760679e-07	2.395376036e-07	3.128327726e-07
	3.427704761e-07	3.207544567e-07	2.533987795e-07	1.596111701e-07	6.297514352e-08
	-1.650718887e-08	-6.756246278e-08	-8.837929429e-08	-8.414824116e-08	-6.359324685e-08
	-3.603843948e-08	-9.455093319e-09	1.065487051e-08	2.170673759e-08	2.386772544e-08
	1.935447253e-08	1.139552688e-08	3.159668841e-09	-3.05884229e-09	-6.220608109e-09
	-6.470893932e-09	-4.744927324e-09	-2.249310027e-09	-1.260685095e-11	1.372642416e-09
	1.789500807e-09	1.470877732e-09	8.015739488e-10	1.375439055e-10	-3.021863995e-10
	-4.586558249e-10	-3.927199406e-10	-2.180463736e-10	-4.075274147e-11	7.520736385e-11
	1.141010578e-10	9.461006025e-11	4.892641007e-11	5.284352577e-12	-2.090839211e-11
	-2.745767716e-11	-2.059233914e-11	-8.958927928e-12	7.768084376e-13	5.683061732e-12
	6.094664942e-12	4.043380717e-12	1.667118804e-12	2.320212434e-13	-1.044323106e-13
	-1.983608208e-42	-1.817683596e-42	-1.401565047e-13	6.773590677e-14	1.297093653e-12
	3.48868812e-12	5.547805493e-12	5.51098092e-12	1.397773955e-12	-7.332071336e-12
	-1.826315005e-11	-2.543924573e-11	-2.078466642e-11	1.973730478e-12	4.171412874e-11
	8.517330075e-11	1.067363647e-10	7.601493834e-11	-2.633209571e-11	-1.889401938e-10
	-3.557944858e-10	-4.299955471e-10	-3.039386843e-10	8.568831547e-11	6.947844726e-10
	1.331050967e-09	1.669987879e-09	1.349339103e-09	1.331874347e-10	-1.902951833e-09
	-4.247154284e-09	-5.972896712e-09	-5.960067661e-09	-3.296231605e-09	2.247393474e-09
	9.836971398e-09	1.747603854e-08	2.230264719e-08	2.127755351e-08	1.211959769e-08
	-5.742960627e-09	-3.043317782e-08	-5.726278833e-08	-7.888832916e-08	-8.621577793e-08
	-7.035897384e-08	-2.570472456e-08	4.66298678e-08	1.365840429e-07	2.260305893e-07
	2.934553723e-07	3.210775443e-07	3.013657627e-07	2.398531451e-07	1.529354608e-07
	6.181107111e-08	-1.459578514e-08	-6.47087034e-08	-8.577358584e-08	-8.217385676e-08
	-6.225864406e-08	-3.527675305e-08	-9.198546469e-09	1.050081756e-08	2.127620121e-08
	2.331329422e-08	1.881658249e-08	1.097982943e-08	2.924529874e-09	-3.106065689e-09
	-6.117531452e-09	-6.283965253e-09	-4.546983885e-09	-2.098100368e-09	6.264574294e-11
	1.373185926e-09	1.738852188e-09	1.401350676e-09	7.413770629e-10	1.027835955e-10
	-3.090989358e-10	-4.454192145e-10	-3.711659095e-10	-1.986392801e-10	-2.940040487e-11
	7.762333191e-11	1.102132372e-10	8.831036121e-11	4.346880844e-11	2.328713716e-12
	-2.129413947e-11	-2.619465178e-11	-1.884590089e-11	-7.59463741e-12	1.402643992e-12
	5.648352431e-12	5.69612721e-12	3.584465236e-12	1.333921773e-12	7.072774037e-14
	-1.435557211e-13	-1.866295147e-42	-1.700152202e-42	-1.720417283e-13	-6.99920384e-14
	1.001591742e-12	3.066143874e-12	5.158713915e-12	5.433288243e-12	1.919233639e-12
	-6.109196236e-12	-1.663068232e-11	-2.417202178e-11	-2.097018527e-11	-5.765631851e-13
	3.675829767e-11	7.923661273e-11	1.02771226e-10	7.767862711e-11	-1.640311644e-11
	-1.712500239e-10	-3.354941224e-10	-4.166066979e-10	-3.085559457e-10	5.541251288e-11
	6.402356486e-10	1.266196469e-09	1.620255079e-09	1.344610037e-09	1.961875048e-10
	-1.76898027e-09	-4.066231616e-09	-5.795207952e-09	-5.850880791e-09	-3.31780511e-09
	2.05529861e-09	9.472615243e-09	1.698402298e-08	2.177295503e-08	2.083298729e-08
	1.189295559e-08	-5.628360556e-09	-2.985675597e-08	-5.60746475e-08	-7.691955905e-08
	-8.344653066e-08	-6.727884757e-08	-2.366906137e-08	4.544722772e-08	1.29938018e-07
	2.128570254e-07	2.748847928e-07	3.004040851e-07	2.827814129e-07	2.26636283e-07
	1.461996807e-07	6.049221412e-08	-1.271804918e-08	-6.17666671e-08	-8.308260655e-08
	-8.020300034e-08	-6.099519979e-08	-3.45821307e-08	-8.962732254e-09	1.036443862e-08
	2.087345029e-08	2.277831182e-08	1.828746822e-08	1.056727193e-08	2.691087917e-09
	-3.151900586e-09	-6.013960971e-09	-6.098118846e-09	-4.351731142e-09	-1.950531087e-09
	1.343570861e-10	1.371293657e-09	1.68744215e-09	1.332675469e-09	6.830425499e-10
	7.005658783e-11	-3.145268896e-10	-4.316023523e-10	-3.498787951e-10	-1.800012539e-10
	-1.889267234e-11	7.944426031e-11	1.06111327e-10	8.212539897e-11	3.82976323e-11
	-3.363739941e-13	-2.149540911e-11	-2.488349072e-11	-1.715461753e-11	-6.328158263e-12
	1.942384499e-12	5.568318845e-12	5.294754248e-12	3.149136916e-12	1.029987344e-12
	-7.062684464e-14	-1.761852649e-13	-1.744567129e-42	-1.579527775e-42	-1.979750249e-13
	-1.891728487e-13	7.339470774e-13	2.667323483e-12	4.769862504e-12	5.316447884e-12
	2.362010289e-12	-4.979326047e-12	-1.50557079e-11	-2.286902144e-11	-2.099221247e-11
	-2.858794528e-12	3.207667746e-11	7.342495789e-11	9.863110285e-11	7.880943799e-11
	-7.253837826e-12	-1.542923927e-10	-3.154838963e-10	-4.027373454e-10	-3.118530938e-10
	2.698763566e-11	5.874231793e-10	1.202201539e-09	1.569947875e-09	1.337798618e-09
	2.56098109e-10	-1.638195002e-09	-3.887670938e-09	-5.618635301e-09	-5.741975783e-09
	-3.339704867e-09	1.862978734e-09	9.111212724e-09	1.650380528e-08	2.126668861e-08
	2.041481009e-08	1.167396396e-08	-5.543961801e-09	-2.933904219e-08	-5.492902634e-08
	-7.493278175e-08	-8.061078196e-08	-6.41631074e-08	-2.169957093e-08	4.414579117e-08
	1.233144939e-07	2.000569869e-07	2.570724527e-07	2.806554429e-07	2.649512342e-07
	2.137859048e-07	1.394783144e-07	5.904759777e-08	-1.091062558e-08	-5.878976813e-08
	-8.032326876e-08	-7.821130797e-08	-5.977210066e-08	-3.39456186e-08	-8.758122562e-09
	1.02337368e-08	2.049501791e-08	2.226533469e-08	1.77697671e-08	1.015826982e-08
	2.458616721e-09	-3.196798763e-09	-5.909777506e-09	-5.913062359e-09	-4.159031601e-09
	-1.806639229e-09	2.024458206e-10	1.366937295e-09	1.635306615e-09	1.26491208e-09
	6.266104737e-10	3.936158016e-11	-3.185079233e-10	-4.17257236e-10	-3.289001652e-10
	-1.621479659e-10	-9.218264239e-12	8.069765697e-11	1.018240061e-10	7.607326664e-11
	3.341616087e-11	-2.719379335e-12	-2.15254343e-11	-2.353540086e-11	-1.552387144e-11
	-5.158890347e-12	2.400256585e-12	5.447794912e-12	4.89384154e-12	2.738528262e-12
	7.549295829e-13	-1.928121493e-13	-2.026767263e-13	-1.619803404e-42	-1.457080972e-42
	-2.183140782e-13	-2.906134902e-13	4.936444068e-13	2.293104099e-12	4.384203026e-12
	5.164992608e-12	2.7302628e-12	-3.941535081e-12	-1.354287726e-11	-2.154052508e-11
	-2.086327415e-11	-4.881412532e-12	2.767159204e-11	6.77546098e-11	9.434257516e-11
	7.94333952e-11	1.126966372e-12	-1.380812926e-10	-2.958022975e-10	-3.884355463e-10
	-3.138632031e-10	4.170081611e-13	5.363882503e-10	1.139116264e-09	1.519077586e-09
	1.328854007e-09	3.128576725e-10	-1.510553907e-09	-3.711281291e-09	-5.443026596e-09
	-5.633570075e-09	-3.362472896e-09	1.670455902e-09	8.754418965e-09	1.603790796e-08
	2.078354949e-08	2.001640494e-08	1.145262016e-08	-5.492322519e-09	-2.886627831e-08
	-5.38028866e-08	-7.291836041e-08	-7.772887843e-08	-6.104895413e-08	-1.981279528e-08
	4.275322986e-08	1.167633491e-07	1.876516416e-07	2.399825915e-07	2.617662426e-07
	2.478380824e-07	2.013210867e-07	1.328193066e-07	5.750369287e-08	-9.190467669e-09
	-5.581511366e-08	-7.75156355e-08	-7.61888756e-08	-5.856615975e-08	-3.335345573e-08
	-8.587380999e-09	1.00985812e-08	2.013421842e-08	2.17740812e-08	1.726606906e-08
	9.754541822e-09	2.227164883e-09	-3.24131412e-09	-5.805231393e-09	-5.728677707e-09
	-3.968716215e-09	-1.666387666e-09	2.668597226e-10	1.360082633e-09	1.582472855e-09
	1.198120212e-09	5.721235477e-10	1.069715636e-11	-3.210824513e-10	-4.024383189e-10
	-3.082718899e-10	-1.450935157e-10	-3.638678727e-13	8.141226932e-11	9.73799486e-11
	7.017112725e-11	2.882650545e-11	-4.82956642e-12	-2.139760616e-11	-2.216121466e-11
	-1.395845577e-11	-4.085749122e-12	2.780691066e-12	5.291539598e-12	4.496447623e-12
	2.35351321e-12	5.081758358e-13	-2.966884308e-13	-2.234079329e-13	-1.49331778e-42
	-1.334016156e-42	-2.3343514e-13	-3.752004193e-13	2.799993508e-13	1.944121663e-12
	4.004457611e-12	4.983369567e-12	3.028325541e-12	-2.994449181e-12	-1.20962761e-11
	-2.01964355e-11	-2.059602178e-11	-6.653614882e-12	2.354423999e-11	6.22409486e-11
	8.993225385e-11	7.957775736e-11	8.752394722e-12	-1.226294961e-10	-2.764882939e-10
	-3.737510728e-10	-3.146204348e-10	-2.429590543e-11	4.871699143e-10	1.076982351e-09
	1.467648845e-09	1.317746e-09	3.664669962e-10	-1.385965591e-09	-3.536961311e-09
	-5.268500496e-09	-5.526076975e-09	-3.386315752e-09	1.478641096e-09	8.404369236e-09
	1.558770729e-08	2.032093597e-08	1.963049638e-08	1.122211858e-08	-5.471315344e-09
	-2.842448876e-08	-5.267992948e-08	-7.08742229e-08	-7.481985794e-08	-5.796221865e-08
	-1.801567282e-08	4.129278628e-08	1.103192321e-07	1.756524712e-07	2.235869973e-07
	2.43688504e-07	2.314125268e-07	1.892514143e-07	1.262554904e-07	5.588255384e-08
	-7.564951633e-09	-5.286843914e-08	-7.467843971e-08	-7.413335886e-08	-5.736094729e-08
	-3.279168171e-08	-8.448484832e-09	9.952052067e-09	1.978371682e-08	2.13019642e-08
	1.67778121e-08	9.358285201e-09	1.997671672e-09	-3.285664245e-09	-5.700770115e-09
	-5.545119127e-09	-3.780705586e-09	-1.529688804e-09	3.276101931e-10	1.350716596e-09
	1.52896118e-09	1.132350553e-09	5.196217805e-10	-1.593826136e-11	-3.2229198e-10
	-3.872015683e-10	-2.880360447e-10	-1.288505637e-10	7.685797866e-12	8.161804956e-11
	9.280775314e-11	6.443513347e-11	2.452957538e-11	-6.676966022e-12	-2.112541255e-11
	-2.077133955e-11	-1.246255899e-11	-3.107183107e-12	3.088291518e-12	5.104211609e-12
	4.105385552e-12	1.994714119e-12	2.889804898e-13	-3.831954612e-13	-2.387747478e-13
	-1.366351546e-42	-1.211465204e-42	-2.437292065e-13	-4.438888347e-13	9.217206648e-14
	1.620778489e-12	3.633111516e-12	4.77591652e-12	3.260677934e-12	-2.136263354e-12
	-1.07194123e-11	-1.884623273e-11	-2.02031775e-11	-8.185317e-12	1.969468471e-11
	5.689841777e-11	8.542669976e-11	7.927084969e-11	1.563717336e-11	-1.079485652e-10
	-2.575805063e-10	-3.587337373e-10	-3.141594196e-10	-4.715114731e-11	4.397976291e-10
	1.015831403e-09	1.415676292e-09	1.304492851e-09	4.169861499e-10	-1.264360352e-09
	-3.364783687e-09	-5.09539194e-09	-5.419854951e-09	-3.410923901e-09	1.289035005e-09
	8.063003384e-09	1.515326741e-08	1.987495258e-08	1.925042762e-08	1.097849604e-08
	-5.476387109e-09	-2.800110896e-08	-5.15489718e-08	-6.880210791e-08	-7.190017862e-08
	-5.492111426e-08	-1.631023342e-08	3.978375975e-08	1.040070279e-07	1.640655684e-07
	2.078626571e-07	2.263849366e-07	2.156504618e-07	1.775812578e-07	1.1981006e-07
	5.420233372e-08	-6.036553473e-09	-4.996787483e-08	-7.18278331e-08	-7.204622116e-08
	-5.614515566e-08	-3.224775686e-08	-8.336987154e-09	9.790079337e-09	1.943680467e-08
	2.084510453e-08	1.630511877e-08	8.971498533e-09	1.771665339e-09	-3.329550113e-09
	-5.596786338e-09	-5.362757719e-09	-3.595094483e-09	-1.396476001e-09	3.84768919e-10
	1.338875097e-09	1.474801724e-09	1.067643085e-09	4.691349908e-10	-4.05500698e-11
	-3.221784757e-10	-3.716027704e-10	-2.682340779e-10	-1.134303462e-10	1.494772628e-11
	8.134597708e-11	8.813585752e-11	5.888038549e-11	2.052507272e-11	-8.272339451e-12
	-2.072237999e-11	-1.937571218e-11	-1.103975349e-11	-2.221194081e-12	3.327801835e-12
	4.890344892e-12	3.723216163e-12	1.66251047e-12	9.643971532e-14	-4.533411313e-13
	-2.491870535e-13	-1.240067356e-42	-1.090482149e-42	-2.495982049e-13	-4.976917411e-13
	-7.081834407e-14	1.32325229e-12	3.27240771e-12	4.546839494e-12	3.431914016e-12
	-1.364762365e-12	-9.415209756e-12	-1.74989375e-11	-1.96974787e-11	-9.487096403e-12
	1.612188742e-11	5.174048683e-11	8.085223652e-11	7.854171963e-11	2.17974402e-11
	-9.404833602e-11	-2.391157165e-10	-3.434322161e-10	-3.125171328e-10	-6.815798819e-11
	3.942874998e-10	9.55693342e-10	1.363205051e-09	1.289169416e-09	4.644988428e-10
	-1.14575451e-09	-3.19500093e-09	-4.924126498e-09	-5.315043232e-09	-3.435516555e-09
	1.103374822e-09	7.731745113e-09	1.47335808e-08	1.944119058e-08	1.887061916e-08
	1.071993851e-08	-5.501947606e-09	-2.758542031e-08	-5.040247599e-08	-6.670555753e-08
	-6.898366922e-08	-5.193863794e-08	-1.469592355e-08	3.82421226e-08	9.784511504e-08
	1.528938071e-07	1.927902052e-07	2.098254574e-07	2.005315375e-07	1.663119236e-07
	1.134998288e-07	5.247791702e-08	-4.605162436e-09	-4.712634996e-08	-6.897734815e-08
	-6.993073234e-08	-5.491112546e-08	-3.171099091e-08	-8.24740421e-09	9.610746922e-09
	1.908785679e-08	2.039911223e-08	1.584703819e-08	8.595660995e-09	1.550908653e-09
	-3.372201712e-09	-5.493453131e-09	-5.182054993e-09	-3.412157286e-09	-1.266768105e-09
	4.384319343e-10	1.32465108e-09	1.420054978e-09	1.004035568e-09	4.206790676e-10
	-6.315321628e-11	-3.207862423e-10	-3.556963424e-10	-2.489053091e-10	-9.884216171e-11
	2.144039699e-11	8.062770381e-11	8.339234662e-11	5.352089502e-11	1.681153037e-11
	-9.627117496e-12	-2.020201497e-11	-1.798376152e-11	-9.692991418e-12	-1.425360322e-12
	3.50407386e-12	4.654325731e-12	3.352243274e-12	1.35704905e-12	-7.04930818e-14
	-5.081899178e-13	-2.550647697e-13	-1.115544039e-42	-9.720385212e-43	-2.514512483e-13
	-5.376690303e-13	-2.100789981e-13	1.051506513e-12	2.924343747e-12	4.30019288e-12
	3.546712146e-12	-6.773466608e-13	-8.186013015e-12	-1.616308122e-11	-1.909160862e-11
	-1.057009936e-11	1.282376163e-11	4.677955034e-11	7.623462002e-11	7.741976137e-11
	2.725086653e-11	-8.093585208e-11	-2.211275005e-10	-3.278944739e-10	-3.097366316e-10
	-8.733918124e-11	3.506449323e-10	8.9660962e-10	1.310322671e-09	1.271894322e-09
	5.090700933e-10	-1.030279288e-09	-3.02799825e-09	-4.755105287e-09	-5.211506098e-09
	-3.458978995e-09	9.23374005e-10	7.411423623e-09	1.432689487e-08	1.901522125e-08
	1.848662989e-08	1.044612999e-08	-5.542160007e-09	-2.716850104e-08	-4.923545368e-08
	-6.458884693e-08	-6.608180461e-08	-4.902415318e-08	-1.317084374e-08	3.668114044e-08
	9.184732234e-08	1.42138039e-07	1.783529788e-07	1.939850619e-07	1.860382025e-07
	1.554428387e-07	1.073371865e-07	5.072154981e-08	-3.269309131e-09	-4.435317555e-08
	-6.613818037e-08	-6.779090396e-08	-5.365374879e-08	-3.117249003e-08	-8.174003216e-09
	9.413641116e-09	1.873239097e-08	1.995957945e-08	1.540187312e-08	8.231654229e-09
	1.337138193e-09	-3.41251592e-09	-5.39066824e-09	-5.003447311e-09	-3.232300467e-09
	-1.140698335e-09	4.886770577e-10	1.308181505e-09	1.364823708e-09	9.415768244e-10
	3.742586756e-10	-8.377644083e-11	-3.18165662e-10	-3.395357582e-10	-2.300855585e-10
	-8.509230445e-11	2.718389005e-11	7.949516917e-11	7.86046165e-11	4.836948527e-11
	1.338637172e-11	-1.075330138e-11	-1.957773124e-11	-1.660437885e-11	-8.424611458e-12
	-7.168652689e-13	3.622035252e-12	4.40037244e-12	2.994511308e-12	1.078255466e-12
	-2.129914329e-13	-5.488514339e-13	-2.568339679e-13	-9.937722062e-43	-8.570195065e-43
	-2.497010518e-13	-5.649168386e-13	-3.268281941e-13	8.053021871e-13	2.590671629e-12
	4.039862203e-12	3.609803259e-12	-7.106637778e-14	-7.033601302e-12	-1.484667245e-11
	-1.839810109e-11	-1.144592246e-11	9.797197031e-12	4.202672321e-11	7.159864896e-11
	7.593453301e-11	3.201720184e-11	-6.861420055e-11	-2.036457905e-10	-3.121697062e-10
	-3.058706528e-10	-1.047315405e-10	3.088717771e-10	8.386442271e-10	1.257158902e-09
	1.252806836e-09	5.507155109e-10	-9.18176653e-10	-2.864230268e-09	-4.588630579e-09
	-5.1088492e-09	-3.480009332e-09	7.505680815e-10	7.102320096e-09	1.39310054e-08
	1.859287087e-08	1.809504889e-08	1.01577412e-08	-5.591366455e-09	-2.674301622e-08
	-4.804468427e-08	-6.245640864e-08	-6.320405614e-08	-4.618444305e-08	-1.17324265e-08
	3.511187453e-08	8.602418916e-08	1.317977974e-07	1.645363789e-07	1.788424903e-07
	1.721550576e-07	1.449722466e-07	1.013313573e-07	4.894334816e-08	-2.026836519e-09
	-4.165509584e-08	-6.331954276e-08	-6.563091828e-08	-5.236968907e-08	-3.062494475e-08
	-8.111225456e-09	9.199340169e-09	1.836695909e-08	1.952235468e-08	1.496747324e-08
	7.879808892e-09	1.131910009e-09	-3.449203534e-09	-5.28807046e-09	-4.827271246e-09
	-3.055999018e-09	-1.01851004e-09	5.355330423e-10	1.289624043e-09	1.309252667e-09
	8.803377717e-10	3.298744595e-10	-1.024628216e-10	-3.143767907e-10	-3.231754957e-10
	-2.118067121e-10	-7.21829036e-11	3.220042481e-11	7.798040951e-11	7.379898008e-11
	4.343758713e-11	1.024593974e-11	-1.166333855e-11	-1.886275134e-11	-1.524588433e-11
	-7.23635536e-12	-9.253435328e-14	3.686656004e-12	4.132517936e-12	2.651806032e-12
	8.258471857e-13	-3.323398463e-13	-5.764693297e-13	-2.54923177e-13	-8.756507668e-43
	-7.462214762e-43	-2.447606061e-13	-5.805573354e-13	-4.22380107e-13	5.842116798e-13
	2.272900784e-12	3.769548344e-12	3.62593538e-12	4.573369502e-13	-5.959204508e-12
	-1.355714912e-11	-1.762922496e-11	-1.212650597e-11	7.038013353e-12	3.749157123e-11
	6.696786997e-11	7.411587948e-11	3.611902234e-11	-5.708180205e-11	-1.86697556e-10
	-2.963108024e-10	-3.009834459e-10	-1.203830519e-10	2.689743364e-10	7.818888222e-10
	1.203876449e-09	1.232043758e-09	5.893872208e-10	-8.097755454e-10	-2.704163773e-09
	-4.424871345e-09	-5.006470995e-09	-3.497240656e-09	5.862418646e-10	6.804264905e-09
	1.354348409e-08	1.817035395e-08	1.76933321e-08	9.85605486e-09	-5.644302599e-09
	-2.630297303e-08	-4.682816671e-08	-6.031252763e-08	-6.035822039e-08	-4.342442588e-08
	-1.037782166e-08	3.354358185e-08	8.038380398e-08	1.218717314e-07	1.513274331e-07
	1.643793396e-07	1.588684123e-07	1.348976349e-07	9.548923725e-08	4.715170225e-08
	-8.752798934e-10	-3.903700218e-08	-6.05289969e-08	-6.345482707e-08	-5.105683456e-08
	-3.006238421e-08	-8.053898746e-09	8.96904082e-09	1.798898384e-08	1.908367537e-08
	1.45414622e-08	7.540001706e-09	9.365267885e-10	-3.480911473e-09	-5.185091055e-09
	-4.653728977e-09	-2.883739005e-09	-9.005328361e-10	5.789654325e-10	1.269133837e-09
	1.253519255e-09	8.204165607e-10	2.875311006e-10	-1.192668419e-10	-3.094911745e-10
	-3.066735034e-10	-1.940974106e-10	-6.011121954e-11	3.6515102e-11	7.611567463e-11
	6.900036868e-11	3.87349709e-11	7.38545592e-12	-1.237001041e-11	-1.806998793e-11
	-1.391597976e-11	-6.129386575e-12	4.511204294e-13	3.702911368e-12	3.854593939e-12
	2.325658521e-12	5.993484826e-13	-4.29917664e-13	-5.922107097e-13	-2.497599803e-13
	-7.619848983e-43	-6.403515183e-43	-2.370401205e-13	-5.85728831e-13	-4.981288917e-13
	3.876344631e-13	1.972303128e-12	3.492751118e-12	3.59983398e-12	9.113863101e-13
	-4.963511552e-12	-1.230131621e-11	-1.679687172e-11	-1.262407449e-11	4.540851755e-12
	3.318187221e-11	6.23644886e-11	7.199428951e-11	3.95823406e-11	-4.633243217e-11
	-1.703082179e-10	-2.803762688e-10	-2.951503618e-10	-1.34348074e-10	2.309695008e-10
	7.264618444e-10	1.150657559e-09	1.209721962e-09	6.249739568e-10	-7.054606394e-10
	-2.548235126e-09	-4.263858061e-09	-4.903624906e-09	-3.50933034e-09	4.314098172e-10
	6.516745816e-09	1.316184213e-08	1.774432156e-08	1.727963522e-08	9.542700214e-09
	-5.69619232e-09	-2.584349105e-08	-4.558473582e-08	-5.816118493e-08	-5.755070153e-08
	-4.074765147e-08	-9.10411856e-09	3.198402767e-08	7.49323828e-08	1.123578849e-07
	1.387144815e-07	1.505794523e-07	1.461659673e-07	1.252160098e-07	8.981597136e-08
	4.535359169e-08	1.879149331e-10	-3.650242728e-08	-5.777273682e-08	-6.126639813e-08
	-4.971391652e-08	-2.947994613e-08	-7.997330535e-09	8.724294156e-09	1.75965919e-08
	1.864021574e-08	1.412140066e-08	7.211763334e-09	7.520181505e-10	-3.506312049e-09
	-5.08101584e-09	-4.482882969e-09	-2.715974839e-09	-7.871513062e-10	6.188766186e-10
	1.246845946e-09	1.197820031e-09	7.619376676e-10	2.472434881e-10	-1.342495465e-10
	-3.035914137e-10	-2.900931209e-10	-1.76984473e-10	-4.886967649e-11	4.015650442e-11
	7.393377888e-11	6.423224093e-11	3.426950978e-11	4.798917079e-12	-1.288636757e-11
	-1.721192878e-11	-1.262168685e-11	-5.104301435e-12	9.178536168e-13	3.67574078e-12
	3.570214718e-12	2.017351325e-12	3.981073667e-13	-5.071824219e-13	-5.972559552e-13
	-2.417679156e-13	-6.534861034e-43	-5.400289087e-43	-2.269441024e-13	-5.815758368e-13
	-5.555319595e-13	2.148141782e-13	1.689918324e-12	3.212750954e-12	3.536161178e-12
	1.294830554e-12	-4.04666682e-12	-1.108528117e-11	-1.591247458e-11	-1.295113507e-11
	2.299054058e-12	2.910349823e-11	5.780949537e-11	6.960130302e-11	4.243682133e-11
	-3.635591563e-11	-1.545032028e-10	-2.644310044e-10	-2.88455613e-10	-1.466822727e-10
	1.948878551e-10	6.725032283e-10	1.097690348e-09	1.185928168e-09	6.573105737e-10
	-6.056414406e-10	-2.396823193e-09	-4.105495574e-09	-4.799479013e-09	-3.515019406e-09
	2.86827417e-10	6.239008726e-09	1.278364196e-08	1.731186176e-08	1.685266332e-08
	9.219468534e-09	-5.742776222e-09	-2.536060346e-08	-4.431379289e-08	-5.600598399e-08
	-5.478674476e-08	-3.815665148e-08	-7.908475701e-09	3.043973025e-08	6.967467874e-08
	1.032538817e-07	1.266869492e-07	1.374284817e-07	1.340365827e-07	1.159240771e-07
	8.431536177e-08	4.355483214e-08	1.165265248e-09	-3.405389396e-08	-5.505582326e-08
	-5.906904403e-08	-4.834024148e-08	-2.887367802e-08	-7.937335161e-09	8.466822449e-09
	1.718846401e-08	1.818908703e-08	1.370489738e-08	6.894378695e-09	5.791518871e-10
	-3.524162264e-09	-4.975044747e-09	-4.314668725e-09	-2.553102126e-09	-6.78774058e-10
	6.551153211e-10	1.222865042e-09	1.142356972e-09	7.05046585e-10	2.090398457e-10
	-1.474734371e-10	-2.967688928e-10	-2.735038462e-10	-1.604944578e-10	-3.844657036e-11
	4.315690075e-11	7.146850174e-11	5.951670797e-11	3.004706602e-11	2.478980568e-12
	-1.322572293e-11	-1.630055379e-11	-1.136928405e-11	-4.161128566e-12	1.311644917e-12
	3.610005874e-12	3.282759141e-12	1.727924869e-12	2.213137594e-13	-5.656524916e-13
	-5.927885881e-13	-2.313635433e-13	-5.507742564e-43	-4.457872919e-43	-2.148683536e-13
	-5.692387208e-13	-5.960926761e-13	6.485555627e-14	1.426557527e-12	2.932589607e-12
	3.439479186e-12	1.611616911e-12	-3.208258914e-12	-9.914406334e-12	-1.498697565e-11
	-1.312051379e-11	3.045917123e-13	2.526046051e-11	5.332293064e-11	6.696978485e-11
	4.471552144e-11	-2.713923132e-11	-1.393091491e-10	-2.48545823e-10	-2.80988981e-10
	-1.574384226e-10	1.60773778e-10	6.201667108e-10	1.045157149e-09	1.160715294e-09
	6.861925386e-10	-5.107256843e-10	-2.250235353e-09	-3.949585311e-09	-4.693167444e-09
	-3.513168261e-09	1.530184996e-10	5.97014387e-09	1.240657008e-08	1.68704753e-08
	1.641154344e-08	8.888186759e-09	-5.78030476e-09	-2.485109136e-08	-4.301511546e-08
	-5.385012285e-08	-5.207062599e-08	-3.565319102e-08	-6.788195804e-09	2.891615286e-08
	6.461427888e-08	9.455705125e-08	1.152351739e-07	1.249135748e-07	1.224701047e-07
	1.070183656e-07	7.899016375e-08	4.176026877e-08	2.059178773e-09	-3.169316528e-08
	-5.238237394e-08	-5.686579605e-08	-4.693550261e-08	-2.824037175e-08	-7.870226056e-09
	8.198393921e-09	1.676370826e-08	1.77278129e-08	1.328968157e-08	6.586972744e-09
	4.184611505e-10	-3.533339481e-09	-4.866343073e-09	-4.14891687e-09	-2.395443598e-09
	-5.758071015e-10	6.87491056e-10	1.197261703e-09	1.087325758e-09	6.499021017e-10
	1.729618419e-10	-1.589982389e-10	-2.89120455e-10	-2.569808428e-10	-1.446548752e-10
	-2.882718893e-11	4.555197078e-11	6.875485349e-11	5.487479811e-11	2.607154103e-11
	4.169002025e-13	-1.340168318e-11	-1.534730086e-11	-1.016426064e-11	-3.299320802e-12
	1.636669195e-12	3.510453042e-12	2.995351958e-12	1.458182409e-12	6.801743951e-14
	-6.068892646e-13	-5.79984814e-13	-2.189534583e-13	-4.543803786e-43	-3.580756614e-43
	-2.011967209e-13	-5.498429435e-13	-6.213433102e-13	-6.326034073e-14	1.182805233e-12
	2.655052869e-12	3.31422315e-12	1.865875286e-12	-2.447312185e-12	-8.793293755e-12
	-1.403083996e-11	-1.314539547e-11	-1.451911091e-12	2.165510268e-11	4.892417979e-11
	6.413395061e-11	4.645421889e-11	-1.866772667e-11	-1.247545056e-10	-2.327959451e-10
	-2.728422178e-10	-1.66663604e-10	1.286831701e-10	5.696113912e-10	9.932258062e-10
	1.134103807e-09	7.113921015e-10	-4.210984319e-10	-2.108703205e-09	-3.795850968e-09
	-4.583831777e-09	-3.502775298e-09	3.030914767e-11	5.709156115e-09	1.202848229e-08
	1.641803996e-08	1.595572036e-08	8.550631992e-09	-5.80551379e-09	-2.431234871e-08
	-4.16887224e-08	-5.169639142e-08	-4.940580479e-08	-3.323845182e-08	-5.740768558e-09
	2.74178553e-08	5.975382333e-08	8.6264516e-08	1.043502759e-07	1.130231357e-07
	1.114572327e-07	9.849531263e-08	7.384230407e-08	3.997392895e-08	2.871912877e-09
	-2.942142651e-08	-4.975571685e-08	-5.465930286e-08	-4.549964604e-08	-2.75774287e-08
	-7.792790591e-09	7.920738223e-09	1.632175629e-08	1.72542938e-08	1.28736477e-08
	6.288580345e-09	2.702781665e-10	-3.532859977e-09	-4.75408274e-09	-3.985378712e-09
	-2.243244753e-09	-4.786329297e-10	7.157902816e-10	1.170073723e-09	1.032907028e-09
	5.96667834e-10	1.390623224e-10	-1.688780702e-10	-2.80744772e-10	-2.406034138e-10
	-1.294947866e-10	-1.999504204e-11	4.738011693e-11	6.582909134e-11	5.032675237e-11
	2.234507565e-11	-1.39744264e-12	-1.342818358e-11	-1.436307919e-11	-9.011304179e-12
	-2.517750083e-12	1.897278466e-12	3.381685726e-12	2.710847309e-12	1.208693096e-12
	-6.285580049e-14	-6.324797152e-13	-5.600027251e-13	-2.0493108e-13	-3.647481929e-43
	-2.772566521e-43	-1.862976387e-13	-5.244883386e-13	-6.328293482e-13	-1.706634248e-13
	9.590204254e-13	2.382658891e-12	3.164685853e-12	2.061909881e-12	-1.762292572e-12
	-7.725808902e-12	-1.305410037e-11	-1.303933203e-11	-2.98104583e-12	1.828839232e-11
	4.463220299e-11	6.112911495e-11	4.769047258e-11	-1.092620039e-11	-1.108694652e-10
	-2.172588174e-10	-2.641056929e-10	-1.743978759e-10	9.86796304e-11	5.209936746e-10
	9.420439994e-10	1.106086404e-09	7.326740283e-10	-3.371068162e-10	-1.972384789e-09
	-3.643964065e-09	-4.470652847e-09	-3.482983807e-09	-8.113743655e-11	5.455020487e-09
	1.164742978e-08	1.595277153e-08	1.548487292e-08	8.208474508e-09	-5.815592637e-09
	-2.37422733e-08	-4.03347778e-08	-4.954718175e-08	-4.679504723e-08	-3.091316715e-08
	-4.763893742e-09	2.594861404e-08	5.50951693e-08	7.837325317e-08	9.402405677e-08
	1.017466468e-07	1.009894177e-07	9.035132385e-08	6.887304466e-08	3.819914319e-08
	3.605552898e-09	-2.723941921e-08	-4.717851344e-08	-5.2451842e-08	-4.403277578e-08
	-2.688275105e-08	-7.70225763e-09	7.635490232e-09	1.586228021e-08	1.676676794e-08
	1.245488119e-08	5.998201451e-09	1.347689347e-10	-3.521885835e-09	-4.637473995e-09
	-3.823751694e-09	-2.096676013e-09	-3.875952484e-10	7.397921152e-10	1.141310747e-09
	9.79260649e-10	5.455041394e-10	1.074014848e-10	-1.771600894e-10	-2.717389568e-10
	-2.244528e-10	-1.150447392e-10	-1.193296056e-11	4.868150492e-11	6.272845675e-11
	4.589225471e-11	1.886834968e-11	-2.975398479e-12	-1.331949133e-11	-1.335831439e-11
	-7.914327398e-12	-1.814716864e-12	2.097991454e-12	3.228148951e-12	2.431818047e-12
	9.797943275e-13	-1.724906774e-13	-6.440204625e-13	-5.339716198e-13	-1.896732518e-13
	-2.822329328e-43	-2.036019814e-43	-1.705207116e-13	-4.942392325e-13	-6.32096099e-13
	-2.585842365e-13	7.553392066e-13	2.11765481e-12	2.99501328e-12	2.204190933e-12
	-1.151135673e-12	-6.71513902e-12	-1.206641141e-11	-1.281619688e-11	-4.29439272e-12
	1.516024856e-11	4.046563981e-11	5.799119817e-11	4.846257097e-11	-3.89970871e-12
	-9.768532381e-11	-2.020116254e-10	-2.548656038e-10	-1.806742299e-10	7.082984352e-11
	4.744602467e-10	8.917361908e-10	1.076634539e-09	7.498097127e-10	-2.590497032e-10
	-1.841370746e-09	-3.493567386e-09	-4.352874253e-09	-3.453081392e-09	-1.812881433e-10
	5.206725006e-09	1.126167239e-08	1.547318577e-08	1.499884792e-08	7.863240493e-09
	-5.808150415e-09	-2.313917962e-08	-3.895352228e-08	-4.74045046e-08	-4.424052433e-08
	-2.867772206e-08	-3.855492511e-09	2.451151769e-08	5.063951533e-08	7.088013834e-08
	8.424891998e-08	9.107453021e-08	9.105878145e-08	8.258281661e-08	6.408310675e-08
	3.64386415e-08	4.262001952e-09	-2.514754087e-08	-4.46528573e-08	-5.024533721e-08
	-4.253508581e-08	-2.61546548e-08	-7.596263436e-09	7.3441534e-09	1.538512684e-08
	1.626377322e-08	1.20316715e-08	5.714843645e-09	1.196586616e-11	-3.49972436e-09
	-4.515788825e-09	-3.663702741e-09	-1.955838823e-09	-3.02988611e-10	7.592824384e-10
	1.110960777e-09	9.265226247e-10	4.965610573e-10	7.804226036e-11	-1.838844265e-10
	-2.621957403e-10	-2.086096685e-10	-1.013361235e-10	-4.62391971e-12	4.949699171e-11
	5.949067036e-11	4.159053791e-11	1.564091881e-11	-4.329313115e-12	-1.309015519e-11
	-1.234300295e-11	-6.876530327e-12	-1.187981865e-12	2.243483561e-12	3.054125074e-12
	2.160553555e-12	7.715955535e-13	-2.621714288e-13	-6.431042465e-13	-5.0298222e-13
	-1.735368924e-13	-2.07097222e-43	-1.37286349e-43	-1.541937015e-13	-4.60116195e-13
	-6.206779345e-13	-3.283447989e-13	5.71681238e-13	1.862022452e-12	2.809207223e-12
	2.297339474e-12	-6.112992633e-13	-5.763874756e-12	-1.1077091e-11	-1.24900785e-11
	-5.404228984e-12	1.226984996e-11	3.644276843e-11	5.475606443e-11	4.880850516e-11
	2.425959328e-12	-8.523342211e-11	-1.871287974e-10	-2.452018829e-10	-1.855195108e-10
	4.519878476e-11	4.301423569e-10	8.424026325e-10	1.045705686e-09	7.625891243e-10
	-1.871712987e-10	-1.715692481e-09	-3.344295349e-09	-4.229819058e-09	-3.412494957e-09
	-2.702107918e-10	4.963303022e-09	1.086968358e-08	1.49780636e-08	1.449760854e-08
	7.516288382e-09	-5.781183696e-09	-2.250172968e-08	-3.754522401e-08	-4.527000817e-08
	-4.17438905e-08	-2.653222819e-08	-3.013711507e-09	2.310904304e-08	4.638749583e-08
	6.378197657e-08	7.501780796e-08	8.099804134e-08	8.165805375e-08	7.518625057e-08
	5.947276562e-08	3.469462997e-08	4.842977546e-09	-2.314591939e-08	-4.218035298e-08
	-4.80413779e-08	-4.100681165e-08	-2.539180072e-08	-7.472819044e-09	7.048076524e-09
	1.489026642e-08	1.574411247e-08	1.160251691e-08	5.4375543e-09	-9.82031665e-11
	-3.465823083e-09	-4.38837763e-09	-3.504888576e-09	-1.82077376e-09	-2.250519866e-10
	7.740658541e-10	1.078997395e-09	8.748040557e-10	4.49972553e-10	5.104551004e-11
	-1.890850801e-10	-2.522013412e-10	-1.931515923e-10	-8.840011443e-11	1.948467314e-12
	4.986707642e-11	5.615325827e-11	3.744034472e-11	1.266153293e-11	-5.472225776e-12
	-1.275489462e-11	-1.132675558e-11	-5.900486229e-12	-6.348222844e-13	2.338570158e-12
	2.863736891e-12	1.899066764e-12	5.839858272e-13	-3.332721653e-13	-6.313091473e-13
	-4.680785622e-13	-1.568560574e-13	-1.395053177e-43	-7.838200894e-44	-1.376202483e-13
	-4.230898964e-13	-6.000898135e-13	-3.81349024e-13	4.077615537e-13	1.617491839e-12
	2.611129736e-12	2.346100136e-12	-1.398369902e-13	-4.874100448e-12	-1.009513554e-11
	-1.207512011e-11	-6.323209351e-12	9.6158832e-12	3.258133049e-11	5.145877654e-11
	4.876506327e-11	8.064125302e-12	-7.354384831e-11	-1.726797169e-10	-2.351867973e-10
	-1.889559661e-10	2.184517805e-11	3.881514525e-10	7.941198343e-10	1.013250516e-09
	7.708304532e-10	-1.216577378e-10	-1.595330966e-09	-3.195790978e-09	-4.100901161e-09
	-3.36078341e-09	-3.480492273e-10	4.723857113e-09	1.047015024e-08	1.446642058e-08
	1.398119457e-08	7.168794516e-09	-5.733047195e-09	-2.182887858e-08	-3.611014394e-08
	-4.314499675e-08	-3.930634588e-08	-2.447657953e-08	-2.236922728e-09	2.174311536e-08
	4.233925317e-08	5.707552422e-08	6.632415177e-08	7.150918455e-08	7.278052198e-08
	6.815814987e-08	5.504192322e-08	3.296885181e-08	5.350012128e-09	-2.123446889e-08
	-3.976217862e-08	-4.584123823e-08	-3.944819587e-08	-2.459313989e-08	-7.330280709e-09
	6.748439651e-09	1.437775296e-08	1.520682292e-08	1.116612421e-08	5.165444375e-09
	-1.95889995e-10	-3.419762511e-09	-4.2546806e-09	-3.346972665e-09	-1.691469281e-09
	-1.539652926e-10	7.83975358e-10	1.045386931e-09	8.241915551e-10	4.058521048e-10
	2.646547009e-11	-1.927914421e-10	-2.41834026e-10	-1.781507348e-10	-7.626637402e-11
	7.799772301e-12	4.983097169e-11	5.275279545e-11	3.345975617e-11	9.928396129e-12
	-6.417539414e-12	-1.23284356e-11	-1.031881449e-11	-4.988236492e-12	-1.521090354e-13
	2.388178292e-12	2.660952884e-12	1.649109037e-12	4.16646631e-13	-3.872469029e-13
	-6.101901654e-13	-4.302520166e-13	-1.399397337e-13	-7.95179343e-44	-2.685628758e-44
	-1.210785035e-13	-3.840770653e-13	-5.71820164e-13	-4.190710546e-13	2.631082012e-13
	1.385559737e-12	2.404504402e-12	2.35530009e-12	2.665138238e-13	-4.047479048e-12
	-9.129201357e-12	-1.15853209e-11	-7.064053891e-12	7.196710726e-12	2.889825228e-11
	4.81328467e-11	4.836710367e-11	1.302733095e-11	-6.264406423e-11	-1.587267757e-10
	-2.248841662e-10	-1.910031162e-10	8.174866239e-13	3.48576067e-10	7.469419619e-10
	9.792194741e-10	7.743875381e-10	-6.263581025e-11	-1.480225252e-09	-3.047719498e-09
	-3.965632563e-09	-3.29762956e-09	-4.150028136e-10	4.487576215e-09	1.006196951e-08
	1.393748118e-08	1.344969241e-08	6.821745158e-09	-5.662428262e-09	-2.111983238e-08
	-3.464851157e-08	-4.103044809e-08	-3.69286851e-08	-2.251049366e-08	-1.523720938e-09
	2.04151559e-08	3.849449211e-08	5.075750379e-08	5.816183078e-08	6.260064778e-08
	6.441999135e-08	6.149511888e-08	5.079016351e-08	3.126263539e-08	5.784455758e-09
	-1.941293126e-08	-3.739913524e-08	-4.364589479e-08	-3.785946386e-08	-2.375787135e-08
	-7.167324239e-09	6.446246164e-09	1.384769427e-08	1.465115046e-08	1.072140557e-08
	4.897705574e-09	-2.813056675e-10	-3.361248088e-09	-4.11423505e-09	-3.189638827e-09
	-1.567870187e-09	-8.984804244e-11	7.888798126e-10	1.010095019e-09	7.747485882e-10
	3.642895381e-10	4.345728582e-12	-1.95030139e-10	-2.311632828e-10	-1.636718766e-10
	-6.496167991e-11	1.294483862e-11	4.942585316e-11	4.932414643e-11	2.966591782e-11
	7.439346595e-12	-7.178698692e-12	-1.182530912e-11	-9.328037716e-12	-4.141380294e-12
	2.636022085e-13	2.397304896e-12	2.449589461e-12	1.412190083e-12	2.690704071e-13
	-4.256176414e-13	-5.812722088e-13	-3.904374091e-13	-1.2307054e-13	-2.708993152e-44
	1.742632879e-44	-1.048206522e-13	-3.439380867e-13	-5.37323918e-13	-4.430403694e-13
	1.370850397e-13	1.167509809e-12	2.192910514e-12	2.329794995e-12	6.112389849e-13
	-3.285320587e-12	-8.187552116e-12	-1.103431864e-11	-7.639271383e-12	5.010451318e-12
	2.540930134e-11	4.480954761e-11	4.764703158e-11	1.732764387e-11	-5.255758859e-11
	-1.453238382e-10	-2.143490819e-10	-1.916796949e-10	-1.784940317e-11	3.114798059e-10
	7.009027349e-10	9.435684154e-10	7.731552691e-10	-1.017313758e-11	-1.370280123e-09
	-2.899778732e-09	-3.823627544e-09	-3.222832165e-09	-4.713101976e-10	4.253747377e-09
	9.644243955e-09	1.339065778e-08	1.290321304e-08	6.475932851e-09	-5.568325479e-09
	-2.037401606e-08	-3.316050857e-08	-3.892702871e-08	-3.461133473e-08	-2.063354155e-08
	-8.729197298e-10	1.912611871e-08	3.485252021e-08	4.482461334e-08	5.052514036e-08
	5.426575136e-08	5.657075352e-08	5.519385297e-08	4.671679412e-08	2.957693158e-08
	6.147479793e-09	-1.76809066e-08	-3.509168471e-08	-4.145604199e-08	-3.624080719e-08
	-2.288540988e-08	-6.982923498e-09	6.142319008e-09	1.330022973e-08	1.407652856e-08
	1.026747384e-08	4.633622224e-09	-3.547041858e-10	-3.290102333e-09	-3.966679727e-09
	-3.032601686e-09	-1.449885216e-09	-3.275941917e-11	7.886894148e-10	9.730922206e-10
	7.265173016e-10	3.253489476e-10	-1.528410441e-11	-1.958269388e-10	-2.202494944e-10
	-1.497708528e-10	-5.450861505e-11	1.739806095e-11	4.868631232e-11	4.589976847e-11
	2.607470369e-11	5.191950036e-12	-7.76890434e-12	-1.125963202e-11	-8.362850172e-12
	-3.361147705e-12	6.159750459e-13	2.370962406e-12	2.233306232e-12	1.189599371e-12
	1.405841023e-13	-4.499592897e-13	-5.460432447e-13	-3.495107668e-13	-1.065043066e-13
	1.792748358e-44	5.469691756e-44	-8.907313042e-14	-3.034754848e-13	-4.98014529e-13
	-4.548231368e-13	2.891820485e-14	9.644310362e-13	1.979768001e-12	2.274404975e-12
	8.979573318e-13	-2.588627135e-12	-7.277977271e-12	-1.043517284e-11	-8.060937509e-12
	3.054978781e-12	2.212871783e-11	4.151732992e-11	4.663447962e-11	2.097708803e-11
	-4.330283448e-11	-1.325151378e-10	-2.036280195e-10	-1.910054752e-10	-3.413673122e-11
	2.769002568e-10	6.560174986e-10	9.062631435e-10	7.67073192e-10	3.572071941e-11
	-1.265372519e-09	-2.751706583e-09	-3.674604519e-09	-3.136298731e-09	-5.172371075e-10
	4.021763149e-09	9.216276295e-09	1.282553428e-08	1.23418767e-08	6.131955759e-09
	-5.450031426e-09	-1.95910504e-08	-3.164625847e-08	-3.683510684e-08	-3.235438105e-08
	-1.884516802e-08	-2.835468876e-10	1.787651824e-08	3.141227644e-08	3.92735314e-08
	4.340876607e-08	4.649840886e-08	4.922756223e-08	4.925114562e-08	4.282087664e-08
	2.791234186e-08	6.440080887e-09	-1.603787477e-08	-3.283997809e-08	-3.927210489e-08
	-3.459237274e-08	-2.197536231e-08	-6.776333177e-09	5.837299686e-09	1.273551464e-08
	1.34825619e-08	9.803637478e-09	4.372578922e-09	-4.163702374e-10	-3.206257781e-09
	-3.811756846e-09	-2.875614227e-09	-1.337393407e-09	1.730074797e-11	7.833593823e-10
	9.343585429e-10	6.795205124e-10	2.890675377e-10	-3.241095627e-11	-1.952085341e-10
	-2.091439964e-10	-1.364934255e-10	-4.492441684e-11	2.117378693e-11	4.764401439e-11
	4.250912424e-11	2.270035713e-11	3.183511322e-12	-8.200883659e-12	-1.064488988e-11
	-7.431166129e-12	-2.648448944e-12	9.088000623e-13	2.314114742e-12	2.015592026e-12
	9.824256509e-13	3.037623882e-14	-4.618808883e-13	-5.059464213e-13	-3.082879229e-13
	-9.047033901e-14	5.577938474e-44	8.527004078e-44	-7.403723597e-14	-2.63432459e-13
	-4.552541015e-13	-4.55999982e-13	-6.227565476e-14	7.772318248e-13	1.76831266e-12
	2.193844731e-12	1.130340654e-12	-1.958111325e-12	-6.407689123e-12	-9.800164599e-12
	-8.340538083e-12	1.327850808e-12	1.906885396e-11	3.828137353e-11	4.535617784e-11
	2.398813664e-11	-3.489216397e-11	-1.203345968e-10	-1.927592292e-10	-1.890028534e-10
	-4.8043632e-11	2.448486658e-10	6.122852446e-10	8.672827638e-10	7.561275292e-10
	7.509258787e-11	-1.165356574e-09	-2.60328583e-09	-3.518386108e-09	-3.038039422e-09
	-5.530679191e-10	3.79112538e-09	8.777563961e-09	1.224185415e-08	1.176580332e-08
	5.790219153e-09	-5.307119513e-09	-1.877073636e-08	-3.010582138e-08	-3.475476295e-08
	-3.015758918e-08	-1.714470436e-08	2.451605922e-10	1.666644901e-08	2.817234981e-08
	3.410091807e-08	3.680776342e-08	3.929309813e-08	4.23856151e-08	4.366389228e-08
	3.910124732e-08	2.626913839e-08	6.663084889e-09	-1.44832094e-08	-3.064387551e-08
	-3.709424935e-08	-3.291425654e-08	-2.102751138e-08	-6.547075754e-09	5.531649154e-09
	1.215371017e-08	1.286901437e-08	9.329395451e-09	4.114064695e-09	-4.666106723e-10
	-3.109751083e-09	-3.649312423e-09	-2.718472706e-09	-1.230249041e-09	6.039047438e-11
	7.728920653e-10	8.938867612e-10	6.337636307e-10	2.554552251e-10	-4.704006176e-11
	-1.932040744e-10	-1.978894154e-10	-1.238745856e-10	-3.622004995e-11	2.428677852e-11
	4.632754804e-11	3.917823231e-11	1.955514201e-11	1.411015824e-12	-8.486727915e-12
	-9.993737993e-12	-6.540290547e-12	-2.003896603e-12	1.145913204e-12	2.231607683e-12
	1.799741132e-12	7.915719675e-13	-6.247436456e-14	-4.630032608e-13	-4.623702688e-13
	-2.675231506e-13	-7.517206991e-14	8.679492935e-44	1.095280225e-43	-5.988981495e-14
	-2.244907621e-13	-4.103412174e-13	-4.481409143e-13	-1.37461281e-13	6.066482422e-13
	1.561562805e-12	2.092652186e-12	1.312048246e-12	-1.394189152e-12	-5.583207365e-12
	-9.140624837e-12	-8.488879576e-12	-1.738166226e-13	1.623984679e-11	3.512328393e-11
	4.383599018e-11	2.637421908e-11	-2.733119097e-11	-1.088055412e-10	-1.81773328e-10
	-1.856981221e-10	-5.958814686e-11	2.153102505e-10	5.696904465e-10	8.266218653e-10
	7.403517985e-10	1.080436741e-10	-1.070067209e-09	-2.454346489e-09	-3.354897774e-09
	-2.928162201e-09	-5.791007319e-10	3.561445889e-09	8.327793977e-09	1.163951263e-08
	1.117510808e-08	5.450938571e-09	-5.139434707e-09	-1.791304645e-08	-2.853919301e-08
	-3.268579787e-08	-2.802041439e-08	-1.553137383e-08	7.13761714e-10	1.54955979e-08
	2.513098874e-08	2.930341252e-08	3.071754253e-08	3.264484129e-08	3.604054084e-08
	3.842909158e-08	3.55565291e-08	2.46472766e-08	6.817150435e-09	-1.301618536e-08
	-2.850295819e-08	-3.492238941e-08	-3.120650146e-08	-2.004180637e-08	-6.294932523e-09
	5.225650104e-09	1.155497828e-08	1.223580132e-08	8.844432676e-09	3.85767416e-09
	-5.057494944e-10	-3.000718422e-09	-3.479295233e-09	-2.561019111e-09	-1.128285113e-09
	9.66238075e-11	7.57337659e-10	8.516845471e-10	5.892363793e-10	2.24494879e-10
	-5.919596288e-11	-1.898463759e-10	-1.865202068e-10	-1.119382574e-10	-2.839953544e-11
	2.675268633e-11	4.476244564e-11	3.592936733e-11	1.664902903e-11	-1.289850158e-13
	-8.637799268e-12	-9.317831921e-12	-5.696807778e-12	-1.427801359e-12	1.331129416e-12
	2.128097918e-12	1.588820769e-12	6.177645896e-13	-1.389700949e-13	-4.54933809e-13
	-4.166365625e-13	-2.279071232e-13	-6.078778544e-14	1.11371458e-43	1.27903183e-43
	-4.678374808e-14	-1.872674602e-13	-3.644965473e-13	-4.327785704e-13	-1.976584973e-13
	4.532459698e-13	1.362279593e-12	1.975119727e-12	1.44667826e-12	-8.969506113e-13
	-4.810239733e-12	-8.466797357e-12	-8.51606264e-12	-1.453513133e-12	1.364934018e-11
	3.206093091e-11	4.209509035e-11	2.815020931e-11	-2.061833729e-11	-9.794077046e-11
	-1.706940325e-10	-1.8112241e-10	-6.880753235e-11	1.882450517e-10	5.282046551e-10
	7.842915825e-10	7.198261753e-10	1.347273253e-10	-9.793223265e-10	-2.304765921e-09
	-3.184165217e-09	-2.806869208e-09	-5.956457274e-10	3.332444287e-09	7.86683812e-09
	1.101855282e-08	1.056990179e-08	5.114144509e-09	-4.947087936e-09	-1.701812259e-08
	-2.694630771e-08	-3.062773859e-08	-2.594200605e-08	-1.400429048e-08	1.122617001e-09
	1.43632497e-08	2.228610189e-08	2.487762692e-08	2.513385708e-08	2.654919319e-08
	3.018839168e-08	3.354384395e-08	3.21851355e-08	2.304640077e-08	6.902772167e-09
	-1.163597995e-08	-2.641653313e-08	-3.275619197e-08	-2.946909856e-08	-1.90183602e-08
	-6.019938571e-09	4.91941046e-09	1.093948136e-08	1.15829858e-08	8.34861589e-09
	3.603105942e-09	-5.341261759e-10	-2.879392268e-09	-3.301754588e-09	-2.403141365e-09
	-1.03131534e-09	1.261688158e-10	7.367936437e-10	8.077754457e-10	5.459142564e-10
	1.961431102e-10	-6.892278361e-11	-1.851727861e-10	-1.750633391e-10	-1.006973708e-10
	-2.145954108e-11	2.858850608e-11	4.297134902e-11	3.278090769e-11	1.398943197e-11
	-1.440528634e-12	-8.664703174e-12	-8.627693923e-12	-4.906465857e-12	-9.201446072e-13
	1.468193591e-12	2.007984682e-12	1.385631993e-12	4.615554883e-13	-2.001678687e-13
	-4.392395909e-13	-3.699859465e-13	-1.900637604e-13	-4.747115859e-14	1.299564723e-43
	1.408597445e-43	-3.484805268e-14	-1.523104253e-13	-3.188467806e-13	-4.113811613e-13
	-2.439189207e-13	3.174165601e-13	1.172924034e-12	1.845231463e-12	1.537735815e-12
	-4.661137885e-13	-4.093566581e-12	-7.78773893e-12	-8.431509402e-12	-2.515520323e-12
	1.130226327e-11	2.910841626e-11	4.01522485e-11	2.933287752e-11	-1.474462465e-11
	-8.774293436e-11	-1.595389935e-10	-1.753123065e-10	-7.575793754e-11	1.63589258e-10
	4.877878663e-10	7.40319643e-10	6.946757038e-10	1.553465639e-10	-8.929237423e-10
	-2.154466846e-09	-3.006310534e-09	-2.674454211e-09	-6.030265997e-10	3.103943007e-09
	7.39474822e-09	1.037916554e-08	9.950295898e-09	4.779688819e-09	-4.730453892e-09
	-1.608628038e-08	-2.532704574e-08	-2.857984219e-08	-2.392120434e-08	-1.256245108e-08
	1.471894593e-09	1.326828597e-08	1.963525011e-08	2.08201367e-08	2.005279749e-08
	2.10022382e-08	2.482564089e-08	2.900534772e-08	2.898526636e-08	2.146584257e-08
	6.920283673e-09	-1.034166795e-08	-2.438363046e-08	-3.059507894e-08	-2.770199214e-08
	-1.79574528e-08	-5.722381508e-09	4.612868189e-09	1.030738635e-08	1.091077876e-08
	7.841989918e-09	3.350158369e-09	-5.520971448e-10	-2.746099347e-09	-3.116836926e-09
	-2.244771372e-09	-9.391348364e-10	1.49245371e-10	7.114030392e-10	7.621987916e-10
	5.037597585e-10	1.703315551e-10	-7.628384612e-11	-1.792257246e-10	-1.635390898e-10
	-9.015425683e-11	-1.538921483e-11	2.981300215e-11	4.097429381e-11	2.974731678e-11
	1.158100009e-11	-2.528421853e-12	-8.577316916e-12	-7.932616718e-12	-4.17406386e-12
	-4.805336447e-13	1.560748583e-12	1.875347255e-12	1.192667063e-12	3.233190123e-13
	-2.471554666e-13	-4.174200708e-13	-3.235618751e-13	-1.545458243e-13	-3.535140977e-14
	1.430292156e-43	1.488769718e-43	-2.418752009e-14	-1.20092698e-13	-2.744077463e-13
	-3.85326566e-13	-2.773064799e-13	1.993693338e-13	9.956140263e-13	1.706609144e-12
	1.588616135e-12	-1.009691812e-13	-3.436936167e-12	-7.111254964e-12	-8.244031916e-12
	-3.365105643e-12	9.200666459e-12	2.627614866e-11	3.802419845e-11	2.994129766e-11
	-9.693668064e-12	-7.820516157e-11	-1.483207139e-10	-1.683102225e-10	-8.05135438e-11
	1.412569571e-10	4.483897328e-10	6.947495465e-10	6.650674438e-10	1.701513021e-10
	-8.106570693e-10	-2.003413408e-09	-2.821547054e-09	-2.531300834e-09	-6.015848462e-10
	2.875859423e-09	6.911751201e-09	9.72169243e-09	9.316412382e-09	4.447253277e-09
	-4.490171854e-09	-1.511801985e-08	-2.368124532e-08	-2.654109816e-08	-2.195652961e-08
	-1.120471966e-08	1.761577436e-09	1.220917714e-08	1.717562908e-08	1.712746635e-08
	1.547078823e-08	1.60005956e-08	1.994918579e-08	2.481089247e-08	2.595489486e-08
	1.990461237e-08	6.869860373e-09	-9.13220988e-09	-2.240299321e-08	-2.843822709e-08
	-2.590508897e-08	-1.685954115e-08	-5.402803766e-09	4.30579785e-09	9.658873806e-09
	1.021954284e-08	7.324773972e-09	3.098722281e-09	-5.600403067e-10	-2.60125954e-09
	-2.924781078e-09	-2.08588101e-09	-8.515196448e-10	1.661226123e-10	6.813515302e-10
	7.150087037e-10	4.627234466e-10	1.469686226e-10	-8.136071673e-11	-1.720529562e-10
	-1.519619445e-10	-8.030131297e-11	-1.017022403e-11	3.044709464e-11	3.878908355e-11
	2.68392349e-11	9.425465701e-12	-3.398432488e-12	-8.384861158e-12	-7.240602591e-12
	-3.503348874e-12	-1.081463873e-13	1.612318336e-12	1.733890914e-12	1.012066668e-12
	2.032441769e-13	-2.810316415e-13	-3.908810054e-13	-2.783937697e-13	-1.218294173e-13
	-2.453301477e-14	1.510834577e-43	1.524347635e-43	-1.488190996e-14	-9.100609853e-14
	-2.320677787e-13	-3.558789208e-13	-2.988821201e-13	9.912067697e-14	8.320847672e-13
	1.562468708e-12	1.602599995e-12	1.99678522e-13	-2.842976482e-12	-6.443867249e-12
	-7.961927406e-12	-4.008709369e-12	7.343611801e-12	2.357099925e-11	3.572605425e-11
	2.999720982e-11	-5.441824114e-12	-6.931187756e-11	-1.370475349e-10	-1.601645618e-10
	-8.316528325e-11	1.211422738e-10	4.099507338e-10	6.476390736e-10	6.312066384e-10
	1.794350743e-10	-7.322908684e-10	-1.851605441e-09	-2.630172608e-09	-2.377881087e-09
	-5.916866525e-10	2.648194772e-09	6.418243225e-09	9.046632105e-09	8.668398737e-09
	4.116361164e-09	-4.227148996e-09	-1.411404307e-08	-2.200872044e-08	-2.451022994e-08
	-2.004616394e-08	-9.929803297e-09	1.991472399e-09	1.11839675e-08	1.490404136e-08
	1.379607007e-08	1.138458945e-08	1.154143481e-08	1.555635665e-08	2.095784901e-08
	2.309174475e-08	1.836138249e-08	6.751522823e-09	-8.006432321e-09	-2.047305881e-08
	-2.628456593e-08	-2.407827268e-08	-1.572527648e-08	-5.062008119e-09	3.997819682e-09
	8.994152142e-09	9.509799686e-09	6.79735735e-09	2.848770576e-09	-5.583624388e-10
	-2.445385268e-09	-2.72591193e-09	-1.926476163e-09	-7.682254452e-10	1.77115892e-10
	6.468635161e-10	6.662723533e-10	4.227449911e-10	1.259416848e-10	-8.425179725e-11
	-1.637076833e-10	-1.403415905e-10	-7.112187673e-11	-5.776948519e-12	3.051421272e-11
	3.643172193e-11	2.406365284e-11	7.521542509e-12	-4.057477613e-12	-8.095999227e-12
	-6.558333667e-12	-2.896928476e-12	1.983268362e-13	1.626303163e-12	1.586903301e-12
	8.455804665e-13	1.013243983e-13	-3.028903876e-13	-3.609108541e-13	-2.353804662e-13
	-9.230775562e-14	-1.509497701e-14	1.546127539e-43	1.520024475e-43	-6.984809503e-15
	-6.535462077e-14	-1.925724241e-13	-3.241688404e-13	-3.096927307e-13	1.648261518e-14
	6.836554905e-13	1.415588809e-12	1.582858439e-12	4.375643874e-13	-2.31312861e-12
	-5.790809626e-12	-7.59308588e-12	-4.454110773e-12	5.727113944e-12	2.099650929e-11
	3.327174233e-11	2.952533638e-11	-1.958442316e-12	-6.103973916e-11	-1.257246742e-10
	-1.509297947e-10	-8.381927783e-11	1.031218445e-10	3.724034454e-10	5.990583822e-10
	5.933320244e-10	1.835310753e-10	-6.575754962e-10	-1.699071187e-09	-2.432560963e-09
	-2.214753547e-09	-5.737319769e-10	2.421019501e-09	5.914781979e-09	8.354648699e-09
	8.006448624e-09	3.786393139e-09	-3.942565336e-09	-1.307527931e-08	-2.030928606e-08
	-2.24856966e-08	-1.818792428e-08	-8.736217423e-09	2.161222669e-09	1.019025248e-08
	1.281685576e-08	1.082230566e-08	7.791303564e-09	7.622501948e-09	1.164493279e-08
	1.744365527e-08	2.039325569e-08	1.683446137e-08	6.56514121e-09	-6.962998665e-09
	-1.859193138e-08	-2.413277437e-08	-2.222142489e-08	-1.455552942e-08	-4.701065903e-09
	3.688412495e-09	8.313477943e-09	8.782240252e-09	6.260293583e-09	2.600343942e-09
	-5.475091825e-10	-2.279080681e-09	-2.520632082e-09	-1.766588967e-09	-6.889858705e-10
	1.825829304e-10	6.081971677e-10	6.16067775e-10	3.837543686e-10	1.071196735e-10
	-8.507061146e-11	-1.542485626e-10	-1.28683999e-10	-6.259122992e-11	-2.176768622e-12
	3.004061619e-11	3.391686771e-11	2.142413572e-11	5.864869608e-12	-4.51379367e-12
	-7.718948521e-12	-5.891168847e-12	-2.356204007e-12	4.407371766e-13	1.605984046e-12
	1.437222682e-12	6.945340403e-13	1.734657572e-14	-3.13809449e-13	-3.286608865e-13
	-1.952750552e-13	-6.628474284e-14	-7.089764246e-15	1.540989814e-43	1.480310412e-43
	-5.223328701e-16	-4.334823481e-14	-1.56511511e-13	-2.91178105e-13	-3.107640541e-13
	-4.894758798e-14	5.512049064e-13	1.268292068e-12	1.532463939e-12	6.15007183e-13
	-1.847605662e-12	-5.156047929e-12	-7.145097442e-12	-4.710560428e-12	4.344129455e-12
	1.85531243e-11	3.06744149e-11	2.855364547e-11	7.938292278e-13	-5.335860593e-11
	-1.143552852e-10	-1.406665147e-10	-8.25951655e-11	8.705753563e-11	3.356740484e-10
	5.490880065e-10	5.517104835e-10	1.828072922e-10	-5.862421987e-10	-1.545858825e-09
	-2.229151084e-09	-2.042560295e-09	-5.481651901e-10	2.194454606e-09	5.402075773e-09
	7.646581752e-09	7.330828701e-09	3.456609258e-09	-3.637878967e-09	-1.200291831e-08
	-1.858279313e-08	-2.046569664e-08	-1.637922629e-08	-7.622237578e-09	2.270325508e-09
	9.22514726e-09	1.09099509e-08	8.202399428e-09	4.688387366e-09	4.242160833e-09
	8.213167417e-09	1.426579666e-08	1.785653369e-08	1.532175695e-08	6.310442374e-09
	-6.000367217e-09	-1.675734314e-08	-2.198127729e-08	-2.033445546e-08	-1.335142453e-08
	-4.321326939e-09	3.376932312e-09	7.617183176e-09	8.037737434e-09	5.714291595e-09
	2.353532098e-09	-5.279771243e-10	-2.103039684e-09	-2.309411044e-09	-1.606268573e-09
	-6.135110491e-10	1.829188842e-10	5.656386657e-10	5.644815721e-10	3.456733937e-10
	9.035600381e-11	-8.394397304e-11	-1.437397503e-10	-1.169925635e-10	-5.467764416e-11
	6.696090956e-13	2.905567889e-11	3.125827333e-11	1.892106814e-11	4.447999133e-12
	-4.777073702e-12	-7.261590336e-12	-5.243163891e-12	-1.881329304e-12	6.21520799e-13
	1.554533191e-12	1.287219044e-12	5.598047133e-13	-4.911875484e-14	-3.14842882e-13
	-2.951298484e-13	-1.586721293e-13	-4.396895162e-14	-5.420779156e-16	1.500044293e-43
	1.4094879e-43	4.508120399e-15	-2.509775171e-14	-1.243094588e-13	-2.577293154e-13
	-3.03097097e-13	-9.779532289e-14	4.351569078e-13	1.122439197e-12	1.454405668e-12
	7.349392647e-13	-1.445380032e-12	-4.542321663e-12	-6.625350037e-12	-4.788867709e-12
	3.184595435e-12	1.623843558e-11	2.794681219e-11	2.711354609e-11	2.858718925e-12
	-4.623246751e-11	-1.029414792e-10	-1.294415415e-10	-7.962449347e-11	7.279925879e-11
	2.996841686e-10	4.978171205e-10	5.066313619e-10	1.776605936e-10	-5.180031205e-10
	-1.39202745e-09	-2.020434052e-09	-1.862021474e-09	-5.154862101e-10	1.968648662e-09
	4.880967691e-09	6.923455898e-09	6.641912117e-09	3.1261797e-09	-3.314829299e-09
	-1.089845244e-08	-1.682917685e-08	-1.844817651e-08	-1.46170379e-08	-6.585833404e-09
	2.318158805e-09	8.285245506e-09	9.178638234e-09	5.932398546e-09	2.073671191e-09
	1.39945278e-09	5.259823987e-09	1.142177878e-08	1.547828174e-08	1.382072667e-08
	5.987021573e-09	-5.116732339e-09	-1.496660304e-08	-1.982824419e-08	-1.841734568e-08
	-1.211438562e-08	-3.924429391e-09	3.062639621e-09	6.905710416e-09	7.277359626e-09
	5.16020186e-09	2.108449862e-09	-5.003270047e-10	-1.918041473e-09	-2.092771547e-09
	-1.445571038e-09	-5.414871594e-10	1.785500824e-10	5.194959525e-10	5.116069484e-10
	3.084177236e-10	7.549166384e-11	-8.101025008e-11	-1.322510532e-10	-1.052692313e-10
	-4.734337139e-11	2.807829217e-12	2.759211422e-11	2.846916912e-11	1.655189992e-11
	3.260430375e-12	-4.858558694e-12	-6.731568394e-12	-4.617112771e-12	-1.471198264e-12
	7.437279108e-13	1.475028714e-12	1.138788323e-12	4.4180782e-13	-9.872477605e-14
	-3.070172372e-13	-2.611536881e-13	-1.259982936e-13	-2.546865406e-14	4.552329545e-15
	1.427672487e-43	1.311594815e-43	8.138811196e-15	-1.061137711e-14	-9.621951794e-14
	-2.244807015e-13	-2.876673742e-13	-1.309128198e-13	3.354773228e-13	9.794354543e-13
	1.351606994e-12	8.009201962e-13	-1.104199975e-12	-3.95120576e-12	-6.041112617e-12
	-4.701436499e-12	2.235520859e-12	1.404742013e-11	2.510154908e-11	2.523999097e-11
	4.285999421e-12	-3.962025848e-11	-9.148522893e-11	-1.173280754e-10	-7.504934365e-11
	6.018766252e-11	2.643530345e-10	4.453424274e-10	4.584009518e-10	1.685098265e-10
	-4.525529447e-10	-1.237638472e-09	-1.806937715e-09	-1.673926158e-09	-4.76260433e-10
	1.743750669e-09	4.352412558e-09	6.186487644e-09	5.940218634e-09	2.794227637e-09
	-2.975434589e-09	-9.763728029e-09	-1.504852301e-08	-1.643084883e-08	-1.289782164e-08
	-5.624578459e-09	2.304021971e-09	7.366566985e-09	7.617557191e-09	4.008105245e-09
	-5.461315902e-11	-9.05817662e-10	2.784228293e-09	8.909088881e-09	1.325470316e-08
	1.232831058e-08	5.594362848e-09	-4.309941763e-09	-1.321652993e-08	-1.76715935e-08
	-1.64702099e-08	-1.084619348e-08	-3.512306325e-09	2.744739354e-09	6.179656959e-09
	6.502382691e-09	4.598994768e-09	1.865207638e-09	-4.651963373e-10	-1.724941893e-09
	-1.871272827e-09	-1.284549377e-09	-4.725779341e-10	1.699263845e-10	4.700925579e-10
	4.575425355e-10	2.718993532e-10	6.235820777e-11	-7.641793676e-11	-1.198581982e-10
	-9.351552313e-11	-4.054549436e-11	4.289579211e-12	2.568610966e-11	2.556256315e-11
	1.431138457e-11	2.288696925e-12	-4.771074594e-12	-6.136371611e-12	-4.014609622e-12
	-1.123462562e-12	8.110352742e-13	1.370471855e-12	9.933593273e-13	3.404941355e-13
	-1.323521248e-13	-2.913307062e-13	-2.274005097e-13	-9.750661674e-14	-1.078852279e-14
	8.227552118e-15	1.327997317e-43	1.190428709e-43	1.043208554e-14	2.064964294e-16
	-7.232244531e-14	-1.919260159e-13	-2.654261998e-13	-1.493786897e-13	2.516818297e-13
	8.402482728e-13	1.226943558e-12	8.171334828e-13	-8.206344257e-13	-3.38319073e-12
	-5.399602691e-12	-4.462247845e-12	1.481133662e-12	1.197268031e-11	2.215131573e-11
	2.297146247e-11	5.131132335e-12	-3.347652481e-11	-7.998905968e-11	-1.044058415e-10
	-6.902129235e-11	4.905643084e-11	2.295997778e-10	3.917679301e-10	4.073377897e-10
	1.557883171e-10	-3.895727632e-10	-1.082748808e-09	-1.589209799e-09	-1.479118262e-09
	-4.311248914e-10	1.51987977e-09	3.817444277e-09	5.437085041e-09	5.226460132e-09
	2.459888532e-09	-2.621977558e-09	-8.601004855e-09	-1.324115923e-08	-1.441122821e-08
	-1.121746609e-08	-4.735526454e-09	2.227200624e-09	6.46449275e-09	6.220531287e-09
	2.424983489e-09	-1.697792839e-09	-2.672959551e-09	7.863430116e-10	6.725140456e-09
	1.118136552e-08	1.084084231e-08	5.131874855e-09	-3.577379405e-09	-1.150336714e-08
	-1.550900951e-08	-1.449338396e-08	-9.549057421e-09	-3.087183066e-09	2.422439402e-09
	5.439827881e-09	5.714295936e-09	4.031727653e-09	1.623876797e-09	-4.23308523e-10
	-1.524658695e-09	-1.645491399e-09	-1.123245465e-09	-4.064290237e-10	1.575125338e-10
	4.177623324e-10	4.023923932e-10	2.360293996e-10	5.078029857e-11	-7.032467254e-11
	-1.06643137e-10	-8.173331513e-11	-3.423659184e-11	5.172269028e-12	2.337733492e-11
	2.255144507e-11	1.219181577e-11	1.516512925e-12	-4.529013751e-12	-5.483401342e-12
	-3.436130347e-12	-8.345783737e-13	8.277419477e-13	1.243805213e-12	8.519121259e-13
	2.553584924e-13	-1.511081018e-13	-2.687544311e-13	-1.94370665e-13	-7.327551716e-14
	1.714439022e-16	1.054791413e-14	1.204887348e-43	1.049565323e-43	1.148008979e-14
	7.553833785e-15	-5.252991732e-14	-1.603992722e-13	-2.37303228e-13	-1.544921194e-13
	1.828547132e-13	7.054345007e-13	1.083260328e-12	7.883667543e-13	-5.901432787e-13
	-2.837778517e-12	-4.708039299e-12	-4.08679404e-12	9.030822848e-13	1.000469047e-11
	1.910899962e-11	2.034982859e-11	5.454854835e-12	-2.775195427e-11	-6.84564578e-11
	-9.076109583e-11	-6.170068562e-11	3.923394315e-11	1.953455087e-10	3.372055883e-10
	3.537694677e-10	1.399366505e-10	-3.287363326e-10	-9.274075588e-10	-1.367801236e-09
	-1.278476782e-09	-3.807871118e-10	1.297094745e-09	3.27713146e-09	4.676833816e-09
	4.501587568e-09	2.122390577e-09	-2.256969002e-09	-7.413019691e-09	-1.140777976e-08
	-1.238669854e-08	-9.571208757e-09	-3.915040116e-09	2.087071558e-09	5.573688036e-09
	4.9803672e-09	1.178022257e-09	-2.856698768e-09	-3.900216044e-09	-7.33123654e-10
	4.867190357e-09	9.253005241e-09	9.353930733e-09	4.598954665e-09	-2.915796386e-09
	-9.822675739e-09	-1.333798459e-08	-1.248755295e-08	-8.225699747e-09	-2.651554745e-09
	2.095035383e-09	4.687295714e-09	4.914794502e-09	3.459496553e-09	1.384452443e-09
	-3.754739107e-10	-1.318149111e-09	-1.416001178e-09	-9.61686091e-10	-3.426756819e-10
	1.417795726e-10	3.628460715e-10	3.462672491e-10	2.007206864e-10	4.057745182e-11
	-6.289668585e-11	-9.269420272e-11	-6.992528395e-11	-2.836524051e-11	5.518645006e-12
	2.070880437e-11	1.944890581e-11	1.01832745e-11	9.249781654e-13	-4.148266818e-12
	-4.780025454e-12	-2.881131257e-12	-5.99878842e-13	7.98748869e-13	1.097930408e-12
	7.150062196e-13	1.854592028e-13	-1.563206415e-13	-2.402351496e-13	-1.624017284e-13
	-5.321239254e-14	7.614343224e-15	1.160765024e-14	1.061975593e-43	8.92385157e-44
	1.140364348e-14	1.172657394e-14	-3.659278045e-14	-1.300839755e-13	-2.042095418e-13
	-1.477612834e-13	1.276778802e-13	5.751755822e-13	9.233861437e-13	7.199760717e-13
	-4.071695514e-13	-2.313590188e-12	-3.973682462e-12	-3.59197206e-12	4.806840375e-13
	8.132056192e-12	1.598774919e-11	1.742007919e-11	5.322675411e-12	-2.239383072e-11
	-5.689199336e-11	-7.648635409e-11	-5.325606091e-11	3.054420166e-11	1.615146868e-10
	2.817764481e-10	2.980314043e-10	1.213970636e-10	-2.697179402e-10	-7.716576788e-10
	-1.143252768e-09	-1.072891335e-09	-3.260126512e-10	1.075369187e-09	2.73252145e-09
	3.907461174e-09	3.766830254e-09	1.781159515e-09	-1.883073562e-09	-6.203042791e-09
	-9.549614027e-09	-1.035463558e-08	-7.95356043e-09	-3.158552243e-09	1.883277618e-09
	4.68801674e-09	3.888568259e-09	2.615254573e-10	-3.5315889e-09	-4.584494155e-09
	-1.77255615e-09	3.332211817e-09	7.463237437e-09	7.862301613e-09	3.995104567e-09
	-2.32106221e-09	-8.169206241e-09	-1.115591071e-08	-1.045393681e-08	-6.879447173e-09
	-2.20812472e-09	1.762030573e-09	3.923458585e-09	4.105746004e-09	2.883370039e-09
	1.146820163e-09	-3.225765784e-10	-1.106379904e-09	-1.183356962e-09	-7.998856305e-10
	-2.809529835e-10	1.231982014e-10	3.056907598e-10	2.892864287e-10	1.658894343e-10
	3.156484006e-11	-5.430841715e-11	-7.810591843e-11	-5.809501226e-11	-2.28764409e-11
	5.396290911e-12	1.772660784e-11	1.626820132e-11	8.273895043e-12	4.928327117e-13
	-3.646114985e-12	-4.033620627e-12	-2.348160359e-12	-4.136682869e-13	7.295229861e-13
	9.35723502e-13	5.828167433e-13	1.294477048e-13	-1.495265735e-13	-2.066984526e-13
	-1.316780014e-13	-3.706209394e-14	1.184186748e-14	1.152974786e-14	9.026867321e-44
	7.221029598e-44	1.03502004e-14	1.311123014e-14	-2.411402952e-14	-1.010264155e-13
	-1.670407478e-13	-1.308858513e-13	8.446937075e-14	4.493191835e-13	7.501445758e-13
	6.178351347e-13	-2.652499894e-13	-1.808481294e-12	-3.203858861e-12	-2.995944039e-12
	1.9120837e-13	6.341784302e-12	1.280100066e-11	1.422997424e-11	4.804274174e-12
	-1.734648605e-11	-4.530123759e-11	-6.167977594e-11	-4.386345343e-11	2.280720573e-11
	1.280354359e-10	2.256114322e-10	2.404673239e-10	1.006108117e-10	-2.121997978e-10
	-6.155428174e-10	-9.16088943e-10	-8.632371399e-10	-2.675987202e-10	8.54582079e-10
	2.184578574e-09	3.130767792e-09	3.023709024e-09	1.43594421e-09	-1.502974506e-09
	-4.974901046e-09	-7.668646138e-09	-8.312625401e-09	-6.358257795e-09	-2.46023252e-09
	1.616030549e-09	3.800464073e-09	2.934910551e-09	-3.312255132e-10	-3.722044085e-09
	-4.720943369e-09	-2.3291744e-09	2.116680089e-09	5.804107595e-09	6.359587305e-09
	3.320149936e-09	-1.787785989e-09	-6.536757898e-09	-8.960269606e-09	-8.394558425e-09
	-5.514306951e-09	-1.759670471e-09	1.423296817e-09	3.150076019e-09	3.289113859e-09
	2.304308598e-09	9.107405866e-10	-2.655408602e-10	-8.902948598e-10	-9.480876347e-10
	-6.378561842e-10	-2.209056043e-10	1.022361809e-10	2.466511096e-10	2.315792787e-10
	1.314555518e-10	2.355343122e-11	-4.474194393e-11	-6.297837161e-11	-4.624687459e-11
	-1.771206844e-11	4.87701292e-12	1.447955274e-11	1.302278714e-11	6.45014651e-12
	1.967463487e-13	-3.041091099e-12	-3.251602086e-12	-1.834976482e-12	-2.693345926e-13
	6.260465583e-13	7.600468991e-13	4.551771695e-13	8.560769682e-14	-1.324540278e-13
	-1.690521085e-13	-1.022441198e-13	-2.442013896e-14	1.324679335e-14	1.04638831e-14
	7.302676379e-44	5.417962581e-44	8.49089229e-15	1.217455664e-14	-1.456620842e-14
	-7.315253083e-14	-1.266797218e-13	-1.057338069e-13	5.12304091e-14	3.274260073e-13
	5.663605364e-13	4.88270436e-13	-1.57141299e-13	-1.319661601e-12	-2.405973008e-12
	-2.317970003e-12	1.018389433e-14	4.619555403e-12	9.562478929e-12	1.082964031e-11
	3.97283763e-12	-1.255179022e-11	-3.369060013e-11	-4.64442811e-11	-3.370539528e-11
	1.583919127e-11	9.483888999e-11	1.688509522e-10	1.814302372e-10	7.801887933e-11
	-1.558759839e-10	-4.591167394e-10	-6.868224744e-10	-6.503576879e-10	-2.063369769e-10
	6.345353548e-10	1.634133541e-09	2.348525211e-09	2.273993195e-09	1.086939008e-09
	-1.119153088e-09	-3.732910072e-09	-5.76787212e-09	-6.258848361e-09	-4.778315085e-09
	-1.812528018e-09	1.28664773e-09	2.903124083e-09	2.106803519e-09	-6.085744359e-10
	-3.426824606e-09	-4.302242824e-09	-2.398616704e-09	1.216220417e-09	4.265346286e-09
	4.838041657e-09	2.574683833e-09	-1.308725775e-09	-4.918074081e-09	-6.749015726e-09
	-6.312619361e-09	-4.134967551e-09	-1.308779591e-09	1.079263133e-09	2.369233905e-09
	2.466821087e-09	1.723092334e-09	6.758730631e-10	-2.052800086e-10	-6.707926955e-10
	-7.107044046e-10	-4.756212643e-10	-1.62192561e-10	7.936029123e-11	1.860915369e-10
	1.732848845e-10	9.73417147e-11	1.635007513e-11	-3.438596356e-11	-4.741628191e-11
	-3.438587324e-11	-1.281139274e-11	4.036153871e-12	1.101876246e-11	9.726333519e-12
	4.697117868e-12	1.163024494e-14	-2.352814302e-12	-2.441439193e-12	-1.33867272e-12
	-1.594770951e-13	4.94752515e-13	5.737570998e-13	3.316272806e-13	5.190283138e-14
	-1.069991906e-13	-1.281890962e-13	-7.402227138e-14	-1.475035666e-14	1.230254444e-14
	8.583444464e-15	5.478173274e-44	3.544304703e-44	6.01670982e-15	9.450521544e-15
	-7.31275689e-15	-4.62878086e-14	-8.399881216e-14	-7.431309745e-14	2.569984635e-14
	2.088207356e-13	3.748626448e-13	3.379839149e-13	-7.495954432e-14	-8.438173122e-13
	-1.587504077e-12	-1.578216181e-12	-8.827769074e-14	2.949990832e-12	6.286172492e-12
	7.271137248e-12	2.904369483e-12	-7.949664638e-12	-2.206717118e-11	-3.088656369e-11
	-2.296963461e-11	9.453116428e-12	6.185814954e-11	1.116431706e-10	1.212823196e-10
	5.406448361e-11	-1.004511188e-10	-3.024497656e-10	-4.55966753e-10	-4.350642981e-10
	-1.429795451e-10	4.150023516e-10	1.081874095e-09	1.562359611e-09	1.519568276e-09
	7.348387978e-10	-7.335855333e-10	-2.481617356e-09	-3.851505334e-09	-4.192705211e-09
	-3.206373277e-09	-1.205600111e-09	8.985849832e-10	1.987411821e-09	1.388259031e-09
	-5.815922646e-10	-2.643754558e-09	-3.317331318e-09	-1.974095541e-09	6.247965956e-10
	2.833028616e-09	3.28824405e-09	1.760976744e-09	-8.738285644e-10	-3.30490973e-09
	-4.52138591e-09	-4.212967e-09	-2.746532351e-09	-8.573933995e-10	7.310299893e-10
	1.583159671e-09	1.640581567e-09	1.140311754e-09	4.418478533e-10	-1.426504937e-10
	-4.487305436e-10	-4.717200135e-10	-3.132242361e-10	-1.044844996e-10	5.504022494e-11
	1.243862747e-10	1.145500167e-10	6.347212878e-11	9.758023386e-12	-2.3434428e-11
	-3.152799782e-11	-2.251751833e-11	-8.111630644e-12	2.951891074e-12	7.397252426e-12
	6.392716251e-12	2.99879624e-12	-8.903557888e-14	-1.601800578e-12	-1.610656729e-12
	-8.558024098e-13	-7.604767227e-14	3.424473654e-13	3.79708328e-13	2.114653621e-13
	2.603181815e-14	-7.519793266e-14	-8.499014955e-14	-4.683248247e-14	-7.406485677e-15
	9.550066553e-15	6.081698491e-15	3.583138031e-44	1.628795868e-44	3.133928921e-15
	5.524961504e-15	-1.632685568e-15	-2.017965288e-14	-3.986145388e-14	-3.873888135e-14
	5.414686656e-15	9.26461673e-14	1.784818152e-13	1.739651651e-13	-1.03302518e-14
	-3.77234886e-13	-7.55990171e-13	-7.97542378e-13	-1.311441064e-13	1.316911458e-12
	2.986280525e-12	3.607999506e-12	1.677000866e-12	-3.47858105e-12	-1.04385715e-11
	-1.511612948e-11	-1.184777119e-11	3.459443284e-12	2.902746262e-11	5.41416396e-11
	6.039304995e-11	2.919466724e-11	-4.56355383e-11	-1.456277277e-10	-2.240470616e-10
	-2.181526153e-10	-7.822958901e-11	1.957857195e-10	5.284011941e-10	7.73687365e-10
	7.622239292e-10	3.807142878e-10	-3.474620196e-10	-1.225250471e-09	-1.924887632e-09
	-2.115654459e-09	-1.63568571e-09	-6.27012432e-10	4.592539176e-10	1.045345046e-09
	7.583714464e-10	-2.668616494e-10	-1.36961699e-09	-1.748611202e-09	-1.04479845e-09
	3.334399146e-10	1.486716707e-09	1.698625729e-09	8.855346155e-10	-4.686154857e-10
	-1.689193797e-09	-2.279505201e-09	-2.102136644e-09	-1.353635592e-09	-4.063484494e-10
	3.801638522e-10	7.939019819e-10	8.118233798e-10	5.564618815e-10	2.08346101e-10
	-7.844633572e-11	-2.249501508e-10	-2.316633428e-10	-1.507257061e-10	-4.745706887e-11
	2.975050995e-11	6.191710882e-11	5.552651164e-11	2.977175713e-11	3.5778435e-12
	-1.208512392e-11	-1.542456249e-11	-1.064773017e-11	-3.54847784e-12	1.704541361e-12
	3.669482879e-12	3.035978783e-12	1.338336151e-12	-1.328612894e-13	-8.092522534e-13
	-7.668236888e-13	-3.825068701e-13	-1.050261641e-14	1.762237272e-13	1.807524977e-13
	9.380367264e-14	5.489623133e-15	-3.919306977e-14	-4.032575871e-14	-2.041540107e-14
	-1.657105532e-15	5.582390477e-15	3.167204744e-15	1.646367172e-44	  0
	  0	  0	  0	  0	  0
	  0	  0	  0	  0	  0
	  0	  0	  0	  0	  0
	  0	  0	  0	  0	  0
	  0	  0	  0	  0	  0
	  0	  0	  0	  0	  0
	  0	  0	  0	  0	  0
	  0	  0	  0	  0	  0
	  0	  0	  0	  0	  0
	  0	  0	  0	  0	  0
	  0	  0	  0	  0	  0
	  0	  0	  0	  0	  0
	  0	  0	  0	  0	  0
	  0	  0	  0	  0	  0
	  0	  0	  0	  0	  0
	  0	  0	  0	  0	  0
	  0	  0	  0	  0	  0
	  0	  0	  0	  0	  0
	  0	  0	  0	  0	  0
	  0	  0	  0	  0	  0
	