-30 0.05 1.53058e-38
-28.8 0.05 -1.75106e-09
-27.6 0.05 -1.27978e-08
-26.4 0.05 -3.60691e-08
-25.2 0.05 -6.89826e-08
-24 0.05 -1.0751e-07
-22.8 0.05 -1.47954e-07
-21.6 0.05 -1.88462e-07
-20.4 0.05 -2.29925e-07
-19.2 0.05 -2.67654e-07
-18 0.05 -2.87075e-07
-16.8 0.05 -2.97613e-07
-15.6 0.05 -3.45503e-07
-14.4 0.05 -3.84498e-07
-13.2 0.05 -2.28797e-07
-12 0.05 -2.5629e-08
-10.8 0.05 -5.07202e-07
-9.6 0.05 -1.38606e-06
-8.4 0.05 1.13307e-07
-7.2 0.05 4.53697e-06
-6 0.05 2.57068e-06
-4.8 0.05 -1.53627e-05
-3.6 0.05 -2.75134e-05
-2.4 0.05 2.18285e-05
-1.2 0.05 0.000141117
0 0.05 0.000215206
1.2 0.05 0.000141112
2.4 0.05 2.18232e-05
3.6 0.05 -2.75142e-05
4.8 0.05 -1.53598e-05
6 0.05 2.57268e-06
7.2 0.05 4.5363e-06
8.4 0.05 1.12126e-07
9.6 0.05 -1.38608e-06
10.8 0.05 -5.06728e-07
12 0.05 -2.55394e-08
13.2 0.05 -2.28945e-07
14.4 0.05 -3.84536e-07
15.6 0.05 -3.45459e-07
16.8 0.05 -2.97604e-07
18 0.05 -2.87093e-07
19.2 0.05 -2.67663e-07
20.4 0.05 -2.29928e-07
21.6 0.05 -1.88467e-07
22.8 0.05 -1.47959e-07
24 0.05 -1.07512e-07
25.2 0.05 -6.89832e-08
26.4 0.05 -3.6069e-08
27.6 0.05 -1.27976e-08
28.8 0.05 -1.75093e-09
30 0.05 1.53053e-38
-30 0.102632 1.4473e-38
-28.8 0.102632 -1.64327e-09
-27.6 0.102632 -1.21186e-08
-26.4 0.102632 -3.41948e-08
-25.2 0.102632 -6.53432e-08
-24 0.102632 -1.01826e-07
-22.8 0.102632 -1.40295e-07
-21.6 0.102632 -1.78604e-07
-20.4 0.102632 -2.17275e-07
-19.2 0.102632 -2.53453e-07
-18 0.102632 -2.74008e-07
-16.8 0.102632 -2.8209e-07
-15.6 0.102632 -3.20014e-07
-14.4 0.102632 -3.63431e-07
-13.2 0.102632 -2.41345e-07
-12 0.102632 -3.2507e-08
-10.8 0.102632 -4.04825e-07
-9.6 0.102632 -1.25567e-06
-8.4 0.102632 -8.41635e-08
-7.2 0.102632 4.01565e-06
-6 0.102632 2.71542e-06
-4.8 0.102632 -1.36586e-05
-3.6 0.102632 -2.5749e-05
-2.4 0.102632 1.98262e-05
-1.2 0.102632 0.000133189
0 0.102632 0.000204336
1.2 0.102632 0.000133184
2.4 0.102632 1.98214e-05
3.6 0.102632 -2.57497e-05
4.8 0.102632 -1.36561e-05
6 0.102632 2.71708e-06
7.2 0.102632 4.01499e-06
8.4 0.102632 -8.51483e-08
9.6 0.102632 -1.25562e-06
10.8 0.102632 -4.04421e-07
12 0.102632 -3.24592e-08
13.2 0.102632 -2.41471e-07
14.4 0.102632 -3.63451e-07
15.6 0.102632 -3.19977e-07
16.8 0.102632 -2.82089e-07
18 0.102632 -2.74026e-07
19.2 0.102632 -2.53462e-07
20.4 0.102632 -2.1728e-07
21.6 0.102632 -1.7861e-07
22.8 0.102632 -1.403e-07
24 0.102632 -1.01829e-07
25.2 0.102632 -6.53443e-08
26.4 0.102632 -3.41949e-08
27.6 0.102632 -1.21184e-08
28.8 0.102632 -1.64314e-09
30 0.102632 1.44726e-38
-30 0.155263 1.364e-38
-28.8 0.155263 -1.53833e-09
-27.6 0.155263 -1.1438e-08
-26.4 0.155263 -3.23182e-08
-25.2 0.155263 -6.17139e-08
-24 0.155263 -9.61342e-08
-22.8 0.155263 -1.3259e-07
-21.6 0.155263 -1.68791e-07
-20.4 0.155263 -2.04771e-07
-19.2 0.155263 -2.39063e-07
-18 0.155263 -2.60495e-07
-16.8 0.155263 -2.67218e-07
-15.6 0.155263 -2.95914e-07
-14.4 0.155263 -3.40527e-07
-13.2 0.155263 -2.49553e-07
-12 0.155263 -4.32927e-08
-10.8 0.155263 -3.15416e-07
-9.6 0.155263 -1.12185e-06
-8.4 0.155263 -2.4913e-07
-7.2 0.155263 3.51055e-06
-6 0.155263 2.81046e-06
-4.8 0.155263 -1.20304e-05
-3.6 0.155263 -2.39992e-05
-2.4 0.155263 1.78738e-05
-1.2 0.155263 0.000125303
0 0.155263 0.000193484
1.2 0.155263 0.000125299
2.4 0.155263 1.78695e-05
3.6 0.155263 -2.39997e-05
4.8 0.155263 -1.20281e-05
6 0.155263 2.81182e-06
7.2 0.155263 3.50991e-06
8.4 0.155263 -2.49937e-07
9.6 0.155263 -1.12176e-06
10.8 0.155263 -3.15079e-07
12 0.155263 -4.32767e-08
13.2 0.155263 -2.49656e-07
14.4 0.155263 -3.40532e-07
15.6 0.155263 -2.95884e-07
16.8 0.155263 -2.67222e-07
18 0.155263 -2.60511e-07
19.2 0.155263 -2.39073e-07
20.4 0.155263 -2.04779e-07
21.6 0.155263 -1.688e-07
22.8 0.155263 -1.32597e-07
24 0.155263 -9.61381e-08
25.2 0.155263 -6.17156e-08
26.4 0.155263 -3.23186e-08
27.6 0.155263 -1.14378e-08
28.8 0.155263 -1.5382e-09
30 0.155263 1.36396e-38
-30 0.207895 1.2809e-38
-28.8 0.207895 -1.4364e-09
-27.6 0.207895 -1.07568e-08
-26.4 0.207895 -3.04376e-08
-25.2 0.207895 -5.8093e-08
-24 0.207895 -9.04423e-08
-22.8 0.207895 -1.24843e-07
-21.6 0.207895 -1.58998e-07
-20.4 0.207895 -1.92417e-07
-19.2 0.207895 -2.24562e-07
-18 0.207895 -2.46504e-07
-16.8 0.207895 -2.52792e-07
-15.6 0.207895 -2.73298e-07
-14.4 0.207895 -3.1628e-07
-13.2 0.207895 -2.53232e-07
-12 0.207895 -5.69161e-08
-10.8 0.207895 -2.39151e-07
-9.6 0.207895 -9.86507e-07
-8.4 0.207895 -3.81782e-07
-7.2 0.207895 3.02403e-06
-6 0.207895 2.85616e-06
-4.8 0.207895 -1.04806e-05
-3.6 0.207895 -2.22636e-05
-2.4 0.207895 1.59745e-05
-1.2 0.207895 0.000117458
0 0.207895 0.000182646
1.2 0.207895 0.000117454
2.4 0.207895 1.59707e-05
3.6 0.207895 -2.2264e-05
4.8 0.207895 -1.04786e-05
6 0.207895 2.85725e-06
7.2 0.207895 3.02343e-06
8.4 0.207895 -3.82427e-07
9.6 0.207895 -9.86378e-07
10.8 0.207895 -2.38876e-07
12 0.207895 -5.6923e-08
13.2 0.207895 -2.53313e-07
14.4 0.207895 -3.16275e-07
15.6 0.207895 -2.73275e-07
16.8 0.207895 -2.528e-07
18 0.207895 -2.4652e-07
19.2 0.207895 -2.24572e-07
20.4 0.207895 -1.92427e-07
21.6 0.207895 -1.59008e-07
22.8 0.207895 -1.2485e-07
24 0.207895 -9.04469e-08
25.2 0.207895 -5.80952e-08
26.4 0.207895 -3.04383e-08
27.6 0.207895 -1.07567e-08
28.8 0.207895 -1.43627e-09
30 0.207895 1.28087e-38
-30 0.260526 1.19822e-38
-28.8 0.260526 -1.33743e-09
-27.6 0.260526 -1.0076e-08
-26.4 0.260526 -2.8552e-08
-25.2 0.260526 -5.44778e-08
-24 0.260526 -8.47567e-08
-22.8 0.260526 -1.17059e-07
-21.6 0.260526 -1.492e-07
-20.4 0.260526 -1.80204e-07
-19.2 0.260526 -2.10026e-07
-18 0.260526 -2.32039e-07
-16.8 0.260526 -2.386e-07
-15.6 0.260526 -2.52196e-07
-14.4 0.260526 -2.91217e-07
-13.2 0.260526 -2.52303e-07
-12 0.260526 -7.223e-08
-10.8 0.260526 -1.76044e-07
-9.6 0.260526 -8.51677e-07
-8.4 0.260526 -4.82499e-07
-7.2 0.260526 2.55876e-06
-6 0.260526 2.85307e-06
-4.8 0.260526 -9.01206e-06
-3.6 0.260526 -2.05421e-05
-2.4 0.260526 1.41324e-05
-1.2 0.260526 0.000109654
0 0.260526 0.000171817
1.2 0.260526 0.00010965
2.4 0.260526 1.4129e-05
3.6 0.260526 -2.05424e-05
4.8 0.260526 -9.01036e-06
6 0.260526 2.85392e-06
7.2 0.260526 2.55821e-06
8.4 0.260526 -4.83002e-07
9.6 0.260526 -8.51528e-07
10.8 0.260526 -1.75826e-07
12 0.260526 -7.22517e-08
13.2 0.260526 -2.52362e-07
14.4 0.260526 -2.91205e-07
15.6 0.260526 -2.5218e-07
16.8 0.260526 -2.38611e-07
18 0.260526 -2.32053e-07
19.2 0.260526 -2.10036e-07
20.4 0.260526 -1.80215e-07
21.6 0.260526 -1.49211e-07
22.8 0.260526 -1.17067e-07
24 0.260526 -8.47618e-08
25.2 0.260526 -5.44804e-08
26.4 0.260526 -2.85528e-08
27.6 0.260526 -1.00759e-08
28.8 0.260526 -1.3373e-09
30 0.260526 1.19819e-38
-30 0.313158 1.1161e-38
-28.8 0.313158 -1.24117e-09
-27.6 0.313158 -9.39629e-09
-26.4 0.313158 -2.66611e-08
-25.2 0.313158 -5.0865e-08
-24 0.313158 -7.90814e-08
-22.8 0.313158 -1.09247e-07
-21.6 0.313158 -1.39378e-07
-20.4 0.313158 -1.68112e-07
-19.2 0.313158 -1.95523e-07
-18 0.313158 -2.1713e-07
-16.8 0.313158 -2.24434e-07
-15.6 0.313158 -2.32569e-07
-14.4 0.313158 -2.65877e-07
-13.2 0.313158 -2.46819e-07
-12 0.313158 -8.80241e-08
-10.8 0.313158 -1.25907e-07
-9.6 0.313158 -7.19567e-07
-8.4 0.313158 -5.51919e-07
-7.2 0.313158 2.11767e-06
-6 0.313158 2.80199e-06
-4.8 0.313158 -7.62823e-06
-3.6 0.313158 -1.88349e-05
-2.4 0.313158 1.23519e-05
-1.2 0.313158 0.00010189
0 0.313158 0.000160991
1.2 0.313158 0.000101887
2.4 0.313158 1.2349e-05
3.6 0.313158 -1.8835e-05
4.8 0.313158 -7.62676e-06
6 0.313158 2.80264e-06
7.2 0.313158 2.11717e-06
8.4 0.313158 -5.52297e-07
9.6 0.313158 -7.19412e-07
10.8 0.313158 -1.25741e-07
12 0.313158 -8.80537e-08
13.2 0.313158 -2.4686e-07
14.4 0.313158 -2.65861e-07
15.6 0.313158 -2.32559e-07
16.8 0.313158 -2.24446e-07
18 0.313158 -2.17144e-07
19.2 0.313158 -1.95534e-07
20.4 0.313158 -1.68125e-07
21.6 0.313158 -1.3939e-07
22.8 0.313158 -1.09256e-07
24 0.313158 -7.90871e-08
25.2 0.313158 -5.08679e-08
26.4 0.313158 -2.6662e-08
27.6 0.313158 -9.39629e-09
28.8 0.313158 -1.24105e-09
30 0.313158 1.11608e-38
-30 0.365789 1.03463e-38
-28.8 0.365789 -1.14722e-09
-27.6 0.365789 -8.71838e-09
-26.4 0.365789 -2.47653e-08
-25.2 0.365789 -4.72513e-08
-24 0.365789 -7.3418e-08
-22.8 0.365789 -1.0142e-07
-21.6 0.365789 -1.29519e-07
-20.4 0.365789 -1.56112e-07
-19.2 0.365789 -1.81111e-07
-18 0.365789 -2.01843e-07
-16.8 0.365789 -2.10102e-07
-15.6 0.365789 -2.14299e-07
-14.4 0.365789 -2.40798e-07
-13.2 0.365789 -2.36989e-07
-12 0.365789 -1.03049e-07
-10.8 0.365789 -8.82981e-08
-9.6 0.365789 -5.92527e-07
-8.4 0.365789 -5.91012e-07
-7.2 0.365789 1.70404e-06
-6 0.365789 2.7041e-06
-4.8 0.365789 -6.33297e-06
-3.6 0.365789 -1.71421e-05
-2.4 0.365789 1.06382e-05
-1.2 0.365789 9.41668e-05
0 0.365789 0.000150164
1.2 0.365789 9.41639e-05
2.4 0.365789 1.06357e-05
3.6 0.365789 -1.71421e-05
4.8 0.365789 -6.33173e-06
6 0.365789 2.70458e-06
7.2 0.365789 1.7036e-06
8.4 0.365789 -5.91285e-07
9.6 0.365789 -5.92374e-07
10.8 0.365789 -8.81757e-08
12 0.365789 -1.03081e-07
13.2 0.365789 -2.37014e-07
14.4 0.365789 -2.40781e-07
15.6 0.365789 -2.14294e-07
16.8 0.365789 -2.10114e-07
18 0.365789 -2.01856e-07
19.2 0.365789 -1.81124e-07
20.4 0.365789 -1.56126e-07
21.6 0.365789 -1.29531e-07
22.8 0.365789 -1.01429e-07
24 0.365789 -7.34241e-08
25.2 0.365789 -4.72545e-08
26.4 0.365789 -2.47664e-08
27.6 0.365789 -8.71842e-09
28.8 0.365789 -1.1471e-09
30 0.365789 1.0346e-38
-30 0.418421 9.53769e-39
-28.8 0.418421 -1.05505e-09
-27.6 0.418421 -8.04258e-09
-26.4 0.418421 -2.28659e-08
-25.2 0.418421 -4.36342e-08
-24 0.418421 -6.77655e-08
-22.8 0.418421 -9.35869e-08
-21.6 0.418421 -1.19618e-07
-20.4 0.418421 -1.4417e-07
-19.2 0.418421 -1.66829e-07
-18 0.418421 -1.86266e-07
-16.8 0.418421 -1.95442e-07
-15.6 0.418421 -1.9719e-07
-14.4 0.418421 -2.1648e-07
-13.2 0.418421 -2.23198e-07
-12 0.418421 -1.16055e-07
-10.8 0.418421 -6.24644e-08
-9.6 0.418421 -4.73017e-07
-8.4 0.418421 -6.01188e-07
-7.2 0.418421 1.32146e-06
-6 0.418421 2.56105e-06
-4.8 0.418421 -5.1308e-06
-3.6 0.418421 -1.54645e-05
-2.4 0.418421 8.99737e-06
-1.2 0.418421 8.64836e-05
0 0.418421 0.000139327
1.2 0.418421 8.6481e-05
2.4 0.418421 8.99523e-06
3.6 0.418421 -1.54645e-05
4.8 0.418421 -5.12978e-06
6 0.418421 2.56138e-06
7.2 0.418421 1.32108e-06
8.4 0.418421 -6.01372e-07
9.6 0.418421 -4.72876e-07
10.8 0.418421 -6.23789e-08
12 0.418421 -1.16084e-07
13.2 0.418421 -2.2321e-07
14.4 0.418421 -2.16464e-07
15.6 0.418421 -1.97189e-07
16.8 0.418421 -1.95454e-07
18 0.418421 -1.86278e-07
19.2 0.418421 -1.66842e-07
20.4 0.418421 -1.44184e-07
21.6 0.418421 -1.1963e-07
22.8 0.418421 -9.35965e-08
24 0.418421 -6.77718e-08
25.2 0.418421 -4.36375e-08
26.4 0.418421 -2.28671e-08
27.6 0.418421 -8.04265e-09
28.8 0.418421 -1.05494e-09
30 0.418421 9.5375e-39
-30 0.471053 8.73438e-39
-28.8 0.471053 -9.642e-10
-27.6 0.471053 -7.36886e-09
-26.4 0.471053 -2.09641e-08
-25.2 0.471053 -4.00122e-08
-24 0.471053 -6.21209e-08
-22.8 0.471053 -8.57583e-08
-21.6 0.471053 -1.09677e-07
-20.4 0.471053 -1.32248e-07
-19.2 0.471053 -1.52693e-07
-18 0.471053 -1.70507e-07
-16.8 0.471053 -1.80341e-07
-15.6 0.471053 -1.80975e-07
-14.4 0.471053 -1.93352e-07
-13.2 0.471053 -2.06024e-07
-12 0.471053 -1.25848e-07
-10.8 0.471053 -4.72797e-08
-9.6 0.471053 -3.63563e-07
-8.4 0.471053 -5.84418e-07
-7.2 0.471053 9.73852e-07
-6 0.471053 2.37515e-06
-4.8 0.471053 -4.02696e-06
-3.6 0.471053 -1.38035e-05
-2.4 0.471053 7.4365e-06
-1.2 0.471053 7.88409e-05
0 0.471053 0.000128472
1.2 0.471053 7.88387e-05
2.4 0.471053 7.43472e-06
3.6 0.471053 -1.38035e-05
4.8 0.471053 -4.02613e-06
6 0.471053 2.37537e-06
7.2 0.471053 9.73537e-07
8.4 0.471053 -5.8453e-07
9.6 0.471053 -3.63438e-07
10.8 0.471053 -4.72237e-08
12 0.471053 -1.25872e-07
13.2 0.471053 -2.06026e-07
14.4 0.471053 -1.93339e-07
15.6 0.471053 -1.80976e-07
16.8 0.471053 -1.80352e-07
18 0.471053 -1.70519e-07
19.2 0.471053 -1.52707e-07
20.4 0.471053 -1.32262e-07
21.6 0.471053 -1.0969e-07
22.8 0.471053 -8.57681e-08
24 0.471053 -6.21274e-08
25.2 0.471053 -4.00156e-08
26.4 0.471053 -2.09653e-08
27.6 0.471053 -7.36896e-09
28.8 0.471053 -9.64095e-10
30 0.471053 8.73423e-39
-30 0.523684 7.93501e-39
-28.8 0.523684 -8.74295e-10
-27.6 0.523684 -6.69691e-09
-26.4 0.523684 -1.90612e-08
-25.2 0.523684 -3.6385e-08
-24 0.523684 -5.64802e-08
-22.8 0.523684 -7.79398e-08
-21.6 0.523684 -9.97077e-08
-20.4 0.523684 -1.20316e-07
-19.2 0.523684 -1.38694e-07
-18 0.523684 -1.54681e-07
-16.8 0.523684 -1.6475e-07
-15.6 0.523684 -1.65326e-07
-14.4 0.523684 -1.71727e-07
-13.2 0.523684 -1.86235e-07
-12 0.523684 -1.31375e-07
-10.8 0.523684 -4.11831e-08
-9.6 0.523684 -2.66657e-07
-8.4 0.523684 -5.43398e-07
-7.2 0.523684 6.65468e-07
-6 0.523684 2.14962e-06
-4.8 0.523684 -3.02753e-06
-3.6 0.523684 -1.21612e-05
-2.4 0.523684 5.96405e-06
-1.2 0.523684 7.12393e-05
0 0.523684 0.00011759
1.2 0.523684 7.12374e-05
2.4 0.523684 5.96259e-06
3.6 0.523684 -1.21611e-05
4.8 0.523684 -3.02687e-06
6 0.523684 2.14975e-06
7.2 0.523684 6.65216e-07
8.4 0.523684 -5.43456e-07
9.6 0.523684 -2.66553e-07
10.8 0.523684 -4.11493e-08
12 0.523684 -1.31391e-07
13.2 0.523684 -1.8623e-07
14.4 0.523684 -1.71716e-07
15.6 0.523684 -1.65329e-07
16.8 0.523684 -1.6476e-07
18 0.523684 -1.54693e-07
19.2 0.523684 -1.38708e-07
20.4 0.523684 -1.2033e-07
21.6 0.523684 -9.97202e-08
22.8 0.523684 -7.79495e-08
24 0.523684 -5.64866e-08
25.2 0.523684 -3.63884e-08
26.4 0.523684 -1.90625e-08
27.6 0.523684 -6.69703e-09
28.8 0.523684 -8.74195e-10
30 0.523684 7.93488e-39
-30 0.576316 7.1383e-39
-28.8 0.576316 -7.85132e-10
-27.6 0.576316 -6.02627e-09
-26.4 0.576316 -1.7158e-08
-25.2 0.576316 -3.27535e-08
-24 0.576316 -5.08396e-08
-22.8 0.576316 -7.0133e-08
-21.6 0.576316 -8.9722e-08
-20.4 0.576316 -1.08352e-07
-19.2 0.576316 -1.24802e-07
-18 0.576316 -1.38891e-07
-16.8 0.576316 -1.48692e-07
-15.6 0.576316 -1.49892e-07
-14.4 0.576316 -1.51751e-07
-13.2 0.576316 -1.64772e-07
-12 0.576316 -1.31832e-07
-10.8 0.576316 -4.21299e-08
-9.6 0.576316 -1.84609e-07
-8.4 0.576316 -4.81744e-07
-7.2 0.576316 4.00756e-07
-6 0.576316 1.88893e-06
-4.8 0.576316 -2.13953e-06
-3.6 0.576316 -1.05406e-05
-2.4 0.576316 4.59016e-06
-1.2 0.576316 6.36796e-05
0 0.576316 0.000106668
1.2 0.576316 6.3678e-05
2.4 0.576316 4.589e-06
3.6 0.576316 -1.05405e-05
4.8 0.576316 -2.13902e-06
6 0.576316 1.88899e-06
7.2 0.576316 4.00563e-07
8.4 0.576316 -4.81762e-07
9.6 0.576316 -1.84526e-07
10.8 0.576316 -4.21114e-08
12 0.576316 -1.3184e-07
13.2 0.576316 -1.64763e-07
14.4 0.576316 -1.51744e-07
15.6 0.576316 -1.49896e-07
16.8 0.576316 -1.48701e-07
18 0.576316 -1.38902e-07
19.2 0.576316 -1.24816e-07
20.4 0.576316 -1.08366e-07
21.6 0.576316 -8.97342e-08
22.8 0.576316 -7.01425e-08
24 0.576316 -5.08459e-08
25.2 0.576316 -3.27569e-08
26.4 0.576316 -1.71593e-08
27.6 0.576316 -6.0264e-09
28.8 0.576316 -7.85038e-10
30 0.576316 7.13821e-39
-30 0.628947 6.3434e-39
-28.8 0.628947 -6.96632e-10
-27.6 0.628947 -5.35653e-09
-26.4 0.628947 -1.52548e-08
-25.2 0.628947 -2.9119e-08
-24 0.628947 -4.51967e-08
-22.8 0.628947 -6.23359e-08
-21.6 0.628947 -7.97336e-08
-20.4 0.628947 -9.63501e-08
-19.2 0.628947 -1.10971e-07
-18 0.628947 -1.23208e-07
-16.8 0.628947 -1.32262e-07
-15.6 0.628947 -1.34341e-07
-14.4 0.628947 -1.33364e-07
-13.2 0.628947 -1.42685e-07
-12 0.628947 -1.26807e-07
-10.8 0.628947 -4.75809e-08
-9.6 0.628947 -1.19302e-07
-8.4 0.628947 -4.04209e-07
-7.2 0.628947 1.84186e-07
-6 0.628947 1.59927e-06
-4.8 0.628947 -1.37103e-06
-3.6 0.628947 -8.94681e-06
-2.4 0.628947 3.32722e-06
-1.2 0.628947 5.61637e-05
0 0.628947 9.56922e-05
1.2 0.628947 5.61624e-05
2.4 0.628947 3.32632e-06
3.6 0.628947 -8.94671e-06
4.8 0.628947 -1.37065e-06
6 0.628947 1.59928e-06
7.2 0.628947 1.84048e-07
8.4 0.628947 -4.04202e-07
9.6 0.628947 -1.19241e-07
10.8 0.628947 -4.75715e-08
12 0.628947 -1.26809e-07
13.2 0.628947 -1.42675e-07
14.4 0.628947 -1.33359e-07
15.6 0.628947 -1.34344e-07
16.8 0.628947 -1.3227e-07
18 0.628947 -1.23219e-07
19.2 0.628947 -1.10984e-07
20.4 0.628947 -9.63633e-08
21.6 0.628947 -7.97452e-08
22.8 0.628947 -6.2345e-08
24 0.628947 -4.52028e-08
25.2 0.628947 -2.91223e-08
26.4 0.628947 -1.5256e-08
27.6 0.628947 -5.35668e-09
28.8 0.628947 -6.96545e-10
30 0.628947 6.34333e-39
-30 0.681579 5.54993e-39
-28.8 0.681579 -6.0877e-10
-27.6 0.681579 -4.68743e-09
-26.4 0.681579 -1.33514e-08
-25.2 0.681579 -2.5483e-08
-24 0.681579 -3.95507e-08
-22.8 0.681579 -5.45441e-08
-21.6 0.681579 -6.97516e-08
-20.4 0.681579 -8.43159e-08
-19.2 0.681579 -9.71546e-08
-18 0.681579 -1.07663e-07
-16.8 0.681579 -1.1561e-07
-15.6 0.681579 -1.18418e-07
-14.4 0.681579 -1.16277e-07
-13.2 0.681579 -1.21022e-07
-12 0.681579 -1.16442e-07
-10.8 0.681579 -5.45728e-08
-9.6 0.681579 -7.1831e-08
-8.4 0.681579 -3.16904e-07
-7.2 0.681579 1.98612e-08
-6 0.681579 1.28921e-06
-4.8 0.681579 -7.31197e-07
-3.6 0.681579 -7.38717e-06
-2.4 0.681579 2.19058e-06
-1.2 0.681579 4.86943e-05
0 0.681579 8.46441e-05
1.2 0.681579 4.86932e-05
2.4 0.681579 2.18991e-06
3.6 0.681579 -7.38706e-06
4.8 0.681579 -7.30934e-07
6 0.681579 1.2892e-06
7.2 0.681579 1.97709e-08
8.4 0.681579 -3.16883e-07
9.6 0.681579 -7.17892e-08
10.8 0.681579 -5.45676e-08
12 0.681579 -1.16438e-07
13.2 0.681579 -1.21012e-07
14.4 0.681579 -1.16274e-07
15.6 0.681579 -1.18421e-07
16.8 0.681579 -1.15617e-07
18 0.681579 -1.07674e-07
19.2 0.681579 -9.71668e-08
20.4 0.681579 -8.43283e-08
21.6 0.681579 -6.97626e-08
22.8 0.681579 -5.45527e-08
24 0.681579 -3.95565e-08
25.2 0.681579 -2.54861e-08
26.4 0.681579 -1.33526e-08
27.6 0.681579 -4.68757e-09
28.8 0.681579 -6.08691e-10
30 0.681579 5.54988e-39
-30 0.734211 4.75782e-39
-28.8 0.734211 -5.21509e-10
-27.6 0.734211 -4.01885e-09
-26.4 0.734211 -1.14477e-08
-25.2 0.734211 -2.18461e-08
-24 0.734211 -3.39025e-08
-22.8 0.734211 -4.67536e-08
-21.6 0.734211 -5.97791e-08
-20.4 0.734211 -7.22645e-08
-19.2 0.734211 -8.33183e-08
-18 0.734211 -9.22363e-08
-16.8 0.734211 -9.89012e-08
-15.6 0.734211 -1.02011e-07
-14.4 0.734211 -1.00001e-07
-13.2 0.734211 -1.00644e-07
-12 0.734211 -1.01565e-07
-10.8 0.734211 -5.99425e-08
-9.6 0.734211 -4.19911e-08
-8.4 0.734211 -2.27424e-07
-7.2 0.734211 -8.92172e-08
-6 0.734211 9.70651e-07
-4.8 0.734211 -2.30115e-07
-3.6 0.734211 -5.87305e-06
-2.4 0.734211 1.19961e-06
-1.2 0.734211 4.1276e-05
0 0.734211 7.34994e-05
1.2 0.734211 4.12753e-05
2.4 0.734211 1.19914e-06
3.6 0.734211 -5.87296e-06
4.8 0.734211 -2.29943e-07
6 0.734211 9.70627e-07
7.2 0.734211 -8.92687e-08
8.4 0.734211 -2.27399e-07
9.6 0.734211 -4.19648e-08
10.8 0.734211 -5.99382e-08
12 0.734211 -1.01558e-07
13.2 0.734211 -1.00636e-07
14.4 0.734211 -9.99991e-08
15.6 0.734211 -1.02013e-07
16.8 0.734211 -9.89075e-08
18 0.734211 -9.22457e-08
19.2 0.734211 -8.33295e-08
20.4 0.734211 -7.22757e-08
21.6 0.734211 -5.97891e-08
22.8 0.734211 -4.67615e-08
24 0.734211 -3.39078e-08
25.2 0.734211 -2.1849e-08
26.4 0.734211 -1.14488e-08
27.6 0.734211 -4.01899e-09
28.8 0.734211 -5.21439e-10
30 0.734211 4.75779e-39
-30 0.786842 3.96705e-39
-28.8 0.786842 -4.34775e-10
-27.6 0.786842 -3.35075e-09
-26.4 0.786842 -9.54345e-09
-25.2 0.786842 -1.82086e-08
-24 0.786842 -2.82533e-08
-22.8 0.786842 -3.89621e-08
-21.6 0.786842 -4.98134e-08
-20.4 0.786842 -6.02106e-08
-19.2 0.786842 -6.94508e-08
-18 0.786842 -7.68741e-08
-16.8 0.786842 -8.22612e-08
-15.6 0.786842 -8.51736e-08
-14.4 0.786842 -8.39599e-08
-13.2 0.786842 -8.20059e-08
-12 0.786842 -8.37244e-08
-10.8 0.786842 -6.08056e-08
-9.6 0.786842 -2.76347e-08
-8.4 0.786842 -1.44687e-07
-7.2 0.786842 -1.42477e-07
-6 0.786842 6.60037e-07
-4.8 0.786842 1.21922e-07
-3.6 0.786842 -4.42219e-06
-2.4 0.786842 3.79261e-07
-1.2 0.786842 3.39168e-05
0 0.786842 6.22255e-05
1.2 0.786842 3.39162e-05
2.4 0.786842 3.7895e-07
3.6 0.786842 -4.42211e-06
4.8 0.786842 1.22023e-07
6 0.786842 6.60012e-07
7.2 0.786842 -1.42499e-07
8.4 0.786842 -1.44665e-07
9.6 0.786842 -2.76193e-08
10.8 0.786842 -6.08003e-08
12 0.786842 -8.37162e-08
13.2 0.786842 -8.19993e-08
14.4 0.786842 -8.39581e-08
15.6 0.786842 -8.51757e-08
16.8 0.786842 -8.22667e-08
18 0.786842 -7.68825e-08
19.2 0.786842 -6.94606e-08
20.4 0.786842 -6.02205e-08
21.6 0.786842 -4.98223e-08
22.8 0.786842 -3.89691e-08
24 0.786842 -2.82579e-08
25.2 0.786842 -1.82111e-08
26.4 0.786842 -9.54443e-09
27.6 0.786842 -3.35089e-09
28.8 0.786842 -4.34715e-10
30 0.786842 3.96703e-39
-30 0.839474 3.17747e-39
-28.8 0.839474 -3.48469e-10
-27.6 0.839474 -2.6831e-09
-26.4 0.839474 -7.6388e-09
-25.2 0.839474 -1.45704e-08
-24 0.839474 -2.26038e-08
-22.8 0.839474 -3.11696e-08
-21.6 0.839474 -3.98503e-08
-20.4 0.839474 -4.8162e-08
-19.2 0.839474 -5.55611e-08
-18 0.839474 -6.15215e-08
-16.8 0.839474 -6.57352e-08
-15.6 0.839474 -6.80975e-08
-14.4 0.839474 -6.76761e-08
-13.2 0.839474 -6.49611e-08
-12 0.839474 -6.49432e-08
-10.8 0.839474 -5.53662e-08
-9.6 0.839474 -2.40992e-08
-8.4 0.839474 -7.80166e-08
-7.2 0.839474 -1.44075e-07
-6 0.839474 3.7966e-07
-4.8 0.839474 3.16444e-07
-3.6 0.839474 -3.06306e-06
-2.4 0.839474 -2.37627e-07
-1.2 0.839474 2.66302e-05
0 0.839474 5.0776e-05
1.2 0.839474 2.66298e-05
2.4 0.839474 -2.37809e-07
3.6 0.839474 -3.063e-06
4.8 0.839474 3.16493e-07
6 0.839474 3.79641e-07
7.2 0.839474 -1.4408e-07
8.4 0.839474 -7.80007e-08
9.6 0.839474 -2.40901e-08
10.8 0.839474 -5.53599e-08
12 0.839474 -6.49357e-08
13.2 0.839474 -6.49561e-08
14.4 0.839474 -6.76746e-08
15.6 0.839474 -6.80992e-08
16.8 0.839474 -6.57399e-08
18 0.839474 -6.15285e-08
19.2 0.839474 -5.55695e-08
20.4 0.839474 -4.81704e-08
21.6 0.839474 -3.98578e-08
22.8 0.839474 -3.11755e-08
24 0.839474 -2.26077e-08
25.2 0.839474 -1.45726e-08
26.4 0.839474 -7.63964e-09
27.6 0.839474 -2.68322e-09
28.8 0.839474 -3.4842e-10
30 0.839474 3.17746e-39
-30 0.892105 2.38883e-39
-28.8 0.892105 -2.62496e-10
-27.6 0.892105 -2.01582e-09
-26.4 0.892105 -5.73381e-09
-25.2 0.892105 -1.09315e-08
-24 0.892105 -1.69542e-08
-22.8 0.892105 -2.33768e-08
-21.6 0.892105 -2.9887e-08
-20.4 0.892105 -3.61184e-08
-19.2 0.892105 -4.16652e-08
-18 0.892105 -4.61504e-08
-16.8 0.892105 -4.92878e-08
-15.6 0.892105 -5.09914e-08
-14.4 0.892105 -5.09739e-08
-13.2 0.892105 -4.88101e-08
-12 0.892105 -4.70435e-08
-10.8 0.892105 -4.39053e-08
-9.6 0.892105 -2.43514e-08
-8.4 0.892105 -3.46163e-08
-7.2 0.892105 -1.06428e-07
-6 0.892105 1.58038e-07
-4.8 0.892105 3.52397e-07
-3.6 0.892105 -1.84311e-06
-2.4 0.892105 -6.07243e-07
-1.2 0.892105 1.94424e-05
0 0.892105 3.90787e-05
1.2 0.892105 1.94421e-05
2.4 0.892105 -6.0733e-07
3.6 0.892105 -1.84308e-06
4.8 0.892105 3.52415e-07
6 0.892105 1.58029e-07
7.2 0.892105 -1.06424e-07
8.4 0.892105 -3.46071e-08
9.6 0.892105 -2.43454e-08
10.8 0.892105 -4.38992e-08
12 0.892105 -4.70376e-08
13.2 0.892105 -4.88063e-08
14.4 0.892105 -5.09726e-08
15.6 0.892105 -5.09927e-08
16.8 0.892105 -4.92916e-08
18 0.892105 -4.61559e-08
19.2 0.892105 -4.16717e-08
20.4 0.892105 -3.61251e-08
21.6 0.892105 -2.9893e-08
22.8 0.892105 -2.33815e-08
24 0.892105 -1.69574e-08
25.2 0.892105 -1.09332e-08
26.4 0.892105 -5.73449e-09
27.6 0.892105 -2.01592e-09
28.8 0.892105 -2.62458e-10
30 0.892105 2.38883e-39
-30 0.944737 1.60088e-39
-28.8 0.944737 -1.7677e-10
-27.6 0.944737 -1.34882e-09
-26.4 0.944737 -3.82861e-09
-25.2 0.944737 -7.29207e-09
-24 0.944737 -1.13046e-08
-22.8 0.944737 -1.55843e-08
-21.6 0.944737 -1.99234e-08
-20.4 0.944737 -2.40765e-08
-19.2 0.944737 -2.77713e-08
-18 0.944737 -3.07639e-08
-16.8 0.944737 -3.28596e-08
-15.6 0.944737 -3.39545e-08
-14.4 0.944737 -3.39993e-08
-13.2 0.944737 -3.27451e-08
-12 0.944737 -3.07165e-08
-10.8 0.944737 -2.90746e-08
-9.6 0.944737 -2.12258e-08
-8.4 0.944737 -1.46677e-08
-7.2 0.944737 -5.35295e-08
-6 0.944737 2.49714e-08
-4.8 0.944737 2.50986e-07
-3.6 0.944737 -8.44381e-07
-2.4 0.944737 -6.73287e-07
-1.2 0.944737 1.24107e-05
0 0.944737 2.70081e-05
1.2 0.944737 1.24106e-05
2.4 0.944737 -6.73313e-07
3.6 0.944737 -8.44368e-07
4.8 0.944737 2.5099e-07
6 0.944737 2.49703e-08
7.2 0.944737 -5.35258e-08
8.4 0.944737 -1.4663e-08
9.6 0.944737 -2.12214e-08
10.8 0.944737 -2.907e-08
12 0.944737 -3.07125e-08
13.2 0.944737 -3.27425e-08
14.4 0.944737 -3.39984e-08
15.6 0.944737 -3.39554e-08
16.8 0.944737 -3.28623e-08
18 0.944737 -3.07678e-08
19.2 0.944737 -2.7776e-08
20.4 0.944737 -2.40812e-08
21.6 0.944737 -1.99276e-08
22.8 0.944737 -1.55876e-08
24 0.944737 -1.13068e-08
25.2 0.944737 -7.29329e-09
26.4 0.944737 -3.82909e-09
27.6 0.944737 -1.34889e-09
28.8 0.944737 -1.76744e-10
30 0.944737 1.60088e-39
-30 0.997368 8.13383e-40
-28.8 0.997368 -9.12091e-11
-27.6 0.997368 -6.81992e-10
-26.4 0.997368 -1.92327e-09
-25.2 0.997368 -3.65231e-09
-24 0.997368 -5.65485e-09
-22.8 0.997368 -7.79211e-09
-21.6 0.997368 -9.95985e-09
-20.4 0.997368 -1.20345e-08
-19.2 0.997368 -1.38797e-08
-18 0.997368 -1.53741e-08
-16.8 0.997368 -1.64236e-08
-15.6 0.997368 -1.6965e-08
-14.4 0.997368 -1.6977e-08
-13.2 0.997368 -1.64264e-08
-12 0.997368 -1.53104e-08
-10.8 0.997368 -1.40903e-08
-9.6 0.997368 -1.20445e-08
-8.4 0.997368 -7.53905e-09
-7.2 0.997368 -1.48565e-08
-6 0.997368 -1.19367e-08
-4.8 0.997368 8.99373e-08
-3.6 0.997368 -2.03256e-07
-2.4 0.997368 -3.90772e-07
-1.2 0.997368 5.6978e-06
0 0.997368 1.42879e-05
1.2 0.997368 5.6978e-06
2.4 0.997368 -3.90772e-07
3.6 0.997368 -2.03256e-07
4.8 0.997368 8.99379e-08
6 0.997368 -1.19355e-08
7.2 0.997368 -1.48548e-08
8.4 0.997368 -7.5369e-09
9.6 0.997368 -1.20421e-08
10.8 0.997368 -1.40879e-08
12 0.997368 -1.53084e-08
13.2 0.997368 -1.64251e-08
14.4 0.997368 -1.69765e-08
15.6 0.997368 -1.69655e-08
16.8 0.997368 -1.6425e-08
18 0.997368 -1.53761e-08
19.2 0.997368 -1.38821e-08
20.4 0.997368 -1.2037e-08
21.6 0.997368 -9.962e-09
22.8 0.997368 -7.7938e-09
24 0.997368 -5.656e-09
25.2 0.997368 -3.65295e-09
26.4 0.997368 -1.92352e-09
27.6 0.997368 -6.82031e-10
28.8 0.997368 -9.1197e-11
30 0.997368 8.13388e-40
-30 1.05 0
-28.8 1.05 0
-27.6 1.05 0
-26.4 1.05 0
-25.2 1.05 0
-24 1.05 0
-22.8 1.05 0
-21.6 1.05 0
-20.4 1.05 0
-19.2 1.05 0
-18 1.05 0
-16.8 1.05 0
-15.6 1.05 0
-14.4 1.05 0
-13.2 1.05 0
-12 1.05 0
-10.8 1.05 0
-9.6 1.05 0
-8.4 1.05 0
-7.2 1.05 0
-6 1.05 0
-4.8 1.05 0
-3.6 1.05 0
-2.4 1.05 0
-1.2 1.05 0
0 1.05 0
1.2 1.05 0
2.4 1.05 0
3.6 1.05 0
4.8 1.05 0
6 1.05 0
7.2 1.05 0
8.4 1.05 0
9.6 1.05 0
10.8 1.05 0
12 1.05 0
13.2 1.05 0
14.4 1.05 0
15.6 1.05 0
16.8 1.05 0
18 1.05 0
19.2 1.05 0
20.4 1.05 0
21.6 1.05 0
22.8 1.05 0
24 1.05 0
25.2 1.05 0
26.4 1.05 0
27.6 1.05 0
28.8 1.05 0
30 1.05 0
