3060	
	1.2750649e-38	-6.543823542e-09	5.752001514e-09	9.195834322e-08	3.038835893e-07
	6.273965718e-07	9.025615376e-07	9.530091172e-07	9.79561394e-07	1.579025688e-06
	2.702935847e-06	2.665078622e-06	-6.810577304e-08	-2.612016898e-06	2.070301519e-06
	1.430935787e-05	1.666881193e-05	-1.257040283e-05	-5.803100171e-05	-4.806116569e-05
	7.817633697e-05	0.0002444811264	0.0002093883201	-0.0002261455833	-0.0008942681068
	-0.001237767299	-0.0008930046589	-0.0002247583551	0.0002099500699	0.0002442588462
	7.777907544e-05	-4.820623138e-05	-5.793512468e-05	-1.244725797e-05	1.66960599e-05
	1.427080582e-05	2.039321177e-06	-2.610960893e-06	-5.521115979e-08	2.670156055e-06
	2.700121474e-06	1.576179452e-06	9.796543579e-07	9.540915427e-07	9.028833142e-07
	6.271146869e-07	3.03666606e-07	9.195418034e-08	5.794430006e-09	-6.534778854e-09
	1.26721316e-38	1.074613136e-38	-6.329297883e-09	6.875622753e-09	9.189736126e-08
	2.966809492e-07	6.113915284e-07	8.890775409e-07	9.529169827e-07	9.718568962e-07
	1.518550278e-06	2.602609003e-06	2.649638066e-06	9.540726272e-08	-2.465349827e-06
	1.773069945e-06	1.353233628e-05	1.631240827e-05	-1.133099401e-05	-5.557238768e-05
	-4.721562949e-05	7.430877782e-05	0.0002367377287	0.0002042353713	-0.0002207523553
	-0.0008761739632	-0.001213963119	-0.0008749169382	-0.0002193855421	0.0002047781748
	0.0002365171964	7.392747635e-05	-4.734959679e-05	-5.547774682e-05	-1.121463677e-05
	1.633600379e-05	1.349496569e-05	1.744500942e-06	-2.463557166e-06	1.075956611e-07
	2.65407008e-06	2.599813831e-06	1.515984041e-06	9.720617673e-07	9.53944345e-07
	8.893497681e-07	6.111224891e-07	2.964911183e-07	9.189951822e-08	6.911738531e-09
	-6.323794384e-09	1.06825949e-38	9.054814336e-39	-6.179703852e-09	7.846890843e-09
	9.184640509e-08	2.898513242e-07	5.956291103e-07	8.748583157e-07	9.516282601e-07
	9.648461745e-07	1.461465646e-06	2.503968214e-06	2.628478318e-06	2.493946435e-07
	-2.317209395e-06	1.496599836e-06	1.277712196e-05	1.594445624e-05	-1.014518521e-05
	-5.316615376e-05	-4.635759808e-05	7.053761588e-05	0.0002291215247	0.0001991565967
	-0.0002153877982	-0.0008582001977	-0.001190315681	-0.0008569514824	-0.0002140427761
	0.0001996804973	0.0002289030815	7.01720786e-05	-4.648092365e-05	-5.307292372e-05
	-1.003542678e-05	1.596464044e-05	1.27409793e-05	1.470335182e-06	-2.314768697e-06
	2.608820207e-07	2.632311116e-06	2.501212212e-06	1.459167096e-06	9.651484499e-07
	9.525995901e-07	8.750862219e-07	5.953747906e-07	2.89687015e-07	9.18536128e-08
	7.876911341e-09	-6.17734852e-09	9.00526969e-39	7.660489695e-39	-6.088591949e-09
	8.669789409e-09	9.178773423e-08	2.833735817e-07	5.801347998e-07	8.599670455e-07
	9.491385506e-07	9.584007865e-07	1.407672521e-06	2.407161306e-06	2.601907253e-06
	3.939028854e-07	-2.168030065e-06	1.240380672e-06	1.204375317e-05	1.556560693e-05
	-9.01227101e-06	-5.081201735e-05	-4.548724071e-05	6.686226168e-05	0.0002216314167
	0.0001941507518	-0.0002100522557	-0.0008403455385	-0.001166822836	-0.0008391069229
	-0.0002087303087	0.0001946558186	0.000221415385	6.651227607e-05	-4.560037798e-05
	-5.07203621e-05	-8.90892019e-06	1.558261412e-05	1.200887865e-05	1.216313916e-06
	-2.165025539e-06	4.046968355e-07	2.605185864e-06	2.404462462e-06	1.405628955e-06
	9.587867869e-07	9.500534346e-07	8.601556991e-07	5.798967636e-07	2.832331248e-07
	9.179883833e-08	8.693985728e-09	-6.088999009e-09	7.623889689e-39	6.545207862e-39
	-6.049167366e-09	9.349342395e-09	9.170457179e-08	2.772254704e-07	5.649313181e-07
	8.444671597e-07	9.454483147e-07	9.523949804e-07	1.357066225e-06	2.312329006e-06
	2.570234919e-06	5.28987347e-07	-2.018244005e-06	1.003896565e-06	1.133226833e-05
	1.517651828e-05	-7.931550608e-06	-4.850971638e-05	-4.460473645e-05	6.328214639e-05
	0.0002142663362	0.0001892165966	-0.0002047460873	-0.0008226087234	-0.001143482437
	-0.0008213819024	-0.000203448409	0.0001897029236	0.00021405302	6.294748403e-05
	-4.470813525e-05	-4.841978934e-05	-7.83441409e-06	1.519057588e-05	1.129869604e-05
	9.819219535e-07	-2.014755466e-06	5.390977352e-07	2.573003134e-06	2.309703371e-06
	1.355264618e-06	9.528518571e-07	9.463068558e-07	8.446214482e-07	5.647108311e-07
	2.771071729e-07	9.171853232e-08	9.368031276e-09	-6.051962004e-09	6.52046377e-39
	5.689443415e-39	-6.054414521e-09	9.891563403e-09	9.158121326e-08	2.713837167e-07
	5.500385527e-07	8.284221393e-07	9.405629029e-07	9.467059807e-07	1.30953669e-06
	2.219604582e-06	2.533773479e-06	6.547126902e-07	-1.868280928e-06	7.866256449e-07
	1.064270563e-05	1.477785569e-05	-6.902327165e-06	-4.625900976e-05	-4.371027499e-05
	5.979672214e-05	0.0002070252445	0.0001843528954	-0.0001994696692	-0.0008049884994
	-0.001120292336	-0.0008037750749	-0.0001981973646	0.000184820601	0.0002068149298
	5.947713949e-05	-4.380438112e-05	-4.617095389e-05	-6.811209801e-06	1.478918413e-05
	1.061046373e-05	7.666382712e-07	-1.864383823e-06	6.641515227e-07	2.536073784e-06
	2.217066327e-06	1.307963765e-06	9.472217198e-07	9.413656818e-07	8.285467499e-07
	5.498365957e-07	2.712858774e-07	9.159710363e-08	9.905099288e-09	-6.059236303e-09
	5.67544092e-39	5.072298956e-39	-6.09720088e-09	1.030338477e-08	9.14031267e-08
	2.658241468e-07	5.354734841e-07	8.118953055e-07	9.344925806e-07	9.412142882e-07
	1.264968498e-06	2.129113474e-06	2.492837109e-06	7.711533648e-07	-1.718567894e-06
	5.880394151e-07	9.975102578e-06	1.437029266e-05	-5.923907017e-06	-4.40596778e-05
	-4.280405744e-05	5.64054623e-05	0.0001999071337	0.0001795584166	-0.0001942233954
	-0.000787483622	-0.001097250386	-0.0007862851051	-0.0001929774831	0.0001800076426
	0.0001997000888	5.610070148e-05	-4.288931227e-05	-4.39736257e-05	-5.838612094e-06
	1.437910532e-05	9.944213436e-06	5.699353728e-07	-1.714333332e-06	7.799346573e-07
	2.494710625e-06	2.126674941e-06	1.263610799e-06	9.417777127e-07	9.352406155e-07
	8.119947069e-07	5.352907666e-07	2.657450706e-07	9.14201319e-08	1.031215201e-08
	-6.103706838e-09	5.067913447e-39	4.671730666e-39	-6.170371213e-09	1.059257397e-08
	9.115704436e-08	2.605218272e-07	5.212501162e-07	7.949495917e-07	9.272525426e-07
	9.358039995e-07	1.223240944e-06	2.040972892e-06	2.447741874e-06	8.783941199e-07
	-1.56952907e-06	4.076020855e-07	9.329495471e-06	1.395451148e-05	-4.995598845e-06
	-4.191152266e-05	-4.188629729e-05	5.310786183e-05	0.0001929110277	0.0001748319322
	-0.0001890076791	-0.0007700928558	-0.001074354432	-0.0007689106689	-0.0001877890933
	0.000175262843	0.0001927075039	5.281765137e-05	-4.196313737e-05	-4.182759669e-05
	-4.915928347e-06	1.396101465e-05	9.299975825e-06	3.912786195e-07	-1.565023848e-06
	8.865337647e-07	2.449228298e-06	2.038644654e-06	1.222084901e-06	9.364047679e-07
	9.279472494e-07	7.950280181e-07	5.210870917e-07	2.604598383e-07	9.117445842e-08
	1.059697921e-08	-6.178238589e-09	4.675841762e-39	4.464789662e-39	-6.266837092e-09
	1.076764027e-08	9.083104608e-08	2.554512196e-07	5.073794169e-07	7.776472983e-07
	9.188629148e-07	9.303631436e-07	1.184228111e-06	1.955291406e-06	2.398805565e-06
	9.765305394e-07	-1.421585439e-06	2.4476988e-07	8.705918814e-06	1.353120396e-05
	-4.116712761e-06	-3.981436888e-05	-4.095722142e-05	4.990343762e-05	0.0001860359832
	0.000170172217	-0.0001838229539	-0.0007528149733	-0.00105160232	-0.0007516504523
	-0.0001826325464	0.0001705849991	0.0001858362149	4.962749327e-05	-4.102607805e-05
	-3.973268124e-05	-4.042467636e-06	1.353559674e-05	8.677779951e-06	2.301255366e-07
	-1.416872078e-06	9.840461705e-07	2.399943114e-06	1.953082322e-06	1.18326011e-06
	9.309917465e-07	9.195060663e-07	7.777087344e-07	5.072362984e-07	2.554046751e-07
	9.084826881e-08	1.076810513e-08	-6.275765698e-09	4.476294847e-39	4.427876426e-39
	-6.379663633e-09	1.083773289e-08	9.041463449e-08	2.505863504e-07	4.938692685e-07
	7.600498304e-07	9.093487386e-07	9.247840391e-07	1.147798986e-06	1.872168495e-06
	2.346347499e-06	1.065669603e-06	-1.275154454e-06	9.899031842e-08	8.104404683e-06
	1.310107214e-05	-3.286559314e-06	-3.776806387e-05	-4.00170712e-05	4.679172893e-05
	0.0001792810906	0.0001655780488	-0.0001786696755	-0.0007356487554	-0.001028991884
	-0.000734503152	-0.000177508218	0.0001659729097	0.0001790852961	4.652975441e-05
	-4.007837006e-05	-3.768871672e-05	-3.217539734e-06	1.310354641e-05	8.077652601e-06
	8.592509349e-08	-1.270291239e-06	1.072580461e-06	2.347172858e-06	1.870085779e-06
	1.147005434e-06	9.254317931e-07	9.099424231e-07	7.600979989e-07	4.937460453e-07
	2.505536516e-07	9.043116759e-08	1.083468694e-08	-6.389377819e-09	4.445703687e-39
	4.537006448e-39	-6.502154139e-09	1.081253162e-08	8.98988016e-08	2.459009906e-07
	4.807244328e-07	7.422174213e-07	8.987399341e-07	9.189636702e-07	1.113817592e-06
	1.79169409e-06	2.290688267e-06	1.145930271e-06	-1.130649632e-06	-3.029852871e-08
	7.524981993e-06	1.266482904e-05	-2.5044484e-06	-3.577247851e-05	-3.906610375e-05
	4.377229778e-05	0.0001726454758	0.0001610482073	-0.000173548323	-0.000718592991
	-0.001006520952	-0.0007174674743	-0.0001724165092	0.0001614253748	0.0001724538572
	4.352398555e-05	-3.912026449e-05	-3.569556402e-05	-2.44045402e-06	1.26655694e-05
	7.499617579e-06	-4.188304172e-08	-1.125690653e-06	1.152257067e-06	2.291236539e-06
	1.789743372e-06	1.113184985e-06	9.196227081e-07	8.992865147e-07	7.422557716e-07
	4.806208876e-07	2.458805946e-07	8.991424397e-08	1.08064057e-08	-6.512404351e-09
	4.560125815e-39	4.768085194e-39	-6.627932556e-09	1.070213036e-08	8.927608576e-08
	2.41368847e-07	4.679465315e-07	7.242088398e-07	8.870712404e-07	9.128040812e-07
	1.08214317e-06	1.713948082e-06	2.232149445e-06	1.217444101e-06	-9.884800784e-07
	-1.436688096e-07	6.967675692e-06	1.222319948e-05	-1.76968808e-06	-3.382750766e-05
	-3.810459326e-05	4.084472939e-05	0.0001661283012	0.0001565814742	-0.000168459401
	-0.0007016464764	-0.0009841873429	-0.0007005421353	-0.0001673578482	0.0001569411957
	0.0001659410451	4.060976142e-05	-3.815202908e-05	-3.375310817e-05	-1.710518293e-06
	1.22223832e-05	6.943694899e-06	-1.538692735e-07	-9.834752821e-07	1.223208875e-06
	2.232454104e-06	1.712133481e-06	1.081658152e-06	9.134673401e-07	8.875733139e-07
	7.242405394e-07	4.678622584e-07	2.413592764e-07	8.929012829e-08	1.069335035e-08
	-6.638496455e-09	4.795519075e-39	5.097190243e-39	-6.75102312e-09	1.051691448e-08
	8.854061787e-08	2.369637632e-07	4.555340436e-07	7.060810854e-07	8.743821279e-07
	9.06212788e-07	1.05263039e-06	1.63899982e-06	2.171053231e-06	1.280355876e-06
	-8.490499414e-07	-2.417036849e-07	6.432505858e-06	1.177692086e-05	-1.081583272e-06
	-3.193307079e-05	-3.713283243e-05	3.80086327e-05	0.0001597287674	0.000152176632
	-0.0001634034411	-0.0006848080153	-0.000961988861	-0.0006837258609	-0.000162332693
	0.0001525191737	0.0001595460454	3.778668115e-05	-3.717394972e-05	-3.186125887e-05
	-1.027037466e-06	1.177471786e-05	6.409899886e-06	-2.506148733e-07	-8.440451779e-07
	1.285581859e-06	2.171146082e-06	1.637324011e-06	1.052279818e-06	9.06873994e-07
	8.748424835e-07	7.061090128e-07	4.554684669e-07	2.369636154e-07	8.855303754e-08
	1.050589556e-08	-6.761706269e-09	5.12802248e-39	5.500858001e-39	-6.865926265e-09
	1.026743278e-08	8.768815542e-08	2.326599288e-07	4.434823245e-07	6.878890698e-07
	8.607166799e-07	8.991032066e-07	1.02512961e-06	1.566907578e-06	2.107722033e-06
	1.334824263e-06	-7.127577727e-07	-3.249981434e-07	5.91948669e-06	1.1326744e-05
	-4.394343332e-07	-3.008911263e-05	-3.615113416e-05	3.526364077e-05	0.000153446115
	0.0001478324642	-0.0001583810043	-0.0006680764187	-0.0009399232964	-0.0006670173856
	-0.0001573415324	0.0001481581102	0.0001532680838	3.50543688e-05	-3.618633206e-05
	-3.00199512e-05	-3.893121404e-07	1.132331677e-05	5.898242175e-06	-3.327127971e-07
	-7.077948564e-07	1.339535738e-06	2.107633173e-06	1.56537187e-06	1.024900615e-06
	8.997568566e-07	8.611382583e-07	6.879158097e-07	4.434347173e-07	2.326678836e-07
	8.769880887e-08	1.025457414e-08	-6.876562371e-09	5.534241543e-39	5.956371865e-39
	-6.9676896e-09	9.964265019e-09	8.671610257e-08	2.284320961e-07	4.317836467e-07
	6.696852888e-07	8.461234389e-07	8.913950947e-07	9.994871928e-07	1.497718013e-06
	2.04247798e-06	1.381022492e-06	-5.799958018e-07	-3.941598361e-07	5.428625382e-06
	1.0873434e-05	1.574645122e-07	-2.829560376e-05	-3.515983323e-05	3.260941135e-05
	0.0001472796264	0.0001435477543	-0.0001533926829	-0.0006514505045	-0.0009179884223
	-0.0006504154533	-0.0001523848891	0.0001438568059	0.0001471064281	3.241247379e-05
	-3.518950331e-05	-2.82291462e-05	2.033629598e-07	1.086893762e-05	5.408724583e-06
	-4.007685202e-07	-5.75112573e-07	1.385244647e-06	2.042235761e-06	1.496322426e-06
	9.993672328e-07	8.920364347e-07	8.465092922e-07	6.697131294e-07	4.317531508e-07
	2.284469229e-07	8.672491922e-08	9.949945248e-09	-6.978140305e-09	5.991535005e-39
	6.442048199e-39	-7.051972513e-09	9.617886474e-09	8.562351474e-08	2.242558027e-07
	4.20427267e-07	6.515194851e-07	8.30655214e-07	8.830150055e-07	9.755458669e-07
	1.431465609e-06	1.97564235e-06	1.419139043e-06	-4.511491027e-07	-4.498099262e-07
	4.959920868e-06	1.04177711e-05	7.098268898e-07	-2.655254132e-05	-3.415928834e-05
	3.004562738e-05	0.0001412286279	0.0001393212856	-0.0001484391036	-0.000634929097
	-0.0008961819915	-0.0006339188162	-0.0001474633215	0.0001396140605	0.0001410603906
	2.986067142e-05	-3.418381417e-05	-2.648883153e-05	7.517007078e-07	1.041235317e-05
	4.941341868e-06	-4.55400889e-07	-4.463794959e-07	1.422897829e-06	1.975273355e-06
	1.430208953e-06	9.755227867e-07	8.836400063e-07	8.310084659e-07	6.515504179e-07
	4.204129121e-07	2.242763654e-07	8.563048936e-08	9.602459474e-09	-7.062126757e-09
	6.478299312e-39	6.937515879e-39	-7.115102849e-09	9.238530776e-09	8.441108552e-08
	2.201075973e-07	4.093995215e-07	6.334383048e-07	8.143688451e-07	8.738967489e-07
	9.531451628e-07	1.368172101e-06	1.90753492e-06	1.449378349e-06	-3.265946447e-07
	-4.925839478e-07	4.513362423e-06	9.960551536e-06	1.218376171e-06	-2.485994962e-05
	-3.314988423e-05	2.757199747e-05	0.000135292492	0.0001351518403	-0.0001435209293
	-0.0006185110272	-0.000874501734	-0.0006175262347	-0.0001425774268	0.0001354286719
	0.0001351293301	2.739866339e-05	-3.316964102e-05	-2.479902218e-05	1.25642347e-06
	9.954352178e-06	4.496079324e-06	-4.972429813e-07	-3.219687625e-07	1.452700336e-06
	1.907063934e-06	1.367052064e-06	9.532072442e-07	8.745020784e-07	8.146926518e-07
	6.334740263e-07	4.094002453e-07	2.201328587e-07	8.44162705e-08	9.222322372e-09
	-7.124875799e-09	6.974246619e-39	7.423984613e-39	-7.154123913e-09	8.836052988e-09
	8.308111415e-08	2.159652674e-07	3.986839528e-07	6.154849518e-07	7.973249185e-07
	8.639818576e-07	9.321219115e-07	1.30784591e-06	1.83847321e-06	1.471961501e-06
	-2.067002138e-07	-5.23132668e-07	4.088928096e-06	9.50258845e-06	1.683847564e-06
	-2.321788085e-05	-3.213203406e-05	2.518825648e-05	0.0001294706401	0.0001310381994
	-0.0001386388629	-0.0006021951322	-0.0008529453535	-0.0006012364775	-0.0001377278436
	0.0001312994359	0.0001293126543	2.502617833e-05	-3.214738829e-05	-2.315976112e-05
	1.718265193e-06	9.495740279e-06	4.07291123e-06	-5.269429701e-07	-2.022444074e-07
	1.474873732e-06	1.837923203e-06	1.306859138e-06	9.322579234e-07	8.645648496e-07
	7.976224309e-07	6.155268679e-07	3.986986206e-07	2.159942917e-07	8.308461147e-08
	8.819358207e-09	-7.163455493e-09	7.460671547e-39	7.884496662e-39	-7.166830003e-09
	8.419794863e-09	8.163745156e-08	2.118080647e-07	3.88261471e-07	5.976988425e-07
	7.795874303e-07	8.532200508e-07	9.123108228e-07	1.250481564e-06	1.768771621e-06
	1.487126953e-06	-9.182319123e-08	-5.42122943e-07	3.686582972e-06	9.044712736e-06
	2.10699042e-06	-2.162641571e-05	-3.110618208e-05	2.289416598e-05	0.0001237625454
	0.0001269791419	-0.0001337936501	-0.0005859802549	-0.0008315105241	-0.0005850483209
	-0.0001329152556	0.0001272251455	0.0001236098233	2.274297224e-05	-3.111749113e-05
	-2.157111995e-05	2.137973711e-06	9.03734085e-06	3.671799112e-06	-5.451649821e-07
	-8.756014736e-08	1.489656794e-06	1.768163733e-06	1.249623758e-06	9.125100671e-07
	8.537786713e-07	7.798617572e-07	5.977480749e-07	3.882888952e-07	2.118400195e-07
	8.163940455e-08	8.402875923e-09	-7.175683048e-09	7.92070134e-39	8.304156047e-39
	-7.151788634e-09	7.998454638e-09	8.008542319e-08	2.076169271e-07	3.781105522e-07
	5.801152666e-07	7.612233917e-07	8.415696911e-07	8.935451475e-07	1.196059143e-06
	1.698740458e-06	1.495131208e-06	1.769082759e-08	-5.502385572e-07	3.306277223e-06
	8.587773902e-06	2.488570783e-06	-2.00856641e-05	-3.007280653e-05	2.068951481e-05
	0.0001181677357	0.0001229734442	-0.0001289860833	-0.0005698652438	-0.0008101948863
	-0.0005689605486	-0.0001281403947	0.0001232045907	0.000118020352	2.054882907e-05
	-3.008041833e-05	-2.003319958e-05	2.516313293e-06	8.579995875e-06	3.292689802e-06
	-5.525899387e-07	2.174199248e-08	1.497306204e-06	1.698093993e-06	1.195325144e-06
	8.937975019e-07	8.421025009e-07	7.614775652e-07	5.801726618e-07	3.781495118e-07
	2.076510829e-07	8.008600816e-08	7.981539655e-09	-7.160146702e-09	8.339523532e-39
	8.670328875e-39	-7.108347624e-09	7.579963968e-09	7.843172674e-08	2.033746906e-07
	3.682074773e-07	5.627650595e-07	7.423023734e-07	8.289982253e-07	8.756574315e-07
	1.144543732e-06	1.628684821e-06	1.496249484e-06	1.215095891e-07	-5.481810314e-07
	2.947943942e-06	8.132640885e-06	2.829374221e-06	-1.859576569e-05	-2.90324229e-05
	1.857411953e-05	0.0001126857976	0.00011901988	-0.0001242170053	-0.0005538489533
	-0.0007889960429	-0.0005529719515	-0.0001234040451	0.0001192365576	0.0001125438144
	1.844356113e-05	-2.903667555e-05	-1.854613085e-05	2.854067466e-06	8.124566766e-06
	2.935513275e-06	-5.49916367e-07	1.253332272e-07	1.498097209e-06	1.628017239e-06
	1.143927623e-06	8.759533879e-07	8.295043396e-07	7.425393153e-07	5.628312004e-07
	3.682567363e-07	2.034104194e-07	7.843114468e-08	7.563246397e-09	-7.116212524e-09
	8.704584777e-39	8.972808016e-39	-7.036625359e-09	7.171374874e-09	7.668430379e-08
	1.990662889e-07	3.585266127e-07	5.456742931e-07	7.228959827e-07	8.154826003e-07
	8.584803693e-07	1.095884919e-06	1.558903346e-06	1.490776335e-06	2.193159317e-07
	-5.366703829e-07	2.611496726e-06	7.680202825e-06	3.130208949e-06	-1.715689053e-05
	-2.798558753e-05	1.654782488e-05	0.0001073163799	0.0001151172194	-0.0001194873141
	-0.0005379302424	-0.000767911554	-0.0005370813274	-0.0001187070479	0.0001153198283
	0.0001071798468	1.642700956e-05	-2.798680897e-05	-1.711007509e-05	3.152042143e-06
	7.671935136e-06	2.600180245e-06	-5.378611633e-07	2.228997539e-07	1.492324244e-06
	1.558230279e-06	1.095380114e-06	8.588110677e-07	8.159616457e-07	7.231184734e-07
	5.457495119e-07	3.585849381e-07	1.99103062e-07	7.668277213e-08	7.155013666e-09
	-7.044014431e-09	9.005754108e-39	9.203935146e-39	-6.937482734e-09	6.778759839e-09
	7.485218398e-08	1.946789352e-07	3.490407357e-07	5.288639915e-07	7.030772706e-07
	8.010096423e-07	8.418477642e-07	1.050016327e-06	1.489686807e-06	1.479026215e-06
	3.108097487e-07	-5.164458154e-07	2.296826978e-06	7.231369756e-06	3.39190931e-06
	-1.576923952e-05	-2.693290164e-05	1.461050416e-05	0.0001020591982	0.0001112642288
	-0.0001147979674	-0.0005221079757	-0.000746938932	-0.0005212874807	-0.0001140503059
	0.0001114531804	0.0001019281528	1.449904468e-05	-2.693140929e-05	-1.572522466e-05
	3.411069089e-06	7.223003508e-06	2.286579469e-06	-5.17160286e-07	3.141447066e-07
	1.480301494e-06	1.489022062e-06	1.049615678e-06	8.422050218e-07	8.014617105e-07
	7.032879209e-07	5.289483861e-07	3.491069144e-07	1.947163185e-07	7.484992863e-08
	6.762880302e-09	-6.944425963e-09	9.235443666e-39	9.358673103e-39	-6.81247562e-09
	6.407128365e-09	7.294530175e-08	1.902022791e-07	3.397214044e-07	5.123498834e-07
	6.829200665e-07	7.855763866e-07	8.255956015e-07	1.006855229e-06	1.421316536e-06
	1.461333955e-06	3.957101842e-07	-4.882663123e-07	2.00380091e-06	6.787073199e-06
	3.615339634e-06	-1.443304485e-05	-2.587501578e-05	1.27620595e-05	9.691403988e-05
	0.0001074596704	-0.0001101499885	-0.0005063810223	-0.000726075636	-0.0005055892223
	-0.0001094347887	0.0001076353863	9.678850774e-05	1.265956631e-05	-2.587111621e-05
	-1.439180331e-05	3.632009781e-06	6.778695905e-06	1.994574759e-06	-4.885693536e-07
	3.987903424e-07	1.462363375e-06	1.420672121e-06	1.006551122e-06	8.259719366e-07
	7.860019858e-07	6.831212912e-07	5.124433353e-07	3.397942593e-07	1.902399277e-07
	7.294254951e-08	6.391823695e-09	-6.819012639e-09	9.388679879e-39	9.434621744e-39
	-6.663787178e-09	6.060363445e-09	7.097428587e-08	1.85628534e-07	3.305393736e-07
	4.961421992e-07	6.624982371e-07	7.691903416e-07	8.095632405e-07	9.66302233e-07
	1.354062671e-06	1.438055136e-06	4.737580845e-07	-4.529111005e-07	1.732256193e-06
	6.348266622e-06	3.801398527e-06	-1.314857025e-05	-2.481263487e-05	1.100242214e-05
	9.188076964e-05	0.0001037023018	-0.0001055444725	-0.0004907482562	-0.0007053190649
	-0.0004899853693	-0.0001048615395	0.0001038652135	9.176076475e-05	1.090850397e-05
	-2.480662344e-05	-1.311006656e-05	3.815759693e-06	6.33995832e-06	1.724001645e-06
	-4.528641129e-07	4.765804835e-07	1.438864906e-06	1.353448821e-06	9.66086695e-07
	8.099518909e-07	7.695903454e-07	6.626922324e-07	4.962443931e-07	3.306177776e-07
	1.856661861e-07	7.097125735e-08	6.045696882e-09	-6.669964252e-09	9.463118317e-39
	9.431971008e-39	-6.49413996e-09	5.74118146e-09	6.895022322e-08	1.80952568e-07
	3.214650541e-07	4.802455254e-07	6.4188487e-07	7.518696688e-07	7.935947303e-07
	9.282410981e-07	1.288182214e-06	1.409566308e-06	5.447187236e-07	-4.111799436e-07
	1.481998249e-06	5.915925709e-06	3.951023648e-06	-1.19161111e-05	-2.374652377e-05
	9.331552401e-06	8.695933565e-05	9.999087591e-05	-0.0001009825925	-0.0004752085558
	-0.0006846665507	-0.0004744747447	-0.0001003316811	0.0001001414239	8.684486049e-05
	9.245816887e-06	-2.373868428e-05	-1.188030171e-05	3.963253059e-06	5.907758994e-06
	1.474663668e-06	-4.10840738e-07	5.472832326e-07	1.410181929e-06	1.287607432e-06
	9.281058974e-07	7.939896651e-07	7.522452631e-07	6.420735945e-07	4.803559714e-07
	3.215479432e-07	1.809900364e-07	6.894712644e-08	5.727189015e-09	-6.500007017e-09
	9.458995943e-39	9.35338584e-39	-6.306688547e-09	5.451118896e-09	6.688439968e-08
	1.761719495e-07	3.124690134e-07	4.646587304e-07	6.211513849e-07	7.336432585e-07
	7.775402494e-07	8.925386823e-07	1.223916888e-06	1.376265032e-06	6.08384828e-07
	-3.638932154e-07	1.252796109e-06	5.491048397e-06	4.065197031e-06	-1.073599429e-05
	-2.267751351e-05	7.749439585e-06	8.214977661e-05	9.632414099e-05	-9.646560813e-05
	-0.0004597608041	-0.0006641153499	-0.0004590561777	-9.584642437e-05	9.646277405e-05
	8.204082236e-05	7.671493901e-06	-2.266811792e-05	-1.07028278e-05	4.075468194e-06
	5.483088463e-06	1.246328251e-06	-3.633159104e-07	6.106939863e-07	1.376711157e-06
	1.223387987e-06	8.924754342e-07	7.779361741e-07	7.339958862e-07	6.213365438e-07
	4.647767869e-07	3.125553974e-07	1.762091134e-07	6.688142439e-08	5.437812551e-09
	-6.31229636e-09	9.379015472e-39	9.203819082e-39	-6.104894466e-09	5.190549032e-09
	6.478802204e-08	1.712869416e-07	3.035225113e-07	4.493749737e-07	6.003665753e-07
	7.14550676e-07	7.612576693e-07	8.590450775e-07	1.161490789e-06	1.338569683e-06
	6.645799172e-07	-3.118916929e-07	1.04437783e-06	5.074654612e-06	4.144951008e-06
	-9.608577842e-06	-2.160650837e-05	6.256101577e-06	7.745222963e-05	9.270084052e-05
	-9.199487393e-05	-0.0004444038887	-0.0006436626348	-0.000443728503	-9.140707638e-05
	9.2828015e-05	7.734877637e-05	6.185553038e-06	-2.159581641e-05	-9.577995161e-06
	4.153433404e-06	5.0669593e-06	1.038722129e-06	-3.111266187e-07	6.666387648e-07
	1.338869974e-06	1.161012955e-06	8.590453486e-07	7.61650024e-07	7.148819813e-07
	6.005496091e-07	4.494998725e-07	3.03611483e-07	1.713237367e-07	6.4785335e-08
	5.177920341e-09	-6.110292061e-09	9.228157942e-39	8.99025045e-39	-5.892386281e-09
	4.958731271e-09	6.2671927e-08	1.663004374e-07	2.945980639e-07	4.343818173e-07
	5.795955906e-07	6.946419524e-07	7.446142346e-07	8.275939654e-07	1.101107828e-06
	1.296918961e-06	7.131619799e-07	-2.560359933e-07	8.564254151e-07	4.667785605e-06
	4.191374811e-06	-8.534250049e-06	-2.053449374e-05	4.851584131e-06	7.286693913e-05
	8.911971368e-05	-8.757184918e-05	-0.0004291367016	-0.0006233054833	-0.0004284905613
	-8.701505043e-05	8.923589287e-05	7.276895602e-05	4.788040804e-06	-2.052275261e-05
	-8.506184654e-06	4.198233584e-06	4.660405465e-06	8.515262743e-07	-2.551296057e-07
	7.149778755e-07	1.297095956e-06	1.100684683e-06	8.276493766e-07	7.44999185e-07
	6.949537237e-07	5.797776682e-07	4.345126888e-07	2.946888054e-07	1.663368459e-07
	6.266966824e-08	4.946755251e-09	-5.897618655e-09	9.013421667e-39	8.721352414e-39
	-5.672809055e-09	4.753895088e-09	6.0546285e-08	1.612178284e-07	2.856700241e-07
	4.196614519e-07	5.588988713e-07	6.739771909e-07	7.2748835e-07	7.980032428e-07
	1.042948975e-06	1.251771041e-06	7.540274979e-07	-1.972055678e-07	6.885691916e-07
	4.271502802e-06	4.205621945e-06	-7.513428215e-06	-1.9462545e-05	3.535959729e-06
	6.839426702e-05	8.557949589e-05	-8.319810918e-05	-0.0004139581398	-0.0006030408669
	-0.0004133411995	-8.267187719e-05	8.568514932e-05	6.830171242e-05	3.479031056e-06
	-1.944998904e-05	-7.487806376e-06	4.211017574e-06	4.264481166e-06	6.843702878e-07
	-1.962003713e-07	7.556099244e-07	1.251846023e-06	1.04258266e-06	7.981055704e-07
	7.278627696e-07	6.742713037e-07	5.590808879e-07	4.197973515e-07	2.857618113e-07
	1.612538682e-07	6.054456525e-08	4.74253426e-09	-5.67791529e-09	8.743488385e-39
	8.40708719e-39	-5.449668833e-09	4.573359468e-09	5.842030884e-08	1.560468e-07
	2.767151641e-07	4.051910564e-07	5.383310556e-07	6.526259552e-07	7.097714527e-07
	7.700759712e-07	9.871693067e-07	1.203602273e-06	7.871158241e-07	-1.362971393e-07
	5.403816194e-07	3.886886025e-06	4.188918381e-06	-6.546556723e-06	-1.839183754e-05
	2.309325907e-06	6.403470418e-05	8.207891984e-05	-7.887535798e-05	-0.000398867105
	-0.0005828656375	-0.0003982792703	-7.837921733e-05	8.217452257e-05	6.394752577e-05
	2.25862332e-06	-1.837868789e-05	-6.523297764e-06	4.193006352e-06	3.880259097e-06
	5.368262193e-07	-1.352316225e-07	7.884761815e-07	1.203595151e-06	9.868605686e-07
	7.702172456e-07	7.101328974e-07	6.529043158e-07	5.385136352e-07	4.053309909e-07
	2.768073681e-07	1.560825139e-07	5.841920808e-08	4.562567943e-09	-5.454680661e-09
	8.428320836e-39	8.058243275e-39	-5.226179206e-09	4.413687372e-09	5.630197919e-08
	1.507970496e-07	2.677132421e-07	3.909433051e-07	5.179398834e-07	6.306664077e-07
	6.913699422e-07	7.436017118e-07	9.338948863e-07	1.152905356e-06	8.124139103e-07
	-7.422245512e-08	4.113704871e-07	3.515030928e-06	4.142571707e-06	-5.634104321e-06
	-1.732365803e-05	1.171802883e-06	5.978888355e-05	7.861671691e-05	-7.4605443e-05
	-0.0003838625047	-0.0005627765126	-0.0003833036334	-7.413887613e-05	7.870274888e-05
	5.970701849e-05	1.126940429e-06	-1.731012234e-05	-5.613120902e-06	4.145502159e-06
	3.508827889e-06	4.084017747e-07	-7.313104017e-08	8.135652941e-07	1.152834547e-06
	9.336431825e-07	7.437743116e-07	6.917166157e-07	6.309308985e-07	5.181233872e-07
	3.910862584e-07	2.678053283e-07	1.508324948e-07	5.63015465e-08	4.403414816e-09
	-5.231120085e-09	8.078700183e-39	7.68592482e-39	-5.005118386e-09	4.270872922e-09
	5.419780121e-08	1.454799248e-07	2.586475277e-07	3.768870356e-07	4.977651321e-07
	6.081841639e-07	6.72207125e-07	7.183583117e-07	8.832195217e-07	1.100186848e-06
	8.29961365e-07	-1.190519389e-08	3.009714735e-07	3.157045447e-06	4.067981289e-06
	-4.776560381e-06	-1.625941723e-05	1.235302854e-07	5.565759514e-05	7.519161926e-05
	-7.039037173e-05	-0.0003689432526	-0.0005427700572	-0.0003684131554	-6.995282008e-05
	7.526856457e-05	5.558097015e-05	8.412526312e-08	-1.624568928e-05	-4.757758813e-06
	4.069898664e-06	3.151288578e-06	2.985328901e-07	-1.081820142e-08	8.309183317e-07
	1.100069173e-06	8.830231334e-07	7.185550525e-07	6.725378362e-07	6.084365912e-07
	4.979496714e-07	3.770319933e-07	2.587390524e-07	1.455151624e-07	5.419805577e-08
	4.261068269e-09	-5.010003109e-09	7.70571656e-39	7.301012694e-39	-4.788706296e-09
	4.140556795e-09	5.211260816e-08	1.401079817e-07	2.495052619e-07	3.629880869e-07
	4.77837626e-07	5.852708309e-07	6.52225118e-07	6.941142125e-07	8.352014516e-07
	1.045963909e-06	8.398557989e-07	4.972316364e-08	2.085400655e-07	2.814045021e-06
	3.966649572e-06	-3.974429882e-06	-1.520066436e-05	-8.353372605e-07	5.164180323e-05
	7.180236273e-05	-6.623233109e-05	-0.0003541082696	-0.0005228426644	-0.0003536067115
	-6.582319623e-05	7.187070895e-05	5.157033469e-05	-8.696636581e-07	-1.51869238e-05
	-3.957710465e-06	3.96769224e-06	2.808749847e-06	2.065756613e-07	5.077953051e-08
	8.40634117e-07	1.045814505e-06	8.350576111e-07	6.94328428e-07	6.525392292e-07
	5.855128753e-07	4.780230802e-07	3.631340601e-07	2.495958655e-07	1.401430678e-07
	5.211354148e-08	4.131171555e-09	-4.793541141e-09	7.320231578e-39	6.913622011e-39
	-4.578511754e-09	4.018262685e-09	5.004942911e-08	1.346944716e-07	2.402780157e-07
	3.492103114e-07	4.581783735e-07	5.620222015e-07	6.31386634e-07	6.706313541e-07
	7.898600563e-07	9.907601176e-07	8.422583858e-07	1.097287268e-07	1.333428451e-07
	2.487146263e-06	3.840194584e-06	-3.228226748e-06	-1.414910349e-05	-1.704636031e-06
	4.77426661e-05	6.844769073e-05	-6.213370982e-05	-0.0003393564852	-0.0005029905314
	-0.000338883186	-6.175235441e-05	6.85079282e-05	4.767626008e-05	-1.734258055e-06
	-1.41355155e-05	-3.213484141e-06	3.840494466e-06	2.482321727e-06	1.317976441e-07
	1.10732377e-07	8.428747733e-07	9.905923596e-07	7.897650852e-07	6.708569694e-07
	6.316840004e-07	5.622553748e-07	4.58364414e-07	3.493563572e-07	2.403674144e-07
	1.347294485e-07	5.00510083e-08	4.009253728e-09	-4.583295139e-09	6.932337492e-39
	6.532586763e-39	-4.375399643e-09	3.899644769e-09	4.800943789e-08	1.292527642e-07
	2.309619148e-07	3.355167538e-07	4.387978974e-07	5.385360883e-07	6.096765494e-07
	6.476687465e-07	7.471727115e-07	9.351002234e-07	8.373995243e-07	1.671821188e-07
	7.454819918e-08	2.177458731e-06	3.690363755e-06	-2.538465094e-06	-1.310661207e-05
	-2.484201011e-06	4.396155886e-05	6.51263595e-05	-5.809712449e-05	-0.0003246868396
	-0.0004832096326	-0.0003242414746	-5.774287329e-05	6.517898066e-05	4.39001112e-05
	-2.509487677e-06	-1.309332703e-05	-2.525588739e-06	3.690045922e-06	2.173107393e-06
	7.336857499e-08	1.681150431e-07	8.378713731e-07	9.349256654e-07	7.471221713e-07
	6.479003391e-07	6.099574511e-07	5.387616947e-07	4.38984015e-07	3.356619936e-07
	2.310498897e-07	1.292876539e-07	4.801160982e-08	3.890976447e-09	-4.380123241e-09
	6.550843605e-39	6.165007378e-39	-4.17952669e-09	3.780732942e-09	4.599199896e-08
	1.23795731e-07	2.215576909e-07	3.218709806e-07	4.196958333e-07	5.149097913e-07
	5.871031326e-07	6.249867688e-07	7.070719542e-07	8.7950364e-07	8.25584426e-07
	2.211672472e-07	3.121655652e-08	1.886074301e-06	3.519049066e-06	-1.905647839e-06
	-1.207526188e-05	-3.173876171e-06	4.030009982e-05	6.183714523e-05	-5.412545008e-05
	-0.0003100982856	-0.0004634956873	-0.0003096804867	-5.379759076e-05	6.188264379e-05
	4.024349614e-05	-3.195190553e-06	-1.206241509e-05	-1.894522408e-06	3.518231339e-06
	1.88219257e-06	3.035061995e-08	2.22015459e-07	8.259295137e-07	8.79331978e-07
	7.070608068e-07	6.252196177e-07	5.873681989e-07	5.151288966e-07	4.198813702e-07
	3.220146139e-07	2.216440751e-07	1.238305294e-07	4.599469511e-08	3.772378484e-09
	-4.184176886e-09	6.182825648e-39	5.815900631e-39	-3.99039177e-09	3.658159627e-09
	4.399482213e-08	1.183351129e-07	2.120705226e-07	3.082385229e-07	4.00860881e-07
	4.912372192e-07	5.636987761e-07	6.023522435e-07	6.69443183e-07	8.24476531e-07
	8.071983808e-07	2.707922833e-07	2.290340207e-09	1.614053591e-06	3.328303567e-06
	-1.330251919e-06	-1.105734284e-05	-3.773527952e-06	3.676018121e-05	5.857885332e-05
	-5.022185585e-05	-0.0002955897927	-0.0004438441219	-0.0002951991484	-4.991963982e-05
	5.86177236e-05	3.670829693e-05	-3.791226453e-06	-1.10450542e-05	-1.320757834e-06
	3.327096096e-06	1.610631998e-06	1.68833606e-09	2.715457263e-07	8.074345724e-07
	8.24315589e-07	6.69465961e-07	6.025823626e-07	5.639489038e-07	4.914506286e-07
	4.010450657e-07	3.083798376e-07	2.121551875e-07	1.183697874e-07	4.399796388e-08
	3.650101734e-09	-3.994951359e-09	5.833277439e-39	5.487992039e-39	-3.806942377e-09
	3.52934944e-09	4.201423211e-08	1.128809145e-07	2.025096337e-07	2.945883785e-07
	3.822712014e-07	4.676057144e-07	5.395200503e-07	5.795442952e-07	6.341231816e-07
	7.705023103e-07	7.827113442e-07	3.152032615e-07	-1.341606252e-08	1.362408721e-06
	3.120359177e-06	-8.127092009e-07	-1.005538988e-05	-4.283062935e-06	3.334400491e-05
	5.535033093e-05	-4.63898479e-05	-0.0002811603512	-0.0004242500249	-0.0002807964074
	-4.611249098e-05	5.538306701e-05	3.329670521e-05	-4.297494513e-06	-1.004376359e-05
	-8.047231977e-07	3.118864015e-06	1.359432239e-06	-1.380135116e-08	3.158556794e-07
	7.828562851e-07	7.703580547e-07	6.341741654e-07	5.797684487e-07	5.397563174e-07
	4.678139598e-07	3.824531862e-07	2.94726756e-07	2.025924744e-07	1.129154022e-07
	4.201773598e-08	3.521580098e-09	-3.81139233e-09	5.504904826e-39	5.181687173e-39
	-3.627732812e-09	3.392651736e-09	4.004554883e-08	1.0744087e-07	1.928876256e-07
	2.808944913e-07	3.638953501e-07	4.440926759e-07	5.146468655e-07	5.563609533e-07
	6.008998354e-07	7.180304296e-07	7.526813552e-07	3.536007491e-07	-1.722584489e-08
	1.132081561e-06	2.897645562e-06	-3.533818752e-07	-9.07221328e-06	-4.702450989e-06
	3.005412433e-05	5.21504834e-05	-4.263331991e-05	-0.0002668089783	-0.0004047080927
	-0.0002664712383	-4.23800029e-05	5.217757832e-05	3.00112641e-05	-4.713956343e-06
	-9.061337578e-06	-3.467776406e-07	2.895956235e-06	1.129529972e-06	-1.743868831e-08
	3.541495124e-07	7.527521596e-07	7.179070143e-07	6.009732346e-07	5.565766524e-07
	5.148704427e-07	4.442960141e-07	3.640742486e-07	2.810294064e-07	1.929685461e-07
	1.074750792e-07	4.004933151e-08	3.385171287e-09	-3.632053964e-09	5.198098236e-39
	4.8952485e-39	-3.451122178e-09	3.247396703e-09	3.80835621e-08	1.020200393e-07
	1.832195374e-07	2.671370983e-07	3.456938273e-07	4.20762132e-07	4.891805069e-07
	5.326263792e-07	5.695134989e-07	6.674633818e-07	7.177561193e-07	3.852600588e-07
	-1.06081371e-08	9.239164191e-07	2.662809705e-06	4.746922061e-08	-8.110932759e-06
	-5.03175564e-06	2.689349354e-05	4.897829635e-05	-3.895661402e-05	-0.0002525347261
	-0.0003852125643	-0.0002522226511	-3.872648323e-05	4.900024124e-05	2.685491731e-05
	-5.040666342e-06	-8.10087964e-06	5.282033245e-08	2.661010777e-06	9.217647462e-07
	-1.06894513e-08	3.857059425e-07	7.177690585e-07	6.673632294e-07	5.696036341e-07
	5.328318558e-07	4.893925699e-07	4.20960555e-07	3.458687511e-07	2.672681137e-07
	1.832984378e-07	1.020538524e-07	3.808754474e-08	3.240212299e-09	-3.455296651e-09
	4.911110283e-39	4.625186735e-39	-3.275491932e-09	3.093859379e-09	3.612306791e-08
	9.662059505e-08	1.735216576e-07	2.533038053e-07	3.276212981e-07	3.976614875e-07
	4.632403026e-07	5.081984796e-07	5.396605654e-07	6.191419671e-07	6.786718648e-07
	4.095554583e-07	4.815856991e-09	7.386259649e-07	2.418735448e-06	3.897253452e-07
	-7.175015478e-06	-5.271174012e-06	2.386552519e-05	4.583286505e-05	-3.536459456e-05
	-0.0002383366928	-0.0003657571418	-0.0002380497014	-3.515676214e-05	4.585014813e-05
	2.383106706e-05	-5.277811575e-06	-7.165840464e-06	3.939535085e-07	2.416902094e-06
	7.368449697e-07	4.828910559e-09	4.099023647e-07	6.78642062e-07	6.190658885e-07
	5.397620449e-07	5.08392638e-07	4.634419476e-07	3.978547438e-07	3.277913911e-07
	2.534305614e-07	1.73598422e-07	9.665387343e-08	3.612717941e-08	3.086982995e-09
	-3.279504177e-09	4.640447348e-39	4.366849249e-39	-3.099455143e-09	2.933123622e-09
	3.415941627e-08	9.124185839e-08	1.638101427e-07	2.393902297e-07	3.096294864e-07
	3.748187518e-07	4.369587049e-07	4.829765095e-07	5.109998758e-07	5.73329063e-07
	6.362483115e-07	4.259887408e-07	2.727043258e-08	5.767489392e-07	2.168561816e-06
	6.734622586e-07	-6.268317961e-06	-5.421089549e-06	2.097415895e-05	4.271343392e-05
	-3.186273801e-05	-0.000224214037	-0.0003463348918	-0.0002239515054	-3.167628219e-05
	4.272653954e-05	2.094364243e-05	-5.425764413e-06	-6.26005989e-06	6.766982669e-07
	2.166759407e-06	5.753057015e-07	2.734483083e-08	4.262433615e-07	6.36189451e-07
	5.732764186e-07	5.111077622e-07	4.831588526e-07	4.371508721e-07	3.750063803e-07
	3.09793953e-07	2.395124293e-07	1.63884631e-07	9.127444864e-08	3.416359527e-08
	2.926569871e-09	-3.103292485e-09	4.3814576e-39	4.115153415e-39	-2.922024658e-09
	2.766850458e-09	3.218900413e-08	8.588062825e-08	1.540995502e-07	2.254000347e-07
	2.916706635e-07	3.522406483e-07	4.104746382e-07	4.569080507e-07	4.831626572e-07
	5.30192441e-07	5.913782653e-07	4.342223084e-07	5.482878577e-08	4.385980744e-07
	1.9156982e-06	8.990176243e-07	-5.395131502e-06	-5.482141915e-06	1.822394267e-05
	3.961945009e-05	-2.845724374e-05	-0.0002101659985	-0.0003269381232	-0.0002099272594
	-2.829120891e-05	3.962885753e-05	1.819718053e-05	-5.485152343e-06	-5.387812371e-06
	9.013918624e-07	1.913981919e-06	4.374566605e-07	5.493599895e-08	4.3439372e-07
	5.913023275e-07	5.301613458e-07	4.832726143e-07	4.570785835e-07	4.106580486e-07
	3.524220219e-07	2.918287906e-07	2.255174244e-07	1.541715925e-07	8.591236913e-08
	3.219319954e-08	2.760634473e-09	-2.925677334e-09	4.129063342e-39	3.86537321e-39
	-2.742707971e-09	2.596972248e-09	3.020963595e-08	8.053181712e-08	1.444014429e-07
	2.113441953e-07	2.737015364e-07	3.299120801e-07	3.839251129e-07	4.299944874e-07
	4.557666605e-07	4.897876358e-07	5.450100075e-07	4.341164967e-07	8.542521658e-08
	3.241965564e-07	1.663833351e-06	1.067077693e-06	-4.560229905e-06	-5.455320198e-06
	1.56201286e-05	3.655063635e-05	-2.515517183e-05	-0.0001961919255	-0.0003075582333
	-0.0001959762679	-2.500856846e-05	3.655681855e-05	1.559692269e-05	-5.456951052e-06
	-4.553854777e-06	1.068718972e-06	1.66224785e-06	3.23318789e-07	8.554151801e-08
	4.342156861e-07	5.449270422e-07	4.897752089e-07	4.558750736e-07	4.301535982e-07
	3.84100221e-07	3.300864579e-07	2.738527057e-07	2.114565456e-07	1.444708383e-07
	8.056254631e-08	3.021380611e-08	2.591107903e-09	-2.746168696e-09	3.878546142e-39
	3.613850942e-39	-2.561505308e-09	2.425354035e-09	2.822067597e-08	7.518935735e-08
	1.347232723e-07	1.972393915e-07	2.556871853e-07	3.077974725e-07	3.574353563e-07
	4.022937884e-07	4.284350042e-07	4.520425353e-07	4.981203275e-07	4.257701081e-07
	1.168802307e-07	2.332015307e-07	1.416933428e-06	1.178788715e-06	-3.768917121e-06
	-5.342087972e-06	1.316878765e-05	3.35070918e-05	-2.196461635e-05	-0.0001822913141
	-0.0002881855108	-0.0001820979815	-2.183642072e-05	3.351051392e-05	1.31489287e-05
	-5.342609354e-06	-3.763474122e-06	1.179822947e-06	1.415512563e-06	2.325478711e-07
	1.169869395e-07	4.258094256e-07	4.980382839e-07	4.520451889e-07	4.285390615e-07
	4.024421131e-07	3.576023257e-07	3.079640562e-07	2.558308753e-07	1.973464763e-07
	1.347897919e-07	7.52189173e-08	2.82247866e-08	2.419852746e-09	-2.564768529e-09
	3.626256793e-39	3.358485902e-39	-2.378806032e-09	2.253481997e-09	2.622293691e-08
	6.984727449e-08	1.250677778e-07	1.831055375e-07	2.376045179e-07	2.858444632e-07
	3.311081086e-07	3.739191052e-07	4.008198195e-07	4.167462691e-07	4.516758781e-07
	4.095618299e-07	1.469440647e-07	1.64813792e-07	1.179221788e-06	1.235899852e-06
	-3.027070103e-06	-5.144552341e-06	1.087694466e-05	3.048943237e-05	-1.889492599e-05
	-0.0001684638627	-0.0002688088799	-0.0001682920522	-1.87840797e-05	3.049055003e-05
	1.086021205e-05	-5.144218065e-06	-3.022530543e-06	1.236448555e-06	1.177988453e-06
	1.643443422e-07	1.47027694e-07	4.095543723e-07	4.516005094e-07	4.167600326e-07
	4.009175449e-07	3.740573809e-07	3.312668133e-07	2.860024535e-07	2.37740295e-07
	1.832071165e-07	1.251311708e-07	6.987551651e-08	2.622695832e-08	2.248352243e-09
	-2.381867055e-09	3.370102226e-39	3.098866468e-39	-2.195205196e-09	2.082248688e-09
	2.421829573e-08	6.450074845e-08	1.154331214e-07	1.689626437e-07	2.194445402e-07
	2.639902126e-07	3.050132817e-07	3.450314988e-07	3.726299799e-07	3.835461419e-07
	4.065807481e-07	3.86188107e-07	1.733658411e-07	1.176743598e-07	9.551292994e-07
	1.24094575e-06	-2.341168252e-06	-4.865694252e-06	8.752737227e-06	2.749898958e-05
	-1.595698875e-05	-0.0001547095523	-0.0002494155637	-0.0001545584117	-1.586239801e-05
	2.74982469e-05	8.738898759e-06	-4.864740108e-06	-2.337486925e-06	1.241124346e-06
	9.540954191e-07	1.173499911e-07	1.734181148e-07	3.8614704e-07	4.065156146e-07
	3.83567006e-07	3.727202077e-07	3.451604185e-07	3.051633356e-07	2.641388587e-07
	2.195720394e-07	1.6905845e-07	1.15493124e-07	6.452753447e-08	2.422219997e-08
	2.077496235e-09	-2.198059427e-09	3.109676292e-39	2.835979621e-39	-2.0112907e-09
	1.911895841e-09	2.220909853e-08	5.914692276e-08	1.058138818e-07	1.548274615e-07
	2.012126557e-07	2.42170165e-07	2.791798583e-07	3.158252189e-07	3.436607995e-07
	3.519576673e-07	3.63609185e-07	3.566897742e-07	1.939972461e-07	8.975194964e-08
	7.491982606e-07	1.197477811e-06	-1.718294012e-06	-4.509684961e-06	6.805599294e-06
	2.453809664e-05	-1.31636048e-05	-0.0001410287622	-0.0002299906297	-0.0001408973877
	-1.30841394e-05	2.453592379e-05	6.794411006e-06	-4.508326738e-06	-1.715409734e-06
	1.197393714e-06	7.483649959e-07	8.953555191e-08	1.94014942e-07	3.566276137e-07
	3.635557786e-07	3.519819284e-07	3.437430825e-07	3.159453005e-07	2.793206715e-07
	2.423088017e-07	2.01331554e-07	1.549171956e-07	1.058702262e-07	5.91721247e-08
	2.221285696e-08	1.907524521e-09	-2.013933173e-09	2.845968669e-39	2.571557013e-39
	-1.827469399e-09	1.742139482e-09	2.019749899e-08	5.37852157e-08	9.620283164e-08
	1.407106314e-07	1.829263278e-07	2.20328339e-07	2.535925655e-07	2.865047017e-07
	3.138214221e-07	3.213938644e-07	3.23325012e-07	3.224549525e-07	2.069406035e-07
	7.823181059e-08	5.659146945e-07	1.110352555e-06	-1.166077089e-06	-4.082324613e-06
	5.046466363e-06	2.161050801e-05	-1.052998298e-05	-0.000127422446	-0.0002105163648
	-0.000127309878	-1.046447496e-05	2.160731826e-05	5.037672384e-06	-4.080755817e-06
	-1.16391358e-06	1.110103028e-06	5.65272954e-07	7.808964242e-08	2.069251679e-07
	3.223828407e-07	3.23283025e-07	3.214184373e-07	3.13895871e-07	2.866161894e-07
	2.537234226e-07	2.204564039e-07	1.830363148e-07	1.407939631e-07	9.62552545e-08
	5.380871278e-08	2.020108097e-08	1.738152188e-09	-1.829894666e-09	2.580711225e-39
	2.30727218e-39	-1.643893111e-09	1.572439443e-09	1.818493539e-08	4.841698049e-08
	8.65931282e-08	1.266152241e-07	1.646099234e-07	1.984271863e-07	2.281961422e-07
	2.572542958e-07	2.831527278e-07	2.912200022e-07	2.859946119e-07	2.851793022e-07
	2.107497512e-07	7.94284109e-08	4.094324887e-07	9.860803574e-07	-6.925334748e-07
	-3.591654837e-06	3.487988631e-06	1.872202881e-05	-8.074414279e-06	-0.000113892403
	-0.0001909713903	-0.0001137976215	-8.02165626e-06	1.871821476e-05	3.481321178e-06
	-3.590044058e-06	-6.910007175e-07	9.857501566e-07	4.089638556e-07	7.933150442e-08
	2.107066286e-07	2.851063361e-07	2.859623616e-07	2.912426613e-07	2.832197933e-07
	2.573571116e-07	2.283162906e-07	1.985442147e-07	1.647106752e-07	1.26691801e-07
	8.66413751e-08	4.843865567e-08	1.818830814e-08	1.568838992e-09	-1.646095445e-09
	2.315576287e-39	2.044113191e-39	-1.46050475e-09	1.402306509e-09	1.617194007e-08
	4.304458098e-08	7.698024232e-08	1.125374346e-07	1.462875217e-07	1.764540003e-07
	2.029092641e-07	2.28205114e-07	2.518255726e-07	2.60837146e-07	2.51509865e-07
	2.46757676e-07	2.046844055e-07	8.876574434e-08	2.831391998e-07	8.332220952e-07
	-3.057125007e-07	-3.048819096e-06	2.144713759e-06	1.588148399e-05	-5.819204151e-06
	-0.0001004417128	-0.0001713293684	-0.0001003636308	-5.777947194e-06	1.58774129e-05
	2.139893394e-06	-3.047306951e-06	-3.04708771e-07	8.328809433e-07	2.828174229e-07
	8.869127165e-08	2.04622026e-07	2.466903776e-07	2.514848702e-07	2.608566441e-07
	2.518857913e-07	2.282988738e-07	2.030179952e-07	1.765595983e-07	1.463786847e-07
	1.126068945e-07	7.702406858e-08	4.306431775e-08	1.617506953e-08	1.399096079e-09
	-1.462478471e-09	2.051550606e-39	1.782211235e-39	-1.277163405e-09	1.23150826e-09
	1.415835091e-08	3.76702425e-08	6.736284079e-08	9.846953907e-08	1.279757877e-07
	1.544204919e-07	1.776475043e-07	1.994082771e-07	2.201080367e-07	2.297891656e-07
	2.193520392e-07	2.090775736e-07	1.889970596e-07	1.009042971e-07	1.890025532e-07
	6.627802214e-07	-1.299771585e-08	-2.469270275e-06	1.033142842e-06	1.310225797e-05
	-3.791991666e-06	-8.707546143e-05	-0.0001515570374	-8.701291623e-05	-3.760942726e-06
	1.309826553e-05	1.029879173e-06	-2.467965865e-06	-1.241257778e-08	6.624802279e-07
	1.887957833e-07	1.008367315e-07	1.889254505e-07	2.09019625e-07	2.193317036e-07
	2.298051817e-07	2.201617897e-07	1.994923733e-07	1.777442067e-07	1.54514296e-07
	1.280569759e-07	9.853152083e-08	6.740200851e-08	3.768792324e-08	1.416120291e-08
	1.228691367e-09	-1.278903147e-09	1.788764888e-39	1.521154636e-39	-1.093763464e-09
	1.060084278e-09	1.214378094e-08	3.229523426e-08	5.774217023e-08	8.44040617e-08
	1.09680011e-07	1.323536914e-07	1.523495451e-07	1.708283089e-07	1.882954505e-07
	1.978697562e-07	1.886446299e-07	1.736957787e-07	1.651825658e-07	1.101449312e-07
	1.266474774e-07	4.884328407e-07	1.802097718e-07	-1.874440106e-06	1.714237347e-07
	1.040483108e-05	-2.027658249e-06	-7.380201838e-05	-0.0001316110773	-7.37537598e-05
	-2.00547713e-06	1.040121325e-05	1.694169279e-07	-1.87341697e-06	1.804910982e-07
	4.882061297e-07	1.265214535e-07	1.100767179e-07	1.651116205e-07	1.736481793e-07
	1.88626927e-07	1.97882645e-07	1.883427975e-07	1.709020401e-07	1.524337131e-07
	1.324353307e-07	1.097508161e-07	8.445821152e-08	5.777644414e-08	3.231074028e-08
	1.214632204e-08	1.057664492e-09	-1.095264287e-09	1.526807946e-39	1.260488448e-39
	-9.102783795e-10	8.88206708e-10	1.012803483e-08	2.691979699e-08	4.812033372e-08
	7.033700553e-08	9.139577634e-08	1.102807387e-07	1.269948064e-07	1.42369226e-07
	1.56614585e-07	1.651788476e-07	1.583484339e-07	1.41429698e-07	1.360283712e-07
	1.112901379e-07	9.220230839e-08	3.262383519e-07	2.728842871e-07	-1.293926065e-06
	-4.219013854e-07	7.821141762e-06	-5.711404974e-07	-6.063544238e-05	-0.00011143279
	-6.060011648e-05	-5.564363689e-07	7.818143429e-06	-4.229576755e-07	-1.29321764e-06
	2.729745639e-07	3.260954365e-07	9.212466063e-08	1.112214119e-07	1.359659641e-07
	1.413914859e-07	1.583324028e-07	1.651892286e-07	1.566552396e-07	1.424319238e-07
	1.270660039e-07	1.103498145e-07	9.145578297e-08	7.038297621e-08	4.81494782e-08
	2.693300962e-08	1.013023258e-08	8.861873948e-10	-9.115357791e-10	1.265225819e-39
	9.999975194e-40	-7.267302646e-10	7.16028148e-10	8.111221332e-09	2.154370216e-08
	3.849868863e-08	5.626821725e-08	7.31154413e-08	8.82158604e-08	1.015997623e-07
	1.13930579e-07	1.251449388e-07	1.320591509e-07	1.276075892e-07	1.120200635e-07
	1.051780289e-07	1.011030386e-07	7.726604715e-08	1.929837235e-07	2.725181578e-07
	-7.678741444e-07	-7.315832966e-07	5.402460113e-06	5.184298204e-07	-4.76004478e-05
	-9.093828241e-05	-4.757657401e-05	5.271023698e-07	5.400259231e-06	-7.319964534e-07
	-7.674689711e-07	2.725188212e-07	1.929137569e-07	7.721163731e-08	1.01039721e-07
	1.051284916e-07	1.119896e-07	1.27593393e-07	1.320674886e-07	1.251783976e-07
	1.139816729e-07	1.016575697e-07	8.827194992e-08	7.316423701e-08	5.630566427e-08
	3.852246717e-08	2.15545036e-08	8.113044099e-09	7.144123762e-10	-7.277401778e-10
	1.003804362e-39	7.396529192e-40	-5.431444247e-10	5.43631992e-10	6.093599789e-09
	1.616683766e-08	2.887746459e-08	4.219916057e-08	5.483440824e-08	6.615871044e-08
	7.619288065e-08	8.546130822e-08	9.382153309e-08	9.888663126e-08	9.610670786e-08
	8.420934292e-08	7.591284955e-08	8.008675232e-08	6.916941202e-08	1.016381978e-07
	2.014738305e-07	-3.476341938e-07	-7.557285812e-07	3.234264077e-06	1.162170839e-06
	-3.474411188e-05	-6.999803943e-05	-3.473005085e-05	1.166317274e-06	3.232947487e-06
	-7.557965338e-07	-3.47471627e-07	2.014612283e-07	1.016136208e-07	6.912561043e-08
	8.003643237e-08	7.587680772e-08	8.418570289e-08	9.609514341e-08	9.889304165e-08
	9.384726539e-08	8.550030269e-08	7.623686236e-08	6.620138233e-08	5.487158436e-08
	4.222773917e-08	2.889564056e-08	1.617511114e-08	6.095016662e-09	5.424225419e-10
	-5.439032921e-10	7.425155863e-40	4.794492468e-40	-3.595337028e-10	3.710683535e-10
	4.075414451e-09	1.078934989e-08	1.925641838e-08	2.813069961e-08	3.655227613e-08
	4.410361061e-08	5.078960113e-08	5.696642563e-08	6.25362376e-08	6.583975211e-08
	6.411019816e-08	5.654572748e-08	4.947771609e-08	5.30129747e-08	5.50047005e-08
	5.252538497e-08	1.029632583e-07	-8.685793987e-08	-5.325135503e-07	1.464270898e-06
	1.258709023e-06	-2.216972399e-05	-4.838566801e-05	-2.216363966e-05	1.259913663e-06
	1.463788027e-06	-5.325000108e-07	-8.682886524e-08	1.029692879e-07	5.251627721e-08
	5.497207667e-08	5.297990845e-08	4.94540336e-08	5.65292095e-08	6.410202786e-08
	6.58441323e-08	6.255377974e-08	5.699284259e-08	5.08193073e-08	4.413243403e-08
	3.657742453e-08	2.81500645e-08	1.926875549e-08	1.079497954e-08	4.076395307e-09
	3.702677134e-10	-3.600385745e-10	4.813551241e-40	2.193464401e-40	-1.759053198e-10
	1.983896755e-10	2.056863592e-09	5.411477821e-09	9.63541882e-09	1.406278962e-08
	1.826998541e-08	2.204785964e-08	2.538992789e-08	2.846678883e-08	3.123928706e-08
	3.28788283e-08	3.202438668e-08	2.842006074e-08	2.469955744e-08	2.56695722e-08
	2.994693845e-08	2.649743336e-08	3.006368853e-08	7.749464482e-10	-2.019090175e-07
	3.38134136e-07	7.269568095e-07	-1.017015589e-05	-2.560422929e-05	-1.017004806e-05
	7.270321604e-07	3.381236583e-07	-2.019346949e-07	7.786553828e-10	3.007378818e-08
	2.649147487e-08	2.993027274e-08	2.565363594e-08	2.468770175e-08	2.841150294e-08
	3.202012181e-08	3.288106184e-08	3.124821211e-08	2.848014191e-08	2.540490641e-08
	2.206240389e-08	1.828269705e-08	1.407259542e-08	9.641680752e-09	5.414348447e-09
	2.057379281e-09	1.980000057e-10	-1.761539897e-10	2.202841444e-40	  0
	  0	  0	  0	  0	  0
	  0	  0	  0	  0	  0
	  0	  0	  0	  0	  0
	  0	  0	  0	  0	  0
	  0	  0	  0	  0	  0
	  0	  0	  0	  0	  0
	  0	  0	  0	  0	  0
	  0	  0	  0	  0	  0
	  0	  0	  0	  0	  0
	  0	  0	  0	  0	  0
	