0 13218.8 13218.8 13218.9
1 13218.8 13218.8 13218.9
2 13218.8 13218.8 13218.9
3 13218.8 13218.8 13218.9
4 13218.8 13218.8 13218.9
5 13218.8 13218.8 13218.9
6 13218.8 13218.8 13218.9
7 13218.8 13218.8 13218.9
8 13218.8 13218.8 13218.9
9 13218.8 13218.8 13218.9
10 13218.8 13218.8 13218.9
11 13218.8 13218.8 13218.9
12 13218.8 13218.8 13218.9
13 13218.8 13218.8 13218.9
14 13218.8 13218.8 13218.9
15 13218.8 13218.8 13218.9
16 13218.8 13218.8 13218.9
17 13218.8 13218.8 13218.9
18 13218.8 13218.8 13218.9
19 13218.8 13218.8 13218.9
20 13218.8 13218.8 13218.9
21 13218.8 13218.8 13218.9
22 13218.8 13218.8 13218.9
23 13218.8 13218.8 13218.9
24 13218.8 13218.8 13218.9
25 13218.8 13218.8 13218.9
26 13218.8 13218.8 13218.9
27 13218.8 13218.8 13218.9
28 13218.8 13218.8 13218.9
29 13218.8 13218.8 13218.9
30 13218.8 13218.8 13218.9
31 13218.8 13218.8 13218.9
32 13218.8 13218.8 13218.9
33 13218.8 13218.8 13218.9
34 13218.8 13218.8 13218.9
35 13218.8 13218.8 13218.9
36 13218.8 13218.8 13218.9
37 13218.8 13218.8 13218.9
38 13218.8 13218.8 13218.9
39 13218.8 13218.8 13218.9
40 13218.8 13218.8 13218.9
41 13218.8 13218.8 13218.9
42 13218.8 13218.8 13218.9
43 13218.8 13218.8 13218.9
44 13218.8 13218.8 13218.8
45 13218.8 13218.8 13218.8
46 13218.8 13218.8 13218.8
47 13218.8 13218.8 13218.8
48 13218.8 13218.8 13218.8
49 13218.8 13218.8 13218.8
50 13218.8 13218.8 13218.8
51 13218.8 13218.8 13218.8
52 13218.8 13218.8 13218.8
53 13218.8 13218.8 13218.8
54 13218.8 13218.8 13218.8
55 13218.8 13218.8 13218.8
56 13218.8 13218.8 13218.8
57 13218.8 13218.8 13218.8
58 13218.8 13218.8 13218.8
59 13218.8 13218.8 13218.8
60 13218.8 13218.8 13218.8
61 13218.8 13218.8 13218.8
62 13218.8 13218.8 13218.8
63 13218.8 13218.8 13218.8
64 13218.8 13218.8 13218.8
65 13218.8 13218.8 13218.8
66 13218.8 13218.8 13218.8
67 13218.8 13218.8 13218.8
68 13218.8 13218.8 13218.8
69 13218.8 13218.8 13218.8
70 13218.8 13218.8 13218.8
71 13218.8 13218.8 13218.8
72 13218.8 13218.8 13218.8
73 13218.8 13218.8 13218.8
74 13218.8 13218.8 13218.8
75 13218.8 13218.8 13218.8
76 13218.8 13218.8 13218.8
77 13218.8 13218.8 13218.8
78 13218.8 13218.8 13218.8
79 13218.8 13218.8 13218.8
80 13218.8 13218.8 13218.8
81 13218.8 13218.8 13218.8
82 13218.8 13218.8 13218.8
83 13218.8 13218.8 13218.8
84 13218.8 13218.8 13218.8
85 13218.8 13218.8 13218.8
86 13218.8 13218.8 13218.8
87 13218.8 13218.8 13218.8
88 13218.8 13218.8 13218.8
89 13218.8 13218.8 13218.8
90 13218.8 13218.8 13218.8
91 13218.8 13218.8 13218.8
92 13218.8 13218.8 13218.8
93 13218.8 13218.8 13218.8
94 13218.8 13218.8 13218.8
95 13218.8 13218.8 13218.8
96 13218.8 13218.8 13218.8
97 13218.8 13218.8 13218.8
98 13218.8 13218.8 13218.8
99 13218.8 13218.8 13218.8
100 13218.8 13218.8 13218.8
101 13218.8 13218.8 13218.8
102 13218.8 13218.8 13218.8
103 13218.8 13218.8 13218.8
104 13218.8 13218.8 13218.8
105 13218.8 13218.8 13218.8
106 13218.8 13218.8 13218.8
107 13218.8 13218.8 13218.8
108 13218.8 13218.8 13218.8
109 13218.8 13218.8 13218.8
110 13218.8 13218.8 13218.8
111 13218.8 13218.8 13218.8
112 13218.8 13218.8 13218.8
113 13218.8 13218.8 13218.8
114 13218.8 13218.8 13218.8
115 13218.8 13218.8 13218.8
116 13218.8 13218.8 13218.8
117 13218.8 13218.8 13218.8
118 13218.8 13218.8 13218.8
119 13218.8 13218.8 13218.8
120 13218.8 13218.8 13218.8
121 13218.8 13218.8 13218.8
122 13218.8 13218.8 13218.8
123 13218.8 13218.8 13218.8
124 13218.8 13218.8 13218.8
125 13218.8 13218.8 13218.8
126 13218.8 13218.8 13218.8
127 13218.8 13218.8 13218.8
128 13218.8 13218.8 13218.8
129 13218.8 13218.8 13218.8
130 13218.8 13218.8 13218.8
131 13218.8 13218.8 13218.8
132 13218.8 13218.8 13218.8
133 13218.8 13218.8 13218.8
134 13218.8 13218.8 13218.8
135 13218.8 13218.8 13218.8
136 13218.8 13218.8 13218.8
137 13218.8 13218.8 13218.8
138 13218.8 13218.8 13218.8
139 13218.8 13218.8 13218.8
140 13218.8 13218.8 13218.8
141 13218.8 13218.8 13218.8
142 13218.8 13218.8 13218.8
143 13218.8 13218.8 13218.8
144 13218.8 13218.8 13218.8
145 13218.8 13218.8 13218.8
146 13218.8 13218.8 13218.8
147 13218.8 13218.8 13218.8
148 13218.8 13218.8 13218.8
149 13218.8 13218.8 13218.8
150 13218.8 13218.8 13218.8
151 13218.8 13218.8 13218.8
152 13218.8 13218.8 13218.8
153 13218.8 13218.8 13218.8
154 13218.8 13218.8 13218.8
155 13218.8 13218.8 13218.8
156 13218.8 13218.8 13218.8
157 13218.8 13218.8 13218.8
158 13218.8 13218.8 13218.8
159 13218.8 13218.8 13218.8
160 13218.8 13218.8 13218.8
161 13218.8 13218.8 13218.8
162 13218.8 13218.8 13218.8
163 13218.8 13218.8 13218.8
164 13218.8 13218.8 13218.8
165 13218.8 13218.8 13218.8
166 13218.8 13218.8 13218.8
167 13218.8 13218.8 13218.8
168 13218.8 13218.8 13218.8
169 13218.8 13218.8 13218.8
170 13218.8 13218.8 13218.8
171 13218.8 13218.8 13218.8
172 13218.8 13218.8 13218.8
173 13218.8 13218.8 13218.8
174 13218.8 13218.8 13218.8
175 13218.8 13218.8 13218.8
176 13218.8 13218.8 13218.8
177 13218.8 13218.8 13218.8
178 13218.8 13218.8 13218.8
179 13218.8 13218.8 13218.8
180 13218.8 13218.8 13218.8
181 13218.8 13218.8 13218.8
182 13218.8 13218.8 13218.8
183 13218.8 13218.8 13218.8
184 13218.8 13218.8 13218.8
185 13218.8 13218.8 13218.8
186 13218.8 13218.8 13218.8
187 13218.8 13218.8 13218.8
188 13218.8 13218.8 13218.8
189 13218.8 13218.8 13218.8
190 13218.8 13218.8 13218.8
191 13218.8 13218.8 13218.8
192 13218.8 13218.8 13218.8
193 13218.8 13218.8 13218.8
194 13218.8 13218.8 13218.8
195 13218.8 13218.8 13218.8
196 13218.8 13218.8 13218.8
197 13218.8 13218.8 13218.8
198 13218.8 13218.8 13218.8
199 13218.8 13218.8 13218.8
