-30 0.05 -1.36063e-38
-28.8 0.05 9.13595e-09
-27.6 0.05 -8.60253e-09
-26.4 0.05 -1.04479e-07
-25.2 0.05 -2.8738e-07
-24 0.05 -5.26795e-07
-22.8 0.05 -7.73715e-07
-21.6 0.05 -9.91245e-07
-20.4 0.05 -1.18993e-06
-19.2 0.05 -1.41902e-06
-18 0.05 -1.6645e-06
-16.8 0.05 -1.76072e-06
-15.6 0.05 -1.56142e-06
-14.4 0.05 -1.33333e-06
-13.2 0.05 -1.72456e-06
-12 0.05 -2.75676e-06
-10.8 0.05 -2.81151e-06
-9.6 0.05 1.04622e-07
-8.4 0.05 4.52617e-06
-7.2 0.05 3.77663e-06
-6 0.05 -7.78432e-06
-4.8 0.05 -2.306e-05
-3.6 0.05 -1.96321e-05
-2.4 0.05 2.09524e-05
-1.2 0.05 8.30939e-05
0 0.05 0.000115067
1.2 0.05 8.30865e-05
2.4 0.05 2.09429e-05
3.6 0.05 -1.96361e-05
4.8 0.05 -2.30549e-05
6 0.05 -7.77526e-06
7.2 0.05 3.78114e-06
8.4 0.05 4.52353e-06
9.6 0.05 9.97603e-08
10.8 0.05 -2.81323e-06
12 0.05 -2.75514e-06
13.2 0.05 -1.72273e-06
14.4 0.05 -1.33312e-06
15.6 0.05 -1.56214e-06
16.8 0.05 -1.76116e-06
18 0.05 -1.66445e-06
19.2 0.05 -1.4189e-06
20.4 0.05 -1.18999e-06
21.6 0.05 -9.91358e-07
22.8 0.05 -7.7375e-07
24 0.05 -5.26752e-07
25.2 0.05 -2.87323e-07
26.4 0.05 -1.04444e-07
27.6 0.05 -8.58903e-09
28.8 0.05 9.13866e-09
30 0.05 -1.36233e-38
-30 0.100847 -1.32888e-38
-28.8 0.100847 9.01386e-09
-27.6 0.100847 -8.56028e-09
-26.4 0.100847 -1.02994e-07
-25.2 0.100847 -2.82573e-07
-24 0.100847 -5.17546e-07
-22.8 0.100847 -7.60757e-07
-21.6 0.100847 -9.75777e-07
-20.4 0.100847 -1.17042e-06
-19.2 0.100847 -1.39177e-06
-18 0.100847 -1.63125e-06
-16.8 0.100847 -1.73364e-06
-15.6 0.100847 -1.54989e-06
-14.4 0.100847 -1.31999e-06
-13.2 0.100847 -1.67083e-06
-12 0.100847 -2.66047e-06
-10.8 0.100847 -2.75712e-06
-9.6 0.100847 7.68225e-09
-8.4 0.100847 4.31283e-06
-7.2 0.100847 3.7097e-06
-6 0.100847 -7.41712e-06
-4.8 0.100847 -2.23359e-05
-3.6 0.100847 -1.91507e-05
-2.4 0.100847 2.04533e-05
-1.2 0.100847 8.14149e-05
0 0.100847 0.000112858
1.2 0.100847 8.14078e-05
2.4 0.100847 2.04442e-05
3.6 0.100847 -1.91545e-05
4.8 0.100847 -2.2331e-05
6 0.100847 -7.4085e-06
7.2 0.100847 3.71391e-06
8.4 0.100847 4.31026e-06
9.6 0.100847 3.10626e-09
10.8 0.100847 -2.75866e-06
12 0.100847 -2.65889e-06
13.2 0.100847 -1.66912e-06
14.4 0.100847 -1.31983e-06
15.6 0.100847 -1.55058e-06
16.8 0.100847 -1.73405e-06
18 0.100847 -1.6312e-06
19.2 0.100847 -1.39168e-06
20.4 0.100847 -1.1705e-06
21.6 0.100847 -9.75897e-07
22.8 0.100847 -7.60797e-07
24 0.100847 -5.17509e-07
25.2 0.100847 -2.82522e-07
26.4 0.100847 -1.02962e-07
27.6 0.100847 -8.54662e-09
28.8 0.100847 9.01694e-09
30 0.100847 -1.33068e-38
-30 0.151695 -1.29921e-38
-28.8 0.151695 8.89334e-09
-27.6 0.151695 -8.50585e-09
-26.4 0.151695 -1.01502e-07
-25.2 0.151695 -2.77787e-07
-24 0.151695 -5.08311e-07
-22.8 0.151695 -7.47732e-07
-21.6 0.151695 -9.60206e-07
-20.4 0.151695 -1.15099e-06
-19.2 0.151695 -1.36484e-06
-18 0.151695 -1.59816e-06
-16.8 0.151695 -1.70604e-06
-15.6 0.151695 -1.53749e-06
-14.4 0.151695 -1.3068e-06
-13.2 0.151695 -1.61904e-06
-12 0.151695 -2.56621e-06
-10.8 0.151695 -2.70166e-06
-9.6 0.151695 -8.42884e-08
-8.4 0.151695 4.10434e-06
-7.2 0.151695 3.64161e-06
-6 0.151695 -7.05884e-06
-4.8 0.151695 -2.16237e-05
-3.6 0.151695 -1.86762e-05
-2.4 0.151695 1.99568e-05
-1.2 0.151695 7.9747e-05
0 0.151695 0.000110664
1.2 0.151695 7.97402e-05
2.4 0.151695 1.99481e-05
3.6 0.151695 -1.86798e-05
4.8 0.151695 -2.1619e-05
6 0.151695 -7.05065e-06
7.2 0.151695 3.64554e-06
8.4 0.151695 4.10184e-06
9.6 0.151695 -8.85887e-08
10.8 0.151695 -2.70302e-06
12 0.151695 -2.56466e-06
13.2 0.151695 -1.61744e-06
14.4 0.151695 -1.30668e-06
15.6 0.151695 -1.53814e-06
16.8 0.151695 -1.70641e-06
18 0.151695 -1.59812e-06
19.2 0.151695 -1.36478e-06
20.4 0.151695 -1.15108e-06
21.6 0.151695 -9.60333e-07
22.8 0.151695 -7.47777e-07
24 0.151695 -5.08282e-07
25.2 0.151695 -2.77741e-07
26.4 0.151695 -1.01471e-07
27.6 0.151695 -8.49205e-09
28.8 0.151695 8.89677e-09
30 0.151695 -1.30111e-38
-30 0.202542 -1.27155e-38
-28.8 0.202542 8.77437e-09
-27.6 0.202542 -8.43942e-09
-26.4 0.202542 -1e-07
-25.2 0.202542 -2.7302e-07
-24 0.202542 -4.99093e-07
-22.8 0.202542 -7.34646e-07
-21.6 0.202542 -9.44532e-07
-20.4 0.202542 -1.13161e-06
-19.2 0.202542 -1.33822e-06
-18 0.202542 -1.56524e-06
-16.8 0.202542 -1.67793e-06
-15.6 0.202542 -1.52421e-06
-14.4 0.202542 -1.29371e-06
-13.2 0.202542 -1.56913e-06
-12 0.202542 -2.47398e-06
-10.8 0.202542 -2.64519e-06
-9.6 0.202542 -1.71355e-07
-8.4 0.202542 3.90068e-06
-7.2 0.202542 3.57239e-06
-6 0.202542 -6.70943e-06
-4.8 0.202542 -2.09231e-05
-3.6 0.202542 -1.82084e-05
-2.4 0.202542 1.9463e-05
-1.2 0.202542 7.80901e-05
0 0.202542 0.000108483
1.2 0.202542 7.80836e-05
2.4 0.202542 1.94547e-05
3.6 0.202542 -1.82118e-05
4.8 0.202542 -2.09186e-05
6 0.202542 -6.70166e-06
7.2 0.202542 3.57604e-06
8.4 0.202542 3.89826e-06
9.6 0.202542 -1.7539e-07
10.8 0.202542 -2.64638e-06
12 0.202542 -2.47246e-06
13.2 0.202542 -1.56764e-06
14.4 0.202542 -1.29363e-06
15.6 0.202542 -1.52483e-06
16.8 0.202542 -1.67827e-06
18 0.202542 -1.5652e-06
19.2 0.202542 -1.33818e-06
20.4 0.202542 -1.13172e-06
21.6 0.202542 -9.44665e-07
22.8 0.202542 -7.34696e-07
24 0.202542 -4.9907e-07
25.2 0.202542 -2.72979e-07
26.4 0.202542 -9.99715e-08
27.6 0.202542 -8.42549e-09
28.8 0.202542 8.77812e-09
30 0.202542 -1.27354e-38
-30 0.25339 -1.24579e-38
-28.8 0.25339 8.65678e-09
-27.6 0.25339 -8.36128e-09
-26.4 0.25339 -9.84879e-08
-25.2 0.25339 -2.68269e-07
-24 0.25339 -4.89894e-07
-22.8 0.25339 -7.21505e-07
-21.6 0.25339 -9.28754e-07
-20.4 0.25339 -1.11229e-06
-19.2 0.25339 -1.31189e-06
-18 0.25339 -1.5325e-06
-16.8 0.25339 -1.64934e-06
-15.6 0.25339 -1.51006e-06
-14.4 0.25339 -1.28069e-06
-13.2 0.25339 -1.52105e-06
-12 0.25339 -2.38378e-06
-10.8 0.25339 -2.58777e-06
-9.6 0.25339 -2.53583e-07
-8.4 0.25339 3.70183e-06
-7.2 0.25339 3.50205e-06
-6 0.25339 -6.36884e-06
-4.8 0.25339 -2.02341e-05
-3.6 0.25339 -1.77472e-05
-2.4 0.25339 1.8972e-05
-1.2 0.25339 7.64441e-05
0 0.25339 0.000106316
1.2 0.25339 7.64378e-05
2.4 0.25339 1.8964e-05
3.6 0.25339 -1.77504e-05
4.8 0.25339 -2.02297e-05
6 0.25339 -6.36147e-06
7.2 0.25339 3.50544e-06
8.4 0.25339 3.69948e-06
9.6 0.25339 -2.57362e-07
10.8 0.25339 -2.5888e-06
12 0.25339 -2.3823e-06
13.2 0.25339 -1.51967e-06
14.4 0.25339 -1.28065e-06
15.6 0.25339 -1.51065e-06
16.8 0.25339 -1.64966e-06
18 0.25339 -1.53247e-06
19.2 0.25339 -1.31188e-06
20.4 0.25339 -1.11241e-06
21.6 0.25339 -9.28893e-07
22.8 0.25339 -7.2156e-07
24 0.25339 -4.89877e-07
25.2 0.25339 -2.68234e-07
26.4 0.25339 -9.8461e-08
27.6 0.25339 -8.34722e-09
28.8 0.25339 8.66082e-09
30 0.25339 -1.24787e-38
-30 0.304237 -1.22183e-38
-28.8 0.304237 8.54026e-09
-27.6 0.304237 -8.27179e-09
-26.4 0.304237 -9.6964e-08
-25.2 0.304237 -2.63534e-07
-24 0.304237 -4.80715e-07
-22.8 0.304237 -7.08315e-07
-21.6 0.304237 -9.12872e-07
-20.4 0.304237 -1.093e-06
-19.2 0.304237 -1.28586e-06
-18 0.304237 -1.49995e-06
-16.8 0.304237 -1.62032e-06
-15.6 0.304237 -1.49505e-06
-14.4 0.304237 -1.2677e-06
-13.2 0.304237 -1.47477e-06
-12 0.304237 -2.29561e-06
-10.8 0.304237 -2.52946e-06
-9.6 0.304237 -3.31037e-07
-8.4 0.304237 3.50775e-06
-7.2 0.304237 3.43061e-06
-6 0.304237 -6.03702e-06
-4.8 0.304237 -1.95566e-05
-3.6 0.304237 -1.72926e-05
-2.4 0.304237 1.84838e-05
-1.2 0.304237 7.48089e-05
0 0.304237 0.000104164
1.2 0.304237 7.48028e-05
2.4 0.304237 1.84762e-05
3.6 0.304237 -1.72955e-05
4.8 0.304237 -1.95524e-05
6 0.304237 -6.03004e-06
7.2 0.304237 3.43375e-06
8.4 0.304237 3.50548e-06
9.6 0.304237 -3.3457e-07
10.8 0.304237 -2.53035e-06
12 0.304237 -2.29417e-06
13.2 0.304237 -1.47349e-06
14.4 0.304237 -1.26769e-06
15.6 0.304237 -1.49561e-06
16.8 0.304237 -1.6206e-06
18 0.304237 -1.49994e-06
19.2 0.304237 -1.28587e-06
20.4 0.304237 -1.09313e-06
21.6 0.304237 -9.13016e-07
22.8 0.304237 -7.08374e-07
24 0.304237 -4.80705e-07
25.2 0.304237 -2.63504e-07
26.4 0.304237 -9.69389e-08
27.6 0.304237 -8.25762e-09
28.8 0.304237 8.54456e-09
30 0.304237 -1.22398e-38
-30 0.355085 -1.1995e-38
-28.8 0.355085 8.42444e-09
-27.6 0.355085 -8.17142e-09
-26.4 0.355085 -9.54275e-08
-25.2 0.355085 -2.58812e-07
-24 0.355085 -4.71558e-07
-22.8 0.355085 -6.95081e-07
-21.6 0.355085 -8.96888e-07
-20.4 0.355085 -1.07373e-06
-19.2 0.355085 -1.2601e-06
-18 0.355085 -1.46761e-06
-16.8 0.355085 -1.59088e-06
-15.6 0.355085 -1.47919e-06
-14.4 0.355085 -1.25469e-06
-13.2 0.355085 -1.43023e-06
-12 0.355085 -2.20947e-06
-10.8 0.355085 -2.47032e-06
-9.6 0.355085 -4.03781e-07
-8.4 0.355085 3.31844e-06
-7.2 0.355085 3.35808e-06
-6 0.355085 -5.71391e-06
-4.8 0.355085 -1.88904e-05
-3.6 0.355085 -1.68443e-05
-2.4 0.355085 1.79984e-05
-1.2 0.355085 7.31843e-05
0 0.355085 0.000102024
1.2 0.355085 7.31785e-05
2.4 0.355085 1.79911e-05
3.6 0.355085 -1.68471e-05
4.8 0.355085 -1.88864e-05
6 0.355085 -5.7073e-06
7.2 0.355085 3.36098e-06
8.4 0.355085 3.31625e-06
9.6 0.355085 -4.07077e-07
10.8 0.355085 -2.47107e-06
12 0.355085 -2.20808e-06
13.2 0.355085 -1.42904e-06
14.4 0.355085 -1.25471e-06
15.6 0.355085 -1.47972e-06
16.8 0.355085 -1.59114e-06
18 0.355085 -1.46761e-06
19.2 0.355085 -1.26013e-06
20.4 0.355085 -1.07388e-06
21.6 0.355085 -8.97038e-07
22.8 0.355085 -6.95146e-07
24 0.355085 -4.71555e-07
25.2 0.355085 -2.58786e-07
26.4 0.355085 -9.54041e-08
27.6 0.355085 -8.15716e-09
28.8 0.355085 8.42897e-09
30 0.355085 -1.20173e-38
-30 0.405932 -1.17867e-38
-28.8 0.405932 8.3089e-09
-27.6 0.405932 -8.06074e-09
-26.4 0.405932 -9.38774e-08
-25.2 0.405932 -2.54101e-07
-24 0.405932 -4.62425e-07
-22.8 0.405932 -6.8181e-07
-21.6 0.405932 -8.80803e-07
-20.4 0.405932 -1.05448e-06
-19.2 0.405932 -1.23461e-06
-18 0.405932 -1.43549e-06
-16.8 0.405932 -1.56105e-06
-15.6 0.405932 -1.46248e-06
-14.4 0.405932 -1.24163e-06
-13.2 0.405932 -1.38737e-06
-12 0.405932 -2.12538e-06
-10.8 0.405932 -2.41041e-06
-9.6 0.405932 -4.7188e-07
-8.4 0.405932 3.13388e-06
-7.2 0.405932 3.28448e-06
-6 0.405932 -5.39947e-06
-4.8 0.405932 -1.82355e-05
-3.6 0.405932 -1.64023e-05
-2.4 0.405932 1.75158e-05
-1.2 0.405932 7.15703e-05
0 0.405932 9.98984e-05
1.2 0.405932 7.15647e-05
2.4 0.405932 1.75088e-05
3.6 0.405932 -1.6405e-05
4.8 0.405932 -1.82317e-05
6 0.405932 -5.39322e-06
7.2 0.405932 3.28717e-06
8.4 0.405932 3.13176e-06
9.6 0.405932 -4.74948e-07
10.8 0.405932 -2.41104e-06
12 0.405932 -2.12403e-06
13.2 0.405932 -1.38628e-06
14.4 0.405932 -1.24168e-06
15.6 0.405932 -1.46298e-06
16.8 0.405932 -1.56129e-06
18 0.405932 -1.43549e-06
19.2 0.405932 -1.23466e-06
20.4 0.405932 -1.05464e-06
21.6 0.405932 -8.80957e-07
22.8 0.405932 -6.81879e-07
24 0.405932 -4.62428e-07
25.2 0.405932 -2.5408e-07
26.4 0.405932 -9.38556e-08
27.6 0.405932 -8.04641e-09
28.8 0.405932 8.31363e-09
30 0.405932 -1.18095e-38
-30 0.45678 -1.15915e-38
-28.8 0.45678 8.1932e-09
-27.6 0.45678 -7.94039e-09
-26.4 0.45678 -9.2313e-08
-25.2 0.45678 -2.494e-07
-24 0.45678 -4.53316e-07
-22.8 0.45678 -6.68507e-07
-21.6 0.45678 -8.64619e-07
-20.4 0.45678 -1.03523e-06
-19.2 0.45678 -1.20937e-06
-18 0.45678 -1.4036e-06
-16.8 0.45678 -1.53087e-06
-15.6 0.45678 -1.44493e-06
-14.4 0.45678 -1.22848e-06
-13.2 0.45678 -1.34616e-06
-12 0.45678 -2.04333e-06
-10.8 0.45678 -2.34981e-06
-9.6 0.45678 -5.35396e-07
-8.4 0.45678 2.95404e-06
-7.2 0.45678 3.20984e-06
-6 0.45678 -5.09366e-06
-4.8 0.45678 -1.75919e-05
-3.6 0.45678 -1.59665e-05
-2.4 0.45678 1.70361e-05
-1.2 0.45678 6.99667e-05
0 0.45678 9.77857e-05
1.2 0.45678 6.99613e-05
2.4 0.45678 1.70294e-05
3.6 0.45678 -1.5969e-05
4.8 0.45678 -1.75882e-05
6 0.45678 -5.08775e-06
7.2 0.45678 3.21231e-06
8.4 0.45678 2.952e-06
9.6 0.45678 -5.38246e-07
10.8 0.45678 -2.35032e-06
12 0.45678 -2.04202e-06
13.2 0.45678 -1.34515e-06
14.4 0.45678 -1.22855e-06
15.6 0.45678 -1.4454e-06
16.8 0.45678 -1.53109e-06
18 0.45678 -1.40361e-06
19.2 0.45678 -1.20944e-06
20.4 0.45678 -1.03541e-06
21.6 0.45678 -8.64777e-07
22.8 0.45678 -6.68581e-07
24 0.45678 -4.53325e-07
25.2 0.45678 -2.49383e-07
26.4 0.45678 -9.22926e-08
27.6 0.45678 -7.92602e-09
28.8 0.45678 8.19811e-09
30 0.45678 -1.16149e-38
-30 0.507627 -1.14078e-38
-28.8 0.507627 8.07687e-09
-27.6 0.507627 -7.8111e-09
-26.4 0.507627 -9.07334e-08
-25.2 0.507627 -2.44706e-07
-24 0.507627 -4.44233e-07
-22.8 0.507627 -6.55177e-07
-21.6 0.507627 -8.48338e-07
-20.4 0.507627 -1.01598e-06
-19.2 0.507627 -1.18438e-06
-18 0.507627 -1.37194e-06
-16.8 0.507627 -1.50036e-06
-15.6 0.507627 -1.42656e-06
-14.4 0.507627 -1.21519e-06
-13.2 0.507627 -1.30654e-06
-12 0.507627 -1.96333e-06
-10.8 0.507627 -2.28857e-06
-9.6 0.507627 -5.94395e-07
-8.4 0.507627 2.77891e-06
-7.2 0.507627 3.13418e-06
-6 0.507627 -4.79643e-06
-4.8 0.507627 -1.69594e-05
-3.6 0.507627 -1.55368e-05
-2.4 0.507627 1.65593e-05
-1.2 0.507627 6.83733e-05
0 0.507627 9.5686e-05
1.2 0.507627 6.83682e-05
2.4 0.507627 1.65529e-05
3.6 0.507627 -1.55391e-05
4.8 0.507627 -1.69559e-05
6 0.507627 -4.79085e-06
7.2 0.507627 3.13645e-06
8.4 0.507627 2.77695e-06
9.6 0.507627 -5.97036e-07
10.8 0.507627 -2.28897e-06
12 0.507627 -1.96206e-06
13.2 0.507627 -1.3056e-06
14.4 0.507627 -1.21528e-06
15.6 0.507627 -1.427e-06
16.8 0.507627 -1.50056e-06
18 0.507627 -1.37196e-06
19.2 0.507627 -1.18447e-06
20.4 0.507627 -1.01617e-06
21.6 0.507627 -8.485e-07
22.8 0.507627 -6.55256e-07
24 0.507627 -4.44247e-07
25.2 0.507627 -2.44693e-07
26.4 0.507627 -9.07144e-08
27.6 0.507627 -7.79671e-09
28.8 0.507627 8.08193e-09
30 0.507627 -1.14316e-38
-30 0.558475 -1.12336e-38
-28.8 0.558475 7.95945e-09
-27.6 0.558475 -7.67365e-09
-26.4 0.558475 -8.9138e-08
-25.2 0.558475 -2.40017e-07
-24 0.558475 -4.35175e-07
-22.8 0.558475 -6.41826e-07
-21.6 0.558475 -8.31962e-07
-20.4 0.558475 -9.96716e-07
-19.2 0.558475 -1.15961e-06
-18 0.558475 -1.34053e-06
-16.8 0.558475 -1.46956e-06
-15.6 0.558475 -1.40736e-06
-14.4 0.558475 -1.20174e-06
-13.2 0.558475 -1.26845e-06
-12 0.558475 -1.88538e-06
-10.8 0.558475 -2.22676e-06
-9.6 0.558475 -6.4894e-07
-8.4 0.558475 2.60848e-06
-7.2 0.558475 3.05752e-06
-6 0.558475 -4.50773e-06
-4.8 0.558475 -1.63379e-05
-3.6 0.558475 -1.5113e-05
-2.4 0.558475 1.60855e-05
-1.2 0.558475 6.67902e-05
0 0.558475 9.35991e-05
1.2 0.558475 6.67853e-05
2.4 0.558475 1.60794e-05
3.6 0.558475 -1.51151e-05
4.8 0.558475 -1.63345e-05
6 0.558475 -4.50248e-06
7.2 0.558475 3.05961e-06
8.4 0.558475 2.6066e-06
9.6 0.558475 -6.51381e-07
10.8 0.558475 -2.22706e-06
12 0.558475 -1.88416e-06
13.2 0.558475 -1.26759e-06
14.4 0.558475 -1.20185e-06
15.6 0.558475 -1.40777e-06
16.8 0.558475 -1.46974e-06
18 0.558475 -1.34056e-06
19.2 0.558475 -1.15972e-06
20.4 0.558475 -9.96908e-07
21.6 0.558475 -8.32128e-07
22.8 0.558475 -6.41909e-07
24 0.558475 -4.35196e-07
25.2 0.558475 -2.40008e-07
26.4 0.558475 -8.91204e-08
27.6 0.558475 -7.65927e-09
28.8 0.558475 7.96463e-09
30 0.558475 -1.12577e-38
-30 0.609322 -1.10669e-38
-28.8 0.609322 7.84048e-09
-27.6 0.609322 -7.52887e-09
-26.4 0.609322 -8.75265e-08
-25.2 0.609322 -2.3533e-07
-24 0.609322 -4.26144e-07
-22.8 0.609322 -6.2846e-07
-21.6 0.609322 -8.15495e-07
-20.4 0.609322 -9.77425e-07
-19.2 0.609322 -1.13506e-06
-18 0.609322 -1.30937e-06
-16.8 0.609322 -1.43849e-06
-15.6 0.609322 -1.38736e-06
-14.4 0.609322 -1.18809e-06
-13.2 0.609322 -1.23184e-06
-12 0.609322 -1.80947e-06
-10.8 0.609322 -2.16445e-06
-9.6 0.609322 -6.99095e-07
-8.4 0.609322 2.44274e-06
-7.2 0.609322 2.97989e-06
-6 0.609322 -4.22754e-06
-4.8 0.609322 -1.57274e-05
-3.6 0.609322 -1.4695e-05
-2.4 0.609322 1.56146e-05
-1.2 0.609322 6.52171e-05
0 0.609322 9.15247e-05
1.2 0.609322 6.52124e-05
2.4 0.609322 1.56089e-05
3.6 0.609322 -1.4697e-05
4.8 0.609322 -1.57242e-05
6 0.609322 -4.22259e-06
7.2 0.609322 2.9818e-06
8.4 0.609322 2.44094e-06
9.6 0.609322 -7.01344e-07
10.8 0.609322 -2.16466e-06
12 0.609322 -1.8083e-06
13.2 0.609322 -1.23106e-06
14.4 0.609322 -1.1882e-06
15.6 0.609322 -1.38775e-06
16.8 0.609322 -1.43866e-06
18 0.609322 -1.30941e-06
19.2 0.609322 -1.13519e-06
20.4 0.609322 -9.77624e-07
21.6 0.609322 -8.15664e-07
22.8 0.609322 -6.28548e-07
24 0.609322 -4.2617e-07
25.2 0.609322 -2.35325e-07
26.4 0.609322 -8.75101e-08
27.6 0.609322 -7.51452e-09
28.8 0.609322 7.84577e-09
30 0.609322 -1.10914e-38
-30 0.660169 -1.0906e-38
-28.8 0.660169 7.71955e-09
-27.6 0.660169 -7.37763e-09
-26.4 0.660169 -8.58983e-08
-25.2 0.660169 -2.30645e-07
-24 0.660169 -4.17139e-07
-22.8 0.660169 -6.15083e-07
-21.6 0.660169 -7.9894e-07
-20.4 0.660169 -9.581e-07
-19.2 0.660169 -1.11072e-06
-18 0.660169 -1.27846e-06
-16.8 0.660169 -1.40718e-06
-15.6 0.660169 -1.36657e-06
-14.4 0.660169 -1.17418e-06
-13.2 0.660169 -1.19666e-06
-12 0.660169 -1.73563e-06
-10.8 0.660169 -2.10171e-06
-9.6 0.660169 -7.44925e-07
-8.4 0.660169 2.28169e-06
-7.2 0.660169 2.90131e-06
-6 0.660169 -3.95581e-06
-4.8 0.660169 -1.51277e-05
-3.6 0.660169 -1.42828e-05
-2.4 0.660169 1.51469e-05
-1.2 0.660169 6.3654e-05
0 0.660169 8.94628e-05
1.2 0.660169 6.36495e-05
2.4 0.660169 1.51414e-05
3.6 0.660169 -1.42847e-05
4.8 0.660169 -1.51247e-05
6 0.660169 -3.95116e-06
7.2 0.660169 2.90305e-06
8.4 0.660169 2.27997e-06
9.6 0.660169 -7.46992e-07
10.8 0.660169 -2.10183e-06
12 0.660169 -1.7345e-06
13.2 0.660169 -1.19595e-06
14.4 0.660169 -1.17431e-06
15.6 0.660169 -1.36693e-06
16.8 0.660169 -1.40734e-06
18 0.660169 -1.27852e-06
19.2 0.660169 -1.11086e-06
20.4 0.660169 -9.58307e-07
21.6 0.660169 -7.99112e-07
22.8 0.660169 -6.15175e-07
24 0.660169 -4.1717e-07
25.2 0.660169 -2.30643e-07
26.4 0.660169 -8.58831e-08
27.6 0.660169 -7.36335e-09
28.8 0.660169 7.72492e-09
30 0.660169 -1.09307e-38
-30 0.711017 -1.07488e-38
-28.8 0.711017 7.59626e-09
-27.6 0.711017 -7.22083e-09
-26.4 0.711017 -8.42533e-08
-25.2 0.711017 -2.25959e-07
-24 0.711017 -4.08159e-07
-22.8 0.711017 -6.01701e-07
-21.6 0.711017 -7.82301e-07
-20.4 0.711017 -9.38734e-07
-19.2 0.711017 -1.08656e-06
-18 0.711017 -1.24782e-06
-16.8 0.711017 -1.37566e-06
-15.6 0.711017 -1.345e-06
-14.4 0.711017 -1.16e-06
-13.2 0.711017 -1.16286e-06
-12 0.711017 -1.66383e-06
-10.8 0.711017 -2.0386e-06
-9.6 0.711017 -7.86495e-07
-8.4 0.711017 2.12531e-06
-7.2 0.711017 2.82182e-06
-6 0.711017 -3.69252e-06
-4.8 0.711017 -1.45389e-05
-3.6 0.711017 -1.38762e-05
-2.4 0.711017 1.46822e-05
-1.2 0.711017 6.21008e-05
0 0.711017 8.74131e-05
1.2 0.711017 6.20965e-05
2.4 0.711017 1.4677e-05
3.6 0.711017 -1.38779e-05
4.8 0.711017 -1.4536e-05
6 0.711017 -3.68815e-06
7.2 0.711017 2.8234e-06
8.4 0.711017 2.12367e-06
9.6 0.711017 -7.88387e-07
10.8 0.711017 -2.03865e-06
12 0.711017 -1.66275e-06
13.2 0.711017 -1.16221e-06
14.4 0.711017 -1.16013e-06
15.6 0.711017 -1.34533e-06
16.8 0.711017 -1.37581e-06
18 0.711017 -1.24789e-06
19.2 0.711017 -1.08671e-06
20.4 0.711017 -9.38947e-07
21.6 0.711017 -7.82476e-07
22.8 0.711017 -6.01798e-07
24 0.711017 -4.08196e-07
25.2 0.711017 -2.2596e-07
26.4 0.711017 -8.42392e-08
27.6 0.711017 -7.20663e-09
28.8 0.711017 7.60169e-09
30 0.711017 -1.07736e-38
-30 0.761864 -1.05935e-38
-28.8 0.761864 7.47024e-09
-27.6 0.761864 -7.05936e-09
-26.4 0.761864 -8.25914e-08
-25.2 0.761864 -2.21269e-07
-24 0.761864 -3.99206e-07
-22.8 0.761864 -5.88318e-07
-21.6 0.761864 -7.65583e-07
-20.4 0.761864 -9.19319e-07
-19.2 0.761864 -1.06258e-06
-18 0.761864 -1.21745e-06
-16.8 0.761864 -1.34397e-06
-15.6 0.761864 -1.32267e-06
-14.4 0.761864 -1.1455e-06
-13.2 0.761864 -1.13038e-06
-12 0.761864 -1.59409e-06
-10.8 0.761864 -1.9752e-06
-9.6 0.761864 -8.2387e-07
-8.4 0.761864 1.97361e-06
-7.2 0.761864 2.74144e-06
-6 0.761864 -3.43762e-06
-4.8 0.761864 -1.39609e-05
-3.6 0.761864 -1.34751e-05
-2.4 0.761864 1.42207e-05
-1.2 0.761864 6.05573e-05
0 0.761864 8.53753e-05
1.2 0.761864 6.05532e-05
2.4 0.761864 1.42158e-05
3.6 0.761864 -1.34767e-05
4.8 0.761864 -1.39581e-05
6 0.761864 -3.43352e-06
7.2 0.761864 2.74287e-06
8.4 0.761864 1.97205e-06
9.6 0.761864 -8.25596e-07
10.8 0.761864 -1.97517e-06
12 0.761864 -1.59305e-06
13.2 0.761864 -1.12978e-06
14.4 0.761864 -1.14564e-06
15.6 0.761864 -1.32297e-06
16.8 0.761864 -1.34411e-06
18 0.761864 -1.21753e-06
19.2 0.761864 -1.06275e-06
20.4 0.761864 -9.19538e-07
21.6 0.761864 -7.65761e-07
22.8 0.761864 -5.88419e-07
24 0.761864 -3.99247e-07
25.2 0.761864 -2.21273e-07
26.4 0.761864 -8.25784e-08
27.6 0.761864 -7.04528e-09
28.8 0.761864 7.47571e-09
30 0.761864 -1.06184e-38
-30 0.812712 -1.04384e-38
-28.8 0.812712 7.34119e-09
-27.6 0.812712 -6.89413e-09
-26.4 0.812712 -8.09128e-08
-25.2 0.812712 -2.16574e-07
-24 0.812712 -3.90276e-07
-22.8 0.812712 -5.74939e-07
-21.6 0.812712 -7.4879e-07
-20.4 0.812712 -8.99849e-07
-19.2 0.812712 -1.03876e-06
-18 0.812712 -1.18735e-06
-16.8 0.812712 -1.31213e-06
-15.6 0.812712 -1.29959e-06
-14.4 0.812712 -1.13064e-06
-13.2 0.812712 -1.09915e-06
-12 0.812712 -1.5264e-06
-10.8 0.812712 -1.91157e-06
-9.6 0.812712 -8.57116e-07
-8.4 0.812712 1.82658e-06
-7.2 0.812712 2.66021e-06
-6 0.812712 -3.19109e-06
-4.8 0.812712 -1.33935e-05
-3.6 0.812712 -1.30794e-05
-2.4 0.812712 1.37624e-05
-1.2 0.812712 5.90234e-05
0 0.812712 8.33494e-05
1.2 0.812712 5.90195e-05
2.4 0.812712 1.37577e-05
3.6 0.812712 -1.30809e-05
4.8 0.812712 -1.33909e-05
6 0.812712 -3.18725e-06
7.2 0.812712 2.6615e-06
8.4 0.812712 1.8251e-06
9.6 0.812712 -8.58684e-07
10.8 0.812712 -1.91149e-06
12 0.812712 -1.52541e-06
13.2 0.812712 -1.09861e-06
14.4 0.812712 -1.13078e-06
15.6 0.812712 -1.29987e-06
16.8 0.812712 -1.31226e-06
18 0.812712 -1.18744e-06
19.2 0.812712 -1.03894e-06
20.4 0.812712 -9.00072e-07
21.6 0.812712 -7.4897e-07
22.8 0.812712 -5.75045e-07
24 0.812712 -3.90322e-07
25.2 0.812712 -2.16581e-07
26.4 0.812712 -8.09008e-08
27.6 0.812712 -6.88019e-09
28.8 0.812712 7.34669e-09
30 0.812712 -1.04632e-38
-30 0.863559 -1.02816e-38
-28.8 0.863559 7.20886e-09
-27.6 0.863559 -6.72602e-09
-26.4 0.863559 -7.92175e-08
-25.2 0.863559 -2.11872e-07
-24 0.863559 -3.8137e-07
-22.8 0.863559 -5.61568e-07
-21.6 0.863559 -7.31927e-07
-20.4 0.863559 -8.80316e-07
-19.2 0.863559 -1.01509e-06
-18 0.863559 -1.15753e-06
-16.8 0.863559 -1.28017e-06
-15.6 0.863559 -1.27579e-06
-14.4 0.863559 -1.1154e-06
-13.2 0.863559 -1.06913e-06
-12 0.863559 -1.46077e-06
-10.8 0.863559 -1.8478e-06
-9.6 0.863559 -8.86301e-07
-8.4 0.863559 1.68423e-06
-7.2 0.863559 2.57816e-06
-6 0.863559 -2.9529e-06
-4.8 0.863559 -1.28368e-05
-3.6 0.863559 -1.2689e-05
-2.4 0.863559 1.33074e-05
-1.2 0.863559 5.74991e-05
0 0.863559 8.1335e-05
1.2 0.863559 5.74953e-05
2.4 0.863559 1.33029e-05
3.6 0.863559 -1.26904e-05
4.8 0.863559 -1.28343e-05
6 0.863559 -2.94931e-06
7.2 0.863559 2.57933e-06
8.4 0.863559 1.68282e-06
9.6 0.863559 -8.87719e-07
10.8 0.863559 -1.84766e-06
12 0.863559 -1.45982e-06
13.2 0.863559 -1.06864e-06
14.4 0.863559 -1.11554e-06
15.6 0.863559 -1.27605e-06
16.8 0.863559 -1.28029e-06
18 0.863559 -1.15763e-06
19.2 0.863559 -1.01527e-06
20.4 0.863559 -8.80544e-07
21.6 0.863559 -7.32109e-07
22.8 0.863559 -5.61678e-07
24 0.863559 -3.8142e-07
25.2 0.863559 -2.11882e-07
26.4 0.863559 -7.92065e-08
27.6 0.863559 -6.71225e-09
28.8 0.863559 7.21438e-09
30 0.863559 -1.03064e-38
-30 0.914407 -1.01218e-38
-28.8 0.914407 7.07305e-09
-27.6 0.914407 -6.5559e-09
-26.4 0.914407 -7.75061e-08
-25.2 0.914407 -2.0716e-07
-24 0.914407 -3.72486e-07
-22.8 0.914407 -5.4821e-07
-21.6 0.914407 -7.15e-07
-20.4 0.914407 -8.60716e-07
-19.2 0.914407 -9.91541e-07
-18 0.914407 -1.12798e-06
-16.8 0.914407 -1.24812e-06
-15.6 0.914407 -1.25129e-06
-14.4 0.914407 -1.09973e-06
-13.2 0.914407 -1.04024e-06
-12 0.914407 -1.39718e-06
-10.8 0.914407 -1.78396e-06
-9.6 0.914407 -9.11492e-07
-8.4 0.914407 1.54656e-06
-7.2 0.914407 2.49533e-06
-6 0.914407 -2.72303e-06
-4.8 0.914407 -1.22906e-05
-3.6 0.914407 -1.23037e-05
-2.4 0.914407 1.28557e-05
-1.2 0.914407 5.59841e-05
0 0.914407 7.93319e-05
1.2 0.914407 5.59805e-05
2.4 0.914407 1.28515e-05
3.6 0.914407 -1.2305e-05
4.8 0.914407 -1.22882e-05
6 0.914407 -2.71968e-06
7.2 0.914407 2.49638e-06
8.4 0.914407 1.54523e-06
9.6 0.914407 -9.12768e-07
10.8 0.914407 -1.78376e-06
12 0.914407 -1.39629e-06
13.2 0.914407 -1.0398e-06
14.4 0.914407 -1.09987e-06
15.6 0.914407 -1.25152e-06
16.8 0.914407 -1.24824e-06
18 0.914407 -1.12808e-06
19.2 0.914407 -9.91737e-07
20.4 0.914407 -8.60947e-07
21.6 0.914407 -7.15184e-07
22.8 0.914407 -5.48323e-07
24 0.914407 -3.7254e-07
25.2 0.914407 -2.07173e-07
26.4 0.914407 -7.7496e-08
27.6 0.914407 -6.54231e-09
28.8 0.914407 7.07856e-09
30 0.914407 -1.01464e-38
-30 0.965254 -9.95735e-39
-28.8 0.965254 6.93363e-09
-27.6 0.965254 -6.38457e-09
-26.4 0.965254 -7.57789e-08
-25.2 0.965254 -2.02439e-07
-24 0.965254 -3.63622e-07
-22.8 0.965254 -5.34867e-07
-21.6 0.965254 -6.98014e-07
-20.4 0.965254 -8.41044e-07
-19.2 0.965254 -9.68111e-07
-18 0.965254 -1.0987e-06
-16.8 0.965254 -1.21602e-06
-15.6 0.965254 -1.2261e-06
-14.4 0.965254 -1.08361e-06
-13.2 0.965254 -1.01243e-06
-12 0.965254 -1.33565e-06
-10.8 0.965254 -1.72012e-06
-9.6 0.965254 -9.3276e-07
-8.4 0.965254 1.41357e-06
-7.2 0.965254 2.41177e-06
-6 0.965254 -2.50145e-06
-4.8 0.965254 -1.1755e-05
-3.6 0.965254 -1.19235e-05
-2.4 0.965254 1.24073e-05
-1.2 0.965254 5.44785e-05
0 0.965254 7.73401e-05
1.2 0.965254 5.44751e-05
2.4 0.965254 1.24034e-05
3.6 0.965254 -1.19247e-05
4.8 0.965254 -1.17527e-05
6 0.965254 -2.49833e-06
7.2 0.965254 2.4127e-06
8.4 0.965254 1.41232e-06
9.6 0.965254 -9.33901e-07
10.8 0.965254 -1.71988e-06
12 0.965254 -1.3348e-06
13.2 0.965254 -1.01204e-06
14.4 0.965254 -1.08374e-06
15.6 0.965254 -1.22631e-06
16.8 0.965254 -1.21612e-06
18 0.965254 -1.09882e-06
19.2 0.965254 -9.68315e-07
20.4 0.965254 -8.41277e-07
21.6 0.965254 -6.98201e-07
22.8 0.965254 -5.34984e-07
24 0.965254 -3.6368e-07
25.2 0.965254 -2.02454e-07
26.4 0.965254 -7.57697e-08
27.6 0.965254 -6.3712e-09
28.8 0.965254 6.93913e-09
30 0.965254 -9.98179e-39
-30 1.0161 -9.78718e-39
-28.8 1.0161 6.79052e-09
-27.6 1.0161 -6.2128e-09
-26.4 1.0161 -7.40366e-08
-25.2 1.0161 -1.97705e-07
-24 1.0161 -3.54777e-07
-22.8 1.0161 -5.21543e-07
-21.6 1.0161 -6.80977e-07
-20.4 1.0161 -8.21296e-07
-19.2 1.0161 -9.4478e-07
-18 1.0161 -1.06969e-06
-16.8 1.0161 -1.18388e-06
-15.6 1.0161 -1.20025e-06
-14.4 1.0161 -1.067e-06
-13.2 1.0161 -9.85644e-07
-12 1.0161 -1.27616e-06
-10.8 1.0161 -1.65636e-06
-9.6 1.0161 -9.50174e-07
-8.4 1.0161 1.28528e-06
-7.2 1.0161 2.32751e-06
-6 1.0161 -2.28814e-06
-4.8 1.0161 -1.12298e-05
-3.6 1.0161 -1.15483e-05
-2.4 1.0161 1.19625e-05
-1.2 1.0161 5.29821e-05
0 1.0161 7.53591e-05
1.2 1.0161 5.29788e-05
2.4 1.0161 1.19588e-05
3.6 1.0161 -1.15494e-05
4.8 1.0161 -1.12277e-05
6 1.0161 -2.28524e-06
7.2 1.0161 2.32834e-06
8.4 1.0161 1.28411e-06
9.6 1.0161 -9.51189e-07
10.8 1.0161 -1.65608e-06
12 1.0161 -1.27535e-06
13.2 1.0161 -9.85286e-07
14.4 1.0161 -1.06713e-06
15.6 1.0161 -1.20044e-06
16.8 1.0161 -1.18398e-06
18 1.0161 -1.06982e-06
19.2 1.0161 -9.44992e-07
20.4 1.0161 -8.21531e-07
21.6 1.0161 -6.81164e-07
22.8 1.0161 -5.21664e-07
24 1.0161 -3.54838e-07
25.2 1.0161 -1.97722e-07
26.4 1.0161 -7.40283e-08
27.6 1.0161 -6.19966e-09
28.8 1.0161 6.796e-09
30 1.0161 -9.81139e-39
-30 1.06695 -9.61022e-39
-28.8 1.06695 6.64374e-09
-27.6 1.06695 -6.04129e-09
-26.4 1.06695 -7.22801e-08
-25.2 1.06695 -1.92958e-07
-24 1.06695 -3.45948e-07
-22.8 1.06695 -5.08241e-07
-21.6 1.06695 -6.63893e-07
-20.4 1.06695 -8.01468e-07
-19.2 1.06695 -9.21533e-07
-18 1.06695 -1.04095e-06
-16.8 1.06695 -1.15174e-06
-15.6 1.06695 -1.17377e-06
-14.4 1.06695 -1.04987e-06
-13.2 1.06695 -9.59803e-07
-12 1.06695 -1.2187e-06
-10.8 1.06695 -1.59276e-06
-9.6 1.06695 -9.63808e-07
-8.4 1.06695 1.16171e-06
-7.2 1.06695 2.2426e-06
-6 1.06695 -2.0831e-06
-4.8 1.06695 -1.07152e-05
-3.6 1.06695 -1.11779e-05
-2.4 1.06695 1.15212e-05
-1.2 1.06695 5.14947e-05
0 1.06695 7.33889e-05
1.2 1.06695 5.14917e-05
2.4 1.06695 1.15177e-05
3.6 1.06695 -1.11789e-05
4.8 1.06695 -1.07131e-05
6 1.06695 -2.0804e-06
7.2 1.06695 2.24334e-06
8.4 1.06695 1.16061e-06
9.6 1.06695 -9.64704e-07
10.8 1.06695 -1.59246e-06
12 1.06695 -1.21794e-06
13.2 1.06695 -9.59482e-07
14.4 1.06695 -1.04999e-06
15.6 1.06695 -1.17394e-06
16.8 1.06695 -1.15184e-06
18 1.06695 -1.04109e-06
19.2 1.06695 -9.21752e-07
20.4 1.06695 -8.01705e-07
21.6 1.06695 -6.64082e-07
22.8 1.06695 -5.08365e-07
24 1.06695 -3.46012e-07
25.2 1.06695 -1.92977e-07
26.4 1.06695 -7.22726e-08
27.6 1.06695 -6.02839e-09
28.8 1.06695 6.64919e-09
30 1.06695 -9.63417e-39
-30 1.1178 -9.42567e-39
-28.8 1.1178 6.49336e-09
-27.6 1.1178 -5.87064e-09
-26.4 1.1178 -7.05101e-08
-25.2 1.1178 -1.88196e-07
-24 1.1178 -3.37133e-07
-22.8 1.1178 -4.94964e-07
-21.6 1.1178 -6.46769e-07
-20.4 1.1178 -7.81559e-07
-19.2 1.1178 -8.98355e-07
-18 1.1178 -1.01248e-06
-16.8 1.1178 -1.11962e-06
-15.6 1.1178 -1.14668e-06
-14.4 1.1178 -1.03219e-06
-13.2 1.1178 -9.34845e-07
-12 1.1178 -1.16327e-06
-10.8 1.1178 -1.52941e-06
-9.6 1.1178 -9.73738e-07
-8.4 1.1178 1.04285e-06
-7.2 1.1178 2.15711e-06
-6 1.1178 -1.8863e-06
-4.8 1.1178 -1.02109e-05
-3.6 1.1178 -1.08122e-05
-2.4 1.1178 1.10835e-05
-1.2 1.1178 5.00164e-05
0 1.1178 7.14292e-05
1.2 1.1178 5.00135e-05
2.4 1.1178 1.10802e-05
3.6 1.1178 -1.08131e-05
4.8 1.1178 -1.0209e-05
6 1.1178 -1.8838e-06
7.2 1.1178 2.15775e-06
8.4 1.1178 1.04183e-06
9.6 1.1178 -9.74521e-07
10.8 1.1178 -1.52908e-06
12 1.1178 -1.16255e-06
13.2 1.1178 -9.34558e-07
14.4 1.1178 -1.03231e-06
15.6 1.1178 -1.14684e-06
16.8 1.1178 -1.11972e-06
18 1.1178 -1.01262e-06
19.2 1.1178 -8.98579e-07
20.4 1.1178 -7.81796e-07
21.6 1.1178 -6.4696e-07
22.8 1.1178 -4.9509e-07
24 1.1178 -3.37201e-07
25.2 1.1178 -1.88217e-07
26.4 1.1178 -7.05035e-08
27.6 1.1178 -5.85801e-09
28.8 1.1178 6.49877e-09
30 1.1178 -9.44931e-39
-30 1.16864 -9.23294e-39
-28.8 1.16864 6.3395e-09
-27.6 1.16864 -5.7014e-09
-26.4 1.16864 -6.87276e-08
-25.2 1.16864 -1.83419e-07
-24 1.16864 -3.28331e-07
-22.8 1.16864 -4.81712e-07
-21.6 1.16864 -6.29613e-07
-20.4 1.16864 -7.61566e-07
-19.2 1.16864 -8.7523e-07
-18 1.16864 -9.84262e-07
-16.8 1.16864 -1.08756e-06
-15.6 1.16864 -1.11901e-06
-14.4 1.16864 -1.01393e-06
-13.2 1.16864 -9.10702e-07
-12 1.16864 -1.10986e-06
-10.8 1.16864 -1.4664e-06
-9.6 1.16864 -9.80039e-07
-8.4 1.16864 9.28748e-07
-7.2 1.16864 2.07107e-06
-6 1.16864 -1.69772e-06
-4.8 1.16864 -9.71699e-06
-3.6 1.16864 -1.04511e-05
-2.4 1.16864 1.06496e-05
-1.2 1.16864 4.85469e-05
0 1.16864 6.94797e-05
1.2 1.16864 4.85441e-05
2.4 1.16864 1.06465e-05
3.6 1.16864 -1.04519e-05
4.8 1.16864 -9.71518e-06
6 1.16864 -1.69541e-06
7.2 1.16864 2.07164e-06
8.4 1.16864 9.27797e-07
9.6 1.16864 -9.80718e-07
10.8 1.16864 -1.46604e-06
12 1.16864 -1.10919e-06
13.2 1.16864 -9.10445e-07
14.4 1.16864 -1.01404e-06
15.6 1.16864 -1.11915e-06
16.8 1.16864 -1.08765e-06
18 1.16864 -9.84414e-07
19.2 1.16864 -8.75459e-07
20.4 1.16864 -7.61805e-07
21.6 1.16864 -6.29804e-07
22.8 1.16864 -4.81841e-07
24 1.16864 -3.28401e-07
25.2 1.16864 -1.83441e-07
26.4 1.16864 -6.87218e-08
27.6 1.16864 -5.68904e-09
28.8 1.16864 6.34487e-09
30 1.16864 -9.25625e-39
-30 1.21949 -9.03167e-39
-28.8 1.21949 6.18235e-09
-27.6 1.21949 -5.53399e-09
-26.4 1.21949 -6.69338e-08
-25.2 1.21949 -1.78626e-07
-24 1.21949 -3.19538e-07
-22.8 1.21949 -4.68488e-07
-21.6 1.21949 -6.1243e-07
-20.4 1.21949 -7.41491e-07
-19.2 1.21949 -8.52143e-07
-18 1.21949 -9.56295e-07
-16.8 1.21949 -1.05557e-06
-15.6 1.21949 -1.0908e-06
-14.4 1.21949 -9.95074e-07
-13.2 1.21949 -8.87304e-07
-12 1.21949 -1.05846e-06
-10.8 1.21949 -1.40379e-06
-9.6 1.21949 -9.82793e-07
-8.4 1.21949 8.19406e-07
-7.2 1.21949 1.98455e-06
-6 1.21949 -1.51737e-06
-4.8 1.21949 -9.23347e-06
-3.6 1.21949 -1.00945e-05
-2.4 1.21949 1.02194e-05
-1.2 1.21949 4.70862e-05
0 1.21949 6.75403e-05
1.2 1.21949 4.70836e-05
2.4 1.21949 1.02165e-05
3.6 1.21949 -1.00953e-05
4.8 1.21949 -9.23176e-06
6 1.21949 -1.51524e-06
7.2 1.21949 1.98504e-06
8.4 1.21949 8.18526e-07
9.6 1.21949 -9.83374e-07
10.8 1.21949 -1.40341e-06
12 1.21949 -1.05782e-06
13.2 1.21949 -8.87073e-07
14.4 1.21949 -9.95174e-07
15.6 1.21949 -1.09092e-06
16.8 1.21949 -1.05567e-06
18 1.21949 -9.56455e-07
19.2 1.21949 -8.52375e-07
20.4 1.21949 -7.41729e-07
21.6 1.21949 -6.12623e-07
22.8 1.21949 -4.68619e-07
24 1.21949 -3.1961e-07
25.2 1.21949 -1.7865e-07
26.4 1.21949 -6.69287e-08
27.6 1.21949 -5.52192e-09
28.8 1.21949 6.18768e-09
30 1.21949 -9.05462e-39
-30 1.27034 -8.82176e-39
-28.8 1.27034 6.02218e-09
-27.6 1.27034 -5.36875e-09
-26.4 1.27034 -6.51297e-08
-25.2 1.27034 -1.73816e-07
-24 1.27034 -3.10751e-07
-22.8 1.27034 -4.55292e-07
-21.6 1.27034 -5.95227e-07
-20.4 1.27034 -7.21332e-07
-19.2 1.27034 -8.29078e-07
-18 1.27034 -9.2857e-07
-16.8 1.27034 -1.02368e-06
-15.6 1.27034 -1.06207e-06
-14.4 1.27034 -9.75588e-07
-13.2 1.27034 -8.64577e-07
-12 1.27034 -1.00905e-06
-10.8 1.27034 -1.34169e-06
-9.6 1.27034 -9.82082e-07
-8.4 1.27034 7.14854e-07
-7.2 1.27034 1.89762e-06
-6 1.27034 -1.34524e-06
-4.8 1.27034 -8.7603e-06
-3.6 1.27034 -9.7423e-06
-2.4 1.27034 9.79317e-06
-1.2 1.27034 4.56342e-05
0 1.27034 6.56107e-05
1.2 1.27034 4.56317e-05
2.4 1.27034 9.79046e-06
3.6 1.27034 -9.74299e-06
4.8 1.27034 -8.7587e-06
6 1.27034 -1.34327e-06
7.2 1.27034 1.89805e-06
8.4 1.27034 7.14043e-07
9.6 1.27034 -9.82572e-07
10.8 1.27034 -1.3413e-06
12 1.27034 -1.00845e-06
13.2 1.27034 -8.64371e-07
14.4 1.27034 -9.75679e-07
15.6 1.27034 -1.06218e-06
16.8 1.27034 -1.02378e-06
18 1.27034 -9.28736e-07
19.2 1.27034 -8.29313e-07
20.4 1.27034 -7.2157e-07
21.6 1.27034 -5.95421e-07
22.8 1.27034 -4.55426e-07
24 1.27034 -3.10826e-07
25.2 1.27034 -1.73841e-07
26.4 1.27034 -6.51253e-08
27.6 1.27034 -5.35697e-09
28.8 1.27034 6.02745e-09
30 1.27034 -8.84432e-39
-30 1.32119 -8.60331e-39
-28.8 1.32119 5.85928e-09
-27.6 1.32119 -5.20591e-09
-26.4 1.32119 -6.33164e-08
-25.2 1.32119 -1.68989e-07
-24 1.32119 -3.0197e-07
-22.8 1.32119 -4.42125e-07
-21.6 1.32119 -5.78012e-07
-20.4 1.32119 -7.01093e-07
-19.2 1.32119 -8.06022e-07
-18 1.32119 -9.01075e-07
-16.8 1.32119 -9.91926e-07
-15.6 1.32119 -1.03286e-06
-14.4 1.32119 -9.55454e-07
-13.2 1.32119 -8.42448e-07
-12 1.32119 -9.61608e-07
-10.8 1.32119 -1.28019e-06
-9.6 1.32119 -9.77994e-07
-8.4 1.32119 6.15118e-07
-7.2 1.32119 1.81035e-06
-6 1.32119 -1.18131e-06
-4.8 1.32119 -8.29749e-06
-3.6 1.32119 -9.39436e-06
-2.4 1.32119 9.37093e-06
-1.2 1.32119 4.41907e-05
0 1.32119 6.36906e-05
1.2 1.32119 4.41884e-05
2.4 1.32119 9.3684e-06
3.6 1.32119 -9.39499e-06
4.8 1.32119 -8.29599e-06
6 1.32119 -1.17951e-06
7.2 1.32119 1.81071e-06
8.4 1.32119 6.14375e-07
9.6 1.32119 -9.784e-07
10.8 1.32119 -1.27978e-06
12 1.32119 -9.61051e-07
13.2 1.32119 -8.42263e-07
14.4 1.32119 -9.55535e-07
15.6 1.32119 -1.03296e-06
16.8 1.32119 -9.92026e-07
18 1.32119 -9.01246e-07
19.2 1.32119 -8.06259e-07
20.4 1.32119 -7.0133e-07
21.6 1.32119 -5.78206e-07
22.8 1.32119 -4.4226e-07
24 1.32119 -3.02046e-07
25.2 1.32119 -1.69015e-07
26.4 1.32119 -6.33128e-08
27.6 1.32119 -5.19444e-09
28.8 1.32119 5.86449e-09
30 1.32119 -8.62546e-39
-30 1.37203 -8.37666e-39
-28.8 1.37203 5.69397e-09
-27.6 1.37203 -5.0456e-09
-26.4 1.37203 -6.14952e-08
-25.2 1.37203 -1.64145e-07
-24 1.37203 -2.93189e-07
-22.8 1.37203 -4.28987e-07
-21.6 1.37203 -5.6079e-07
-20.4 1.37203 -6.80774e-07
-19.2 1.37203 -7.82961e-07
-18 1.37203 -8.73798e-07
-16.8 1.37203 -9.60318e-07
-15.6 1.37203 -1.00321e-06
-14.4 1.37203 -9.34651e-07
-13.2 1.37203 -8.20841e-07
-12 1.37203 -9.16119e-07
-10.8 1.37203 -1.21937e-06
-9.6 1.37203 -9.7062e-07
-8.4 1.37203 5.2023e-07
-7.2 1.37203 1.72281e-06
-6 1.37203 -1.0256e-06
-4.8 1.37203 -7.84503e-06
-3.6 1.37203 -9.05057e-06
-2.4 1.37203 8.95282e-06
-1.2 1.37203 4.27557e-05
0 1.37203 6.17799e-05
1.2 1.37203 4.27535e-05
2.4 1.37203 8.95046e-06
3.6 1.37203 -9.05114e-06
4.8 1.37203 -7.84363e-06
6 1.37203 -1.02395e-06
7.2 1.37203 1.72312e-06
8.4 1.37203 5.19552e-07
9.6 1.37203 -9.70947e-07
10.8 1.37203 -1.21896e-06
12 1.37203 -9.15599e-07
13.2 1.37203 -8.20675e-07
14.4 1.37203 -9.34722e-07
15.6 1.37203 -1.0033e-06
16.8 1.37203 -9.60418e-07
18 1.37203 -8.73974e-07
19.2 1.37203 -7.83198e-07
20.4 1.37203 -6.81011e-07
21.6 1.37203 -5.60984e-07
22.8 1.37203 -4.29124e-07
24 1.37203 -2.93267e-07
25.2 1.37203 -1.64173e-07
26.4 1.37203 -6.14922e-08
27.6 1.37203 -5.03443e-09
28.8 1.37203 5.69913e-09
30 1.37203 -8.3984e-39
-30 1.42288 -8.14236e-39
-28.8 1.42288 5.52663e-09
-27.6 1.42288 -4.88782e-09
-26.4 1.42288 -5.96672e-08
-25.2 1.42288 -1.59285e-07
-24 1.42288 -2.84409e-07
-22.8 1.42288 -4.15876e-07
-21.6 1.42288 -5.43568e-07
-20.4 1.42288 -6.60381e-07
-19.2 1.42288 -7.5988e-07
-18 1.42288 -8.46724e-07
-16.8 1.42288 -9.28878e-07
-15.6 1.42288 -9.73154e-07
-14.4 1.42288 -9.13164e-07
-13.2 1.42288 -7.99677e-07
-12 1.42288 -8.72556e-07
-10.8 1.42288 -1.15933e-06
-9.6 1.42288 -9.60055e-07
-8.4 1.42288 4.3022e-07
-7.2 1.42288 1.63508e-06
-6 1.42288 -8.78098e-07
-4.8 1.42288 -7.40294e-06
-3.6 1.42288 -8.71082e-06
-2.4 1.42288 8.53896e-06
-1.2 1.42288 4.13291e-05
0 1.42288 5.98781e-05
1.2 1.42288 4.1327e-05
2.4 1.42288 8.53676e-06
3.6 1.42288 -8.71133e-06
4.8 1.42288 -7.40163e-06
6 1.42288 -8.76587e-07
7.2 1.42288 1.63535e-06
8.4 1.42288 4.29607e-07
9.6 1.42288 -9.6031e-07
10.8 1.42288 -1.15892e-06
12 1.42288 -8.72072e-07
13.2 1.42288 -7.99527e-07
14.4 1.42288 -9.13225e-07
15.6 1.42288 -9.73234e-07
16.8 1.42288 -9.2898e-07
18 1.42288 -8.46905e-07
19.2 1.42288 -7.60118e-07
20.4 1.42288 -6.60616e-07
21.6 1.42288 -5.43762e-07
22.8 1.42288 -4.16015e-07
24 1.42288 -2.84488e-07
25.2 1.42288 -1.59314e-07
26.4 1.42288 -5.96649e-08
27.6 1.42288 -4.87697e-09
28.8 1.42288 5.53172e-09
30 1.42288 -8.16367e-39
-30 1.47373 -7.90114e-39
-28.8 1.47373 5.35762e-09
-27.6 1.47373 -4.73251e-09
-26.4 1.47373 -5.78335e-08
-25.2 1.47373 -1.54409e-07
-24 1.47373 -2.75625e-07
-22.8 1.47373 -4.02793e-07
-21.6 1.47373 -5.26351e-07
-20.4 1.47373 -6.39916e-07
-19.2 1.47373 -7.36769e-07
-18 1.47373 -8.1984e-07
-16.8 1.47373 -8.97628e-07
-15.6 1.47373 -9.42735e-07
-14.4 1.47373 -8.90978e-07
-13.2 1.47373 -7.78877e-07
-12 1.47373 -8.3089e-07
-10.8 1.47373 -1.10017e-06
-9.6 1.47373 -9.46399e-07
-8.4 1.47373 3.45127e-07
-7.2 1.47373 1.54727e-06
-6 1.47373 -7.38812e-07
-4.8 1.47373 -6.97124e-06
-3.6 1.47373 -8.37499e-06
-2.4 1.47373 8.12949e-06
-1.2 1.47373 3.99107e-05
0 1.47373 5.79852e-05
1.2 1.47373 3.99087e-05
2.4 1.47373 8.12744e-06
3.6 1.47373 -8.37544e-06
4.8 1.47373 -6.97002e-06
6 1.47373 -7.37435e-07
7.2 1.47373 1.54749e-06
8.4 1.47373 3.44575e-07
9.6 1.47373 -9.46589e-07
10.8 1.47373 -1.09976e-06
12 1.47373 -8.30439e-07
13.2 1.47373 -7.78742e-07
14.4 1.47373 -8.91029e-07
15.6 1.47373 -9.42806e-07
16.8 1.47373 -8.97731e-07
18 1.47373 -8.20024e-07
19.2 1.47373 -7.37006e-07
20.4 1.47373 -6.4015e-07
21.6 1.47373 -5.26545e-07
22.8 1.47373 -4.02932e-07
24 1.47373 -2.75705e-07
25.2 1.47373 -1.54438e-07
26.4 1.47373 -5.78318e-08
27.6 1.47373 -4.72197e-09
28.8 1.47373 5.36265e-09
30 1.47373 -7.92201e-39
-30 1.52458 -7.65387e-39
-28.8 1.52458 5.18732e-09
-27.6 1.52458 -4.57948e-09
-26.4 1.52458 -5.59953e-08
-25.2 1.52458 -1.49517e-07
-24 1.52458 -2.66836e-07
-22.8 1.52458 -3.89735e-07
-21.6 1.52458 -5.09146e-07
-20.4 1.52458 -6.19387e-07
-19.2 1.52458 -7.13615e-07
-18 1.52458 -7.93127e-07
-16.8 1.52458 -8.66582e-07
-15.6 1.52458 -9.11995e-07
-14.4 1.52458 -8.68085e-07
-13.2 1.52458 -7.5836e-07
-12 1.52458 -7.91085e-07
-10.8 1.52458 -1.04199e-06
-9.6 1.52458 -9.29761e-07
-8.4 1.52458 2.64987e-07
-7.2 1.52458 1.45946e-06
-6 1.52458 -6.07749e-07
-4.8 1.52458 -6.54997e-06
-3.6 1.52458 -8.04296e-06
-2.4 1.52458 7.72454e-06
-1.2 1.52458 3.85004e-05
0 1.52458 5.61007e-05
1.2 1.52458 3.84986e-05
2.4 1.52458 7.72264e-06
3.6 1.52458 -8.04336e-06
4.8 1.52458 -6.54883e-06
6 1.52458 -6.06498e-07
7.2 1.52458 1.45964e-06
8.4 1.52458 2.64494e-07
9.6 1.52458 -9.29891e-07
10.8 1.52458 -1.04158e-06
12 1.52458 -7.90667e-07
13.2 1.52458 -7.58236e-07
14.4 1.52458 -8.68126e-07
15.6 1.52458 -9.12058e-07
16.8 1.52458 -8.66687e-07
18 1.52458 -7.93313e-07
19.2 1.52458 -7.13851e-07
20.4 1.52458 -6.19618e-07
21.6 1.52458 -5.09339e-07
22.8 1.52458 -3.89874e-07
24 1.52458 -2.66917e-07
25.2 1.52458 -1.49547e-07
26.4 1.52458 -5.59942e-08
27.6 1.52458 -4.56925e-09
28.8 1.52458 5.19228e-09
30 1.52458 -7.67428e-39
-30 1.57542 -7.40153e-39
-28.8 1.57542 5.01608e-09
-27.6 1.57542 -4.42848e-09
-26.4 1.57542 -5.41534e-08
-25.2 1.57542 -1.44611e-07
-24 1.57542 -2.58039e-07
-22.8 1.57542 -3.767e-07
-21.6 1.57542 -4.91956e-07
-20.4 1.57542 -5.98798e-07
-19.2 1.57542 -6.90409e-07
-18 1.57542 -7.66568e-07
-16.8 1.57542 -8.35756e-07
-15.6 1.57542 -8.80978e-07
-14.4 1.57542 -8.44478e-07
-13.2 1.57542 -7.38042e-07
-12 1.57542 -7.53103e-07
-10.8 1.57542 -9.84882e-07
-9.6 1.57542 -9.10254e-07
-8.4 1.57542 1.89842e-07
-7.2 1.57542 1.37177e-06
-6 1.57542 -4.84918e-07
-4.8 1.57542 -6.13916e-06
-3.6 1.57542 -7.71462e-06
-2.4 1.57542 7.32428e-06
-1.2 1.57542 3.70982e-05
0 1.57542 5.42245e-05
1.2 1.57542 3.70966e-05
2.4 1.57542 7.32252e-06
3.6 1.57542 -7.71497e-06
4.8 1.57542 -6.1381e-06
6 1.57542 -4.83786e-07
7.2 1.57542 1.37192e-06
8.4 1.57542 1.89406e-07
9.6 1.57542 -9.1033e-07
10.8 1.57542 -9.84476e-07
12 1.57542 -7.52716e-07
13.2 1.57542 -7.37928e-07
14.4 1.57542 -8.44509e-07
15.6 1.57542 -8.81034e-07
16.8 1.57542 -8.35863e-07
18 1.57542 -7.66756e-07
19.2 1.57542 -6.90644e-07
20.4 1.57542 -5.99027e-07
21.6 1.57542 -4.92148e-07
22.8 1.57542 -3.76839e-07
24 1.57542 -2.58121e-07
25.2 1.57542 -1.44642e-07
26.4 1.57542 -5.41529e-08
27.6 1.57542 -4.41856e-09
28.8 1.57542 5.02097e-09
30 1.57542 -7.42149e-39
-30 1.62627 -7.1452e-39
-28.8 1.62627 4.84424e-09
-27.6 1.62627 -4.27918e-09
-26.4 1.62627 -5.23088e-08
-25.2 1.62627 -1.39691e-07
-24 1.62627 -2.49234e-07
-22.8 1.62627 -3.63685e-07
-21.6 1.62627 -4.74787e-07
-20.4 1.62627 -5.78158e-07
-19.2 1.62627 -6.67142e-07
-18 1.62627 -7.40143e-07
-16.8 1.62627 -8.05161e-07
-15.6 1.62627 -8.49729e-07
-14.4 1.62627 -8.20156e-07
-13.2 1.62627 -7.17838e-07
-12 1.62627 -7.16898e-07
-10.8 1.62627 -9.28952e-07
-9.6 1.62627 -8.87998e-07
-8.4 1.62627 1.19734e-07
-7.2 1.62627 1.28431e-06
-6 1.62627 -3.7033e-07
-4.8 1.62627 -5.73888e-06
-3.6 1.62627 -7.38984e-06
-2.4 1.62627 6.92887e-06
-1.2 1.62627 3.5704e-05
0 1.62627 5.23561e-05
1.2 1.62627 3.57024e-05
2.4 1.62627 6.92725e-06
3.6 1.62627 -7.39015e-06
4.8 1.62627 -5.7379e-06
6 1.62627 -3.69308e-07
7.2 1.62627 1.28443e-06
8.4 1.62627 1.19353e-07
9.6 1.62627 -8.88026e-07
10.8 1.62627 -9.28553e-07
12 1.62627 -7.1654e-07
13.2 1.62627 -7.17732e-07
14.4 1.62627 -8.20177e-07
15.6 1.62627 -8.49779e-07
16.8 1.62627 -8.0527e-07
18 1.62627 -7.40332e-07
19.2 1.62627 -6.67374e-07
20.4 1.62627 -5.78385e-07
21.6 1.62627 -4.74978e-07
22.8 1.62627 -3.63825e-07
24 1.62627 -2.49315e-07
25.2 1.62627 -1.39723e-07
26.4 1.62627 -5.23089e-08
27.6 1.62627 -4.26958e-09
28.8 1.62627 4.84905e-09
30 1.62627 -7.16469e-39
-30 1.67712 -6.88596e-39
-28.8 1.67712 4.67208e-09
-27.6 1.67712 -4.13121e-09
-26.4 1.67712 -5.04622e-08
-25.2 1.67712 -1.3476e-07
-24 1.67712 -2.40418e-07
-22.8 1.67712 -3.50688e-07
-21.6 1.67712 -4.57641e-07
-20.4 1.67712 -5.57474e-07
-19.2 1.67712 -6.43806e-07
-18 1.67712 -7.13832e-07
-16.8 1.67712 -7.74807e-07
-15.6 1.67712 -8.18295e-07
-14.4 1.67712 -7.95122e-07
-13.2 1.67712 -6.97663e-07
-12 1.67712 -6.82417e-07
-10.8 1.67712 -8.74301e-07
-9.6 1.67712 -8.63123e-07
-8.4 1.67712 5.47098e-08
-7.2 1.67712 1.19722e-06
-6 1.67712 -2.63998e-07
-4.8 1.67712 -5.3492e-06
-3.6 1.67712 -7.06852e-06
-2.4 1.67712 6.5385e-06
-1.2 1.67712 3.43176e-05
0 1.67712 5.04954e-05
1.2 1.67712 3.43162e-05
2.4 1.67712 6.53701e-06
3.6 1.67712 -7.06879e-06
4.8 1.67712 -5.3483e-06
6 1.67712 -2.63079e-07
7.2 1.67712 1.19731e-06
8.4 1.67712 5.43806e-08
9.6 1.67712 -8.63108e-07
10.8 1.67712 -8.73912e-07
12 1.67712 -6.82087e-07
13.2 1.67712 -6.97563e-07
14.4 1.67712 -7.95135e-07
15.6 1.67712 -8.1834e-07
16.8 1.67712 -7.74917e-07
18 1.67712 -7.14021e-07
19.2 1.67712 -6.44035e-07
20.4 1.67712 -5.57697e-07
21.6 1.67712 -4.57831e-07
22.8 1.67712 -3.50827e-07
24 1.67712 -2.40499e-07
25.2 1.67712 -1.34791e-07
26.4 1.67712 -5.04628e-08
27.6 1.67712 -4.12192e-09
28.8 1.67712 4.67681e-09
30 1.67712 -6.90497e-39
-30 1.72797 -6.62487e-39
-28.8 1.72797 4.49984e-09
-27.6 1.72797 -3.98415e-09
-26.4 1.72797 -4.86141e-08
-25.2 1.72797 -1.29817e-07
-24 1.72797 -2.3159e-07
-22.8 1.72797 -3.37706e-07
-21.6 1.72797 -4.40522e-07
-20.4 1.72797 -5.36754e-07
-19.2 1.72797 -6.20397e-07
-18 1.72797 -6.87613e-07
-16.8 1.72797 -7.44697e-07
-15.6 1.72797 -7.86723e-07
-14.4 1.72797 -7.69386e-07
-13.2 1.72797 -6.77431e-07
-12 1.72797 -6.49601e-07
-10.8 1.72797 -8.21033e-07
-9.6 1.72797 -8.35769e-07
-8.4 1.72797 -5.18504e-09
-7.2 1.72797 1.11064e-06
-6 1.72797 -1.65935e-07
-4.8 1.72797 -4.97021e-06
-3.6 1.72797 -6.75054e-06
-2.4 1.72797 6.15337e-06
-1.2 1.72797 3.2939e-05
0 1.72797 4.86419e-05
1.2 1.72797 3.29376e-05
2.4 1.72797 6.15201e-06
3.6 1.72797 -6.75077e-06
4.8 1.72797 -4.96938e-06
6 1.72797 -1.65113e-07
7.2 1.72797 1.11071e-06
8.4 1.72797 -5.46493e-09
9.6 1.72797 -8.35716e-07
10.8 1.72797 -8.20656e-07
12 1.72797 -6.49296e-07
13.2 1.72797 -6.77336e-07
14.4 1.72797 -7.6939e-07
15.6 1.72797 -7.86765e-07
16.8 1.72797 -7.44808e-07
18 1.72797 -6.87801e-07
19.2 1.72797 -6.20623e-07
20.4 1.72797 -5.36974e-07
21.6 1.72797 -4.4071e-07
22.8 1.72797 -3.37844e-07
24 1.72797 -2.31672e-07
25.2 1.72797 -1.2985e-07
26.4 1.72797 -4.86152e-08
27.6 1.72797 -3.97517e-09
28.8 1.72797 4.50448e-09
30 1.72797 -6.6434e-39
-30 1.77881 -6.36293e-39
-28.8 1.77881 4.3277e-09
-27.6 1.77881 -3.83759e-09
-26.4 1.77881 -4.6765e-08
-25.2 1.77881 -1.24866e-07
-24 1.77881 -2.22751e-07
-22.8 1.77881 -3.24735e-07
-21.6 1.77881 -4.23431e-07
-20.4 1.77881 -5.16007e-07
-19.2 1.77881 -5.9691e-07
-18 1.77881 -6.61464e-07
-16.8 1.77881 -7.14835e-07
-15.6 1.77881 -7.55063e-07
-14.4 1.77881 -7.42962e-07
-13.2 1.77881 -6.57054e-07
-12 1.77881 -6.18382e-07
-10.8 1.77881 -7.69252e-07
-9.6 1.77881 -8.06085e-07
-8.4 1.77881 -5.99029e-08
-7.2 1.77881 1.02473e-06
-6 1.77881 -7.61584e-08
-4.8 1.77881 -4.60202e-06
-3.6 1.77881 -6.43577e-06
-2.4 1.77881 5.77371e-06
-1.2 1.77881 3.1568e-05
0 1.77881 4.67953e-05
1.2 1.77881 3.15667e-05
2.4 1.77881 5.77246e-06
3.6 1.77881 -6.43597e-06
4.8 1.77881 -4.60125e-06
6 1.77881 -7.54252e-08
7.2 1.77881 1.02478e-06
8.4 1.77881 -6.01362e-08
9.6 1.77881 -8.06e-07
10.8 1.77881 -7.68888e-07
12 1.77881 -6.18101e-07
13.2 1.77881 -6.56963e-07
14.4 1.77881 -7.42958e-07
15.6 1.77881 -7.55102e-07
16.8 1.77881 -7.14947e-07
18 1.77881 -6.61651e-07
19.2 1.77881 -5.97132e-07
20.4 1.77881 -5.16223e-07
21.6 1.77881 -4.23616e-07
22.8 1.77881 -3.24872e-07
24 1.77881 -2.22832e-07
25.2 1.77881 -1.24899e-07
26.4 1.77881 -4.67665e-08
27.6 1.77881 -3.82892e-09
28.8 1.77881 4.33224e-09
30 1.77881 -6.38096e-39
-30 1.82966 -6.10099e-39
-28.8 1.82966 4.15575e-09
-27.6 1.82966 -3.69113e-09
-26.4 1.82966 -4.49151e-08
-25.2 1.82966 -1.19907e-07
-24 1.82966 -2.139e-07
-22.8 1.82966 -3.11771e-07
-21.6 1.82966 -4.06369e-07
-20.4 1.82966 -4.95241e-07
-19.2 1.82966 -5.73345e-07
-18 1.82966 -6.35363e-07
-16.8 1.82966 -6.85218e-07
-15.6 1.82966 -7.23362e-07
-14.4 1.82966 -7.1587e-07
-13.2 1.82966 -6.36447e-07
-12 1.82966 -5.88683e-07
-10.8 1.82966 -7.1906e-07
-9.6 1.82966 -7.74233e-07
-8.4 1.82966 -1.09396e-07
-7.2 1.82966 9.39648e-07
-6 1.82966 5.31779e-09
-4.8 1.82966 -4.24475e-06
-3.6 1.82966 -6.12411e-06
-2.4 1.82966 5.39974e-06
-1.2 1.82966 3.02045e-05
0 1.82966 4.49553e-05
1.2 1.82966 3.02034e-05
2.4 1.82966 5.39861e-06
3.6 1.82966 -6.12427e-06
4.8 1.82966 -4.24405e-06
6 1.82966 5.96842e-09
7.2 1.82966 9.39687e-07
8.4 1.82966 -1.09586e-07
9.6 1.82966 -7.7412e-07
10.8 1.82966 -7.18711e-07
12 1.82966 -5.88424e-07
13.2 1.82966 -6.36359e-07
14.4 1.82966 -7.1586e-07
15.6 1.82966 -7.23398e-07
16.8 1.82966 -6.85331e-07
18 1.82966 -6.35548e-07
19.2 1.82966 -5.73562e-07
20.4 1.82966 -4.95454e-07
21.6 1.82966 -4.06552e-07
22.8 1.82966 -3.11906e-07
24 1.82966 -2.1398e-07
25.2 1.82966 -1.1994e-07
26.4 1.82966 -4.4917e-08
27.6 1.82966 -3.68278e-09
28.8 1.82966 4.16019e-09
30 1.82966 -6.11851e-39
-30 1.88051 -5.83977e-39
-28.8 1.88051 3.98404e-09
-27.6 1.88051 -3.5444e-09
-26.4 1.88051 -4.30645e-08
-25.2 1.88051 -1.14942e-07
-24 1.88051 -2.05036e-07
-22.8 1.88051 -2.98812e-07
-21.6 1.88051 -3.89337e-07
-20.4 1.88051 -4.74467e-07
-19.2 1.88051 -5.49701e-07
-18 1.88051 -6.09288e-07
-16.8 1.88051 -6.5584e-07
-15.6 1.88051 -6.91669e-07
-14.4 1.88051 -6.8814e-07
-13.2 1.88051 -6.15525e-07
-12 1.88051 -5.60417e-07
-10.8 1.88051 -6.70558e-07
-9.6 1.88051 -7.40389e-07
-8.4 1.88051 -1.53619e-07
-7.2 1.88051 8.55603e-07
-6 1.88051 7.84788e-08
-4.8 1.88051 -3.89855e-06
-3.6 1.88051 -5.81544e-06
-2.4 1.88051 5.03175e-06
-1.2 1.88051 2.88486e-05
0 1.88051 4.31214e-05
1.2 1.88051 2.88475e-05
2.4 1.88051 5.03071e-06
3.6 1.88051 -5.81558e-06
4.8 1.88051 -3.89791e-06
6 1.88051 7.90532e-08
7.2 1.88051 8.55631e-07
8.4 1.88051 -1.53768e-07
9.6 1.88051 -7.40253e-07
10.8 1.88051 -6.70225e-07
12 1.88051 -5.60177e-07
13.2 1.88051 -6.15439e-07
14.4 1.88051 -6.88123e-07
15.6 1.88051 -6.91703e-07
16.8 1.88051 -6.55953e-07
18 1.88051 -6.0947e-07
19.2 1.88051 -5.49914e-07
20.4 1.88051 -4.74676e-07
21.6 1.88051 -3.89516e-07
22.8 1.88051 -2.98945e-07
24 1.88051 -2.05116e-07
25.2 1.88051 -1.14974e-07
26.4 1.88051 -4.30667e-08
27.6 1.88051 -3.53636e-09
28.8 1.88051 3.98837e-09
30 1.88051 -5.85676e-39
-30 1.93136 -5.57976e-39
-28.8 1.93136 3.81254e-09
-27.6 1.93136 -3.39709e-09
-26.4 1.93136 -4.1213e-08
-25.2 1.93136 -1.09971e-07
-24 1.93136 -1.96161e-07
-22.8 1.93136 -2.85854e-07
-21.6 1.93136 -3.72332e-07
-20.4 1.93136 -4.53692e-07
-19.2 1.93136 -5.25983e-07
-18 1.93136 -5.83217e-07
-16.8 1.93136 -6.2669e-07
-15.6 1.93136 -6.6003e-07
-14.4 1.93136 -6.59807e-07
-13.2 1.93136 -5.94205e-07
-12 1.93136 -5.33485e-07
-10.8 1.93136 -6.23845e-07
-9.6 1.93136 -7.04741e-07
-8.4 1.93136 -1.92527e-07
-7.2 1.93136 7.728e-07
-6 1.93136 1.43312e-07
-4.8 1.93136 -3.5636e-06
-3.6 1.93136 -5.50966e-06
-2.4 1.93136 4.67001e-06
-1.2 1.93136 2.74999e-05
0 1.93136 4.12933e-05
1.2 1.93136 2.74989e-05
2.4 1.93136 4.66907e-06
3.6 1.93136 -5.50977e-06
4.8 1.93136 -3.56302e-06
6 1.93136 1.43817e-07
7.2 1.93136 7.7282e-07
8.4 1.93136 -1.92638e-07
9.6 1.93136 -7.04587e-07
10.8 1.93136 -6.23528e-07
12 1.93136 -5.33264e-07
13.2 1.93136 -5.94119e-07
14.4 1.93136 -6.59785e-07
15.6 1.93136 -6.60063e-07
16.8 1.93136 -6.26802e-07
18 1.93136 -5.83396e-07
19.2 1.93136 -5.26191e-07
20.4 1.93136 -4.53896e-07
21.6 1.93136 -3.72508e-07
22.8 1.93136 -2.85985e-07
24 1.93136 -1.9624e-07
25.2 1.93136 -1.10004e-07
26.4 1.93136 -4.12155e-08
27.6 1.93136 -3.38936e-09
28.8 1.93136 3.81676e-09
30 1.93136 -5.59622e-39
-30 1.9822 -5.32126e-39
-28.8 1.9822 3.64119e-09
-27.6 1.9822 -3.24897e-09
-26.4 1.9822 -3.93604e-08
-25.2 1.9822 -1.04997e-07
-24 1.9822 -1.87276e-07
-22.8 1.9822 -2.72894e-07
-21.6 1.9822 -3.55352e-07
-20.4 1.9822 -4.32924e-07
-19.2 1.9822 -5.02194e-07
-18 1.9822 -5.5713e-07
-16.8 1.9822 -5.97753e-07
-15.6 1.9822 -6.28491e-07
-14.4 1.9822 -6.30913e-07
-13.2 1.9822 -5.72407e-07
-12 1.9822 -5.07779e-07
-10.8 1.9822 -5.79014e-07
-9.6 1.9822 -6.67498e-07
-8.4 1.9822 -2.2608e-07
-7.2 1.9822 6.91474e-07
-6 1.9822 1.99809e-07
-4.8 1.9822 -3.2401e-06
-3.6 1.9822 -5.20665e-06
-2.4 1.9822 4.31485e-06
-1.2 1.9822 2.61586e-05
0 1.9822 3.94704e-05
1.2 1.9822 2.61577e-05
2.4 1.9822 4.31401e-06
3.6 1.9822 -5.20673e-06
4.8 1.9822 -3.23958e-06
6 1.9822 2.00249e-07
7.2 1.9822 6.91489e-07
8.4 1.9822 -2.26156e-07
9.6 1.9822 -6.67329e-07
10.8 1.9822 -5.78714e-07
12 1.9822 -5.07575e-07
13.2 1.9822 -5.72322e-07
14.4 1.9822 -6.30886e-07
15.6 1.9822 -6.28522e-07
16.8 1.9822 -5.97865e-07
18 1.9822 -5.57305e-07
19.2 1.9822 -5.02397e-07
20.4 1.9822 -4.33123e-07
21.6 1.9822 -3.55525e-07
22.8 1.9822 -2.73023e-07
24 1.9822 -1.87353e-07
25.2 1.9822 -1.05029e-07
26.4 1.9822 -3.93632e-08
27.6 1.9822 -3.24155e-09
28.8 1.9822 3.64529e-09
30 1.9822 -5.33716e-39
-30 2.03305 -5.06434e-39
-28.8 2.03305 3.46988e-09
-27.6 2.03305 -3.09988e-09
-26.4 2.03305 -3.75065e-08
-25.2 2.03305 -1.0002e-07
-24 2.03305 -1.78382e-07
-22.8 2.03305 -2.59931e-07
-21.6 2.03305 -3.38396e-07
-20.4 2.03305 -4.1217e-07
-19.2 2.03305 -4.78343e-07
-18 2.03305 -5.31008e-07
-16.8 2.03305 -5.6901e-07
-15.6 2.03305 -5.97091e-07
-14.4 2.03305 -6.01511e-07
-13.2 2.03305 -5.50058e-07
-12 2.03305 -4.83175e-07
-10.8 2.03305 -5.36153e-07
-9.6 2.03305 -6.28884e-07
-8.4 2.03305 -2.54246e-07
-7.2 2.03305 6.11885e-07
-6 2.03305 2.47966e-07
-4.8 2.03305 -2.9283e-06
-3.6 2.03305 -4.90631e-06
-2.4 2.03305 3.96664e-06
-1.2 2.03305 2.48244e-05
0 2.03305 3.76523e-05
1.2 2.03305 2.48235e-05
2.4 2.03305 3.96589e-06
3.6 2.03305 -4.90637e-06
4.8 2.03305 -2.92783e-06
6 2.03305 2.48349e-07
7.2 2.03305 6.11897e-07
8.4 2.03305 -2.5429e-07
9.6 2.03305 -6.28704e-07
10.8 2.03305 -5.35871e-07
12 2.03305 -4.82986e-07
13.2 2.03305 -5.49973e-07
14.4 2.03305 -6.01481e-07
15.6 2.03305 -5.97122e-07
16.8 2.03305 -5.6912e-07
18 2.03305 -5.31178e-07
19.2 2.03305 -4.7854e-07
20.4 2.03305 -4.12364e-07
21.6 2.03305 -3.38564e-07
22.8 2.03305 -2.60056e-07
24 2.03305 -1.78458e-07
25.2 2.03305 -1.00051e-07
26.4 2.03305 -3.75096e-08
27.6 2.03305 -3.09278e-09
28.8 2.03305 3.47384e-09
30 2.03305 -5.07967e-39
-30 2.0839 -4.80888e-39
-28.8 2.0839 3.29846e-09
-27.6 2.0839 -2.94977e-09
-26.4 2.0839 -3.56509e-08
-25.2 2.0839 -9.50403e-08
-24 2.0839 -1.69481e-07
-22.8 2.0839 -2.46961e-07
-21.6 2.0839 -3.21458e-07
-20.4 2.0839 -3.91437e-07
-19.2 2.0839 -4.54439e-07
-18 2.0839 -5.04835e-07
-16.8 2.0839 -5.40437e-07
-15.6 2.0839 -5.65869e-07
-14.4 2.0839 -5.7166e-07
-13.2 2.0839 -5.27091e-07
-12 2.0839 -4.59538e-07
-10.8 2.0839 -4.95339e-07
-9.6 2.0839 -5.89144e-07
-8.4 2.0839 -2.76999e-07
-7.2 2.0839 5.34321e-07
-6 2.0839 2.8779e-07
-4.8 2.0839 -2.62845e-06
-3.6 2.0839 -4.60855e-06
-2.4 2.0839 3.62577e-06
-1.2 2.0839 2.34973e-05
0 2.0839 3.58384e-05
1.2 2.0839 2.34965e-05
2.4 2.0839 3.6251e-06
3.6 2.0839 -4.6086e-06
4.8 2.0839 -2.62803e-06
6 2.0839 2.8812e-07
7.2 2.0839 5.34332e-07
8.4 2.0839 -2.77015e-07
9.6 2.0839 -5.88957e-07
10.8 2.0839 -4.95075e-07
12 2.0839 -4.59363e-07
13.2 2.0839 -5.27005e-07
14.4 2.0839 -5.71627e-07
15.6 2.0839 -5.659e-07
16.8 2.0839 -5.40545e-07
18 2.0839 -5.05e-07
19.2 2.0839 -4.5463e-07
20.4 2.0839 -3.91625e-07
21.6 2.0839 -3.21622e-07
22.8 2.0839 -2.47083e-07
24 2.0839 -1.69555e-07
25.2 2.0839 -9.50715e-08
26.4 2.0839 -3.56541e-08
27.6 2.0839 -2.94299e-09
28.8 2.0839 3.30228e-09
30 2.0839 -4.82362e-39
-30 2.13475 -4.55459e-39
-28.8 2.13475 3.12682e-09
-27.6 2.13475 -2.79867e-09
-26.4 2.13475 -3.37931e-08
-25.2 2.13475 -9.00589e-08
-24 2.13475 -1.60574e-07
-22.8 2.13475 -2.33984e-07
-21.6 2.13475 -3.04535e-07
-20.4 2.13475 -3.70727e-07
-19.2 2.13475 -4.30493e-07
-18 2.13475 -4.78597e-07
-16.8 2.13475 -5.12005e-07
-15.6 2.13475 -5.34857e-07
-14.4 2.13475 -5.41427e-07
-13.2 2.13475 -5.03446e-07
-12 2.13475 -4.36717e-07
-10.8 2.13475 -4.56639e-07
-9.6 2.13475 -5.48546e-07
-8.4 2.13475 -2.94329e-07
-7.2 2.13475 4.59104e-07
-6 2.13475 3.19298e-07
-4.8 2.13475 -2.34088e-06
-3.6 2.13475 -4.31329e-06
-2.4 2.13475 3.29269e-06
-1.2 2.13475 2.21772e-05
0 2.13475 3.40282e-05
1.2 2.13475 2.21765e-05
2.4 2.13475 3.2921e-06
3.6 2.13475 -4.31333e-06
4.8 2.13475 -2.34051e-06
6 2.13475 3.1958e-07
7.2 2.13475 4.59115e-07
8.4 2.13475 -2.9432e-07
9.6 2.13475 -5.48355e-07
10.8 2.13475 -4.56393e-07
12 2.13475 -4.36554e-07
13.2 2.13475 -5.0336e-07
14.4 2.13475 -5.41392e-07
15.6 2.13475 -5.34888e-07
16.8 2.13475 -5.1211e-07
18 2.13475 -4.78757e-07
19.2 2.13475 -4.30677e-07
20.4 2.13475 -3.7091e-07
21.6 2.13475 -3.04693e-07
22.8 2.13475 -2.34102e-07
24 2.13475 -1.60645e-07
25.2 2.13475 -9.00895e-08
26.4 2.13475 -3.37965e-08
27.6 2.13475 -2.79222e-09
28.8 2.13475 3.1305e-09
30 2.13475 -4.56871e-39
-30 2.18559 -4.30106e-39
-28.8 2.18559 2.95485e-09
-27.6 2.18559 -2.64669e-09
-26.4 2.18559 -3.1933e-08
-25.2 2.18559 -8.50759e-08
-24 2.18559 -1.51662e-07
-22.8 2.18559 -2.21e-07
-21.6 2.18559 -2.87621e-07
-20.4 2.18559 -3.50045e-07
-19.2 2.18559 -4.06516e-07
-18 2.18559 -4.52286e-07
-16.8 2.18559 -4.83683e-07
-15.6 2.18559 -5.04078e-07
-14.4 2.18559 -5.1089e-07
-13.2 2.18559 -4.79078e-07
-12 2.18559 -4.14548e-07
-10.8 2.18559 -4.20103e-07
-9.6 2.18559 -5.07378e-07
-8.4 2.18559 -3.06243e-07
-7.2 2.18559 3.86589e-07
-6 2.18559 3.42526e-07
-4.8 2.18559 -2.06595e-06
-3.6 2.18559 -4.02046e-06
-2.4 2.18559 2.96792e-06
-1.2 2.18559 2.0864e-05
0 2.18559 3.22211e-05
1.2 2.18559 2.08634e-05
2.4 2.18559 2.96739e-06
3.6 2.18559 -4.02048e-06
4.8 2.18559 -2.06562e-06
6 2.18559 3.42765e-07
7.2 2.18559 3.86603e-07
8.4 2.18559 -3.06212e-07
9.6 2.18559 -5.07187e-07
10.8 2.18559 -4.19875e-07
12 2.18559 -4.14396e-07
13.2 2.18559 -4.78992e-07
14.4 2.18559 -5.10854e-07
15.6 2.18559 -5.04108e-07
16.8 2.18559 -4.83785e-07
18 2.18559 -4.5244e-07
19.2 2.18559 -4.06693e-07
20.4 2.18559 -3.50221e-07
21.6 2.18559 -2.87774e-07
22.8 2.18559 -2.21114e-07
24 2.18559 -1.51732e-07
25.2 2.18559 -8.51057e-08
26.4 2.18559 -3.19365e-08
27.6 2.18559 -2.64056e-09
28.8 2.18559 2.95837e-09
30 2.18559 -4.31455e-39
-30 2.23644 -4.04785e-39
-28.8 2.23644 2.78247e-09
-27.6 2.23644 -2.49399e-09
-26.4 2.23644 -3.00702e-08
-25.2 2.23644 -8.0091e-08
-24 2.23644 -1.42748e-07
-22.8 2.23644 -2.08008e-07
-21.6 2.23644 -2.70713e-07
-20.4 2.23644 -3.29389e-07
-19.2 2.23644 -3.82522e-07
-18 2.23644 -4.25896e-07
-16.8 2.23644 -4.55437e-07
-15.6 2.23644 -4.73547e-07
-14.4 2.23644 -4.80129e-07
-13.2 2.23644 -4.53955e-07
-12 2.23644 -3.92853e-07
-10.8 2.23644 -3.8576e-07
-9.6 2.23644 -4.65959e-07
-8.4 2.23644 -3.12773e-07
-7.2 2.23644 3.17175e-07
-6 2.23644 3.57532e-07
-4.8 2.23644 -1.80408e-06
-3.6 2.23644 -3.73e-06
-2.4 2.23644 2.65201e-06
-1.2 2.23644 1.95576e-05
0 2.23644 3.04163e-05
1.2 2.23644 1.95571e-05
2.4 2.23644 2.65155e-06
3.6 2.23644 -3.73001e-06
4.8 2.23644 -1.8038e-06
6 2.23644 3.57734e-07
7.2 2.23644 3.17192e-07
8.4 2.23644 -3.12723e-07
9.6 2.23644 -4.6577e-07
10.8 2.23644 -3.8555e-07
12 2.23644 -3.92711e-07
13.2 2.23644 -4.5387e-07
14.4 2.23644 -4.80093e-07
15.6 2.23644 -4.73578e-07
16.8 2.23644 -4.55536e-07
18 2.23644 -4.26044e-07
19.2 2.23644 -3.82692e-07
20.4 2.23644 -3.29559e-07
21.6 2.23644 -2.7086e-07
22.8 2.23644 -2.08118e-07
24 2.23644 -1.42816e-07
25.2 2.23644 -8.01201e-08
26.4 2.23644 -3.00738e-08
27.6 2.23644 -2.48819e-09
28.8 2.23644 2.78583e-09
30 2.23644 -4.06069e-39
-30 2.28729 -3.79456e-39
-28.8 2.28729 2.60966e-09
-27.6 2.28729 -2.34075e-09
-26.4 2.28729 -2.82048e-08
-25.2 2.28729 -7.51041e-08
-24 2.28729 -1.33833e-07
-22.8 2.28729 -1.9501e-07
-21.6 2.28729 -2.53806e-07
-20.4 2.28729 -3.0876e-07
-19.2 2.28729 -3.58523e-07
-18 2.28729 -3.99428e-07
-16.8 2.28729 -4.27231e-07
-15.6 2.28729 -4.43271e-07
-14.4 2.28729 -4.49233e-07
-13.2 2.28729 -4.28064e-07
-12 2.28729 -3.71441e-07
-10.8 2.28729 -3.53613e-07
-9.6 2.28729 -4.24628e-07
-8.4 2.28729 -3.13981e-07
-7.2 2.28729 2.51302e-07
-6 2.28729 3.64408e-07
-4.8 2.28729 -1.55577e-06
-3.6 2.28729 -3.44189e-06
-2.4 2.28729 2.34563e-06
-1.2 2.28729 1.82581e-05
0 2.28729 2.8613e-05
1.2 2.28729 1.82576e-05
2.4 2.28729 2.34523e-06
3.6 2.28729 -3.44189e-06
4.8 2.28729 -1.55552e-06
6 2.28729 3.64577e-07
7.2 2.28729 2.51322e-07
8.4 2.28729 -3.13915e-07
9.6 2.28729 -4.24444e-07
10.8 2.28729 -3.53419e-07
12 2.28729 -3.71307e-07
13.2 2.28729 -4.2798e-07
14.4 2.28729 -4.49197e-07
15.6 2.28729 -4.43301e-07
16.8 2.28729 -4.27326e-07
18 2.28729 -3.99569e-07
19.2 2.28729 -3.58686e-07
20.4 2.28729 -3.08922e-07
21.6 2.28729 -2.53947e-07
22.8 2.28729 -1.95116e-07
24 2.28729 -1.33898e-07
25.2 2.28729 -7.51322e-08
26.4 2.28729 -2.82084e-08
27.6 2.28729 -2.3353e-09
28.8 2.28729 2.61285e-09
30 2.28729 -3.80672e-39
-30 2.33814 -3.54086e-39
-28.8 2.33814 2.43643e-09
-27.6 2.33814 -2.18716e-09
-26.4 2.33814 -2.63367e-08
-25.2 2.33814 -7.01148e-08
-24 2.33814 -1.24917e-07
-22.8 2.33814 -1.82008e-07
-21.6 2.33814 -2.36897e-07
-20.4 2.33814 -2.88152e-07
-19.2 2.33814 -3.34531e-07
-18 2.33814 -3.72888e-07
-16.8 2.33814 -3.99031e-07
-15.6 2.33814 -4.13242e-07
-14.4 2.33814 -4.18292e-07
-13.2 2.33814 -4.01414e-07
-12 2.33814 -3.50109e-07
-10.8 2.33814 -3.23629e-07
-9.6 2.33814 -3.83752e-07
-8.4 2.33814 -3.09974e-07
-7.2 2.33814 1.89461e-07
-6 2.33814 3.63289e-07
-4.8 2.33814 -1.32156e-06
-3.6 2.33814 -3.15614e-06
-2.4 2.33814 2.04952e-06
-1.2 2.33814 1.69653e-05
0 2.33814 2.68103e-05
1.2 2.33814 1.69649e-05
2.4 2.33814 2.04918e-06
3.6 2.33814 -3.15614e-06
4.8 2.33814 -1.32135e-06
6 2.33814 3.63429e-07
7.2 2.33814 1.89486e-07
8.4 2.33814 -3.09896e-07
9.6 2.33814 -3.83576e-07
10.8 2.33814 -3.23451e-07
12 2.33814 -3.49984e-07
13.2 2.33814 -4.01332e-07
14.4 2.33814 -4.18257e-07
15.6 2.33814 -4.13271e-07
16.8 2.33814 -3.99122e-07
18 2.33814 -3.73022e-07
19.2 2.33814 -3.34686e-07
20.4 2.33814 -2.88307e-07
21.6 2.33814 -2.37031e-07
22.8 2.33814 -1.82109e-07
24 2.33814 -1.24979e-07
25.2 2.33814 -7.01418e-08
26.4 2.33814 -2.63403e-08
27.6 2.33814 -2.18205e-09
28.8 2.33814 2.43945e-09
30 2.33814 -3.55233e-39
-30 2.38898 -3.2866e-39
-28.8 2.38898 2.26285e-09
-27.6 2.38898 -2.03337e-09
-26.4 2.38898 -2.44662e-08
-25.2 2.38898 -6.51227e-08
-24 2.38898 -1.16002e-07
-22.8 2.38898 -1.69003e-07
-21.6 2.38898 -2.19983e-07
-20.4 2.38898 -2.67562e-07
-19.2 2.38898 -3.10556e-07
-18 2.38898 -3.46284e-07
-16.8 2.38898 -3.70804e-07
-15.6 2.38898 -3.8344e-07
-14.4 2.38898 -3.87394e-07
-13.2 2.38898 -3.7404e-07
-12 2.38898 -3.28649e-07
-10.8 2.38898 -2.95734e-07
-9.6 2.38898 -3.43724e-07
-8.4 2.38898 -3.00914e-07
-7.2 2.38898 1.32196e-07
-6 2.38898 3.5437e-07
-4.8 2.38898 -1.10211e-06
-3.6 2.38898 -2.87281e-06
-2.4 2.38898 1.76456e-06
-1.2 2.38898 1.56792e-05
0 2.38898 2.50072e-05
1.2 2.38898 1.56789e-05
2.4 2.38898 1.76427e-06
3.6 2.38898 -2.8728e-06
4.8 2.38898 -1.10193e-06
6 2.38898 3.54485e-07
7.2 2.38898 1.32226e-07
8.4 2.38898 -3.00827e-07
9.6 2.38898 -3.43557e-07
10.8 2.38898 -2.95572e-07
12 2.38898 -3.28532e-07
13.2 2.38898 -3.7396e-07
14.4 2.38898 -3.87361e-07
15.6 2.38898 -3.83469e-07
16.8 2.38898 -3.7089e-07
18 2.38898 -3.46411e-07
19.2 2.38898 -3.10703e-07
20.4 2.38898 -2.67708e-07
21.6 2.38898 -2.20111e-07
22.8 2.38898 -1.69099e-07
24 2.38898 -1.16061e-07
25.2 2.38898 -6.51485e-08
26.4 2.38898 -2.44697e-08
27.6 2.38898 -2.0286e-09
28.8 2.38898 2.26568e-09
30 2.38898 -3.29735e-39
-30 2.43983 -3.03174e-39
-28.8 2.43983 2.08898e-09
-27.6 2.43983 -1.87947e-09
-26.4 2.43983 -2.25935e-08
-25.2 2.43983 -6.01276e-08
-24 2.43983 -1.07086e-07
-22.8 2.43983 -1.55997e-07
-21.6 2.43983 -2.03065e-07
-20.4 2.43983 -2.46983e-07
-19.2 2.43983 -2.86603e-07
-18 2.43983 -3.19634e-07
-16.8 2.43983 -3.42524e-07
-15.6 2.43983 -3.53834e-07
-14.4 2.43983 -3.56624e-07
-13.2 2.43983 -3.46006e-07
-12 2.43983 -3.06854e-07
-10.8 2.43983 -2.69804e-07
-9.6 2.43983 -3.04954e-07
-8.4 2.43983 -2.87035e-07
-7.2 2.43983 8.01065e-08
-6 2.43983 3.37926e-07
-4.8 2.43983 -8.98179e-07
-3.6 2.43983 -2.59202e-06
-2.4 2.43983 1.49173e-06
-1.2 2.43983 1.43999e-05
0 2.43983 2.32026e-05
1.2 2.43983 1.43996e-05
2.4 2.43983 1.49149e-06
3.6 2.43983 -2.592e-06
4.8 2.43983 -8.9803e-07
6 2.43983 3.3802e-07
7.2 2.43983 8.0141e-08
8.4 2.43983 -2.86943e-07
9.6 2.43983 -3.04796e-07
10.8 2.43983 -2.69657e-07
12 2.43983 -3.06743e-07
13.2 2.43983 -3.45928e-07
14.4 2.43983 -3.56593e-07
15.6 2.43983 -3.53861e-07
16.8 2.43983 -3.42605e-07
18 2.43983 -3.19753e-07
19.2 2.43983 -2.86741e-07
20.4 2.43983 -2.4712e-07
21.6 2.43983 -2.03184e-07
22.8 2.43983 -1.56087e-07
24 2.43983 -1.07141e-07
25.2 2.43983 -6.01521e-08
26.4 2.43983 -2.2597e-08
27.6 2.43983 -1.87505e-09
28.8 2.43983 2.09163e-09
30 2.43983 -3.04176e-39
-30 2.49068 -2.7764e-39
-28.8 2.49068 1.9149e-09
-27.6 2.49068 -1.72549e-09
-26.4 2.49068 -2.0719e-08
-25.2 2.49068 -5.51294e-08
-24 2.49068 -9.81694e-08
-22.8 2.49068 -1.42992e-07
-21.6 2.49068 -1.86141e-07
-20.4 2.49068 -2.26409e-07
-19.2 2.49068 -2.62675e-07
-18 2.49068 -2.92953e-07
-16.8 2.49068 -3.14172e-07
-15.6 2.49068 -3.24377e-07
-14.4 2.49068 -3.26054e-07
-13.2 2.49068 -3.17408e-07
-12 2.49068 -2.84524e-07
-10.8 2.49068 -2.45651e-07
-9.6 2.49068 -2.6786e-07
-8.4 2.49068 -2.68666e-07
-7.2 2.49068 3.38481e-08
-6 2.49068 3.14343e-07
-4.8 2.49068 -7.10632e-07
-3.6 2.49068 -2.31398e-06
-2.4 2.49068 1.23224e-06
-1.2 2.49068 1.31273e-05
0 2.49068 2.1395e-05
1.2 2.49068 1.3127e-05
2.4 2.49068 1.23204e-06
3.6 2.49068 -2.31396e-06
4.8 2.49068 -7.10509e-07
6 2.49068 3.1442e-07
7.2 2.49068 3.38869e-08
8.4 2.49068 -2.68571e-07
9.6 2.49068 -2.67715e-07
10.8 2.49068 -2.45517e-07
12 2.49068 -2.8442e-07
13.2 2.49068 -3.17334e-07
14.4 2.49068 -3.26024e-07
15.6 2.49068 -3.24403e-07
16.8 2.49068 -3.14247e-07
18 2.49068 -2.93064e-07
19.2 2.49068 -2.62804e-07
20.4 2.49068 -2.26538e-07
21.6 2.49068 -1.86253e-07
22.8 2.49068 -1.43077e-07
24 2.49068 -9.82216e-08
25.2 2.49068 -5.51525e-08
26.4 2.49068 -2.07224e-08
27.6 2.49068 -1.72142e-09
28.8 2.49068 1.91735e-09
30 2.49068 -2.78567e-39
-30 2.54153 -2.52077e-39
-28.8 2.54153 1.74065e-09
-27.6 2.54153 -1.57141e-09
-26.4 2.54153 -1.8843e-08
-25.2 2.54153 -5.01284e-08
-24 2.54153 -8.92521e-08
-22.8 2.54153 -1.29989e-07
-21.6 2.54153 -1.69213e-07
-20.4 2.54153 -2.05835e-07
-19.2 2.54153 -2.38771e-07
-18 2.54153 -2.66263e-07
-16.8 2.54153 -2.85739e-07
-15.6 2.54153 -2.95016e-07
-14.4 2.54153 -2.95734e-07
-13.2 2.54153 -2.88374e-07
-12 2.54153 -2.61483e-07
-10.8 2.54153 -2.23013e-07
-9.6 2.54153 -2.3286e-07
-8.4 2.54153 -2.46257e-07
-7.2 2.54153 -5.87302e-09
-6 2.54153 2.84158e-07
-4.8 2.54153 -5.40483e-07
-3.6 2.54153 -2.03904e-06
-2.4 2.54153 9.87478e-07
-1.2 2.54153 1.18615e-05
0 2.54153 1.95829e-05
1.2 2.54153 1.18613e-05
2.4 2.54153 9.87316e-07
3.6 2.54153 -2.03902e-06
4.8 2.54153 -5.40383e-07
6 2.54153 2.84219e-07
7.2 2.54153 -5.8307e-09
8.4 2.54153 -2.46162e-07
9.6 2.54153 -2.32728e-07
10.8 2.54153 -2.22892e-07
12 2.54153 -2.61386e-07
13.2 2.54153 -2.88305e-07
14.4 2.54153 -2.95707e-07
15.6 2.54153 -2.9504e-07
16.8 2.54153 -2.85809e-07
18 2.54153 -2.66365e-07
19.2 2.54153 -2.38891e-07
20.4 2.54153 -2.05954e-07
21.6 2.54153 -1.69317e-07
22.8 2.54153 -1.30067e-07
24 2.54153 -8.93007e-08
25.2 2.54153 -5.015e-08
26.4 2.54153 -1.88462e-08
27.6 2.54153 -1.5677e-09
28.8 2.54153 1.74291e-09
30 2.54153 -2.52927e-39
-30 2.59237 -2.26501e-39
-28.8 2.59237 1.56628e-09
-27.6 2.59237 -1.41721e-09
-26.4 2.59237 -1.69657e-08
-25.2 2.59237 -4.51248e-08
-24 2.59237 -8.03334e-08
-22.8 2.59237 -1.16987e-07
-21.6 2.59237 -1.52285e-07
-20.4 2.59237 -1.85257e-07
-19.2 2.59237 -2.14886e-07
-18 2.59237 -2.39578e-07
-16.8 2.59237 -2.57229e-07
-15.6 2.59237 -2.65691e-07
-14.4 2.59237 -2.65689e-07
-13.2 2.59237 -2.59061e-07
-12 2.59237 -2.37597e-07
-10.8 2.59237 -2.01551e-07
-9.6 2.59237 -2.00338e-07
-8.4 2.59237 -2.20409e-07
-7.2 2.59237 -3.8315e-08
-6 2.59237 2.48113e-07
-4.8 2.59237 -3.88903e-07
-3.6 2.59237 -1.76774e-06
-2.4 2.59237 7.59148e-07
-1.2 2.59237 1.06027e-05
0 2.59237 1.77641e-05
1.2 2.59237 1.06025e-05
2.4 2.59237 7.59019e-07
3.6 2.59237 -1.76772e-06
4.8 2.59237 -3.88824e-07
6 2.59237 2.48163e-07
7.2 2.59237 -3.82702e-08
8.4 2.59237 -2.20317e-07
9.6 2.59237 -2.00219e-07
10.8 2.59237 -2.01442e-07
12 2.59237 -2.37508e-07
13.2 2.59237 -2.58997e-07
14.4 2.59237 -2.65665e-07
15.6 2.59237 -2.65713e-07
16.8 2.59237 -2.57293e-07
18 2.59237 -2.39672e-07
19.2 2.59237 -2.14995e-07
20.4 2.59237 -1.85366e-07
21.6 2.59237 -1.5238e-07
22.8 2.59237 -1.17059e-07
24 2.59237 -8.03781e-08
25.2 2.59237 -4.51447e-08
26.4 2.59237 -1.69688e-08
27.6 2.59237 -1.41385e-09
28.8 2.59237 1.56833e-09
30 2.59237 -2.27272e-39
-30 2.64322 -2.00923e-39
-28.8 2.64322 1.39179e-09
-27.6 2.64322 -1.26284e-09
-26.4 2.64322 -1.50874e-08
-25.2 2.64322 -4.0119e-08
-24 2.64322 -7.14131e-08
-22.8 2.64322 -1.03988e-07
-21.6 2.64322 -1.35357e-07
-20.4 2.64322 -1.64674e-07
-19.2 2.64322 -1.91011e-07
-18 2.64322 -2.12913e-07
-16.8 2.64322 -2.28657e-07
-15.6 2.64322 -2.36348e-07
-14.4 2.64322 -2.3591e-07
-13.2 2.64322 -2.29644e-07
-12 2.64322 -2.12798e-07
-10.8 2.64322 -1.8084e-07
-9.6 2.64322 -1.70607e-07
-8.4 2.64322 -1.91915e-07
-7.2 2.64322 -6.27328e-08
-6 2.64322 2.07241e-07
-4.8 2.64322 -2.57239e-07
-3.6 2.64322 -1.50089e-06
-2.4 2.64322 5.4931e-07
-1.2 2.64322 9.35125e-06
0 2.64322 1.59364e-05
1.2 2.64322 9.3511e-06
2.4 2.64322 5.4921e-07
3.6 2.64322 -1.50087e-06
4.8 2.64322 -2.57178e-07
6 2.64322 2.07282e-07
7.2 2.64322 -6.26866e-08
8.4 2.64322 -1.91828e-07
9.6 2.64322 -1.70502e-07
10.8 2.64322 -1.80743e-07
12 2.64322 -2.12716e-07
13.2 2.64322 -2.29586e-07
14.4 2.64322 -2.35888e-07
15.6 2.64322 -2.36368e-07
16.8 2.64322 -2.28715e-07
18 2.64322 -2.12998e-07
19.2 2.64322 -1.9111e-07
20.4 2.64322 -1.64773e-07
21.6 2.64322 -1.35443e-07
22.8 2.64322 -1.04053e-07
24 2.64322 -7.14537e-08
25.2 2.64322 -4.01371e-08
26.4 2.64322 -1.50902e-08
27.6 2.64322 -1.25985e-09
28.8 2.64322 1.39363e-09
30 2.64322 -2.01614e-39
-30 2.69407 -1.75346e-39
-28.8 2.69407 1.21719e-09
-27.6 2.69407 -1.1083e-09
-26.4 2.69407 -1.32081e-08
-25.2 2.69407 -3.51115e-08
-24 2.69407 -6.24912e-08
-22.8 2.69407 -9.09889e-08
-21.6 2.69407 -1.18431e-07
-20.4 2.69407 -1.44087e-07
-19.2 2.69407 -1.6714e-07
-18 2.69407 -1.8627e-07
-16.8 2.69407 -2.0005e-07
-15.6 2.69407 -2.06944e-07
-14.4 2.69407 -2.06347e-07
-13.2 2.69407 -2.00298e-07
-12 2.69407 -1.8711e-07
-10.8 2.69407 -1.60387e-07
-9.6 2.69407 -1.4385e-07
-8.4 2.69407 -1.61793e-07
-7.2 2.69407 -7.84427e-08
-6 2.69407 1.62971e-07
-4.8 2.69407 -1.47018e-07
-3.6 2.69407 -1.23974e-06
-2.4 2.69407 3.60522e-07
-1.2 2.69407 8.10752e-06
0 2.69407 1.40966e-05
1.2 2.69407 8.1074e-06
2.4 2.69407 3.60448e-07
3.6 2.69407 -1.23972e-06
4.8 2.69407 -1.46973e-07
6 2.69407 1.63005e-07
7.2 2.69407 -7.83966e-08
8.4 2.69407 -1.61714e-07
9.6 2.69407 -1.43759e-07
10.8 2.69407 -1.60302e-07
12 2.69407 -1.87036e-07
13.2 2.69407 -2.00246e-07
14.4 2.69407 -2.06328e-07
15.6 2.69407 -2.06962e-07
16.8 2.69407 -2.00101e-07
18 2.69407 -1.86346e-07
19.2 2.69407 -1.67228e-07
20.4 2.69407 -1.44175e-07
21.6 2.69407 -1.18507e-07
22.8 2.69407 -9.10469e-08
24 2.69407 -6.25274e-08
25.2 2.69407 -3.51277e-08
26.4 2.69407 -1.32107e-08
27.6 2.69407 -1.10568e-09
28.8 2.69407 1.21881e-09
30 2.69407 -1.75955e-39
-30 2.74492 -1.49768e-39
-28.8 2.74492 1.04247e-09
-27.6 2.74492 -9.53605e-10
-26.4 2.74492 -1.13279e-08
-25.2 2.74492 -3.01025e-08
-24 2.74492 -5.35679e-08
-22.8 2.74492 -7.79903e-08
-21.6 2.74492 -1.01507e-07
-20.4 2.74492 -1.23498e-07
-19.2 2.74492 -1.43266e-07
-18 2.74492 -1.59648e-07
-16.8 2.74492 -1.71434e-07
-15.6 2.74492 -1.7746e-07
-14.4 2.74492 -1.7692e-07
-13.2 2.74492 -1.71166e-07
-12 2.74492 -1.6067e-07
-10.8 2.74492 -1.39665e-07
-9.6 2.74492 -1.20033e-07
-8.4 2.74492 -1.31309e-07
-7.2 2.74492 -8.49445e-08
-6 2.74492 1.17287e-07
-4.8 2.74492 -5.99201e-08
-3.6 2.74492 -9.86172e-07
-2.4 2.74492 1.96011e-07
-1.2 2.74492 6.87232e-06
0 2.74492 1.22407e-05
1.2 2.74492 6.87223e-06
2.4 2.74492 1.95959e-07
3.6 2.74492 -9.86159e-07
4.8 2.74492 -5.98874e-08
6 2.74492 1.17315e-07
7.2 2.74492 -8.49003e-08
8.4 2.74492 -1.31239e-07
9.6 2.74492 -1.19954e-07
10.8 2.74492 -1.3959e-07
12 2.74492 -1.60605e-07
13.2 2.74492 -1.7112e-07
14.4 2.74492 -1.76904e-07
15.6 2.74492 -1.77475e-07
16.8 2.74492 -1.71479e-07
18 2.74492 -1.59714e-07
19.2 2.74492 -1.43343e-07
20.4 2.74492 -1.23574e-07
21.6 2.74492 -1.01574e-07
22.8 2.74492 -7.8041e-08
24 2.74492 -5.35996e-08
25.2 2.74492 -3.01168e-08
26.4 2.74492 -1.13302e-08
27.6 2.74492 -9.5135e-10
28.8 2.74492 1.04387e-09
30 2.74492 -1.50294e-39
-30 2.79576 -1.24186e-39
-28.8 2.79576 8.67658e-10
-27.6 2.79576 -7.98784e-10
-26.4 2.79576 -9.44686e-09
-25.2 2.79576 -2.50924e-08
-24 2.79576 -4.46436e-08
-22.8 2.79576 -6.49917e-08
-21.6 2.79576 -8.45859e-08
-20.4 2.79576 -1.02909e-07
-19.2 2.79576 -1.19388e-07
-18 2.79576 -1.33037e-07
-16.8 2.79576 -1.4283e-07
-15.6 2.79576 -1.47904e-07
-14.4 2.79576 -1.47532e-07
-13.2 2.79576 -1.42323e-07
-12 2.79576 -1.33735e-07
-10.8 2.79576 -1.18192e-07
-9.6 2.79576 -9.87965e-08
-8.4 2.79576 -1.0195e-07
-7.2 2.79576 -8.21429e-08
-6 2.79576 7.29271e-08
-4.8 2.79576 2.33861e-09
-3.6 2.79576 -7.43148e-07
-2.4 2.79576 5.9938e-08
-1.2 2.79576 5.64695e-06
0 2.79576 1.03632e-05
1.2 2.79576 5.64688e-06
2.4 2.79576 5.99033e-08
3.6 2.79576 -7.43138e-07
4.8 2.79576 2.36103e-09
6 2.79576 7.29505e-08
7.2 2.79576 -8.21024e-08
8.4 2.79576 -1.0189e-07
9.6 2.79576 -9.87314e-08
10.8 2.79576 -1.18129e-07
12 2.79576 -1.3368e-07
13.2 2.79576 -1.42285e-07
14.4 2.79576 -1.47519e-07
15.6 2.79576 -1.47917e-07
16.8 2.79576 -1.42868e-07
18 2.79576 -1.33093e-07
19.2 2.79576 -1.19453e-07
20.4 2.79576 -1.02974e-07
21.6 2.79576 -8.46425e-08
22.8 2.79576 -6.50346e-08
24 2.79576 -4.46706e-08
25.2 2.79576 -2.51045e-08
26.4 2.79576 -9.44886e-09
27.6 2.79576 -7.96901e-10
28.8 2.79576 8.68831e-10
30 2.79576 -1.24627e-39
-30 2.84661 -9.85988e-40
-28.8 2.84661 6.92766e-10
-27.6 2.84661 -6.43865e-10
-26.4 2.84661 -7.56517e-09
-25.2 2.84661 -2.00812e-08
-24 2.84661 -3.57186e-08
-22.8 2.84661 -5.19929e-08
-21.6 2.84661 -6.76657e-08
-20.4 2.84661 -8.23225e-08
-19.2 2.84661 -9.55059e-08
-18 2.84661 -1.06428e-07
-16.8 2.84661 -1.14245e-07
-15.6 2.84661 -1.1831e-07
-14.4 2.84661 -1.18105e-07
-13.2 2.84661 -1.13747e-07
-12 2.84661 -1.06645e-07
-10.8 2.84661 -9.56689e-08
-9.6 2.84661 -7.93644e-08
-8.4 2.84661 -7.52682e-08
-7.2 2.84661 -7.07309e-08
-6 2.84661 3.36077e-08
-4.8 2.84661 3.83462e-08
-3.6 2.84661 -5.1541e-07
-2.4 2.84661 -4.22253e-08
-1.2 2.84661 4.43368e-06
0 2.84661 8.4565e-06
1.2 2.84661 4.43364e-06
2.4 2.84661 -4.22461e-08
3.6 2.84661 -5.15403e-07
4.8 2.84661 3.83607e-08
6 2.84661 3.36273e-08
7.2 2.84661 -7.0696e-08
8.4 2.84661 -7.522e-08
9.6 2.84661 -7.93121e-08
10.8 2.84661 -9.56174e-08
12 2.84661 -1.066e-07
13.2 2.84661 -1.13716e-07
14.4 2.84661 -1.18093e-07
15.6 2.84661 -1.1832e-07
16.8 2.84661 -1.14276e-07
18 2.84661 -1.06474e-07
19.2 2.84661 -9.55589e-08
20.4 2.84661 -8.23752e-08
21.6 2.84661 -6.77117e-08
22.8 2.84661 -5.20279e-08
24 2.84661 -3.57406e-08
25.2 2.84661 -2.00912e-08
26.4 2.84661 -7.56684e-09
27.6 2.84661 -6.42357e-10
28.8 2.84661 6.93709e-10
30 2.84661 -9.89534e-40
-30 2.89746 -7.30085e-40
-28.8 2.89746 5.17811e-10
-27.6 2.89746 -4.88868e-10
-26.4 2.89746 -5.68296e-09
-25.2 2.89746 -1.50692e-08
-24 2.89746 -2.67931e-08
-22.8 2.89746 -3.89942e-08
-21.6 2.89746 -5.0746e-08
-20.4 2.89746 -6.17372e-08
-19.2 2.89746 -7.16236e-08
-18 2.89746 -7.98166e-08
-16.8 2.89746 -8.56738e-08
-15.6 2.89746 -8.87104e-08
-14.4 2.89746 -8.86071e-08
-13.2 2.89746 -8.53189e-08
-12 2.89746 -7.97009e-08
-10.8 2.89746 -7.21429e-08
-9.6 2.89746 -6.0564e-08
-8.4 2.89746 -5.24651e-08
-7.2 2.89746 -5.27779e-08
-6 2.89746 4.08175e-09
-4.8 2.89746 4.79271e-08
-3.6 2.89746 -3.1087e-07
-2.4 2.89746 -1.03177e-07
-1.2 2.89746 3.23688e-06
0 2.89746 6.5085e-06
1.2 2.89746 3.23686e-06
2.4 2.89746 -1.03188e-07
3.6 2.89746 -3.10866e-07
4.8 2.89746 4.7936e-08
6 2.89746 4.09748e-09
7.2 2.89746 -5.27502e-08
8.4 2.89746 -5.24289e-08
9.6 2.89746 -6.05243e-08
10.8 2.89746 -7.21036e-08
12 2.89746 -7.96667e-08
13.2 2.89746 -8.52952e-08
14.4 2.89746 -8.85985e-08
15.6 2.89746 -8.87185e-08
16.8 2.89746 -8.56973e-08
18 2.89746 -7.98513e-08
19.2 2.89746 -7.16639e-08
20.4 2.89746 -6.17773e-08
21.6 2.89746 -5.07811e-08
22.8 2.89746 -3.90209e-08
24 2.89746 -2.68099e-08
25.2 2.89746 -1.50768e-08
26.4 2.89746 -5.68426e-09
27.6 2.89746 -4.8774e-10
28.8 2.89746 5.1852e-10
30 2.89746 -7.32753e-40
-30 2.94831 -4.74159e-40
-28.8 2.94831 3.42811e-10
-27.6 2.94831 -3.33815e-10
-26.4 2.94831 -3.80035e-09
-25.2 2.94831 -1.00566e-08
-24 2.94831 -1.78673e-08
-22.8 2.94831 -2.59957e-08
-21.6 2.94831 -3.38268e-08
-20.4 2.94831 -4.11526e-08
-19.2 2.94831 -4.7742e-08
-18 2.94831 -5.32026e-08
-16.8 2.94831 -5.71062e-08
-15.6 2.94831 -5.9123e-08
-14.4 2.94831 -5.90644e-08
-13.2 2.94831 -5.69053e-08
-12 2.94831 -5.30192e-08
-10.8 2.94831 -4.80556e-08
-9.6 2.94831 -4.12009e-08
-8.4 2.94831 -3.35706e-08
-7.2 2.94831 -3.22828e-08
-6 2.94831 -1.06847e-08
-4.8 2.94831 3.46149e-08
-3.6 2.94831 -1.43198e-07
-2.4 2.94831 -1.13535e-07
-1.2 2.94831 2.0661e-06
0 2.94831 4.49827e-06
1.2 2.94831 2.06609e-06
2.4 2.94831 -1.13538e-07
3.6 2.94831 -1.43197e-07
4.8 2.94831 3.462e-08
6 2.94831 -1.06734e-08
7.2 2.94831 -3.22639e-08
8.4 2.94831 -3.35464e-08
9.6 2.94831 -4.1174e-08
10.8 2.94831 -4.80289e-08
12 2.94831 -5.29961e-08
13.2 2.94831 -5.68893e-08
14.4 2.94831 -5.90585e-08
15.6 2.94831 -5.91284e-08
16.8 2.94831 -5.71221e-08
18 2.94831 -5.32261e-08
19.2 2.94831 -4.77693e-08
20.4 2.94831 -4.11798e-08
21.6 2.94831 -3.38505e-08
22.8 2.94831 -2.60138e-08
24 2.94831 -1.78787e-08
25.2 2.94831 -1.00618e-08
26.4 2.94831 -3.80125e-09
27.6 2.94831 -3.33067e-10
28.8 2.94831 3.43282e-10
30 2.94831 -4.75936e-40
-30 2.99915 -2.18219e-40
-28.8 2.99915 1.67778e-10
-27.6 2.99915 -1.78722e-10
-26.4 2.99915 -1.91749e-09
-25.2 2.99915 -5.04359e-09
-24 2.99915 -8.94118e-09
-22.8 2.99915 -1.29973e-08
-21.6 2.99915 -1.69079e-08
-20.4 2.99915 -2.05685e-08
-19.2 2.99915 -2.38611e-08
-18 2.99915 -2.65884e-08
-16.8 2.99915 -2.85376e-08
-15.6 2.99915 -2.95437e-08
-14.4 2.99915 -2.95137e-08
-13.2 2.99915 -2.84492e-08
-12 2.99915 -2.6491e-08
-10.8 2.99915 -2.39427e-08
-9.6 2.99915 -2.08286e-08
-8.4 2.99915 -1.68128e-08
-7.2 2.99915 -1.41585e-08
-6 2.99915 -9.42446e-09
-4.8 2.99915 1.13638e-08
-3.6 2.99915 -3.51269e-08
-2.4 2.99915 -6.57994e-08
-1.2 2.99915 9.48457e-07
0 2.99915 2.37978e-06
1.2 2.99915 9.48456e-07
2.4 2.99915 -6.58e-08
3.6 2.99915 -3.51267e-08
4.8 2.99915 1.13663e-08
6 2.99915 -9.41849e-09
7.2 2.99915 -1.41489e-08
8.4 2.99915 -1.68006e-08
9.6 2.99915 -2.0815e-08
10.8 2.99915 -2.39292e-08
12 2.99915 -2.64793e-08
13.2 2.99915 -2.84412e-08
14.4 2.99915 -2.95107e-08
15.6 2.99915 -2.95464e-08
16.8 2.99915 -2.85456e-08
18 2.99915 -2.66002e-08
19.2 2.99915 -2.38748e-08
20.4 2.99915 -2.05822e-08
21.6 2.99915 -1.69199e-08
22.8 2.99915 -1.30065e-08
24 2.99915 -8.94697e-09
25.2 2.99915 -5.04624e-09
26.4 2.99915 -1.91797e-09
27.6 2.99915 -1.78358e-10
28.8 2.99915 1.68011e-10
30 2.99915 -2.19094e-40
-30 3.05 0
-28.8 3.05 0
-27.6 3.05 0
-26.4 3.05 0
-25.2 3.05 0
-24 3.05 0
-22.8 3.05 0
-21.6 3.05 0
-20.4 3.05 0
-19.2 3.05 0
-18 3.05 0
-16.8 3.05 0
-15.6 3.05 0
-14.4 3.05 0
-13.2 3.05 0
-12 3.05 0
-10.8 3.05 0
-9.6 3.05 0
-8.4 3.05 0
-7.2 3.05 0
-6 3.05 0
-4.8 3.05 0
-3.6 3.05 0
-2.4 3.05 0
-1.2 3.05 0
0 3.05 0
1.2 3.05 0
2.4 3.05 0
3.6 3.05 0
4.8 3.05 0
6 3.05 0
7.2 3.05 0
8.4 3.05 0
9.6 3.05 0
10.8 3.05 0
12 3.05 0
13.2 3.05 0
14.4 3.05 0
15.6 3.05 0
16.8 3.05 0
18 3.05 0
19.2 3.05 0
20.4 3.05 0
21.6 3.05 0
22.8 3.05 0
24 3.05 0
25.2 3.05 0
26.4 3.05 0
27.6 3.05 0
28.8 3.05 0
30 3.05 0
