-30 0.05 0
-29.4 0.05 0
-28.8 0.05 0
-28.2 0.05 0
-27.6 0.05 0
-27 0.05 0
-26.4 0.05 0
-25.8 0.05 0
-25.2 0.05 0
-24.6 0.05 0
-24 0.05 0
-23.4 0.05 0
-22.8 0.05 0
-22.2 0.05 0
-21.6 0.05 0
-21 0.05 0
-20.4 0.05 0
-19.8 0.05 0
-19.2 0.05 0
-18.6 0.05 0
-18 0.05 0
-17.4 0.05 0
-16.8 0.05 0
-16.2 0.05 0
-15.6 0.05 0
-15 0.05 -5.27042e-05
-14.4 0.05 -5.24878e-05
-13.8 0.05 -5.18426e-05
-13.2 0.05 -5.07783e-05
-12.6 0.05 -4.93118e-05
-12 0.05 -4.7466e-05
-11.4 0.05 -4.52701e-05
-10.8 0.05 -4.27589e-05
-10.2 0.05 -3.99719e-05
-9.6 0.05 -3.69531e-05
-9 0.05 -3.37502e-05
-8.4 0.05 -3.04136e-05
-7.8 0.05 -2.69959e-05
-7.2 0.05 -2.35511e-05
-6.6 0.05 -2.01334e-05
-6 0.05 -1.67968e-05
-5.4 0.05 -1.35938e-05
-4.8 0.05 -1.0575e-05
-4.2 0.05 -7.78796e-06
-3.6 0.05 -5.27663e-06
-3 0.05 -3.08065e-06
-2.4 0.05 -1.23474e-06
-1.8 0.05 2.31897e-07
-1.2 0.05 1.29601e-06
-0.6 0.05 1.94073e-06
0 0.05 2.15592e-06
0.6 0.05 0
1.2 0.05 0
1.8 0.05 0
2.4 0.05 0
3 0.05 0
3.6 0.05 0
4.2 0.05 0
4.8 0.05 0
5.4 0.05 0
6 0.05 0
6.6 0.05 0
7.2 0.05 0
7.8 0.05 0
8.4 0.05 0
9 0.05 0
9.6 0.05 0
10.2 0.05 0
10.8 0.05 0
11.4 0.05 0
12 0.05 0
12.6 0.05 0
13.2 0.05 0
13.8 0.05 0
14.4 0.05 0
15 0.05 0
15.6 0.05 0
16.2 0.05 0
16.8 0.05 0
17.4 0.05 0
18 0.05 0
18.6 0.05 0
19.2 0.05 0
19.8 0.05 0
20.4 0.05 0
21 0.05 0
21.6 0.05 0
22.2 0.05 0
22.8 0.05 0
23.4 0.05 0
24 0.05 0
24.6 0.05 0
25.2 0.05 0
25.8 0.05 0
26.4 0.05 0
27 0.05 0
27.6 0.05 0
28.2 0.05 0
28.8 0.05 0
29.4 0.05 0
30 0.05 0
-30 0.102632 0
-29.4 0.102632 0
-28.8 0.102632 0
-28.2 0.102632 0
-27.6 0.102632 0
-27 0.102632 0
-26.4 0.102632 0
-25.8 0.102632 0
-25.2 0.102632 0
-24.6 0.102632 0
-24 0.102632 0
-23.4 0.102632 0
-22.8 0.102632 0
-22.2 0.102632 0
-21.6 0.102632 0
-21 0.102632 0
-20.4 0.102632 0
-19.8 0.102632 0
-19.2 0.102632 0
-18.6 0.102632 0
-18 0.102632 0
-17.4 0.102632 0
-16.8 0.102632 0
-16.2 0.102632 0
-15.6 0.102632 0
-15 0.102632 -5.26466e-05
-14.4 0.102632 -5.24308e-05
-13.8 0.102632 -5.17869e-05
-13.2 0.102632 -5.07248e-05
-12.6 0.102632 -4.92613e-05
-12 0.102632 -4.74194e-05
-11.4 0.102632 -4.52281e-05
-10.8 0.102632 -4.27222e-05
-10.2 0.102632 -3.9941e-05
-9.6 0.102632 -3.69286e-05
-9 0.102632 -3.37324e-05
-8.4 0.102632 -3.04028e-05
-7.8 0.102632 -2.69923e-05
-7.2 0.102632 -2.35547e-05
-6.6 0.102632 -2.01442e-05
-6 0.102632 -1.68146e-05
-5.4 0.102632 -1.36183e-05
-4.8 0.102632 -1.06059e-05
-4.2 0.102632 -7.82467e-06
-3.6 0.102632 -5.31861e-06
-3 0.102632 -3.12725e-06
-2.4 0.102632 -1.28522e-06
-1.8 0.102632 1.78343e-07
-1.2 0.102632 1.24024e-06
-0.6 0.102632 1.88364e-06
0 0.102632 2.09844e-06
0.6 0.102632 0
1.2 0.102632 0
1.8 0.102632 0
2.4 0.102632 0
3 0.102632 0
3.6 0.102632 0
4.2 0.102632 0
4.8 0.102632 0
5.4 0.102632 0
6 0.102632 0
6.6 0.102632 0
7.2 0.102632 0
7.8 0.102632 0
8.4 0.102632 0
9 0.102632 0
9.6 0.102632 0
10.2 0.102632 0
10.8 0.102632 0
11.4 0.102632 0
12 0.102632 0
12.6 0.102632 0
13.2 0.102632 0
13.8 0.102632 0
14.4 0.102632 0
15 0.102632 0
15.6 0.102632 0
16.2 0.102632 0
16.8 0.102632 0
17.4 0.102632 0
18 0.102632 0
18.6 0.102632 0
19.2 0.102632 0
19.8 0.102632 0
20.4 0.102632 0
21 0.102632 0
21.6 0.102632 0
22.2 0.102632 0
22.8 0.102632 0
23.4 0.102632 0
24 0.102632 0
24.6 0.102632 0
25.2 0.102632 0
25.8 0.102632 0
26.4 0.102632 0
27 0.102632 0
27.6 0.102632 0
28.2 0.102632 0
28.8 0.102632 0
29.4 0.102632 0
30 0.102632 0
-30 0.155263 0
-29.4 0.155263 0
-28.8 0.155263 0
-28.2 0.155263 0
-27.6 0.155263 0
-27 0.155263 0
-26.4 0.155263 0
-25.8 0.155263 0
-25.2 0.155263 0
-24.6 0.155263 0
-24 0.155263 0
-23.4 0.155263 0
-22.8 0.155263 0
-22.2 0.155263 0
-21.6 0.155263 0
-21 0.155263 0
-20.4 0.155263 0
-19.8 0.155263 0
-19.2 0.155263 0
-18.6 0.155263 0
-18 0.155263 0
-17.4 0.155263 0
-16.8 0.155263 0
-16.2 0.155263 0
-15.6 0.155263 0
-15 0.155263 -5.25892e-05
-14.4 0.155263 -5.23738e-05
-13.8 0.155263 -5.17313e-05
-13.2 0.155263 -5.06715e-05
-12.6 0.155263 -4.9211e-05
-12 0.155263 -4.73729e-05
-11.4 0.155263 -4.51863e-05
-10.8 0.155263 -4.26856e-05
-10.2 0.155263 -3.99103e-05
-9.6 0.155263 -3.69042e-05
-9 0.155263 -3.37147e-05
-8.4 0.155263 -3.0392e-05
-7.8 0.155263 -2.69887e-05
-7.2 0.155263 -2.35583e-05
-6.6 0.155263 -2.0155e-05
-6 0.155263 -1.68323e-05
-5.4 0.155263 -1.36428e-05
-4.8 0.155263 -1.06366e-05
-4.2 0.155263 -7.86129e-06
-3.6 0.155263 -5.3605e-06
-3 0.155263 -3.17375e-06
-2.4 0.155263 -1.33559e-06
-1.8 0.155263 1.24903e-07
-1.2 0.155263 1.18458e-06
-0.6 0.155263 1.82667e-06
0 0.155263 2.04108e-06
0.6 0.155263 0
1.2 0.155263 0
1.8 0.155263 0
2.4 0.155263 0
3 0.155263 0
3.6 0.155263 0
4.2 0.155263 0
4.8 0.155263 0
5.4 0.155263 0
6 0.155263 0
6.6 0.155263 0
7.2 0.155263 0
7.8 0.155263 0
8.4 0.155263 0
9 0.155263 0
9.6 0.155263 0
10.2 0.155263 0
10.8 0.155263 0
11.4 0.155263 0
12 0.155263 0
12.6 0.155263 0
13.2 0.155263 0
13.8 0.155263 0
14.4 0.155263 0
15 0.155263 0
15.6 0.155263 0
16.2 0.155263 0
16.8 0.155263 0
17.4 0.155263 0
18 0.155263 0
18.6 0.155263 0
19.2 0.155263 0
19.8 0.155263 0
20.4 0.155263 0
21 0.155263 0
21.6 0.155263 0
22.2 0.155263 0
22.8 0.155263 0
23.4 0.155263 0
24 0.155263 0
24.6 0.155263 0
25.2 0.155263 0
25.8 0.155263 0
26.4 0.155263 0
27 0.155263 0
27.6 0.155263 0
28.2 0.155263 0
28.8 0.155263 0
29.4 0.155263 0
30 0.155263 0
-30 0.207895 0
-29.4 0.207895 0
-28.8 0.207895 0
-28.2 0.207895 0
-27.6 0.207895 0
-27 0.207895 0
-26.4 0.207895 0
-25.8 0.207895 0
-25.2 0.207895 0
-24.6 0.207895 0
-24 0.207895 0
-23.4 0.207895 0
-22.8 0.207895 0
-22.2 0.207895 0
-21.6 0.207895 0
-21 0.207895 0
-20.4 0.207895 0
-19.8 0.207895 0
-19.2 0.207895 0
-18.6 0.207895 0
-18 0.207895 0
-17.4 0.207895 0
-16.8 0.207895 0
-16.2 0.207895 0
-15.6 0.207895 0
-15 0.207895 -5.25319e-05
-14.4 0.207895 -5.2317e-05
-13.8 0.207895 -5.16758e-05
-13.2 0.207895 -5.06182e-05
-12.6 0.207895 -4.91608e-05
-12 0.207895 -4.73266e-05
-11.4 0.207895 -4.51445e-05
-10.8 0.207895 -4.2649e-05
-10.2 0.207895 -3.98796e-05
-9.6 0.207895 -3.68798e-05
-9 0.207895 -3.3697e-05
-8.4 0.207895 -3.03813e-05
-7.8 0.207895 -2.69851e-05
-7.2 0.207895 -2.35619e-05
-6.6 0.207895 -2.01657e-05
-6 0.207895 -1.685e-05
-5.4 0.207895 -1.36672e-05
-4.8 0.207895 -1.06674e-05
-4.2 0.207895 -7.89784e-06
-3.6 0.207895 -5.40231e-06
-3 0.207895 -3.22015e-06
-2.4 0.207895 -1.38585e-06
-1.8 0.207895 7.15764e-08
-1.2 0.207895 1.12905e-06
-0.6 0.207895 1.76983e-06
0 0.207895 1.98383e-06
0.6 0.207895 0
1.2 0.207895 0
1.8 0.207895 0
2.4 0.207895 0
3 0.207895 0
3.6 0.207895 0
4.2 0.207895 0
4.8 0.207895 0
5.4 0.207895 0
6 0.207895 0
6.6 0.207895 0
7.2 0.207895 0
7.8 0.207895 0
8.4 0.207895 0
9 0.207895 0
9.6 0.207895 0
10.2 0.207895 0
10.8 0.207895 0
11.4 0.207895 0
12 0.207895 0
12.6 0.207895 0
13.2 0.207895 0
13.8 0.207895 0
14.4 0.207895 0
15 0.207895 0
15.6 0.207895 0
16.2 0.207895 0
16.8 0.207895 0
17.4 0.207895 0
18 0.207895 0
18.6 0.207895 0
19.2 0.207895 0
19.8 0.207895 0
20.4 0.207895 0
21 0.207895 0
21.6 0.207895 0
22.2 0.207895 0
22.8 0.207895 0
23.4 0.207895 0
24 0.207895 0
24.6 0.207895 0
25.2 0.207895 0
25.8 0.207895 0
26.4 0.207895 0
27 0.207895 0
27.6 0.207895 0
28.2 0.207895 0
28.8 0.207895 0
29.4 0.207895 0
30 0.207895 0
-30 0.260526 0
-29.4 0.260526 0
-28.8 0.260526 0
-28.2 0.260526 0
-27.6 0.260526 0
-27 0.260526 0
-26.4 0.260526 0
-25.8 0.260526 0
-25.2 0.260526 0
-24.6 0.260526 0
-24 0.260526 0
-23.4 0.260526 0
-22.8 0.260526 0
-22.2 0.260526 0
-21.6 0.260526 0
-21 0.260526 0
-20.4 0.260526 0
-19.8 0.260526 0
-19.2 0.260526 0
-18.6 0.260526 0
-18 0.260526 0
-17.4 0.260526 0
-16.8 0.260526 0
-16.2 0.260526 0
-15.6 0.260526 0
-15 0.260526 -5.24747e-05
-14.4 0.260526 -5.22603e-05
-13.8 0.260526 -5.16205e-05
-13.2 0.260526 -5.05651e-05
-12.6 0.260526 -4.91107e-05
-12 0.260526 -4.72803e-05
-11.4 0.260526 -4.51028e-05
-10.8 0.260526 -4.26126e-05
-10.2 0.260526 -3.98489e-05
-9.6 0.260526 -3.68555e-05
-9 0.260526 -3.36793e-05
-8.4 0.260526 -3.03706e-05
-7.8 0.260526 -2.69815e-05
-7.2 0.260526 -2.35655e-05
-6.6 0.260526 -2.01764e-05
-6 0.260526 -1.68677e-05
-5.4 0.260526 -1.36916e-05
-4.8 0.260526 -1.0698e-05
-4.2 0.260526 -7.93431e-06
-3.6 0.260526 -5.44402e-06
-3 0.260526 -3.26645e-06
-2.4 0.260526 -1.43601e-06
-1.8 0.260526 1.83624e-08
-1.2 0.260526 1.07363e-06
-0.6 0.260526 1.7131e-06
0 0.260526 1.92671e-06
0.6 0.260526 0
1.2 0.260526 0
1.8 0.260526 0
2.4 0.260526 0
3 0.260526 0
3.6 0.260526 0
4.2 0.260526 0
4.8 0.260526 0
5.4 0.260526 0
6 0.260526 0
6.6 0.260526 0
7.2 0.260526 0
7.8 0.260526 0
8.4 0.260526 0
9 0.260526 0
9.6 0.260526 0
10.2 0.260526 0
10.8 0.260526 0
11.4 0.260526 0
12 0.260526 0
12.6 0.260526 0
13.2 0.260526 0
13.8 0.260526 0
14.4 0.260526 0
15 0.260526 0
15.6 0.260526 0
16.2 0.260526 0
16.8 0.260526 0
17.4 0.260526 0
18 0.260526 0
18.6 0.260526 0
19.2 0.260526 0
19.8 0.260526 0
20.4 0.260526 0
21 0.260526 0
21.6 0.260526 0
22.2 0.260526 0
22.8 0.260526 0
23.4 0.260526 0
24 0.260526 0
24.6 0.260526 0
25.2 0.260526 0
25.8 0.260526 0
26.4 0.260526 0
27 0.260526 0
27.6 0.260526 0
28.2 0.260526 0
28.8 0.260526 0
29.4 0.260526 0
30 0.260526 0
-30 0.313158 0
-29.4 0.313158 0
-28.8 0.313158 0
-28.2 0.313158 0
-27.6 0.313158 0
-27 0.313158 0
-26.4 0.313158 0
-25.8 0.313158 0
-25.2 0.313158 0
-24.6 0.313158 0
-24 0.313158 0
-23.4 0.313158 0
-22.8 0.313158 0
-22.2 0.313158 0
-21.6 0.313158 0
-21 0.313158 0
-20.4 0.313158 0
-19.8 0.313158 0
-19.2 0.313158 0
-18.6 0.313158 0
-18 0.313158 0
-17.4 0.313158 0
-16.8 0.313158 0
-16.2 0.313158 0
-15.6 0.313158 0
-15 0.313158 -5.24176e-05
-14.4 0.313158 -5.22037e-05
-13.8 0.313158 -5.15652e-05
-13.2 0.313158 -5.0512e-05
-12.6 0.313158 -4.90607e-05
-12 0.313158 -4.72341e-05
-11.4 0.313158 -4.50612e-05
-10.8 0.313158 -4.25762e-05
-10.2 0.313158 -3.98184e-05
-9.6 0.313158 -3.68312e-05
-9 0.313158 -3.36617e-05
-8.4 0.313158 -3.03599e-05
-7.8 0.313158 -2.6978e-05
-7.2 0.313158 -2.35691e-05
-6.6 0.313158 -2.01871e-05
-6 0.313158 -1.68854e-05
-5.4 0.313158 -1.37159e-05
-4.8 0.313158 -1.07286e-05
-4.2 0.313158 -7.97071e-06
-3.6 0.313158 -5.48565e-06
-3 0.313158 -3.31266e-06
-2.4 0.313158 -1.48606e-06
-1.8 0.313158 -3.47389e-08
-1.2 0.313158 1.01833e-06
-0.6 0.313158 1.65649e-06
0 0.313158 1.86971e-06
0.6 0.313158 0
1.2 0.313158 0
1.8 0.313158 0
2.4 0.313158 0
3 0.313158 0
3.6 0.313158 0
4.2 0.313158 0
4.8 0.313158 0
5.4 0.313158 0
6 0.313158 0
6.6 0.313158 0
7.2 0.313158 0
7.8 0.313158 0
8.4 0.313158 0
9 0.313158 0
9.6 0.313158 0
10.2 0.313158 0
10.8 0.313158 0
11.4 0.313158 0
12 0.313158 0
12.6 0.313158 0
13.2 0.313158 0
13.8 0.313158 0
14.4 0.313158 0
15 0.313158 0
15.6 0.313158 0
16.2 0.313158 0
16.8 0.313158 0
17.4 0.313158 0
18 0.313158 0
18.6 0.313158 0
19.2 0.313158 0
19.8 0.313158 0
20.4 0.313158 0
21 0.313158 0
21.6 0.313158 0
22.2 0.313158 0
22.8 0.313158 0
23.4 0.313158 0
24 0.313158 0
24.6 0.313158 0
25.2 0.313158 0
25.8 0.313158 0
26.4 0.313158 0
27 0.313158 0
27.6 0.313158 0
28.2 0.313158 0
28.8 0.313158 0
29.4 0.313158 0
30 0.313158 0
-30 0.365789 0
-29.4 0.365789 0
-28.8 0.365789 0
-28.2 0.365789 0
-27.6 0.365789 0
-27 0.365789 0
-26.4 0.365789 0
-25.8 0.365789 0
-25.2 0.365789 0
-24.6 0.365789 0
-24 0.365789 0
-23.4 0.365789 0
-22.8 0.365789 0
-22.2 0.365789 0
-21.6 0.365789 0
-21 0.365789 0
-20.4 0.365789 0
-19.8 0.365789 0
-19.2 0.365789 0
-18.6 0.365789 0
-18 0.365789 0
-17.4 0.365789 0
-16.8 0.365789 0
-16.2 0.365789 0
-15.6 0.365789 0
-15 0.365789 -5.23607e-05
-14.4 0.365789 -5.21473e-05
-13.8 0.365789 -5.15101e-05
-13.2 0.365789 -5.04591e-05
-12.6 0.365789 -4.90107e-05
-12 0.365789 -4.7188e-05
-11.4 0.365789 -4.50197e-05
-10.8 0.365789 -4.25399e-05
-10.2 0.365789 -3.97879e-05
-9.6 0.365789 -3.68069e-05
-9 0.365789 -3.36441e-05
-8.4 0.365789 -3.03493e-05
-7.8 0.365789 -2.69744e-05
-7.2 0.365789 -2.35727e-05
-6.6 0.365789 -2.01978e-05
-6 0.365789 -1.6903e-05
-5.4 0.365789 -1.37401e-05
-4.8 0.365789 -1.07591e-05
-4.2 0.365789 -8.00703e-06
-3.6 0.365789 -5.52719e-06
-3 0.365789 -3.35876e-06
-2.4 0.365789 -1.536e-06
-1.8 0.365789 -8.77276e-08
-1.2 0.365789 9.63145e-07
-0.6 0.365789 1.6e-06
0 0.365789 1.81282e-06
0.6 0.365789 0
1.2 0.365789 0
1.8 0.365789 0
2.4 0.365789 0
3 0.365789 0
3.6 0.365789 0
4.2 0.365789 0
4.8 0.365789 0
5.4 0.365789 0
6 0.365789 0
6.6 0.365789 0
7.2 0.365789 0
7.8 0.365789 0
8.4 0.365789 0
9 0.365789 0
9.6 0.365789 0
10.2 0.365789 0
10.8 0.365789 0
11.4 0.365789 0
12 0.365789 0
12.6 0.365789 0
13.2 0.365789 0
13.8 0.365789 0
14.4 0.365789 0
15 0.365789 0
15.6 0.365789 0
16.2 0.365789 0
16.8 0.365789 0
17.4 0.365789 0
18 0.365789 0
18.6 0.365789 0
19.2 0.365789 0
19.8 0.365789 0
20.4 0.365789 0
21 0.365789 0
21.6 0.365789 0
22.2 0.365789 0
22.8 0.365789 0
23.4 0.365789 0
24 0.365789 0
24.6 0.365789 0
25.2 0.365789 0
25.8 0.365789 0
26.4 0.365789 0
27 0.365789 0
27.6 0.365789 0
28.2 0.365789 0
28.8 0.365789 0
29.4 0.365789 0
30 0.365789 0
-30 0.418421 0
-29.4 0.418421 0
-28.8 0.418421 0
-28.2 0.418421 0
-27.6 0.418421 0
-27 0.418421 0
-26.4 0.418421 0
-25.8 0.418421 0
-25.2 0.418421 0
-24.6 0.418421 0
-24 0.418421 0
-23.4 0.418421 0
-22.8 0.418421 0
-22.2 0.418421 0
-21.6 0.418421 0
-21 0.418421 0
-20.4 0.418421 0
-19.8 0.418421 0
-19.2 0.418421 0
-18.6 0.418421 0
-18 0.418421 0
-17.4 0.418421 0
-16.8 0.418421 0
-16.2 0.418421 0
-15.6 0.418421 0
-15 0.418421 -5.23039e-05
-14.4 0.418421 -5.20909e-05
-13.8 0.418421 -5.14551e-05
-13.2 0.418421 -5.04062e-05
-12.6 0.418421 -4.89609e-05
-12 0.418421 -4.7142e-05
-11.4 0.418421 -4.49782e-05
-10.8 0.418421 -4.25037e-05
-10.2 0.418421 -3.97574e-05
-9.6 0.418421 -3.67828e-05
-9 0.418421 -3.36266e-05
-8.4 0.418421 -3.03386e-05
-7.8 0.418421 -2.69708e-05
-7.2 0.418421 -2.35763e-05
-6.6 0.418421 -2.02085e-05
-6 0.418421 -1.69206e-05
-5.4 0.418421 -1.37643e-05
-4.8 0.418421 -1.07896e-05
-4.2 0.418421 -8.04327e-06
-3.6 0.418421 -5.56864e-06
-3 0.418421 -3.40477e-06
-2.4 0.418421 -1.58584e-06
-1.8 0.418421 -1.40604e-07
-1.2 0.418421 9.08078e-07
-0.6 0.418421 1.54363e-06
0 0.418421 1.75605e-06
0.6 0.418421 0
1.2 0.418421 0
1.8 0.418421 0
2.4 0.418421 0
3 0.418421 0
3.6 0.418421 0
4.2 0.418421 0
4.8 0.418421 0
5.4 0.418421 0
6 0.418421 0
6.6 0.418421 0
7.2 0.418421 0
7.8 0.418421 0
8.4 0.418421 0
9 0.418421 0
9.6 0.418421 0
10.2 0.418421 0
10.8 0.418421 0
11.4 0.418421 0
12 0.418421 0
12.6 0.418421 0
13.2 0.418421 0
13.8 0.418421 0
14.4 0.418421 0
15 0.418421 0
15.6 0.418421 0
16.2 0.418421 0
16.8 0.418421 0
17.4 0.418421 0
18 0.418421 0
18.6 0.418421 0
19.2 0.418421 0
19.8 0.418421 0
20.4 0.418421 0
21 0.418421 0
21.6 0.418421 0
22.2 0.418421 0
22.8 0.418421 0
23.4 0.418421 0
24 0.418421 0
24.6 0.418421 0
25.2 0.418421 0
25.8 0.418421 0
26.4 0.418421 0
27 0.418421 0
27.6 0.418421 0
28.2 0.418421 0
28.8 0.418421 0
29.4 0.418421 0
30 0.418421 0
-30 0.471053 0
-29.4 0.471053 0
-28.8 0.471053 0
-28.2 0.471053 0
-27.6 0.471053 0
-27 0.471053 0
-26.4 0.471053 0
-25.8 0.471053 0
-25.2 0.471053 0
-24.6 0.471053 0
-24 0.471053 0
-23.4 0.471053 0
-22.8 0.471053 0
-22.2 0.471053 0
-21.6 0.471053 0
-21 0.471053 0
-20.4 0.471053 0
-19.8 0.471053 0
-19.2 0.471053 0
-18.6 0.471053 0
-18 0.471053 0
-17.4 0.471053 0
-16.8 0.471053 0
-16.2 0.471053 0
-15.6 0.471053 0
-15 0.471053 -5.22472e-05
-14.4 0.471053 -5.20347e-05
-13.8 0.471053 -5.14001e-05
-13.2 0.471053 -5.03535e-05
-12.6 0.471053 -4.89112e-05
-12 0.471053 -4.70961e-05
-11.4 0.471053 -4.49369e-05
-10.8 0.471053 -4.24676e-05
-10.2 0.471053 -3.97271e-05
-9.6 0.471053 -3.67586e-05
-9 0.471053 -3.36091e-05
-8.4 0.471053 -3.0328e-05
-7.8 0.471053 -2.69673e-05
-7.2 0.471053 -2.35798e-05
-6.6 0.471053 -2.02191e-05
-6 0.471053 -1.69381e-05
-5.4 0.471053 -1.37885e-05
-4.8 0.471053 -1.082e-05
-4.2 0.471053 -8.07944e-06
-3.6 0.471053 -5.61e-06
-3 0.471053 -3.45068e-06
-2.4 0.471053 -1.63557e-06
-1.8 0.471053 -1.93368e-07
-1.2 0.471053 8.53126e-07
-0.6 0.471053 1.48737e-06
0 0.471053 1.6994e-06
0.6 0.471053 0
1.2 0.471053 0
1.8 0.471053 0
2.4 0.471053 0
3 0.471053 0
3.6 0.471053 0
4.2 0.471053 0
4.8 0.471053 0
5.4 0.471053 0
6 0.471053 0
6.6 0.471053 0
7.2 0.471053 0
7.8 0.471053 0
8.4 0.471053 0
9 0.471053 0
9.6 0.471053 0
10.2 0.471053 0
10.8 0.471053 0
11.4 0.471053 0
12 0.471053 0
12.6 0.471053 0
13.2 0.471053 0
13.8 0.471053 0
14.4 0.471053 0
15 0.471053 0
15.6 0.471053 0
16.2 0.471053 0
16.8 0.471053 0
17.4 0.471053 0
18 0.471053 0
18.6 0.471053 0
19.2 0.471053 0
19.8 0.471053 0
20.4 0.471053 0
21 0.471053 0
21.6 0.471053 0
22.2 0.471053 0
22.8 0.471053 0
23.4 0.471053 0
24 0.471053 0
24.6 0.471053 0
25.2 0.471053 0
25.8 0.471053 0
26.4 0.471053 0
27 0.471053 0
27.6 0.471053 0
28.2 0.471053 0
28.8 0.471053 0
29.4 0.471053 0
30 0.471053 0
-30 0.523684 0
-29.4 0.523684 0
-28.8 0.523684 0
-28.2 0.523684 0
-27.6 0.523684 0
-27 0.523684 0
-26.4 0.523684 0
-25.8 0.523684 0
-25.2 0.523684 0
-24.6 0.523684 0
-24 0.523684 0
-23.4 0.523684 0
-22.8 0.523684 0
-22.2 0.523684 0
-21.6 0.523684 0
-21 0.523684 0
-20.4 0.523684 0
-19.8 0.523684 0
-19.2 0.523684 0
-18.6 0.523684 0
-18 0.523684 0
-17.4 0.523684 0
-16.8 0.523684 0
-16.2 0.523684 0
-15.6 0.523684 0
-15 0.523684 -5.21906e-05
-14.4 0.523684 -5.19786e-05
-13.8 0.523684 -5.13453e-05
-13.2 0.523684 -5.03009e-05
-12.6 0.523684 -4.88616e-05
-12 0.523684 -4.70504e-05
-11.4 0.523684 -4.48956e-05
-10.8 0.523684 -4.24315e-05
-10.2 0.523684 -3.96967e-05
-9.6 0.523684 -3.67345e-05
-9 0.523684 -3.35916e-05
-8.4 0.523684 -3.03174e-05
-7.8 0.523684 -2.69638e-05
-7.2 0.523684 -2.35834e-05
-6.6 0.523684 -2.02297e-05
-6 0.523684 -1.69556e-05
-5.4 0.523684 -1.38126e-05
-4.8 0.523684 -1.08504e-05
-4.2 0.523684 -8.11553e-06
-3.6 0.523684 -5.65128e-06
-3 0.523684 -3.49649e-06
-2.4 0.523684 -1.6852e-06
-1.8 0.523684 -2.4602e-07
-1.2 0.523684 7.98292e-07
-0.6 0.523684 1.43124e-06
0 0.523684 1.64287e-06
0.6 0.523684 0
1.2 0.523684 0
1.8 0.523684 0
2.4 0.523684 0
3 0.523684 0
3.6 0.523684 0
4.2 0.523684 0
4.8 0.523684 0
5.4 0.523684 0
6 0.523684 0
6.6 0.523684 0
7.2 0.523684 0
7.8 0.523684 0
8.4 0.523684 0
9 0.523684 0
9.6 0.523684 0
10.2 0.523684 0
10.8 0.523684 0
11.4 0.523684 0
12 0.523684 0
12.6 0.523684 0
13.2 0.523684 0
13.8 0.523684 0
14.4 0.523684 0
15 0.523684 0
15.6 0.523684 0
16.2 0.523684 0
16.8 0.523684 0
17.4 0.523684 0
18 0.523684 0
18.6 0.523684 0
19.2 0.523684 0
19.8 0.523684 0
20.4 0.523684 0
21 0.523684 0
21.6 0.523684 0
22.2 0.523684 0
22.8 0.523684 0
23.4 0.523684 0
24 0.523684 0
24.6 0.523684 0
25.2 0.523684 0
25.8 0.523684 0
26.4 0.523684 0
27 0.523684 0
27.6 0.523684 0
28.2 0.523684 0
28.8 0.523684 0
29.4 0.523684 0
30 0.523684 0
-30 0.576316 0
-29.4 0.576316 0
-28.8 0.576316 0
-28.2 0.576316 0
-27.6 0.576316 0
-27 0.576316 0
-26.4 0.576316 0
-25.8 0.576316 0
-25.2 0.576316 0
-24.6 0.576316 0
-24 0.576316 0
-23.4 0.576316 0
-22.8 0.576316 0
-22.2 0.576316 0
-21.6 0.576316 0
-21 0.576316 0
-20.4 0.576316 0
-19.8 0.576316 0
-19.2 0.576316 0
-18.6 0.576316 0
-18 0.576316 0
-17.4 0.576316 0
-16.8 0.576316 0
-16.2 0.576316 0
-15.6 0.576316 0
-15 0.576316 -5.21342e-05
-14.4 0.576316 -5.19226e-05
-13.8 0.576316 -5.12907e-05
-13.2 0.576316 -5.02484e-05
-12.6 0.576316 -4.88121e-05
-12 0.576316 -4.70047e-05
-11.4 0.576316 -4.48545e-05
-10.8 0.576316 -4.23955e-05
-10.2 0.576316 -3.96665e-05
-9.6 0.576316 -3.67105e-05
-9 0.576316 -3.35741e-05
-8.4 0.576316 -3.03069e-05
-7.8 0.576316 -2.69602e-05
-7.2 0.576316 -2.3587e-05
-6.6 0.576316 -2.02403e-05
-6 0.576316 -1.6973e-05
-5.4 0.576316 -1.38367e-05
-4.8 0.576316 -1.08806e-05
-4.2 0.576316 -8.15154e-06
-3.6 0.576316 -5.69247e-06
-3 0.576316 -3.54221e-06
-2.4 0.576316 -1.73472e-06
-1.8 0.576316 -2.98561e-07
-1.2 0.576316 7.43573e-07
-0.6 0.576316 1.37522e-06
0 0.576316 1.58646e-06
0.6 0.576316 0
1.2 0.576316 0
1.8 0.576316 0
2.4 0.576316 0
3 0.576316 0
3.6 0.576316 0
4.2 0.576316 0
4.8 0.576316 0
5.4 0.576316 0
6 0.576316 0
6.6 0.576316 0
7.2 0.576316 0
7.8 0.576316 0
8.4 0.576316 0
9 0.576316 0
9.6 0.576316 0
10.2 0.576316 0
10.8 0.576316 0
11.4 0.576316 0
12 0.576316 0
12.6 0.576316 0
13.2 0.576316 0
13.8 0.576316 0
14.4 0.576316 0
15 0.576316 0
15.6 0.576316 0
16.2 0.576316 0
16.8 0.576316 0
17.4 0.576316 0
18 0.576316 0
18.6 0.576316 0
19.2 0.576316 0
19.8 0.576316 0
20.4 0.576316 0
21 0.576316 0
21.6 0.576316 0
22.2 0.576316 0
22.8 0.576316 0
23.4 0.576316 0
24 0.576316 0
24.6 0.576316 0
25.2 0.576316 0
25.8 0.576316 0
26.4 0.576316 0
27 0.576316 0
27.6 0.576316 0
28.2 0.576316 0
28.8 0.576316 0
29.4 0.576316 0
30 0.576316 0
-30 0.628947 0
-29.4 0.628947 0
-28.8 0.628947 0
-28.2 0.628947 0
-27.6 0.628947 0
-27 0.628947 0
-26.4 0.628947 0
-25.8 0.628947 0
-25.2 0.628947 0
-24.6 0.628947 0
-24 0.628947 0
-23.4 0.628947 0
-22.8 0.628947 0
-22.2 0.628947 0
-21.6 0.628947 0
-21 0.628947 0
-20.4 0.628947 0
-19.8 0.628947 0
-19.2 0.628947 0
-18.6 0.628947 0
-18 0.628947 0
-17.4 0.628947 0
-16.8 0.628947 0
-16.2 0.628947 0
-15.6 0.628947 0
-15 0.628947 -5.20779e-05
-14.4 0.628947 -5.18667e-05
-13.8 0.628947 -5.12361e-05
-13.2 0.628947 -5.0196e-05
-12.6 0.628947 -4.87627e-05
-12 0.628947 -4.69591e-05
-11.4 0.628947 -4.48134e-05
-10.8 0.628947 -4.23596e-05
-10.2 0.628947 -3.96363e-05
-9.6 0.628947 -3.66865e-05
-9 0.628947 -3.35567e-05
-8.4 0.628947 -3.02963e-05
-7.8 0.628947 -2.69567e-05
-7.2 0.628947 -2.35905e-05
-6.6 0.628947 -2.02509e-05
-6 0.628947 -1.69905e-05
-5.4 0.628947 -1.38607e-05
-4.8 0.628947 -1.09108e-05
-4.2 0.628947 -8.18748e-06
-3.6 0.628947 -5.73357e-06
-3 0.628947 -3.58783e-06
-2.4 0.628947 -1.78414e-06
-1.8 0.628947 -3.5099e-07
-1.2 0.628947 6.88971e-07
-0.6 0.628947 1.31932e-06
0 0.628947 1.53017e-06
0.6 0.628947 0
1.2 0.628947 0
1.8 0.628947 0
2.4 0.628947 0
3 0.628947 0
3.6 0.628947 0
4.2 0.628947 0
4.8 0.628947 0
5.4 0.628947 0
6 0.628947 0
6.6 0.628947 0
7.2 0.628947 0
7.8 0.628947 0
8.4 0.628947 0
9 0.628947 0
9.6 0.628947 0
10.2 0.628947 0
10.8 0.628947 0
11.4 0.628947 0
12 0.628947 0
12.6 0.628947 0
13.2 0.628947 0
13.8 0.628947 0
14.4 0.628947 0
15 0.628947 0
15.6 0.628947 0
16.2 0.628947 0
16.8 0.628947 0
17.4 0.628947 0
18 0.628947 0
18.6 0.628947 0
19.2 0.628947 0
19.8 0.628947 0
20.4 0.628947 0
21 0.628947 0
21.6 0.628947 0
22.2 0.628947 0
22.8 0.628947 0
23.4 0.628947 0
24 0.628947 0
24.6 0.628947 0
25.2 0.628947 0
25.8 0.628947 0
26.4 0.628947 0
27 0.628947 0
27.6 0.628947 0
28.2 0.628947 0
28.8 0.628947 0
29.4 0.628947 0
30 0.628947 0
-30 0.681579 0
-29.4 0.681579 0
-28.8 0.681579 0
-28.2 0.681579 0
-27.6 0.681579 0
-27 0.681579 0
-26.4 0.681579 0
-25.8 0.681579 0
-25.2 0.681579 0
-24.6 0.681579 0
-24 0.681579 0
-23.4 0.681579 0
-22.8 0.681579 0
-22.2 0.681579 0
-21.6 0.681579 0
-21 0.681579 0
-20.4 0.681579 0
-19.8 0.681579 0
-19.2 0.681579 0
-18.6 0.681579 0
-18 0.681579 0
-17.4 0.681579 0
-16.8 0.681579 0
-16.2 0.681579 0
-15.6 0.681579 0
-15 0.681579 -5.20216e-05
-14.4 0.681579 -5.18109e-05
-13.8 0.681579 -5.11816e-05
-13.2 0.681579 -5.01437e-05
-12.6 0.681579 -4.87135e-05
-12 0.681579 -4.69136e-05
-11.4 0.681579 -4.47724e-05
-10.8 0.681579 -4.23237e-05
-10.2 0.681579 -3.96062e-05
-9.6 0.681579 -3.66626e-05
-9 0.681579 -3.35394e-05
-8.4 0.681579 -3.02858e-05
-7.8 0.681579 -2.69532e-05
-7.2 0.681579 -2.35941e-05
-6.6 0.681579 -2.02614e-05
-6 0.681579 -1.70079e-05
-5.4 0.681579 -1.38846e-05
-4.8 0.681579 -1.0941e-05
-4.2 0.681579 -8.22335e-06
-3.6 0.681579 -5.77459e-06
-3 0.681579 -3.63336e-06
-2.4 0.681579 -1.83345e-06
-1.8 0.681579 -4.03307e-07
-1.2 0.681579 6.34484e-07
-0.6 0.681579 1.26354e-06
0 0.681579 1.47399e-06
0.6 0.681579 0
1.2 0.681579 0
1.8 0.681579 0
2.4 0.681579 0
3 0.681579 0
3.6 0.681579 0
4.2 0.681579 0
4.8 0.681579 0
5.4 0.681579 0
6 0.681579 0
6.6 0.681579 0
7.2 0.681579 0
7.8 0.681579 0
8.4 0.681579 0
9 0.681579 0
9.6 0.681579 0
10.2 0.681579 0
10.8 0.681579 0
11.4 0.681579 0
12 0.681579 0
12.6 0.681579 0
13.2 0.681579 0
13.8 0.681579 0
14.4 0.681579 0
15 0.681579 0
15.6 0.681579 0
16.2 0.681579 0
16.8 0.681579 0
17.4 0.681579 0
18 0.681579 0
18.6 0.681579 0
19.2 0.681579 0
19.8 0.681579 0
20.4 0.681579 0
21 0.681579 0
21.6 0.681579 0
22.2 0.681579 0
22.8 0.681579 0
23.4 0.681579 0
24 0.681579 0
24.6 0.681579 0
25.2 0.681579 0
25.8 0.681579 0
26.4 0.681579 0
27 0.681579 0
27.6 0.681579 0
28.2 0.681579 0
28.8 0.681579 0
29.4 0.681579 0
30 0.681579 0
-30 0.734211 0
-29.4 0.734211 0
-28.8 0.734211 0
-28.2 0.734211 0
-27.6 0.734211 0
-27 0.734211 0
-26.4 0.734211 0
-25.8 0.734211 0
-25.2 0.734211 0
-24.6 0.734211 0
-24 0.734211 0
-23.4 0.734211 0
-22.8 0.734211 0
-22.2 0.734211 0
-21.6 0.734211 0
-21 0.734211 0
-20.4 0.734211 0
-19.8 0.734211 0
-19.2 0.734211 0
-18.6 0.734211 0
-18 0.734211 0
-17.4 0.734211 0
-16.8 0.734211 0
-16.2 0.734211 0
-15.6 0.734211 0
-15 0.734211 -5.19656e-05
-14.4 0.734211 -5.17552e-05
-13.8 0.734211 -5.11273e-05
-13.2 0.734211 -5.00915e-05
-12.6 0.734211 -4.86643e-05
-12 0.734211 -4.68682e-05
-11.4 0.734211 -4.47315e-05
-10.8 0.734211 -4.2288e-05
-10.2 0.734211 -3.95761e-05
-9.6 0.734211 -3.66387e-05
-9 0.734211 -3.3522e-05
-8.4 0.734211 -3.02753e-05
-7.8 0.734211 -2.69497e-05
-7.2 0.734211 -2.35976e-05
-6.6 0.734211 -2.0272e-05
-6 0.734211 -1.70252e-05
-5.4 0.734211 -1.39085e-05
-4.8 0.734211 -1.09711e-05
-4.2 0.734211 -8.25914e-06
-3.6 0.734211 -5.81552e-06
-3 0.734211 -3.67879e-06
-2.4 0.734211 -1.88266e-06
-1.8 0.734211 -4.55514e-07
-1.2 0.734211 5.80113e-07
-0.6 0.734211 1.20788e-06
0 0.734211 1.41793e-06
0.6 0.734211 0
1.2 0.734211 0
1.8 0.734211 0
2.4 0.734211 0
3 0.734211 0
3.6 0.734211 0
4.2 0.734211 0
4.8 0.734211 0
5.4 0.734211 0
6 0.734211 0
6.6 0.734211 0
7.2 0.734211 0
7.8 0.734211 0
8.4 0.734211 0
9 0.734211 0
9.6 0.734211 0
10.2 0.734211 0
10.8 0.734211 0
11.4 0.734211 0
12 0.734211 0
12.6 0.734211 0
13.2 0.734211 0
13.8 0.734211 0
14.4 0.734211 0
15 0.734211 0
15.6 0.734211 0
16.2 0.734211 0
16.8 0.734211 0
17.4 0.734211 0
18 0.734211 0
18.6 0.734211 0
19.2 0.734211 0
19.8 0.734211 0
20.4 0.734211 0
21 0.734211 0
21.6 0.734211 0
22.2 0.734211 0
22.8 0.734211 0
23.4 0.734211 0
24 0.734211 0
24.6 0.734211 0
25.2 0.734211 0
25.8 0.734211 0
26.4 0.734211 0
27 0.734211 0
27.6 0.734211 0
28.2 0.734211 0
28.8 0.734211 0
29.4 0.734211 0
30 0.734211 0
-30 0.786842 0
-29.4 0.786842 0
-28.8 0.786842 0
-28.2 0.786842 0
-27.6 0.786842 0
-27 0.786842 0
-26.4 0.786842 0
-25.8 0.786842 0
-25.2 0.786842 0
-24.6 0.786842 0
-24 0.786842 0
-23.4 0.786842 0
-22.8 0.786842 0
-22.2 0.786842 0
-21.6 0.786842 0
-21 0.786842 0
-20.4 0.786842 0
-19.8 0.786842 0
-19.2 0.786842 0
-18.6 0.786842 0
-18 0.786842 0
-17.4 0.786842 0
-16.8 0.786842 0
-16.2 0.786842 0
-15.6 0.786842 0
-15 0.786842 -5.19096e-05
-14.4 0.786842 -5.16997e-05
-13.8 0.786842 -5.1073e-05
-13.2 0.786842 -5.00394e-05
-12.6 0.786842 -4.86152e-05
-12 0.786842 -4.68229e-05
-11.4 0.786842 -4.46907e-05
-10.8 0.786842 -4.22523e-05
-10.2 0.786842 -3.95461e-05
-9.6 0.786842 -3.66149e-05
-9 0.786842 -3.35048e-05
-8.4 0.786842 -3.02648e-05
-7.8 0.786842 -2.69462e-05
-7.2 0.786842 -2.36011e-05
-6.6 0.786842 -2.02825e-05
-6 0.786842 -1.70425e-05
-5.4 0.786842 -1.39324e-05
-4.8 0.786842 -1.10011e-05
-4.2 0.786842 -8.29485e-06
-3.6 0.786842 -5.85637e-06
-3 0.786842 -3.72412e-06
-2.4 0.786842 -1.93176e-06
-1.8 0.786842 -5.0761e-07
-1.2 0.786842 5.25858e-07
-0.6 0.786842 1.15234e-06
0 0.786842 1.36199e-06
0.6 0.786842 0
1.2 0.786842 0
1.8 0.786842 0
2.4 0.786842 0
3 0.786842 0
3.6 0.786842 0
4.2 0.786842 0
4.8 0.786842 0
5.4 0.786842 0
6 0.786842 0
6.6 0.786842 0
7.2 0.786842 0
7.8 0.786842 0
8.4 0.786842 0
9 0.786842 0
9.6 0.786842 0
10.2 0.786842 0
10.8 0.786842 0
11.4 0.786842 0
12 0.786842 0
12.6 0.786842 0
13.2 0.786842 0
13.8 0.786842 0
14.4 0.786842 0
15 0.786842 0
15.6 0.786842 0
16.2 0.786842 0
16.8 0.786842 0
17.4 0.786842 0
18 0.786842 0
18.6 0.786842 0
19.2 0.786842 0
19.8 0.786842 0
20.4 0.786842 0
21 0.786842 0
21.6 0.786842 0
22.2 0.786842 0
22.8 0.786842 0
23.4 0.786842 0
24 0.786842 0
24.6 0.786842 0
25.2 0.786842 0
25.8 0.786842 0
26.4 0.786842 0
27 0.786842 0
27.6 0.786842 0
28.2 0.786842 0
28.8 0.786842 0
29.4 0.786842 0
30 0.786842 0
-30 0.839474 0
-29.4 0.839474 0
-28.8 0.839474 0
-28.2 0.839474 0
-27.6 0.839474 0
-27 0.839474 0
-26.4 0.839474 0
-25.8 0.839474 0
-25.2 0.839474 0
-24.6 0.839474 0
-24 0.839474 0
-23.4 0.839474 0
-22.8 0.839474 0
-22.2 0.839474 0
-21.6 0.839474 0
-21 0.839474 0
-20.4 0.839474 0
-19.8 0.839474 0
-19.2 0.839474 0
-18.6 0.839474 0
-18 0.839474 0
-17.4 0.839474 0
-16.8 0.839474 0
-16.2 0.839474 0
-15.6 0.839474 0
-15 0.839474 -5.18537e-05
-14.4 0.839474 -5.16443e-05
-13.8 0.839474 -5.10189e-05
-13.2 0.839474 -4.99874e-05
-12.6 0.839474 -4.85662e-05
-12 0.839474 -4.67776e-05
-11.4 0.839474 -4.46499e-05
-10.8 0.839474 -4.22167e-05
-10.2 0.839474 -3.95162e-05
-9.6 0.839474 -3.65911e-05
-9 0.839474 -3.34875e-05
-8.4 0.839474 -3.02544e-05
-7.8 0.839474 -2.69427e-05
-7.2 0.839474 -2.36046e-05
-6.6 0.839474 -2.0293e-05
-6 0.839474 -1.70598e-05
-5.4 0.839474 -1.39562e-05
-4.8 0.839474 -1.1031e-05
-4.2 0.839474 -8.33049e-06
-3.6 0.839474 -5.89713e-06
-3 0.839474 -3.76936e-06
-2.4 0.839474 -1.98077e-06
-1.8 0.839474 -5.59595e-07
-1.2 0.839474 4.71718e-07
-0.6 0.839474 1.09691e-06
0 0.839474 1.30616e-06
0.6 0.839474 0
1.2 0.839474 0
1.8 0.839474 0
2.4 0.839474 0
3 0.839474 0
3.6 0.839474 0
4.2 0.839474 0
4.8 0.839474 0
5.4 0.839474 0
6 0.839474 0
6.6 0.839474 0
7.2 0.839474 0
7.8 0.839474 0
8.4 0.839474 0
9 0.839474 0
9.6 0.839474 0
10.2 0.839474 0
10.8 0.839474 0
11.4 0.839474 0
12 0.839474 0
12.6 0.839474 0
13.2 0.839474 0
13.8 0.839474 0
14.4 0.839474 0
15 0.839474 0
15.6 0.839474 0
16.2 0.839474 0
16.8 0.839474 0
17.4 0.839474 0
18 0.839474 0
18.6 0.839474 0
19.2 0.839474 0
19.8 0.839474 0
20.4 0.839474 0
21 0.839474 0
21.6 0.839474 0
22.2 0.839474 0
22.8 0.839474 0
23.4 0.839474 0
24 0.839474 0
24.6 0.839474 0
25.2 0.839474 0
25.8 0.839474 0
26.4 0.839474 0
27 0.839474 0
27.6 0.839474 0
28.2 0.839474 0
28.8 0.839474 0
29.4 0.839474 0
30 0.839474 0
-30 0.892105 0
-29.4 0.892105 0
-28.8 0.892105 0
-28.2 0.892105 0
-27.6 0.892105 0
-27 0.892105 0
-26.4 0.892105 0
-25.8 0.892105 0
-25.2 0.892105 0
-24.6 0.892105 0
-24 0.892105 0
-23.4 0.892105 0
-22.8 0.892105 0
-22.2 0.892105 0
-21.6 0.892105 0
-21 0.892105 0
-20.4 0.892105 0
-19.8 0.892105 0
-19.2 0.892105 0
-18.6 0.892105 0
-18 0.892105 0
-17.4 0.892105 0
-16.8 0.892105 0
-16.2 0.892105 0
-15.6 0.892105 0
-15 0.892105 -5.17979e-05
-14.4 0.892105 -5.15889e-05
-13.8 0.892105 -5.09648e-05
-13.2 0.892105 -4.99356e-05
-12.6 0.892105 -4.85173e-05
-12 0.892105 -4.67325e-05
-11.4 0.892105 -4.46093e-05
-10.8 0.892105 -4.21811e-05
-10.2 0.892105 -3.94863e-05
-9.6 0.892105 -3.65674e-05
-9 0.892105 -3.34703e-05
-8.4 0.892105 -3.02439e-05
-7.8 0.892105 -2.69392e-05
-7.2 0.892105 -2.36082e-05
-6.6 0.892105 -2.03034e-05
-6 0.892105 -1.70771e-05
-5.4 0.892105 -1.398e-05
-4.8 0.892105 -1.10609e-05
-4.2 0.892105 -8.36605e-06
-3.6 0.892105 -5.9378e-06
-3 0.892105 -3.8145e-06
-2.4 0.892105 -2.02966e-06
-1.8 0.892105 -6.1147e-07
-1.2 0.892105 4.17693e-07
-0.6 0.892105 1.0416e-06
0 0.892105 1.25045e-06
0.6 0.892105 0
1.2 0.892105 0
1.8 0.892105 0
2.4 0.892105 0
3 0.892105 0
3.6 0.892105 0
4.2 0.892105 0
4.8 0.892105 0
5.4 0.892105 0
6 0.892105 0
6.6 0.892105 0
7.2 0.892105 0
7.8 0.892105 0
8.4 0.892105 0
9 0.892105 0
9.6 0.892105 0
10.2 0.892105 0
10.8 0.892105 0
11.4 0.892105 0
12 0.892105 0
12.6 0.892105 0
13.2 0.892105 0
13.8 0.892105 0
14.4 0.892105 0
15 0.892105 0
15.6 0.892105 0
16.2 0.892105 0
16.8 0.892105 0
17.4 0.892105 0
18 0.892105 0
18.6 0.892105 0
19.2 0.892105 0
19.8 0.892105 0
20.4 0.892105 0
21 0.892105 0
21.6 0.892105 0
22.2 0.892105 0
22.8 0.892105 0
23.4 0.892105 0
24 0.892105 0
24.6 0.892105 0
25.2 0.892105 0
25.8 0.892105 0
26.4 0.892105 0
27 0.892105 0
27.6 0.892105 0
28.2 0.892105 0
28.8 0.892105 0
29.4 0.892105 0
30 0.892105 0
-30 0.944737 0
-29.4 0.944737 0
-28.8 0.944737 0
-28.2 0.944737 0
-27.6 0.944737 0
-27 0.944737 0
-26.4 0.944737 0
-25.8 0.944737 0
-25.2 0.944737 0
-24.6 0.944737 0
-24 0.944737 0
-23.4 0.944737 0
-22.8 0.944737 0
-22.2 0.944737 0
-21.6 0.944737 0
-21 0.944737 0
-20.4 0.944737 0
-19.8 0.944737 0
-19.2 0.944737 0
-18.6 0.944737 0
-18 0.944737 0
-17.4 0.944737 0
-16.8 0.944737 0
-16.2 0.944737 0
-15.6 0.944737 0
-15 0.944737 -5.17423e-05
-14.4 0.944737 -5.15337e-05
-13.8 0.944737 -5.09109e-05
-13.2 0.944737 -4.98838e-05
-12.6 0.944737 -4.84686e-05
-12 0.944737 -4.66875e-05
-11.4 0.944737 -4.45687e-05
-10.8 0.944737 -4.21457e-05
-10.2 0.944737 -3.94565e-05
-9.6 0.944737 -3.65437e-05
-9 0.944737 -3.34531e-05
-8.4 0.944737 -3.02335e-05
-7.8 0.944737 -2.69357e-05
-7.2 0.944737 -2.36117e-05
-6.6 0.944737 -2.03139e-05
-6 0.944737 -1.70943e-05
-5.4 0.944737 -1.40037e-05
-4.8 0.944737 -1.10908e-05
-4.2 0.944737 -8.40154e-06
-3.6 0.944737 -5.97839e-06
-3 0.944737 -3.85955e-06
-2.4 0.944737 -2.07846e-06
-1.8 0.944737 -6.63235e-07
-1.2 0.944737 3.63783e-07
-0.6 0.944737 9.86408e-07
0 0.944737 1.19486e-06
0.6 0.944737 0
1.2 0.944737 0
1.8 0.944737 0
2.4 0.944737 0
3 0.944737 0
3.6 0.944737 0
4.2 0.944737 0
4.8 0.944737 0
5.4 0.944737 0
6 0.944737 0
6.6 0.944737 0
7.2 0.944737 0
7.8 0.944737 0
8.4 0.944737 0
9 0.944737 0
9.6 0.944737 0
10.2 0.944737 0
10.8 0.944737 0
11.4 0.944737 0
12 0.944737 0
12.6 0.944737 0
13.2 0.944737 0
13.8 0.944737 0
14.4 0.944737 0
15 0.944737 0
15.6 0.944737 0
16.2 0.944737 0
16.8 0.944737 0
17.4 0.944737 0
18 0.944737 0
18.6 0.944737 0
19.2 0.944737 0
19.8 0.944737 0
20.4 0.944737 0
21 0.944737 0
21.6 0.944737 0
22.2 0.944737 0
22.8 0.944737 0
23.4 0.944737 0
24 0.944737 0
24.6 0.944737 0
25.2 0.944737 0
25.8 0.944737 0
26.4 0.944737 0
27 0.944737 0
27.6 0.944737 0
28.2 0.944737 0
28.8 0.944737 0
29.4 0.944737 0
30 0.944737 0
-30 0.997368 0
-29.4 0.997368 0
-28.8 0.997368 0
-28.2 0.997368 0
-27.6 0.997368 0
-27 0.997368 0
-26.4 0.997368 0
-25.8 0.997368 0
-25.2 0.997368 0
-24.6 0.997368 0
-24 0.997368 0
-23.4 0.997368 0
-22.8 0.997368 0
-22.2 0.997368 0
-21.6 0.997368 0
-21 0.997368 0
-20.4 0.997368 0
-19.8 0.997368 0
-19.2 0.997368 0
-18.6 0.997368 0
-18 0.997368 0
-17.4 0.997368 0
-16.8 0.997368 0
-16.2 0.997368 0
-15.6 0.997368 0
-15 0.997368 -5.16868e-05
-14.4 0.997368 -5.14786e-05
-13.8 0.997368 -5.08571e-05
-13.2 0.997368 -4.98322e-05
-12.6 0.997368 -4.84199e-05
-12 0.997368 -4.66426e-05
-11.4 0.997368 -4.45283e-05
-10.8 0.997368 -4.21103e-05
-10.2 0.997368 -3.94268e-05
-9.6 0.997368 -3.652e-05
-9 0.997368 -3.34359e-05
-8.4 0.997368 -3.02231e-05
-7.8 0.997368 -2.69322e-05
-7.2 0.997368 -2.36152e-05
-6.6 0.997368 -2.03243e-05
-6 0.997368 -1.71114e-05
-5.4 0.997368 -1.40273e-05
-4.8 0.997368 -1.11205e-05
-4.2 0.997368 -8.43696e-06
-3.6 0.997368 -6.01889e-06
-3 0.997368 -3.9045e-06
-2.4 0.997368 -2.12715e-06
-1.8 0.997368 -7.14891e-07
-1.2 0.997368 3.09987e-07
-0.6 0.997368 9.31332e-07
0 0.997368 1.13939e-06
0.6 0.997368 0
1.2 0.997368 0
1.8 0.997368 0
2.4 0.997368 0
3 0.997368 0
3.6 0.997368 0
4.2 0.997368 0
4.8 0.997368 0
5.4 0.997368 0
6 0.997368 0
6.6 0.997368 0
7.2 0.997368 0
7.8 0.997368 0
8.4 0.997368 0
9 0.997368 0
9.6 0.997368 0
10.2 0.997368 0
10.8 0.997368 0
11.4 0.997368 0
12 0.997368 0
12.6 0.997368 0
13.2 0.997368 0
13.8 0.997368 0
14.4 0.997368 0
15 0.997368 0
15.6 0.997368 0
16.2 0.997368 0
16.8 0.997368 0
17.4 0.997368 0
18 0.997368 0
18.6 0.997368 0
19.2 0.997368 0
19.8 0.997368 0
20.4 0.997368 0
21 0.997368 0
21.6 0.997368 0
22.2 0.997368 0
22.8 0.997368 0
23.4 0.997368 0
24 0.997368 0
24.6 0.997368 0
25.2 0.997368 0
25.8 0.997368 0
26.4 0.997368 0
27 0.997368 0
27.6 0.997368 0
28.2 0.997368 0
28.8 0.997368 0
29.4 0.997368 0
30 0.997368 0
-30 1.05 0
-29.4 1.05 0
-28.8 1.05 0
-28.2 1.05 0
-27.6 1.05 0
-27 1.05 0
-26.4 1.05 0
-25.8 1.05 0
-25.2 1.05 0
-24.6 1.05 0
-24 1.05 0
-23.4 1.05 0
-22.8 1.05 0
-22.2 1.05 0
-21.6 1.05 0
-21 1.05 0
-20.4 1.05 0
-19.8 1.05 0
-19.2 1.05 0
-18.6 1.05 0
-18 1.05 0
-17.4 1.05 0
-16.8 1.05 0
-16.2 1.05 0
-15.6 1.05 0
-15 1.05 -5.16314e-05
-14.4 1.05 -5.14236e-05
-13.8 1.05 -5.08034e-05
-13.2 1.05 -4.97806e-05
-12.6 1.05 -4.83713e-05
-12 1.05 -4.65977e-05
-11.4 1.05 -4.44879e-05
-10.8 1.05 -4.2075e-05
-10.2 1.05 -3.93971e-05
-9.6 1.05 -3.64965e-05
-9 1.05 -3.34188e-05
-8.4 1.05 -3.02127e-05
-7.8 1.05 -2.69288e-05
-7.2 1.05 -2.36187e-05
-6.6 1.05 -2.03347e-05
-6 1.05 -1.71286e-05
-5.4 1.05 -1.40509e-05
-4.8 1.05 -1.11502e-05
-4.2 1.05 -8.4723e-06
-3.6 1.05 -6.05931e-06
-3 1.05 -3.94936e-06
-2.4 1.05 -2.17574e-06
-1.8 1.05 -7.66437e-07
-1.2 1.05 2.56305e-07
-0.6 1.05 8.76372e-07
0 1.05 1.08403e-06
0.6 1.05 0
1.2 1.05 0
1.8 1.05 0
2.4 1.05 0
3 1.05 0
3.6 1.05 0
4.2 1.05 0
4.8 1.05 0
5.4 1.05 0
6 1.05 0
6.6 1.05 0
7.2 1.05 0
7.8 1.05 0
8.4 1.05 0
9 1.05 0
9.6 1.05 0
10.2 1.05 0
10.8 1.05 0
11.4 1.05 0
12 1.05 0
12.6 1.05 0
13.2 1.05 0
13.8 1.05 0
14.4 1.05 0
15 1.05 0
15.6 1.05 0
16.2 1.05 0
16.8 1.05 0
17.4 1.05 0
18 1.05 0
18.6 1.05 0
19.2 1.05 0
19.8 1.05 0
20.4 1.05 0
21 1.05 0
21.6 1.05 0
22.2 1.05 0
22.8 1.05 0
23.4 1.05 0
24 1.05 0
24.6 1.05 0
25.2 1.05 0
25.8 1.05 0
26.4 1.05 0
27 1.05 0
27.6 1.05 0
28.2 1.05 0
28.8 1.05 0
29.4 1.05 0
30 1.05 0
