-30 0.01 0
-29.4 0.01 0
-28.8 0.01 0
-28.2 0.01 0
-27.6 0.01 0
-27 0.01 0
-26.4 0.01 0
-25.8 0.01 0
-25.2 0.01 0
-24.6 0.01 0
-24 0.01 0
-23.4 0.01 0
-22.8 0.01 0
-22.2 0.01 0
-21.6 0.01 0
-21 0.01 0
-20.4 0.01 0
-19.8 0.01 0
-19.2 0.01 0
-18.6 0.01 0
-18 0.01 0
-17.4 0.01 0
-16.8 0.01 0
-16.2 0.01 0
-15.6 0.01 0
-15 0.01 0
-14.4 0.01 0
-13.8 0.01 0
-13.2 0.01 0
-12.6 0.01 0
-12 0.01 0
-11.4 0.01 0
-10.8 0.01 0
-10.2 0.01 0
-9.6 0.01 0
-9 0.01 0
-8.4 0.01 0
-7.8 0.01 0
-7.2 0.01 0
-6.6 0.01 0
-6 0.01 0
-5.4 0.01 0
-4.8 0.01 0
-4.2 0.01 0
-3.6 0.01 0
-3 0.01 0
-2.4 0.01 0
-1.8 0.01 0
-1.2 0.01 0
-0.6 0.01 0
0 0.01 0
0.6 0.01 0
1.2 0.01 0
1.8 0.01 0
2.4 0.01 0
3 0.01 0
3.6 0.01 0
4.2 0.01 0
4.8 0.01 0
5.4 0.01 0
6 0.01 0
6.6 0.01 0
7.2 0.01 0
7.8 0.01 0
8.4 0.01 0
9 0.01 0
9.6 0.01 0
10.2 0.01 0
10.8 0.01 0
11.4 0.01 0
12 0.01 0
12.6 0.01 0
13.2 0.01 0
13.8 0.01 0
14.4 0.01 0
15 0.01 0
15.6 0.01 0
16.2 0.01 0
16.8 0.01 0
17.4 0.01 0
18 0.01 0
18.6 0.01 0
19.2 0.01 0
19.8 0.01 0
20.4 0.01 0
21 0.01 0
21.6 0.01 0
22.2 0.01 0
22.8 0.01 0
23.4 0.01 0
24 0.01 0
24.6 0.01 0
25.2 0.01 0
25.8 0.01 0
26.4 0.01 0
27 0.01 0
27.6 0.01 0
28.2 0.01 0
28.8 0.01 0
29.4 0.01 0
30 0.01 0
-30 0.0202041 0
-29.4 0.0202041 0
-28.8 0.0202041 0
-28.2 0.0202041 0
-27.6 0.0202041 0
-27 0.0202041 0
-26.4 0.0202041 0
-25.8 0.0202041 0
-25.2 0.0202041 0
-24.6 0.0202041 0
-24 0.0202041 0
-23.4 0.0202041 0
-22.8 0.0202041 0
-22.2 0.0202041 0
-21.6 0.0202041 0
-21 0.0202041 0
-20.4 0.0202041 0
-19.8 0.0202041 0
-19.2 0.0202041 0
-18.6 0.0202041 0
-18 0.0202041 0
-17.4 0.0202041 0
-16.8 0.0202041 0
-16.2 0.0202041 0
-15.6 0.0202041 0
-15 0.0202041 0
-14.4 0.0202041 0
-13.8 0.0202041 0
-13.2 0.0202041 0
-12.6 0.0202041 0
-12 0.0202041 0
-11.4 0.0202041 0
-10.8 0.0202041 0
-10.2 0.0202041 0
-9.6 0.0202041 0
-9 0.0202041 0
-8.4 0.0202041 0
-7.8 0.0202041 0
-7.2 0.0202041 0
-6.6 0.0202041 0
-6 0.0202041 0
-5.4 0.0202041 0
-4.8 0.0202041 0
-4.2 0.0202041 0
-3.6 0.0202041 0
-3 0.0202041 0
-2.4 0.0202041 0
-1.8 0.0202041 0
-1.2 0.0202041 0
-0.6 0.0202041 0
0 0.0202041 0
0.6 0.0202041 0
1.2 0.0202041 0
1.8 0.0202041 0
2.4 0.0202041 0
3 0.0202041 0
3.6 0.0202041 0
4.2 0.0202041 0
4.8 0.0202041 0
5.4 0.0202041 0
6 0.0202041 0
6.6 0.0202041 0
7.2 0.0202041 0
7.8 0.0202041 0
8.4 0.0202041 0
9 0.0202041 0
9.6 0.0202041 0
10.2 0.0202041 0
10.8 0.0202041 0
11.4 0.0202041 0
12 0.0202041 0
12.6 0.0202041 0
13.2 0.0202041 0
13.8 0.0202041 0
14.4 0.0202041 0
15 0.0202041 0
15.6 0.0202041 0
16.2 0.0202041 0
16.8 0.0202041 0
17.4 0.0202041 0
18 0.0202041 0
18.6 0.0202041 0
19.2 0.0202041 0
19.8 0.0202041 0
20.4 0.0202041 0
21 0.0202041 0
21.6 0.0202041 0
22.2 0.0202041 0
22.8 0.0202041 0
23.4 0.0202041 0
24 0.0202041 0
24.6 0.0202041 0
25.2 0.0202041 0
25.8 0.0202041 0
26.4 0.0202041 0
27 0.0202041 0
27.6 0.0202041 0
28.2 0.0202041 0
28.8 0.0202041 0
29.4 0.0202041 0
30 0.0202041 0
-30 0.0304082 0
-29.4 0.0304082 0
-28.8 0.0304082 0
-28.2 0.0304082 0
-27.6 0.0304082 0
-27 0.0304082 0
-26.4 0.0304082 0
-25.8 0.0304082 0
-25.2 0.0304082 0
-24.6 0.0304082 0
-24 0.0304082 0
-23.4 0.0304082 0
-22.8 0.0304082 0
-22.2 0.0304082 0
-21.6 0.0304082 0
-21 0.0304082 0
-20.4 0.0304082 0
-19.8 0.0304082 0
-19.2 0.0304082 0
-18.6 0.0304082 0
-18 0.0304082 0
-17.4 0.0304082 0
-16.8 0.0304082 0
-16.2 0.0304082 0
-15.6 0.0304082 0
-15 0.0304082 0
-14.4 0.0304082 0
-13.8 0.0304082 0
-13.2 0.0304082 0
-12.6 0.0304082 0
-12 0.0304082 0
-11.4 0.0304082 0
-10.8 0.0304082 0
-10.2 0.0304082 0
-9.6 0.0304082 0
-9 0.0304082 0
-8.4 0.0304082 0
-7.8 0.0304082 0
-7.2 0.0304082 0
-6.6 0.0304082 0
-6 0.0304082 0
-5.4 0.0304082 0
-4.8 0.0304082 0
-4.2 0.0304082 0
-3.6 0.0304082 0
-3 0.0304082 0
-2.4 0.0304082 0
-1.8 0.0304082 0
-1.2 0.0304082 0
-0.6 0.0304082 0
0 0.0304082 0
0.6 0.0304082 0
1.2 0.0304082 0
1.8 0.0304082 0
2.4 0.0304082 0
3 0.0304082 0
3.6 0.0304082 0
4.2 0.0304082 0
4.8 0.0304082 0
5.4 0.0304082 0
6 0.0304082 0
6.6 0.0304082 0
7.2 0.0304082 0
7.8 0.0304082 0
8.4 0.0304082 0
9 0.0304082 0
9.6 0.0304082 0
10.2 0.0304082 0
10.8 0.0304082 0
11.4 0.0304082 0
12 0.0304082 0
12.6 0.0304082 0
13.2 0.0304082 0
13.8 0.0304082 0
14.4 0.0304082 0
15 0.0304082 0
15.6 0.0304082 0
16.2 0.0304082 0
16.8 0.0304082 0
17.4 0.0304082 0
18 0.0304082 0
18.6 0.0304082 0
19.2 0.0304082 0
19.8 0.0304082 0
20.4 0.0304082 0
21 0.0304082 0
21.6 0.0304082 0
22.2 0.0304082 0
22.8 0.0304082 0
23.4 0.0304082 0
24 0.0304082 0
24.6 0.0304082 0
25.2 0.0304082 0
25.8 0.0304082 0
26.4 0.0304082 0
27 0.0304082 0
27.6 0.0304082 0
28.2 0.0304082 0
28.8 0.0304082 0
29.4 0.0304082 0
30 0.0304082 0
-30 0.0406122 0
-29.4 0.0406122 0
-28.8 0.0406122 0
-28.2 0.0406122 0
-27.6 0.0406122 0
-27 0.0406122 0
-26.4 0.0406122 0
-25.8 0.0406122 0
-25.2 0.0406122 0
-24.6 0.0406122 0
-24 0.0406122 0
-23.4 0.0406122 0
-22.8 0.0406122 0
-22.2 0.0406122 0
-21.6 0.0406122 0
-21 0.0406122 0
-20.4 0.0406122 0
-19.8 0.0406122 0
-19.2 0.0406122 0
-18.6 0.0406122 0
-18 0.0406122 0
-17.4 0.0406122 0
-16.8 0.0406122 0
-16.2 0.0406122 0
-15.6 0.0406122 0
-15 0.0406122 0
-14.4 0.0406122 0
-13.8 0.0406122 0
-13.2 0.0406122 0
-12.6 0.0406122 0
-12 0.0406122 0
-11.4 0.0406122 0
-10.8 0.0406122 0
-10.2 0.0406122 0
-9.6 0.0406122 0
-9 0.0406122 0
-8.4 0.0406122 0
-7.8 0.0406122 0
-7.2 0.0406122 0
-6.6 0.0406122 0
-6 0.0406122 0
-5.4 0.0406122 0
-4.8 0.0406122 0
-4.2 0.0406122 0
-3.6 0.0406122 0
-3 0.0406122 0
-2.4 0.0406122 0
-1.8 0.0406122 0
-1.2 0.0406122 0
-0.6 0.0406122 0
0 0.0406122 0
0.6 0.0406122 0
1.2 0.0406122 0
1.8 0.0406122 0
2.4 0.0406122 0
3 0.0406122 0
3.6 0.0406122 0
4.2 0.0406122 0
4.8 0.0406122 0
5.4 0.0406122 0
6 0.0406122 0
6.6 0.0406122 0
7.2 0.0406122 0
7.8 0.0406122 0
8.4 0.0406122 0
9 0.0406122 0
9.6 0.0406122 0
10.2 0.0406122 0
10.8 0.0406122 0
11.4 0.0406122 0
12 0.0406122 0
12.6 0.0406122 0
13.2 0.0406122 0
13.8 0.0406122 0
14.4 0.0406122 0
15 0.0406122 0
15.6 0.0406122 0
16.2 0.0406122 0
16.8 0.0406122 0
17.4 0.0406122 0
18 0.0406122 0
18.6 0.0406122 0
19.2 0.0406122 0
19.8 0.0406122 0
20.4 0.0406122 0
21 0.0406122 0
21.6 0.0406122 0
22.2 0.0406122 0
22.8 0.0406122 0
23.4 0.0406122 0
24 0.0406122 0
24.6 0.0406122 0
25.2 0.0406122 0
25.8 0.0406122 0
26.4 0.0406122 0
27 0.0406122 0
27.6 0.0406122 0
28.2 0.0406122 0
28.8 0.0406122 0
29.4 0.0406122 0
30 0.0406122 0
-30 0.0508163 0
-29.4 0.0508163 0
-28.8 0.0508163 0
-28.2 0.0508163 0
-27.6 0.0508163 0
-27 0.0508163 0
-26.4 0.0508163 0
-25.8 0.0508163 0
-25.2 0.0508163 0
-24.6 0.0508163 0
-24 0.0508163 0
-23.4 0.0508163 0
-22.8 0.0508163 0
-22.2 0.0508163 0
-21.6 0.0508163 0
-21 0.0508163 0
-20.4 0.0508163 0
-19.8 0.0508163 0
-19.2 0.0508163 0
-18.6 0.0508163 0
-18 0.0508163 0
-17.4 0.0508163 0
-16.8 0.0508163 0
-16.2 0.0508163 0
-15.6 0.0508163 0
-15 0.0508163 0
-14.4 0.0508163 0
-13.8 0.0508163 0
-13.2 0.0508163 0
-12.6 0.0508163 0
-12 0.0508163 0
-11.4 0.0508163 0
-10.8 0.0508163 0
-10.2 0.0508163 0
-9.6 0.0508163 0
-9 0.0508163 0
-8.4 0.0508163 0
-7.8 0.0508163 0
-7.2 0.0508163 0
-6.6 0.0508163 0
-6 0.0508163 0
-5.4 0.0508163 0
-4.8 0.0508163 0
-4.2 0.0508163 0
-3.6 0.0508163 0
-3 0.0508163 0
-2.4 0.0508163 0
-1.8 0.0508163 0
-1.2 0.0508163 0
-0.6 0.0508163 0
0 0.0508163 0
0.6 0.0508163 0
1.2 0.0508163 0
1.8 0.0508163 0
2.4 0.0508163 0
3 0.0508163 0
3.6 0.0508163 0
4.2 0.0508163 0
4.8 0.0508163 0
5.4 0.0508163 0
6 0.0508163 0
6.6 0.0508163 0
7.2 0.0508163 0
7.8 0.0508163 0
8.4 0.0508163 0
9 0.0508163 0
9.6 0.0508163 0
10.2 0.0508163 0
10.8 0.0508163 0
11.4 0.0508163 0
12 0.0508163 0
12.6 0.0508163 0
13.2 0.0508163 0
13.8 0.0508163 0
14.4 0.0508163 0
15 0.0508163 0
15.6 0.0508163 0
16.2 0.0508163 0
16.8 0.0508163 0
17.4 0.0508163 0
18 0.0508163 0
18.6 0.0508163 0
19.2 0.0508163 0
19.8 0.0508163 0
20.4 0.0508163 0
21 0.0508163 0
21.6 0.0508163 0
22.2 0.0508163 0
22.8 0.0508163 0
23.4 0.0508163 0
24 0.0508163 0
24.6 0.0508163 0
25.2 0.0508163 0
25.8 0.0508163 0
26.4 0.0508163 0
27 0.0508163 0
27.6 0.0508163 0
28.2 0.0508163 0
28.8 0.0508163 0
29.4 0.0508163 0
30 0.0508163 0
-30 0.0610204 0
-29.4 0.0610204 0
-28.8 0.0610204 0
-28.2 0.0610204 0
-27.6 0.0610204 0
-27 0.0610204 0
-26.4 0.0610204 0
-25.8 0.0610204 0
-25.2 0.0610204 0
-24.6 0.0610204 0
-24 0.0610204 0
-23.4 0.0610204 0
-22.8 0.0610204 0
-22.2 0.0610204 0
-21.6 0.0610204 0
-21 0.0610204 0
-20.4 0.0610204 0
-19.8 0.0610204 0
-19.2 0.0610204 0
-18.6 0.0610204 0
-18 0.0610204 0
-17.4 0.0610204 0
-16.8 0.0610204 0
-16.2 0.0610204 0
-15.6 0.0610204 0
-15 0.0610204 0
-14.4 0.0610204 0
-13.8 0.0610204 0
-13.2 0.0610204 0
-12.6 0.0610204 0
-12 0.0610204 0
-11.4 0.0610204 0
-10.8 0.0610204 0
-10.2 0.0610204 0
-9.6 0.0610204 0
-9 0.0610204 0
-8.4 0.0610204 0
-7.8 0.0610204 0
-7.2 0.0610204 0
-6.6 0.0610204 0
-6 0.0610204 0
-5.4 0.0610204 0
-4.8 0.0610204 0
-4.2 0.0610204 0
-3.6 0.0610204 0
-3 0.0610204 0
-2.4 0.0610204 0
-1.8 0.0610204 0
-1.2 0.0610204 0
-0.6 0.0610204 0
0 0.0610204 0
0.6 0.0610204 0
1.2 0.0610204 0
1.8 0.0610204 0
2.4 0.0610204 0
3 0.0610204 0
3.6 0.0610204 0
4.2 0.0610204 0
4.8 0.0610204 0
5.4 0.0610204 0
6 0.0610204 0
6.6 0.0610204 0
7.2 0.0610204 0
7.8 0.0610204 0
8.4 0.0610204 0
9 0.0610204 0
9.6 0.0610204 0
10.2 0.0610204 0
10.8 0.0610204 0
11.4 0.0610204 0
12 0.0610204 0
12.6 0.0610204 0
13.2 0.0610204 0
13.8 0.0610204 0
14.4 0.0610204 0
15 0.0610204 0
15.6 0.0610204 0
16.2 0.0610204 0
16.8 0.0610204 0
17.4 0.0610204 0
18 0.0610204 0
18.6 0.0610204 0
19.2 0.0610204 0
19.8 0.0610204 0
20.4 0.0610204 0
21 0.0610204 0
21.6 0.0610204 0
22.2 0.0610204 0
22.8 0.0610204 0
23.4 0.0610204 0
24 0.0610204 0
24.6 0.0610204 0
25.2 0.0610204 0
25.8 0.0610204 0
26.4 0.0610204 0
27 0.0610204 0
27.6 0.0610204 0
28.2 0.0610204 0
28.8 0.0610204 0
29.4 0.0610204 0
30 0.0610204 0
-30 0.0712245 0
-29.4 0.0712245 0
-28.8 0.0712245 0
-28.2 0.0712245 0
-27.6 0.0712245 0
-27 0.0712245 0
-26.4 0.0712245 0
-25.8 0.0712245 0
-25.2 0.0712245 0
-24.6 0.0712245 0
-24 0.0712245 0
-23.4 0.0712245 0
-22.8 0.0712245 0
-22.2 0.0712245 0
-21.6 0.0712245 0
-21 0.0712245 0
-20.4 0.0712245 0
-19.8 0.0712245 0
-19.2 0.0712245 0
-18.6 0.0712245 0
-18 0.0712245 0
-17.4 0.0712245 0
-16.8 0.0712245 0
-16.2 0.0712245 0
-15.6 0.0712245 0
-15 0.0712245 0
-14.4 0.0712245 0
-13.8 0.0712245 0
-13.2 0.0712245 0
-12.6 0.0712245 0
-12 0.0712245 0
-11.4 0.0712245 0
-10.8 0.0712245 0
-10.2 0.0712245 0
-9.6 0.0712245 0
-9 0.0712245 0
-8.4 0.0712245 0
-7.8 0.0712245 0
-7.2 0.0712245 0
-6.6 0.0712245 0
-6 0.0712245 0
-5.4 0.0712245 0
-4.8 0.0712245 0
-4.2 0.0712245 0
-3.6 0.0712245 0
-3 0.0712245 0
-2.4 0.0712245 0
-1.8 0.0712245 0
-1.2 0.0712245 0
-0.6 0.0712245 0
0 0.0712245 0
0.6 0.0712245 0
1.2 0.0712245 0
1.8 0.0712245 0
2.4 0.0712245 0
3 0.0712245 0
3.6 0.0712245 0
4.2 0.0712245 0
4.8 0.0712245 0
5.4 0.0712245 0
6 0.0712245 0
6.6 0.0712245 0
7.2 0.0712245 0
7.8 0.0712245 0
8.4 0.0712245 0
9 0.0712245 0
9.6 0.0712245 0
10.2 0.0712245 0
10.8 0.0712245 0
11.4 0.0712245 0
12 0.0712245 0
12.6 0.0712245 0
13.2 0.0712245 0
13.8 0.0712245 0
14.4 0.0712245 0
15 0.0712245 0
15.6 0.0712245 0
16.2 0.0712245 0
16.8 0.0712245 0
17.4 0.0712245 0
18 0.0712245 0
18.6 0.0712245 0
19.2 0.0712245 0
19.8 0.0712245 0
20.4 0.0712245 0
21 0.0712245 0
21.6 0.0712245 0
22.2 0.0712245 0
22.8 0.0712245 0
23.4 0.0712245 0
24 0.0712245 0
24.6 0.0712245 0
25.2 0.0712245 0
25.8 0.0712245 0
26.4 0.0712245 0
27 0.0712245 0
27.6 0.0712245 0
28.2 0.0712245 0
28.8 0.0712245 0
29.4 0.0712245 0
30 0.0712245 0
-30 0.0814286 0
-29.4 0.0814286 0
-28.8 0.0814286 0
-28.2 0.0814286 0
-27.6 0.0814286 0
-27 0.0814286 0
-26.4 0.0814286 0
-25.8 0.0814286 0
-25.2 0.0814286 0
-24.6 0.0814286 0
-24 0.0814286 0
-23.4 0.0814286 0
-22.8 0.0814286 0
-22.2 0.0814286 0
-21.6 0.0814286 0
-21 0.0814286 0
-20.4 0.0814286 0
-19.8 0.0814286 0
-19.2 0.0814286 0
-18.6 0.0814286 0
-18 0.0814286 0
-17.4 0.0814286 0
-16.8 0.0814286 0
-16.2 0.0814286 0
-15.6 0.0814286 0
-15 0.0814286 0
-14.4 0.0814286 0
-13.8 0.0814286 0
-13.2 0.0814286 0
-12.6 0.0814286 0
-12 0.0814286 0
-11.4 0.0814286 0
-10.8 0.0814286 0
-10.2 0.0814286 0
-9.6 0.0814286 0
-9 0.0814286 0
-8.4 0.0814286 0
-7.8 0.0814286 0
-7.2 0.0814286 0
-6.6 0.0814286 0
-6 0.0814286 0
-5.4 0.0814286 0
-4.8 0.0814286 0
-4.2 0.0814286 0
-3.6 0.0814286 0
-3 0.0814286 0
-2.4 0.0814286 0
-1.8 0.0814286 0
-1.2 0.0814286 0
-0.6 0.0814286 0
0 0.0814286 0
0.6 0.0814286 0
1.2 0.0814286 0
1.8 0.0814286 0
2.4 0.0814286 0
3 0.0814286 0
3.6 0.0814286 0
4.2 0.0814286 0
4.8 0.0814286 0
5.4 0.0814286 0
6 0.0814286 0
6.6 0.0814286 0
7.2 0.0814286 0
7.8 0.0814286 0
8.4 0.0814286 0
9 0.0814286 0
9.6 0.0814286 0
10.2 0.0814286 0
10.8 0.0814286 0
11.4 0.0814286 0
12 0.0814286 0
12.6 0.0814286 0
13.2 0.0814286 0
13.8 0.0814286 0
14.4 0.0814286 0
15 0.0814286 0
15.6 0.0814286 0
16.2 0.0814286 0
16.8 0.0814286 0
17.4 0.0814286 0
18 0.0814286 0
18.6 0.0814286 0
19.2 0.0814286 0
19.8 0.0814286 0
20.4 0.0814286 0
21 0.0814286 0
21.6 0.0814286 0
22.2 0.0814286 0
22.8 0.0814286 0
23.4 0.0814286 0
24 0.0814286 0
24.6 0.0814286 0
25.2 0.0814286 0
25.8 0.0814286 0
26.4 0.0814286 0
27 0.0814286 0
27.6 0.0814286 0
28.2 0.0814286 0
28.8 0.0814286 0
29.4 0.0814286 0
30 0.0814286 0
-30 0.0916327 0
-29.4 0.0916327 0
-28.8 0.0916327 0
-28.2 0.0916327 0
-27.6 0.0916327 0
-27 0.0916327 0
-26.4 0.0916327 0
-25.8 0.0916327 0
-25.2 0.0916327 0
-24.6 0.0916327 0
-24 0.0916327 0
-23.4 0.0916327 0
-22.8 0.0916327 0
-22.2 0.0916327 0
-21.6 0.0916327 0
-21 0.0916327 0
-20.4 0.0916327 0
-19.8 0.0916327 0
-19.2 0.0916327 0
-18.6 0.0916327 0
-18 0.0916327 0
-17.4 0.0916327 0
-16.8 0.0916327 0
-16.2 0.0916327 0
-15.6 0.0916327 0
-15 0.0916327 0
-14.4 0.0916327 0
-13.8 0.0916327 0
-13.2 0.0916327 0
-12.6 0.0916327 0
-12 0.0916327 0
-11.4 0.0916327 0
-10.8 0.0916327 0
-10.2 0.0916327 0
-9.6 0.0916327 0
-9 0.0916327 0
-8.4 0.0916327 0
-7.8 0.0916327 0
-7.2 0.0916327 0
-6.6 0.0916327 0
-6 0.0916327 0
-5.4 0.0916327 0
-4.8 0.0916327 0
-4.2 0.0916327 0
-3.6 0.0916327 0
-3 0.0916327 0
-2.4 0.0916327 0
-1.8 0.0916327 0
-1.2 0.0916327 0
-0.6 0.0916327 0
0 0.0916327 0
0.6 0.0916327 0
1.2 0.0916327 0
1.8 0.0916327 0
2.4 0.0916327 0
3 0.0916327 0
3.6 0.0916327 0
4.2 0.0916327 0
4.8 0.0916327 0
5.4 0.0916327 0
6 0.0916327 0
6.6 0.0916327 0
7.2 0.0916327 0
7.8 0.0916327 0
8.4 0.0916327 0
9 0.0916327 0
9.6 0.0916327 0
10.2 0.0916327 0
10.8 0.0916327 0
11.4 0.0916327 0
12 0.0916327 0
12.6 0.0916327 0
13.2 0.0916327 0
13.8 0.0916327 0
14.4 0.0916327 0
15 0.0916327 0
15.6 0.0916327 0
16.2 0.0916327 0
16.8 0.0916327 0
17.4 0.0916327 0
18 0.0916327 0
18.6 0.0916327 0
19.2 0.0916327 0
19.8 0.0916327 0
20.4 0.0916327 0
21 0.0916327 0
21.6 0.0916327 0
22.2 0.0916327 0
22.8 0.0916327 0
23.4 0.0916327 0
24 0.0916327 0
24.6 0.0916327 0
25.2 0.0916327 0
25.8 0.0916327 0
26.4 0.0916327 0
27 0.0916327 0
27.6 0.0916327 0
28.2 0.0916327 0
28.8 0.0916327 0
29.4 0.0916327 0
30 0.0916327 0
-30 0.101837 0
-29.4 0.101837 0
-28.8 0.101837 0
-28.2 0.101837 0
-27.6 0.101837 0
-27 0.101837 0
-26.4 0.101837 0
-25.8 0.101837 0
-25.2 0.101837 0
-24.6 0.101837 0
-24 0.101837 0
-23.4 0.101837 0
-22.8 0.101837 0
-22.2 0.101837 0
-21.6 0.101837 0
-21 0.101837 0
-20.4 0.101837 0
-19.8 0.101837 0
-19.2 0.101837 0
-18.6 0.101837 0
-18 0.101837 0
-17.4 0.101837 0
-16.8 0.101837 0
-16.2 0.101837 0
-15.6 0.101837 0
-15 0.101837 0
-14.4 0.101837 0
-13.8 0.101837 0
-13.2 0.101837 0
-12.6 0.101837 0
-12 0.101837 0
-11.4 0.101837 0
-10.8 0.101837 0
-10.2 0.101837 0
-9.6 0.101837 0
-9 0.101837 0
-8.4 0.101837 0
-7.8 0.101837 0
-7.2 0.101837 0
-6.6 0.101837 0
-6 0.101837 0
-5.4 0.101837 0
-4.8 0.101837 0
-4.2 0.101837 0
-3.6 0.101837 0
-3 0.101837 0
-2.4 0.101837 0
-1.8 0.101837 0
-1.2 0.101837 0
-0.6 0.101837 0
0 0.101837 0
0.6 0.101837 0
1.2 0.101837 0
1.8 0.101837 0
2.4 0.101837 0
3 0.101837 0
3.6 0.101837 0
4.2 0.101837 0
4.8 0.101837 0
5.4 0.101837 0
6 0.101837 0
6.6 0.101837 0
7.2 0.101837 0
7.8 0.101837 0
8.4 0.101837 0
9 0.101837 0
9.6 0.101837 0
10.2 0.101837 0
10.8 0.101837 0
11.4 0.101837 0
12 0.101837 0
12.6 0.101837 0
13.2 0.101837 0
13.8 0.101837 0
14.4 0.101837 0
15 0.101837 0
15.6 0.101837 0
16.2 0.101837 0
16.8 0.101837 0
17.4 0.101837 0
18 0.101837 0
18.6 0.101837 0
19.2 0.101837 0
19.8 0.101837 0
20.4 0.101837 0
21 0.101837 0
21.6 0.101837 0
22.2 0.101837 0
22.8 0.101837 0
23.4 0.101837 0
24 0.101837 0
24.6 0.101837 0
25.2 0.101837 0
25.8 0.101837 0
26.4 0.101837 0
27 0.101837 0
27.6 0.101837 0
28.2 0.101837 0
28.8 0.101837 0
29.4 0.101837 0
30 0.101837 0
-30 0.112041 0
-29.4 0.112041 0
-28.8 0.112041 0
-28.2 0.112041 0
-27.6 0.112041 0
-27 0.112041 0
-26.4 0.112041 0
-25.8 0.112041 0
-25.2 0.112041 0
-24.6 0.112041 0
-24 0.112041 0
-23.4 0.112041 0
-22.8 0.112041 0
-22.2 0.112041 0
-21.6 0.112041 0
-21 0.112041 0
-20.4 0.112041 0
-19.8 0.112041 0
-19.2 0.112041 0
-18.6 0.112041 0
-18 0.112041 0
-17.4 0.112041 0
-16.8 0.112041 0
-16.2 0.112041 0
-15.6 0.112041 0
-15 0.112041 0
-14.4 0.112041 0
-13.8 0.112041 0
-13.2 0.112041 0
-12.6 0.112041 0
-12 0.112041 0
-11.4 0.112041 0
-10.8 0.112041 0
-10.2 0.112041 0
-9.6 0.112041 0
-9 0.112041 0
-8.4 0.112041 0
-7.8 0.112041 0
-7.2 0.112041 0
-6.6 0.112041 0
-6 0.112041 0
-5.4 0.112041 0
-4.8 0.112041 0
-4.2 0.112041 0
-3.6 0.112041 0
-3 0.112041 0
-2.4 0.112041 0
-1.8 0.112041 0
-1.2 0.112041 0
-0.6 0.112041 0
0 0.112041 0
0.6 0.112041 0
1.2 0.112041 0
1.8 0.112041 0
2.4 0.112041 0
3 0.112041 0
3.6 0.112041 0
4.2 0.112041 0
4.8 0.112041 0
5.4 0.112041 0
6 0.112041 0
6.6 0.112041 0
7.2 0.112041 0
7.8 0.112041 0
8.4 0.112041 0
9 0.112041 0
9.6 0.112041 0
10.2 0.112041 0
10.8 0.112041 0
11.4 0.112041 0
12 0.112041 0
12.6 0.112041 0
13.2 0.112041 0
13.8 0.112041 0
14.4 0.112041 0
15 0.112041 0
15.6 0.112041 0
16.2 0.112041 0
16.8 0.112041 0
17.4 0.112041 0
18 0.112041 0
18.6 0.112041 0
19.2 0.112041 0
19.8 0.112041 0
20.4 0.112041 0
21 0.112041 0
21.6 0.112041 0
22.2 0.112041 0
22.8 0.112041 0
23.4 0.112041 0
24 0.112041 0
24.6 0.112041 0
25.2 0.112041 0
25.8 0.112041 0
26.4 0.112041 0
27 0.112041 0
27.6 0.112041 0
28.2 0.112041 0
28.8 0.112041 0
29.4 0.112041 0
30 0.112041 0
-30 0.122245 0
-29.4 0.122245 0
-28.8 0.122245 0
-28.2 0.122245 0
-27.6 0.122245 0
-27 0.122245 0
-26.4 0.122245 0
-25.8 0.122245 0
-25.2 0.122245 0
-24.6 0.122245 0
-24 0.122245 0
-23.4 0.122245 0
-22.8 0.122245 0
-22.2 0.122245 0
-21.6 0.122245 0
-21 0.122245 0
-20.4 0.122245 0
-19.8 0.122245 0
-19.2 0.122245 0
-18.6 0.122245 0
-18 0.122245 0
-17.4 0.122245 0
-16.8 0.122245 0
-16.2 0.122245 0
-15.6 0.122245 0
-15 0.122245 0
-14.4 0.122245 0
-13.8 0.122245 0
-13.2 0.122245 0
-12.6 0.122245 0
-12 0.122245 0
-11.4 0.122245 0
-10.8 0.122245 0
-10.2 0.122245 0
-9.6 0.122245 0
-9 0.122245 0
-8.4 0.122245 0
-7.8 0.122245 0
-7.2 0.122245 0
-6.6 0.122245 0
-6 0.122245 0
-5.4 0.122245 0
-4.8 0.122245 0
-4.2 0.122245 0
-3.6 0.122245 0
-3 0.122245 0
-2.4 0.122245 0
-1.8 0.122245 0
-1.2 0.122245 0
-0.6 0.122245 0
0 0.122245 0
0.6 0.122245 0
1.2 0.122245 0
1.8 0.122245 0
2.4 0.122245 0
3 0.122245 0
3.6 0.122245 0
4.2 0.122245 0
4.8 0.122245 0
5.4 0.122245 0
6 0.122245 0
6.6 0.122245 0
7.2 0.122245 0
7.8 0.122245 0
8.4 0.122245 0
9 0.122245 0
9.6 0.122245 0
10.2 0.122245 0
10.8 0.122245 0
11.4 0.122245 0
12 0.122245 0
12.6 0.122245 0
13.2 0.122245 0
13.8 0.122245 0
14.4 0.122245 0
15 0.122245 0
15.6 0.122245 0
16.2 0.122245 0
16.8 0.122245 0
17.4 0.122245 0
18 0.122245 0
18.6 0.122245 0
19.2 0.122245 0
19.8 0.122245 0
20.4 0.122245 0
21 0.122245 0
21.6 0.122245 0
22.2 0.122245 0
22.8 0.122245 0
23.4 0.122245 0
24 0.122245 0
24.6 0.122245 0
25.2 0.122245 0
25.8 0.122245 0
26.4 0.122245 0
27 0.122245 0
27.6 0.122245 0
28.2 0.122245 0
28.8 0.122245 0
29.4 0.122245 0
30 0.122245 0
-30 0.132449 0
-29.4 0.132449 0
-28.8 0.132449 0
-28.2 0.132449 0
-27.6 0.132449 0
-27 0.132449 0
-26.4 0.132449 0
-25.8 0.132449 0
-25.2 0.132449 0
-24.6 0.132449 0
-24 0.132449 0
-23.4 0.132449 0
-22.8 0.132449 0
-22.2 0.132449 0
-21.6 0.132449 0
-21 0.132449 0
-20.4 0.132449 0
-19.8 0.132449 0
-19.2 0.132449 0
-18.6 0.132449 0
-18 0.132449 0
-17.4 0.132449 0
-16.8 0.132449 0
-16.2 0.132449 0
-15.6 0.132449 0
-15 0.132449 0
-14.4 0.132449 0
-13.8 0.132449 0
-13.2 0.132449 0
-12.6 0.132449 0
-12 0.132449 0
-11.4 0.132449 0
-10.8 0.132449 0
-10.2 0.132449 0
-9.6 0.132449 0
-9 0.132449 0
-8.4 0.132449 0
-7.8 0.132449 0
-7.2 0.132449 0
-6.6 0.132449 0
-6 0.132449 0
-5.4 0.132449 0
-4.8 0.132449 0
-4.2 0.132449 0
-3.6 0.132449 0
-3 0.132449 0
-2.4 0.132449 0
-1.8 0.132449 0
-1.2 0.132449 0
-0.6 0.132449 0
0 0.132449 0
0.6 0.132449 0
1.2 0.132449 0
1.8 0.132449 0
2.4 0.132449 0
3 0.132449 0
3.6 0.132449 0
4.2 0.132449 0
4.8 0.132449 0
5.4 0.132449 0
6 0.132449 0
6.6 0.132449 0
7.2 0.132449 0
7.8 0.132449 0
8.4 0.132449 0
9 0.132449 0
9.6 0.132449 0
10.2 0.132449 0
10.8 0.132449 0
11.4 0.132449 0
12 0.132449 0
12.6 0.132449 0
13.2 0.132449 0
13.8 0.132449 0
14.4 0.132449 0
15 0.132449 0
15.6 0.132449 0
16.2 0.132449 0
16.8 0.132449 0
17.4 0.132449 0
18 0.132449 0
18.6 0.132449 0
19.2 0.132449 0
19.8 0.132449 0
20.4 0.132449 0
21 0.132449 0
21.6 0.132449 0
22.2 0.132449 0
22.8 0.132449 0
23.4 0.132449 0
24 0.132449 0
24.6 0.132449 0
25.2 0.132449 0
25.8 0.132449 0
26.4 0.132449 0
27 0.132449 0
27.6 0.132449 0
28.2 0.132449 0
28.8 0.132449 0
29.4 0.132449 0
30 0.132449 0
-30 0.142653 0
-29.4 0.142653 0
-28.8 0.142653 0
-28.2 0.142653 0
-27.6 0.142653 0
-27 0.142653 0
-26.4 0.142653 0
-25.8 0.142653 0
-25.2 0.142653 0
-24.6 0.142653 0
-24 0.142653 0
-23.4 0.142653 0
-22.8 0.142653 0
-22.2 0.142653 0
-21.6 0.142653 0
-21 0.142653 0
-20.4 0.142653 0
-19.8 0.142653 0
-19.2 0.142653 0
-18.6 0.142653 0
-18 0.142653 0
-17.4 0.142653 0
-16.8 0.142653 0
-16.2 0.142653 0
-15.6 0.142653 0
-15 0.142653 0
-14.4 0.142653 0
-13.8 0.142653 0
-13.2 0.142653 0
-12.6 0.142653 0
-12 0.142653 0
-11.4 0.142653 0
-10.8 0.142653 0
-10.2 0.142653 0
-9.6 0.142653 0
-9 0.142653 0
-8.4 0.142653 0
-7.8 0.142653 0
-7.2 0.142653 0
-6.6 0.142653 0
-6 0.142653 0
-5.4 0.142653 0
-4.8 0.142653 0
-4.2 0.142653 0
-3.6 0.142653 0
-3 0.142653 0
-2.4 0.142653 0
-1.8 0.142653 0
-1.2 0.142653 0
-0.6 0.142653 0
0 0.142653 0
0.6 0.142653 0
1.2 0.142653 0
1.8 0.142653 0
2.4 0.142653 0
3 0.142653 0
3.6 0.142653 0
4.2 0.142653 0
4.8 0.142653 0
5.4 0.142653 0
6 0.142653 0
6.6 0.142653 0
7.2 0.142653 0
7.8 0.142653 0
8.4 0.142653 0
9 0.142653 0
9.6 0.142653 0
10.2 0.142653 0
10.8 0.142653 0
11.4 0.142653 0
12 0.142653 0
12.6 0.142653 0
13.2 0.142653 0
13.8 0.142653 0
14.4 0.142653 0
15 0.142653 0
15.6 0.142653 0
16.2 0.142653 0
16.8 0.142653 0
17.4 0.142653 0
18 0.142653 0
18.6 0.142653 0
19.2 0.142653 0
19.8 0.142653 0
20.4 0.142653 0
21 0.142653 0
21.6 0.142653 0
22.2 0.142653 0
22.8 0.142653 0
23.4 0.142653 0
24 0.142653 0
24.6 0.142653 0
25.2 0.142653 0
25.8 0.142653 0
26.4 0.142653 0
27 0.142653 0
27.6 0.142653 0
28.2 0.142653 0
28.8 0.142653 0
29.4 0.142653 0
30 0.142653 0
-30 0.152857 0
-29.4 0.152857 0
-28.8 0.152857 0
-28.2 0.152857 0
-27.6 0.152857 0
-27 0.152857 0
-26.4 0.152857 0
-25.8 0.152857 0
-25.2 0.152857 0
-24.6 0.152857 0
-24 0.152857 0
-23.4 0.152857 0
-22.8 0.152857 0
-22.2 0.152857 0
-21.6 0.152857 0
-21 0.152857 0
-20.4 0.152857 0
-19.8 0.152857 0
-19.2 0.152857 0
-18.6 0.152857 0
-18 0.152857 0
-17.4 0.152857 0
-16.8 0.152857 0
-16.2 0.152857 0
-15.6 0.152857 0
-15 0.152857 0
-14.4 0.152857 0
-13.8 0.152857 0
-13.2 0.152857 0
-12.6 0.152857 0
-12 0.152857 0
-11.4 0.152857 0
-10.8 0.152857 0
-10.2 0.152857 0
-9.6 0.152857 0
-9 0.152857 0
-8.4 0.152857 0
-7.8 0.152857 0
-7.2 0.152857 0
-6.6 0.152857 0
-6 0.152857 0
-5.4 0.152857 0
-4.8 0.152857 0
-4.2 0.152857 0
-3.6 0.152857 0
-3 0.152857 0
-2.4 0.152857 0
-1.8 0.152857 0
-1.2 0.152857 0
-0.6 0.152857 0
0 0.152857 0
0.6 0.152857 0
1.2 0.152857 0
1.8 0.152857 0
2.4 0.152857 0
3 0.152857 0
3.6 0.152857 0
4.2 0.152857 0
4.8 0.152857 0
5.4 0.152857 0
6 0.152857 0
6.6 0.152857 0
7.2 0.152857 0
7.8 0.152857 0
8.4 0.152857 0
9 0.152857 0
9.6 0.152857 0
10.2 0.152857 0
10.8 0.152857 0
11.4 0.152857 0
12 0.152857 0
12.6 0.152857 0
13.2 0.152857 0
13.8 0.152857 0
14.4 0.152857 0
15 0.152857 0
15.6 0.152857 0
16.2 0.152857 0
16.8 0.152857 0
17.4 0.152857 0
18 0.152857 0
18.6 0.152857 0
19.2 0.152857 0
19.8 0.152857 0
20.4 0.152857 0
21 0.152857 0
21.6 0.152857 0
22.2 0.152857 0
22.8 0.152857 0
23.4 0.152857 0
24 0.152857 0
24.6 0.152857 0
25.2 0.152857 0
25.8 0.152857 0
26.4 0.152857 0
27 0.152857 0
27.6 0.152857 0
28.2 0.152857 0
28.8 0.152857 0
29.4 0.152857 0
30 0.152857 0
-30 0.163061 0
-29.4 0.163061 0
-28.8 0.163061 0
-28.2 0.163061 0
-27.6 0.163061 0
-27 0.163061 0
-26.4 0.163061 0
-25.8 0.163061 0
-25.2 0.163061 0
-24.6 0.163061 0
-24 0.163061 0
-23.4 0.163061 0
-22.8 0.163061 0
-22.2 0.163061 0
-21.6 0.163061 0
-21 0.163061 0
-20.4 0.163061 0
-19.8 0.163061 0
-19.2 0.163061 0
-18.6 0.163061 0
-18 0.163061 0
-17.4 0.163061 0
-16.8 0.163061 0
-16.2 0.163061 0
-15.6 0.163061 0
-15 0.163061 0
-14.4 0.163061 0
-13.8 0.163061 0
-13.2 0.163061 0
-12.6 0.163061 0
-12 0.163061 0
-11.4 0.163061 0
-10.8 0.163061 0
-10.2 0.163061 0
-9.6 0.163061 0
-9 0.163061 0
-8.4 0.163061 0
-7.8 0.163061 0
-7.2 0.163061 0
-6.6 0.163061 0
-6 0.163061 0
-5.4 0.163061 0
-4.8 0.163061 0
-4.2 0.163061 0
-3.6 0.163061 0
-3 0.163061 0
-2.4 0.163061 0
-1.8 0.163061 0
-1.2 0.163061 0
-0.6 0.163061 0
0 0.163061 0
0.6 0.163061 0
1.2 0.163061 0
1.8 0.163061 0
2.4 0.163061 0
3 0.163061 0
3.6 0.163061 0
4.2 0.163061 0
4.8 0.163061 0
5.4 0.163061 0
6 0.163061 0
6.6 0.163061 0
7.2 0.163061 0
7.8 0.163061 0
8.4 0.163061 0
9 0.163061 0
9.6 0.163061 0
10.2 0.163061 0
10.8 0.163061 0
11.4 0.163061 0
12 0.163061 0
12.6 0.163061 0
13.2 0.163061 0
13.8 0.163061 0
14.4 0.163061 0
15 0.163061 0
15.6 0.163061 0
16.2 0.163061 0
16.8 0.163061 0
17.4 0.163061 0
18 0.163061 0
18.6 0.163061 0
19.2 0.163061 0
19.8 0.163061 0
20.4 0.163061 0
21 0.163061 0
21.6 0.163061 0
22.2 0.163061 0
22.8 0.163061 0
23.4 0.163061 0
24 0.163061 0
24.6 0.163061 0
25.2 0.163061 0
25.8 0.163061 0
26.4 0.163061 0
27 0.163061 0
27.6 0.163061 0
28.2 0.163061 0
28.8 0.163061 0
29.4 0.163061 0
30 0.163061 0
-30 0.173265 0
-29.4 0.173265 0
-28.8 0.173265 0
-28.2 0.173265 0
-27.6 0.173265 0
-27 0.173265 0
-26.4 0.173265 0
-25.8 0.173265 0
-25.2 0.173265 0
-24.6 0.173265 0
-24 0.173265 0
-23.4 0.173265 0
-22.8 0.173265 0
-22.2 0.173265 0
-21.6 0.173265 0
-21 0.173265 0
-20.4 0.173265 0
-19.8 0.173265 0
-19.2 0.173265 0
-18.6 0.173265 0
-18 0.173265 0
-17.4 0.173265 0
-16.8 0.173265 0
-16.2 0.173265 0
-15.6 0.173265 0
-15 0.173265 0
-14.4 0.173265 0
-13.8 0.173265 0
-13.2 0.173265 0
-12.6 0.173265 0
-12 0.173265 0
-11.4 0.173265 0
-10.8 0.173265 0
-10.2 0.173265 0
-9.6 0.173265 0
-9 0.173265 0
-8.4 0.173265 0
-7.8 0.173265 0
-7.2 0.173265 0
-6.6 0.173265 0
-6 0.173265 0
-5.4 0.173265 0
-4.8 0.173265 0
-4.2 0.173265 0
-3.6 0.173265 0
-3 0.173265 0
-2.4 0.173265 0
-1.8 0.173265 0
-1.2 0.173265 0
-0.6 0.173265 0
0 0.173265 0
0.6 0.173265 0
1.2 0.173265 0
1.8 0.173265 0
2.4 0.173265 0
3 0.173265 0
3.6 0.173265 0
4.2 0.173265 0
4.8 0.173265 0
5.4 0.173265 0
6 0.173265 0
6.6 0.173265 0
7.2 0.173265 0
7.8 0.173265 0
8.4 0.173265 0
9 0.173265 0
9.6 0.173265 0
10.2 0.173265 0
10.8 0.173265 0
11.4 0.173265 0
12 0.173265 0
12.6 0.173265 0
13.2 0.173265 0
13.8 0.173265 0
14.4 0.173265 0
15 0.173265 0
15.6 0.173265 0
16.2 0.173265 0
16.8 0.173265 0
17.4 0.173265 0
18 0.173265 0
18.6 0.173265 0
19.2 0.173265 0
19.8 0.173265 0
20.4 0.173265 0
21 0.173265 0
21.6 0.173265 0
22.2 0.173265 0
22.8 0.173265 0
23.4 0.173265 0
24 0.173265 0
24.6 0.173265 0
25.2 0.173265 0
25.8 0.173265 0
26.4 0.173265 0
27 0.173265 0
27.6 0.173265 0
28.2 0.173265 0
28.8 0.173265 0
29.4 0.173265 0
30 0.173265 0
-30 0.183469 0
-29.4 0.183469 0
-28.8 0.183469 0
-28.2 0.183469 0
-27.6 0.183469 0
-27 0.183469 0
-26.4 0.183469 0
-25.8 0.183469 0
-25.2 0.183469 0
-24.6 0.183469 0
-24 0.183469 0
-23.4 0.183469 0
-22.8 0.183469 0
-22.2 0.183469 0
-21.6 0.183469 0
-21 0.183469 0
-20.4 0.183469 0
-19.8 0.183469 0
-19.2 0.183469 0
-18.6 0.183469 0
-18 0.183469 0
-17.4 0.183469 0
-16.8 0.183469 0
-16.2 0.183469 0
-15.6 0.183469 0
-15 0.183469 0
-14.4 0.183469 0
-13.8 0.183469 0
-13.2 0.183469 0
-12.6 0.183469 0
-12 0.183469 0
-11.4 0.183469 0
-10.8 0.183469 0
-10.2 0.183469 0
-9.6 0.183469 0
-9 0.183469 0
-8.4 0.183469 0
-7.8 0.183469 0
-7.2 0.183469 0
-6.6 0.183469 0
-6 0.183469 0
-5.4 0.183469 0
-4.8 0.183469 0
-4.2 0.183469 0
-3.6 0.183469 0
-3 0.183469 0
-2.4 0.183469 0
-1.8 0.183469 0
-1.2 0.183469 0
-0.6 0.183469 0
0 0.183469 0
0.6 0.183469 0
1.2 0.183469 0
1.8 0.183469 0
2.4 0.183469 0
3 0.183469 0
3.6 0.183469 0
4.2 0.183469 0
4.8 0.183469 0
5.4 0.183469 0
6 0.183469 0
6.6 0.183469 0
7.2 0.183469 0
7.8 0.183469 0
8.4 0.183469 0
9 0.183469 0
9.6 0.183469 0
10.2 0.183469 0
10.8 0.183469 0
11.4 0.183469 0
12 0.183469 0
12.6 0.183469 0
13.2 0.183469 0
13.8 0.183469 0
14.4 0.183469 0
15 0.183469 0
15.6 0.183469 0
16.2 0.183469 0
16.8 0.183469 0
17.4 0.183469 0
18 0.183469 0
18.6 0.183469 0
19.2 0.183469 0
19.8 0.183469 0
20.4 0.183469 0
21 0.183469 0
21.6 0.183469 0
22.2 0.183469 0
22.8 0.183469 0
23.4 0.183469 0
24 0.183469 0
24.6 0.183469 0
25.2 0.183469 0
25.8 0.183469 0
26.4 0.183469 0
27 0.183469 0
27.6 0.183469 0
28.2 0.183469 0
28.8 0.183469 0
29.4 0.183469 0
30 0.183469 0
-30 0.193673 0
-29.4 0.193673 0
-28.8 0.193673 0
-28.2 0.193673 0
-27.6 0.193673 0
-27 0.193673 0
-26.4 0.193673 0
-25.8 0.193673 0
-25.2 0.193673 0
-24.6 0.193673 0
-24 0.193673 0
-23.4 0.193673 0
-22.8 0.193673 0
-22.2 0.193673 0
-21.6 0.193673 0
-21 0.193673 0
-20.4 0.193673 0
-19.8 0.193673 0
-19.2 0.193673 0
-18.6 0.193673 0
-18 0.193673 0
-17.4 0.193673 0
-16.8 0.193673 0
-16.2 0.193673 0
-15.6 0.193673 0
-15 0.193673 0
-14.4 0.193673 0
-13.8 0.193673 0
-13.2 0.193673 0
-12.6 0.193673 0
-12 0.193673 0
-11.4 0.193673 0
-10.8 0.193673 0
-10.2 0.193673 0
-9.6 0.193673 0
-9 0.193673 0
-8.4 0.193673 0
-7.8 0.193673 0
-7.2 0.193673 0
-6.6 0.193673 0
-6 0.193673 0
-5.4 0.193673 0
-4.8 0.193673 0
-4.2 0.193673 0
-3.6 0.193673 0
-3 0.193673 0
-2.4 0.193673 0
-1.8 0.193673 0
-1.2 0.193673 0
-0.6 0.193673 0
0 0.193673 0
0.6 0.193673 0
1.2 0.193673 0
1.8 0.193673 0
2.4 0.193673 0
3 0.193673 0
3.6 0.193673 0
4.2 0.193673 0
4.8 0.193673 0
5.4 0.193673 0
6 0.193673 0
6.6 0.193673 0
7.2 0.193673 0
7.8 0.193673 0
8.4 0.193673 0
9 0.193673 0
9.6 0.193673 0
10.2 0.193673 0
10.8 0.193673 0
11.4 0.193673 0
12 0.193673 0
12.6 0.193673 0
13.2 0.193673 0
13.8 0.193673 0
14.4 0.193673 0
15 0.193673 0
15.6 0.193673 0
16.2 0.193673 0
16.8 0.193673 0
17.4 0.193673 0
18 0.193673 0
18.6 0.193673 0
19.2 0.193673 0
19.8 0.193673 0
20.4 0.193673 0
21 0.193673 0
21.6 0.193673 0
22.2 0.193673 0
22.8 0.193673 0
23.4 0.193673 0
24 0.193673 0
24.6 0.193673 0
25.2 0.193673 0
25.8 0.193673 0
26.4 0.193673 0
27 0.193673 0
27.6 0.193673 0
28.2 0.193673 0
28.8 0.193673 0
29.4 0.193673 0
30 0.193673 0
-30 0.203878 0
-29.4 0.203878 0
-28.8 0.203878 0
-28.2 0.203878 0
-27.6 0.203878 0
-27 0.203878 0
-26.4 0.203878 0
-25.8 0.203878 0
-25.2 0.203878 0
-24.6 0.203878 0
-24 0.203878 0
-23.4 0.203878 0
-22.8 0.203878 0
-22.2 0.203878 0
-21.6 0.203878 0
-21 0.203878 0
-20.4 0.203878 0
-19.8 0.203878 0
-19.2 0.203878 0
-18.6 0.203878 0
-18 0.203878 0
-17.4 0.203878 0
-16.8 0.203878 0
-16.2 0.203878 0
-15.6 0.203878 0
-15 0.203878 0
-14.4 0.203878 0
-13.8 0.203878 0
-13.2 0.203878 0
-12.6 0.203878 0
-12 0.203878 0
-11.4 0.203878 0
-10.8 0.203878 0
-10.2 0.203878 0
-9.6 0.203878 0
-9 0.203878 0
-8.4 0.203878 0
-7.8 0.203878 0
-7.2 0.203878 0
-6.6 0.203878 0
-6 0.203878 0
-5.4 0.203878 0
-4.8 0.203878 0
-4.2 0.203878 0
-3.6 0.203878 0
-3 0.203878 0
-2.4 0.203878 0
-1.8 0.203878 0
-1.2 0.203878 0
-0.6 0.203878 0
0 0.203878 0
0.6 0.203878 0
1.2 0.203878 0
1.8 0.203878 0
2.4 0.203878 0
3 0.203878 0
3.6 0.203878 0
4.2 0.203878 0
4.8 0.203878 0
5.4 0.203878 0
6 0.203878 0
6.6 0.203878 0
7.2 0.203878 0
7.8 0.203878 0
8.4 0.203878 0
9 0.203878 0
9.6 0.203878 0
10.2 0.203878 0
10.8 0.203878 0
11.4 0.203878 0
12 0.203878 0
12.6 0.203878 0
13.2 0.203878 0
13.8 0.203878 0
14.4 0.203878 0
15 0.203878 0
15.6 0.203878 0
16.2 0.203878 0
16.8 0.203878 0
17.4 0.203878 0
18 0.203878 0
18.6 0.203878 0
19.2 0.203878 0
19.8 0.203878 0
20.4 0.203878 0
21 0.203878 0
21.6 0.203878 0
22.2 0.203878 0
22.8 0.203878 0
23.4 0.203878 0
24 0.203878 0
24.6 0.203878 0
25.2 0.203878 0
25.8 0.203878 0
26.4 0.203878 0
27 0.203878 0
27.6 0.203878 0
28.2 0.203878 0
28.8 0.203878 0
29.4 0.203878 0
30 0.203878 0
-30 0.214082 0
-29.4 0.214082 0
-28.8 0.214082 0
-28.2 0.214082 0
-27.6 0.214082 0
-27 0.214082 0
-26.4 0.214082 0
-25.8 0.214082 0
-25.2 0.214082 0
-24.6 0.214082 0
-24 0.214082 0
-23.4 0.214082 0
-22.8 0.214082 0
-22.2 0.214082 0
-21.6 0.214082 0
-21 0.214082 0
-20.4 0.214082 0
-19.8 0.214082 0
-19.2 0.214082 0
-18.6 0.214082 0
-18 0.214082 0
-17.4 0.214082 0
-16.8 0.214082 0
-16.2 0.214082 0
-15.6 0.214082 0
-15 0.214082 0
-14.4 0.214082 0
-13.8 0.214082 0
-13.2 0.214082 0
-12.6 0.214082 0
-12 0.214082 0
-11.4 0.214082 0
-10.8 0.214082 0
-10.2 0.214082 0
-9.6 0.214082 0
-9 0.214082 0
-8.4 0.214082 0
-7.8 0.214082 0
-7.2 0.214082 0
-6.6 0.214082 0
-6 0.214082 0
-5.4 0.214082 0
-4.8 0.214082 0
-4.2 0.214082 0
-3.6 0.214082 0
-3 0.214082 0
-2.4 0.214082 0
-1.8 0.214082 0
-1.2 0.214082 0
-0.6 0.214082 0
0 0.214082 0
0.6 0.214082 0
1.2 0.214082 0
1.8 0.214082 0
2.4 0.214082 0
3 0.214082 0
3.6 0.214082 0
4.2 0.214082 0
4.8 0.214082 0
5.4 0.214082 0
6 0.214082 0
6.6 0.214082 0
7.2 0.214082 0
7.8 0.214082 0
8.4 0.214082 0
9 0.214082 0
9.6 0.214082 0
10.2 0.214082 0
10.8 0.214082 0
11.4 0.214082 0
12 0.214082 0
12.6 0.214082 0
13.2 0.214082 0
13.8 0.214082 0
14.4 0.214082 0
15 0.214082 0
15.6 0.214082 0
16.2 0.214082 0
16.8 0.214082 0
17.4 0.214082 0
18 0.214082 0
18.6 0.214082 0
19.2 0.214082 0
19.8 0.214082 0
20.4 0.214082 0
21 0.214082 0
21.6 0.214082 0
22.2 0.214082 0
22.8 0.214082 0
23.4 0.214082 0
24 0.214082 0
24.6 0.214082 0
25.2 0.214082 0
25.8 0.214082 0
26.4 0.214082 0
27 0.214082 0
27.6 0.214082 0
28.2 0.214082 0
28.8 0.214082 0
29.4 0.214082 0
30 0.214082 0
-30 0.224286 0
-29.4 0.224286 0
-28.8 0.224286 0
-28.2 0.224286 0
-27.6 0.224286 0
-27 0.224286 0
-26.4 0.224286 0
-25.8 0.224286 0
-25.2 0.224286 0
-24.6 0.224286 0
-24 0.224286 0
-23.4 0.224286 0
-22.8 0.224286 0
-22.2 0.224286 0
-21.6 0.224286 0
-21 0.224286 0
-20.4 0.224286 0
-19.8 0.224286 0
-19.2 0.224286 0
-18.6 0.224286 0
-18 0.224286 0
-17.4 0.224286 0
-16.8 0.224286 0
-16.2 0.224286 0
-15.6 0.224286 0
-15 0.224286 0
-14.4 0.224286 0
-13.8 0.224286 0
-13.2 0.224286 0
-12.6 0.224286 0
-12 0.224286 0
-11.4 0.224286 0
-10.8 0.224286 0
-10.2 0.224286 0
-9.6 0.224286 0
-9 0.224286 0
-8.4 0.224286 0
-7.8 0.224286 0
-7.2 0.224286 0
-6.6 0.224286 0
-6 0.224286 0
-5.4 0.224286 0
-4.8 0.224286 0
-4.2 0.224286 0
-3.6 0.224286 0
-3 0.224286 0
-2.4 0.224286 0
-1.8 0.224286 0
-1.2 0.224286 0
-0.6 0.224286 0
0 0.224286 0
0.6 0.224286 0
1.2 0.224286 0
1.8 0.224286 0
2.4 0.224286 0
3 0.224286 0
3.6 0.224286 0
4.2 0.224286 0
4.8 0.224286 0
5.4 0.224286 0
6 0.224286 0
6.6 0.224286 0
7.2 0.224286 0
7.8 0.224286 0
8.4 0.224286 0
9 0.224286 0
9.6 0.224286 0
10.2 0.224286 0
10.8 0.224286 0
11.4 0.224286 0
12 0.224286 0
12.6 0.224286 0
13.2 0.224286 0
13.8 0.224286 0
14.4 0.224286 0
15 0.224286 0
15.6 0.224286 0
16.2 0.224286 0
16.8 0.224286 0
17.4 0.224286 0
18 0.224286 0
18.6 0.224286 0
19.2 0.224286 0
19.8 0.224286 0
20.4 0.224286 0
21 0.224286 0
21.6 0.224286 0
22.2 0.224286 0
22.8 0.224286 0
23.4 0.224286 0
24 0.224286 0
24.6 0.224286 0
25.2 0.224286 0
25.8 0.224286 0
26.4 0.224286 0
27 0.224286 0
27.6 0.224286 0
28.2 0.224286 0
28.8 0.224286 0
29.4 0.224286 0
30 0.224286 0
-30 0.23449 0
-29.4 0.23449 0
-28.8 0.23449 0
-28.2 0.23449 0
-27.6 0.23449 0
-27 0.23449 0
-26.4 0.23449 0
-25.8 0.23449 0
-25.2 0.23449 0
-24.6 0.23449 0
-24 0.23449 0
-23.4 0.23449 0
-22.8 0.23449 0
-22.2 0.23449 0
-21.6 0.23449 0
-21 0.23449 0
-20.4 0.23449 0
-19.8 0.23449 0
-19.2 0.23449 0
-18.6 0.23449 0
-18 0.23449 0
-17.4 0.23449 0
-16.8 0.23449 0
-16.2 0.23449 0
-15.6 0.23449 0
-15 0.23449 0
-14.4 0.23449 0
-13.8 0.23449 0
-13.2 0.23449 0
-12.6 0.23449 0
-12 0.23449 0
-11.4 0.23449 0
-10.8 0.23449 0
-10.2 0.23449 0
-9.6 0.23449 0
-9 0.23449 0
-8.4 0.23449 0
-7.8 0.23449 0
-7.2 0.23449 0
-6.6 0.23449 0
-6 0.23449 0
-5.4 0.23449 0
-4.8 0.23449 0
-4.2 0.23449 0
-3.6 0.23449 0
-3 0.23449 0
-2.4 0.23449 0
-1.8 0.23449 0
-1.2 0.23449 0
-0.6 0.23449 0
0 0.23449 0
0.6 0.23449 0
1.2 0.23449 0
1.8 0.23449 0
2.4 0.23449 0
3 0.23449 0
3.6 0.23449 0
4.2 0.23449 0
4.8 0.23449 0
5.4 0.23449 0
6 0.23449 0
6.6 0.23449 0
7.2 0.23449 0
7.8 0.23449 0
8.4 0.23449 0
9 0.23449 0
9.6 0.23449 0
10.2 0.23449 0
10.8 0.23449 0
11.4 0.23449 0
12 0.23449 0
12.6 0.23449 0
13.2 0.23449 0
13.8 0.23449 0
14.4 0.23449 0
15 0.23449 0
15.6 0.23449 0
16.2 0.23449 0
16.8 0.23449 0
17.4 0.23449 0
18 0.23449 0
18.6 0.23449 0
19.2 0.23449 0
19.8 0.23449 0
20.4 0.23449 0
21 0.23449 0
21.6 0.23449 0
22.2 0.23449 0
22.8 0.23449 0
23.4 0.23449 0
24 0.23449 0
24.6 0.23449 0
25.2 0.23449 0
25.8 0.23449 0
26.4 0.23449 0
27 0.23449 0
27.6 0.23449 0
28.2 0.23449 0
28.8 0.23449 0
29.4 0.23449 0
30 0.23449 0
-30 0.244694 0
-29.4 0.244694 0
-28.8 0.244694 0
-28.2 0.244694 0
-27.6 0.244694 0
-27 0.244694 0
-26.4 0.244694 0
-25.8 0.244694 0
-25.2 0.244694 0
-24.6 0.244694 0
-24 0.244694 0
-23.4 0.244694 0
-22.8 0.244694 0
-22.2 0.244694 0
-21.6 0.244694 0
-21 0.244694 0
-20.4 0.244694 0
-19.8 0.244694 0
-19.2 0.244694 0
-18.6 0.244694 0
-18 0.244694 0
-17.4 0.244694 0
-16.8 0.244694 0
-16.2 0.244694 0
-15.6 0.244694 0
-15 0.244694 0
-14.4 0.244694 0
-13.8 0.244694 0
-13.2 0.244694 0
-12.6 0.244694 0
-12 0.244694 0
-11.4 0.244694 0
-10.8 0.244694 0
-10.2 0.244694 0
-9.6 0.244694 0
-9 0.244694 0
-8.4 0.244694 0
-7.8 0.244694 0
-7.2 0.244694 0
-6.6 0.244694 0
-6 0.244694 0
-5.4 0.244694 0
-4.8 0.244694 0
-4.2 0.244694 0
-3.6 0.244694 0
-3 0.244694 0
-2.4 0.244694 0
-1.8 0.244694 0
-1.2 0.244694 0
-0.6 0.244694 0
0 0.244694 0
0.6 0.244694 0
1.2 0.244694 0
1.8 0.244694 0
2.4 0.244694 0
3 0.244694 0
3.6 0.244694 0
4.2 0.244694 0
4.8 0.244694 0
5.4 0.244694 0
6 0.244694 0
6.6 0.244694 0
7.2 0.244694 0
7.8 0.244694 0
8.4 0.244694 0
9 0.244694 0
9.6 0.244694 0
10.2 0.244694 0
10.8 0.244694 0
11.4 0.244694 0
12 0.244694 0
12.6 0.244694 0
13.2 0.244694 0
13.8 0.244694 0
14.4 0.244694 0
15 0.244694 0
15.6 0.244694 0
16.2 0.244694 0
16.8 0.244694 0
17.4 0.244694 0
18 0.244694 0
18.6 0.244694 0
19.2 0.244694 0
19.8 0.244694 0
20.4 0.244694 0
21 0.244694 0
21.6 0.244694 0
22.2 0.244694 0
22.8 0.244694 0
23.4 0.244694 0
24 0.244694 0
24.6 0.244694 0
25.2 0.244694 0
25.8 0.244694 0
26.4 0.244694 0
27 0.244694 0
27.6 0.244694 0
28.2 0.244694 0
28.8 0.244694 0
29.4 0.244694 0
30 0.244694 0
-30 0.254898 0
-29.4 0.254898 0
-28.8 0.254898 0
-28.2 0.254898 0
-27.6 0.254898 0
-27 0.254898 0
-26.4 0.254898 0
-25.8 0.254898 0
-25.2 0.254898 0
-24.6 0.254898 0
-24 0.254898 0
-23.4 0.254898 0
-22.8 0.254898 0
-22.2 0.254898 0
-21.6 0.254898 0
-21 0.254898 0
-20.4 0.254898 0
-19.8 0.254898 0
-19.2 0.254898 0
-18.6 0.254898 0
-18 0.254898 0
-17.4 0.254898 0
-16.8 0.254898 0
-16.2 0.254898 0
-15.6 0.254898 0
-15 0.254898 0
-14.4 0.254898 0
-13.8 0.254898 0
-13.2 0.254898 0
-12.6 0.254898 0
-12 0.254898 0
-11.4 0.254898 0
-10.8 0.254898 0
-10.2 0.254898 0
-9.6 0.254898 0
-9 0.254898 0
-8.4 0.254898 0
-7.8 0.254898 0
-7.2 0.254898 0
-6.6 0.254898 0
-6 0.254898 0
-5.4 0.254898 0
-4.8 0.254898 0
-4.2 0.254898 0
-3.6 0.254898 0
-3 0.254898 0
-2.4 0.254898 0
-1.8 0.254898 0
-1.2 0.254898 0
-0.6 0.254898 0
0 0.254898 0
0.6 0.254898 0
1.2 0.254898 0
1.8 0.254898 0
2.4 0.254898 0
3 0.254898 0
3.6 0.254898 0
4.2 0.254898 0
4.8 0.254898 0
5.4 0.254898 0
6 0.254898 0
6.6 0.254898 0
7.2 0.254898 0
7.8 0.254898 0
8.4 0.254898 0
9 0.254898 0
9.6 0.254898 0
10.2 0.254898 0
10.8 0.254898 0
11.4 0.254898 0
12 0.254898 0
12.6 0.254898 0
13.2 0.254898 0
13.8 0.254898 0
14.4 0.254898 0
15 0.254898 0
15.6 0.254898 0
16.2 0.254898 0
16.8 0.254898 0
17.4 0.254898 0
18 0.254898 0
18.6 0.254898 0
19.2 0.254898 0
19.8 0.254898 0
20.4 0.254898 0
21 0.254898 0
21.6 0.254898 0
22.2 0.254898 0
22.8 0.254898 0
23.4 0.254898 0
24 0.254898 0
24.6 0.254898 0
25.2 0.254898 0
25.8 0.254898 0
26.4 0.254898 0
27 0.254898 0
27.6 0.254898 0
28.2 0.254898 0
28.8 0.254898 0
29.4 0.254898 0
30 0.254898 0
-30 0.265102 0
-29.4 0.265102 0
-28.8 0.265102 0
-28.2 0.265102 0
-27.6 0.265102 0
-27 0.265102 0
-26.4 0.265102 0
-25.8 0.265102 0
-25.2 0.265102 0
-24.6 0.265102 0
-24 0.265102 0
-23.4 0.265102 0
-22.8 0.265102 0
-22.2 0.265102 0
-21.6 0.265102 0
-21 0.265102 0
-20.4 0.265102 0
-19.8 0.265102 0
-19.2 0.265102 0
-18.6 0.265102 0
-18 0.265102 0
-17.4 0.265102 0
-16.8 0.265102 0
-16.2 0.265102 0
-15.6 0.265102 0
-15 0.265102 0
-14.4 0.265102 0
-13.8 0.265102 0
-13.2 0.265102 0
-12.6 0.265102 0
-12 0.265102 0
-11.4 0.265102 0
-10.8 0.265102 0
-10.2 0.265102 0
-9.6 0.265102 0
-9 0.265102 0
-8.4 0.265102 0
-7.8 0.265102 0
-7.2 0.265102 0
-6.6 0.265102 0
-6 0.265102 0
-5.4 0.265102 0
-4.8 0.265102 0
-4.2 0.265102 0
-3.6 0.265102 0
-3 0.265102 0
-2.4 0.265102 0
-1.8 0.265102 0
-1.2 0.265102 0
-0.6 0.265102 0
0 0.265102 0
0.6 0.265102 0
1.2 0.265102 0
1.8 0.265102 0
2.4 0.265102 0
3 0.265102 0
3.6 0.265102 0
4.2 0.265102 0
4.8 0.265102 0
5.4 0.265102 0
6 0.265102 0
6.6 0.265102 0
7.2 0.265102 0
7.8 0.265102 0
8.4 0.265102 0
9 0.265102 0
9.6 0.265102 0
10.2 0.265102 0
10.8 0.265102 0
11.4 0.265102 0
12 0.265102 0
12.6 0.265102 0
13.2 0.265102 0
13.8 0.265102 0
14.4 0.265102 0
15 0.265102 0
15.6 0.265102 0
16.2 0.265102 0
16.8 0.265102 0
17.4 0.265102 0
18 0.265102 0
18.6 0.265102 0
19.2 0.265102 0
19.8 0.265102 0
20.4 0.265102 0
21 0.265102 0
21.6 0.265102 0
22.2 0.265102 0
22.8 0.265102 0
23.4 0.265102 0
24 0.265102 0
24.6 0.265102 0
25.2 0.265102 0
25.8 0.265102 0
26.4 0.265102 0
27 0.265102 0
27.6 0.265102 0
28.2 0.265102 0
28.8 0.265102 0
29.4 0.265102 0
30 0.265102 0
-30 0.275306 0
-29.4 0.275306 0
-28.8 0.275306 0
-28.2 0.275306 0
-27.6 0.275306 0
-27 0.275306 0
-26.4 0.275306 0
-25.8 0.275306 0
-25.2 0.275306 0
-24.6 0.275306 0
-24 0.275306 0
-23.4 0.275306 0
-22.8 0.275306 0
-22.2 0.275306 0
-21.6 0.275306 0
-21 0.275306 0
-20.4 0.275306 0
-19.8 0.275306 0
-19.2 0.275306 0
-18.6 0.275306 0
-18 0.275306 0
-17.4 0.275306 0
-16.8 0.275306 0
-16.2 0.275306 0
-15.6 0.275306 0
-15 0.275306 0
-14.4 0.275306 0
-13.8 0.275306 0
-13.2 0.275306 0
-12.6 0.275306 0
-12 0.275306 0
-11.4 0.275306 0
-10.8 0.275306 0
-10.2 0.275306 0
-9.6 0.275306 0
-9 0.275306 0
-8.4 0.275306 0
-7.8 0.275306 0
-7.2 0.275306 0
-6.6 0.275306 0
-6 0.275306 0
-5.4 0.275306 0
-4.8 0.275306 0
-4.2 0.275306 0
-3.6 0.275306 0
-3 0.275306 0
-2.4 0.275306 0
-1.8 0.275306 0
-1.2 0.275306 0
-0.6 0.275306 0
0 0.275306 0
0.6 0.275306 0
1.2 0.275306 0
1.8 0.275306 0
2.4 0.275306 0
3 0.275306 0
3.6 0.275306 0
4.2 0.275306 0
4.8 0.275306 0
5.4 0.275306 0
6 0.275306 0
6.6 0.275306 0
7.2 0.275306 0
7.8 0.275306 0
8.4 0.275306 0
9 0.275306 0
9.6 0.275306 0
10.2 0.275306 0
10.8 0.275306 0
11.4 0.275306 0
12 0.275306 0
12.6 0.275306 0
13.2 0.275306 0
13.8 0.275306 0
14.4 0.275306 0
15 0.275306 0
15.6 0.275306 0
16.2 0.275306 0
16.8 0.275306 0
17.4 0.275306 0
18 0.275306 0
18.6 0.275306 0
19.2 0.275306 0
19.8 0.275306 0
20.4 0.275306 0
21 0.275306 0
21.6 0.275306 0
22.2 0.275306 0
22.8 0.275306 0
23.4 0.275306 0
24 0.275306 0
24.6 0.275306 0
25.2 0.275306 0
25.8 0.275306 0
26.4 0.275306 0
27 0.275306 0
27.6 0.275306 0
28.2 0.275306 0
28.8 0.275306 0
29.4 0.275306 0
30 0.275306 0
-30 0.28551 0
-29.4 0.28551 0
-28.8 0.28551 0
-28.2 0.28551 0
-27.6 0.28551 0
-27 0.28551 0
-26.4 0.28551 0
-25.8 0.28551 0
-25.2 0.28551 0
-24.6 0.28551 0
-24 0.28551 0
-23.4 0.28551 0
-22.8 0.28551 0
-22.2 0.28551 0
-21.6 0.28551 0
-21 0.28551 0
-20.4 0.28551 0
-19.8 0.28551 0
-19.2 0.28551 0
-18.6 0.28551 0
-18 0.28551 0
-17.4 0.28551 0
-16.8 0.28551 0
-16.2 0.28551 0
-15.6 0.28551 0
-15 0.28551 0
-14.4 0.28551 0
-13.8 0.28551 0
-13.2 0.28551 0
-12.6 0.28551 0
-12 0.28551 0
-11.4 0.28551 0
-10.8 0.28551 0
-10.2 0.28551 0
-9.6 0.28551 0
-9 0.28551 0
-8.4 0.28551 0
-7.8 0.28551 0
-7.2 0.28551 0
-6.6 0.28551 0
-6 0.28551 0
-5.4 0.28551 0
-4.8 0.28551 0
-4.2 0.28551 0
-3.6 0.28551 0
-3 0.28551 0
-2.4 0.28551 0
-1.8 0.28551 0
-1.2 0.28551 0
-0.6 0.28551 0
0 0.28551 0
0.6 0.28551 0
1.2 0.28551 0
1.8 0.28551 0
2.4 0.28551 0
3 0.28551 0
3.6 0.28551 0
4.2 0.28551 0
4.8 0.28551 0
5.4 0.28551 0
6 0.28551 0
6.6 0.28551 0
7.2 0.28551 0
7.8 0.28551 0
8.4 0.28551 0
9 0.28551 0
9.6 0.28551 0
10.2 0.28551 0
10.8 0.28551 0
11.4 0.28551 0
12 0.28551 0
12.6 0.28551 0
13.2 0.28551 0
13.8 0.28551 0
14.4 0.28551 0
15 0.28551 0
15.6 0.28551 0
16.2 0.28551 0
16.8 0.28551 0
17.4 0.28551 0
18 0.28551 0
18.6 0.28551 0
19.2 0.28551 0
19.8 0.28551 0
20.4 0.28551 0
21 0.28551 0
21.6 0.28551 0
22.2 0.28551 0
22.8 0.28551 0
23.4 0.28551 0
24 0.28551 0
24.6 0.28551 0
25.2 0.28551 0
25.8 0.28551 0
26.4 0.28551 0
27 0.28551 0
27.6 0.28551 0
28.2 0.28551 0
28.8 0.28551 0
29.4 0.28551 0
30 0.28551 0
-30 0.295714 0
-29.4 0.295714 0
-28.8 0.295714 0
-28.2 0.295714 0
-27.6 0.295714 0
-27 0.295714 0
-26.4 0.295714 0
-25.8 0.295714 0
-25.2 0.295714 0
-24.6 0.295714 0
-24 0.295714 0
-23.4 0.295714 0
-22.8 0.295714 0
-22.2 0.295714 0
-21.6 0.295714 0
-21 0.295714 0
-20.4 0.295714 0
-19.8 0.295714 0
-19.2 0.295714 0
-18.6 0.295714 0
-18 0.295714 0
-17.4 0.295714 0
-16.8 0.295714 0
-16.2 0.295714 0
-15.6 0.295714 0
-15 0.295714 0
-14.4 0.295714 0
-13.8 0.295714 0
-13.2 0.295714 0
-12.6 0.295714 0
-12 0.295714 0
-11.4 0.295714 0
-10.8 0.295714 0
-10.2 0.295714 0
-9.6 0.295714 0
-9 0.295714 0
-8.4 0.295714 0
-7.8 0.295714 0
-7.2 0.295714 0
-6.6 0.295714 0
-6 0.295714 0
-5.4 0.295714 0
-4.8 0.295714 0
-4.2 0.295714 0
-3.6 0.295714 0
-3 0.295714 0
-2.4 0.295714 0
-1.8 0.295714 0
-1.2 0.295714 0
-0.6 0.295714 0
0 0.295714 0
0.6 0.295714 0
1.2 0.295714 0
1.8 0.295714 0
2.4 0.295714 0
3 0.295714 0
3.6 0.295714 0
4.2 0.295714 0
4.8 0.295714 0
5.4 0.295714 0
6 0.295714 0
6.6 0.295714 0
7.2 0.295714 0
7.8 0.295714 0
8.4 0.295714 0
9 0.295714 0
9.6 0.295714 0
10.2 0.295714 0
10.8 0.295714 0
11.4 0.295714 0
12 0.295714 0
12.6 0.295714 0
13.2 0.295714 0
13.8 0.295714 0
14.4 0.295714 0
15 0.295714 0
15.6 0.295714 0
16.2 0.295714 0
16.8 0.295714 0
17.4 0.295714 0
18 0.295714 0
18.6 0.295714 0
19.2 0.295714 0
19.8 0.295714 0
20.4 0.295714 0
21 0.295714 0
21.6 0.295714 0
22.2 0.295714 0
22.8 0.295714 0
23.4 0.295714 0
24 0.295714 0
24.6 0.295714 0
25.2 0.295714 0
25.8 0.295714 0
26.4 0.295714 0
27 0.295714 0
27.6 0.295714 0
28.2 0.295714 0
28.8 0.295714 0
29.4 0.295714 0
30 0.295714 0
-30 0.305918 0
-29.4 0.305918 0
-28.8 0.305918 0
-28.2 0.305918 0
-27.6 0.305918 0
-27 0.305918 0
-26.4 0.305918 0
-25.8 0.305918 0
-25.2 0.305918 0
-24.6 0.305918 0
-24 0.305918 0
-23.4 0.305918 0
-22.8 0.305918 0
-22.2 0.305918 0
-21.6 0.305918 0
-21 0.305918 0
-20.4 0.305918 0
-19.8 0.305918 0
-19.2 0.305918 0
-18.6 0.305918 0
-18 0.305918 0
-17.4 0.305918 0
-16.8 0.305918 0
-16.2 0.305918 0
-15.6 0.305918 0
-15 0.305918 0
-14.4 0.305918 0
-13.8 0.305918 0
-13.2 0.305918 0
-12.6 0.305918 0
-12 0.305918 0
-11.4 0.305918 0
-10.8 0.305918 0
-10.2 0.305918 0
-9.6 0.305918 0
-9 0.305918 0
-8.4 0.305918 0
-7.8 0.305918 0
-7.2 0.305918 0
-6.6 0.305918 0
-6 0.305918 0
-5.4 0.305918 0
-4.8 0.305918 0
-4.2 0.305918 0
-3.6 0.305918 0
-3 0.305918 0
-2.4 0.305918 0
-1.8 0.305918 0
-1.2 0.305918 0
-0.6 0.305918 0
0 0.305918 0
0.6 0.305918 0
1.2 0.305918 0
1.8 0.305918 0
2.4 0.305918 0
3 0.305918 0
3.6 0.305918 0
4.2 0.305918 0
4.8 0.305918 0
5.4 0.305918 0
6 0.305918 0
6.6 0.305918 0
7.2 0.305918 0
7.8 0.305918 0
8.4 0.305918 0
9 0.305918 0
9.6 0.305918 0
10.2 0.305918 0
10.8 0.305918 0
11.4 0.305918 0
12 0.305918 0
12.6 0.305918 0
13.2 0.305918 0
13.8 0.305918 0
14.4 0.305918 0
15 0.305918 0
15.6 0.305918 0
16.2 0.305918 0
16.8 0.305918 0
17.4 0.305918 0
18 0.305918 0
18.6 0.305918 0
19.2 0.305918 0
19.8 0.305918 0
20.4 0.305918 0
21 0.305918 0
21.6 0.305918 0
22.2 0.305918 0
22.8 0.305918 0
23.4 0.305918 0
24 0.305918 0
24.6 0.305918 0
25.2 0.305918 0
25.8 0.305918 0
26.4 0.305918 0
27 0.305918 0
27.6 0.305918 0
28.2 0.305918 0
28.8 0.305918 0
29.4 0.305918 0
30 0.305918 0
-30 0.316122 0
-29.4 0.316122 0
-28.8 0.316122 0
-28.2 0.316122 0
-27.6 0.316122 0
-27 0.316122 0
-26.4 0.316122 0
-25.8 0.316122 0
-25.2 0.316122 0
-24.6 0.316122 0
-24 0.316122 0
-23.4 0.316122 0
-22.8 0.316122 0
-22.2 0.316122 0
-21.6 0.316122 0
-21 0.316122 0
-20.4 0.316122 0
-19.8 0.316122 0
-19.2 0.316122 0
-18.6 0.316122 0
-18 0.316122 0
-17.4 0.316122 0
-16.8 0.316122 0
-16.2 0.316122 0
-15.6 0.316122 0
-15 0.316122 0
-14.4 0.316122 0
-13.8 0.316122 0
-13.2 0.316122 0
-12.6 0.316122 0
-12 0.316122 0
-11.4 0.316122 0
-10.8 0.316122 0
-10.2 0.316122 0
-9.6 0.316122 0
-9 0.316122 0
-8.4 0.316122 0
-7.8 0.316122 0
-7.2 0.316122 0
-6.6 0.316122 0
-6 0.316122 0
-5.4 0.316122 0
-4.8 0.316122 0
-4.2 0.316122 0
-3.6 0.316122 0
-3 0.316122 0
-2.4 0.316122 0
-1.8 0.316122 0
-1.2 0.316122 0
-0.6 0.316122 0
0 0.316122 0
0.6 0.316122 0
1.2 0.316122 0
1.8 0.316122 0
2.4 0.316122 0
3 0.316122 0
3.6 0.316122 0
4.2 0.316122 0
4.8 0.316122 0
5.4 0.316122 0
6 0.316122 0
6.6 0.316122 0
7.2 0.316122 0
7.8 0.316122 0
8.4 0.316122 0
9 0.316122 0
9.6 0.316122 0
10.2 0.316122 0
10.8 0.316122 0
11.4 0.316122 0
12 0.316122 0
12.6 0.316122 0
13.2 0.316122 0
13.8 0.316122 0
14.4 0.316122 0
15 0.316122 0
15.6 0.316122 0
16.2 0.316122 0
16.8 0.316122 0
17.4 0.316122 0
18 0.316122 0
18.6 0.316122 0
19.2 0.316122 0
19.8 0.316122 0
20.4 0.316122 0
21 0.316122 0
21.6 0.316122 0
22.2 0.316122 0
22.8 0.316122 0
23.4 0.316122 0
24 0.316122 0
24.6 0.316122 0
25.2 0.316122 0
25.8 0.316122 0
26.4 0.316122 0
27 0.316122 0
27.6 0.316122 0
28.2 0.316122 0
28.8 0.316122 0
29.4 0.316122 0
30 0.316122 0
-30 0.326327 0
-29.4 0.326327 0
-28.8 0.326327 0
-28.2 0.326327 0
-27.6 0.326327 0
-27 0.326327 0
-26.4 0.326327 0
-25.8 0.326327 0
-25.2 0.326327 0
-24.6 0.326327 0
-24 0.326327 0
-23.4 0.326327 0
-22.8 0.326327 0
-22.2 0.326327 0
-21.6 0.326327 0
-21 0.326327 0
-20.4 0.326327 0
-19.8 0.326327 0
-19.2 0.326327 0
-18.6 0.326327 0
-18 0.326327 0
-17.4 0.326327 0
-16.8 0.326327 0
-16.2 0.326327 0
-15.6 0.326327 0
-15 0.326327 0
-14.4 0.326327 0
-13.8 0.326327 0
-13.2 0.326327 0
-12.6 0.326327 0
-12 0.326327 0
-11.4 0.326327 0
-10.8 0.326327 0
-10.2 0.326327 0
-9.6 0.326327 0
-9 0.326327 0
-8.4 0.326327 0
-7.8 0.326327 0
-7.2 0.326327 0
-6.6 0.326327 0
-6 0.326327 0
-5.4 0.326327 0
-4.8 0.326327 0
-4.2 0.326327 0
-3.6 0.326327 0
-3 0.326327 0
-2.4 0.326327 0
-1.8 0.326327 0
-1.2 0.326327 0
-0.6 0.326327 0
0 0.326327 0
0.6 0.326327 0
1.2 0.326327 0
1.8 0.326327 0
2.4 0.326327 0
3 0.326327 0
3.6 0.326327 0
4.2 0.326327 0
4.8 0.326327 0
5.4 0.326327 0
6 0.326327 0
6.6 0.326327 0
7.2 0.326327 0
7.8 0.326327 0
8.4 0.326327 0
9 0.326327 0
9.6 0.326327 0
10.2 0.326327 0
10.8 0.326327 0
11.4 0.326327 0
12 0.326327 0
12.6 0.326327 0
13.2 0.326327 0
13.8 0.326327 0
14.4 0.326327 0
15 0.326327 0
15.6 0.326327 0
16.2 0.326327 0
16.8 0.326327 0
17.4 0.326327 0
18 0.326327 0
18.6 0.326327 0
19.2 0.326327 0
19.8 0.326327 0
20.4 0.326327 0
21 0.326327 0
21.6 0.326327 0
22.2 0.326327 0
22.8 0.326327 0
23.4 0.326327 0
24 0.326327 0
24.6 0.326327 0
25.2 0.326327 0
25.8 0.326327 0
26.4 0.326327 0
27 0.326327 0
27.6 0.326327 0
28.2 0.326327 0
28.8 0.326327 0
29.4 0.326327 0
30 0.326327 0
-30 0.336531 0
-29.4 0.336531 0
-28.8 0.336531 0
-28.2 0.336531 0
-27.6 0.336531 0
-27 0.336531 0
-26.4 0.336531 0
-25.8 0.336531 0
-25.2 0.336531 0
-24.6 0.336531 0
-24 0.336531 0
-23.4 0.336531 0
-22.8 0.336531 0
-22.2 0.336531 0
-21.6 0.336531 0
-21 0.336531 0
-20.4 0.336531 0
-19.8 0.336531 0
-19.2 0.336531 0
-18.6 0.336531 0
-18 0.336531 0
-17.4 0.336531 0
-16.8 0.336531 0
-16.2 0.336531 0
-15.6 0.336531 0
-15 0.336531 0
-14.4 0.336531 0
-13.8 0.336531 0
-13.2 0.336531 0
-12.6 0.336531 0
-12 0.336531 0
-11.4 0.336531 0
-10.8 0.336531 0
-10.2 0.336531 0
-9.6 0.336531 0
-9 0.336531 0
-8.4 0.336531 0
-7.8 0.336531 0
-7.2 0.336531 0
-6.6 0.336531 0
-6 0.336531 0
-5.4 0.336531 0
-4.8 0.336531 0
-4.2 0.336531 0
-3.6 0.336531 0
-3 0.336531 0
-2.4 0.336531 0
-1.8 0.336531 0
-1.2 0.336531 0
-0.6 0.336531 0
0 0.336531 0
0.6 0.336531 0
1.2 0.336531 0
1.8 0.336531 0
2.4 0.336531 0
3 0.336531 0
3.6 0.336531 0
4.2 0.336531 0
4.8 0.336531 0
5.4 0.336531 0
6 0.336531 0
6.6 0.336531 0
7.2 0.336531 0
7.8 0.336531 0
8.4 0.336531 0
9 0.336531 0
9.6 0.336531 0
10.2 0.336531 0
10.8 0.336531 0
11.4 0.336531 0
12 0.336531 0
12.6 0.336531 0
13.2 0.336531 0
13.8 0.336531 0
14.4 0.336531 0
15 0.336531 0
15.6 0.336531 0
16.2 0.336531 0
16.8 0.336531 0
17.4 0.336531 0
18 0.336531 0
18.6 0.336531 0
19.2 0.336531 0
19.8 0.336531 0
20.4 0.336531 0
21 0.336531 0
21.6 0.336531 0
22.2 0.336531 0
22.8 0.336531 0
23.4 0.336531 0
24 0.336531 0
24.6 0.336531 0
25.2 0.336531 0
25.8 0.336531 0
26.4 0.336531 0
27 0.336531 0
27.6 0.336531 0
28.2 0.336531 0
28.8 0.336531 0
29.4 0.336531 0
30 0.336531 0
-30 0.346735 0
-29.4 0.346735 0
-28.8 0.346735 0
-28.2 0.346735 0
-27.6 0.346735 0
-27 0.346735 0
-26.4 0.346735 0
-25.8 0.346735 0
-25.2 0.346735 0
-24.6 0.346735 0
-24 0.346735 0
-23.4 0.346735 0
-22.8 0.346735 0
-22.2 0.346735 0
-21.6 0.346735 0
-21 0.346735 0
-20.4 0.346735 0
-19.8 0.346735 0
-19.2 0.346735 0
-18.6 0.346735 0
-18 0.346735 0
-17.4 0.346735 0
-16.8 0.346735 0
-16.2 0.346735 0
-15.6 0.346735 0
-15 0.346735 0
-14.4 0.346735 0
-13.8 0.346735 0
-13.2 0.346735 0
-12.6 0.346735 0
-12 0.346735 0
-11.4 0.346735 0
-10.8 0.346735 0
-10.2 0.346735 0
-9.6 0.346735 0
-9 0.346735 0
-8.4 0.346735 0
-7.8 0.346735 0
-7.2 0.346735 0
-6.6 0.346735 0
-6 0.346735 0
-5.4 0.346735 0
-4.8 0.346735 0
-4.2 0.346735 0
-3.6 0.346735 0
-3 0.346735 0
-2.4 0.346735 0
-1.8 0.346735 0
-1.2 0.346735 0
-0.6 0.346735 0
0 0.346735 0
0.6 0.346735 0
1.2 0.346735 0
1.8 0.346735 0
2.4 0.346735 0
3 0.346735 0
3.6 0.346735 0
4.2 0.346735 0
4.8 0.346735 0
5.4 0.346735 0
6 0.346735 0
6.6 0.346735 0
7.2 0.346735 0
7.8 0.346735 0
8.4 0.346735 0
9 0.346735 0
9.6 0.346735 0
10.2 0.346735 0
10.8 0.346735 0
11.4 0.346735 0
12 0.346735 0
12.6 0.346735 0
13.2 0.346735 0
13.8 0.346735 0
14.4 0.346735 0
15 0.346735 0
15.6 0.346735 0
16.2 0.346735 0
16.8 0.346735 0
17.4 0.346735 0
18 0.346735 0
18.6 0.346735 0
19.2 0.346735 0
19.8 0.346735 0
20.4 0.346735 0
21 0.346735 0
21.6 0.346735 0
22.2 0.346735 0
22.8 0.346735 0
23.4 0.346735 0
24 0.346735 0
24.6 0.346735 0
25.2 0.346735 0
25.8 0.346735 0
26.4 0.346735 0
27 0.346735 0
27.6 0.346735 0
28.2 0.346735 0
28.8 0.346735 0
29.4 0.346735 0
30 0.346735 0
-30 0.356939 0
-29.4 0.356939 0
-28.8 0.356939 0
-28.2 0.356939 0
-27.6 0.356939 0
-27 0.356939 0
-26.4 0.356939 0
-25.8 0.356939 0
-25.2 0.356939 0
-24.6 0.356939 0
-24 0.356939 0
-23.4 0.356939 0
-22.8 0.356939 0
-22.2 0.356939 0
-21.6 0.356939 0
-21 0.356939 0
-20.4 0.356939 0
-19.8 0.356939 0
-19.2 0.356939 0
-18.6 0.356939 0
-18 0.356939 0
-17.4 0.356939 0
-16.8 0.356939 0
-16.2 0.356939 0
-15.6 0.356939 0
-15 0.356939 0
-14.4 0.356939 0
-13.8 0.356939 0
-13.2 0.356939 0
-12.6 0.356939 0
-12 0.356939 0
-11.4 0.356939 0
-10.8 0.356939 0
-10.2 0.356939 0
-9.6 0.356939 0
-9 0.356939 0
-8.4 0.356939 0
-7.8 0.356939 0
-7.2 0.356939 0
-6.6 0.356939 0
-6 0.356939 0
-5.4 0.356939 0
-4.8 0.356939 0
-4.2 0.356939 0
-3.6 0.356939 0
-3 0.356939 0
-2.4 0.356939 0
-1.8 0.356939 0
-1.2 0.356939 0
-0.6 0.356939 0
0 0.356939 0
0.6 0.356939 0
1.2 0.356939 0
1.8 0.356939 0
2.4 0.356939 0
3 0.356939 0
3.6 0.356939 0
4.2 0.356939 0
4.8 0.356939 0
5.4 0.356939 0
6 0.356939 0
6.6 0.356939 0
7.2 0.356939 0
7.8 0.356939 0
8.4 0.356939 0
9 0.356939 0
9.6 0.356939 0
10.2 0.356939 0
10.8 0.356939 0
11.4 0.356939 0
12 0.356939 0
12.6 0.356939 0
13.2 0.356939 0
13.8 0.356939 0
14.4 0.356939 0
15 0.356939 0
15.6 0.356939 0
16.2 0.356939 0
16.8 0.356939 0
17.4 0.356939 0
18 0.356939 0
18.6 0.356939 0
19.2 0.356939 0
19.8 0.356939 0
20.4 0.356939 0
21 0.356939 0
21.6 0.356939 0
22.2 0.356939 0
22.8 0.356939 0
23.4 0.356939 0
24 0.356939 0
24.6 0.356939 0
25.2 0.356939 0
25.8 0.356939 0
26.4 0.356939 0
27 0.356939 0
27.6 0.356939 0
28.2 0.356939 0
28.8 0.356939 0
29.4 0.356939 0
30 0.356939 0
-30 0.367143 0
-29.4 0.367143 0
-28.8 0.367143 0
-28.2 0.367143 0
-27.6 0.367143 0
-27 0.367143 0
-26.4 0.367143 0
-25.8 0.367143 0
-25.2 0.367143 0
-24.6 0.367143 0
-24 0.367143 0
-23.4 0.367143 0
-22.8 0.367143 0
-22.2 0.367143 0
-21.6 0.367143 0
-21 0.367143 0
-20.4 0.367143 0
-19.8 0.367143 0
-19.2 0.367143 0
-18.6 0.367143 0
-18 0.367143 0
-17.4 0.367143 0
-16.8 0.367143 0
-16.2 0.367143 0
-15.6 0.367143 0
-15 0.367143 0
-14.4 0.367143 0
-13.8 0.367143 0
-13.2 0.367143 0
-12.6 0.367143 0
-12 0.367143 0
-11.4 0.367143 0
-10.8 0.367143 0
-10.2 0.367143 0
-9.6 0.367143 0
-9 0.367143 0
-8.4 0.367143 0
-7.8 0.367143 0
-7.2 0.367143 0
-6.6 0.367143 0
-6 0.367143 0
-5.4 0.367143 0
-4.8 0.367143 0
-4.2 0.367143 0
-3.6 0.367143 0
-3 0.367143 0
-2.4 0.367143 0
-1.8 0.367143 0
-1.2 0.367143 0
-0.6 0.367143 0
0 0.367143 0
0.6 0.367143 0
1.2 0.367143 0
1.8 0.367143 0
2.4 0.367143 0
3 0.367143 0
3.6 0.367143 0
4.2 0.367143 0
4.8 0.367143 0
5.4 0.367143 0
6 0.367143 0
6.6 0.367143 0
7.2 0.367143 0
7.8 0.367143 0
8.4 0.367143 0
9 0.367143 0
9.6 0.367143 0
10.2 0.367143 0
10.8 0.367143 0
11.4 0.367143 0
12 0.367143 0
12.6 0.367143 0
13.2 0.367143 0
13.8 0.367143 0
14.4 0.367143 0
15 0.367143 0
15.6 0.367143 0
16.2 0.367143 0
16.8 0.367143 0
17.4 0.367143 0
18 0.367143 0
18.6 0.367143 0
19.2 0.367143 0
19.8 0.367143 0
20.4 0.367143 0
21 0.367143 0
21.6 0.367143 0
22.2 0.367143 0
22.8 0.367143 0
23.4 0.367143 0
24 0.367143 0
24.6 0.367143 0
25.2 0.367143 0
25.8 0.367143 0
26.4 0.367143 0
27 0.367143 0
27.6 0.367143 0
28.2 0.367143 0
28.8 0.367143 0
29.4 0.367143 0
30 0.367143 0
-30 0.377347 0
-29.4 0.377347 0
-28.8 0.377347 0
-28.2 0.377347 0
-27.6 0.377347 0
-27 0.377347 0
-26.4 0.377347 0
-25.8 0.377347 0
-25.2 0.377347 0
-24.6 0.377347 0
-24 0.377347 0
-23.4 0.377347 0
-22.8 0.377347 0
-22.2 0.377347 0
-21.6 0.377347 0
-21 0.377347 0
-20.4 0.377347 0
-19.8 0.377347 0
-19.2 0.377347 0
-18.6 0.377347 0
-18 0.377347 0
-17.4 0.377347 0
-16.8 0.377347 0
-16.2 0.377347 0
-15.6 0.377347 0
-15 0.377347 0
-14.4 0.377347 0
-13.8 0.377347 0
-13.2 0.377347 0
-12.6 0.377347 0
-12 0.377347 0
-11.4 0.377347 0
-10.8 0.377347 0
-10.2 0.377347 0
-9.6 0.377347 0
-9 0.377347 0
-8.4 0.377347 0
-7.8 0.377347 0
-7.2 0.377347 0
-6.6 0.377347 0
-6 0.377347 0
-5.4 0.377347 0
-4.8 0.377347 0
-4.2 0.377347 0
-3.6 0.377347 0
-3 0.377347 0
-2.4 0.377347 0
-1.8 0.377347 0
-1.2 0.377347 0
-0.6 0.377347 0
0 0.377347 0
0.6 0.377347 0
1.2 0.377347 0
1.8 0.377347 0
2.4 0.377347 0
3 0.377347 0
3.6 0.377347 0
4.2 0.377347 0
4.8 0.377347 0
5.4 0.377347 0
6 0.377347 0
6.6 0.377347 0
7.2 0.377347 0
7.8 0.377347 0
8.4 0.377347 0
9 0.377347 0
9.6 0.377347 0
10.2 0.377347 0
10.8 0.377347 0
11.4 0.377347 0
12 0.377347 0
12.6 0.377347 0
13.2 0.377347 0
13.8 0.377347 0
14.4 0.377347 0
15 0.377347 0
15.6 0.377347 0
16.2 0.377347 0
16.8 0.377347 0
17.4 0.377347 0
18 0.377347 0
18.6 0.377347 0
19.2 0.377347 0
19.8 0.377347 0
20.4 0.377347 0
21 0.377347 0
21.6 0.377347 0
22.2 0.377347 0
22.8 0.377347 0
23.4 0.377347 0
24 0.377347 0
24.6 0.377347 0
25.2 0.377347 0
25.8 0.377347 0
26.4 0.377347 0
27 0.377347 0
27.6 0.377347 0
28.2 0.377347 0
28.8 0.377347 0
29.4 0.377347 0
30 0.377347 0
-30 0.387551 0
-29.4 0.387551 0
-28.8 0.387551 0
-28.2 0.387551 0
-27.6 0.387551 0
-27 0.387551 0
-26.4 0.387551 0
-25.8 0.387551 0
-25.2 0.387551 0
-24.6 0.387551 0
-24 0.387551 0
-23.4 0.387551 0
-22.8 0.387551 0
-22.2 0.387551 0
-21.6 0.387551 0
-21 0.387551 0
-20.4 0.387551 0
-19.8 0.387551 0
-19.2 0.387551 0
-18.6 0.387551 0
-18 0.387551 0
-17.4 0.387551 0
-16.8 0.387551 0
-16.2 0.387551 0
-15.6 0.387551 0
-15 0.387551 0
-14.4 0.387551 0
-13.8 0.387551 0
-13.2 0.387551 0
-12.6 0.387551 0
-12 0.387551 0
-11.4 0.387551 0
-10.8 0.387551 0
-10.2 0.387551 0
-9.6 0.387551 0
-9 0.387551 0
-8.4 0.387551 0
-7.8 0.387551 0
-7.2 0.387551 0
-6.6 0.387551 0
-6 0.387551 0
-5.4 0.387551 0
-4.8 0.387551 0
-4.2 0.387551 0
-3.6 0.387551 0
-3 0.387551 0
-2.4 0.387551 0
-1.8 0.387551 0
-1.2 0.387551 0
-0.6 0.387551 0
0 0.387551 0
0.6 0.387551 0
1.2 0.387551 0
1.8 0.387551 0
2.4 0.387551 0
3 0.387551 0
3.6 0.387551 0
4.2 0.387551 0
4.8 0.387551 0
5.4 0.387551 0
6 0.387551 0
6.6 0.387551 0
7.2 0.387551 0
7.8 0.387551 0
8.4 0.387551 0
9 0.387551 0
9.6 0.387551 0
10.2 0.387551 0
10.8 0.387551 0
11.4 0.387551 0
12 0.387551 0
12.6 0.387551 0
13.2 0.387551 0
13.8 0.387551 0
14.4 0.387551 0
15 0.387551 0
15.6 0.387551 0
16.2 0.387551 0
16.8 0.387551 0
17.4 0.387551 0
18 0.387551 0
18.6 0.387551 0
19.2 0.387551 0
19.8 0.387551 0
20.4 0.387551 0
21 0.387551 0
21.6 0.387551 0
22.2 0.387551 0
22.8 0.387551 0
23.4 0.387551 0
24 0.387551 0
24.6 0.387551 0
25.2 0.387551 0
25.8 0.387551 0
26.4 0.387551 0
27 0.387551 0
27.6 0.387551 0
28.2 0.387551 0
28.8 0.387551 0
29.4 0.387551 0
30 0.387551 0
-30 0.397755 0
-29.4 0.397755 0
-28.8 0.397755 0
-28.2 0.397755 0
-27.6 0.397755 0
-27 0.397755 0
-26.4 0.397755 0
-25.8 0.397755 0
-25.2 0.397755 0
-24.6 0.397755 0
-24 0.397755 0
-23.4 0.397755 0
-22.8 0.397755 0
-22.2 0.397755 0
-21.6 0.397755 0
-21 0.397755 0
-20.4 0.397755 0
-19.8 0.397755 0
-19.2 0.397755 0
-18.6 0.397755 0
-18 0.397755 0
-17.4 0.397755 0
-16.8 0.397755 0
-16.2 0.397755 0
-15.6 0.397755 0
-15 0.397755 0
-14.4 0.397755 0
-13.8 0.397755 0
-13.2 0.397755 0
-12.6 0.397755 0
-12 0.397755 0
-11.4 0.397755 0
-10.8 0.397755 0
-10.2 0.397755 0
-9.6 0.397755 0
-9 0.397755 0
-8.4 0.397755 0
-7.8 0.397755 0
-7.2 0.397755 0
-6.6 0.397755 0
-6 0.397755 0
-5.4 0.397755 0
-4.8 0.397755 0
-4.2 0.397755 0
-3.6 0.397755 0
-3 0.397755 0
-2.4 0.397755 0
-1.8 0.397755 0
-1.2 0.397755 0
-0.6 0.397755 0
0 0.397755 0
0.6 0.397755 0
1.2 0.397755 0
1.8 0.397755 0
2.4 0.397755 0
3 0.397755 0
3.6 0.397755 0
4.2 0.397755 0
4.8 0.397755 0
5.4 0.397755 0
6 0.397755 0
6.6 0.397755 0
7.2 0.397755 0
7.8 0.397755 0
8.4 0.397755 0
9 0.397755 0
9.6 0.397755 0
10.2 0.397755 0
10.8 0.397755 0
11.4 0.397755 0
12 0.397755 0
12.6 0.397755 0
13.2 0.397755 0
13.8 0.397755 0
14.4 0.397755 0
15 0.397755 0
15.6 0.397755 0
16.2 0.397755 0
16.8 0.397755 0
17.4 0.397755 0
18 0.397755 0
18.6 0.397755 0
19.2 0.397755 0
19.8 0.397755 0
20.4 0.397755 0
21 0.397755 0
21.6 0.397755 0
22.2 0.397755 0
22.8 0.397755 0
23.4 0.397755 0
24 0.397755 0
24.6 0.397755 0
25.2 0.397755 0
25.8 0.397755 0
26.4 0.397755 0
27 0.397755 0
27.6 0.397755 0
28.2 0.397755 0
28.8 0.397755 0
29.4 0.397755 0
30 0.397755 0
-30 0.407959 0
-29.4 0.407959 0
-28.8 0.407959 0
-28.2 0.407959 0
-27.6 0.407959 0
-27 0.407959 0
-26.4 0.407959 0
-25.8 0.407959 0
-25.2 0.407959 0
-24.6 0.407959 0
-24 0.407959 0
-23.4 0.407959 0
-22.8 0.407959 0
-22.2 0.407959 0
-21.6 0.407959 0
-21 0.407959 0
-20.4 0.407959 0
-19.8 0.407959 0
-19.2 0.407959 0
-18.6 0.407959 0
-18 0.407959 0
-17.4 0.407959 0
-16.8 0.407959 0
-16.2 0.407959 0
-15.6 0.407959 0
-15 0.407959 0
-14.4 0.407959 0
-13.8 0.407959 0
-13.2 0.407959 0
-12.6 0.407959 0
-12 0.407959 0
-11.4 0.407959 0
-10.8 0.407959 0
-10.2 0.407959 0
-9.6 0.407959 0
-9 0.407959 0
-8.4 0.407959 0
-7.8 0.407959 0
-7.2 0.407959 0
-6.6 0.407959 0
-6 0.407959 0
-5.4 0.407959 0
-4.8 0.407959 0
-4.2 0.407959 0
-3.6 0.407959 0
-3 0.407959 0
-2.4 0.407959 0
-1.8 0.407959 0
-1.2 0.407959 0
-0.6 0.407959 0
0 0.407959 0
0.6 0.407959 0
1.2 0.407959 0
1.8 0.407959 0
2.4 0.407959 0
3 0.407959 0
3.6 0.407959 0
4.2 0.407959 0
4.8 0.407959 0
5.4 0.407959 0
6 0.407959 0
6.6 0.407959 0
7.2 0.407959 0
7.8 0.407959 0
8.4 0.407959 0
9 0.407959 0
9.6 0.407959 0
10.2 0.407959 0
10.8 0.407959 0
11.4 0.407959 0
12 0.407959 0
12.6 0.407959 0
13.2 0.407959 0
13.8 0.407959 0
14.4 0.407959 0
15 0.407959 0
15.6 0.407959 0
16.2 0.407959 0
16.8 0.407959 0
17.4 0.407959 0
18 0.407959 0
18.6 0.407959 0
19.2 0.407959 0
19.8 0.407959 0
20.4 0.407959 0
21 0.407959 0
21.6 0.407959 0
22.2 0.407959 0
22.8 0.407959 0
23.4 0.407959 0
24 0.407959 0
24.6 0.407959 0
25.2 0.407959 0
25.8 0.407959 0
26.4 0.407959 0
27 0.407959 0
27.6 0.407959 0
28.2 0.407959 0
28.8 0.407959 0
29.4 0.407959 0
30 0.407959 0
-30 0.418163 0
-29.4 0.418163 0
-28.8 0.418163 0
-28.2 0.418163 0
-27.6 0.418163 0
-27 0.418163 0
-26.4 0.418163 0
-25.8 0.418163 0
-25.2 0.418163 0
-24.6 0.418163 0
-24 0.418163 0
-23.4 0.418163 0
-22.8 0.418163 0
-22.2 0.418163 0
-21.6 0.418163 0
-21 0.418163 0
-20.4 0.418163 0
-19.8 0.418163 0
-19.2 0.418163 0
-18.6 0.418163 0
-18 0.418163 0
-17.4 0.418163 0
-16.8 0.418163 0
-16.2 0.418163 0
-15.6 0.418163 0
-15 0.418163 0
-14.4 0.418163 0
-13.8 0.418163 0
-13.2 0.418163 0
-12.6 0.418163 0
-12 0.418163 0
-11.4 0.418163 0
-10.8 0.418163 0
-10.2 0.418163 0
-9.6 0.418163 0
-9 0.418163 0
-8.4 0.418163 0
-7.8 0.418163 0
-7.2 0.418163 0
-6.6 0.418163 0
-6 0.418163 0
-5.4 0.418163 0
-4.8 0.418163 0
-4.2 0.418163 0
-3.6 0.418163 0
-3 0.418163 0
-2.4 0.418163 0
-1.8 0.418163 0
-1.2 0.418163 0
-0.6 0.418163 0
0 0.418163 0
0.6 0.418163 0
1.2 0.418163 0
1.8 0.418163 0
2.4 0.418163 0
3 0.418163 0
3.6 0.418163 0
4.2 0.418163 0
4.8 0.418163 0
5.4 0.418163 0
6 0.418163 0
6.6 0.418163 0
7.2 0.418163 0
7.8 0.418163 0
8.4 0.418163 0
9 0.418163 0
9.6 0.418163 0
10.2 0.418163 0
10.8 0.418163 0
11.4 0.418163 0
12 0.418163 0
12.6 0.418163 0
13.2 0.418163 0
13.8 0.418163 0
14.4 0.418163 0
15 0.418163 0
15.6 0.418163 0
16.2 0.418163 0
16.8 0.418163 0
17.4 0.418163 0
18 0.418163 0
18.6 0.418163 0
19.2 0.418163 0
19.8 0.418163 0
20.4 0.418163 0
21 0.418163 0
21.6 0.418163 0
22.2 0.418163 0
22.8 0.418163 0
23.4 0.418163 0
24 0.418163 0
24.6 0.418163 0
25.2 0.418163 0
25.8 0.418163 0
26.4 0.418163 0
27 0.418163 0
27.6 0.418163 0
28.2 0.418163 0
28.8 0.418163 0
29.4 0.418163 0
30 0.418163 0
-30 0.428367 0
-29.4 0.428367 0
-28.8 0.428367 0
-28.2 0.428367 0
-27.6 0.428367 0
-27 0.428367 0
-26.4 0.428367 0
-25.8 0.428367 0
-25.2 0.428367 0
-24.6 0.428367 0
-24 0.428367 0
-23.4 0.428367 0
-22.8 0.428367 0
-22.2 0.428367 0
-21.6 0.428367 0
-21 0.428367 0
-20.4 0.428367 0
-19.8 0.428367 0
-19.2 0.428367 0
-18.6 0.428367 0
-18 0.428367 0
-17.4 0.428367 0
-16.8 0.428367 0
-16.2 0.428367 0
-15.6 0.428367 0
-15 0.428367 0
-14.4 0.428367 0
-13.8 0.428367 0
-13.2 0.428367 0
-12.6 0.428367 0
-12 0.428367 0
-11.4 0.428367 0
-10.8 0.428367 0
-10.2 0.428367 0
-9.6 0.428367 0
-9 0.428367 0
-8.4 0.428367 0
-7.8 0.428367 0
-7.2 0.428367 0
-6.6 0.428367 0
-6 0.428367 0
-5.4 0.428367 0
-4.8 0.428367 0
-4.2 0.428367 0
-3.6 0.428367 0
-3 0.428367 0
-2.4 0.428367 0
-1.8 0.428367 0
-1.2 0.428367 0
-0.6 0.428367 0
0 0.428367 0
0.6 0.428367 0
1.2 0.428367 0
1.8 0.428367 0
2.4 0.428367 0
3 0.428367 0
3.6 0.428367 0
4.2 0.428367 0
4.8 0.428367 0
5.4 0.428367 0
6 0.428367 0
6.6 0.428367 0
7.2 0.428367 0
7.8 0.428367 0
8.4 0.428367 0
9 0.428367 0
9.6 0.428367 0
10.2 0.428367 0
10.8 0.428367 0
11.4 0.428367 0
12 0.428367 0
12.6 0.428367 0
13.2 0.428367 0
13.8 0.428367 0
14.4 0.428367 0
15 0.428367 0
15.6 0.428367 0
16.2 0.428367 0
16.8 0.428367 0
17.4 0.428367 0
18 0.428367 0
18.6 0.428367 0
19.2 0.428367 0
19.8 0.428367 0
20.4 0.428367 0
21 0.428367 0
21.6 0.428367 0
22.2 0.428367 0
22.8 0.428367 0
23.4 0.428367 0
24 0.428367 0
24.6 0.428367 0
25.2 0.428367 0
25.8 0.428367 0
26.4 0.428367 0
27 0.428367 0
27.6 0.428367 0
28.2 0.428367 0
28.8 0.428367 0
29.4 0.428367 0
30 0.428367 0
-30 0.438571 0
-29.4 0.438571 0
-28.8 0.438571 0
-28.2 0.438571 0
-27.6 0.438571 0
-27 0.438571 0
-26.4 0.438571 0
-25.8 0.438571 0
-25.2 0.438571 0
-24.6 0.438571 0
-24 0.438571 0
-23.4 0.438571 0
-22.8 0.438571 0
-22.2 0.438571 0
-21.6 0.438571 0
-21 0.438571 0
-20.4 0.438571 0
-19.8 0.438571 0
-19.2 0.438571 0
-18.6 0.438571 0
-18 0.438571 0
-17.4 0.438571 0
-16.8 0.438571 0
-16.2 0.438571 0
-15.6 0.438571 0
-15 0.438571 0
-14.4 0.438571 0
-13.8 0.438571 0
-13.2 0.438571 0
-12.6 0.438571 0
-12 0.438571 0
-11.4 0.438571 0
-10.8 0.438571 0
-10.2 0.438571 0
-9.6 0.438571 0
-9 0.438571 0
-8.4 0.438571 0
-7.8 0.438571 0
-7.2 0.438571 0
-6.6 0.438571 0
-6 0.438571 0
-5.4 0.438571 0
-4.8 0.438571 0
-4.2 0.438571 0
-3.6 0.438571 0
-3 0.438571 0
-2.4 0.438571 0
-1.8 0.438571 0
-1.2 0.438571 0
-0.6 0.438571 0
0 0.438571 0
0.6 0.438571 0
1.2 0.438571 0
1.8 0.438571 0
2.4 0.438571 0
3 0.438571 0
3.6 0.438571 0
4.2 0.438571 0
4.8 0.438571 0
5.4 0.438571 0
6 0.438571 0
6.6 0.438571 0
7.2 0.438571 0
7.8 0.438571 0
8.4 0.438571 0
9 0.438571 0
9.6 0.438571 0
10.2 0.438571 0
10.8 0.438571 0
11.4 0.438571 0
12 0.438571 0
12.6 0.438571 0
13.2 0.438571 0
13.8 0.438571 0
14.4 0.438571 0
15 0.438571 0
15.6 0.438571 0
16.2 0.438571 0
16.8 0.438571 0
17.4 0.438571 0
18 0.438571 0
18.6 0.438571 0
19.2 0.438571 0
19.8 0.438571 0
20.4 0.438571 0
21 0.438571 0
21.6 0.438571 0
22.2 0.438571 0
22.8 0.438571 0
23.4 0.438571 0
24 0.438571 0
24.6 0.438571 0
25.2 0.438571 0
25.8 0.438571 0
26.4 0.438571 0
27 0.438571 0
27.6 0.438571 0
28.2 0.438571 0
28.8 0.438571 0
29.4 0.438571 0
30 0.438571 0
-30 0.448776 0
-29.4 0.448776 0
-28.8 0.448776 0
-28.2 0.448776 0
-27.6 0.448776 0
-27 0.448776 0
-26.4 0.448776 0
-25.8 0.448776 0
-25.2 0.448776 0
-24.6 0.448776 0
-24 0.448776 0
-23.4 0.448776 0
-22.8 0.448776 0
-22.2 0.448776 0
-21.6 0.448776 0
-21 0.448776 0
-20.4 0.448776 0
-19.8 0.448776 0
-19.2 0.448776 0
-18.6 0.448776 0
-18 0.448776 0
-17.4 0.448776 0
-16.8 0.448776 0
-16.2 0.448776 0
-15.6 0.448776 0
-15 0.448776 0
-14.4 0.448776 0
-13.8 0.448776 0
-13.2 0.448776 0
-12.6 0.448776 0
-12 0.448776 0
-11.4 0.448776 0
-10.8 0.448776 0
-10.2 0.448776 0
-9.6 0.448776 0
-9 0.448776 0
-8.4 0.448776 0
-7.8 0.448776 0
-7.2 0.448776 0
-6.6 0.448776 0
-6 0.448776 0
-5.4 0.448776 0
-4.8 0.448776 0
-4.2 0.448776 0
-3.6 0.448776 0
-3 0.448776 0
-2.4 0.448776 0
-1.8 0.448776 0
-1.2 0.448776 0
-0.6 0.448776 0
0 0.448776 0
0.6 0.448776 0
1.2 0.448776 0
1.8 0.448776 0
2.4 0.448776 0
3 0.448776 0
3.6 0.448776 0
4.2 0.448776 0
4.8 0.448776 0
5.4 0.448776 0
6 0.448776 0
6.6 0.448776 0
7.2 0.448776 0
7.8 0.448776 0
8.4 0.448776 0
9 0.448776 0
9.6 0.448776 0
10.2 0.448776 0
10.8 0.448776 0
11.4 0.448776 0
12 0.448776 0
12.6 0.448776 0
13.2 0.448776 0
13.8 0.448776 0
14.4 0.448776 0
15 0.448776 0
15.6 0.448776 0
16.2 0.448776 0
16.8 0.448776 0
17.4 0.448776 0
18 0.448776 0
18.6 0.448776 0
19.2 0.448776 0
19.8 0.448776 0
20.4 0.448776 0
21 0.448776 0
21.6 0.448776 0
22.2 0.448776 0
22.8 0.448776 0
23.4 0.448776 0
24 0.448776 0
24.6 0.448776 0
25.2 0.448776 0
25.8 0.448776 0
26.4 0.448776 0
27 0.448776 0
27.6 0.448776 0
28.2 0.448776 0
28.8 0.448776 0
29.4 0.448776 0
30 0.448776 0
-30 0.45898 0
-29.4 0.45898 0
-28.8 0.45898 0
-28.2 0.45898 0
-27.6 0.45898 0
-27 0.45898 0
-26.4 0.45898 0
-25.8 0.45898 0
-25.2 0.45898 0
-24.6 0.45898 0
-24 0.45898 0
-23.4 0.45898 0
-22.8 0.45898 0
-22.2 0.45898 0
-21.6 0.45898 0
-21 0.45898 0
-20.4 0.45898 0
-19.8 0.45898 0
-19.2 0.45898 0
-18.6 0.45898 0
-18 0.45898 0
-17.4 0.45898 0
-16.8 0.45898 0
-16.2 0.45898 0
-15.6 0.45898 0
-15 0.45898 0
-14.4 0.45898 0
-13.8 0.45898 0
-13.2 0.45898 0
-12.6 0.45898 0
-12 0.45898 0
-11.4 0.45898 0
-10.8 0.45898 0
-10.2 0.45898 0
-9.6 0.45898 0
-9 0.45898 0
-8.4 0.45898 0
-7.8 0.45898 0
-7.2 0.45898 0
-6.6 0.45898 0
-6 0.45898 0
-5.4 0.45898 0
-4.8 0.45898 0
-4.2 0.45898 0
-3.6 0.45898 0
-3 0.45898 0
-2.4 0.45898 0
-1.8 0.45898 0
-1.2 0.45898 0
-0.6 0.45898 0
0 0.45898 0
0.6 0.45898 0
1.2 0.45898 0
1.8 0.45898 0
2.4 0.45898 0
3 0.45898 0
3.6 0.45898 0
4.2 0.45898 0
4.8 0.45898 0
5.4 0.45898 0
6 0.45898 0
6.6 0.45898 0
7.2 0.45898 0
7.8 0.45898 0
8.4 0.45898 0
9 0.45898 0
9.6 0.45898 0
10.2 0.45898 0
10.8 0.45898 0
11.4 0.45898 0
12 0.45898 0
12.6 0.45898 0
13.2 0.45898 0
13.8 0.45898 0
14.4 0.45898 0
15 0.45898 0
15.6 0.45898 0
16.2 0.45898 0
16.8 0.45898 0
17.4 0.45898 0
18 0.45898 0
18.6 0.45898 0
19.2 0.45898 0
19.8 0.45898 0
20.4 0.45898 0
21 0.45898 0
21.6 0.45898 0
22.2 0.45898 0
22.8 0.45898 0
23.4 0.45898 0
24 0.45898 0
24.6 0.45898 0
25.2 0.45898 0
25.8 0.45898 0
26.4 0.45898 0
27 0.45898 0
27.6 0.45898 0
28.2 0.45898 0
28.8 0.45898 0
29.4 0.45898 0
30 0.45898 0
-30 0.469184 0
-29.4 0.469184 0
-28.8 0.469184 0
-28.2 0.469184 0
-27.6 0.469184 0
-27 0.469184 0
-26.4 0.469184 0
-25.8 0.469184 0
-25.2 0.469184 0
-24.6 0.469184 0
-24 0.469184 0
-23.4 0.469184 0
-22.8 0.469184 0
-22.2 0.469184 0
-21.6 0.469184 0
-21 0.469184 0
-20.4 0.469184 0
-19.8 0.469184 0
-19.2 0.469184 0
-18.6 0.469184 0
-18 0.469184 0
-17.4 0.469184 0
-16.8 0.469184 0
-16.2 0.469184 0
-15.6 0.469184 0
-15 0.469184 0
-14.4 0.469184 0
-13.8 0.469184 0
-13.2 0.469184 0
-12.6 0.469184 0
-12 0.469184 0
-11.4 0.469184 0
-10.8 0.469184 0
-10.2 0.469184 0
-9.6 0.469184 0
-9 0.469184 0
-8.4 0.469184 0
-7.8 0.469184 0
-7.2 0.469184 0
-6.6 0.469184 0
-6 0.469184 0
-5.4 0.469184 0
-4.8 0.469184 0
-4.2 0.469184 0
-3.6 0.469184 0
-3 0.469184 0
-2.4 0.469184 0
-1.8 0.469184 0
-1.2 0.469184 0
-0.6 0.469184 0
0 0.469184 0
0.6 0.469184 0
1.2 0.469184 0
1.8 0.469184 0
2.4 0.469184 0
3 0.469184 0
3.6 0.469184 0
4.2 0.469184 0
4.8 0.469184 0
5.4 0.469184 0
6 0.469184 0
6.6 0.469184 0
7.2 0.469184 0
7.8 0.469184 0
8.4 0.469184 0
9 0.469184 0
9.6 0.469184 0
10.2 0.469184 0
10.8 0.469184 0
11.4 0.469184 0
12 0.469184 0
12.6 0.469184 0
13.2 0.469184 0
13.8 0.469184 0
14.4 0.469184 0
15 0.469184 0
15.6 0.469184 0
16.2 0.469184 0
16.8 0.469184 0
17.4 0.469184 0
18 0.469184 0
18.6 0.469184 0
19.2 0.469184 0
19.8 0.469184 0
20.4 0.469184 0
21 0.469184 0
21.6 0.469184 0
22.2 0.469184 0
22.8 0.469184 0
23.4 0.469184 0
24 0.469184 0
24.6 0.469184 0
25.2 0.469184 0
25.8 0.469184 0
26.4 0.469184 0
27 0.469184 0
27.6 0.469184 0
28.2 0.469184 0
28.8 0.469184 0
29.4 0.469184 0
30 0.469184 0
-30 0.479388 0
-29.4 0.479388 0
-28.8 0.479388 0
-28.2 0.479388 0
-27.6 0.479388 0
-27 0.479388 0
-26.4 0.479388 0
-25.8 0.479388 0
-25.2 0.479388 0
-24.6 0.479388 0
-24 0.479388 0
-23.4 0.479388 0
-22.8 0.479388 0
-22.2 0.479388 0
-21.6 0.479388 0
-21 0.479388 0
-20.4 0.479388 0
-19.8 0.479388 0
-19.2 0.479388 0
-18.6 0.479388 0
-18 0.479388 0
-17.4 0.479388 0
-16.8 0.479388 0
-16.2 0.479388 0
-15.6 0.479388 0
-15 0.479388 0
-14.4 0.479388 0
-13.8 0.479388 0
-13.2 0.479388 0
-12.6 0.479388 0
-12 0.479388 0
-11.4 0.479388 0
-10.8 0.479388 0
-10.2 0.479388 0
-9.6 0.479388 0
-9 0.479388 0
-8.4 0.479388 0
-7.8 0.479388 0
-7.2 0.479388 0
-6.6 0.479388 0
-6 0.479388 0
-5.4 0.479388 0
-4.8 0.479388 0
-4.2 0.479388 0
-3.6 0.479388 0
-3 0.479388 0
-2.4 0.479388 0
-1.8 0.479388 0
-1.2 0.479388 0
-0.6 0.479388 0
0 0.479388 0
0.6 0.479388 0
1.2 0.479388 0
1.8 0.479388 0
2.4 0.479388 0
3 0.479388 0
3.6 0.479388 0
4.2 0.479388 0
4.8 0.479388 0
5.4 0.479388 0
6 0.479388 0
6.6 0.479388 0
7.2 0.479388 0
7.8 0.479388 0
8.4 0.479388 0
9 0.479388 0
9.6 0.479388 0
10.2 0.479388 0
10.8 0.479388 0
11.4 0.479388 0
12 0.479388 0
12.6 0.479388 0
13.2 0.479388 0
13.8 0.479388 0
14.4 0.479388 0
15 0.479388 0
15.6 0.479388 0
16.2 0.479388 0
16.8 0.479388 0
17.4 0.479388 0
18 0.479388 0
18.6 0.479388 0
19.2 0.479388 0
19.8 0.479388 0
20.4 0.479388 0
21 0.479388 0
21.6 0.479388 0
22.2 0.479388 0
22.8 0.479388 0
23.4 0.479388 0
24 0.479388 0
24.6 0.479388 0
25.2 0.479388 0
25.8 0.479388 0
26.4 0.479388 0
27 0.479388 0
27.6 0.479388 0
28.2 0.479388 0
28.8 0.479388 0
29.4 0.479388 0
30 0.479388 0
-30 0.489592 0
-29.4 0.489592 0
-28.8 0.489592 0
-28.2 0.489592 0
-27.6 0.489592 0
-27 0.489592 0
-26.4 0.489592 0
-25.8 0.489592 0
-25.2 0.489592 0
-24.6 0.489592 0
-24 0.489592 0
-23.4 0.489592 0
-22.8 0.489592 0
-22.2 0.489592 0
-21.6 0.489592 0
-21 0.489592 0
-20.4 0.489592 0
-19.8 0.489592 0
-19.2 0.489592 0
-18.6 0.489592 0
-18 0.489592 0
-17.4 0.489592 0
-16.8 0.489592 0
-16.2 0.489592 0
-15.6 0.489592 0
-15 0.489592 0
-14.4 0.489592 0
-13.8 0.489592 0
-13.2 0.489592 0
-12.6 0.489592 0
-12 0.489592 0
-11.4 0.489592 0
-10.8 0.489592 0
-10.2 0.489592 0
-9.6 0.489592 0
-9 0.489592 0
-8.4 0.489592 0
-7.8 0.489592 0
-7.2 0.489592 0
-6.6 0.489592 0
-6 0.489592 0
-5.4 0.489592 0
-4.8 0.489592 0
-4.2 0.489592 0
-3.6 0.489592 0
-3 0.489592 0
-2.4 0.489592 0
-1.8 0.489592 0
-1.2 0.489592 0
-0.6 0.489592 0
0 0.489592 0
0.6 0.489592 0
1.2 0.489592 0
1.8 0.489592 0
2.4 0.489592 0
3 0.489592 0
3.6 0.489592 0
4.2 0.489592 0
4.8 0.489592 0
5.4 0.489592 0
6 0.489592 0
6.6 0.489592 0
7.2 0.489592 0
7.8 0.489592 0
8.4 0.489592 0
9 0.489592 0
9.6 0.489592 0
10.2 0.489592 0
10.8 0.489592 0
11.4 0.489592 0
12 0.489592 0
12.6 0.489592 0
13.2 0.489592 0
13.8 0.489592 0
14.4 0.489592 0
15 0.489592 0
15.6 0.489592 0
16.2 0.489592 0
16.8 0.489592 0
17.4 0.489592 0
18 0.489592 0
18.6 0.489592 0
19.2 0.489592 0
19.8 0.489592 0
20.4 0.489592 0
21 0.489592 0
21.6 0.489592 0
22.2 0.489592 0
22.8 0.489592 0
23.4 0.489592 0
24 0.489592 0
24.6 0.489592 0
25.2 0.489592 0
25.8 0.489592 0
26.4 0.489592 0
27 0.489592 0
27.6 0.489592 0
28.2 0.489592 0
28.8 0.489592 0
29.4 0.489592 0
30 0.489592 0
-30 0.499796 0
-29.4 0.499796 0
-28.8 0.499796 0
-28.2 0.499796 0
-27.6 0.499796 0
-27 0.499796 0
-26.4 0.499796 0
-25.8 0.499796 0
-25.2 0.499796 0
-24.6 0.499796 0
-24 0.499796 0
-23.4 0.499796 0
-22.8 0.499796 0
-22.2 0.499796 0
-21.6 0.499796 0
-21 0.499796 0
-20.4 0.499796 0
-19.8 0.499796 0
-19.2 0.499796 0
-18.6 0.499796 0
-18 0.499796 0
-17.4 0.499796 0
-16.8 0.499796 0
-16.2 0.499796 0
-15.6 0.499796 0
-15 0.499796 0
-14.4 0.499796 0
-13.8 0.499796 0
-13.2 0.499796 0
-12.6 0.499796 0
-12 0.499796 0
-11.4 0.499796 0
-10.8 0.499796 0
-10.2 0.499796 0
-9.6 0.499796 0
-9 0.499796 0
-8.4 0.499796 0
-7.8 0.499796 0
-7.2 0.499796 0
-6.6 0.499796 0
-6 0.499796 0
-5.4 0.499796 0
-4.8 0.499796 0
-4.2 0.499796 0
-3.6 0.499796 0
-3 0.499796 0
-2.4 0.499796 0
-1.8 0.499796 0
-1.2 0.499796 0
-0.6 0.499796 0
0 0.499796 0
0.6 0.499796 0
1.2 0.499796 0
1.8 0.499796 0
2.4 0.499796 0
3 0.499796 0
3.6 0.499796 0
4.2 0.499796 0
4.8 0.499796 0
5.4 0.499796 0
6 0.499796 0
6.6 0.499796 0
7.2 0.499796 0
7.8 0.499796 0
8.4 0.499796 0
9 0.499796 0
9.6 0.499796 0
10.2 0.499796 0
10.8 0.499796 0
11.4 0.499796 0
12 0.499796 0
12.6 0.499796 0
13.2 0.499796 0
13.8 0.499796 0
14.4 0.499796 0
15 0.499796 0
15.6 0.499796 0
16.2 0.499796 0
16.8 0.499796 0
17.4 0.499796 0
18 0.499796 0
18.6 0.499796 0
19.2 0.499796 0
19.8 0.499796 0
20.4 0.499796 0
21 0.499796 0
21.6 0.499796 0
22.2 0.499796 0
22.8 0.499796 0
23.4 0.499796 0
24 0.499796 0
24.6 0.499796 0
25.2 0.499796 0
25.8 0.499796 0
26.4 0.499796 0
27 0.499796 0
27.6 0.499796 0
28.2 0.499796 0
28.8 0.499796 0
29.4 0.499796 0
30 0.499796 0
-30 0.51 0
-29.4 0.51 0
-28.8 0.51 0
-28.2 0.51 0
-27.6 0.51 0
-27 0.51 0
-26.4 0.51 0
-25.8 0.51 0
-25.2 0.51 0
-24.6 0.51 0
-24 0.51 0
-23.4 0.51 0
-22.8 0.51 0
-22.2 0.51 0
-21.6 0.51 0
-21 0.51 0
-20.4 0.51 0
-19.8 0.51 0
-19.2 0.51 0
-18.6 0.51 0
-18 0.51 0
-17.4 0.51 0
-16.8 0.51 0
-16.2 0.51 0
-15.6 0.51 0
-15 0.51 0
-14.4 0.51 0
-13.8 0.51 0
-13.2 0.51 0
-12.6 0.51 0
-12 0.51 0
-11.4 0.51 0
-10.8 0.51 0
-10.2 0.51 0
-9.6 0.51 0
-9 0.51 0
-8.4 0.51 0
-7.8 0.51 0
-7.2 0.51 0
-6.6 0.51 0
-6 0.51 0
-5.4 0.51 0
-4.8 0.51 0
-4.2 0.51 0
-3.6 0.51 0
-3 0.51 0
-2.4 0.51 0
-1.8 0.51 0
-1.2 0.51 0
-0.6 0.51 0
0 0.51 0
0.6 0.51 0
1.2 0.51 0
1.8 0.51 0
2.4 0.51 0
3 0.51 0
3.6 0.51 0
4.2 0.51 0
4.8 0.51 0
5.4 0.51 0
6 0.51 0
6.6 0.51 0
7.2 0.51 0
7.8 0.51 0
8.4 0.51 0
9 0.51 0
9.6 0.51 0
10.2 0.51 0
10.8 0.51 0
11.4 0.51 0
12 0.51 0
12.6 0.51 0
13.2 0.51 0
13.8 0.51 0
14.4 0.51 0
15 0.51 0
15.6 0.51 0
16.2 0.51 0
16.8 0.51 0
17.4 0.51 0
18 0.51 0
18.6 0.51 0
19.2 0.51 0
19.8 0.51 0
20.4 0.51 0
21 0.51 0
21.6 0.51 0
22.2 0.51 0
22.8 0.51 0
23.4 0.51 0
24 0.51 0
24.6 0.51 0
25.2 0.51 0
25.8 0.51 0
26.4 0.51 0
27 0.51 0
27.6 0.51 0
28.2 0.51 0
28.8 0.51 0
29.4 0.51 0
30 0.51 0
