-30 0.05 -8.45406e-32
-28.8 0.05 0.01467
-27.6 0.05 0.060684
-26.4 0.05 0.134305
-25.2 0.05 0.230512
-24 0.05 0.343449
-22.8 0.05 0.466088
-21.6 0.05 0.590822
-20.4 0.05 0.70994
-19.2 0.05 0.816057
-18 0.05 0.902555
-16.8 0.05 0.963993
-15.6 0.05 0.996445
-14.4 0.05 0.997764
-13.2 0.05 0.967746
-12 0.05 0.908169
-10.8 0.05 0.822712
-9.6 0.05 0.716736
-8.4 0.05 0.596954
-7.2 0.05 0.470989
-6 0.05 0.346877
-4.8 0.05 0.232531
-3.6 0.05 0.135214
-2.4 0.05 0.0610619
-1.2 0.05 0.0146974
0 0.05 -0.00105553
1.2 0.05 0.0146747
2.4 0.05 0.0607815
3.6 0.05 0.134279
4.8 0.05 0.230511
6 0.05 0.343453
7.2 0.05 0.466088
8.4 0.05 0.590823
9.6 0.05 0.709941
10.8 0.05 0.816056
12 0.05 0.902555
13.2 0.05 0.963993
14.4 0.05 0.996445
15.6 0.05 0.997764
16.8 0.05 0.967746
18 0.05 0.90817
19.2 0.05 0.822713
20.4 0.05 0.716737
21.6 0.05 0.596955
22.8 0.05 0.47099
24 0.05 0.346875
25.2 0.05 0.232533
26.4 0.05 0.13524
27.6 0.05 0.0609639
28.8 0.05 0.0146946
30 0.05 -8.4837e-32
-30 0.102632 -8.22339e-32
-28.8 0.102632 0.0138534
-27.6 0.102632 0.0594401
-26.4 0.102632 0.133088
-25.2 0.102632 0.228979
-24 0.102632 0.341429
-22.8 0.102632 0.463598
-21.6 0.102632 0.587977
-20.4 0.102632 0.706996
-19.2 0.102632 0.813379
-18 0.102632 0.900549
-16.8 0.102632 0.963021
-15.6 0.102632 0.996746
-14.4 0.102632 0.999397
-13.2 0.102632 0.970561
-12 0.102632 0.911828
-10.8 0.102632 0.826747
-9.6 0.102632 0.720642
-8.4 0.102632 0.60028
-7.2 0.102632 0.473424
-6 0.102632 0.348294
-4.8 0.102632 0.232986
-3.6 0.102632 0.134907
-2.4 0.102632 0.0602677
-1.2 0.102632 0.0136789
0 0.102632 -0.00211326
1.2 0.102632 0.0136442
2.4 0.102632 0.0597242
3.6 0.102632 0.133055
4.8 0.102632 0.228954
6 0.102632 0.341441
7.2 0.102632 0.4636
8.4 0.102632 0.587979
9.6 0.102632 0.706997
10.8 0.102632 0.813378
12 0.102632 0.900548
13.2 0.102632 0.96302
14.4 0.102632 0.996746
15.6 0.102632 0.999398
16.8 0.102632 0.970562
18 0.102632 0.911829
19.2 0.102632 0.826749
20.4 0.102632 0.720644
21.6 0.102632 0.600284
22.8 0.102632 0.473425
24 0.102632 0.348284
25.2 0.102632 0.233012
26.4 0.102632 0.134941
27.6 0.102632 0.0599821
28.8 0.102632 0.0138942
30 0.102632 -8.27941e-32
-30 0.155263 -7.99513e-32
-28.8 0.155263 0.0131535
-27.6 0.155263 0.0581955
-26.4 0.155263 0.131831
-25.2 0.155263 0.227477
-24 0.155263 0.33943
-22.8 0.155263 0.46112
-21.6 0.155263 0.585146
-20.4 0.155263 0.704054
-19.2 0.155263 0.810686
-18 0.155263 0.898507
-16.8 0.155263 0.961996
-15.6 0.155263 0.99699
-14.4 0.155263 1.00098
-13.2 0.155263 0.973349
-12 0.155263 0.915488
-10.8 0.155263 0.830811
-9.6 0.155263 0.724592
-8.4 0.155263 0.603654
-7.2 0.155263 0.475897
-6 0.155263 0.349731
-4.8 0.155263 0.233445
-3.6 0.155263 0.134595
-2.4 0.155263 0.0594642
-1.2 0.155263 0.0126533
0 0.155263 -0.00317331
1.2 0.155263 0.0126162
2.4 0.155263 0.0586734
3.6 0.155263 0.131841
4.8 0.155263 0.227411
6 0.155263 0.339445
7.2 0.155263 0.46113
8.4 0.155263 0.585147
9.6 0.155263 0.704055
10.8 0.155263 0.810684
12 0.155263 0.898505
13.2 0.155263 0.961996
14.4 0.155263 0.996991
15.6 0.155263 1.00098
16.8 0.155263 0.97335
18 0.155263 0.915489
19.2 0.155263 0.830813
20.4 0.155263 0.724596
21.6 0.155263 0.603661
22.8 0.155263 0.475893
24 0.155263 0.349719
25.2 0.155263 0.233514
26.4 0.155263 0.134588
27.6 0.155263 0.0589831
28.8 0.155263 0.0132039
30 0.155263 -8.07453e-32
-30 0.207895 -7.77362e-32
-28.8 0.207895 0.0125281
-27.6 0.207895 0.0569711
-26.4 0.207895 0.130542
-25.2 0.207895 0.225992
-24 0.207895 0.33746
-22.8 0.207895 0.458655
-21.6 0.207895 0.582327
-20.4 0.207895 0.701115
-19.2 0.207895 0.807976
-18 0.207895 0.896428
-16.8 0.207895 0.960919
-15.6 0.207895 0.997176
-14.4 0.207895 1.00252
-13.2 0.207895 0.976108
-12 0.207895 0.919148
-10.8 0.207895 0.834901
-9.6 0.207895 0.728587
-8.4 0.207895 0.607076
-7.2 0.207895 0.478409
-6 0.207895 0.35119
-4.8 0.207895 0.23391
-3.6 0.207895 0.134277
-2.4 0.207895 0.0586512
-1.2 0.207895 0.0116206
0 0.207895 -0.00423571
1.2 0.207895 0.0115906
2.4 0.207895 0.057629
3.6 0.207895 0.130637
4.8 0.207895 0.225881
6 0.207895 0.337466
7.2 0.207895 0.458677
8.4 0.207895 0.582328
9.6 0.207895 0.701115
10.8 0.207895 0.807974
12 0.207895 0.896426
13.2 0.207895 0.960918
14.4 0.207895 0.997176
15.6 0.207895 1.00252
16.8 0.207895 0.97611
18 0.207895 0.91915
19.2 0.207895 0.834903
20.4 0.207895 0.728593
21.6 0.207895 0.607084
22.8 0.207895 0.478395
24 0.207895 0.351187
25.2 0.207895 0.234025
26.4 0.207895 0.134185
27.6 0.207895 0.0579881
28.8 0.207895 0.0125817
30 0.207895 -7.87349e-32
-30 0.260526 -7.55949e-32
-28.8 0.260526 0.011956
-27.6 0.260526 0.0557725
-26.4 0.260526 0.129228
-25.2 0.260526 0.224515
-24 0.260526 0.33552
-22.8 0.260526 0.456207
-21.6 0.260526 0.579517
-20.4 0.260526 0.69818
-19.2 0.260526 0.805251
-18 0.260526 0.894314
-16.8 0.260526 0.959791
-15.6 0.260526 0.997304
-14.4 0.260526 1.004
-13.2 0.260526 0.978837
-12 0.260526 0.922806
-10.8 0.260526 0.839018
-9.6 0.260526 0.732627
-8.4 0.260526 0.610547
-7.2 0.260526 0.480959
-6 0.260526 0.352671
-4.8 0.260526 0.234379
-3.6 0.260526 0.133953
-2.4 0.260526 0.0578286
-1.2 0.260526 0.0105805
0 0.260526 -0.0053005
1.2 0.260526 0.0105676
2.4 0.260526 0.056591
3.6 0.260526 0.129442
4.8 0.260526 0.224365
6 0.260526 0.335503
7.2 0.260526 0.456241
8.4 0.260526 0.579523
9.6 0.260526 0.698177
10.8 0.260526 0.805249
12 0.260526 0.894311
13.2 0.260526 0.959789
14.4 0.260526 0.997304
15.6 0.260526 1.004
16.8 0.260526 0.978839
18 0.260526 0.922809
19.2 0.260526 0.839021
20.4 0.260526 0.732637
21.6 0.260526 0.610554
22.8 0.260526 0.480934
24 0.260526 0.352689
25.2 0.260526 0.234536
26.4 0.260526 0.133741
27.6 0.260526 0.0570025
28.8 0.260526 0.0120066
30 0.260526 -7.67698e-32
-30 0.313158 -7.35242e-32
-28.8 0.313158 0.0114246
-27.6 0.313158 0.0546004
-26.4 0.313158 0.127897
-25.2 0.313158 0.223039
-24 0.313158 0.333607
-22.8 0.313158 0.453778
-21.6 0.313158 0.576718
-20.4 0.313158 0.695247
-19.2 0.313158 0.802513
-18 0.313158 0.892166
-16.8 0.313158 0.958611
-15.6 0.313158 0.997372
-14.4 0.313158 1.00543
-13.2 0.313158 0.981534
-12 0.313158 0.926462
-10.8 0.313158 0.843162
-9.6 0.313158 0.736713
-8.4 0.313158 0.614067
-7.2 0.313158 0.48355
-6 0.313158 0.354175
-4.8 0.313158 0.234853
-3.6 0.313158 0.133622
-2.4 0.313158 0.0569961
-1.2 0.313158 0.00953303
0 0.313158 -0.00636772
1.2 0.313158 0.00954699
2.4 0.313158 0.0555594
3.6 0.313158 0.128258
4.8 0.313158 0.222862
6 0.313158 0.333558
7.2 0.313158 0.453823
8.4 0.313158 0.576731
9.6 0.313158 0.695242
10.8 0.313158 0.80251
12 0.313158 0.892163
13.2 0.313158 0.958609
14.4 0.313158 0.997372
15.6 0.313158 1.00543
16.8 0.313158 0.981536
18 0.313158 0.926465
19.2 0.313158 0.843166
20.4 0.313158 0.736727
21.6 0.313158 0.614071
22.8 0.313158 0.483514
24 0.313158 0.354225
25.2 0.313158 0.235042
26.4 0.313158 0.133264
27.6 0.313158 0.0560274
28.8 0.313158 0.011466
30 0.313158 -7.48469e-32
-30 0.365789 -7.15188e-32
-28.8 0.365789 0.0109258
-27.6 0.365789 0.0534542
-26.4 0.365789 0.126556
-25.2 0.365789 0.221563
-24 0.365789 0.33172
-22.8 0.365789 0.451372
-21.6 0.365789 0.573928
-20.4 0.365789 0.692317
-19.2 0.365789 0.799763
-18 0.365789 0.889984
-16.8 0.365789 0.95738
-15.6 0.365789 0.997381
-14.4 0.365789 1.00681
-13.2 0.365789 0.984197
-12 0.365789 0.930114
-10.8 0.365789 0.847332
-9.6 0.365789 0.740845
-8.4 0.365789 0.617638
-7.2 0.365789 0.486182
-6 0.365789 0.355701
-4.8 0.365789 0.235333
-3.6 0.365789 0.133285
-2.4 0.365789 0.0561534
-1.2 0.365789 0.00847794
0 0.365789 -0.0074374
1.2 0.365789 0.00852888
2.4 0.365789 0.0545342
3.6 0.365789 0.127083
4.8 0.365789 0.221372
6 0.365789 0.331628
7.2 0.365789 0.451423
8.4 0.365789 0.573953
9.6 0.365789 0.692311
10.8 0.365789 0.799758
12 0.365789 0.889981
13.2 0.365789 0.957378
14.4 0.365789 0.997381
15.6 0.365789 1.00681
16.8 0.365789 0.9842
18 0.365789 0.930116
19.2 0.365789 0.847337
20.4 0.365789 0.740863
21.6 0.365789 0.617634
22.8 0.365789 0.486139
24 0.365789 0.355794
25.2 0.365789 0.235541
26.4 0.365789 0.132759
27.6 0.365789 0.0550619
28.8 0.365789 0.0109521
30 0.365789 -7.29613e-32
-30 0.418421 -6.95733e-32
-28.8 0.418421 0.0104539
-27.6 0.418421 0.0523325
-26.4 0.418421 0.125207
-25.2 0.418421 0.220086
-24 0.418421 0.329855
-22.8 0.418421 0.448988
-21.6 0.418421 0.571151
-20.4 0.418421 0.68939
-19.2 0.418421 0.797002
-18 0.418421 0.88777
-16.8 0.418421 0.956098
-15.6 0.418421 0.997331
-14.4 0.418421 1.00813
-13.2 0.418421 0.986826
-12 0.418421 0.933761
-10.8 0.418421 0.851526
-9.6 0.418421 0.745023
-8.4 0.418421 0.621262
-7.2 0.418421 0.488855
-6 0.418421 0.357251
-4.8 0.418421 0.235817
-3.6 0.418421 0.132941
-2.4 0.418421 0.0553004
-1.2 0.418421 0.00741514
0 0.418421 -0.00850959
1.2 0.418421 0.00751326
2.4 0.418421 0.0535153
3.6 0.418421 0.125918
4.8 0.418421 0.219895
6 0.418421 0.329715
7.2 0.418421 0.449039
8.4 0.418421 0.571188
9.6 0.418421 0.689383
10.8 0.418421 0.796993
12 0.418421 0.887767
13.2 0.418421 0.956096
14.4 0.418421 0.99733
15.6 0.418421 1.00813
16.8 0.418421 0.986828
18 0.418421 0.933762
19.2 0.418421 0.851534
20.4 0.418421 0.745044
21.6 0.418421 0.621247
22.8 0.418421 0.48881
24 0.418421 0.357393
25.2 0.418421 0.236032
26.4 0.418421 0.132229
27.6 0.418421 0.0541047
28.8 0.418421 0.0104592
30 0.418421 -7.11076e-32
-30 0.471053 -6.76826e-32
-28.8 0.471053 0.010005
-27.6 0.471053 0.0512341
-26.4 0.471053 0.123855
-25.2 0.471053 0.218608
-24 0.471053 0.328011
-22.8 0.471053 0.446629
-21.6 0.471053 0.568386
-20.4 0.471053 0.686465
-19.2 0.471053 0.794229
-18 0.471053 0.885525
-16.8 0.471053 0.954767
-15.6 0.471053 0.997221
-14.4 0.471053 1.0094
-13.2 0.471053 0.989417
-12 0.471053 0.9374
-10.8 0.471053 0.855744
-9.6 0.471053 0.749247
-8.4 0.471053 0.624938
-7.2 0.471053 0.491573
-6 0.471053 0.358826
-4.8 0.471053 0.236307
-3.6 0.471053 0.13259
-2.4 0.471053 0.0544367
-1.2 0.471053 0.00634447
0 0.471053 -0.0095843
1.2 0.471053 0.00650013
2.4 0.471053 0.0525028
3.6 0.471053 0.124763
4.8 0.471053 0.218432
6 0.471053 0.327818
7.2 0.471053 0.446674
8.4 0.471053 0.568438
9.6 0.471053 0.68646
10.8 0.471053 0.794217
12 0.471053 0.885522
13.2 0.471053 0.954765
14.4 0.471053 0.99722
15.6 0.471053 1.0094
16.8 0.471053 0.989419
18 0.471053 0.937401
19.2 0.471053 0.855757
20.4 0.471053 0.74927
21.6 0.471053 0.62491
22.8 0.471053 0.491531
24 0.471053 0.359022
25.2 0.471053 0.236514
26.4 0.471053 0.131677
27.6 0.471053 0.0531546
28.8 0.471053 0.00998337
30 0.471053 -6.92811e-32
-30 0.523684 -6.58422e-32
-28.8 0.523684 0.00957573
-27.6 0.523684 0.0501574
-26.4 0.523684 0.122502
-25.2 0.523684 0.217127
-24 0.523684 0.326185
-22.8 0.523684 0.444294
-21.6 0.523684 0.565634
-20.4 0.523684 0.683543
-19.2 0.523684 0.791446
-18 0.523684 0.88325
-16.8 0.523684 0.953386
-15.6 0.523684 0.997051
-14.4 0.523684 1.01061
-13.2 0.523684 0.99197
-12 0.523684 0.941031
-10.8 0.523684 0.859986
-9.6 0.523684 0.753518
-8.4 0.523684 0.628668
-7.2 0.523684 0.494334
-6 0.523684 0.360426
-4.8 0.523684 0.236803
-3.6 0.523684 0.132232
-2.4 0.523684 0.0535621
-1.2 0.523684 0.0052658
0 0.523684 -0.0106616
1.2 0.523684 0.0054895
2.4 0.523684 0.0514966
3.6 0.523684 0.123617
4.8 0.523684 0.216981
6 0.523684 0.325937
7.2 0.523684 0.444325
8.4 0.523684 0.565702
9.6 0.523684 0.683542
10.8 0.523684 0.79143
12 0.523684 0.883245
13.2 0.523684 0.953384
14.4 0.523684 0.997051
15.6 0.523684 1.01061
16.8 0.523684 0.991972
18 0.523684 0.941032
19.2 0.523684 0.860003
20.4 0.523684 0.75354
21.6 0.523684 0.628626
22.8 0.523684 0.494301
24 0.523684 0.36068
25.2 0.523684 0.236988
26.4 0.523684 0.131106
27.6 0.523684 0.0522101
28.8 0.523684 0.0095216
30 0.523684 -6.74772e-32
-30 0.576316 -6.40483e-32
-28.8 0.576316 0.00916387
-27.6 0.576316 0.0491013
-26.4 0.576316 0.121149
-25.2 0.576316 0.215645
-24 0.576316 0.324376
-22.8 0.576316 0.441983
-21.6 0.576316 0.562898
-20.4 0.576316 0.680623
-19.2 0.576316 0.788653
-18 0.576316 0.880946
-16.8 0.576316 0.951956
-15.6 0.576316 0.996821
-14.4 0.576316 1.01176
-13.2 0.576316 0.994483
-12 0.576316 0.944652
-10.8 0.576316 0.864251
-9.6 0.576316 0.757836
-8.4 0.576316 0.632452
-7.2 0.576316 0.497141
-6 0.576316 0.362051
-4.8 0.576316 0.237304
-3.6 0.576316 0.131866
-2.4 0.576316 0.0526763
-1.2 0.576316 0.00417898
0 0.576316 -0.0117414
1.2 0.576316 0.00448139
2.4 0.576316 0.0504968
3.6 0.576316 0.122481
4.8 0.576316 0.215544
6 0.576316 0.324072
7.2 0.576316 0.441994
8.4 0.576316 0.562981
9.6 0.576316 0.68063
10.8 0.576316 0.788633
12 0.576316 0.880939
13.2 0.576316 0.951955
14.4 0.576316 0.996821
15.6 0.576316 1.01176
16.8 0.576316 0.994484
18 0.576316 0.944653
19.2 0.576316 0.864273
20.4 0.576316 0.757856
21.6 0.576316 0.632395
22.8 0.576316 0.497123
24 0.576316 0.362367
25.2 0.576316 0.237453
26.4 0.576316 0.130517
27.6 0.576316 0.0512699
28.8 0.576316 0.00907151
30 0.576316 -6.56921e-32
-30 0.628947 -6.22974e-32
-28.8 0.628947 0.00876741
-27.6 0.628947 0.0480646
-26.4 0.628947 0.119797
-25.2 0.628947 0.214162
-24 0.628947 0.322583
-22.8 0.628947 0.439695
-21.6 0.628947 0.560177
-20.4 0.628947 0.677707
-19.2 0.628947 0.78585
-18 0.628947 0.878615
-16.8 0.628947 0.950479
-15.6 0.628947 0.996531
-14.4 0.628947 1.01285
-13.2 0.628947 0.996954
-12 0.628947 0.94826
-10.8 0.628947 0.868537
-9.6 0.628947 0.762201
-8.4 0.628947 0.636293
-7.2 0.628947 0.499995
-6 0.628947 0.363703
-4.8 0.628947 0.237811
-3.6 0.628947 0.131492
-2.4 0.628947 0.0517791
-1.2 0.628947 0.00308387
0 0.628947 -0.0128239
1.2 0.628947 0.00347581
2.4 0.628947 0.0495033
3.6 0.628947 0.121354
4.8 0.628947 0.214119
6 0.628947 0.322224
7.2 0.628947 0.43968
8.4 0.628947 0.560274
9.6 0.628947 0.677723
10.8 0.628947 0.785827
12 0.628947 0.878605
13.2 0.628947 0.950478
14.4 0.628947 0.996532
15.6 0.628947 1.01285
16.8 0.628947 0.996954
18 0.628947 0.948263
19.2 0.628947 0.868564
20.4 0.628947 0.762217
21.6 0.628947 0.63622
22.8 0.628947 0.499998
24 0.628947 0.36408
25.2 0.628947 0.237911
26.4 0.628947 0.129911
27.6 0.628947 0.0503328
28.8 0.628947 0.00863119
30 0.628947 -6.39225e-32
-30 0.681579 -6.05865e-32
-28.8 0.681579 0.0083848
-27.6 0.681579 0.0470463
-26.4 0.681579 0.118449
-25.2 0.681579 0.212679
-24 0.681579 0.320804
-22.8 0.681579 0.437432
-21.6 0.681579 0.557474
-20.4 0.681579 0.674796
-19.2 0.681579 0.783038
-18 0.681579 0.876256
-16.8 0.681579 0.948955
-15.6 0.681579 0.996181
-14.4 0.681579 1.01388
-13.2 0.681579 0.999382
-12 0.681579 0.951855
-10.8 0.681579 0.872843
-9.6 0.681579 0.766614
-8.4 0.681579 0.640191
-7.2 0.681579 0.502897
-6 0.681579 0.365382
-4.8 0.681579 0.238323
-3.6 0.681579 0.131111
-2.4 0.681579 0.0508702
-1.2 0.681579 0.00198032
0 0.681579 -0.013909
1.2 0.681579 0.00247278
2.4 0.681579 0.0485162
3.6 0.681579 0.120237
4.8 0.681579 0.212707
6 0.681579 0.32039
7.2 0.681579 0.437383
8.4 0.681579 0.557582
9.6 0.681579 0.674823
10.8 0.681579 0.783012
12 0.681579 0.876243
13.2 0.681579 0.948955
14.4 0.681579 0.996183
15.6 0.681579 1.01389
16.8 0.681579 0.999381
18 0.681579 0.95186
19.2 0.681579 0.872876
20.4 0.681579 0.766623
21.6 0.681579 0.640102
22.8 0.681579 0.502926
24 0.681579 0.365822
25.2 0.681579 0.238362
26.4 0.681579 0.129289
27.6 0.681579 0.0493977
28.8 0.681579 0.00819911
30 0.681579 -6.21653e-32
-30 0.734211 -5.89129e-32
-28.8 0.734211 0.00801471
-27.6 0.734211 0.0460453
-26.4 0.734211 0.117105
-25.2 0.734211 0.211195
-24 0.734211 0.319039
-22.8 0.734211 0.435191
-21.6 0.734211 0.554787
-20.4 0.734211 0.671889
-19.2 0.734211 0.780217
-18 0.734211 0.873871
-16.8 0.734211 0.947385
-15.6 0.734211 0.995771
-14.4 0.734211 1.01486
-13.2 0.734211 1.00177
-12 0.734211 0.955435
-10.8 0.734211 0.87717
-9.6 0.734211 0.771074
-8.4 0.734211 0.644146
-7.2 0.734211 0.505848
-6 0.734211 0.367089
-4.8 0.734211 0.238841
-3.6 0.734211 0.130721
-2.4 0.734211 0.0499493
-1.2 0.734211 0.000868167
0 0.734211 -0.0149968
1.2 0.734211 0.00147232
2.4 0.734211 0.0475354
3.6 0.734211 0.119129
4.8 0.734211 0.211307
6 0.734211 0.318573
7.2 0.734211 0.435104
8.4 0.734211 0.554905
9.6 0.734211 0.67193
10.8 0.734211 0.78019
12 0.734211 0.873853
13.2 0.734211 0.947384
14.4 0.734211 0.995774
15.6 0.734211 1.01486
16.8 0.734211 1.00176
18 0.734211 0.955442
19.2 0.734211 0.877207
20.4 0.734211 0.771074
21.6 0.734211 0.644043
22.8 0.734211 0.505909
24 0.734211 0.367591
25.2 0.734211 0.238806
26.4 0.734211 0.128652
27.6 0.734211 0.0484635
28.8 0.734211 0.00777397
30 0.734211 -6.04178e-32
-30 0.786842 -5.72744e-32
-28.8 0.786842 0.00765605
-27.6 0.786842 0.0450607
-26.4 0.786842 0.115765
-25.2 0.786842 0.209712
-24 0.786842 0.317286
-22.8 0.786842 0.432973
-21.6 0.786842 0.552119
-20.4 0.786842 0.668988
-19.2 0.786842 0.777388
-18 0.786842 0.871461
-16.8 0.786842 0.94577
-15.6 0.786842 0.995301
-14.4 0.786842 1.01577
-13.2 0.786842 1.0041
-12 0.786842 0.958997
-10.8 0.786842 0.881514
-9.6 0.786842 0.775581
-8.4 0.786842 0.648161
-7.2 0.786842 0.508849
-6 0.786842 0.368825
-4.8 0.786842 0.239366
-3.6 0.786842 0.130323
-2.4 0.786842 0.049016
-1.2 0.786842 -0.000252734
0 0.786842 -0.0160872
1.2 0.786842 0.000474455
2.4 0.786842 0.0465609
3.6 0.786842 0.11803
4.8 0.786842 0.20992
6 0.786842 0.316771
7.2 0.786842 0.432841
8.4 0.786842 0.552243
9.6 0.786842 0.669044
10.8 0.786842 0.777362
12 0.786842 0.871438
13.2 0.786842 0.945768
14.4 0.786842 0.995305
15.6 0.786842 1.01577
16.8 0.786842 1.0041
18 0.786842 0.959007
19.2 0.786842 0.881556
20.4 0.786842 0.77557
21.6 0.786842 0.648044
22.8 0.786842 0.508948
24 0.786842 0.369388
25.2 0.786842 0.239244
26.4 0.786842 0.128001
27.6 0.786842 0.0475294
28.8 0.786842 0.0073547
30 0.786842 -5.86776e-32
-30 0.839474 -5.56687e-32
-28.8 0.839474 0.00730787
-27.6 0.839474 0.0440919
-26.4 0.839474 0.11443
-25.2 0.839474 0.208229
-24 0.839474 0.315545
-22.8 0.839474 0.430778
-21.6 0.839474 0.549469
-20.4 0.839474 0.666093
-19.2 0.839474 0.774551
-18 0.839474 0.869026
-16.8 0.839474 0.94411
-15.6 0.839474 0.994771
-14.4 0.839474 1.01662
-13.2 0.839474 1.00639
-12 0.839474 0.96254
-10.8 0.839474 0.885876
-9.6 0.839474 0.780136
-8.4 0.839474 0.652236
-7.2 0.839474 0.511902
-6 0.839474 0.370591
-4.8 0.839474 0.239896
-3.6 0.839474 0.129917
-2.4 0.839474 0.0480702
-1.2 0.839474 -0.00138254
0 0.839474 -0.0171804
1.2 0.839474 -0.00052079
2.4 0.839474 0.0455928
3.6 0.839474 0.116941
4.8 0.839474 0.208545
6 0.839474 0.314985
7.2 0.839474 0.430596
8.4 0.839474 0.549596
9.6 0.839474 0.666166
10.8 0.839474 0.774527
12 0.839474 0.868998
13.2 0.839474 0.944108
14.4 0.839474 0.994777
15.6 0.839474 1.01662
16.8 0.839474 1.00638
18 0.839474 0.962554
19.2 0.839474 0.885921
20.4 0.839474 0.780112
21.6 0.839474 0.652106
22.8 0.839474 0.512045
24 0.839474 0.371214
25.2 0.839474 0.239677
26.4 0.839474 0.127334
27.6 0.839474 0.0465943
28.8 0.839474 0.00694035
30 0.839474 -5.69424e-32
-30 0.892105 -5.40941e-32
-28.8 0.892105 0.00696937
-27.6 0.892105 0.043138
-26.4 0.892105 0.113101
-25.2 0.892105 0.206748
-24 0.892105 0.313816
-22.8 0.892105 0.428604
-21.6 0.892105 0.546838
-20.4 0.892105 0.663205
-19.2 0.892105 0.771707
-18 0.892105 0.866568
-16.8 0.892105 0.942408
-15.6 0.892105 0.994182
-14.4 0.892105 1.0174
-13.2 0.892105 1.00863
-12 0.892105 0.966062
-10.8 0.892105 0.890253
-9.6 0.892105 0.784738
-8.4 0.892105 0.656372
-7.2 0.892105 0.515008
-6 0.892105 0.372387
-4.8 0.892105 0.240433
-3.6 0.892105 0.129501
-2.4 0.892105 0.0471113
-1.2 0.892105 -0.00252143
0 0.892105 -0.0182763
1.2 0.892105 -0.00151338
2.4 0.892105 0.044631
3.6 0.892105 0.115861
4.8 0.892105 0.207183
6 0.892105 0.313214
7.2 0.892105 0.428368
8.4 0.892105 0.546964
9.6 0.892105 0.663296
10.8 0.892105 0.771686
12 0.892105 0.866534
13.2 0.892105 0.942403
14.4 0.892105 0.994189
15.6 0.892105 1.0174
16.8 0.892105 1.00862
18 0.892105 0.96608
19.2 0.892105 0.890301
20.4 0.892105 0.784699
21.6 0.892105 0.656232
22.8 0.892105 0.515199
24 0.892105 0.373068
25.2 0.892105 0.240104
26.4 0.892105 0.126654
27.6 0.892105 0.0456574
28.8 0.892105 0.00653011
30 0.892105 -5.52103e-32
-30 0.944737 -5.25488e-32
-28.8 0.944737 0.00663984
-27.6 0.944737 0.0421984
-26.4 0.944737 0.111777
-25.2 0.944737 0.205268
-24 0.944737 0.312098
-22.8 0.944737 0.426451
-21.6 0.944737 0.544226
-20.4 0.944737 0.660325
-19.2 0.944737 0.768857
-18 0.944737 0.864086
-16.8 0.944737 0.940663
-15.6 0.944737 0.993534
-14.4 0.944737 1.01813
-13.2 0.944737 1.01081
-12 0.944737 0.969561
-10.8 0.944737 0.894646
-9.6 0.944737 0.789388
-8.4 0.944737 0.66057
-7.2 0.944737 0.518169
-6 0.944737 0.374215
-4.8 0.944737 0.240977
-3.6 0.944737 0.129076
-2.4 0.944737 0.0461392
-1.2 0.944737 -0.00366954
0 0.944737 -0.0193749
1.2 0.944737 -0.00250329
2.4 0.944737 0.0436756
3.6 0.944737 0.11479
4.8 0.944737 0.205833
6 0.944737 0.311458
7.2 0.944737 0.426157
8.4 0.944737 0.544348
9.6 0.944737 0.660435
10.8 0.944737 0.768842
12 0.944737 0.864047
13.2 0.944737 0.940656
14.4 0.944737 0.993542
15.6 0.944737 1.01812
16.8 0.944737 1.01081
18 0.944737 0.969584
19.2 0.944737 0.894695
20.4 0.944737 0.789332
21.6 0.944737 0.660421
22.8 0.944737 0.518412
24 0.944737 0.374951
25.2 0.944737 0.240527
26.4 0.944737 0.125959
27.6 0.944737 0.0447179
28.8 0.944737 0.00612328
30 0.944737 -5.34793e-32
-30 0.997368 -5.10313e-32
-28.8 0.997368 0.00631867
-27.6 0.997368 0.0412724
-26.4 0.997368 0.11046
-25.2 0.997368 0.20379
-24 0.997368 0.310391
-22.8 0.997368 0.424319
-21.6 0.997368 0.541634
-20.4 0.997368 0.657454
-19.2 0.997368 0.766001
-18 0.997368 0.861581
-16.8 0.997368 0.938876
-15.6 0.997368 0.992828
-14.4 0.997368 1.01878
-13.2 0.997368 1.01295
-12 0.997368 0.973035
-10.8 0.997368 0.899051
-9.6 0.997368 0.794085
-8.4 0.997368 0.664831
-7.2 0.997368 0.521386
-6 0.997368 0.376075
-4.8 0.997368 0.241527
-3.6 0.997368 0.128641
-2.4 0.997368 0.0451535
-1.2 0.997368 -0.00482706
0 0.997368 -0.0204763
1.2 0.997368 -0.00349048
2.4 0.997368 0.0427266
3.6 0.997368 0.113729
4.8 0.997368 0.204495
6 0.997368 0.309717
7.2 0.997368 0.423962
8.4 0.997368 0.541747
9.6 0.997368 0.657583
10.8 0.997368 0.765993
12 0.997368 0.861538
13.2 0.997368 0.938866
14.4 0.997368 0.992837
15.6 0.997368 1.01878
16.8 0.997368 1.01294
18 0.997368 0.973064
19.2 0.997368 0.899102
20.4 0.997368 0.79401
21.6 0.997368 0.664676
22.8 0.997368 0.521687
24 0.997368 0.376864
25.2 0.997368 0.240946
26.4 0.997368 0.12525
27.6 0.997368 0.043775
28.8 0.997368 0.00571922
30 0.997368 -5.17478e-32
-30 1.05 -4.95403e-32
-28.8 1.05 0.0060053
-27.6 1.05 0.0403595
-26.4 1.05 0.109149
-25.2 1.05 0.202313
-24 1.05 0.308693
-22.8 1.05 0.422208
-21.6 1.05 0.539062
-20.4 1.05 0.654592
-19.2 1.05 0.763139
-18 1.05 0.859055
-16.8 1.05 0.937048
-15.6 1.05 0.992063
-14.4 1.05 1.01937
-13.2 1.05 1.01502
-12 1.05 0.976482
-10.8 1.05 0.903468
-9.6 1.05 0.798828
-8.4 1.05 0.669157
-7.2 1.05 0.52466
-6 1.05 0.377968
-4.8 1.05 0.242085
-3.6 1.05 0.128196
-2.4 1.05 0.0441538
-1.2 1.05 -0.00599415
0 1.05 -0.0215804
1.2 1.05 -0.0044749
2.4 1.05 0.0417839
3.6 1.05 0.112677
4.8 1.05 0.203169
6 1.05 0.307992
7.2 1.05 0.421785
8.4 1.05 0.539162
9.6 1.05 0.65474
10.8 1.05 0.763141
12 1.05 0.859008
13.2 1.05 0.937034
14.4 1.05 0.992072
15.6 1.05 1.01937
16.8 1.05 1.01502
18 1.05 0.976516
19.2 1.05 0.903518
20.4 1.05 0.798734
21.6 1.05 0.668997
22.8 1.05 0.525022
24 1.05 0.378808
25.2 1.05 0.241362
26.4 1.05 0.124527
27.6 1.05 0.0428281
28.8 1.05 0.00531737
30 1.05 -5.00142e-32
