-30 0.05 -2.15233e-40
-29.4 0.05 1.16336e-11
-28.8 0.05 1.04402e-10
-28.2 0.05 3.46236e-10
-27.6 0.05 7.72865e-10
-27 0.05 1.38882e-09
-26.4 0.05 2.17669e-09
-25.8 0.05 3.1083e-09
-25.2 0.05 4.15308e-09
-24.6 0.05 5.28168e-09
-24 0.05 6.46573e-09
-23.4 0.05 7.67701e-09
-22.8 0.05 8.88885e-09
-22.2 0.05 1.00815e-08
-21.6 0.05 1.12495e-08
-21 0.05 1.24064e-08
-20.4 0.05 1.35809e-08
-19.8 0.05 1.47994e-08
-19.2 0.05 1.60591e-08
-18.6 0.05 1.72989e-08
-18 0.05 1.83865e-08
-17.4 0.05 1.91345e-08
-16.8 0.05 1.93537e-08
-16.2 0.05 1.89283e-08
-15.6 0.05 1.78847e-08
-15 0.05 1.64109e-08
-14.4 0.05 1.48055e-08
-13.8 0.05 1.33692e-08
-13.2 0.05 1.22963e-08
-12.6 0.05 1.16234e-08
-12 0.05 1.12487e-08
-11.4 0.05 1.10004e-08
-10.8 0.05 1.07121e-08
-10.2 0.05 1.02754e-08
-9.6 0.05 9.6563e-09
-9 0.05 8.88132e-09
-8.4 0.05 8.00857e-09
-7.8 0.05 7.09917e-09
-7.2 0.05 6.19919e-09
-6.6 0.05 5.33462e-09
-6 0.05 4.51567e-09
-5.4 0.05 3.74471e-09
-4.8 0.05 3.02318e-09
-4.2 0.05 2.35497e-09
-3.6 0.05 1.74657e-09
-3 0.05 1.20569e-09
-2.4 0.05 7.39862e-10
-1.8 0.05 3.56216e-10
-1.2 0.05 6.23307e-11
-0.6 0.05 -1.32716e-10
0 0.05 -2.18395e-10
0.6 0.05 -1.8492e-10
1.2 0.05 -2.77187e-11
1.8 0.05 2.46824e-10
2.4 0.05 6.16419e-10
3 0.05 1.04209e-09
3.6 0.05 1.47598e-09
4.2 0.05 1.88062e-09
4.8 0.05 2.25634e-09
5.4 0.05 2.66522e-09
6 0.05 3.23388e-09
6.6 0.05 4.12046e-09
7.2 0.05 5.44756e-09
7.8 0.05 7.22842e-09
8.4 0.05 9.3315e-09
9 0.05 1.15163e-08
9.6 0.05 1.35265e-08
10.2 0.05 1.51824e-08
10.8 0.05 1.64253e-08
11.4 0.05 1.73021e-08
12 0.05 1.79156e-08
12.6 0.05 1.83705e-08
13.2 0.05 1.87364e-08
13.8 0.05 1.90369e-08
14.4 0.05 1.92581e-08
15 0.05 1.93678e-08
15.6 0.05 1.93336e-08
16.2 0.05 1.91351e-08
16.8 0.05 1.87673e-08
17.4 0.05 1.82379e-08
18 0.05 1.75619e-08
18.6 0.05 1.67566e-08
19.2 0.05 1.5839e-08
19.8 0.05 1.4825e-08
20.4 0.05 1.37301e-08
21 0.05 1.25708e-08
21.6 0.05 1.13647e-08
22.2 0.05 1.01302e-08
22.8 0.05 8.88576e-09
23.4 0.05 7.64887e-09
24 0.05 6.43574e-09
24.6 0.05 5.26236e-09
25.2 0.05 4.1466e-09
25.8 0.05 3.11063e-09
26.4 0.05 2.1823e-09
27 0.05 1.39368e-09
27.6 0.05 7.75402e-10
28.2 0.05 3.46787e-10
28.8 0.05 1.04099e-10
29.4 0.05 1.14043e-11
30 0.05 -2.16757e-40
-30 0.102632 -2.04674e-40
-29.4 0.102632 1.07616e-11
-28.8 0.102632 9.82633e-11
-28.2 0.102632 3.27342e-10
-27.6 0.102632 7.31981e-10
-27 0.102632 1.3162e-09
-26.4 0.102632 2.06304e-09
-25.8 0.102632 2.94547e-09
-25.2 0.102632 3.93464e-09
-24.6 0.102632 5.00318e-09
-24 0.102632 6.1249e-09
-23.4 0.102632 7.27339e-09
-22.8 0.102632 8.42315e-09
-22.2 0.102632 9.55447e-09
-21.6 0.102632 1.06608e-08
-21 0.102632 1.17543e-08
-20.4 0.102632 1.28625e-08
-19.8 0.102632 1.4013e-08
-19.2 0.102632 1.52063e-08
-18.6 0.102632 1.63868e-08
-18 0.102632 1.74277e-08
-17.4 0.102632 1.81449e-08
-16.8 0.102632 1.83491e-08
-16.2 0.102632 1.79221e-08
-15.6 0.102632 1.68869e-08
-15 0.102632 1.543e-08
-14.4 0.102632 1.38494e-08
-13.8 0.102632 1.24451e-08
-13.2 0.102632 1.14093e-08
-12.6 0.102632 1.07748e-08
-12 0.102632 1.04365e-08
-11.4 0.102632 1.02216e-08
-10.8 0.102632 9.96566e-09
-10.2 0.102632 9.56424e-09
-9.6 0.102632 8.98709e-09
-9 0.102632 8.26252e-09
-8.4 0.102632 7.44772e-09
-7.8 0.102632 6.60099e-09
-7.2 0.102632 5.76499e-09
-6.6 0.102632 4.96287e-09
-6 0.102632 4.20309e-09
-5.4 0.102632 3.48734e-09
-4.8 0.102632 2.81691e-09
-4.2 0.102632 2.19567e-09
-3.6 0.102632 1.62996e-09
-3 0.102632 1.12704e-09
-2.4 0.102632 6.93819e-10
-1.8 0.102632 3.36716e-10
-1.2 0.102632 6.25311e-11
-0.6 0.102632 -1.20459e-10
0 0.102632 -2.02442e-10
0.6 0.102632 -1.73988e-10
1.2 0.102632 -3.01462e-11
1.8 0.102632 2.24076e-10
2.4 0.102632 5.68621e-10
3 0.102632 9.66859e-10
3.6 0.102632 1.3723e-09
4.2 0.102632 1.74692e-09
4.8 0.102632 2.0886e-09
5.4 0.102632 2.45611e-09
6 0.102632 2.97348e-09
6.6 0.102632 3.79807e-09
7.2 0.102632 5.0538e-09
7.8 0.102632 6.7565e-09
8.4 0.102632 8.77778e-09
9 0.102632 1.08803e-08
9.6 0.102632 1.28109e-08
10.2 0.102632 1.43932e-08
10.8 0.102632 1.5572e-08
11.4 0.102632 1.63968e-08
12 0.102632 1.69713e-08
12.6 0.102632 1.73984e-08
13.2 0.102632 1.77451e-08
13.8 0.102632 1.80322e-08
14.4 0.102632 1.82446e-08
15 0.102632 1.83503e-08
15.6 0.102632 1.83182e-08
16.2 0.102632 1.81293e-08
16.8 0.102632 1.77798e-08
17.4 0.102632 1.72774e-08
18 0.102632 1.66366e-08
18.6 0.102632 1.58739e-08
19.2 0.102632 1.5005e-08
19.8 0.102632 1.40447e-08
20.4 0.102632 1.30076e-08
21 0.102632 1.19093e-08
21.6 0.102632 1.07665e-08
22.2 0.102632 9.59675e-09
22.8 0.102632 8.41778e-09
23.4 0.102632 7.24616e-09
24 0.102632 6.09726e-09
24.6 0.102632 4.98614e-09
25.2 0.102632 3.92951e-09
25.8 0.102632 2.94815e-09
26.4 0.102632 2.06832e-09
27 0.102632 1.32052e-09
27.6 0.102632 7.34081e-10
28.2 0.102632 3.27665e-10
28.8 0.102632 9.78936e-11
29.4 0.102632 1.05285e-11
30 0.102632 -2.06006e-40
-30 0.155263 -1.9394e-40
-29.4 0.155263 9.94452e-12
-28.8 0.155263 9.22584e-11
-28.2 0.155263 3.08586e-10
-27.6 0.155263 6.91147e-10
-27 0.155263 1.24352e-09
-26.4 0.155263 1.94925e-09
-25.8 0.155263 2.78254e-09
-25.2 0.155263 3.71617e-09
-24.6 0.155263 4.72473e-09
-24 0.155263 5.78407e-09
-23.4 0.155263 6.86965e-09
-22.8 0.155263 7.95716e-09
-22.2 0.155263 9.02704e-09
-21.6 0.155263 1.00719e-08
-21 0.155263 1.11022e-08
-20.4 0.155263 1.21445e-08
-19.8 0.155263 1.32273e-08
-19.2 0.155263 1.43542e-08
-18.6 0.155263 1.54749e-08
-18 0.155263 1.6468e-08
-17.4 0.155263 1.71535e-08
-16.8 0.155263 1.73431e-08
-16.2 0.155263 1.6917e-08
-15.6 0.155263 1.58955e-08
-15 0.155263 1.44623e-08
-14.4 0.155263 1.29132e-08
-13.8 0.155263 1.15458e-08
-13.2 0.155263 1.05492e-08
-12.6 0.155263 9.95272e-09
-12 0.155263 9.64906e-09
-11.4 0.155263 9.4653e-09
-10.8 0.155263 9.23982e-09
-10.2 0.155263 8.87225e-09
-9.6 0.155263 8.33593e-09
-9 0.155263 7.66061e-09
-8.4 0.155263 6.90241e-09
-7.8 0.155263 6.11673e-09
-7.2 0.155263 5.34291e-09
-6.6 0.155263 4.60134e-09
-6 0.155263 3.8989e-09
-5.4 0.155263 3.23664e-09
-4.8 0.155263 2.61578e-09
-4.2 0.155263 2.04018e-09
-3.6 0.155263 1.51595e-09
-3 0.155263 1.04993e-09
-2.4 0.155263 6.48423e-10
-1.8 0.155263 3.17172e-10
-1.2 0.155263 6.22312e-11
-0.6 0.155263 -1.089e-10
0 0.155263 -1.87098e-10
0.6 0.155263 -1.6326e-10
1.2 0.155263 -3.20436e-11
1.8 0.155263 2.02874e-10
2.4 0.155263 5.23521e-10
3 0.155263 8.95453e-10
3.6 0.155263 1.27353e-09
4.2 0.155263 1.6195e-09
4.8 0.155263 1.92935e-09
5.4 0.155263 2.25888e-09
6 0.155263 2.72896e-09
6.6 0.155263 3.49459e-09
7.2 0.155263 4.67915e-09
7.8 0.155263 6.30058e-09
8.4 0.155263 8.23466e-09
9 0.155263 1.02491e-08
9.6 0.155263 1.20955e-08
10.2 0.155263 1.36022e-08
10.8 0.155263 1.4717e-08
11.4 0.155263 1.5491e-08
12 0.155263 1.60274e-08
12.6 0.155263 1.64271e-08
13.2 0.155263 1.67544e-08
13.8 0.155263 1.70278e-08
14.4 0.155263 1.72311e-08
15 0.155263 1.73326e-08
15.6 0.155263 1.73025e-08
16.2 0.155263 1.71234e-08
16.8 0.155263 1.67922e-08
17.4 0.155263 1.63169e-08
18 0.155263 1.57115e-08
18.6 0.155263 1.49912e-08
19.2 0.155263 1.4171e-08
19.8 0.155263 1.32644e-08
20.4 0.155263 1.22851e-08
21 0.155263 1.12478e-08
21.6 0.155263 1.01683e-08
22.2 0.155263 9.06336e-09
22.8 0.155263 7.94984e-09
23.4 0.155263 6.84347e-09
24 0.155263 5.75876e-09
24.6 0.155263 4.70983e-09
25.2 0.155263 3.71225e-09
25.8 0.155263 2.78546e-09
26.4 0.155263 1.95418e-09
27 0.155263 1.24732e-09
27.6 0.155263 6.92855e-10
28.2 0.155263 3.0872e-10
28.8 0.155263 9.18429e-11
29.4 0.155263 9.71351e-12
30 0.155263 -1.95089e-40
-30 0.207895 -1.83066e-40
-29.4 0.207895 9.17357e-12
-28.8 0.207895 8.63674e-11
-28.2 0.207895 2.89951e-10
-27.6 0.207895 6.50359e-10
-27 0.207895 1.17077e-09
-26.4 0.207895 1.83535e-09
-25.8 0.207895 2.61952e-09
-25.2 0.207895 3.49768e-09
-24.6 0.207895 4.44632e-09
-24 0.207895 5.44325e-09
-23.4 0.207895 6.46579e-09
-22.8 0.207895 7.49086e-09
-22.2 0.207895 8.4992e-09
-21.6 0.207895 9.48256e-09
-21 0.207895 1.045e-08
-20.4 0.207895 1.1427e-08
-19.8 0.207895 1.24424e-08
-19.2 0.207895 1.35029e-08
-18.6 0.207895 1.45632e-08
-18 0.207895 1.55074e-08
-17.4 0.207895 1.61602e-08
-16.8 0.207895 1.63355e-08
-16.2 0.207895 1.5913e-08
-15.6 0.207895 1.49105e-08
-15 0.207895 1.35078e-08
-14.4 0.207895 1.19969e-08
-13.8 0.207895 1.06712e-08
-13.2 0.207895 9.7159e-09
-12.6 0.207895 9.15717e-09
-12 0.207895 8.88627e-09
-11.4 0.207895 8.73147e-09
-10.8 0.207895 8.53453e-09
-10.2 0.207895 8.19939e-09
-9.6 0.207895 7.70278e-09
-9 0.207895 7.0756e-09
-8.4 0.207895 6.37266e-09
-7.8 0.207895 5.64643e-09
-7.2 0.207895 4.93294e-09
-6.6 0.207895 4.25003e-09
-6 0.207895 3.60308e-09
-5.4 0.207895 2.99262e-09
-4.8 0.207895 2.41982e-09
-4.2 0.207895 1.8885e-09
-3.6 0.207895 1.40456e-09
-3 0.207895 9.74383e-10
-2.4 0.207895 6.03709e-10
-1.8 0.207895 2.97615e-10
-1.2 0.207895 6.14509e-11
-0.6 0.207895 -9.80297e-11
0 0.207895 -1.72359e-10
0.6 0.207895 -1.52729e-10
1.2 0.207895 -3.34096e-11
1.8 0.207895 1.83161e-10
2.4 0.207895 4.80933e-10
3 0.207895 8.27518e-10
3.6 0.207895 1.1792e-09
4.2 0.207895 1.49784e-09
4.8 0.207895 1.77798e-09
5.4 0.207895 2.07258e-09
6 0.207895 2.49897e-09
6.6 0.207895 3.20888e-09
7.2 0.207895 4.32362e-09
7.8 0.207895 5.86159e-09
8.4 0.207895 7.70282e-09
9 0.207895 9.62251e-09
9.6 0.207895 1.13801e-08
10.2 0.207895 1.28093e-08
10.8 0.207895 1.38604e-08
11.4 0.207895 1.45846e-08
12 0.207895 1.50838e-08
12.6 0.207895 1.54566e-08
13.2 0.207895 1.57644e-08
13.8 0.207895 1.60237e-08
14.4 0.207895 1.62175e-08
15 0.207895 1.63146e-08
15.6 0.207895 1.62866e-08
16.2 0.207895 1.61173e-08
16.8 0.207895 1.58046e-08
17.4 0.207895 1.53565e-08
18 0.207895 1.47864e-08
18.6 0.207895 1.41087e-08
19.2 0.207895 1.3337e-08
19.8 0.207895 1.24841e-08
20.4 0.207895 1.15626e-08
21 0.207895 1.05862e-08
21.6 0.207895 9.57006e-09
22.2 0.207895 8.53e-09
22.8 0.207895 7.48194e-09
23.4 0.207895 6.4408e-09
24 0.207895 5.42023e-09
24.6 0.207895 4.43341e-09
25.2 0.207895 3.49483e-09
25.8 0.207895 2.62259e-09
26.4 0.207895 1.83991e-09
27 0.207895 1.17409e-09
27.6 0.207895 6.51719e-10
28.2 0.207895 2.89931e-10
28.8 0.207895 8.59251e-11
29.4 0.207895 8.9495e-12
30 0.207895 -1.84043e-40
-30 0.260526 -1.72076e-40
-29.4 0.260526 8.44234e-12
-28.8 0.260526 8.05753e-11
-28.2 0.260526 2.7142e-10
-27.6 0.260526 6.09611e-10
-27 0.260526 1.09797e-09
-26.4 0.260526 1.72133e-09
-25.8 0.260526 2.4564e-09
-25.2 0.260526 3.27918e-09
-24.6 0.260526 4.16796e-09
-24 0.260526 5.10248e-09
-23.4 0.260526 6.06184e-09
-22.8 0.260526 7.02428e-09
-22.2 0.260526 7.97093e-09
-21.6 0.260526 8.89287e-09
-21 0.260526 9.79777e-09
-20.4 0.260526 1.07099e-08
-19.8 0.260526 1.16585e-08
-19.2 0.260526 1.26525e-08
-18.6 0.260526 1.36515e-08
-18 0.260526 1.45456e-08
-17.4 0.260526 1.51649e-08
-16.8 0.260526 1.53265e-08
-16.2 0.260526 1.49104e-08
-15.6 0.260526 1.39319e-08
-15 0.260526 1.25664e-08
-14.4 0.260526 1.11003e-08
-13.8 0.260526 9.82116e-09
-13.2 0.260526 8.90944e-09
-12.6 0.260526 8.3882e-09
-12 0.260526 8.14824e-09
-11.4 0.260526 8.02009e-09
-10.8 0.260526 7.84972e-09
-10.2 0.260526 7.54558e-09
-9.6 0.260526 7.0876e-09
-9 0.260526 6.50749e-09
-8.4 0.260526 5.8585e-09
-7.8 0.260526 5.19009e-09
-7.2 0.260526 4.5351e-09
-6.6 0.260526 3.90892e-09
-6 0.260526 3.31562e-09
-5.4 0.260526 2.75529e-09
-4.8 0.260526 2.22905e-09
-4.2 0.260526 1.74068e-09
-3.6 0.260526 1.29583e-09
-3 0.260526 9.00446e-10
-2.4 0.260526 5.59708e-10
-1.8 0.260526 2.78071e-10
-1.2 0.260526 6.02075e-11
-0.6 0.260526 -8.78377e-11
0 0.260526 -1.58213e-10
0.6 0.260526 -1.4238e-10
1.2 0.260526 -3.42475e-11
1.8 0.260526 1.6487e-10
2.4 0.260526 4.40675e-10
3 0.260526 7.62736e-10
3.6 0.260526 1.08887e-09
4.2 0.260526 1.38143e-09
4.8 0.260526 1.63391e-09
5.4 0.260526 1.89658e-09
6 0.260526 2.28264e-09
6.6 0.260526 2.93916e-09
7.2 0.260526 3.98409e-09
7.8 0.260526 5.43605e-09
8.4 0.260526 7.18016e-09
9 0.260526 9.00036e-09
9.6 0.260526 1.06652e-08
10.2 0.260526 1.20148e-08
10.8 0.260526 1.3002e-08
11.4 0.260526 1.36775e-08
12 0.260526 1.41406e-08
12.6 0.260526 1.44868e-08
13.2 0.260526 1.4775e-08
13.8 0.260526 1.50199e-08
14.4 0.260526 1.52039e-08
15 0.260526 1.52964e-08
15.6 0.260526 1.52704e-08
16.2 0.260526 1.51111e-08
16.8 0.260526 1.4817e-08
17.4 0.260526 1.43962e-08
18 0.260526 1.38614e-08
18.6 0.260526 1.32263e-08
19.2 0.260526 1.25032e-08
19.8 0.260526 1.17038e-08
20.4 0.260526 1.084e-08
21 0.260526 9.92467e-09
21.6 0.260526 8.97187e-09
22.2 0.260526 7.99667e-09
22.8 0.260526 7.01408e-09
23.4 0.260526 6.03815e-09
24 0.260526 5.08167e-09
24.6 0.260526 4.15689e-09
25.2 0.260526 3.27724e-09
25.8 0.260526 2.45954e-09
26.4 0.260526 1.7255e-09
27 0.260526 1.10083e-09
27.6 0.260526 6.10668e-10
28.2 0.260526 2.71281e-10
28.8 0.260526 8.01224e-11
29.4 0.260526 8.2291e-12
30 0.260526 -1.72893e-40
-30 0.313158 -1.60986e-40
-29.4 0.313158 7.74596e-12
-28.8 0.313158 7.48707e-11
-28.2 0.313158 2.52984e-10
-27.6 0.313158 5.68899e-10
-27 0.313158 1.02511e-09
-26.4 0.313158 1.6072e-09
-25.8 0.313158 2.29318e-09
-25.2 0.313158 3.06066e-09
-24.6 0.313158 3.88966e-09
-24 0.313158 4.76176e-09
-23.4 0.313158 5.65781e-09
-22.8 0.313158 6.55741e-09
-22.2 0.313158 7.44221e-09
-21.6 0.313158 8.30279e-09
-21 0.313158 9.14548e-09
-20.4 0.313158 9.99334e-09
-19.8 0.313158 1.08754e-08
-19.2 0.313158 1.18029e-08
-18.6 0.313158 1.27399e-08
-18 0.313158 1.35828e-08
-17.4 0.313158 1.41676e-08
-16.8 0.313158 1.43159e-08
-16.2 0.313158 1.39091e-08
-15.6 0.313158 1.29597e-08
-15 0.313158 1.16382e-08
-14.4 0.313158 1.02233e-08
-13.8 0.313158 8.99565e-09
-13.2 0.313158 8.12978e-09
-12.6 0.313158 7.64581e-09
-12 0.313158 7.43498e-09
-11.4 0.313158 7.33119e-09
-10.8 0.313158 7.18536e-09
-10.2 0.313158 6.91078e-09
-9.6 0.313158 6.49037e-09
-9 0.313158 5.95629e-09
-8.4 0.313158 5.35994e-09
-7.8 0.313158 4.74772e-09
-7.2 0.313158 4.14936e-09
-6.6 0.313158 3.578e-09
-6 0.313158 3.03652e-09
-5.4 0.313158 2.52465e-09
-4.8 0.313158 2.04348e-09
-4.2 0.313158 1.59673e-09
-3.6 0.313158 1.18979e-09
-3 0.313158 8.28147e-10
-2.4 0.313158 5.1645e-10
-1.8 0.313158 2.58562e-10
-1.2 0.313158 5.85177e-11
-0.6 0.313158 -7.8309e-11
0 0.313158 -1.44641e-10
0.6 0.313158 -1.32193e-10
1.2 0.313158 -3.45662e-11
1.8 0.313158 1.47921e-10
2.4 0.313158 4.02561e-10
3 0.313158 7.00802e-10
3.6 0.313158 1.00214e-09
4.2 0.313158 1.26979e-09
4.8 0.313158 1.49661e-09
5.4 0.313158 1.73014e-09
6 0.313158 2.07883e-09
6.6 0.313158 2.68399e-09
7.2 0.313158 3.65918e-09
7.8 0.313158 5.02292e-09
8.4 0.313158 6.66598e-09
9 0.313158 8.38229e-09
9.6 0.313158 9.95086e-09
10.2 0.313158 1.1219e-08
10.8 0.313158 1.21421e-08
11.4 0.313158 1.27696e-08
12 0.313158 1.31975e-08
12.6 0.313158 1.35178e-08
13.2 0.313158 1.37864e-08
13.8 0.313158 1.40164e-08
14.4 0.313158 1.41902e-08
15 0.313158 1.42779e-08
15.6 0.313158 1.42539e-08
16.2 0.313158 1.41047e-08
16.8 0.313158 1.38293e-08
17.4 0.313158 1.34359e-08
18 0.313158 1.29366e-08
18.6 0.313158 1.23439e-08
19.2 0.313158 1.16693e-08
19.8 0.313158 1.09236e-08
20.4 0.313158 1.01175e-08
21 0.313158 9.2631e-09
21.6 0.313158 8.37368e-09
22.2 0.313158 7.46337e-09
22.8 0.313158 6.54626e-09
23.4 0.313158 5.63552e-09
24 0.313158 4.74308e-09
24.6 0.313158 3.88028e-09
25.2 0.313158 3.0595e-09
25.8 0.313158 2.29633e-09
26.4 0.313158 1.61099e-09
27 0.313158 1.02756e-09
27.6 0.313158 5.69693e-10
28.2 0.313158 2.52755e-10
28.8 0.313158 7.44207e-11
29.4 0.313158 7.54648e-12
30 0.313158 -1.61658e-40
-30 0.365789 -1.4981e-40
-29.4 0.365789 7.08057e-12
-28.8 0.365789 6.92442e-11
-28.2 0.365789 2.34632e-10
-27.6 0.365789 5.28218e-10
-27 0.365789 9.52209e-10
-26.4 0.365789 1.49297e-09
-25.8 0.365789 2.12988e-09
-25.2 0.365789 2.84213e-09
-24.6 0.365789 3.61143e-09
-24 0.365789 4.42111e-09
-23.4 0.365789 5.25372e-09
-22.8 0.365789 6.09026e-09
-22.2 0.365789 6.91304e-09
-21.6 0.365789 7.71228e-09
-21 0.365789 8.49312e-09
-20.4 0.365789 9.27724e-09
-19.8 0.365789 1.00933e-08
-19.2 0.365789 1.09542e-08
-18.6 0.365789 1.18284e-08
-18 0.365789 1.26187e-08
-17.4 0.365789 1.31682e-08
-16.8 0.365789 1.33039e-08
-16.2 0.365789 1.2909e-08
-15.6 0.365789 1.19941e-08
-15 0.365789 1.0723e-08
-14.4 0.365789 9.36598e-09
-13.8 0.365789 8.19461e-09
-13.2 0.365789 7.37688e-09
-12.6 0.365789 6.93002e-09
-12 0.365789 6.74652e-09
-11.4 0.365789 6.66473e-09
-10.8 0.365789 6.54142e-09
-10.2 0.365789 6.29494e-09
-9.6 0.365789 5.91105e-09
-9 0.365789 5.42199e-09
-8.4 0.365789 4.87701e-09
-7.8 0.365789 4.31934e-09
-7.2 0.365789 3.77573e-09
-6.6 0.365789 3.25725e-09
-6 0.365789 2.76577e-09
-5.4 0.365789 2.3007e-09
-4.8 0.365789 1.86314e-09
-4.2 0.365789 1.45669e-09
-3.6 0.365789 1.08647e-09
-3 0.365789 7.57516e-10
-2.4 0.365789 4.73961e-10
-1.8 0.365789 2.3911e-10
-1.2 0.365789 5.63986e-11
-0.6 0.365789 -6.94244e-11
0 0.365789 -1.31619e-10
0.6 0.365789 -1.22151e-10
1.2 0.365789 -3.43791e-11
1.8 0.365789 1.32229e-10
2.4 0.365789 3.66404e-10
3 0.365789 6.4143e-10
3.6 0.365789 9.18658e-10
4.2 0.365789 1.16252e-09
4.8 0.365789 1.36553e-09
5.4 0.365789 1.57249e-09
6 0.365789 1.88648e-09
6.6 0.365789 2.44207e-09
7.2 0.365789 3.34759e-09
7.8 0.365789 4.62113e-09
8.4 0.365789 6.15962e-09
9 0.365789 7.76805e-09
9.6 0.365789 9.23705e-09
10.2 0.365789 1.04219e-08
10.8 0.365789 1.12807e-08
11.4 0.365789 1.1861e-08
12 0.365789 1.22546e-08
12.6 0.365789 1.25494e-08
13.2 0.365789 1.27984e-08
13.8 0.365789 1.30133e-08
14.4 0.365789 1.31764e-08
15 0.365789 1.32592e-08
15.6 0.365789 1.32372e-08
16.2 0.365789 1.30981e-08
16.8 0.365789 1.28416e-08
17.4 0.365789 1.24757e-08
18 0.365789 1.20119e-08
18.6 0.365789 1.14617e-08
19.2 0.365789 1.08356e-08
19.8 0.365789 1.01433e-08
20.4 0.365789 9.39491e-09
21 0.365789 8.60151e-09
21.6 0.365789 7.7755e-09
22.2 0.365789 6.9301e-09
22.8 0.365789 6.07848e-09
23.4 0.365789 5.23291e-09
24 0.365789 4.40446e-09
24.6 0.365789 3.60357e-09
25.2 0.365789 2.84162e-09
25.8 0.365789 2.13297e-09
26.4 0.365789 1.49637e-09
27 0.365789 9.54275e-10
27.6 0.365789 5.28789e-10
28.2 0.365789 2.34338e-10
28.8 0.365789 6.88078e-11
29.4 0.365789 6.89688e-12
30 0.365789 -1.50351e-40
-30 0.418421 -1.38558e-40
-29.4 0.418421 6.44296e-12
-28.8 0.418421 6.36881e-11
-28.2 0.418421 2.16356e-10
-27.6 0.418421 4.87565e-10
-27 0.418421 8.79256e-10
-26.4 0.418421 1.37864e-09
-25.8 0.418421 1.96649e-09
-25.2 0.418421 2.62359e-09
-24.6 0.418421 3.33327e-09
-24 0.418421 4.08053e-09
-23.4 0.418421 4.84958e-09
-22.8 0.418421 5.62283e-09
-22.2 0.418421 6.3834e-09
-21.6 0.418421 7.12134e-09
-21 0.418421 7.84069e-09
-20.4 0.418421 8.56163e-09
-19.8 0.418421 9.31209e-09
-19.2 0.418421 1.01064e-08
-18.6 0.418421 1.0917e-08
-18 0.418421 1.16535e-08
-17.4 0.418421 1.21668e-08
-16.8 0.418421 1.22904e-08
-16.2 0.418421 1.19103e-08
-15.6 0.418421 1.1035e-08
-15 0.418421 9.82097e-09
-14.4 0.418421 8.52823e-09
-13.8 0.418421 7.41802e-09
-13.2 0.418421 6.65074e-09
-12.6 0.418421 6.24082e-09
-12 0.418421 6.08283e-09
-11.4 0.418421 6.02071e-09
-10.8 0.418421 5.91787e-09
-10.2 0.418421 5.69805e-09
-9.6 0.418421 5.34965e-09
-9 0.418421 4.90459e-09
-8.4 0.418421 4.4097e-09
-7.8 0.418421 3.90494e-09
-7.2 0.418421 3.41421e-09
-6.6 0.418421 2.94668e-09
-6 0.418421 2.50336e-09
-5.4 0.418421 2.08347e-09
-4.8 0.418421 1.68804e-09
-4.2 0.418421 1.3206e-09
-3.6 0.418421 9.85904e-10
-3 0.418421 6.88584e-10
-2.4 0.418421 4.32265e-10
-1.8 0.418421 2.19735e-10
-1.2 0.418421 5.38687e-11
-0.6 0.418421 -6.11612e-11
0 0.418421 -1.1912e-10
0.6 0.418421 -1.12234e-10
1.2 0.418421 -3.37053e-11
1.8 0.418421 1.17704e-10
2.4 0.418421 3.3202e-10
3 0.418421 5.84351e-10
3.6 0.418421 8.3809e-10
4.2 0.418421 1.05921e-09
4.8 0.418421 1.24016e-09
5.4 0.418421 1.42288e-09
6 0.418421 1.70455e-09
6.6 0.418421 2.21218e-09
7.2 0.418421 3.04807e-09
7.8 0.418421 4.22964e-09
8.4 0.418421 5.6604e-09
9 0.418421 7.15735e-09
9.6 0.418421 8.52381e-09
10.2 0.418421 9.62379e-09
10.8 0.418421 1.0418e-08
11.4 0.418421 1.09516e-08
12 0.418421 1.13118e-08
12.6 0.418421 1.15817e-08
13.2 0.418421 1.18111e-08
13.8 0.418421 1.20105e-08
14.4 0.418421 1.21627e-08
15 0.418421 1.22402e-08
15.6 0.418421 1.22202e-08
16.2 0.418421 1.20913e-08
16.8 0.418421 1.18538e-08
17.4 0.418421 1.15156e-08
18 0.418421 1.10873e-08
18.6 0.418421 1.05795e-08
19.2 0.418421 1.00018e-08
19.8 0.418421 9.36305e-09
20.4 0.418421 8.67232e-09
21 0.418421 7.93991e-09
21.6 0.418421 7.17733e-09
22.2 0.418421 6.39686e-09
22.8 0.418421 5.61074e-09
23.4 0.418421 4.83032e-09
24 0.418421 4.06581e-09
24.6 0.418421 3.32678e-09
25.2 0.418421 2.62361e-09
25.8 0.418421 1.96948e-09
26.4 0.418421 1.38167e-09
27 0.418421 8.80978e-10
27.6 0.418421 4.8795e-10
28.2 0.418421 2.1602e-10
28.8 0.418421 6.32734e-11
29.4 0.418421 6.27625e-12
30 0.418421 -1.38983e-40
-30 0.471053 -1.27238e-40
-29.4 0.471053 5.83033e-12
-28.8 0.471053 5.81955e-11
-28.2 0.471053 1.98148e-10
-27.6 0.471053 4.46935e-10
-27 0.471053 8.06255e-10
-26.4 0.471053 1.26421e-09
-25.8 0.471053 1.80302e-09
-25.2 0.471053 2.40504e-09
-24.6 0.471053 3.0552e-09
-24 0.471053 3.74005e-09
-23.4 0.471053 4.44541e-09
-22.8 0.471053 5.15515e-09
-22.2 0.471053 5.8533e-09
-21.6 0.471053 6.52997e-09
-21 0.471053 7.18816e-09
-20.4 0.471053 7.8465e-09
-19.8 0.471053 8.53186e-09
-19.2 0.471053 9.25947e-09
-18.6 0.471053 1.00057e-08
-18 0.471053 1.06871e-08
-17.4 0.471053 1.11633e-08
-16.8 0.471053 1.12753e-08
-16.2 0.471053 1.09129e-08
-15.6 0.471053 1.00823e-08
-15 0.471053 8.93199e-09
-14.4 0.471053 7.71006e-09
-13.8 0.471053 6.66585e-09
-13.2 0.471053 5.95134e-09
-12.6 0.471053 5.57819e-09
-12 0.471053 5.44391e-09
-11.4 0.471053 5.39911e-09
-10.8 0.471053 5.31469e-09
-10.2 0.471053 5.12008e-09
-9.6 0.471053 4.80614e-09
-9 0.471053 4.40409e-09
-8.4 0.471053 3.95801e-09
-7.8 0.471053 3.50452e-09
-7.2 0.471053 3.06477e-09
-6.6 0.471053 2.64626e-09
-6 0.471053 2.2493e-09
-5.4 0.471053 1.87295e-09
-4.8 0.471053 1.51823e-09
-4.2 0.471053 1.18847e-09
-3.6 0.471053 8.88125e-10
-3 0.471053 6.21378e-10
-2.4 0.471053 3.91386e-10
-1.8 0.471053 2.00454e-10
-1.2 0.471053 5.09483e-11
-0.6 0.471053 -5.34932e-11
0 0.471053 -1.07113e-10
0.6 0.471053 -1.02426e-10
1.2 0.471053 -3.25698e-11
1.8 0.471053 1.04248e-10
2.4 0.471053 2.99231e-10
3 0.471053 5.29319e-10
3.6 0.471053 7.60135e-10
4.2 0.471053 9.59498e-10
4.8 0.471053 1.11996e-09
5.4 0.471053 1.28057e-09
6 0.471053 1.53206e-09
6.6 0.471053 1.99314e-09
7.2 0.471053 2.75943e-09
7.8 0.471053 3.84747e-09
8.4 0.471053 5.16767e-09
9 0.471053 6.54991e-09
9.6 0.471053 7.81114e-09
10.2 0.471053 8.82466e-09
10.8 0.471053 9.55392e-09
11.4 0.471053 1.00414e-08
12 0.471053 1.0369e-08
12.6 0.471053 1.06145e-08
13.2 0.471053 1.08244e-08
13.8 0.471053 1.10081e-08
14.4 0.471053 1.11489e-08
15 0.471053 1.1221e-08
15.6 0.471053 1.12029e-08
16.2 0.471053 1.10844e-08
16.8 0.471053 1.08661e-08
17.4 0.471053 1.05555e-08
18 0.471053 1.01628e-08
18.6 0.471053 9.69744e-09
19.2 0.471053 9.16814e-09
19.8 0.471053 8.58279e-09
20.4 0.471053 7.94971e-09
21 0.471053 7.2783e-09
21.6 0.471053 6.57917e-09
22.2 0.471053 5.86365e-09
22.8 0.471053 5.14303e-09
23.4 0.471053 4.42775e-09
24 0.471053 3.72714e-09
24.6 0.471053 3.0499e-09
25.2 0.471053 2.40547e-09
25.8 0.471053 1.80585e-09
26.4 0.471053 1.26688e-09
27 0.471053 8.07671e-10
27.6 0.471053 4.47169e-10
28.2 0.471053 1.97789e-10
28.8 0.471053 5.78084e-11
29.4 0.471053 5.68109e-12
30 0.471053 -1.27562e-40
-30 0.523684 -1.15859e-40
-29.4 0.523684 5.24017e-12
-28.8 0.523684 5.27603e-11
-28.2 0.523684 1.80003e-10
-27.6 0.523684 4.06327e-10
-27 0.523684 7.33209e-10
-26.4 0.523684 1.14969e-09
-25.8 0.523684 1.63947e-09
-25.2 0.523684 2.18649e-09
-24.6 0.523684 2.7772e-09
-24 0.523684 3.39966e-09
-23.4 0.523684 4.04122e-09
-22.8 0.523684 4.68721e-09
-22.2 0.523684 5.32276e-09
-21.6 0.523684 5.93816e-09
-21 0.523684 6.53553e-09
-20.4 0.523684 7.13184e-09
-19.8 0.523684 7.75256e-09
-19.2 0.523684 8.41342e-09
-18.6 0.523684 9.09449e-09
-18 0.523684 9.71956e-09
-17.4 0.523684 1.01577e-08
-16.8 0.523684 1.02586e-08
-16.2 0.523684 9.91682e-09
-15.6 0.523684 9.13612e-09
-15 0.523684 8.05607e-09
-14.4 0.523684 6.91147e-09
-13.8 0.523684 5.93813e-09
-13.2 0.523684 5.27868e-09
-12.6 0.523684 4.94211e-09
-12 0.523684 4.82971e-09
-11.4 0.523684 4.79988e-09
-10.8 0.523684 4.73185e-09
-10.2 0.523684 4.56102e-09
-9.6 0.523684 4.28054e-09
-9 0.523684 3.92051e-09
-8.4 0.523684 3.52194e-09
-7.8 0.523684 3.11807e-09
-7.2 0.523684 2.72741e-09
-6.6 0.523684 2.356e-09
-6 0.523684 2.00359e-09
-5.4 0.523684 1.66917e-09
-4.8 0.523684 1.35371e-09
-4.2 0.523684 1.06034e-09
-3.6 0.523684 7.93161e-10
-3 0.523684 5.55924e-10
-2.4 0.523684 3.51344e-10
-1.8 0.523684 1.81289e-10
-1.2 0.523684 4.76598e-11
-0.6 0.523684 -4.63915e-11
0 0.523684 -9.55689e-11
0.6 0.523684 -9.27116e-11
1.2 0.523684 -3.10025e-11
1.8 0.523684 9.17649e-11
2.4 0.523684 2.67869e-10
3 0.523684 4.76103e-10
3.6 0.523684 6.84508e-10
4.2 0.523684 8.63006e-10
4.8 0.523684 1.00445e-09
5.4 0.523684 1.14483e-09
6 0.523684 1.36805e-09
6.6 0.523684 1.78382e-09
7.2 0.523684 2.48055e-09
7.8 0.523684 3.47365e-09
8.4 0.523684 4.68081e-09
9 0.523684 5.94546e-09
9.6 0.523684 7.09903e-09
10.2 0.523684 8.02468e-09
10.8 0.523684 8.68873e-09
11.4 0.523684 9.13065e-09
12 0.523684 9.42631e-09
12.6 0.523684 9.64788e-09
13.2 0.523684 9.8383e-09
13.8 0.523684 1.0006e-08
14.4 0.523684 1.01352e-08
15 0.523684 1.02015e-08
15.6 0.523684 1.01853e-08
16.2 0.523684 1.00773e-08
16.8 0.523684 9.87829e-09
17.4 0.523684 9.59558e-09
18 0.523684 9.23837e-09
18.6 0.523684 8.81546e-09
19.2 0.523684 8.33449e-09
19.8 0.523684 7.80253e-09
20.4 0.523684 7.22707e-09
21 0.523684 6.61667e-09
21.6 0.523684 5.98101e-09
22.2 0.523684 5.33047e-09
22.8 0.523684 4.67536e-09
23.4 0.523684 4.02519e-09
24 0.523684 3.38844e-09
24.6 0.523684 2.77294e-09
25.2 0.523684 2.18722e-09
25.8 0.523684 1.64212e-09
26.4 0.523684 1.15202e-09
27 0.523684 7.34358e-10
27.6 0.523684 4.0644e-10
28.2 0.523684 1.79636e-10
28.8 0.523684 5.24048e-11
29.4 0.523684 5.10835e-12
30 0.523684 -1.16097e-40
-30 0.576316 -1.04427e-40
-29.4 0.576316 4.67012e-12
-28.8 0.576316 4.73763e-11
-28.2 0.576316 1.61914e-10
-27.6 0.576316 3.65737e-10
-27 0.576316 6.6012e-10
-26.4 0.576316 1.03508e-09
-25.8 0.576316 1.47585e-09
-25.2 0.576316 1.96794e-09
-24.6 0.576316 2.49929e-09
-24 0.576316 3.05937e-09
-23.4 0.576316 3.63701e-09
-22.8 0.576316 4.21905e-09
-22.2 0.576316 4.79179e-09
-21.6 0.576316 5.34591e-09
-21 0.576316 5.88279e-09
-20.4 0.576316 6.41762e-09
-19.8 0.576316 6.97419e-09
-19.2 0.576316 7.56826e-09
-18.6 0.576316 8.18339e-09
-18 0.576316 8.75086e-09
-17.4 0.576316 9.14999e-09
-16.8 0.576316 9.24042e-09
-16.2 0.576316 8.9219e-09
-15.6 0.576316 8.19629e-09
-15 0.576316 7.19321e-09
-14.4 0.576316 6.13248e-09
-13.8 0.576316 5.23487e-09
-13.2 0.576316 4.63277e-09
-12.6 0.576316 4.33256e-09
-12 0.576316 4.2402e-09
-11.4 0.576316 4.22299e-09
-10.8 0.576316 4.16933e-09
-10.2 0.576316 4.02089e-09
-9.6 0.576316 3.77286e-09
-9 0.576316 3.45384e-09
-8.4 0.576316 3.10148e-09
-7.8 0.576316 2.74556e-09
-7.2 0.576316 2.4021e-09
-6.6 0.576316 2.07587e-09
-6 0.576316 1.76624e-09
-5.4 0.576316 1.47215e-09
-4.8 0.576316 1.19451e-09
-4.2 0.576316 9.36234e-10
-3.6 0.576316 7.01038e-10
-3 0.576316 4.92244e-10
-2.4 0.576316 3.12159e-10
-1.8 0.576316 1.62257e-10
-1.2 0.576316 4.40275e-11
-0.6 0.576316 -3.98251e-11
0 0.576316 -8.44565e-11
0.6 0.576316 -8.30807e-11
1.2 0.576316 -2.90368e-11
1.8 0.576316 8.01585e-11
2.4 0.576316 2.3777e-10
3 0.576316 4.24485e-10
3.6 0.576316 6.10936e-10
4.2 0.576316 7.69385e-10
4.8 0.576316 8.93122e-10
5.4 0.576316 1.01497e-09
6 0.576316 1.21158e-09
6.6 0.576316 1.58315e-09
7.2 0.576316 2.21032e-09
7.8 0.576316 3.10725e-09
8.4 0.576316 4.19917e-09
9 0.576316 5.34371e-09
9.6 0.576316 6.38744e-09
10.2 0.576316 7.22395e-09
10.8 0.576316 7.82251e-09
11.4 0.576316 8.21923e-09
12 0.576316 8.48359e-09
12.6 0.576316 8.68169e-09
13.2 0.576316 8.85275e-09
13.8 0.576316 9.00427e-09
14.4 0.576316 9.12145e-09
15 0.576316 9.18187e-09
15.6 0.576316 9.16746e-09
16.2 0.576316 9.06997e-09
16.8 0.576316 8.89047e-09
17.4 0.576316 8.63569e-09
18 0.576316 8.31409e-09
18.6 0.576316 7.93356e-09
19.2 0.576316 7.50087e-09
19.8 0.576316 7.02226e-09
20.4 0.576316 6.50441e-09
21 0.576316 5.95503e-09
21.6 0.576316 5.38286e-09
22.2 0.576316 4.79732e-09
22.8 0.576316 4.20772e-09
23.4 0.576316 3.62265e-09
24 0.576316 3.04971e-09
24.6 0.576316 2.49591e-09
25.2 0.576316 1.96887e-09
25.8 0.576316 1.47828e-09
26.4 0.576316 1.0371e-09
27 0.576316 6.61039e-10
27.6 0.576316 3.65758e-10
28.2 0.576316 1.61552e-10
28.8 0.576316 4.70551e-11
29.4 0.576316 4.55524e-12
30 0.576316 -1.04594e-40
-30 0.628947 -9.29492e-41
-29.4 0.628947 4.11791e-12
-28.8 0.628947 4.20381e-11
-28.2 0.628947 1.43874e-10
-27.6 0.628947 3.25164e-10
-27 0.628947 5.86992e-10
-26.4 0.628947 9.20393e-10
-25.8 0.628947 1.31215e-09
-25.2 0.628947 1.74938e-09
-24.6 0.628947 2.22145e-09
-24 0.628947 2.71917e-09
-23.4 0.628947 3.23281e-09
-22.8 0.628947 3.75069e-09
-22.2 0.628947 4.26041e-09
-21.6 0.628947 4.75324e-09
-21 0.628947 5.2299e-09
-20.4 0.628947 5.7038e-09
-19.8 0.628947 6.1967e-09
-19.2 0.628947 6.72399e-09
-18.6 0.628947 7.27243e-09
-18 0.628947 7.78104e-09
-17.4 0.628947 8.14022e-09
-16.8 0.628947 8.22056e-09
-16.2 0.628947 7.92812e-09
-15.6 0.628947 7.26279e-09
-15 0.628947 6.34337e-09
-14.4 0.628947 5.37312e-09
-13.8 0.628947 4.55612e-09
-13.2 0.628947 4.01363e-09
-12.6 0.628947 3.74951e-09
-12 0.628947 3.6753e-09
-11.4 0.628947 3.66837e-09
-10.8 0.628947 3.62712e-09
-10.2 0.628947 3.4997e-09
-9.6 0.628947 3.28313e-09
-9 0.628947 3.0041e-09
-8.4 0.628947 2.69662e-09
-7.8 0.628947 2.38696e-09
-7.2 0.628947 2.08881e-09
-6.6 0.628947 1.80587e-09
-6 0.628947 1.53725e-09
-5.4 0.628947 1.2819e-09
-4.8 0.628947 1.04067e-09
-4.2 0.628947 8.16185e-10
-3.6 0.628947 6.11782e-10
-3 0.628947 4.3036e-10
-2.4 0.628947 2.73852e-10
-1.8 0.628947 1.43381e-10
-1.2 0.628947 4.00777e-11
-0.6 0.628947 -3.37619e-11
0 0.628947 -7.37464e-11
0.6 0.628947 -7.35247e-11
1.2 0.628947 -2.67082e-11
1.8 0.628947 6.93336e-11
2.4 0.628947 2.0878e-10
3 0.628947 3.74259e-10
3.6 0.628947 5.39159e-10
4.2 0.628947 6.78293e-10
4.8 0.628947 7.85491e-10
5.4 0.628947 8.903e-10
6 0.628947 1.06177e-09
6.6 0.628947 1.39006e-09
7.2 0.628947 1.94767e-09
7.8 0.628947 2.74738e-09
8.4 0.628947 3.72214e-09
9 0.628947 4.74436e-09
9.6 0.628947 5.67637e-09
10.2 0.628947 6.42258e-09
10.8 0.628947 6.95536e-09
11.4 0.628947 7.30723e-09
12 0.628947 7.54086e-09
12.6 0.628947 7.7159e-09
13.2 0.628947 7.8677e-09
13.8 0.628947 8.00284e-09
14.4 0.628947 8.10775e-09
15 0.628947 8.16204e-09
15.6 0.628947 8.14939e-09
16.2 0.628947 8.06253e-09
16.8 0.628947 7.90262e-09
17.4 0.628947 7.67586e-09
18 0.628947 7.38991e-09
18.6 0.628947 7.05175e-09
19.2 0.628947 6.66728e-09
19.8 0.628947 6.24198e-09
20.4 0.628947 5.78173e-09
21 0.628947 5.29337e-09
21.6 0.628947 4.78472e-09
22.2 0.628947 4.2642e-09
22.8 0.628947 3.74012e-09
23.4 0.628947 3.22012e-09
24 0.628947 2.71095e-09
24.6 0.628947 2.21882e-09
25.2 0.628947 1.75042e-09
25.8 0.628947 1.31435e-09
26.4 0.628947 9.22117e-10
27 0.628947 5.87716e-10
27.6 0.628947 3.25118e-10
28.2 0.628947 1.43528e-10
28.8 0.628947 4.17526e-11
29.4 0.628947 4.01927e-12
30 0.628947 -9.30571e-41
-30 0.681579 -8.14303e-41
-29.4 0.681579 3.58138e-12
-28.8 0.681579 3.67401e-11
-28.2 0.681579 1.25878e-10
-27.6 0.681579 2.84604e-10
-27 0.681579 5.13829e-10
-26.4 0.681579 8.05635e-10
-25.8 0.681579 1.14839e-09
-25.2 0.681579 1.53082e-09
-24.6 0.681579 1.94368e-09
-24 0.681579 2.37908e-09
-23.4 0.681579 2.82863e-09
-22.8 0.681579 3.28215e-09
-22.2 0.681579 3.72866e-09
-21.6 0.681579 4.16016e-09
-21 0.681579 4.57685e-09
-20.4 0.681579 4.99032e-09
-19.8 0.681579 5.42005e-09
-19.2 0.681579 5.8806e-09
-18.6 0.681579 6.36167e-09
-18 0.681579 6.81018e-09
-17.4 0.681579 7.12839e-09
-16.8 0.681579 7.19902e-09
-16.2 0.681579 6.93539e-09
-15.6 0.681579 6.33555e-09
-15 0.681579 5.50656e-09
-14.4 0.681579 4.63344e-09
-13.8 0.681579 3.90195e-09
-13.2 0.681579 3.42126e-09
-12.6 0.681579 3.1929e-09
-12 0.681579 3.13493e-09
-11.4 0.681579 3.13596e-09
-10.8 0.681579 3.10519e-09
-10.2 0.681579 2.99748e-09
-9.6 0.681579 2.81138e-09
-9 0.681579 2.57129e-09
-8.4 0.681579 2.30733e-09
-7.8 0.681579 2.04224e-09
-7.2 0.681579 1.78753e-09
-6.6 0.681579 1.546e-09
-6 0.681579 1.31664e-09
-5.4 0.681579 1.09846e-09
-4.8 0.681579 8.92203e-10
-4.2 0.681579 7.00216e-10
-3.6 0.681579 5.25413e-10
-3 0.681579 3.70293e-10
-2.4 0.681579 2.36441e-10
-1.8 0.681579 1.24682e-10
-1.2 0.681579 3.58383e-11
-0.6 0.681579 -2.81693e-11
0 0.681579 -6.34105e-11
0.6 0.681579 -6.40378e-11
1.2 0.681579 -2.40537e-11
1.8 0.681579 5.9197e-11
2.4 0.681579 1.80749e-10
3 0.681579 3.25224e-10
3.6 0.681579 4.68926e-10
4.2 0.681579 5.89396e-10
4.8 0.681579 6.81086e-10
5.4 0.681579 7.70158e-10
6 0.681579 9.17744e-10
6.6 0.681579 1.20355e-09
7.2 0.681579 1.69159e-09
7.8 0.681579 2.39314e-09
8.4 0.681579 3.24912e-09
9 0.681579 4.14711e-09
9.6 0.681579 4.96575e-09
10.2 0.681579 5.62066e-09
10.8 0.681579 6.0874e-09
11.4 0.681579 6.39471e-09
12 0.681579 6.59809e-09
12.6 0.681579 6.75046e-09
13.2 0.681579 6.88309e-09
13.8 0.681579 7.00171e-09
14.4 0.681579 7.0941e-09
15 0.681579 7.14205e-09
15.6 0.681579 7.13111e-09
16.2 0.681579 7.05493e-09
16.8 0.681579 6.91473e-09
17.4 0.681579 6.7161e-09
18 0.681579 6.46583e-09
18.6 0.681579 6.17e-09
19.2 0.681579 5.83372e-09
19.8 0.681579 5.4617e-09
20.4 0.681579 5.05902e-09
21 0.681579 4.63169e-09
21.6 0.681579 4.18659e-09
22.2 0.681579 3.7311e-09
22.8 0.681579 3.27254e-09
23.4 0.681579 2.8176e-09
24 0.681579 2.37217e-09
24.6 0.681579 1.94166e-09
25.2 0.681579 1.53189e-09
25.8 0.681579 1.15035e-09
26.4 0.681579 8.07087e-10
27 0.681579 5.14389e-10
27.6 0.681579 2.84514e-10
28.2 0.681579 1.25558e-10
28.8 0.681579 3.64911e-11
29.4 0.681579 3.49814e-12
30 0.681579 -8.14924e-41
-30 0.734211 -6.9876e-41
-29.4 0.734211 3.05843e-12
-28.8 0.734211 3.14768e-11
-28.2 0.734211 1.0792e-10
-27.6 0.734211 2.44057e-10
-27 0.734211 4.40635e-10
-26.4 0.734211 6.90813e-10
-25.8 0.734211 9.84576e-10
-25.2 0.734211 1.31225e-09
-24.6 0.734211 1.66597e-09
-24 0.734211 2.03907e-09
-23.4 0.734211 2.42447e-09
-22.8 0.734211 2.81347e-09
-22.2 0.734211 3.19658e-09
-21.6 0.734211 3.56668e-09
-21 0.734211 3.92363e-09
-20.4 0.734211 4.27715e-09
-19.8 0.734211 4.64419e-09
-19.2 0.734211 5.0381e-09
-18.6 0.734211 5.45116e-09
-18 0.734211 5.83834e-09
-17.4 0.734211 6.11452e-09
-16.8 0.734211 6.17574e-09
-16.2 0.734211 5.94358e-09
-15.6 0.734211 5.41445e-09
-15 0.734211 4.68274e-09
-14.4 0.734211 3.91352e-09
-13.8 0.734211 3.27244e-09
-13.2 0.734211 2.8557e-09
-12.6 0.734211 2.66268e-09
-12 0.734211 2.61899e-09
-11.4 0.734211 2.62569e-09
-10.8 0.734211 2.60354e-09
-10.2 0.734211 2.51426e-09
-9.6 0.734211 2.35767e-09
-9 0.734211 2.15544e-09
-8.4 0.734211 1.93359e-09
-7.8 0.734211 1.71135e-09
-7.2 0.734211 1.49821e-09
-6.6 0.734211 1.29625e-09
-6 0.734211 1.10443e-09
-5.4 0.734211 9.21846e-10
-4.8 0.734211 7.49148e-10
-4.2 0.734211 5.88351e-10
-3.6 0.734211 4.41953e-10
-3 0.734211 3.1206e-10
-2.4 0.734211 1.99946e-10
-1.8 0.734211 1.06184e-10
-1.2 0.734211 3.13379e-11
-0.6 0.734211 -2.30149e-11
0 0.734211 -5.3422e-11
0.6 0.734211 -5.46163e-11
1.2 0.734211 -2.11112e-11
1.8 0.734211 4.9658e-11
2.4 0.734211 1.53533e-10
3 0.734211 2.77189e-10
3.6 0.734211 3.99991e-10
4.2 0.734211 5.02363e-10
4.8 0.734211 5.79442e-10
5.4 0.734211 6.53891e-10
6 0.734211 7.78643e-10
6.6 0.734211 1.02261e-09
7.2 0.734211 1.44106e-09
7.8 0.734211 2.04367e-09
8.4 0.734211 2.7795e-09
9 0.734211 3.55167e-09
9.6 0.734211 4.25555e-09
10.2 0.734211 4.8183e-09
10.8 0.734211 5.21875e-09
11.4 0.734211 5.48172e-09
12 0.734211 5.65529e-09
12.6 0.734211 5.78531e-09
13.2 0.734211 5.89887e-09
13.8 0.734211 6.00084e-09
14.4 0.734211 6.08048e-09
15 0.734211 6.12192e-09
15.6 0.734211 6.11263e-09
16.2 0.734211 6.0472e-09
16.8 0.734211 5.92681e-09
17.4 0.734211 5.7564e-09
18 0.734211 5.54183e-09
18.6 0.734211 5.28832e-09
19.2 0.734211 5.00019e-09
19.8 0.734211 4.6814e-09
20.4 0.734211 4.33629e-09
21 0.734211 3.97e-09
21.6 0.734211 3.58846e-09
22.2 0.734211 3.19803e-09
22.8 0.734211 2.80499e-09
23.4 0.734211 2.41509e-09
24 0.734211 2.03338e-09
24.6 0.734211 1.66445e-09
25.2 0.734211 1.31328e-09
25.8 0.734211 9.86269e-10
26.4 0.734211 6.92015e-10
27 0.734211 4.41059e-10
27.6 0.734211 2.43942e-10
28.2 0.734211 1.07633e-10
28.8 0.734211 3.12648e-11
29.4 0.734211 2.9897e-12
30 0.734211 -6.99038e-41
-30 0.786842 -5.82912e-41
-29.4 0.786842 2.54705e-12
-28.8 0.786842 2.6243e-11
-28.2 0.786842 8.99938e-11
-27.6 0.786842 2.03519e-10
-27 0.786842 3.67415e-10
-26.4 0.786842 5.75938e-10
-25.8 0.786842 8.20711e-10
-25.2 0.786842 1.09367e-09
-24.6 0.786842 1.38831e-09
-24 0.786842 1.69914e-09
-23.4 0.786842 2.02033e-09
-22.8 0.786842 2.34468e-09
-22.2 0.786842 2.66421e-09
-21.6 0.786842 2.97285e-09
-21 0.786842 3.2702e-09
-20.4 0.786842 3.56419e-09
-19.8 0.786842 3.86904e-09
-19.2 0.786842 4.19645e-09
-18.6 0.786842 4.54096e-09
-18 0.786842 4.86563e-09
-17.4 0.786842 5.09868e-09
-16.8 0.786842 5.15066e-09
-16.2 0.786842 4.95255e-09
-15.6 0.786842 4.49938e-09
-15 0.786842 3.87192e-09
-14.4 0.786842 3.21344e-09
-13.8 0.786842 2.66771e-09
-13.2 0.786842 2.31699e-09
-12.6 0.786842 2.15878e-09
-12 0.786842 2.12737e-09
-11.4 0.786842 2.13747e-09
-10.8 0.786842 2.12218e-09
-10.2 0.786842 2.05011e-09
-9.6 0.786842 1.92203e-09
-9 0.786842 1.75654e-09
-8.4 0.786842 1.57535e-09
-7.8 0.786842 1.39424e-09
-7.2 0.786842 1.22082e-09
-6.6 0.786842 1.05661e-09
-6 0.786842 9.00634e-10
-5.4 0.786842 7.52098e-10
-4.8 0.786842 6.1153e-10
-4.2 0.786842 4.80613e-10
-3.6 0.786842 3.61421e-10
-3 0.786842 2.55682e-10
-2.4 0.786842 1.64388e-10
-1.8 0.786842 8.79108e-11
-1.2 0.786842 2.66061e-11
-0.6 0.786842 -1.82666e-11
0 0.786842 -4.37563e-11
0.6 0.786842 -4.52584e-11
1.2 0.786842 -1.79187e-11
1.8 0.786842 4.06286e-11
2.4 0.786842 1.26995e-10
3 0.786842 2.29968e-10
3.6 0.786842 3.32113e-10
4.2 0.786842 4.16873e-10
4.8 0.786842 4.80105e-10
5.4 0.786842 5.40862e-10
6 0.786842 6.4364e-10
6.6 0.786842 8.46286e-10
7.2 0.786842 1.1951e-09
7.8 0.786842 1.69811e-09
8.4 0.786842 2.31269e-09
9 0.786842 2.95774e-09
9.6 0.786842 3.54573e-09
10.2 0.786842 4.01559e-09
10.8 0.786842 4.34951e-09
11.4 0.786842 4.56833e-09
12 0.786842 4.71244e-09
12.6 0.786842 4.8204e-09
13.2 0.786842 4.91499e-09
13.8 0.786842 5.0002e-09
14.4 0.786842 5.06691e-09
15 0.786842 5.10168e-09
15.6 0.786842 5.09398e-09
16.2 0.786842 5.03935e-09
16.8 0.786842 4.93887e-09
17.4 0.786842 4.79674e-09
18 0.786842 4.61791e-09
18.6 0.786842 4.40671e-09
19.2 0.786842 4.16668e-09
19.8 0.786842 3.90109e-09
20.4 0.786842 3.61354e-09
21 0.786842 3.3083e-09
21.6 0.786842 2.99034e-09
22.2 0.786842 2.66498e-09
22.8 0.786842 2.33746e-09
23.4 0.786842 2.01259e-09
24 0.786842 1.69456e-09
24.6 0.786842 1.3872e-09
25.2 0.786842 1.09462e-09
25.8 0.786842 8.22132e-10
26.4 0.786842 5.76906e-10
27 0.786842 3.67727e-10
27.6 0.786842 2.03397e-10
28.2 0.786842 8.97457e-11
28.8 0.786842 2.6068e-11
29.4 0.786842 2.49195e-12
30 0.786842 -5.82954e-41
-30 0.839474 -4.66807e-41
-29.4 0.839474 2.04529e-12
-28.8 0.839474 2.10336e-11
-28.2 0.839474 7.20937e-11
-27.6 0.839474 1.6299e-10
-27 0.839474 2.94173e-10
-26.4 0.839474 4.61018e-10
-25.8 0.839474 6.56805e-10
-25.2 0.839474 8.75088e-10
-24.6 0.839474 1.11069e-09
-24 0.839474 1.35927e-09
-23.4 0.839474 1.61623e-09
-22.8 0.839474 1.87581e-09
-22.2 0.839474 2.13162e-09
-21.6 0.839474 2.3787e-09
-21 0.839474 2.61658e-09
-20.4 0.839474 2.85138e-09
-19.8 0.839474 3.09449e-09
-19.2 0.839474 3.35562e-09
-18.6 0.839474 3.63115e-09
-18 0.839474 3.89219e-09
-17.4 0.839474 4.08093e-09
-16.8 0.839474 4.12371e-09
-16.2 0.839474 3.96211e-09
-15.6 0.839474 3.59017e-09
-15 0.839474 3.07407e-09
-14.4 0.839474 2.53334e-09
-13.8 0.839474 2.08792e-09
-13.2 0.839474 1.80516e-09
-12.6 0.839474 1.68108e-09
-12 0.839474 1.65989e-09
-11.4 0.839474 1.67121e-09
-10.8 0.839474 1.66111e-09
-10.2 0.839474 1.60513e-09
-9.6 0.839474 1.50456e-09
-9 0.839474 1.3746e-09
-8.4 0.839474 1.23256e-09
-7.8 0.839474 1.09085e-09
-7.2 0.839474 9.5533e-10
-6.6 0.839474 8.27094e-10
-6 0.839474 7.05285e-10
-5.4 0.839474 5.89241e-10
-4.8 0.839474 4.79373e-10
-4.2 0.839474 3.7702e-10
-3.6 0.839474 2.83835e-10
-3 0.839474 2.01175e-10
-2.4 0.839474 1.29787e-10
-1.8 0.839474 6.98873e-11
-1.2 0.839474 2.16725e-11
-0.6 0.839474 -1.38932e-11
0 0.839474 -3.43901e-11
0.6 0.839474 -3.59642e-11
1.2 0.839474 -1.45144e-11
1.8 0.839474 3.20233e-11
2.4 0.839474 1.00999e-10
3 0.839474 1.83378e-10
3.6 0.839474 2.65055e-10
4.2 0.839474 3.32604e-10
4.8 0.839474 3.82623e-10
5.4 0.839474 4.30444e-10
6 0.839474 5.1192e-10
6.6 0.839474 6.73613e-10
7.2 0.839474 9.52717e-10
7.8 0.839474 1.35563e-09
8.4 0.839474 1.84809e-09
9 0.839474 2.36504e-09
9.6 0.839474 2.83623e-09
10.2 0.839474 3.2126e-09
10.8 0.839474 3.47981e-09
11.4 0.839474 3.6546e-09
12 0.839474 3.76953e-09
12.6 0.839474 3.85569e-09
13.2 0.839474 3.93139e-09
13.8 0.839474 3.99977e-09
14.4 0.839474 4.05337e-09
15 0.839474 4.08133e-09
15.6 0.839474 4.07519e-09
16.2 0.839474 4.03139e-09
16.8 0.839474 3.9509e-09
17.4 0.839474 3.83712e-09
18 0.839474 3.69405e-09
18.6 0.839474 3.52514e-09
19.2 0.839474 3.33319e-09
19.8 0.839474 3.12077e-09
20.4 0.839474 2.89077e-09
21 0.839474 2.64659e-09
21.6 0.839474 2.39223e-09
22.2 0.839474 2.13194e-09
22.8 0.839474 1.86995e-09
23.4 0.839474 1.61009e-09
24 0.839474 1.35573e-09
24.6 0.839474 1.1099e-09
25.2 0.839474 8.75897e-10
25.8 0.839474 6.57945e-10
26.4 0.839474 4.61768e-10
27 0.839474 2.94393e-10
27.6 0.839474 1.62874e-10
28.2 0.839474 7.18905e-11
28.8 0.839474 2.08957e-11
29.4 0.839474 2.00296e-12
30 0.839474 -4.66709e-41
-30 0.892105 -3.50495e-41
-29.4 0.892105 1.55126e-12
-28.8 0.892105 1.58439e-11
-28.2 0.892105 5.42145e-11
-27.6 0.892105 1.22466e-10
-27 0.892105 2.20912e-10
-26.4 0.892105 3.46063e-10
-25.8 0.892105 4.92867e-10
-25.2 0.892105 6.56497e-10
-24.6 0.892105 8.33094e-10
-24 0.892105 1.01945e-09
-23.4 0.892105 1.21214e-09
-22.8 0.892105 1.40689e-09
-22.2 0.892105 1.59887e-09
-21.6 0.892105 1.78431e-09
-21 0.892105 1.96275e-09
-20.4 0.892105 2.13864e-09
-19.8 0.892105 2.32042e-09
-19.2 0.892105 2.51554e-09
-18.6 0.892105 2.72179e-09
-18 0.892105 2.91818e-09
-17.4 0.892105 3.0614e-09
-16.8 0.892105 3.09482e-09
-16.2 0.892105 2.97203e-09
-15.6 0.892105 2.6866e-09
-15 0.892105 2.28918e-09
-14.4 0.892105 1.87342e-09
-13.8 0.892105 1.53327e-09
-13.2 0.892105 1.32027e-09
-12.6 0.892105 1.22944e-09
-12 0.892105 1.21635e-09
-11.4 0.892105 1.22681e-09
-10.8 0.892105 1.22041e-09
-10.2 0.892105 1.17941e-09
-9.6 0.892105 1.1053e-09
-9 0.892105 1.0096e-09
-8.4 0.892105 9.05161e-10
-7.8 0.892105 8.01112e-10
-7.2 0.892105 7.01714e-10
-6.6 0.892105 6.07708e-10
-6 0.892105 5.18409e-10
-5.4 0.892105 4.33306e-10
-4.8 0.892105 3.52701e-10
-4.2 0.892105 2.77594e-10
-3.6 0.892105 2.09213e-10
-3 0.892105 1.4856e-10
-2.4 0.892105 9.61649e-11
-1.8 0.892105 5.21392e-11
-1.2 0.892105 1.65668e-11
-0.6 0.892105 -9.86448e-12
0 0.892105 -2.53018e-11
0.6 0.892105 -2.67348e-11
1.2 0.892105 -1.09364e-11
1.8 0.892105 2.37588e-11
2.4 0.892105 7.54151e-11
3 0.892105 1.37241e-10
3.6 0.892105 1.98579e-10
4.2 0.892105 2.49235e-10
4.8 0.892105 2.86551e-10
5.4 0.892105 3.22025e-10
6 0.892105 3.82683e-10
6.6 0.892105 5.03652e-10
7.2 0.892105 7.12957e-10
7.8 0.892105 1.01538e-09
8.4 0.892105 1.38512e-09
9 0.892105 1.77327e-09
9.6 0.892105 2.12701e-09
10.2 0.892105 2.40942e-09
10.8 0.892105 2.60973e-09
11.4 0.892105 2.74058e-09
12 0.892105 2.82658e-09
12.6 0.892105 2.89114e-09
13.2 0.892105 2.94802e-09
13.8 0.892105 2.9995e-09
14.4 0.892105 3.03986e-09
15 0.892105 3.06091e-09
15.6 0.892105 3.05627e-09
16.2 0.892105 3.02335e-09
16.8 0.892105 2.9629e-09
17.4 0.892105 2.87754e-09
18 0.892105 2.77025e-09
18.6 0.892105 2.64362e-09
19.2 0.892105 2.49971e-09
19.8 0.892105 2.34045e-09
20.4 0.892105 2.16798e-09
21 0.892105 1.98487e-09
21.6 0.892105 1.79411e-09
22.2 0.892105 1.59892e-09
22.8 0.892105 1.40245e-09
23.4 0.892105 1.2076e-09
24 0.892105 1.01688e-09
24.6 0.892105 8.32577e-10
25.2 0.892105 6.57136e-10
25.8 0.892105 4.9372e-10
26.4 0.892105 3.46605e-10
27 0.892105 2.21058e-10
27.6 0.892105 1.22369e-10
28.2 0.892105 5.40605e-11
28.8 0.892105 1.57427e-11
29.4 0.892105 1.52093e-12
30 0.892105 -3.50336e-41
-30 0.944737 -2.34026e-41
-29.4 0.944737 1.06307e-12
-28.8 0.944737 1.06691e-11
-28.2 0.944737 3.63511e-11
-27.6 0.944737 8.19471e-11
-27 0.944737 1.47638e-10
-26.4 0.944737 2.31081e-10
-25.8 0.944737 3.28904e-10
-25.2 0.944737 4.37902e-10
-24.6 0.944737 5.55525e-10
-24 0.944737 6.79667e-10
-23.4 0.944737 8.08079e-10
-22.8 0.944737 9.37926e-10
-22.2 0.944737 1.066e-09
-21.6 0.944737 1.18974e-09
-21 0.944737 1.30876e-09
-20.4 0.944737 1.4259e-09
-19.8 0.944737 1.54668e-09
-19.2 0.944737 1.67609e-09
-18.6 0.944737 1.81295e-09
-18 0.944737 1.94384e-09
-17.4 0.944737 2.04029e-09
-16.8 0.944737 2.06394e-09
-16.2 0.944737 1.98198e-09
-15.6 0.944737 1.78836e-09
-15 0.944737 1.51723e-09
-14.4 0.944737 1.23394e-09
-13.8 0.944737 1.00407e-09
-13.2 0.944737 8.62337e-10
-12.6 0.944737 8.03646e-10
-12 0.944737 7.96515e-10
-11.4 0.944737 8.04208e-10
-10.8 0.944737 8.00154e-10
-10.2 0.944737 7.73102e-10
-9.6 0.944737 7.24325e-10
-9 0.944737 6.615e-10
-8.4 0.944737 5.93064e-10
-7.8 0.944737 5.24967e-10
-7.2 0.944737 4.59952e-10
-6.6 0.944737 3.98463e-10
-6 0.944737 3.40032e-10
-5.4 0.944737 2.8432e-10
-4.8 0.944737 2.31538e-10
-4.2 0.944737 1.82351e-10
-3.6 0.944737 1.37571e-10
-3 0.944737 9.78554e-11
-2.4 0.944737 6.35452e-11
-1.8 0.944737 3.46927e-11
-1.2 0.944737 1.13176e-11
-0.6 0.944737 -6.152e-12
0 0.944737 -1.64711e-11
0.6 0.944737 -1.75721e-11
1.2 0.944737 -7.22298e-12
1.8 0.944737 1.57531e-11
2.4 0.944737 5.01177e-11
3 0.944737 9.13843e-11
3.6 0.944737 1.32449e-10
4.2 0.944737 1.66439e-10
4.8 0.944737 1.91441e-10
5.4 0.944737 2.14999e-10
6 0.944737 2.55148e-10
6.6 0.944737 3.35471e-10
7.2 0.944737 4.74843e-10
7.8 0.944737 6.76518e-10
8.4 0.944737 9.23207e-10
9 0.944737 1.18216e-09
9.6 0.944737 1.41803e-09
10.2 0.944737 1.60614e-09
10.8 0.944737 1.73938e-09
11.4 0.944737 1.82635e-09
12 0.944737 1.88357e-09
12.6 0.944737 1.92671e-09
13.2 0.944737 1.96484e-09
13.8 0.944737 1.99936e-09
14.4 0.944737 2.02638e-09
15 0.944737 2.04042e-09
15.6 0.944737 2.03727e-09
16.2 0.944737 2.01524e-09
16.8 0.944737 1.97489e-09
17.4 0.944737 1.91798e-09
18 0.944737 1.84649e-09
18.6 0.944737 1.76212e-09
19.2 0.944737 1.66624e-09
19.8 0.944737 1.56012e-09
20.4 0.944737 1.44518e-09
21 0.944737 1.32314e-09
21.6 0.944737 1.196e-09
22.2 0.944737 1.06591e-09
22.8 0.944737 9.3497e-10
23.4 0.944737 8.05117e-10
24 0.944737 6.7803e-10
24.6 0.944737 5.55229e-10
25.2 0.944737 4.38343e-10
25.8 0.944737 3.29464e-10
26.4 0.944737 2.31426e-10
27 0.944737 1.47722e-10
27.6 0.944737 8.18769e-11
28.2 0.944737 3.62493e-11
28.8 0.944737 1.06041e-11
29.4 0.944737 1.04409e-12
30 0.944737 -2.33869e-41
-30 0.997368 -1.17451e-41
-29.4 0.997368 5.78845e-13
-28.8 0.997368 5.50423e-12
-28.2 0.997368 1.84985e-11
-27.6 0.997368 4.14312e-11
-27 0.997368 7.43551e-11
-26.4 0.997368 1.16081e-10
-25.8 0.997368 1.64926e-10
-25.2 0.997368 2.19304e-10
-24.6 0.997368 2.7797e-10
-24 0.997368 3.39905e-10
-23.4 0.997368 4.04024e-10
-22.8 0.997368 4.68942e-10
-22.2 0.997368 5.3306e-10
-21.6 0.997368 5.95059e-10
-21 0.997368 6.5465e-10
-20.4 0.997368 7.13124e-10
-19.8 0.997368 7.7311e-10
-19.2 0.997368 8.37069e-10
-18.6 0.997368 9.04603e-10
-18 0.997368 9.69453e-10
-17.4 0.997368 1.01794e-09
-16.8 0.997368 1.03104e-09
-16.2 0.997368 9.91522e-10
-15.6 0.997368 8.94998e-10
-15 0.997368 7.58212e-10
-14.4 0.997368 6.15356e-10
-13.8 0.997368 5.0072e-10
-13.2 0.997368 4.31349e-10
-12.6 0.997368 4.03318e-10
-12 0.997368 4.0007e-10
-11.4 0.997368 4.03383e-10
-10.8 0.997368 4.00534e-10
-10.2 0.997368 3.86352e-10
-9.6 0.997368 3.61651e-10
-9 0.997368 3.30236e-10
-8.4 0.997368 2.96194e-10
-7.8 0.997368 2.62366e-10
-7.2 0.997368 2.30029e-10
-6.6 0.997368 1.99374e-10
-6 0.997368 1.70179e-10
-5.4 0.997368 1.42312e-10
-4.8 0.997368 1.15907e-10
-4.2 0.997368 9.13096e-11
-3.6 0.997368 6.8925e-11
-3 0.997368 4.90806e-11
-2.4 0.997368 3.19526e-11
-1.8 0.997368 1.75753e-11
-1.2 0.997368 5.95207e-12
-0.6 0.997368 -2.73009e-12
0 0.997368 -7.8789e-12
0.6 0.997368 -8.47624e-12
1.2 0.997368 -3.41075e-12
1.8 0.997368 7.92311e-12
2.4 0.997368 2.49797e-11
3 0.997368 4.56383e-11
3.6 0.997368 6.64355e-11
4.2 0.997368 8.38891e-11
4.8 0.997368 9.68319e-11
5.4 0.997368 1.08764e-10
6 0.997368 1.28561e-10
6.6 0.997368 1.68163e-10
7.2 0.997368 2.37386e-10
7.8 0.997368 3.38161e-10
8.4 0.997368 4.61773e-10
9 0.997368 5.91465e-10
9.6 0.997368 7.09245e-10
10.2 0.997368 8.02797e-10
10.8 0.997368 8.68833e-10
11.4 0.997368 9.1195e-10
12 0.997368 9.40539e-10
12.6 0.997368 9.62358e-10
13.2 0.997368 9.8177e-10
13.8 0.997368 9.99299e-10
14.4 0.997368 1.01292e-09
15 0.997368 1.0199e-09
15.6 0.997368 1.01821e-09
16.2 0.997368 1.00709e-09
16.8 0.997368 9.86875e-10
17.4 0.997368 9.5844e-10
18 0.997368 9.22759e-10
18.6 0.997368 8.80653e-10
19.2 0.997368 8.32785e-10
19.8 0.997368 7.79787e-10
20.4 0.997368 7.22373e-10
21 0.997368 6.61409e-10
21.6 0.997368 5.97896e-10
22.2 0.997368 5.32905e-10
22.8 0.997368 4.67495e-10
23.4 0.997368 4.02634e-10
24 0.997368 3.3917e-10
24.6 0.997368 2.77866e-10
25.2 0.997368 2.19529e-10
25.8 0.997368 1.65189e-10
26.4 0.997368 1.16234e-10
27 0.997368 7.4386e-11
27.6 0.997368 4.13942e-11
28.2 0.997368 1.84508e-11
28.8 0.997368 5.47529e-12
29.4 0.997368 5.70743e-13
30 0.997368 -1.17339e-41
-30 1.05 0
-29.4 1.05 0
-28.8 1.05 0
-28.2 1.05 0
-27.6 1.05 0
-27 1.05 0
-26.4 1.05 0
-25.8 1.05 0
-25.2 1.05 0
-24.6 1.05 0
-24 1.05 0
-23.4 1.05 0
-22.8 1.05 0
-22.2 1.05 0
-21.6 1.05 0
-21 1.05 0
-20.4 1.05 0
-19.8 1.05 0
-19.2 1.05 0
-18.6 1.05 0
-18 1.05 0
-17.4 1.05 0
-16.8 1.05 0
-16.2 1.05 0
-15.6 1.05 0
-15 1.05 0
-14.4 1.05 0
-13.8 1.05 0
-13.2 1.05 0
-12.6 1.05 0
-12 1.05 0
-11.4 1.05 0
-10.8 1.05 0
-10.2 1.05 0
-9.6 1.05 0
-9 1.05 0
-8.4 1.05 0
-7.8 1.05 0
-7.2 1.05 0
-6.6 1.05 0
-6 1.05 0
-5.4 1.05 0
-4.8 1.05 0
-4.2 1.05 0
-3.6 1.05 0
-3 1.05 0
-2.4 1.05 0
-1.8 1.05 0
-1.2 1.05 0
-0.6 1.05 0
0 1.05 0
0.6 1.05 0
1.2 1.05 0
1.8 1.05 0
2.4 1.05 0
3 1.05 0
3.6 1.05 0
4.2 1.05 0
4.8 1.05 0
5.4 1.05 0
6 1.05 0
6.6 1.05 0
7.2 1.05 0
7.8 1.05 0
8.4 1.05 0
9 1.05 0
9.6 1.05 0
10.2 1.05 0
10.8 1.05 0
11.4 1.05 0
12 1.05 0
12.6 1.05 0
13.2 1.05 0
13.8 1.05 0
14.4 1.05 0
15 1.05 0
15.6 1.05 0
16.2 1.05 0
16.8 1.05 0
17.4 1.05 0
18 1.05 0
18.6 1.05 0
19.2 1.05 0
19.8 1.05 0
20.4 1.05 0
21 1.05 0
21.6 1.05 0
22.2 1.05 0
22.8 1.05 0
23.4 1.05 0
24 1.05 0
24.6 1.05 0
25.2 1.05 0
25.8 1.05 0
26.4 1.05 0
27 1.05 0
27.6 1.05 0
28.2 1.05 0
28.8 1.05 0
29.4 1.05 0
30 1.05 0
