0.05 8.96699e-69
0.1 8.82516e-69
0.15 8.6328e-69
0.2 8.40106e-69
0.25 8.13353e-69
0.3 7.83209e-69
0.35 7.49844e-69
0.4 7.13455e-69
0.45 6.74277e-69
0.5 6.3259e-69
0.55 5.88714e-69
0.6 5.43011e-69
0.65 4.95884e-69
0.7 4.47775e-69
0.75 3.99163e-69
0.8 3.50565e-69
0.85 3.02533e-69
0.9 2.55656e-69
0.95 2.10559e-69
1 1.67899e-69
1.05 1.28369e-69
1.1 9.2697e-70
1.15 6.16433e-70
1.2 3.60023e-70
1.25 1.66018e-70
1.3 4.30291e-71
1.35 1.21066e-78
1.4 4.62052e-71
1.45 1.9125e-70
1.5 4.45072e-70
1.55 8.17937e-70
1.6 1.32044e-69
1.65 1.96352e-69
1.7 2.75844e-69
1.75 3.71678e-69
1.8 4.85049e-69
1.85 6.17182e-69
1.9 7.69338e-69
1.95 9.4281e-69
2 1.13893e-68
2.05 1.35905e-68
2.1 1.60458e-68
2.15 1.87694e-68
2.2 2.17761e-68
2.25 2.50807e-68
2.3 2.86988e-68
2.35 3.26459e-68
2.4 3.69382e-68
2.45 4.15922e-68
2.5 4.66246e-68
2.55 5.20526e-68
2.6 5.78938e-68
2.65 6.4166e-68
2.7 7.08877e-68
2.75 7.80774e-68
2.8 8.57543e-68
2.85 9.39378e-68
2.9 1.02648e-67
2.95 1.11905e-67
3 1.21729e-67
3.05 1.32141e-67
3.1 1.43164e-67
3.15 1.54819e-67
3.2 1.67128e-67
3.25 1.80114e-67
3.3 1.938e-67
3.35 2.08211e-67
3.4 2.23369e-67
3.45 2.393e-67
3.5 2.56029e-67
3.55 2.73582e-67
3.6 2.91983e-67
3.65 3.11261e-67
3.7 3.31442e-67
3.75 3.52553e-67
3.8 3.74622e-67
3.85 3.97679e-67
3.9 4.21752e-67
3.95 4.4687e-67
4 4.73065e-67
4.05 5.00367e-67
4.1 5.28808e-67
4.15 5.58418e-67
4.2 5.89232e-67
4.25 6.21283e-67
4.3 6.54604e-67
4.35 6.89229e-67
4.4 7.25196e-67
4.45 7.62538e-67
4.5 8.01294e-67
4.55 8.41501e-67
4.6 8.83197e-67
4.65 9.26421e-67
4.7 9.71213e-67
4.75 1.01762e-66
4.8 1.06567e-66
4.85 1.11542e-66
4.9 1.1669e-66
4.95 1.22017e-66
5 1.27527e-66
