0 5.39977 4.18456 5.41168
1 5.39977 4.18578 5.41167
2 5.39977 4.18941 5.41163
3 5.39977 4.19543 5.41157
4 5.39977 4.20378 5.41149
5 5.39977 4.21438 5.41139
6 5.39977 4.22715 5.41126
7 5.39977 4.24199 5.41111
8 5.39977 4.25875 5.41095
9 5.39977 4.27731 5.41076
10 5.39977 4.29753 5.41056
11 5.39977 4.31925 5.41035
12 5.39977 4.3423 5.41012
13 5.39977 4.36654 5.40988
14 5.39977 4.39179 5.40963
15 5.39977 4.41789 5.40937
16 5.39977 4.44468 5.40911
17 5.39977 4.47202 5.40884
18 5.39977 4.49975 5.40856
19 5.39977 4.52774 5.40829
20 5.39977 4.55584 5.40801
21 5.39977 4.58395 5.40773
22 5.39977 4.61195 5.40745
23 5.39977 4.63973 5.40718
24 5.39977 4.66721 5.40691
25 5.39977 4.6943 5.40664
26 5.39977 4.72093 5.40638
27 5.39977 4.74704 5.40612
28 5.39977 4.77257 5.40587
29 5.39977 4.79748 5.40562
30 5.39977 4.82174 5.40538
31 5.39977 4.84531 5.40515
32 5.39977 4.86816 5.40493
33 5.39977 4.8903 5.40471
34 5.39977 4.9117 5.4045
35 5.39977 4.93236 5.4043
36 5.39977 4.95227 5.4041
37 5.39977 4.97145 5.40391
38 5.39977 4.9899 5.40373
39 5.39977 5.00763 5.40356
40 5.39977 5.02465 5.40339
41 5.39977 5.04097 5.40323
42 5.39977 5.05662 5.40307
43 5.39977 5.07161 5.40293
44 5.39977 5.08595 5.40279
45 5.39977 5.09967 5.40265
46 5.39977 5.11279 5.40252
47 5.39977 5.12533 5.4024
48 5.39977 5.13731 5.40228
49 5.39977 5.14875 5.40217
50 5.39977 5.15967 5.40206
51 5.39977 5.17009 5.40196
52 5.39977 5.18004 5.40187
53 5.39977 5.18953 5.40177
54 5.39977 5.19858 5.40168
55 5.39977 5.20721 5.4016
56 5.39977 5.21544 5.40152
57 5.39977 5.22329 5.40144
58 5.39977 5.23078 5.40137
59 5.39977 5.23791 5.4013
60 5.39977 5.24472 5.40124
61 5.39977 5.2512 5.40117
62 5.39977 5.25739 5.40111
63 5.39977 5.26329 5.40106
64 5.39977 5.26891 5.401
65 5.39977 5.27428 5.40095
66 5.39977 5.2794 5.4009
67 5.39977 5.28428 5.40085
68 5.39977 5.28894 5.40081
69 5.39977 5.29338 5.40076
70 5.39977 5.29763 5.40072
71 5.39977 5.30167 5.40068
72 5.39977 5.30554 5.40065
73 5.39977 5.30923 5.40061
74 5.39977 5.31275 5.40058
75 5.39977 5.31612 5.40054
76 5.39977 5.31934 5.40051
77 5.39977 5.32241 5.40048
78 5.39977 5.32535 5.40046
79 5.39977 5.32815 5.40043
80 5.39977 5.33084 5.4004
81 5.39977 5.33341 5.40038
82 5.39977 5.33586 5.40036
83 5.39977 5.33821 5.40033
84 5.39977 5.34046 5.40031
85 5.39977 5.34261 5.40029
86 5.39977 5.34467 5.40027
87 5.39977 5.34665 5.40025
88 5.39977 5.34854 5.40023
89 5.39977 5.35035 5.40022
90 5.39977 5.35208 5.4002
91 5.39977 5.35375 5.40018
92 5.39977 5.35534 5.40017
93 5.39977 5.35687 5.40016
94 5.39977 5.35834 5.40014
95 5.39977 5.35975 5.40013
96 5.39977 5.3611 5.40012
97 5.39977 5.36239 5.4001
98 5.39977 5.36364 5.40009
99 5.39977 5.36483 5.40008
100 5.39977 5.36598 5.40007
101 5.39977 5.36709 5.40006
102 5.39977 5.36815 5.40005
103 5.39977 5.36917 5.40004
104 5.39977 5.37015 5.40003
105 5.39977 5.37109 5.40002
106 5.39977 5.372 5.40001
107 5.39977 5.37287 5.4
108 5.39977 5.37371 5.4
109 5.39977 5.37451 5.39999
110 5.39977 5.37529 5.39998
111 5.39977 5.37604 5.39998
112 5.39977 5.37676 5.39997
113 5.39977 5.37746 5.39996
114 5.39977 5.37813 5.39996
115 5.39977 5.37877 5.39995
116 5.39977 5.3794 5.39994
117 5.39977 5.38 5.39994
118 5.39977 5.38058 5.39993
119 5.39977 5.38113 5.39993
120 5.39977 5.38167 5.39992
121 5.39977 5.38219 5.39992
122 5.39977 5.3827 5.39991
123 5.39977 5.38318 5.39991
124 5.39977 5.38365 5.3999
125 5.39977 5.3841 5.3999
126 5.39977 5.38454 5.3999
127 5.39977 5.38496 5.39989
128 5.39977 5.38537 5.39989
129 5.39977 5.38576 5.39989
130 5.39977 5.38614 5.39988
131 5.39977 5.38651 5.39988
132 5.39977 5.38687 5.39988
133 5.39977 5.38721 5.39987
134 5.39977 5.38754 5.39987
135 5.39977 5.38787 5.39987
136 5.39977 5.38818 5.39986
137 5.39977 5.38848 5.39986
138 5.39977 5.38877 5.39986
139 5.39977 5.38906 5.39986
140 5.39977 5.38933 5.39985
141 5.39977 5.3896 5.39985
142 5.39977 5.38986 5.39985
143 5.39977 5.39011 5.39985
144 5.39977 5.39035 5.39984
145 5.39977 5.39058 5.39984
146 5.39977 5.39081 5.39984
147 5.39977 5.39103 5.39984
148 5.39977 5.39125 5.39984
149 5.39977 5.39145 5.39983
150 5.39977 5.39166 5.39983
151 5.39977 5.39185 5.39983
152 5.39977 5.39204 5.39983
153 5.39977 5.39223 5.39983
154 5.39977 5.3924 5.39983
155 5.39977 5.39258 5.39982
156 5.39977 5.39275 5.39982
157 5.39977 5.39291 5.39982
158 5.39977 5.39307 5.39982
159 5.39977 5.39322 5.39982
160 5.39977 5.39337 5.39982
161 5.39977 5.39352 5.39982
162 5.39977 5.39366 5.39982
163 5.39977 5.3938 5.39981
164 5.39977 5.39393 5.39981
165 5.39977 5.39407 5.39981
166 5.39977 5.39419 5.39981
167 5.39977 5.39432 5.39981
168 5.39977 5.39444 5.39981
169 5.39977 5.39455 5.39981
170 5.39977 5.39467 5.39981
171 5.39977 5.39478 5.39981
172 5.39977 5.39488 5.39981
173 5.39977 5.39499 5.3998
174 5.39977 5.39509 5.3998
175 5.39977 5.39519 5.3998
176 5.39977 5.39529 5.3998
177 5.39977 5.39538 5.3998
178 5.39977 5.39547 5.3998
179 5.39977 5.39556 5.3998
180 5.39977 5.39565 5.3998
181 5.39977 5.39574 5.3998
182 5.39977 5.39582 5.3998
183 5.39977 5.3959 5.3998
184 5.39977 5.39598 5.3998
185 5.39977 5.39605 5.3998
186 5.39977 5.39613 5.39979
187 5.39977 5.3962 5.39979
188 5.39977 5.39627 5.39979
189 5.39977 5.39634 5.39979
190 5.39977 5.39641 5.39979
191 5.39977 5.39648 5.39979
192 5.39977 5.39654 5.39979
193 5.39977 5.3966 5.39979
194 5.39977 5.39667 5.39979
195 5.39977 5.39673 5.39979
196 5.39977 5.39678 5.39979
197 5.39977 5.39684 5.39979
198 5.39977 5.3969 5.39979
199 5.39977 5.39695 5.39979
