-10 0.01 -0.0766684
-9.39394 0.01 -0.0701391
-8.78788 0.01 -0.0633542
-8.18182 0.01 -0.0563699
-7.57576 0.01 -0.0492932
-6.9697 0.01 -0.0423886
-6.36364 0.01 -0.0361181
-5.75758 0.01 -0.0310216
-5.15152 0.01 -0.0274053
-4.54545 0.01 -0.024909
-3.93939 0.01 -0.0221663
-3.33333 0.01 -0.0168588
-2.72727 0.01 -0.00642861
-2.12121 0.01 0.0105132
-1.51515 0.01 0.0324894
-0.909091 0.01 0.0542173
-0.30303 0.01 0.067971
0.30303 0.01 0.0677719
0.909091 0.01 0.053634
1.51515 0.01 0.0316011
2.12121 0.01 0.00951724
2.72727 0.01 -0.00724096
3.33333 0.01 -0.0172281
3.93939 0.01 -0.0220059
4.54545 0.01 -0.024352
5.15152 0.01 -0.0267222
5.75758 0.01 -0.0304678
6.36364 0.01 -0.0358163
6.9697 0.01 -0.0423125
7.57576 0.01 -0.0493388
8.18182 0.01 -0.056448
8.78788 0.01 -0.0634354
9.39394 0.01 -0.0702336
10 0.01 -0.0612077
-10 0.020101 -0.0759791
-9.39394 0.020101 -0.0695086
-8.78788 0.020101 -0.0627884
-8.18182 0.020101 -0.0558734
-7.57576 0.020101 -0.048865
-6.9697 0.020101 -0.0420196
-6.36364 0.020101 -0.0357907
-5.75758 0.020101 -0.030715
-5.15152 0.020101 -0.0271046
-4.54545 0.020101 -0.0246165
-3.93939 0.020101 -0.0219089
-3.33333 0.020101 -0.0166865
-2.72727 0.020101 -0.00640288
-2.12121 0.020101 0.0103415
-1.51515 0.020101 0.0321031
-0.909091 0.020101 0.0536478
-0.30303 0.020101 0.0672978
0.30303 0.020101 0.067104
0.909091 0.020101 0.0530798
1.51515 0.020101 0.0312381
2.12121 0.020101 0.00937357
2.72727 0.020101 -0.00718707
3.33333 0.020101 -0.0170312
3.93939 0.020101 -0.0217279
4.54545 0.020101 -0.0240394
5.15152 0.020101 -0.0263943
5.75758 0.020101 -0.030118
6.36364 0.020101 -0.0354232
6.9697 0.020101 -0.0418528
7.57576 0.020101 -0.0487968
8.18182 0.020101 -0.0558195
8.78788 0.020101 -0.0627252
9.39394 0.020101 -0.0694519
10 0.020101 -0.0603885
-10 0.030202 -0.0752883
-9.39394 0.030202 -0.0688766
-8.78788 0.030202 -0.0622211
-8.18182 0.030202 -0.0553753
-7.57576 0.030202 -0.0484356
-6.9697 0.030202 -0.0416497
-6.36364 0.030202 -0.0354629
-5.75758 0.030202 -0.0304086
-5.15152 0.030202 -0.0268045
-4.54545 0.030202 -0.0243247
-3.93939 0.030202 -0.0216517
-3.33333 0.030202 -0.0165141
-2.72727 0.030202 -0.00637654
-2.12121 0.030202 0.0101707
-1.51515 0.030202 0.0317176
-0.909091 0.030202 0.0530789
-0.30303 0.030202 0.066625
0.30303 0.030202 0.0664363
0.909091 0.030202 0.052526
1.51515 0.030202 0.0308756
2.12121 0.030202 0.00923028
2.72727 0.030202 -0.00713308
3.33333 0.030202 -0.0168347
3.93939 0.030202 -0.0214507
4.54545 0.030202 -0.0237279
5.15152 0.030202 -0.0260675
5.75758 0.030202 -0.0297694
6.36364 0.030202 -0.0350311
6.9697 0.030202 -0.0413939
7.57576 0.030202 -0.0482559
8.18182 0.030202 -0.0551921
8.78788 0.030202 -0.0620165
9.39394 0.030202 -0.0686716
10 0.030202 -0.0595706
-10 0.040303 -0.0745959
-9.39394 0.040303 -0.0682432
-8.78788 0.040303 -0.0616523
-8.18182 0.040303 -0.0548758
-7.57576 0.040303 -0.0480048
-6.9697 0.040303 -0.0412789
-6.36364 0.040303 -0.0351348
-5.75758 0.040303 -0.0301024
-5.15152 0.040303 -0.026505
-4.54545 0.040303 -0.0240334
-3.93939 0.040303 -0.0213949
-3.33333 0.040303 -0.0163416
-2.72727 0.040303 -0.00634957
-2.12121 0.040303 0.0100008
-1.51515 0.040303 0.0313329
-0.909091 0.040303 0.0525106
-0.30303 0.040303 0.0659525
0.30303 0.040303 0.065769
0.909091 0.040303 0.0519725
1.51515 0.040303 0.0305135
2.12121 0.040303 0.00908735
2.72727 0.040303 -0.00707899
3.33333 0.040303 -0.0166384
3.93939 0.040303 -0.0211743
4.54545 0.040303 -0.0234175
5.15152 0.040303 -0.025742
5.75758 0.040303 -0.0294218
6.36364 0.040303 -0.0346399
6.9697 0.040303 -0.040936
7.57576 0.040303 -0.0477159
8.18182 0.040303 -0.054566
8.78788 0.040303 -0.0613092
9.39394 0.040303 -0.0678927
10 0.040303 -0.0587541
-10 0.050404 -0.0739018
-9.39394 0.050404 -0.0676082
-8.78788 0.050404 -0.061082
-8.18182 0.050404 -0.0543748
-7.57576 0.050404 -0.0475727
-6.9697 0.050404 -0.0409071
-6.36364 0.050404 -0.0348063
-5.75758 0.050404 -0.0297963
-5.15152 0.050404 -0.0262061
-4.54545 0.050404 -0.0237429
-3.93939 0.050404 -0.0211384
-3.33333 0.050404 -0.0161689
-2.72727 0.050404 -0.00632198
-2.12121 0.050404 0.00983169
-1.51515 0.050404 0.0309491
-0.909091 0.050404 0.0519429
-0.30303 0.050404 0.0652804
0.30303 0.050404 0.0651019
0.909091 0.050404 0.0514193
1.51515 0.050404 0.0301519
2.12121 0.050404 0.00894481
2.72727 0.050404 -0.00702479
3.33333 0.050404 -0.0164426
3.93939 0.050404 -0.0208987
4.54545 0.050404 -0.0231083
5.15152 0.050404 -0.0254177
5.75758 0.050404 -0.0290753
6.36364 0.050404 -0.0342496
6.9697 0.050404 -0.0404788
7.57576 0.050404 -0.0471769
8.18182 0.050404 -0.0539411
8.78788 0.050404 -0.0606032
9.39394 0.050404 -0.0671151
10 0.050404 -0.0579389
-10 0.0605051 -0.0732061
-9.39394 0.0605051 -0.0669717
-8.78788 0.0605051 -0.0605102
-8.18182 0.0605051 -0.0538723
-7.57576 0.0605051 -0.0471392
-6.9697 0.0605051 -0.0405343
-6.36364 0.0605051 -0.0344774
-5.75758 0.0605051 -0.0294905
-5.15152 0.0605051 -0.0259078
-4.54545 0.0605051 -0.0234529
-3.93939 0.0605051 -0.0208823
-3.33333 0.0605051 -0.015996
-2.72727 0.0605051 -0.00629376
-2.12121 0.0605051 0.00966349
-1.51515 0.0605051 0.0305661
-0.909091 0.0605051 0.0513757
-0.30303 0.0605051 0.0646086
0.30303 0.0605051 0.0644351
0.909091 0.0605051 0.0508664
1.51515 0.0605051 0.0297906
2.12121 0.0605051 0.00880266
2.72727 0.0605051 -0.00697047
3.33333 0.0605051 -0.016247
3.93939 0.0605051 -0.020624
4.54545 0.0605051 -0.0228002
5.15152 0.0605051 -0.0250945
5.75758 0.0605051 -0.0287299
6.36364 0.0605051 -0.0338602
6.9697 0.0605051 -0.0400226
7.57576 0.0605051 -0.0466389
8.18182 0.0605051 -0.0533174
8.78788 0.0605051 -0.0598987
9.39394 0.0605051 -0.066339
10 0.0605051 -0.0571251
-10 0.0706061 -0.0725088
-9.39394 0.0706061 -0.0663337
-8.78788 0.0706061 -0.0599369
-8.18182 0.0706061 -0.0533683
-7.57576 0.0706061 -0.0467045
-6.9697 0.0706061 -0.0401606
-6.36364 0.0706061 -0.0341482
-5.75758 0.0706061 -0.0291848
-5.15152 0.0706061 -0.02561
-4.54545 0.0706061 -0.0231636
-3.93939 0.0706061 -0.0206265
-3.33333 0.0706061 -0.015823
-2.72727 0.0706061 -0.0062649
-2.12121 0.0706061 0.00949618
-1.51515 0.0706061 0.0301839
-0.909091 0.0706061 0.0508092
-0.30303 0.0706061 0.0639372
0.30303 0.0706061 0.0637685
0.909091 0.0706061 0.0503139
1.51515 0.0706061 0.0294298
2.12121 0.0706061 0.00866092
2.72727 0.0706061 -0.00691603
3.33333 0.0706061 -0.0160519
3.93939 0.0706061 -0.0203501
4.54545 0.0706061 -0.0224933
5.15152 0.0706061 -0.0247726
5.75758 0.0706061 -0.0283855
6.36364 0.0706061 -0.0334717
6.9697 0.0706061 -0.0395672
7.57576 0.0706061 -0.0461018
8.18182 0.0706061 -0.0526949
8.78788 0.0706061 -0.0591956
9.39394 0.0706061 -0.0655642
10 0.0706061 -0.0563126
-10 0.0807071 -0.0718099
-9.39394 0.0807071 -0.0656942
-8.78788 0.0807071 -0.0593622
-8.18182 0.0807071 -0.0528628
-7.57576 0.0807071 -0.0462684
-6.9697 0.0807071 -0.039786
-6.36364 0.0807071 -0.0338185
-5.75758 0.0807071 -0.0288794
-5.15152 0.0807071 -0.0253128
-4.54545 0.0807071 -0.0228749
-3.93939 0.0807071 -0.020371
-3.33333 0.0807071 -0.0156498
-2.72727 0.0807071 -0.00623541
-2.12121 0.0807071 0.00932974
-1.51515 0.0807071 0.0298025
-0.909091 0.0807071 0.0502433
-0.30303 0.0807071 0.0632662
0.30303 0.0807071 0.0631022
0.909091 0.0807071 0.0497617
1.51515 0.0807071 0.0290695
2.12121 0.0807071 0.00851957
2.72727 0.0807071 -0.00686145
3.33333 0.0807071 -0.015857
3.93939 0.0807071 -0.020077
4.54545 0.0807071 -0.0221874
5.15152 0.0807071 -0.0244518
5.75758 0.0807071 -0.0280422
6.36364 0.0807071 -0.0330841
6.9697 0.0807071 -0.0391126
7.57576 0.0807071 -0.0455658
8.18182 0.0807071 -0.0520737
8.78788 0.0807071 -0.0584939
9.39394 0.0807071 -0.0647909
10 0.0807071 -0.0555015
-10 0.0908081 -0.0711093
-9.39394 0.0908081 -0.0650532
-8.78788 0.0908081 -0.0587859
-8.18182 0.0908081 -0.0523558
-7.57576 0.0908081 -0.0458309
-6.9697 0.0908081 -0.0394104
-6.36364 0.0908081 -0.0334884
-5.75758 0.0908081 -0.0285741
-5.15152 0.0908081 -0.0250162
-4.54545 0.0908081 -0.0225868
-3.93939 0.0908081 -0.0201159
-3.33333 0.0908081 -0.0154764
-2.72727 0.0908081 -0.00620527
-2.12121 0.0908081 0.00916419
-1.51515 0.0908081 0.029422
-0.909091 0.0908081 0.0496779
-0.30303 0.0908081 0.0625954
0.30303 0.0908081 0.0624361
0.909091 0.0908081 0.0492098
1.51515 0.0908081 0.0287095
2.12121 0.0908081 0.00837865
2.72727 0.0908081 -0.00680673
3.33333 0.0908081 -0.0156625
3.93939 0.0908081 -0.0198047
4.54545 0.0908081 -0.0218828
5.15152 0.0908081 -0.0241323
5.75758 0.0908081 -0.0276999
6.36364 0.0908081 -0.0326973
6.9697 0.0908081 -0.0386588
7.57576 0.0908081 -0.0450307
8.18182 0.0908081 -0.0514537
8.78788 0.0908081 -0.0577936
9.39394 0.0908081 -0.064019
10 0.0908081 -0.0546918
-10 0.100909 -0.0704071
-9.39394 0.100909 -0.0644106
-8.78788 0.100909 -0.0582081
-8.18182 0.100909 -0.0518474
-7.57576 0.100909 -0.0453921
-6.9697 0.100909 -0.0390337
-6.36364 0.100909 -0.0331579
-5.75758 0.100909 -0.0282689
-5.15152 0.100909 -0.0247201
-4.54545 0.100909 -0.0222994
-3.93939 0.100909 -0.0198612
-3.33333 0.100909 -0.0153029
-2.72727 0.100909 -0.00617448
-2.12121 0.100909 0.00899954
-1.51515 0.100909 0.0290423
-0.909091 0.100909 0.0491131
-0.30303 0.100909 0.061925
0.30303 0.100909 0.0617702
0.909091 0.100909 0.0486582
1.51515 0.100909 0.0283501
2.12121 0.100909 0.00823815
2.72727 0.100909 -0.00675187
3.33333 0.100909 -0.0154683
3.93939 0.100909 -0.0195333
4.54545 0.100909 -0.0215792
5.15152 0.100909 -0.0238139
5.75758 0.100909 -0.0273587
6.36364 0.100909 -0.0323114
6.9697 0.100909 -0.0382059
7.57576 0.100909 -0.0444965
8.18182 0.100909 -0.0508348
8.78788 0.100909 -0.0570947
9.39394 0.100909 -0.0632484
10 0.100909 -0.0538835
-10 0.11101 -0.0697033
-9.39394 0.11101 -0.0637665
-8.78788 0.11101 -0.0576288
-8.18182 0.11101 -0.0513374
-7.57576 0.11101 -0.044952
-6.9697 0.11101 -0.0386561
-6.36364 0.11101 -0.0328269
-5.75758 0.11101 -0.0279639
-5.15152 0.11101 -0.0244247
-4.54545 0.11101 -0.0220126
-3.93939 0.11101 -0.0196067
-3.33333 0.11101 -0.0151292
-2.72727 0.11101 -0.00614305
-2.12121 0.11101 0.00883578
-1.51515 0.11101 0.0286634
-0.909091 0.11101 0.0485489
-0.30303 0.11101 0.0612549
0.30303 0.11101 0.0611046
0.909091 0.11101 0.048107
1.51515 0.11101 0.027991
2.12121 0.11101 0.00809809
2.72727 0.11101 -0.00669685
3.33333 0.11101 -0.0152744
3.93939 0.11101 -0.0192627
4.54545 0.11101 -0.0212769
5.15152 0.11101 -0.0234968
5.75758 0.11101 -0.0270185
6.36364 0.11101 -0.0319264
6.9697 0.11101 -0.0377538
7.57576 0.11101 -0.0439634
8.18182 0.11101 -0.0502172
8.78788 0.11101 -0.0563971
9.39394 0.11101 -0.0624793
10 0.11101 -0.0530766
-10 0.121111 -0.0689979
-9.39394 0.121111 -0.0631209
-8.78788 0.121111 -0.0570479
-8.18182 0.121111 -0.050826
-7.57576 0.121111 -0.0445104
-6.9697 0.121111 -0.0382775
-6.36364 0.121111 -0.0324955
-5.75758 0.121111 -0.0276591
-5.15152 0.121111 -0.0241298
-4.54545 0.121111 -0.0217265
-3.93939 0.121111 -0.0193527
-3.33333 0.121111 -0.0149553
-2.72727 0.121111 -0.00611095
-2.12121 0.121111 0.00867292
-1.51515 0.121111 0.0282854
-0.909091 0.121111 0.0479853
-0.30303 0.121111 0.0605851
0.30303 0.121111 0.0604391
0.909091 0.121111 0.047556
1.51515 0.121111 0.0276325
2.12121 0.121111 0.00795847
2.72727 0.121111 -0.00664166
3.33333 0.121111 -0.0150809
3.93939 0.121111 -0.0189929
4.54545 0.121111 -0.0209757
5.15152 0.121111 -0.0231809
5.75758 0.121111 -0.0266794
6.36364 0.121111 -0.0315423
6.9697 0.121111 -0.0373025
7.57576 0.121111 -0.0434312
8.18182 0.121111 -0.0496008
8.78788 0.121111 -0.055701
9.39394 0.121111 -0.0617117
10 0.121111 -0.052271
-10 0.131212 -0.0682908
-9.39394 0.131212 -0.0624738
-8.78788 0.131212 -0.0564656
-8.18182 0.131212 -0.050313
-7.57576 0.131212 -0.0440675
-6.9697 0.131212 -0.0378979
-6.36364 0.131212 -0.0321636
-5.75758 0.131212 -0.0273545
-5.15152 0.131212 -0.0238355
-4.54545 0.131212 -0.0214411
-3.93939 0.131212 -0.019099
-3.33333 0.131212 -0.0147813
-2.72727 0.131212 -0.0060782
-2.12121 0.131212 0.00851098
-1.51515 0.131212 0.0279082
-0.909091 0.131212 0.0474222
-0.30303 0.131212 0.0599156
0.30303 0.131212 0.0597739
0.909091 0.131212 0.0470054
1.51515 0.131212 0.0272744
2.12121 0.131212 0.00781931
2.72727 0.131212 -0.0065863
3.33333 0.131212 -0.0148877
3.93939 0.131212 -0.018724
4.54545 0.131212 -0.0206756
5.15152 0.131212 -0.0228661
5.75758 0.131212 -0.0263413
6.36364 0.131212 -0.031159
6.9697 0.131212 -0.036852
7.57576 0.131212 -0.0428999
8.18182 0.131212 -0.0489855
8.78788 0.131212 -0.0550063
9.39394 0.131212 -0.0609454
10 0.131212 -0.0514669
-10 0.141313 -0.067582
-9.39394 0.141313 -0.0618251
-8.78788 0.141313 -0.0558818
-8.18182 0.141313 -0.0497985
-7.57576 0.141313 -0.0436233
-6.9697 0.141313 -0.0375172
-6.36364 0.141313 -0.0318313
-5.75758 0.141313 -0.0270499
-5.15152 0.141313 -0.0235418
-4.54545 0.141313 -0.0211563
-3.93939 0.141313 -0.0188457
-3.33333 0.141313 -0.0146071
-2.72727 0.141313 -0.00604478
-2.12121 0.141313 0.00834995
-1.51515 0.141313 0.0275319
-0.909091 0.141313 0.0468596
-0.30303 0.141313 0.0592463
0.30303 0.141313 0.0591089
0.909091 0.141313 0.0464551
1.51515 0.141313 0.0269167
2.12121 0.141313 0.00768061
2.72727 0.141313 -0.00653076
3.33333 0.141313 -0.0146948
3.93939 0.141313 -0.0184559
4.54545 0.141313 -0.0203768
5.15152 0.141313 -0.0225526
5.75758 0.141313 -0.0260043
6.36364 0.141313 -0.0307765
6.9697 0.141313 -0.0364022
7.57576 0.141313 -0.0423695
8.18182 0.141313 -0.0483715
8.78788 0.141313 -0.054313
9.39394 0.141313 -0.0601806
10 0.141313 -0.0506642
-10 0.151414 -0.0668716
-9.39394 0.151414 -0.0611749
-8.78788 0.151414 -0.0552964
-8.18182 0.151414 -0.0492825
-7.57576 0.151414 -0.0431776
-6.9697 0.151414 -0.0371356
-6.36364 0.151414 -0.0314985
-5.75758 0.151414 -0.0267456
-5.15152 0.151414 -0.0232486
-4.54545 0.151414 -0.0208722
-3.93939 0.151414 -0.0185927
-3.33333 0.151414 -0.0144328
-2.72727 0.151414 -0.00601069
-2.12121 0.151414 0.00818984
-1.51515 0.151414 0.0271563
-0.909091 0.151414 0.0462977
-0.30303 0.151414 0.0585774
0.30303 0.151414 0.0584441
0.909091 0.151414 0.045905
1.51515 0.151414 0.0265596
2.12121 0.151414 0.00754239
2.72727 0.151414 -0.00647502
3.33333 0.151414 -0.0145022
3.93939 0.151414 -0.0181886
4.54545 0.151414 -0.0200791
5.15152 0.151414 -0.0222403
5.75758 0.151414 -0.0256683
6.36364 0.151414 -0.0303949
6.9697 0.151414 -0.0359533
7.57576 0.151414 -0.0418401
8.18182 0.151414 -0.0477587
8.78788 0.151414 -0.0536211
9.39394 0.151414 -0.0594172
10 0.151414 -0.0498629
-10 0.161515 -0.0661596
-9.39394 0.161515 -0.0605232
-8.78788 0.161515 -0.0547096
-8.18182 0.161515 -0.0487651
-7.57576 0.161515 -0.0427306
-6.9697 0.161515 -0.0367528
-6.36364 0.161515 -0.0311653
-5.75758 0.161515 -0.0264413
-5.15152 0.161515 -0.0229561
-4.54545 0.161515 -0.0205888
-3.93939 0.161515 -0.0183401
-3.33333 0.161515 -0.0142583
-2.72727 0.161515 -0.00597592
-2.12121 0.161515 0.00803065
-1.51515 0.161515 0.0267817
-0.909091 0.161515 0.0457362
-0.30303 0.161515 0.0579087
0.30303 0.161515 0.0577794
0.909091 0.161515 0.0453553
1.51515 0.161515 0.0262029
2.12121 0.161515 0.00740465
2.72727 0.161515 -0.00641909
3.33333 0.161515 -0.01431
3.93939 0.161515 -0.0179223
4.54545 0.161515 -0.0197826
5.15152 0.161515 -0.0219293
5.75758 0.161515 -0.0253334
6.36364 0.161515 -0.0300141
6.9697 0.161515 -0.0355052
7.57576 0.161515 -0.0413117
8.18182 0.161515 -0.047147
8.78788 0.161515 -0.0529306
9.39394 0.161515 -0.0586553
10 0.161515 -0.049063
-10 0.171616 -0.0654459
-9.39394 0.171616 -0.05987
-8.78788 0.171616 -0.0541212
-8.18182 0.171616 -0.0482461
-7.57576 0.171616 -0.0422822
-6.9697 0.171616 -0.0363691
-6.36364 0.171616 -0.0308315
-5.75758 0.171616 -0.0261372
-5.15152 0.171616 -0.0226641
-4.54545 0.171616 -0.020306
-3.93939 0.171616 -0.0180879
-3.33333 0.171616 -0.0140836
-2.72727 0.171616 -0.00594047
-2.12121 0.171616 0.0078724
-1.51515 0.171616 0.0264078
-0.909091 0.171616 0.0451753
-0.30303 0.171616 0.0572402
0.30303 0.171616 0.0571149
0.909091 0.171616 0.0448059
1.51515 0.171616 0.0258467
2.12121 0.171616 0.00726741
2.72727 0.171616 -0.00636296
3.33333 0.171616 -0.0141181
3.93939 0.171616 -0.0176567
4.54545 0.171616 -0.0194872
5.15152 0.171616 -0.0216194
5.75758 0.171616 -0.0249995
6.36364 0.171616 -0.0296342
6.9697 0.171616 -0.0350578
7.57576 0.171616 -0.0407841
8.18182 0.171616 -0.0465366
8.78788 0.171616 -0.0522415
9.39394 0.171616 -0.0578948
10 0.171616 -0.0482646
-10 0.181717 -0.0647306
-9.39394 0.181717 -0.0592152
-8.78788 0.181717 -0.0535313
-8.18182 0.181717 -0.0477255
-7.57576 0.181717 -0.0418323
-6.9697 0.181717 -0.0359842
-6.36364 0.181717 -0.0304972
-5.75758 0.181717 -0.0258332
-5.15152 0.181717 -0.0223727
-4.54545 0.181717 -0.020024
-3.93939 0.181717 -0.0178361
-3.33333 0.181717 -0.0139088
-2.72727 0.181717 -0.00590434
-2.12121 0.181717 0.0077151
-1.51515 0.181717 0.0260349
-0.909091 0.181717 0.0446149
-0.30303 0.181717 0.056572
0.30303 0.181717 0.0564506
0.909091 0.181717 0.0442568
1.51515 0.181717 0.025491
2.12121 0.181717 0.00713067
2.72727 0.181717 -0.0063066
3.33333 0.181717 -0.0139264
3.93939 0.181717 -0.0173921
4.54545 0.181717 -0.0191931
5.15152 0.181717 -0.0213108
5.75758 0.181717 -0.0246666
6.36364 0.181717 -0.029255
6.9697 0.181717 -0.0346112
7.57576 0.181717 -0.0402575
8.18182 0.181717 -0.0459273
8.78788 0.181717 -0.0515538
9.39394 0.181717 -0.0571358
10 0.181717 -0.0474676
-10 0.191818 -0.0640136
-9.39394 0.191818 -0.0585588
-8.78788 0.191818 -0.0529399
-8.18182 0.191818 -0.0472035
-7.57576 0.191818 -0.0413811
-6.9697 0.191818 -0.0355983
-6.36364 0.191818 -0.0301624
-5.75758 0.191818 -0.0255293
-5.15152 0.191818 -0.0220819
-4.54545 0.191818 -0.0197426
-3.93939 0.191818 -0.0175847
-3.33333 0.191818 -0.0137338
-2.72727 0.191818 -0.00586752
-2.12121 0.191818 0.00755873
-1.51515 0.191818 0.0256627
-0.909091 0.191818 0.0440551
-0.30303 0.191818 0.055904
0.30303 0.191818 0.0557864
0.909091 0.191818 0.043708
1.51515 0.191818 0.0251358
2.12121 0.191818 0.00699445
2.72727 0.191818 -0.00625003
3.33333 0.191818 -0.0137351
3.93939 0.191818 -0.0171282
4.54545 0.191818 -0.0189002
5.15152 0.191818 -0.0210034
5.75758 0.191818 -0.0243347
6.36364 0.191818 -0.0288767
6.9697 0.191818 -0.0341654
7.57576 0.191818 -0.0397318
8.18182 0.191818 -0.0453192
8.78788 0.191818 -0.0508676
9.39394 0.191818 -0.0563782
10 0.191818 -0.046672
-10 0.201919 -0.063295
-9.39394 0.201919 -0.0579009
-8.78788 0.201919 -0.0523469
-8.18182 0.201919 -0.04668
-7.57576 0.201919 -0.0409285
-6.9697 0.201919 -0.0352114
-6.36364 0.201919 -0.0298271
-5.75758 0.201919 -0.0252255
-5.15152 0.201919 -0.0217917
-4.54545 0.201919 -0.0194619
-3.93939 0.201919 -0.0173337
-3.33333 0.201919 -0.0135587
-2.72727 0.201919 -0.00583
-2.12121 0.201919 0.00740333
-1.51515 0.201919 0.0252915
-0.909091 0.201919 0.0434958
-0.30303 0.201919 0.0552363
0.30303 0.201919 0.0551224
0.909091 0.201919 0.0431595
1.51515 0.201919 0.0247811
2.12121 0.201919 0.00685876
2.72727 0.201919 -0.00619321
3.33333 0.201919 -0.0135441
3.93939 0.201919 -0.0168653
4.54545 0.201919 -0.0186085
5.15152 0.201919 -0.0206972
5.75758 0.201919 -0.0240039
6.36364 0.201919 -0.0284992
6.9697 0.201919 -0.0337203
7.57576 0.201919 -0.039207
8.18182 0.201919 -0.0447123
8.78788 0.201919 -0.0501827
9.39394 0.201919 -0.0556221
10 0.201919 -0.0458779
-10 0.21202 -0.0625746
-9.39394 0.21202 -0.0572415
-8.78788 0.21202 -0.0517525
-8.18182 0.21202 -0.0461549
-7.57576 0.21202 -0.0404744
-6.9697 0.21202 -0.0348233
-6.36364 0.21202 -0.0294912
-5.75758 0.21202 -0.0249219
-5.15152 0.21202 -0.0215021
-4.54545 0.21202 -0.0191819
-3.93939 0.21202 -0.0170831
-3.33333 0.21202 -0.0133834
-2.72727 0.21202 -0.00579177
-2.12121 0.21202 0.00724888
-1.51515 0.21202 0.024921
-0.909091 0.21202 0.042937
-0.30303 0.21202 0.0545687
0.30303 0.21202 0.0544584
0.909091 0.21202 0.0426112
1.51515 0.21202 0.0244269
2.12121 0.21202 0.00672361
2.72727 0.21202 -0.00613616
3.33333 0.21202 -0.0133534
3.93939 0.21202 -0.0166032
4.54545 0.21202 -0.018318
5.15152 0.21202 -0.0203922
5.75758 0.21202 -0.0236741
6.36364 0.21202 -0.0281225
6.9697 0.21202 -0.0332759
7.57576 0.21202 -0.0386831
8.18182 0.21202 -0.0441066
8.78788 0.21202 -0.0494992
9.39394 0.21202 -0.0548675
10 0.21202 -0.0450852
-10 0.222121 -0.0618527
-9.39394 0.222121 -0.0565806
-8.78788 0.222121 -0.0511565
-8.18182 0.222121 -0.0456283
-7.57576 0.222121 -0.0400189
-6.9697 0.222121 -0.0344341
-6.36364 0.222121 -0.0291548
-5.75758 0.222121 -0.0246183
-5.15152 0.222121 -0.021213
-4.54545 0.222121 -0.0189027
-3.93939 0.222121 -0.0168329
-3.33333 0.222121 -0.0132079
-2.72727 0.222121 -0.00575284
-2.12121 0.222121 0.00709541
-1.51515 0.222121 0.0245515
-0.909091 0.222121 0.0423787
-0.30303 0.222121 0.0539013
0.30303 0.222121 0.0537946
0.909091 0.222121 0.0420633
1.51515 0.222121 0.0240732
2.12121 0.222121 0.00658901
2.72727 0.222121 -0.00607885
3.33333 0.222121 -0.013163
3.93939 0.222121 -0.016342
4.54545 0.222121 -0.0180287
5.15152 0.222121 -0.0200885
5.75758 0.222121 -0.0233453
6.36364 0.222121 -0.0277466
6.9697 0.222121 -0.0328323
7.57576 0.222121 -0.0381601
8.18182 0.222121 -0.043502
8.78788 0.222121 -0.0488172
9.39394 0.222121 -0.0541143
10 0.222121 -0.044294
-10 0.232222 -0.061129
-9.39394 0.232222 -0.0559181
-8.78788 0.232222 -0.050559
-8.18182 0.232222 -0.0451002
-7.57576 0.232222 -0.039562
-6.9697 0.232222 -0.0340438
-6.36364 0.232222 -0.0288179
-5.75758 0.232222 -0.0243148
-5.15152 0.232222 -0.0209245
-4.54545 0.232222 -0.0186241
-3.93939 0.232222 -0.0165831
-3.33333 0.232222 -0.0130323
-2.72727 0.232222 -0.00571319
-2.12121 0.232222 0.00694291
-1.51515 0.232222 0.0241828
-0.909091 0.232222 0.0418209
-0.30303 0.232222 0.0532342
0.30303 0.232222 0.0531309
0.909091 0.232222 0.0415156
1.51515 0.232222 0.02372
2.12121 0.232222 0.00645497
2.72727 0.232222 -0.00602128
3.33333 0.232222 -0.0129729
3.93939 0.232222 -0.0160817
4.54545 0.232222 -0.0177406
5.15152 0.232222 -0.019786
5.75758 0.232222 -0.0230175
6.36364 0.232222 -0.0273714
6.9697 0.232222 -0.0323894
7.57576 0.232222 -0.037638
8.18182 0.232222 -0.0428987
8.78788 0.232222 -0.0481365
9.39394 0.232222 -0.0533626
10 0.232222 -0.0435042
-10 0.242323 -0.0604037
-9.39394 0.242323 -0.055254
-8.78788 0.242323 -0.04996
-8.18182 0.242323 -0.0445705
-7.57576 0.242323 -0.0391037
-6.9697 0.242323 -0.0336524
-6.36364 0.242323 -0.0284803
-5.75758 0.242323 -0.0240114
-5.15152 0.242323 -0.0206367
-4.54545 0.242323 -0.0183463
-3.93939 0.242323 -0.0163337
-3.33333 0.242323 -0.0128565
-2.72727 0.242323 -0.00567282
-2.12121 0.242323 0.0067914
-1.51515 0.242323 0.0238149
-0.909091 0.242323 0.0412636
-0.30303 0.242323 0.0525672
0.30303 0.242323 0.0524673
0.909091 0.242323 0.0409682
1.51515 0.242323 0.0233674
2.12121 0.242323 0.00632151
2.72727 0.242323 -0.00596344
3.33333 0.242323 -0.0127831
3.93939 0.242323 -0.0158223
4.54545 0.242323 -0.0174538
5.15152 0.242323 -0.0194848
5.75758 0.242323 -0.0226908
6.36364 0.242323 -0.0269971
6.9697 0.242323 -0.0319473
7.57576 0.242323 -0.0371167
8.18182 0.242323 -0.0422965
8.78788 0.242323 -0.0474573
9.39394 0.242323 -0.0526124
10 0.242323 -0.0427159
-10 0.252424 -0.0596767
-9.39394 0.252424 -0.0545884
-8.78788 0.252424 -0.0493595
-8.18182 0.252424 -0.0440394
-7.57576 0.252424 -0.0386439
-6.9697 0.252424 -0.0332599
-6.36364 0.252424 -0.0281422
-5.75758 0.252424 -0.0237081
-5.15152 0.252424 -0.0203494
-4.54545 0.252424 -0.0180692
-3.93939 0.252424 -0.0160847
-3.33333 0.252424 -0.0126805
-2.72727 0.252424 -0.00563173
-2.12121 0.252424 0.00664089
-1.51515 0.252424 0.023448
-0.909091 0.252424 0.0407068
-0.30303 0.252424 0.0519003
0.30303 0.252424 0.0518038
0.909091 0.252424 0.0404211
1.51515 0.252424 0.0230153
2.12121 0.252424 0.00618863
2.72727 0.252424 -0.00590531
3.33333 0.252424 -0.0125936
3.93939 0.252424 -0.0155638
4.54545 0.252424 -0.0171682
5.15152 0.252424 -0.0191848
5.75758 0.252424 -0.022365
6.36364 0.252424 -0.0266235
6.9697 0.252424 -0.0315058
7.57576 0.252424 -0.0365964
8.18182 0.252424 -0.0416954
8.78788 0.252424 -0.0467795
9.39394 0.252424 -0.0518637
10 0.252424 -0.041929
-10 0.262525 -0.058948
-9.39394 0.262525 -0.0539213
-8.78788 0.262525 -0.0487575
-8.18182 0.262525 -0.0435067
-7.57576 0.262525 -0.0381826
-6.9697 0.262525 -0.0328662
-6.36364 0.262525 -0.0278035
-5.75758 0.262525 -0.0234048
-5.15152 0.262525 -0.0200627
-4.54545 0.262525 -0.0177928
-3.93939 0.262525 -0.0158362
-3.33333 0.262525 -0.0125044
-2.72727 0.262525 -0.0055899
-2.12121 0.262525 0.00649138
-1.51515 0.262525 0.0230819
-0.909091 0.262525 0.0401505
-0.30303 0.262525 0.0512336
0.30303 0.262525 0.0511404
0.909091 0.262525 0.0398743
1.51515 0.262525 0.0226638
2.12121 0.262525 0.00605636
2.72727 0.262525 -0.0058469
3.33333 0.262525 -0.0124044
3.93939 0.262525 -0.0153061
4.54545 0.262525 -0.0168839
5.15152 0.262525 -0.0188861
5.75758 0.262525 -0.0220403
6.36364 0.262525 -0.0262506
6.9697 0.262525 -0.0310651
7.57576 0.262525 -0.0360769
8.18182 0.262525 -0.0410956
8.78788 0.262525 -0.0461031
9.39394 0.262525 -0.0511164
10 0.262525 -0.0419299
-10 0.272626 -0.0582177
-9.39394 0.272626 -0.0532526
-8.78788 0.272626 -0.0481539
-8.18182 0.272626 -0.0429724
-7.57576 0.272626 -0.03772
-6.9697 0.272626 -0.0324714
-6.36364 0.272626 -0.0274642
-5.75758 0.272626 -0.0231016
-5.15152 0.272626 -0.0197766
-4.54545 0.272626 -0.0175172
-3.93939 0.272626 -0.0155882
-3.33333 0.272626 -0.0123282
-2.72727 0.272626 -0.00554733
-2.12121 0.272626 0.00634288
-1.51515 0.272626 0.0227167
-0.909091 0.272626 0.0395947
-0.30303 0.272626 0.0505671
0.30303 0.272626 0.050477
0.909091 0.272626 0.0393278
1.51515 0.272626 0.0223128
2.12121 0.272626 0.0059247
2.72727 0.272626 -0.00578818
3.33333 0.272626 -0.0122155
3.93939 0.272626 -0.0150494
4.54545 0.272626 -0.0166008
5.15152 0.272626 -0.0185886
5.75758 0.272626 -0.0217166
6.36364 0.272626 -0.0258786
6.9697 0.272626 -0.030625
7.57576 0.272626 -0.0355583
8.18182 0.272626 -0.0404969
8.78788 0.272626 -0.0454282
9.39394 0.272626 -0.0503707
10 0.272626 -0.0419307
-10 0.282727 -0.0574856
-9.39394 0.282727 -0.0525824
-8.78788 0.282727 -0.0475489
-8.18182 0.282727 -0.0424367
-7.57576 0.282727 -0.0372558
-6.9697 0.282727 -0.0320754
-6.36364 0.282727 -0.0271243
-5.75758 0.282727 -0.0227984
-5.15152 0.282727 -0.019491
-4.54545 0.282727 -0.0172423
-3.93939 0.282727 -0.0153406
-3.33333 0.282727 -0.0121518
-2.72727 0.282727 -0.00550402
-2.12121 0.282727 0.00619541
-1.51515 0.282727 0.0223523
-0.909091 0.282727 0.0390394
-0.30303 0.282727 0.0499006
0.30303 0.282727 0.0498136
0.909091 0.282727 0.0387815
1.51515 0.282727 0.0219624
2.12121 0.282727 0.00579367
2.72727 0.282727 -0.00572915
3.33333 0.282727 -0.0120269
3.93939 0.282727 -0.0147936
4.54545 0.282727 -0.016319
5.15152 0.282727 -0.0182923
5.75758 0.282727 -0.0213938
6.36364 0.282727 -0.0255072
6.9697 0.282727 -0.0301856
7.57576 0.282727 -0.0350405
8.18182 0.282727 -0.0398993
8.78788 0.282727 -0.0447546
9.39394 0.282727 -0.0496265
10 0.282727 -0.0419316
-10 0.292828 -0.0567519
-9.39394 0.292828 -0.0519106
-8.78788 0.292828 -0.0469423
-8.18182 0.292828 -0.0418994
-7.57576 0.292828 -0.0367902
-6.9697 0.292828 -0.0316782
-6.36364 0.292828 -0.0267838
-5.75758 0.292828 -0.0224953
-5.15152 0.292828 -0.0192061
-4.54545 0.292828 -0.0169682
-3.93939 0.292828 -0.0150934
-3.33333 0.292828 -0.0119752
-2.72727 0.292828 -0.00545995
-2.12121 0.292828 0.00604897
-1.51515 0.292828 0.0219889
-0.909091 0.292828 0.0384845
-0.30303 0.292828 0.0492343
0.30303 0.292828 0.0491503
0.909091 0.292828 0.0382354
1.51515 0.292828 0.0216125
2.12121 0.292828 0.00566328
2.72727 0.292828 -0.0056698
3.33333 0.292828 -0.0118386
3.93939 0.292828 -0.0145387
4.54545 0.292828 -0.0160384
5.15152 0.292828 -0.0179974
5.75758 0.292828 -0.0210721
6.36364 0.292828 -0.0251366
6.9697 0.292828 -0.0297469
7.57576 0.292828 -0.0345236
8.18182 0.292828 -0.039303
8.78788 0.292828 -0.0440825
9.39394 0.292828 -0.0488837
10 0.292828 -0.0419324
-10 0.302929 -0.0560165
-9.39394 0.302929 -0.0512372
-8.78788 0.302929 -0.0463342
-8.18182 0.302929 -0.0413605
-7.57576 0.302929 -0.0363231
-6.9697 0.302929 -0.0312798
-6.36364 0.302929 -0.0264426
-5.75758 0.302929 -0.0221922
-5.15152 0.302929 -0.0189218
-4.54545 0.302929 -0.0166948
-3.93939 0.302929 -0.0148467
-3.33333 0.302929 -0.0117985
-2.72727 0.302929 -0.00541513
-2.12121 0.302929 0.00590357
-1.51515 0.302929 0.0216263
-0.909091 0.302929 0.0379302
-0.30303 0.302929 0.0485681
0.30303 0.302929 0.0484871
0.909091 0.302929 0.0376897
1.51515 0.302929 0.0212632
2.12121 0.302929 0.00553355
2.72727 0.302929 -0.00561012
3.33333 0.302929 -0.0116506
3.93939 0.302929 -0.0142847
4.54545 0.302929 -0.0157591
5.15152 0.302929 -0.0177036
5.75758 0.302929 -0.0207514
6.36364 0.302929 -0.0247667
6.9697 0.302929 -0.0293089
7.57576 0.302929 -0.0340076
8.18182 0.302929 -0.0387078
8.78788 0.302929 -0.0434118
9.39394 0.302929 -0.0481425
10 0.302929 -0.0419333
-10 0.31303 -0.0552794
-9.39394 0.31303 -0.0505623
-8.78788 0.31303 -0.0457246
-8.18182 0.31303 -0.0408202
-7.57576 0.31303 -0.0358545
-6.9697 0.31303 -0.0308803
-6.36364 0.31303 -0.0261007
-5.75758 0.31303 -0.0218892
-5.15152 0.31303 -0.018638
-4.54545 0.31303 -0.0164223
-3.93939 0.31303 -0.0146005
-3.33333 0.31303 -0.0116216
-2.72727 0.31303 -0.00536953
-2.12121 0.31303 0.00575923
-1.51515 0.31303 0.0212647
-0.909091 0.31303 0.0373762
-0.30303 0.31303 0.0479019
0.30303 0.31303 0.0478238
0.909091 0.31303 0.0371442
1.51515 0.31303 0.0209145
2.12121 0.31303 0.00540448
2.72727 0.31303 -0.00555009
3.33333 0.31303 -0.0114628
3.93939 0.31303 -0.0140316
4.54545 0.31303 -0.0154812
5.15152 0.31303 -0.0174112
5.75758 0.31303 -0.0204316
6.36364 0.31303 -0.0243976
6.9697 0.31303 -0.0288715
7.57576 0.31303 -0.0334924
8.18182 0.31303 -0.0381137
8.78788 0.31303 -0.0427425
9.39394 0.31303 -0.0474028
10 0.31303 -0.0419341
-10 0.323131 -0.0545406
-9.39394 0.323131 -0.0498859
-8.78788 0.323131 -0.0451135
-8.18182 0.323131 -0.0402783
-7.57576 0.323131 -0.0353845
-6.9697 0.323131 -0.0304795
-6.36364 0.323131 -0.0257582
-5.75758 0.323131 -0.0215862
-5.15152 0.323131 -0.0183549
-4.54545 0.323131 -0.0161505
-3.93939 0.323131 -0.0143547
-3.33333 0.323131 -0.0114446
-2.72727 0.323131 -0.00532316
-2.12121 0.323131 0.00561595
-1.51515 0.323131 0.0209039
-0.909091 0.323131 0.0368228
-0.30303 0.323131 0.0472358
0.30303 0.323131 0.0471605
0.909091 0.323131 0.0365989
1.51515 0.323131 0.0205664
2.12121 0.323131 0.0052761
2.72727 0.323131 -0.00548971
3.33333 0.323131 -0.0112754
3.93939 0.323131 -0.0137795
4.54545 0.323131 -0.0152045
5.15152 0.323131 -0.01712
5.75758 0.323131 -0.0201128
6.36364 0.323131 -0.0240291
6.9697 0.323131 -0.0284347
7.57576 0.323131 -0.0329781
8.18182 0.323131 -0.0375208
8.78788 0.323131 -0.0420746
9.39394 0.323131 -0.0466646
10 0.323131 -0.041935
-10 0.333232 -0.0538001
-9.39394 0.333232 -0.0492079
-8.78788 0.333232 -0.0445008
-8.18182 0.333232 -0.0397349
-7.57576 0.333232 -0.034913
-6.9697 0.333232 -0.0300775
-6.36364 0.333232 -0.025415
-5.75758 0.333232 -0.0212832
-5.15152 0.333232 -0.0180723
-4.54545 0.333232 -0.0158794
-3.93939 0.333232 -0.0141095
-3.33333 0.333232 -0.0112674
-2.72727 0.333232 -0.00527601
-2.12121 0.333232 0.00547375
-1.51515 0.333232 0.0205441
-0.909091 0.333232 0.0362698
-0.30303 0.333232 0.0465698
0.30303 0.333232 0.0464972
0.909091 0.333232 0.0360539
1.51515 0.333232 0.0202189
2.12121 0.333232 0.00514842
2.72727 0.333232 -0.00542896
3.33333 0.333232 -0.0110882
3.93939 0.333232 -0.0135284
4.54545 0.333232 -0.0149291
5.15152 0.333232 -0.01683
5.75758 0.333232 -0.019795
6.36364 0.333232 -0.0236614
6.9697 0.333232 -0.0279987
7.57576 0.333232 -0.0324645
8.18182 0.333232 -0.0369291
8.78788 0.333232 -0.0414082
9.39394 0.333232 -0.0459279
10 0.333232 -0.0419358
-10 0.343333 -0.0530579
-9.39394 0.343333 -0.0485284
-8.78788 0.343333 -0.0438867
-8.18182 0.343333 -0.0391899
-7.57576 0.343333 -0.03444
-6.9697 0.343333 -0.0296743
-6.36364 0.343333 -0.0250711
-5.75758 0.343333 -0.0209802
-5.15152 0.343333 -0.0177903
-4.54545 0.343333 -0.0156092
-3.93939 0.343333 -0.0138648
-3.33333 0.343333 -0.0110901
-2.72727 0.343333 -0.00522806
-2.12121 0.343333 0.00533263
-1.51515 0.343333 0.0201852
-0.909091 0.343333 0.0357172
-0.30303 0.343333 0.0459038
0.30303 0.343333 0.0458339
0.909091 0.343333 0.0355092
1.51515 0.343333 0.019872
2.12121 0.343333 0.00502146
2.72727 0.343333 -0.00536783
3.33333 0.343333 -0.0109013
3.93939 0.343333 -0.0132782
4.54545 0.343333 -0.014655
5.15152 0.343333 -0.0165414
5.75758 0.343333 -0.0194782
6.36364 0.343333 -0.0232943
6.9697 0.343333 -0.0275632
7.57576 0.343333 -0.0319519
8.18182 0.343333 -0.0363386
8.78788 0.343333 -0.0407432
9.39394 0.343333 -0.0451927
10 0.343333 -0.0419367
-10 0.353434 -0.0523139
-9.39394 0.353434 -0.0478473
-8.78788 0.353434 -0.043271
-8.18182 0.353434 -0.0386434
-7.57576 0.353434 -0.0339654
-6.9697 0.353434 -0.0292698
-6.36364 0.353434 -0.0247265
-5.75758 0.353434 -0.0206771
-5.15152 0.353434 -0.0175089
-4.54545 0.353434 -0.0153398
-3.93939 0.353434 -0.0136205
-3.33333 0.353434 -0.0109126
-2.72727 0.353434 -0.00517932
-2.12121 0.353434 0.00519262
-1.51515 0.353434 0.0198271
-0.909091 0.353434 0.0351651
-0.30303 0.353434 0.0452378
0.30303 0.353434 0.0451705
0.909091 0.353434 0.0349647
1.51515 0.353434 0.0195258
2.12121 0.353434 0.00489523
2.72727 0.353434 -0.00530631
3.33333 0.353434 -0.0107147
3.93939 0.353434 -0.0130289
4.54545 0.353434 -0.0143823
5.15152 0.353434 -0.016254
5.75758 0.353434 -0.0191623
6.36364 0.353434 -0.0229279
6.9697 0.353434 -0.0271284
7.57576 0.353434 -0.03144
8.18182 0.353434 -0.0357492
8.78788 0.353434 -0.0400796
9.39394 0.353434 -0.0444591
10 0.353434 -0.0419375
-10 0.363535 -0.0515683
-9.39394 0.363535 -0.0471646
-8.78788 0.363535 -0.0426539
-8.18182 0.363535 -0.0380954
-7.57576 0.363535 -0.0334894
-6.9697 0.363535 -0.0288641
-6.36364 0.363535 -0.0243812
-5.75758 0.363535 -0.0203741
-5.15152 0.363535 -0.0172281
-4.54545 0.363535 -0.0150712
-3.93939 0.363535 -0.0133768
-3.33333 0.363535 -0.010735
-2.72727 0.363535 -0.00512977
-2.12121 0.363535 0.00505372
-1.51515 0.363535 0.0194701
-0.909091 0.363535 0.0346134
-0.30303 0.363535 0.0445718
0.30303 0.363535 0.044507
0.909091 0.363535 0.0344204
1.51515 0.363535 0.0191801
2.12121 0.363535 0.00476975
2.72727 0.363535 -0.00524439
3.33333 0.363535 -0.0105284
3.93939 0.363535 -0.0127806
4.54545 0.363535 -0.0141109
5.15152 0.363535 -0.0159679
5.75758 0.363535 -0.0188474
6.36364 0.363535 -0.0225622
6.9697 0.363535 -0.0266942
7.57576 0.363535 -0.030929
8.18182 0.363535 -0.0351609
8.78788 0.363535 -0.0394175
9.39394 0.363535 -0.0437269
10 0.363535 -0.0419384
-10 0.373636 -0.0508209
-9.39394 0.373636 -0.0464804
-8.78788 0.373636 -0.0420352
-8.18182 0.373636 -0.0375458
-7.57576 0.373636 -0.0330119
-6.9697 0.373636 -0.0284571
-6.36364 0.373636 -0.0240351
-5.75758 0.373636 -0.020071
-5.15152 0.373636 -0.0169479
-4.54545 0.373636 -0.0148034
-3.93939 0.373636 -0.0131336
-3.33333 0.373636 -0.0105573
-2.72727 0.373636 -0.0050794
-2.12121 0.373636 0.00491595
-1.51515 0.373636 0.0191139
-0.909091 0.373636 0.0340621
-0.30303 0.373636 0.0439058
0.30303 0.373636 0.0438435
0.909091 0.373636 0.0338764
1.51515 0.373636 0.0188352
2.12121 0.373636 0.00464503
2.72727 0.373636 -0.00518206
3.33333 0.373636 -0.0103424
3.93939 0.373636 -0.0125333
4.54545 0.373636 -0.0138409
5.15152 0.373636 -0.015683
5.75758 0.373636 -0.0185335
6.36364 0.373636 -0.0221972
6.9697 0.373636 -0.0262605
7.57576 0.373636 -0.0304188
8.18182 0.373636 -0.0345738
8.78788 0.373636 -0.0387568
9.39394 0.373636 -0.0429964
10 0.373636 -0.0419392
-10 0.383737 -0.0500719
-9.39394 0.383737 -0.0457946
-8.78788 0.383737 -0.0414151
-8.18182 0.383737 -0.0369948
-7.57576 0.383737 -0.0325329
-6.9697 0.383737 -0.0280488
-6.36364 0.383737 -0.0236883
-5.75758 0.383737 -0.0197679
-5.15152 0.383737 -0.0166683
-4.54545 0.383737 -0.0145365
-3.93939 0.383737 -0.012891
-3.33333 0.383737 -0.0103794
-2.72727 0.383737 -0.00502821
-2.12121 0.383737 0.00477931
-1.51515 0.383737 0.0187587
-0.909091 0.383737 0.0335112
-0.30303 0.383737 0.0432398
0.30303 0.383737 0.0431799
0.909091 0.383737 0.0333326
1.51515 0.383737 0.0184908
2.12121 0.383737 0.0045211
2.72727 0.383737 -0.00511931
3.33333 0.383737 -0.0101567
3.93939 0.383737 -0.012287
4.54545 0.383737 -0.0135722
5.15152 0.383737 -0.0153995
5.75758 0.383737 -0.0182204
6.36364 0.383737 -0.0218328
6.9697 0.383737 -0.0258275
7.57576 0.383737 -0.0299094
8.18182 0.383737 -0.0339879
8.78788 0.383737 -0.0380975
9.39394 0.383737 -0.0422673
10 0.383737 -0.04194
-10 0.393838 -0.0493211
-9.39394 0.393838 -0.0451073
-8.78788 0.393838 -0.0407934
-8.18182 0.393838 -0.0364421
-7.57576 0.393838 -0.0320523
-6.9697 0.393838 -0.0276393
-6.36364 0.393838 -0.0233407
-5.75758 0.393838 -0.0194648
-5.15152 0.393838 -0.0163893
-4.54545 0.393838 -0.0142704
-3.93939 0.393838 -0.0126489
-3.33333 0.393838 -0.0102014
-2.72727 0.393838 -0.00497619
-2.12121 0.393838 0.00464384
-1.51515 0.393838 0.0184044
-0.909091 0.393838 0.0329608
-0.30303 0.393838 0.0425737
0.30303 0.393838 0.0425162
0.909091 0.393838 0.032789
1.51515 0.393838 0.0181472
2.12121 0.393838 0.00439797
2.72727 0.393838 -0.00505611
3.33333 0.393838 -0.00997124
3.93939 0.393838 -0.0120418
4.54545 0.393838 -0.0133048
5.15152 0.393838 -0.0151172
5.75758 0.393838 -0.0179084
6.36364 0.393838 -0.021469
6.9697 0.393838 -0.0253951
7.57576 0.393838 -0.0294008
8.18182 0.393838 -0.0334032
8.78788 0.393838 -0.0374397
9.39394 0.393838 -0.0415398
10 0.393838 -0.0419409
-10 0.403939 -0.0485685
-9.39394 0.403939 -0.0444184
-8.78788 0.403939 -0.0401702
-8.18182 0.403939 -0.035888
-7.57576 0.403939 -0.0315702
-6.9697 0.403939 -0.0272284
-6.36364 0.403939 -0.0229923
-5.75758 0.403939 -0.0191616
-5.15152 0.403939 -0.0161109
-4.54545 0.403939 -0.0140051
-3.93939 0.403939 -0.0124074
-3.33333 0.403939 -0.0100233
-2.72727 0.403939 -0.00492332
-2.12121 0.403939 0.00450953
-1.51515 0.403939 0.0180511
-0.909091 0.403939 0.0324107
-0.30303 0.403939 0.0419075
0.30303 0.403939 0.0418523
0.909091 0.403939 0.0322456
1.51515 0.403939 0.0178042
2.12121 0.403939 0.00427566
2.72727 0.403939 -0.00499247
3.33333 0.403939 -0.00978608
3.93939 0.403939 -0.0117975
4.54545 0.403939 -0.0130389
5.15152 0.403939 -0.0148363
5.75758 0.403939 -0.0175973
6.36364 0.403939 -0.0211058
6.9697 0.403939 -0.0249633
7.57576 0.403939 -0.028893
8.18182 0.403939 -0.0328195
8.78788 0.403939 -0.0367833
9.39394 0.403939 -0.0408138
10 0.403939 -0.0419417
-10 0.41404 -0.0478142
-9.39394 0.41404 -0.0437279
-8.78788 0.41404 -0.0395456
-8.18182 0.41404 -0.0353323
-7.57576 0.41404 -0.0310866
-6.9697 0.41404 -0.0268163
-6.36364 0.41404 -0.0226431
-5.75758 0.41404 -0.0188583
-5.15152 0.41404 -0.0158331
-4.54545 0.41404 -0.0137408
-3.93939 0.41404 -0.0121664
-3.33333 0.41404 -0.00984504
-2.72727 0.41404 -0.0048696
-2.12121 0.41404 0.00437641
-1.51515 0.41404 0.0176988
-0.909091 0.41404 0.0318611
-0.30303 0.41404 0.0412413
0.30303 0.41404 0.0411883
0.909091 0.41404 0.0317025
1.51515 0.41404 0.0174619
2.12121 0.41404 0.0041542
2.72727 0.41404 -0.00492836
3.33333 0.41404 -0.00960122
3.93939 0.41404 -0.0115542
4.54545 0.41404 -0.0127743
5.15152 0.41404 -0.0145566
5.75758 0.41404 -0.0172871
6.36364 0.41404 -0.0207433
6.9697 0.41404 -0.024532
7.57576 0.41404 -0.0283861
8.18182 0.41404 -0.0322371
8.78788 0.41404 -0.0361284
9.39394 0.41404 -0.0400893
10 0.41404 -0.0419426
-10 0.424141 -0.0470582
-9.39394 0.424141 -0.0430359
-8.78788 0.424141 -0.0389194
-8.18182 0.424141 -0.0347751
-7.57576 0.424141 -0.0306015
-6.9697 0.424141 -0.0264027
-6.36364 0.424141 -0.0222931
-5.75758 0.424141 -0.0185549
-5.15152 0.424141 -0.0155558
-4.54545 0.424141 -0.0134773
-3.93939 0.424141 -0.0119261
-3.33333 0.424141 -0.00966666
-2.72727 0.424141 -0.00481502
-2.12121 0.424141 0.00424449
-1.51515 0.424141 0.0173474
-0.909091 0.424141 0.0313119
-0.30303 0.424141 0.040575
0.30303 0.424141 0.0405241
0.909091 0.424141 0.0311596
1.51515 0.424141 0.0171203
2.12121 0.424141 0.00403359
2.72727 0.424141 -0.00486377
3.33333 0.424141 -0.00941664
3.93939 0.424141 -0.011312
4.54545 0.424141 -0.0125112
5.15152 0.424141 -0.0142782
5.75758 0.424141 -0.0169778
6.36364 0.424141 -0.0203814
6.9697 0.424141 -0.0241013
7.57576 0.424141 -0.0278799
8.18182 0.424141 -0.0316558
8.78788 0.424141 -0.0354749
9.39394 0.424141 -0.0393664
10 0.424141 -0.0419434
-10 0.434242 -0.0463005
-9.39394 0.434242 -0.0423423
-8.78788 0.434242 -0.0382918
-8.18182 0.434242 -0.0342164
-7.57576 0.434242 -0.0301149
-6.9697 0.434242 -0.0259879
-6.36364 0.434242 -0.0219423
-5.75758 0.434242 -0.0182514
-5.15152 0.434242 -0.0152792
-4.54545 0.434242 -0.0132147
-3.93939 0.434242 -0.0116864
-3.33333 0.434242 -0.00948816
-2.72727 0.434242 -0.00475957
-2.12121 0.434242 0.00411379
-1.51515 0.434242 0.0169971
-0.909091 0.434242 0.030763
-0.30303 0.434242 0.0399085
0.30303 0.434242 0.0398597
0.909091 0.434242 0.0306169
1.51515 0.434242 0.0167794
2.12121 0.434242 0.00391387
2.72727 0.434242 -0.0047987
3.33333 0.434242 -0.00923236
3.93939 0.434242 -0.0110708
4.54545 0.434242 -0.0122494
5.15152 0.434242 -0.0140011
5.75758 0.434242 -0.0166694
6.36364 0.434242 -0.02002
6.9697 0.434242 -0.0236711
7.57576 0.434242 -0.0273745
8.18182 0.434242 -0.0310757
8.78788 0.434242 -0.0348228
9.39394 0.434242 -0.0386451
10 0.434242 -0.0419443
-10 0.444343 -0.0455409
-9.39394 0.444343 -0.0416471
-8.78788 0.444343 -0.0376626
-8.18182 0.444343 -0.0336562
-7.57576 0.444343 -0.0296267
-6.9697 0.444343 -0.0255717
-6.36364 0.444343 -0.0215906
-5.75758 0.444343 -0.0179479
-5.15152 0.444343 -0.0150032
-4.54545 0.444343 -0.0129529
-3.93939 0.444343 -0.0114472
-3.33333 0.444343 -0.00930955
-2.72727 0.444343 -0.00470324
-2.12121 0.444343 0.00398433
-1.51515 0.444343 0.0166477
-0.909091 0.444343 0.0302145
-0.30303 0.444343 0.0392419
0.30303 0.444343 0.0391951
0.909091 0.444343 0.0300744
1.51515 0.444343 0.0164392
2.12121 0.444343 0.00379504
2.72727 0.444343 -0.00473312
3.33333 0.444343 -0.00904837
3.93939 0.444343 -0.0108307
4.54545 0.444343 -0.0119891
5.15152 0.444343 -0.0137253
5.75758 0.444343 -0.0163619
6.36364 0.444343 -0.0196593
6.9697 0.444343 -0.0232415
7.57576 0.444343 -0.02687
8.18182 0.444343 -0.0304967
8.78788 0.444343 -0.0341722
9.39394 0.444343 -0.0379253
10 0.444343 -0.0416971
-10 0.454444 -0.0447797
-9.39394 0.454444 -0.0409504
-8.78788 0.454444 -0.037032
-8.18182 0.454444 -0.0330945
-7.57576 0.454444 -0.029137
-6.9697 0.454444 -0.0251542
-6.36364 0.454444 -0.0212381
-5.75758 0.454444 -0.0176442
-5.15152 0.454444 -0.0147277
-4.54545 0.454444 -0.0126921
-3.93939 0.454444 -0.0112087
-3.33333 0.454444 -0.00913084
-2.72727 0.454444 -0.00464602
-2.12121 0.454444 0.00385612
-1.51515 0.454444 0.0162993
-0.909091 0.454444 0.0296664
-0.30303 0.454444 0.0385751
0.30303 0.454444 0.0385303
0.909091 0.454444 0.0295321
1.51515 0.454444 0.0160998
2.12121 0.454444 0.00367715
2.72727 0.454444 -0.00466702
3.33333 0.454444 -0.00886468
3.93939 0.454444 -0.0105917
4.54545 0.454444 -0.0117302
5.15152 0.454444 -0.0134508
5.75758 0.454444 -0.0160554
6.36364 0.454444 -0.0192991
6.9697 0.454444 -0.0228124
7.57576 0.454444 -0.0263662
8.18182 0.454444 -0.0299189
8.78788 0.454444 -0.0335231
9.39394 0.454444 -0.037207
10 0.454444 -0.0265019
-10 0.464545 -0.0440166
-9.39394 0.464545 -0.040252
-8.78788 0.464545 -0.0363999
-8.18182 0.464545 -0.0325312
-7.57576 0.464545 -0.0286457
-6.9697 0.464545 -0.0247352
-6.36364 0.464545 -0.0208846
-5.75758 0.464545 -0.0173403
-5.15152 0.464545 -0.0144528
-4.54545 0.464545 -0.0124323
-3.93939 0.464545 -0.0109709
-3.33333 0.464545 -0.00895202
-2.72727 0.464545 -0.00458789
-2.12121 0.464545 0.00372918
-1.51515 0.464545 0.015952
-0.909091 0.464545 0.0291187
-0.30303 0.464545 0.0379081
0.30303 0.464545 0.0378652
0.909091 0.464545 0.02899
1.51515 0.464545 0.0157612
2.12121 0.464545 0.0035602
2.72727 0.464545 -0.00460039
3.33333 0.464545 -0.00868129
3.93939 0.464545 -0.0103538
4.54545 0.464545 -0.0114728
5.15152 0.464545 -0.0131776
5.75758 0.464545 -0.0157497
6.36364 0.464545 -0.0189395
6.9697 0.464545 -0.0223838
7.57576 0.464545 -0.0258632
8.18182 0.464545 -0.0293423
8.78788 0.464545 -0.0328754
9.39394 0.464545 -0.0364903
10 0.464545 -0.0257461
-10 0.474646 -0.0432518
-9.39394 0.474646 -0.0395521
-8.78788 0.474646 -0.0357663
-8.18182 0.474646 -0.0319665
-7.57576 0.474646 -0.0281529
-6.9697 0.474646 -0.0243149
-6.36364 0.474646 -0.0205303
-5.75758 0.474646 -0.0170363
-5.15152 0.474646 -0.0141786
-4.54545 0.474646 -0.0121733
-3.93939 0.474646 -0.0107337
-3.33333 0.474646 -0.00877311
-2.72727 0.474646 -0.00452885
-2.12121 0.474646 0.00360354
-1.51515 0.474646 0.0156056
-0.909091 0.474646 0.0285713
-0.30303 0.474646 0.0372409
0.30303 0.474646 0.0371999
0.909091 0.474646 0.0284481
1.51515 0.474646 0.0154233
2.12121 0.474646 0.00344422
2.72727 0.474646 -0.00453321
3.33333 0.474646 -0.0084982
3.93939 0.474646 -0.0101169
4.54545 0.474646 -0.0112168
5.15152 0.474646 -0.0129058
5.75758 0.474646 -0.0154449
6.36364 0.474646 -0.0185804
6.9697 0.474646 -0.0219558
7.57576 0.474646 -0.025361
8.18182 0.474646 -0.0287668
8.78788 0.474646 -0.0322291
9.39394 0.474646 -0.0357751
10 0.474646 -0.0249917
-10 0.484747 -0.0424852
-9.39394 0.484747 -0.0388507
-8.78788 0.484747 -0.0351312
-8.18182 0.484747 -0.0314002
-7.57576 0.484747 -0.0276586
-6.9697 0.484747 -0.0238932
-6.36364 0.484747 -0.020175
-5.75758 0.484747 -0.0167322
-5.15152 0.484747 -0.0139049
-4.54545 0.484747 -0.0119153
-3.93939 0.484747 -0.0104973
-3.33333 0.484747 -0.00859411
-2.72727 0.484747 -0.00446889
-2.12121 0.484747 0.00347921
-1.51515 0.484747 0.0152603
-0.909091 0.484747 0.0280243
-0.30303 0.484747 0.0365735
0.30303 0.484747 0.0365343
0.909091 0.484747 0.0279063
1.51515 0.484747 0.0150862
2.12121 0.484747 0.00332924
2.72727 0.484747 -0.00446547
3.33333 0.484747 -0.00831542
3.93939 0.484747 -0.00988122
4.54545 0.484747 -0.0109623
5.15152 0.484747 -0.0126352
5.75758 0.484747 -0.0151409
6.36364 0.484747 -0.0182218
6.9697 0.484747 -0.0215283
7.57576 0.484747 -0.0248596
8.18182 0.484747 -0.0281926
8.78788 0.484747 -0.0315843
9.39394 0.484747 -0.0350615
10 0.484747 -0.0242388
-10 0.494848 -0.0417168
-9.39394 0.494848 -0.0381476
-8.78788 0.494848 -0.0344946
-8.18182 0.494848 -0.0308324
-7.57576 0.494848 -0.0271628
-6.9697 0.494848 -0.0234701
-6.36364 0.494848 -0.0198188
-5.75758 0.494848 -0.0164278
-5.15152 0.494848 -0.0136318
-4.54545 0.494848 -0.0116583
-3.93939 0.494848 -0.0102615
-3.33333 0.494848 -0.00841502
-2.72727 0.494848 -0.00440799
-2.12121 0.494848 0.00335622
-1.51515 0.494848 0.0149161
-0.909091 0.494848 0.0274776
-0.30303 0.494848 0.0359058
0.30303 0.494848 0.0358683
0.909091 0.494848 0.0273648
1.51515 0.494848 0.01475
2.12121 0.494848 0.00321528
2.72727 0.494848 -0.00439716
3.33333 0.494848 -0.00813294
3.93939 0.494848 -0.00964665
4.54545 0.494848 -0.0107093
5.15152 0.494848 -0.0123659
5.75758 0.494848 -0.0148378
6.36364 0.494848 -0.0178637
6.9697 0.494848 -0.0211012
7.57576 0.494848 -0.024359
8.18182 0.494848 -0.0276194
8.78788 0.494848 -0.030941
9.39394 0.494848 -0.0343494
10 0.494848 -0.0234874
-10 0.504949 -0.0409467
-9.39394 0.504949 -0.037443
-8.78788 0.504949 -0.0338566
-8.18182 0.504949 -0.0302632
-7.57576 0.504949 -0.0266653
-6.9697 0.504949 -0.0230456
-6.36364 0.504949 -0.0194616
-5.75758 0.504949 -0.0161233
-5.15152 0.504949 -0.0133592
-4.54545 0.504949 -0.0114022
-3.93939 0.504949 -0.0100264
-3.33333 0.504949 -0.00823586
-2.72727 0.504949 -0.00434615
-2.12121 0.504949 0.00323459
-1.51515 0.504949 0.014573
-0.909091 0.504949 0.0269313
-0.30303 0.504949 0.0352379
0.30303 0.504949 0.035202
0.909091 0.504949 0.0268234
1.51515 0.504949 0.0144145
2.12121 0.504949 0.00310237
2.72727 0.504949 -0.00432825
3.33333 0.504949 -0.00795079
3.93939 0.504949 -0.00941324
4.54545 0.504949 -0.0104579
5.15152 0.504949 -0.0120979
5.75758 0.504949 -0.0145356
6.36364 0.504949 -0.0175061
6.9697 0.504949 -0.0206747
7.57576 0.504949 -0.0238592
8.18182 0.504949 -0.0270475
8.78788 0.504949 -0.0302991
9.39394 0.504949 -0.0336389
10 0.504949 -0.0227375
-10 0.515051 -0.0401747
-9.39394 0.515051 -0.0367367
-8.78788 0.515051 -0.0332171
-8.18182 0.515051 -0.0296924
-7.57576 0.515051 -0.0261664
-6.9697 0.515051 -0.0226196
-6.36364 0.515051 -0.0191035
-5.75758 0.515051 -0.0158185
-5.15152 0.515051 -0.0130873
-4.54545 0.515051 -0.0111472
-3.93939 0.515051 -0.0097921
-3.33333 0.515051 -0.00805663
-2.72727 0.515051 -0.00428334
-2.12121 0.515051 0.00311433
-1.51515 0.515051 0.0142309
-0.909091 0.515051 0.0263852
-0.30303 0.515051 0.0345696
0.30303 0.515051 0.0345354
0.909091 0.515051 0.0262822
1.51515 0.515051 0.0140799
2.12121 0.515051 0.00299053
2.72727 0.515051 -0.00425874
3.33333 0.515051 -0.00776895
3.93939 0.515051 -0.00918101
4.54545 0.515051 -0.0102079
5.15152 0.515051 -0.0118313
5.75758 0.515051 -0.0142342
6.36364 0.515051 -0.0171491
6.9697 0.515051 -0.0202487
7.57576 0.515051 -0.0233601
8.18182 0.515051 -0.0264767
8.78788 0.515051 -0.0296587
9.39394 0.515051 -0.0329299
10 0.515051 -0.021989
-10 0.525152 -0.0394009
-9.39394 0.525152 -0.0360289
-8.78788 0.525152 -0.0325761
-8.18182 0.525152 -0.0291202
-7.57576 0.525152 -0.0256659
-6.9697 0.525152 -0.0221922
-6.36364 0.525152 -0.0187443
-5.75758 0.525152 -0.0155135
-5.15152 0.525152 -0.0128159
-4.54545 0.525152 -0.0108931
-3.93939 0.525152 -0.00955855
-3.33333 0.525152 -0.00787735
-2.72727 0.525152 -0.00421956
-2.12121 0.525152 0.00299549
-1.51515 0.525152 0.0138899
-0.909091 0.525152 0.0258395
-0.30303 0.525152 0.0339009
0.30303 0.525152 0.0338683
0.909091 0.525152 0.0257412
1.51515 0.525152 0.0137462
2.12121 0.525152 0.0028798
2.72727 0.525152 -0.00418861
3.33333 0.525152 -0.00758745
3.93939 0.525152 -0.00894996
4.54545 0.525152 -0.00995946
5.15152 0.525152 -0.0115659
5.75758 0.525152 -0.0139336
6.36364 0.525152 -0.0167924
6.9697 0.525152 -0.0198231
7.57576 0.525152 -0.0228619
8.18182 0.525152 -0.0259072
8.78788 0.525152 -0.0290198
9.39394 0.525152 -0.0322225
10 0.525152 -0.021242
-10 0.535253 -0.0386253
-9.39394 0.535253 -0.0353194
-8.78788 0.535253 -0.0319337
-8.18182 0.535253 -0.0285465
-7.57576 0.535253 -0.0251639
-6.9697 0.535253 -0.0217634
-6.36364 0.535253 -0.0183841
-5.75758 0.535253 -0.0152083
-5.15152 0.535253 -0.0125451
-4.54545 0.535253 -0.0106401
-3.93939 0.535253 -0.00932577
-3.33333 0.535253 -0.00769802
-2.72727 0.535253 -0.0041548
-2.12121 0.535253 0.00287807
-1.51515 0.535253 0.0135501
-0.909091 0.535253 0.0252941
-0.30303 0.535253 0.0332319
0.30303 0.535253 0.0332008
0.909091 0.535253 0.0252003
1.51515 0.535253 0.0134133
2.12121 0.535253 0.0027702
2.72727 0.535253 -0.00411783
3.33333 0.535253 -0.00740627
3.93939 0.535253 -0.00872014
4.54545 0.535253 -0.00971259
5.15152 0.535253 -0.0113019
5.75758 0.535253 -0.0136338
6.36364 0.535253 -0.0164363
6.9697 0.535253 -0.019398
7.57576 0.535253 -0.0223644
8.18182 0.535253 -0.0253388
8.78788 0.535253 -0.0283823
9.39394 0.535253 -0.0315166
10 0.535253 -0.0204964
-10 0.545354 -0.0378479
-9.39394 0.545354 -0.0346084
-8.78788 0.545354 -0.0312897
-8.18182 0.545354 -0.0279714
-7.57576 0.545354 -0.0246603
-6.9697 0.545354 -0.0213331
-6.36364 0.545354 -0.0180229
-5.75758 0.545354 -0.0149028
-5.15152 0.545354 -0.0122748
-4.54545 0.545354 -0.0103881
-3.93939 0.545354 -0.0090938
-3.33333 0.545354 -0.00751865
-2.72727 0.545354 -0.00408905
-2.12121 0.545354 0.00276211
-1.51515 0.545354 0.0132114
-0.909091 0.545354 0.0247491
-0.30303 0.545354 0.0325625
0.30303 0.545354 0.0325329
0.909091 0.545354 0.0246596
1.51515 0.545354 0.0130814
2.12121 0.545354 0.00266177
2.72727 0.545354 -0.0040464
3.33333 0.545354 -0.00722544
3.93939 0.545354 -0.00849155
4.54545 0.545354 -0.00946729
5.15152 0.545354 -0.0110391
5.75758 0.545354 -0.0133348
6.36364 0.545354 -0.0160806
6.9697 0.545354 -0.0189733
7.57576 0.545354 -0.0218677
8.18182 0.545354 -0.0247716
8.78788 0.545354 -0.0277462
9.39394 0.545354 -0.0308123
10 0.545354 -0.0197523
-10 0.555455 -0.0370687
-9.39394 0.555455 -0.0338957
-8.78788 0.555455 -0.0306444
-8.18182 0.555455 -0.0273947
-7.57576 0.555455 -0.0241552
-6.9697 0.555455 -0.0209013
-6.36364 0.555455 -0.0176606
-5.75758 0.555455 -0.0145969
-5.15152 0.555455 -0.0120052
-4.54545 0.555455 -0.0101371
-3.93939 0.555455 -0.00886267
-3.33333 0.555455 -0.00733925
-2.72727 0.555455 -0.00402228
-2.12121 0.555455 0.00264764
-1.51515 0.555455 0.0128739
-0.909091 0.555455 0.0242043
-0.30303 0.555455 0.0318927
0.30303 0.555455 0.0318645
0.909091 0.555455 0.0241191
1.51515 0.555455 0.0127504
2.12121 0.555455 0.00255453
2.72727 0.555455 -0.0039743
3.33333 0.555455 -0.00704496
3.93939 0.555455 -0.00826422
4.54545 0.555455 -0.00922357
5.15152 0.555455 -0.0107777
5.75758 0.555455 -0.0130365
6.36364 0.555455 -0.0157253
6.9697 0.555455 -0.0185491
7.57576 0.555455 -0.0213718
8.18182 0.555455 -0.0242055
8.78788 0.555455 -0.0271117
9.39394 0.555455 -0.0301095
10 0.555455 -0.0190097
-10 0.565556 -0.0362876
-9.39394 0.565556 -0.0331814
-8.78788 0.565556 -0.0299975
-8.18182 0.565556 -0.0268166
-7.57576 0.565556 -0.0236486
-6.9697 0.565556 -0.020468
-6.36364 0.565556 -0.0172973
-5.75758 0.565556 -0.0142908
-5.15152 0.565556 -0.011736
-4.54545 0.565556 -0.0098872
-3.93939 0.565556 -0.00863238
-3.33333 0.565556 -0.00715984
-2.72727 0.565556 -0.00395449
-2.12121 0.565556 0.00253468
-1.51515 0.565556 0.0125375
-0.909091 0.565556 0.0236598
-0.30303 0.565556 0.0312224
0.30303 0.565556 0.0311956
0.909091 0.565556 0.0235786
1.51515 0.565556 0.0124203
2.12121 0.565556 0.00244852
2.72727 0.565556 -0.00390151
3.33333 0.565556 -0.00686484
3.93939 0.565556 -0.00803817
4.54545 0.565556 -0.00898145
5.15152 0.565556 -0.0105176
5.75758 0.565556 -0.0127391
6.36364 0.565556 -0.0153704
6.9697 0.565556 -0.0181254
7.57576 0.565556 -0.0208767
8.18182 0.565556 -0.0236407
8.78788 0.565556 -0.0264786
9.39394 0.565556 -0.0294082
10 0.565556 -0.0182685
-10 0.575657 -0.0355047
-9.39394 0.575657 -0.0324655
-8.78788 0.575657 -0.0293492
-8.18182 0.575657 -0.0262371
-7.57576 0.575657 -0.0231404
-6.9697 0.575657 -0.0200333
-6.36364 0.575657 -0.0169328
-5.75758 0.575657 -0.0139843
-5.15152 0.575657 -0.0114675
-4.54545 0.575657 -0.00963839
-3.93939 0.575657 -0.00840298
-3.33333 0.575657 -0.00698043
-2.72727 0.575657 -0.00388567
-2.12121 0.575657 0.00242327
-1.51515 0.575657 0.0122023
-0.909091 0.575657 0.0231156
-0.30303 0.575657 0.0305516
0.30303 0.575657 0.0305261
0.909091 0.575657 0.0230383
1.51515 0.575657 0.0120912
2.12121 0.575657 0.00234377
2.72727 0.575657 -0.00382802
3.33333 0.575657 -0.00668509
3.93939 0.575657 -0.00781343
4.54545 0.575657 -0.00874096
5.15152 0.575657 -0.0102587
5.75758 0.575657 -0.0124423
6.36364 0.575657 -0.0150159
6.9697 0.575657 -0.0177021
7.57576 0.575657 -0.0203824
8.18182 0.575657 -0.0230771
8.78788 0.575657 -0.0258469
9.39394 0.575657 -0.0287085
10 0.575657 -0.0175288
-10 0.585758 -0.03472
-9.39394 0.585758 -0.031748
-8.78788 0.585758 -0.0286994
-8.18182 0.585758 -0.0256561
-7.57576 0.585758 -0.0226308
-6.9697 0.585758 -0.019597
-6.36364 0.585758 -0.0165672
-5.75758 0.585758 -0.0136775
-5.15152 0.585758 -0.0111994
-4.54545 0.585758 -0.00939067
-3.93939 0.585758 -0.00817448
-3.33333 0.585758 -0.00680103
-2.72727 0.585758 -0.00381579
-2.12121 0.585758 0.00231344
-1.51515 0.585758 0.0118684
-0.909091 0.585758 0.0225716
-0.30303 0.585758 0.0298803
0.30303 0.585758 0.029856
0.909091 0.585758 0.0224982
1.51515 0.585758 0.0117631
2.12121 0.585758 0.00224033
2.72727 0.585758 -0.0037538
3.33333 0.585758 -0.00650572
3.93939 0.585758 -0.00759003
4.54545 0.585758 -0.0085021
5.15152 0.585758 -0.0100012
5.75758 0.585758 -0.0121463
6.36364 0.585758 -0.0146617
6.9697 0.585758 -0.0172793
7.57576 0.585758 -0.0198889
8.18182 0.585758 -0.0225147
8.78788 0.585758 -0.0252168
9.39394 0.585758 -0.0280104
10 0.585758 -0.0167906
-10 0.595859 -0.0339333
-9.39394 0.595859 -0.0310288
-8.78788 0.595859 -0.0280482
-8.18182 0.595859 -0.0250737
-7.57576 0.595859 -0.0221196
-6.9697 0.595859 -0.0191593
-6.36364 0.595859 -0.0162004
-5.75758 0.595859 -0.0133702
-5.15152 0.595859 -0.0109319
-4.54545 0.595859 -0.00914407
-3.93939 0.595859 -0.00794692
-3.33333 0.595859 -0.00662166
-2.72727 0.595859 -0.00374485
-2.12121 0.595859 0.00220522
-1.51515 0.595859 0.0115357
-0.909091 0.595859 0.0220279
-0.30303 0.595859 0.0292084
0.30303 0.595859 0.0291853
0.909091 0.595859 0.0219582
1.51515 0.595859 0.0114361
2.12121 0.595859 0.00213822
2.72727 0.595859 -0.00367884
3.33333 0.595859 -0.00632675
3.93939 0.595859 -0.00736798
4.54545 0.595859 -0.00826489
5.15152 0.595859 -0.00974497
5.75758 0.595859 -0.011851
6.36364 0.595859 -0.0143079
6.9697 0.595859 -0.0168568
7.57576 0.595859 -0.0193962
8.18182 0.595859 -0.0219535
8.78788 0.595859 -0.0245881
9.39394 0.595859 -0.0273137
10 0.595859 -0.0160538
-10 0.60596 -0.0331448
-9.39394 0.60596 -0.030308
-8.78788 0.60596 -0.0273955
-8.18182 0.60596 -0.0244899
-7.57576 0.60596 -0.0216069
-6.9697 0.60596 -0.01872
-6.36364 0.60596 -0.0158324
-5.75758 0.60596 -0.0130626
-5.15152 0.60596 -0.010665
-4.54545 0.60596 -0.00889859
-3.93939 0.60596 -0.00772033
-3.33333 0.60596 -0.00644233
-2.72727 0.60596 -0.00367284
-2.12121 0.60596 0.00209865
-1.51515 0.60596 0.0112042
-0.909091 0.60596 0.0214845
-0.30303 0.60596 0.0285359
0.30303 0.60596 0.028514
0.909091 0.60596 0.0214183
1.51515 0.60596 0.0111101
2.12121 0.60596 0.00203749
2.72727 0.60596 -0.00360312
3.33333 0.60596 -0.00614818
3.93939 0.60596 -0.00714732
4.54545 0.60596 -0.00802936
5.15152 0.60596 -0.00949001
5.75758 0.60596 -0.0115564
6.36364 0.60596 -0.0139545
6.9697 0.60596 -0.0164348
7.57576 0.60596 -0.0189043
8.18182 0.60596 -0.0213935
8.78788 0.60596 -0.0239608
9.39394 0.60596 -0.0266186
10 0.60596 -0.0153185
-10 0.616061 -0.0323544
-9.39394 0.616061 -0.0295856
-8.78788 0.616061 -0.0267413
-8.18182 0.616061 -0.0239046
-7.57576 0.616061 -0.0210927
-6.9697 0.616061 -0.0182792
-6.36364 0.616061 -0.0154633
-5.75758 0.616061 -0.0127545
-5.15152 0.616061 -0.0103985
-4.54545 0.616061 -0.00865427
-3.93939 0.616061 -0.00749473
-3.33333 0.616061 -0.00626307
-2.72727 0.616061 -0.00359973
-2.12121 0.616061 0.00199377
-1.51515 0.616061 0.0108741
-0.909091 0.616061 0.0209413
-0.30303 0.616061 0.0278627
0.30303 0.616061 0.027842
0.909091 0.616061 0.0208785
1.51515 0.616061 0.0107852
2.12121 0.616061 0.00193818
2.72727 0.616061 -0.00352663
3.33333 0.616061 -0.00597004
3.93939 0.616061 -0.00692809
4.54545 0.616061 -0.00779551
5.15152 0.616061 -0.00923634
5.75758 0.616061 -0.0112624
6.36364 0.616061 -0.0136014
6.9697 0.616061 -0.0160132
7.57576 0.616061 -0.0184133
8.18182 0.616061 -0.0208348
8.78788 0.616061 -0.0233351
9.39394 0.616061 -0.0259251
10 0.616061 -0.0145847
-10 0.626162 -0.0315622
-9.39394 0.626162 -0.0288614
-8.78788 0.626162 -0.0260857
-8.18182 0.626162 -0.0233179
-7.57576 0.626162 -0.020577
-6.9697 0.626162 -0.0178369
-6.36364 0.626162 -0.0150929
-5.75758 0.626162 -0.0124459
-5.15152 0.626162 -0.0101325
-4.54545 0.626162 -0.00841111
-3.93939 0.626162 -0.00727017
-3.33333 0.626162 -0.00608389
-2.72727 0.626162 -0.00352552
-2.12121 0.626162 0.0018906
-1.51515 0.626162 0.0105453
-0.909091 0.626162 0.0203984
-0.30303 0.626162 0.0271888
0.30303 0.626162 0.0271692
0.909091 0.626162 0.0203388
1.51515 0.626162 0.0104614
2.12121 0.626162 0.00184033
2.72727 0.626162 -0.00344935
3.33333 0.626162 -0.00579234
3.93939 0.626162 -0.00671031
4.54545 0.626162 -0.00756338
5.15152 0.626162 -0.00898394
5.75758 0.626162 -0.0109691
6.36364 0.626162 -0.0132486
6.9697 0.626162 -0.0155921
7.57576 0.626162 -0.017923
8.18182 0.626162 -0.0202772
8.78788 0.626162 -0.0227108
9.39394 0.626162 -0.025233
10 0.626162 -0.0138524
-10 0.636263 -0.030768
-9.39394 0.636263 -0.0281356
-8.78788 0.636263 -0.0254286
-8.18182 0.636263 -0.0227299
-7.57576 0.636263 -0.0200598
-6.9697 0.636263 -0.017393
-6.36364 0.636263 -0.0147213
-5.75758 0.636263 -0.0121368
-5.15152 0.636263 -0.00986706
-4.54545 0.636263 -0.00816913
-3.93939 0.636263 -0.00704667
-3.33333 0.636263 -0.00590482
-2.72727 0.636263 -0.00345018
-2.12121 0.636263 0.0017892
-1.51515 0.636263 0.0102178
-0.909091 0.636263 0.0198557
-0.30303 0.636263 0.0265142
0.30303 0.636263 0.0264956
0.909091 0.636263 0.0197992
1.51515 0.636263 0.0101388
2.12121 0.636263 0.00174398
2.72727 0.636263 -0.00337125
3.33333 0.636263 -0.0056151
3.93939 0.636263 -0.00649401
4.54545 0.636263 -0.00733297
5.15152 0.636263 -0.0087328
5.75758 0.636263 -0.0106764
6.36364 0.636263 -0.012896
6.9697 0.636263 -0.0151713
7.57576 0.636263 -0.0174336
8.18182 0.636263 -0.0197209
8.78788 0.636263 -0.0220879
9.39394 0.636263 -0.0245425
10 0.636263 -0.0131215
-10 0.646364 -0.0299719
-9.39394 0.646364 -0.0274082
-8.78788 0.646364 -0.02477
-8.18182 0.646364 -0.0221404
-7.57576 0.646364 -0.0195411
-6.9697 0.646364 -0.0169476
-6.36364 0.646364 -0.0143484
-5.75758 0.646364 -0.0118272
-5.15152 0.646364 -0.00960206
-4.54545 0.646364 -0.00792835
-3.93939 0.646364 -0.00682428
-3.33333 0.646364 -0.00572587
-2.72727 0.646364 -0.00337371
-2.12121 0.646364 0.00168961
-1.51515 0.646364 0.0098918
-0.909091 0.646364 0.0193132
-0.30303 0.646364 0.0258389
0.30303 0.646364 0.0258212
0.909091 0.646364 0.0192597
1.51515 0.646364 0.00981745
2.12121 0.646364 0.00164919
2.72727 0.646364 -0.00329232
3.33333 0.646364 -0.00543834
3.93939 0.646364 -0.00627923
4.54545 0.646364 -0.00710431
5.15152 0.646364 -0.00848292
5.75758 0.646364 -0.0103843
6.36364 0.646364 -0.0125438
6.9697 0.646364 -0.014751
7.57576 0.646364 -0.016945
8.18182 0.646364 -0.0191659
8.78788 0.646364 -0.0214666
9.39394 0.646364 -0.0238535
10 0.646364 -0.0123921
-10 0.656465 -0.0291739
-9.39394 0.656465 -0.026679
-8.78788 0.656465 -0.02411
-8.18182 0.656465 -0.0215495
-7.57576 0.656465 -0.019021
-6.9697 0.656465 -0.0165007
-6.36364 0.656465 -0.0139742
-5.75758 0.656465 -0.011517
-5.15152 0.656465 -0.00933753
-4.54545 0.656465 -0.00768879
-3.93939 0.656465 -0.00660302
-3.33333 0.656465 -0.00554708
-2.72727 0.656465 -0.00329609
-2.12121 0.656465 0.00159187
-1.51515 0.656465 0.00956718
-0.909091 0.656465 0.0187709
-0.30303 0.656465 0.0251627
0.30303 0.656465 0.025146
0.909091 0.656465 0.0187203
1.51515 0.656465 0.00949729
2.12121 0.656465 0.00155601
2.72727 0.656465 -0.00321254
3.33333 0.656465 -0.00526208
3.93939 0.656465 -0.00606602
4.54545 0.656465 -0.00687742
5.15152 0.656465 -0.00823429
5.75758 0.656465 -0.0100928
6.36364 0.656465 -0.0121917
6.9697 0.656465 -0.0143311
7.57576 0.656465 -0.0164573
8.18182 0.656465 -0.018612
8.78788 0.656465 -0.0208466
9.39394 0.656465 -0.023166
10 0.656465 -0.0116642
-10 0.666566 -0.028374
-9.39394 0.666566 -0.0259481
-8.78788 0.666566 -0.0234485
-8.18182 0.666566 -0.0209573
-7.57576 0.666566 -0.0184994
-6.9697 0.666566 -0.0160523
-6.36364 0.666566 -0.0135987
-5.75758 0.666566 -0.0112063
-5.15152 0.666566 -0.00907343
-4.54545 0.666566 -0.00745046
-3.93939 0.666566 -0.00638295
-3.33333 0.666566 -0.00536846
-2.72727 0.666566 -0.00321731
-2.12121 0.666566 0.00149604
-1.51515 0.666566 0.00924403
-0.909091 0.666566 0.0182288
-0.30303 0.666566 0.0244856
0.30303 0.666566 0.0244698
0.909091 0.666566 0.018181
1.51515 0.666566 0.00917841
2.12121 0.666566 0.00146447
2.72727 0.666566 -0.00313189
3.33333 0.666566 -0.00508635
3.93939 0.666566 -0.0058544
4.54545 0.666566 -0.0066523
5.15152 0.666566 -0.00798688
5.75758 0.666566 -0.00980176
6.36364 0.666566 -0.0118399
6.9697 0.666566 -0.0139116
7.57576 0.666566 -0.0159704
8.18182 0.666566 -0.0180595
8.78788 0.666566 -0.0202282
9.39394 0.666566 -0.02248
10 0.666566 -0.0109378
-10 0.676667 -0.0275722
-9.39394 0.676667 -0.0252155
-8.78788 0.676667 -0.0227855
-8.18182 0.676667 -0.0203637
-7.57576 0.676667 -0.0179764
-6.9697 0.676667 -0.0156023
-6.36364 0.676667 -0.0132218
-5.75758 0.676667 -0.0108949
-5.15152 0.676667 -0.00880976
-4.54545 0.676667 -0.00721338
-3.93939 0.676667 -0.00616411
-3.33333 0.676667 -0.00519006
-2.72727 0.676667 -0.00313735
-2.12121 0.676667 0.00140215
-1.51515 0.676667 0.0089224
-0.909091 0.676667 0.0176869
-0.30303 0.676667 0.0238075
0.30303 0.676667 0.0237926
0.909091 0.676667 0.0176418
1.51515 0.676667 0.00886086
2.12121 0.676667 0.00137465
2.72727 0.676667 -0.00305036
3.33333 0.676667 -0.00491117
3.93939 0.676667 -0.00564442
4.54545 0.676667 -0.006429
5.15152 0.676667 -0.0077407
5.75758 0.676667 -0.00951128
6.36364 0.676667 -0.0114884
6.9697 0.676667 -0.0134925
7.57576 0.676667 -0.0154843
8.18182 0.676667 -0.0175082
8.78788 0.676667 -0.0196112
9.39394 0.676667 -0.0217955
10 0.676667 -0.0102129
-10 0.686768 -0.0267684
-9.39394 0.686768 -0.0244812
-8.78788 0.686768 -0.0221211
-8.18182 0.686768 -0.0197688
-7.57576 0.686768 -0.0174519
-6.9697 0.686768 -0.0151507
-6.36364 0.686768 -0.0128436
-5.75758 0.686768 -0.0105828
-5.15152 0.686768 -0.00854648
-4.54545 0.686768 -0.00697758
-3.93939 0.686768 -0.00594653
-3.33333 0.686768 -0.0050119
-2.72727 0.686768 -0.00305619
-2.12121 0.686768 0.00131027
-1.51515 0.686768 0.00860231
-0.909091 0.686768 0.0171452
-0.30303 0.686768 0.0231285
0.30303 0.686768 0.0231144
0.909091 0.686768 0.0171026
1.51515 0.686768 0.00854468
2.12121 0.686768 0.0012866
2.72727 0.686768 -0.00296792
3.33333 0.686768 -0.00473658
3.93939 0.686768 -0.00543612
4.54545 0.686768 -0.00620751
5.15152 0.686768 -0.00749571
5.75758 0.686768 -0.00922127
6.36364 0.686768 -0.011137
6.9697 0.686768 -0.0130738
7.57576 0.686768 -0.0149992
8.18182 0.686768 -0.0169581
8.78788 0.686768 -0.0189956
9.39394 0.686768 -0.0211124
10 0.686768 -0.00948956
-10 0.696869 -0.0259626
-9.39394 0.696869 -0.0237451
-8.78788 0.696869 -0.0214552
-8.18182 0.696869 -0.0191725
-7.57576 0.696869 -0.0169261
-6.9697 0.696869 -0.0146977
-6.36364 0.696869 -0.012464
-5.75758 0.696869 -0.01027
-5.15152 0.696869 -0.00828358
-4.54545 0.696869 -0.00674305
-3.93939 0.696869 -0.00573028
-3.33333 0.696869 -0.00483402
-2.72727 0.696869 -0.00297382
-2.12121 0.696869 0.00122046
-1.51515 0.696869 0.00828384
-0.909091 0.696869 0.0166037
-0.30303 0.696869 0.0224484
0.30303 0.696869 0.0224351
0.909091 0.696869 0.0165635
1.51515 0.696869 0.00822994
2.12121 0.696869 0.00120037
2.72727 0.696869 -0.00288457
3.33333 0.696869 -0.0045626
3.93939 0.696869 -0.00522956
4.54545 0.696869 -0.00598786
5.15152 0.696869 -0.00725191
5.75758 0.696869 -0.00893172
6.36364 0.696869 -0.0107858
6.9697 0.696869 -0.0126556
7.57576 0.696869 -0.0145149
8.18182 0.696869 -0.0164093
8.78788 0.696869 -0.0183815
9.39394 0.696869 -0.0204309
10 0.696869 -0.00876769
-10 0.70697 -0.0251549
-9.39394 0.70697 -0.0230073
-8.78788 0.70697 -0.0207877
-8.18182 0.70697 -0.0185748
-7.57576 0.70697 -0.0163988
-6.9697 0.70697 -0.0142431
-6.36364 0.70697 -0.012083
-5.75758 0.70697 -0.00995644
-5.15152 0.70697 -0.00802103
-4.54545 0.70697 -0.00650983
-3.93939 0.70697 -0.00551539
-3.33333 0.70697 -0.00465646
-2.72727 0.70697 -0.00289024
-2.12121 0.70697 0.00113276
-1.51515 0.70697 0.00796701
-0.909091 0.70697 0.0160624
-0.30303 0.70697 0.0217671
0.30303 0.70697 0.0217546
0.909091 0.70697 0.0160245
1.51515 0.70697 0.00791668
2.12121 0.70697 0.00111604
2.72727 0.70697 -0.00280027
3.33333 0.70697 -0.00438928
3.93939 0.70697 -0.00502477
4.54545 0.70697 -0.00577007
5.15152 0.70697 -0.00700926
5.75758 0.70697 -0.00864258
6.36364 0.70697 -0.0104347
6.9697 0.70697 -0.0122378
7.57576 0.70697 -0.0140315
8.18182 0.70697 -0.0158618
8.78788 0.70697 -0.0177688
9.39394 0.70697 -0.0197508
10 0.70697 -0.00804735
-10 0.717071 -0.0243452
-9.39394 0.717071 -0.0222677
-8.78788 0.717071 -0.0201188
-8.18182 0.717071 -0.0179759
-7.57576 0.717071 -0.0158702
-6.9697 0.717071 -0.013787
-6.36364 0.717071 -0.0117005
-5.75758 0.717071 -0.00964209
-5.15152 0.717071 -0.0077588
-4.54545 0.717071 -0.00627793
-3.93939 0.717071 -0.00530192
-3.33333 0.717071 -0.00447926
-2.72727 0.717071 -0.00280542
-2.12121 0.717071 0.00104725
-1.51515 0.717071 0.0076519
-0.909091 0.717071 0.0155212
-0.30303 0.717071 0.0210847
0.30303 0.717071 0.0210729
0.909091 0.717071 0.0154855
1.51515 0.717071 0.00760496
2.12121 0.717071 0.00103367
2.72727 0.717071 -0.00271502
3.33333 0.717071 -0.00421665
3.93939 0.717071 -0.00482181
4.54545 0.717071 -0.00555415
5.15152 0.717071 -0.00676776
5.75758 0.717071 -0.00835382
6.36364 0.717071 -0.0100838
6.9697 0.717071 -0.0118204
7.57576 0.717071 -0.0135491
8.18182 0.717071 -0.0153155
8.78788 0.717071 -0.0171576
9.39394 0.717071 -0.0190722
10 0.717071 -0.00732852
-10 0.727172 -0.0235336
-9.39394 0.727172 -0.0215264
-8.78788 0.727172 -0.0194484
-8.18182 0.727172 -0.0173756
-7.57576 0.727172 -0.0153402
-6.9697 0.727172 -0.0133293
-6.36364 0.727172 -0.0113166
-5.75758 0.727172 -0.0093269
-5.15152 0.727172 -0.00749686
-4.54545 0.727172 -0.00604735
-3.93939 0.727172 -0.00508993
-3.33333 0.727172 -0.00430247
-2.72727 0.727172 -0.00271935
-2.12121 0.727172 0.000963996
-1.51515 0.727172 0.00733856
-0.909091 0.727172 0.0149801
-0.30303 0.727172 0.020401
0.30303 0.727172 0.0203899
0.909091 0.727172 0.0149466
1.51515 0.727172 0.00729485
2.12121 0.727172 0.000953329
2.72727 0.727172 -0.0026288
3.33333 0.727172 -0.00404475
3.93939 0.727172 -0.00462074
4.54545 0.727172 -0.00534013
5.15152 0.727172 -0.00652736
5.75758 0.727172 -0.0080654
6.36364 0.727172 -0.00973308
6.9697 0.727172 -0.0114034
7.57576 0.727172 -0.0130676
8.18182 0.727172 -0.0147706
8.78788 0.727172 -0.0165477
9.39394 0.727172 -0.018395
10 0.727172 -0.00732852
-10 0.737273 -0.0227199
-9.39394 0.737273 -0.0207832
-8.78788 0.737273 -0.0187764
-8.18182 0.737273 -0.0167739
-7.57576 0.737273 -0.0148088
-6.9697 0.737273 -0.0128702
-6.36364 0.737273 -0.0109312
-5.75758 0.737273 -0.00901082
-5.15152 0.737273 -0.00723517
-4.54545 0.737273 -0.00581812
-3.93939 0.737273 -0.00487947
-3.33333 0.737273 -0.00412614
-2.72727 0.737273 -0.00263203
-2.12121 0.737273 0.000883063
-1.51515 0.737273 0.00702706
-0.909091 0.737273 0.0144392
-0.30303 0.737273 0.0197159
0.30303 0.737273 0.0197055
0.909091 0.737273 0.0144077
1.51515 0.737273 0.00698641
2.12121 0.737273 0.000875097
2.72727 0.737273 -0.00254158
3.33333 0.737273 -0.00387364
3.93939 0.737273 -0.00442161
4.54545 0.737273 -0.00512801
5.15152 0.737273 -0.00628805
5.75758 0.737273 -0.0077773
6.36364 0.737273 -0.00938243
6.9697 0.737273 -0.010987
7.57576 0.737273 -0.012587
8.18182 0.737273 -0.0142269
8.78788 0.737273 -0.0159393
9.39394 0.737273 -0.0177193
10 0.737273 -0.00732851
-10 0.747374 -0.0219043
-9.39394 0.747374 -0.0200383
-8.78788 0.747374 -0.0181029
-8.18182 0.747374 -0.016171
-7.57576 0.747374 -0.0142762
-6.9697 0.747374 -0.0124095
-6.36364 0.747374 -0.0105443
-5.75758 0.747374 -0.00869381
-5.15152 0.747374 -0.00697369
-4.54545 0.747374 -0.00559024
-3.93939 0.747374 -0.00467061
-3.33333 0.747374 -0.00395032
-2.72727 0.747374 -0.00254344
-2.12121 0.747374 0.000804529
-1.51515 0.747374 0.00671746
-0.909091 0.747374 0.0138985
-0.30303 0.747374 0.0190294
0.30303 0.747374 0.0190196
0.909091 0.747374 0.0138689
1.51515 0.747374 0.00667973
2.12121 0.747374 0.000799051
2.72727 0.747374 -0.00245337
3.33333 0.747374 -0.00370337
3.93939 0.747374 -0.00422448
4.54545 0.747374 -0.00491781
5.15152 0.747374 -0.00604978
5.75758 0.747374 -0.00748945
6.36364 0.747374 -0.00903187
6.9697 0.747374 -0.0105709
7.57576 0.747374 -0.0121073
8.18182 0.747374 -0.0136844
8.78788 0.747374 -0.0153323
9.39394 0.747374 -0.017045
10 0.747374 -0.00732851
-10 0.757475 -0.0210867
-9.39394 0.757475 -0.0192915
-8.78788 0.757475 -0.0174279
-8.18182 0.757475 -0.0155667
-7.57576 0.757475 -0.0137422
-6.9697 0.757475 -0.0119474
-6.36364 0.757475 -0.0101559
-5.75758 0.757475 -0.00837581
-5.15152 0.757475 -0.00671238
-4.54545 0.757475 -0.00536373
-3.93939 0.757475 -0.00446341
-3.33333 0.757475 -0.00377507
-2.72727 0.757475 -0.00245357
-2.12121 0.757475 0.000728476
-1.51515 0.757475 0.00640985
-0.909091 0.757475 0.0133578
-0.30303 0.757475 0.0183414
0.30303 0.757475 0.0183322
0.909091 0.757475 0.0133301
1.51515 0.757475 0.00637489
2.12121 0.757475 0.000725279
2.72727 0.757475 -0.00236415
3.33333 0.757475 -0.00353399
3.93939 0.757475 -0.00402941
4.54545 0.757475 -0.00470953
5.15152 0.757475 -0.00581252
5.75758 0.757475 -0.00720184
6.36364 0.757475 -0.00868141
6.9697 0.757475 -0.0101554
7.57576 0.757475 -0.0116287
8.18182 0.757475 -0.0131433
8.78788 0.757475 -0.0147267
9.39394 0.757475 -0.0163722
10 0.757475 -0.0073285
-10 0.767576 -0.0202671
-9.39394 0.767576 -0.0185428
-8.78788 0.767576 -0.0167513
-8.18182 0.767576 -0.0149612
-7.57576 0.767576 -0.013207
-6.9697 0.767576 -0.0114839
-6.36364 0.767576 -0.00976595
-5.75758 0.767576 -0.00805677
-5.15152 0.767576 -0.00645118
-4.54545 0.767576 -0.00513859
-3.93939 0.767576 -0.00425794
-3.33333 0.767576 -0.00360047
-2.72727 0.767576 -0.00236242
-2.12121 0.767576 0.000654989
-1.51515 0.767576 0.00610431
-0.909091 0.767576 0.0128173
-0.30303 0.767576 0.0176518
0.30303 0.767576 0.0176431
0.909091 0.767576 0.0127913
1.51515 0.767576 0.00607197
2.12121 0.767576 0.00065387
2.72727 0.767576 -0.0022739
3.33333 0.767576 -0.00336557
3.93939 0.767576 -0.00383648
4.54545 0.767576 -0.0045032
5.15152 0.767576 -0.00557623
5.75758 0.767576 -0.0069144
6.36364 0.767576 -0.00833103
6.9697 0.767576 -0.00974035
7.57576 0.767576 -0.011151
8.18182 0.767576 -0.0126035
8.78788 0.767576 -0.0141224
9.39394 0.767576 -0.0157008
10 0.767576 -0.00732849
-10 0.777677 -0.0194454
-9.39394 0.777677 -0.0177923
-8.78788 0.777677 -0.0160731
-8.18182 0.777677 -0.0143543
-7.57576 0.777677 -0.0126705
-6.9697 0.777677 -0.0110189
-6.36364 0.777677 -0.00937449
-5.75758 0.777677 -0.00773665
-5.15152 0.777677 -0.00619005
-4.54545 0.777677 -0.00491482
-3.93939 0.777677 -0.00405427
-3.33333 0.777677 -0.00342659
-2.72727 0.777677 -0.00226999
-2.12121 0.777677 0.000584161
-1.51515 0.777677 0.00580094
-0.909091 0.777677 0.0122769
-0.30303 0.777677 0.0169604
0.30303 0.777677 0.0169522
0.909091 0.777677 0.0122526
1.51515 0.777677 0.00577107
2.12121 0.777677 0.00058492
2.72727 0.777677 -0.00218262
3.33333 0.777677 -0.00319819
3.93939 0.777677 -0.00364575
4.54545 0.777677 -0.00429882
5.15152 0.777677 -0.00534086
5.75758 0.777677 -0.0066271
6.36364 0.777677 -0.00798073
6.9697 0.777677 -0.00932584
7.57576 0.777677 -0.0106744
8.18182 0.777677 -0.0120649
8.78788 0.777677 -0.0135195
9.39394 0.777677 -0.0150307
10 0.777677 -0.00732849
-10 0.787778 -0.0186218
-9.39394 0.787778 -0.0170399
-8.78788 0.787778 -0.0153934
-8.18182 0.787778 -0.0137461
-7.57576 0.787778 -0.0121327
-6.9697 0.787778 -0.0105525
-6.36364 0.787778 -0.00898147
-5.75758 0.787778 -0.00741537
-5.15152 0.787778 -0.00592893
-4.54545 0.787778 -0.00469243
-3.93939 0.787778 -0.00385248
-3.33333 0.787778 -0.00325352
-2.72727 0.787778 -0.00217626
-2.12121 0.787778 0.000516089
-1.51515 0.787778 0.00549982
-0.909091 0.787778 0.0117367
-0.30303 0.787778 0.0162672
0.30303 0.787778 0.0162595
0.909091 0.787778 0.0117139
1.51515 0.787778 0.00547229
2.12121 0.787778 0.000518533
2.72727 0.787778 -0.00209031
3.33333 0.787778 -0.00303191
3.93939 0.787778 -0.00345729
4.54545 0.787778 -0.00409639
5.15152 0.787778 -0.00510636
5.75758 0.787778 -0.00633989
6.36364 0.787778 -0.00763049
6.9697 0.787778 -0.00891186
7.57576 0.787778 -0.0101988
8.18182 0.787778 -0.0115276
8.78788 0.787778 -0.012918
9.39394 0.787778 -0.0143621
10 0.787778 -0.00732848
-10 0.797879 -0.0177961
-9.39394 0.797879 -0.0162857
-8.78788 0.797879 -0.014712
-8.18182 0.797879 -0.0131366
-7.57576 0.797879 -0.0115938
-6.9697 0.797879 -0.0100847
-6.36364 0.797879 -0.00858691
-5.75758 0.797879 -0.0070929
-5.15152 0.797879 -0.00566774
-4.54545 0.797879 -0.0044714
-3.93939 0.797879 -0.00365263
-3.33333 0.797879 -0.00308133
-2.72727 0.797879 -0.00208126
-2.12121 0.797879 0.000450878
-1.51515 0.797879 0.00520109
-0.909091 0.797879 0.0111965
-0.30303 0.797879 0.015572
0.30303 0.797879 0.0155648
0.909091 0.797879 0.0111752
1.51515 0.797879 0.00517576
2.12121 0.797879 0.000454816
2.72727 0.797879 -0.00199695
3.33333 0.797879 -0.00286684
3.93939 0.797879 -0.00327119
4.54545 0.797879 -0.0038959
5.15152 0.797879 -0.00487268
5.75758 0.797879 -0.00605272
6.36364 0.797879 -0.00728032
6.9697 0.797879 -0.00849846
7.57576 0.797879 -0.00972418
8.18182 0.797879 -0.0109916
8.78788 0.797879 -0.0123178
9.39394 0.797879 -0.0136949
10 0.797879 -0.00732848
-10 0.80798 -0.0169685
-9.39394 0.80798 -0.0155295
-8.78788 0.80798 -0.014029
-8.18182 0.80798 -0.0125257
-7.57576 0.80798 -0.0110536
-6.9697 0.80798 -0.00961552
-6.36364 0.80798 -0.00819079
-5.75758 0.80798 -0.00676917
-5.15152 0.80798 -0.00540643
-4.54545 0.80798 -0.00425174
-3.93939 0.80798 -0.00345483
-3.33333 0.80798 -0.00291014
-2.72727 0.80798 -0.00198497
-2.12121 0.80798 0.000388641
-1.51515 0.80798 0.00490485
-0.909091 0.80798 0.0106565
-0.30303 0.80798 0.0148747
0.30303 0.80798 0.014868
0.909091 0.80798 0.0106366
1.51515 0.80798 0.0048816
2.12121 0.80798 0.000393888
2.72727 0.80798 -0.00190257
3.33333 0.80798 -0.00270306
3.93939 0.80798 -0.00308752
4.54545 0.80798 -0.00369736
5.15152 0.80798 -0.00463974
5.75758 0.80798 -0.00576555
6.36364 0.80798 -0.00693022
6.9697 0.80798 -0.00808565
7.57576 0.80798 -0.00925067
8.18182 0.80798 -0.0104568
8.78788 0.80798 -0.0117189
9.39394 0.80798 -0.013029
10 0.80798 -0.00732847
-10 0.818081 -0.0161388
-9.39394 0.818081 -0.0147715
-8.78788 0.818081 -0.0133443
-8.18182 0.818081 -0.0119135
-7.57576 0.818081 -0.0105123
-6.9697 0.818081 -0.00914506
-6.36364 0.818081 -0.00779312
-5.75758 0.818081 -0.00644412
-5.15152 0.818081 -0.0051449
-4.54545 0.818081 -0.00403342
-3.93939 0.818081 -0.00325914
-3.33333 0.818081 -0.00274005
-2.72727 0.818081 -0.00188742
-2.12121 0.818081 0.000329498
-1.51515 0.818081 0.00461125
-0.909091 0.818081 0.0101165
-0.30303 0.818081 0.0141751
0.30303 0.818081 0.0141688
0.909091 0.818081 0.010098
1.51515 0.818081 0.00458996
2.12121 0.818081 0.000335873
2.72727 0.818081 -0.00180715
3.33333 0.818081 -0.00254069
3.93939 0.818081 -0.00290637
4.54545 0.818081 -0.00350074
5.15152 0.818081 -0.00440749
5.75758 0.818081 -0.00547833
6.36364 0.818081 -0.0065802
6.9697 0.818081 -0.00767347
7.57576 0.818081 -0.00877823
8.18182 0.818081 -0.00992332
8.78788 0.818081 -0.0111214
9.39394 0.818081 -0.0123646
10 0.818081 -0.00732846
-10 0.828182 -0.0153072
-9.39394 0.828182 -0.0140115
-8.78788 0.828182 -0.012658
-8.18182 0.828182 -0.0113
-7.57576 0.828182 -0.00996985
-6.9697 0.828182 -0.00867333
-6.36364 0.828182 -0.00739392
-5.75758 0.828182 -0.00611771
-5.15152 0.828182 -0.00488308
-4.54545 0.828182 -0.00381642
-3.93939 0.828182 -0.00306566
-3.33333 0.828182 -0.0025712
-2.72727 0.828182 -0.00178863
-2.12121 0.828182 0.000273577
-1.51515 0.828182 0.00432044
-0.909091 0.828182 0.00957674
-0.30303 0.828182 0.0134732
0.30303 0.828182 0.0134673
0.909091 0.828182 0.00955944
1.51515 0.828182 0.00430098
2.12121 0.828182 0.000280906
2.72727 0.828182 -0.00171073
3.33333 0.828182 -0.00237985
3.93939 0.828182 -0.00272782
4.54545 0.828182 -0.00330604
5.15152 0.828182 -0.00417583
5.75758 0.828182 -0.00519101
6.36364 0.828182 -0.00623027
6.9697 0.828182 -0.00726196
7.57576 0.828182 -0.00830687
8.18182 0.828182 -0.00939106
8.78788 0.828182 -0.0105251
9.39394 0.828182 -0.0117014
10 0.828182 -0.00732846
-10 0.838283 -0.0144735
-9.39394 0.838283 -0.0132495
-8.78788 0.838283 -0.0119699
-8.18182 0.838283 -0.0106851
-7.57576 0.838283 -0.00942622
-6.9697 0.838283 -0.00820036
-6.36364 0.838283 -0.0069932
-5.75758 0.838283 -0.00578988
-5.15152 0.838283 -0.00462087
-4.54545 0.838283 -0.0036007
-3.93939 0.838283 -0.00287448
-3.33333 0.838283 -0.00240371
-2.72727 0.838283 -0.00168862
-2.12121 0.838283 0.000221019
-1.51515 0.838283 0.00403259
-0.909091 0.838283 0.00903705
-0.30303 0.838283 0.0127686
0.30303 0.838283 0.0127631
0.909091 0.838283 0.00902096
1.51515 0.838283 0.00401485
2.12121 0.838283 0.000229129
2.72727 0.838283 -0.00161333
3.33333 0.838283 -0.00222067
3.93939 0.838283 -0.00255197
4.54545 0.838283 -0.00311322
5.15152 0.838283 -0.00394469
5.75758 0.838283 -0.00490355
6.36364 0.838283 -0.00588045
6.9697 0.838283 -0.00685115
7.57576 0.838283 -0.00783662
8.18182 0.838283 -0.00886002
8.78788 0.838283 -0.00993011
9.39394 0.838283 -0.0110397
10 0.838283 -0.00732845
-10 0.848384 -0.0136379
-9.39394 0.848384 -0.0124857
-8.78788 0.848384 -0.0112801
-8.18182 0.848384 -0.0100688
-7.57576 0.848384 -0.00888147
-6.9697 0.848384 -0.00772619
-6.36364 0.848384 -0.00659098
-5.75758 0.848384 -0.00546058
-5.15152 0.848384 -0.00435817
-4.54545 0.848384 -0.00338623
-3.93939 0.848384 -0.00268569
-3.33333 0.848384 -0.00223775
-2.72727 0.848384 -0.00158744
-2.12121 0.848384 0.000171972
-1.51515 0.848384 0.00374789
-0.909091 0.848384 0.00849751
-0.30303 0.848384 0.0120613
0.30303 0.848384 0.0120561
0.909091 0.848384 0.00848256
1.51515 0.848384 0.00373177
2.12121 0.848384 0.000180696
2.72727 0.848384 -0.00151497
3.33333 0.848384 -0.00206331
3.93939 0.848384 -0.00237891
4.54545 0.848384 -0.00292223
5.15152 0.848384 -0.00371398
5.75758 0.848384 -0.0046159
6.36364 0.848384 -0.00553077
6.9697 0.848384 -0.00644108
7.57576 0.848384 -0.00736748
8.18182 0.848384 -0.00833019
8.78788 0.848384 -0.00933635
9.39394 0.848384 -0.0103793
10 0.848384 -0.00732845
-10 0.858485 -0.0128002
-9.39394 0.858485 -0.0117198
-8.78788 0.858485 -0.0105886
-8.18182 0.858485 -0.00945114
-7.57576 0.858485 -0.00833559
-6.9697 0.858485 -0.00725088
-6.36364 0.858485 -0.0061873
-5.75758 0.858485 -0.00512975
-5.15152 0.858485 -0.00409486
-4.54545 0.858485 -0.00317293
-3.93939 0.858485 -0.00249938
-3.33333 0.858485 -0.00207349
-2.72727 0.858485 -0.00148514
-2.12121 0.858485 0.000126596
-1.51515 0.858485 0.00346656
-0.909091 0.858485 0.00795812
-0.30303 0.858485 0.011351
0.30303 0.858485 0.0113462
0.909091 0.858485 0.00794426
1.51515 0.858485 0.00345194
2.12121 0.858485 0.000135774
2.72727 0.858485 -0.00141572
3.33333 0.858485 -0.00190793
3.93939 0.858485 -0.00220872
4.54545 0.858485 -0.00273304
5.15152 0.858485 -0.00348358
5.75758 0.858485 -0.00432803
6.36364 0.858485 -0.00518125
6.9697 0.858485 -0.00603179
7.57576 0.858485 -0.00689945
8.18182 0.858485 -0.00780155
8.78788 0.858485 -0.00874384
9.39394 0.858485 -0.00972031
10 0.858485 -0.00732844
-10 0.868586 -0.0119606
-9.39394 0.868586 -0.0109521
-8.78788 0.868586 -0.00989535
-8.18182 0.868586 -0.00883201
-7.57576 0.868586 -0.00778859
-6.9697 0.868586 -0.00677447
-6.36364 0.868586 -0.0057822
-5.75758 0.868586 -0.00479738
-5.15152 0.868586 -0.00383082
-4.54545 0.868586 -0.00296074
-3.93939 0.868586 -0.00231565
-3.33333 0.868586 -0.00191113
-2.72727 0.868586 -0.00138179
-2.12121 0.868586 8.50652e-05
-1.51515 0.868586 0.00318884
-0.909091 0.868586 0.00741892
-0.30303 0.868586 0.0106374
0.30303 0.868586 0.0106329
0.909091 0.868586 0.0074061
1.51515 0.868586 0.00317563
2.12121 0.868586 9.45397e-05
2.72727 0.868586 -0.00131564
3.33333 0.868586 -0.00175473
3.93939 0.868586 -0.00204151
4.54545 0.868586 -0.00254556
5.15152 0.868586 -0.00325339
5.75758 0.868586 -0.0040399
6.36364 0.868586 -0.00483195
6.9697 0.868586 -0.00562333
7.57576 0.868586 -0.00643253
8.18182 0.868586 -0.00727408
8.78788 0.868586 -0.00815254
9.39394 0.868586 -0.00906266
10 0.868586 -0.00732843
-10 0.878687 -0.011119
-9.39394 0.878687 -0.0101823
-8.78788 0.878687 -0.00920028
-8.18182 0.878687 -0.00821142
-7.57576 0.878687 -0.00724047
-6.9697 0.878687 -0.006297
-6.36364 0.878687 -0.00537573
-5.75758 0.878687 -0.00446341
-5.15152 0.878687 -0.00356593
-4.54545 0.878687 -0.00274956
-3.93939 0.878687 -0.00213458
-3.33333 0.878687 -0.00175087
-2.72727 0.878687 -0.00127748
-2.12121 0.878687 4.75642e-05
-1.51515 0.878687 0.002915
-0.909091 0.878687 0.00687994
-0.30303 0.878687 0.00992029
0.30303 0.878687 0.00991613
0.909091 0.878687 0.00686811
1.51515 0.878687 0.00290312
2.12121 0.878687 5.71839e-05
2.72727 0.878687 -0.00121481
3.33333 0.878687 -0.00160392
3.93939 0.878687 -0.00187735
4.54545 0.878687 -0.00235971
5.15152 0.878687 -0.0030233
5.75758 0.878687 -0.00375149
6.36364 0.878687 -0.00448291
6.9697 0.878687 -0.00521573
7.57576 0.878687 -0.00596672
8.18182 0.878687 -0.00674774
8.78788 0.878687 -0.00756245
9.39394 0.878687 -0.00840637
10 0.878687 -0.00732843
-10 0.888788 -0.0102754
-9.39394 0.888788 -0.00941067
-8.78788 0.888788 -0.00850342
-8.18182 0.888788 -0.00758933
-7.57576 0.888788 -0.00669121
-6.9697 0.888788 -0.00581853
-6.36364 0.888788 -0.00496796
-5.75758 0.888788 -0.00412783
-5.15152 0.888788 -0.00330004
-4.54545 0.888788 -0.00253928
-3.93939 0.888788 -0.00195625
-3.33333 0.888788 -0.00159297
-2.72727 0.888788 -0.00117234
-2.12121 0.888788 1.42924e-05
-1.51515 0.888788 0.00264538
-0.909091 0.888788 0.00634122
-0.30303 0.888788 0.00919937
0.30303 0.888788 0.00919551
0.909091 0.888788 0.00633035
1.51515 0.888788 0.00263473
2.12121 0.888788 2.39108e-05
2.72727 0.888788 -0.00111336
3.33333 0.888788 -0.00145574
3.93939 0.888788 -0.00171633
4.54545 0.888788 -0.00217538
5.15152 0.888788 -0.00279317
5.75758 0.888788 -0.00346279
6.36364 0.888788 -0.0041342
6.9697 0.888788 -0.00480904
7.57576 0.888788 -0.00550201
8.18182 0.888788 -0.00622251
8.78788 0.888788 -0.00697356
9.39394 0.888788 -0.00775145
10 0.888788 -0.00732842
-10 0.898889 -0.0094299
-9.39394 0.898889 -0.00863705
-8.78788 0.898889 -0.00780473
-8.18182 0.898889 -0.00696571
-7.57576 0.898889 -0.00614079
-6.9697 0.898889 -0.00533909
-6.36364 0.898889 -0.00455897
-5.75758 0.898889 -0.00379065
-5.15152 0.898889 -0.00303301
-4.54545 0.898889 -0.00232973
-3.93939 0.898889 -0.00178074
-3.33333 0.898889 -0.0014377
-2.72727 0.898889 -0.00106652
-2.12121 0.898889 -1.45372e-05
-1.51515 0.898889 0.00238034
-0.909091 0.898889 0.00580284
-0.30303 0.898889 0.00847427
0.30303 0.898889 0.0084707
0.909091 0.898889 0.00579288
1.51515 0.898889 0.00237084
2.12121 0.898889 -5.06141e-06
2.72727 0.898889 -0.00101144
3.33333 0.898889 -0.00131047
3.93939 0.898889 -0.00155853
4.54545 0.898889 -0.00199242
5.15152 0.898889 -0.00256287
5.75758 0.898889 -0.0031738
6.36364 0.898889 -0.00378589
6.9697 0.898889 -0.00440329
7.57576 0.898889 -0.00503838
8.18182 0.898889 -0.00569837
8.78788 0.898889 -0.00638586
9.39394 0.898889 -0.0070979
10 0.898889 -0.00732842
-10 0.90899 -0.0085824
-9.39394 0.90899 -0.00786149
-8.78788 0.90899 -0.00710423
-8.18182 0.90899 -0.00634052
-7.57576 0.90899 -0.00558919
-6.9697 0.90899 -0.00485871
-6.36364 0.90899 -0.00414883
-5.75758 0.90899 -0.00345188
-5.15152 0.90899 -0.00276471
-4.54545 0.90899 -0.00212075
-3.93939 0.90899 -0.00160809
-3.33333 0.90899 -0.00128537
-2.72727 0.90899 -0.000960225
-2.12121 0.90899 -3.86985e-05
-1.51515 0.90899 0.00212033
-0.909091 0.90899 0.00526489
-0.30303 0.90899 0.00774457
0.30303 0.90899 0.00774128
0.909091 0.90899 0.0052558
1.51515 0.90899 0.00211191
2.12121 0.90899 -2.95014e-05
2.72727 0.90899 -0.000909241
3.33333 0.90899 -0.00116841
3.93939 0.90899 -0.00140399
4.54545 0.90899 -0.00181067
5.15152 0.90899 -0.00233227
5.75758 0.90899 -0.00288454
6.36364 0.90899 -0.00343806
6.9697 0.90899 -0.00399851
7.57576 0.90899 -0.00457579
8.18182 0.90899 -0.00517527
8.78788 0.90899 -0.00579934
9.39394 0.90899 -0.00644573
10 0.90899 -0.00710351
-10 0.919091 -0.00773294
-9.39394 0.919091 -0.007084
-8.78788 0.919091 -0.0064019
-8.18182 0.919091 -0.00571375
-7.57576 0.919091 -0.00503637
-6.9697 0.919091 -0.00437741
-6.36364 0.919091 -0.00373765
-5.75758 0.919091 -0.00311156
-5.15152 0.919091 -0.00249498
-4.54545 0.919091 -0.00191211
-3.93939 0.919091 -0.00143833
-3.33333 0.919091 -0.00113633
-2.72727 0.919091 -0.000853718
-2.12121 0.919091 -5.79542e-05
-1.51515 0.919091 0.00186584
-0.909091 0.919091 0.00472747
-0.30303 0.919091 0.0070098
0.30303 0.919091 0.00700679
0.909091 0.919091 0.00471924
1.51515 0.919091 0.00185843
2.12121 0.919091 -4.91667e-05
2.72727 0.919091 -0.000807026
3.33333 0.919091 -0.00102989
3.93939 0.919091 -0.00125273
4.54545 0.919091 -0.00162992
5.15152 0.919091 -0.00210124
5.75758 0.919091 -0.00259506
6.36364 0.919091 -0.00309079
6.9697 0.919091 -0.00359472
7.57576 0.919091 -0.00411422
8.18182 0.919091 -0.00465322
8.78788 0.919091 -0.00521402
9.39394 0.919091 -0.00579495
10 0.919091 -0.000221832
-10 0.929192 -0.00688152
-9.39394 0.929192 -0.00630457
-8.78788 0.929192 -0.00569775
-8.18182 0.929192 -0.00508535
-7.57576 0.929192 -0.00448227
-6.9697 0.929192 -0.00389521
-6.36364 0.929192 -0.00332552
-5.75758 0.929192 -0.00276977
-5.15152 0.929192 -0.0022237
-4.54545 0.929192 -0.00170356
-3.93939 0.929192 -0.00127143
-3.33333 0.929192 -0.00099095
-2.72727 0.929192 -0.000747341
-2.12121 0.929192 -7.20603e-05
-1.51515 0.929192 0.00161751
-0.909091 0.929192 0.00419075
-0.30303 0.929192 0.0062694
0.30303 0.929192 0.00626666
0.909091 0.929192 0.00418337
1.51515 0.929192 0.00161105
2.12121 0.929192 -6.38077e-05
2.72727 0.929192 -0.000705132
3.33333 0.929192 -0.000895313
3.93939 0.929192 -0.00110475
4.54545 0.929192 -0.00144992
5.15152 0.929192 -0.00186965
5.75758 0.929192 -0.00230543
6.36364 0.929192 -0.0027442
6.9697 0.929192 -0.00319191
7.57576 0.929192 -0.00365362
8.18182 0.929192 -0.00413217
8.78788 0.929192 -0.00462988
9.39394 0.929192 -0.00514556
10 0.929192 -0.000221645
-10 0.939293 -0.00602814
-9.39394 0.939293 -0.00552322
-8.78788 0.939293 -0.00499179
-8.18182 0.939293 -0.00445531
-7.57576 0.939293 -0.00392686
-6.9697 0.939293 -0.00341208
-6.36364 0.939293 -0.00291254
-5.75758 0.939293 -0.00242662
-5.15152 0.939293 -0.00195076
-4.54545 0.939293 -0.00149477
-3.93939 0.939293 -0.00110732
-3.33333 0.939293 -0.000849662
-2.72727 0.939293 -0.000641543
-2.12121 0.939293 -8.07752e-05
-1.51515 0.939293 0.00137606
-0.909091 0.939293 0.00365497
-0.30303 0.939293 0.00552267
0.30303 0.939293 0.00552021
0.909091 0.939293 0.00364842
1.51515 0.939293 0.00137051
2.12121 0.939293 -7.31775e-05
2.72727 0.939293 -0.000604003
3.33333 0.939293 -0.000765082
3.93939 0.939293 -0.000959955
4.54545 0.939293 -0.00127035
5.15152 0.939293 -0.00163742
5.75758 0.939293 -0.00201577
6.36364 0.939293 -0.00239835
6.9697 0.939293 -0.00279008
7.57576 0.939293 -0.00319394
8.18182 0.939293 -0.00361212
8.78788 0.939293 -0.00404694
9.39394 0.939293 -0.00449757
10 0.939293 -0.000221458
-10 0.949394 -0.00517279
-9.39394 0.949394 -0.00473993
-8.78788 0.949394 -0.00428402
-8.18182 0.949394 -0.00382364
-7.57576 0.949394 -0.00337008
-6.9697 0.949394 -0.00292798
-6.36364 0.949394 -0.0024988
-5.75758 0.949394 -0.00208226
-5.15152 0.949394 -0.0016761
-4.54545 0.949394 -0.00128539
-3.93939 0.949394 -0.000945804
-3.33333 0.949394 -0.000712915
-2.72727 0.949394 -0.000536917
-2.12121 0.949394 -8.38775e-05
-1.51515 0.949394 0.00114242
-0.909091 0.949394 0.00312043
-0.30303 0.949394 0.0047688
0.30303 0.949394 0.00476662
0.909091 0.949394 0.0031147
1.51515 0.949394 0.00113772
2.12121 0.949394 -7.70496e-05
2.72727 0.949394 -0.000504227
3.33333 0.949394 -0.000639649
3.93939 0.949394 -0.000818178
4.54545 0.949394 -0.00109089
5.15152 0.949394 -0.00140448
5.75758 0.949394 -0.00172623
6.36364 0.949394 -0.00205334
6.9697 0.949394 -0.00238917
7.57576 0.949394 -0.00273516
8.18182 0.949394 -0.00309308
8.78788 0.949394 -0.00346521
9.39394 0.949394 -0.00385096
10 0.949394 -0.000221271
-10 0.959495 -0.00431547
-9.39394 0.959495 -0.00395472
-8.78788 0.959495 -0.00357444
-8.18182 0.959495 -0.00319033
-7.57576 0.959495 -0.00281189
-6.9697 0.959495 -0.00244285
-6.36364 0.959495 -0.00208434
-5.75758 0.959495 -0.00173689
-5.15152 0.959495 -0.00139972
-4.54545 0.959495 -0.00107503
-3.93939 0.959495 -0.000786583
-3.33333 0.959495 -0.000581168
-2.72727 0.959495 -0.00043425
-2.12121 0.959495 -8.12017e-05
-1.51515 0.959495 0.000917729
-0.909091 0.959495 0.00258758
-0.30303 0.959495 0.00400674
0.30303 0.959495 0.00400485
0.909091 0.959495 0.0025827
1.51515 0.959495 0.000913852
2.12121 0.959495 -7.5253e-05
2.72727 0.959495 -0.000406589
3.33333 0.959495 -0.000519472
3.93939 0.959495 -0.000679115
4.54545 0.959495 -0.000911152
5.15152 0.959495 -0.00117085
5.75758 0.959495 -0.00143699
6.36364 0.959495 -0.0017092
6.9697 0.959495 -0.00198915
7.57576 0.959495 -0.00227722
8.18182 0.959495 -0.00257504
8.78788 0.959495 -0.0028847
9.39394 0.959495 -0.00320575
10 0.959495 -0.000221084
-10 0.969596 -0.00345619
-9.39394 0.969596 -0.00316755
-8.78788 0.969596 -0.00286307
-8.18182 0.969596 -0.0025554
-7.57576 0.969596 -0.00225227
-6.9697 0.969596 -0.00195663
-6.36364 0.969596 -0.00166917
-5.75758 0.969596 -0.00139071
-5.15152 0.969596 -0.00112176
-4.54545 0.969596 -0.000863294
-3.93939 0.969596 -0.000629155
-3.33333 0.969596 -0.000454839
-2.72727 0.969596 -0.000334604
-2.12121 0.969596 -7.27075e-05
-1.51515 0.969596 0.000703453
-0.909091 0.969596 0.00205712
-0.30303 0.969596 0.00323514
0.30303 0.969596 0.00323355
0.909091 0.969596 0.0020531
1.51515 0.969596 0.000700371
2.12121 0.969596 -6.77424e-05
2.72727 0.969596 -0.000312144
3.33333 0.969596 -0.000404969
3.93939 0.969596 -0.000542278
4.54545 0.969596 -0.000730744
5.15152 0.969596 -0.00093666
5.75758 0.969596 -0.00114824
6.36364 0.969596 -0.00136594
6.9697 0.969596 -0.00158992
7.57576 0.969596 -0.00182012
8.18182 0.969596 -0.00205802
8.78788 0.969596 -0.00230541
9.39394 0.969596 -0.00256192
10 0.969596 -0.000220896
-10 0.979697 -0.00259493
-9.39394 0.979697 -0.00237844
-8.78788 0.979697 -0.00214989
-8.18182 0.979697 -0.00191885
-7.57576 0.979697 -0.00169122
-6.9697 0.979697 -0.00146923
-6.36364 0.979697 -0.00125323
-5.75758 0.979697 -0.00104389
-5.15152 0.979697 -0.000842444
-4.54545 0.979697 -0.000649838
-3.93939 0.979697 -0.000472777
-3.33333 0.979697 -0.000334195
-2.72727 0.979697 -0.000239406
-2.12121 0.979697 -5.86266e-05
-1.51515 0.979697 0.000501512
-0.909091 0.979697 0.00153013
-0.30303 0.979697 0.00245218
0.30303 0.979697 0.00245092
0.909091 0.979697 0.00152699
1.51515 0.979697 0.000499209
2.12121 0.979697 -5.47451e-05
2.72727 0.979697 -0.000222315
3.33333 0.979697 -0.000296405
3.93939 0.979697 -0.000406933
4.54545 0.979697 -0.00054935
5.15152 0.979697 -0.00070215
5.75758 0.979697 -0.000860172
6.36364 0.979697 -0.00102351
6.9697 0.979697 -0.00119144
7.57576 0.979697 -0.00136386
8.18182 0.979697 -0.00154203
8.78788 0.979697 -0.00172733
9.39394 0.979697 -0.00191946
10 0.979697 -0.000220709
-10 0.989798 -0.0017317
-9.39394 0.989798 -0.00158737
-8.78788 0.989798 -0.00143489
-8.18182 0.989798 -0.0012807
-7.57576 0.989798 -0.00112877
-6.9697 0.989798 -0.000980611
-6.36364 0.989798 -0.000836417
-5.75758 0.989798 -0.00069654
-5.15152 0.989798 -0.000562169
-4.54545 0.989798 -0.000434553
-3.93939 0.989798 -0.000316429
-3.33333 0.989798 -0.000219102
-2.72727 0.989798 -0.000150559
-2.12121 0.989798 -3.97856e-05
-1.51515 0.989798 0.000314492
-0.909091 0.989798 0.00100841
-0.30303 0.989798 0.00165527
0.30303 0.989798 0.00165436
0.909091 0.989798 0.00100622
1.51515 0.989798 0.000312961
2.12121 0.989798 -3.70839e-05
2.72727 0.989798 -0.000139002
3.33333 0.989798 -0.000193649
3.93939 0.989798 -0.000272079
4.54545 0.989798 -0.000366866
5.15152 0.989798 -0.000467697
5.75758 0.989798 -0.000572857
6.36364 0.989798 -0.000681797
6.9697 0.989798 -0.000793661
7.57576 0.989798 -0.000908456
8.18182 0.989798 -0.00102708
8.78788 0.989798 -0.00115045
9.39394 0.989798 -0.00127838
10 0.989798 -0.000220522
-10 0.999899 -0.000866502
-9.39394 0.999899 -0.000794342
-8.78788 0.999899 -0.000718068
-8.18182 0.999899 -0.000640922
-7.57576 0.999899 -0.000564907
-6.9697 0.999899 -0.000490786
-6.36364 0.999899 -0.000418638
-5.75758 0.999899 -0.000348594
-5.15152 0.999899 -0.0002813
-4.54545 0.999899 -0.000217736
-3.93939 0.999899 -0.000159021
-3.33333 0.999899 -0.000108521
-2.72727 0.999899 -7.03668e-05
-2.12121 0.999899 -1.8442e-05
-1.51515 0.999899 0.000145956
-0.909091 0.999899 0.000495414
-0.30303 0.999899 0.00084038
0.30303 0.999899 0.000839864
0.909091 0.999899 0.000494236
1.51515 0.999899 0.000145207
2.12121 0.999899 -1.70156e-05
2.72727 0.999899 -6.4503e-05
3.33333 0.999899 -9.56696e-05
3.93939 0.999899 -0.00013664
4.54545 0.999899 -0.000183593
5.15152 0.999899 -0.000233662
5.75758 0.999899 -0.000286245
6.36364 0.999899 -0.000340715
6.9697 0.999899 -0.000396594
7.57576 0.999899 -0.000453927
8.18182 0.999899 -0.00051317
8.78788 0.999899 -0.000574772
9.39394 0.999899 -0.000638655
10 0.999899 -0.000220335
-10 1.01 -9.87787e-20
-9.39394 1.01 -9.10459e-20
-8.78788 1.01 8.27292e-20
-8.18182 1.01 0
-7.57576 1.01 6.57929e-20
-6.9697 1.01 0
-6.36364 1.01 0
-5.75758 1.01 0
-5.15152 1.01 3.42049e-20
-4.54545 1.01 0
-3.93939 1.01 2.03065e-20
-3.33333 1.01 0
-2.72727 1.01 0
-2.12121 1.01 -5.95892e-21
-1.51515 1.01 0
-0.909091 1.01 -3.14117e-20
-0.30303 1.01 0
0.30303 1.01 -5.34026e-20
0.909091 1.01 3.99766e-20
1.51515 1.01 0
2.12121 1.01 0
2.72727 1.01 0
3.33333 1.01 4.21402e-21
3.93939 1.01 6.1881e-21
4.54545 1.01 -8.65767e-21
5.15152 1.01 0
5.75758 1.01 0
6.36364 1.01 0
6.9697 1.01 2.01064e-20
7.57576 1.01 2.32046e-20
8.18182 1.01 0
8.78788 1.01 2.96861e-20
9.39394 1.01 0
10 1.01 0
