3499	
	-0.07879264447	-0.07241986288	-0.06577869899	-0.05892076419	-0.05190594699
	-0.04491500846	-0.03833314492	-0.0327102473	-0.02853090945	-0.02581293402
	-0.02368213584	-0.02019222706	-0.01269194929	0.001087401828	0.0213732604
	0.04478817335	0.06423565629	0.07178261495	0.06384134165	0.04402713458
	0.02036978163	9.804736466e-05	-0.01335680242	-0.02032520852	-0.0232963989
	-0.02512978486	-0.02784783136	-0.03224398757	-0.03813826569	-0.04491282349
	-0.05198011907	-0.05900114078	-0.06586030924	-0.0725212385	-0.07808466893
	-0.07176810654	-0.06518892311	-0.05839881367	-0.05145382046	-0.04452704551
	-0.03799458052	-0.03240005457	-0.02822954292	-0.02551327875	-0.02339945079
	-0.01996761771	-0.01258519176	0.001015886344	0.02108621568	0.04429201062
	0.06358822477	0.07108308373	0.06320440759	0.04355083129	0.02010933368
	5.574511601e-05	-0.01322274594	-0.02007800541	-0.0229947348	-0.02480912516
	-0.02751479665	-0.03188296394	-0.03772442474	-0.04442454045	-0.05140611319
	-0.05834138669	-0.06512262651	-0.0717165043	-0.0780399372	-0.07737503683
	-0.07111484834	-0.06459766429	-0.05787534948	-0.05100026354	-0.04413796266
	-0.0376554201	-0.03208986927	-0.02792867071	-0.02521431198	-0.02311728562
	-0.01974307985	-0.0124779833	0.0009451912192	0.02080007664	0.04379658344
	0.06294126205	0.07038384008	0.06256775322	0.04307491334	0.01984932805
	1.374269006e-05	-0.01308876497	-0.01983137396	-0.02269406979	-0.0244896729
	-0.02718293503	-0.03152294322	-0.0373114452	-0.04393713318	-0.0508331719
	-0.05768295	-0.0643863969	-0.07091311896	-0.07717944492	-0.0766637446
	-0.07046008145	-0.06400491939	-0.05735037243	-0.05054527374	-0.04374775069
	-0.03731565236	-0.0317796843	-0.02762829194	-0.02491603714	-0.02283564451
	-0.01951861494	-0.01237032122	0.0008753214216	0.02051484644	0.04330188983
	0.06229476087	0.06968487504	0.06193137302	0.04259938189	0.0195897719
	-2.795094484e-05	-0.01295485356	-0.01958531368	-0.02239440772	-0.02417143263
	-0.02685224749	-0.0311639205	-0.03689931887	-0.0434505958	-0.05026129341
	-0.05702582925	-0.06365161864	-0.07011108765	-0.07632000636	-0.07595078885
	-0.06980380025	-0.06341068551	-0.05682388241	-0.05008884832	-0.04335640095
	-0.0369752662	-0.03146949215	-0.02732840548	-0.02461845782	-0.02255453185
	-0.01929422451	-0.01226220277	0.0008062820698	0.02023052842	0.0428079278
	0.06164871384	0.06898617952	0.06129526135	0.04212423815	0.01933067251
	-6.932666569e-05	-0.01282100567	-0.01933982416	-0.02209575269	-0.023854409
	-0.02652273475	-0.03080589087	-0.036488038	-0.04296492249	-0.04969047509
	-0.05637002253	-0.06291829099	-0.0693104162	-0.07546163694	-0.07523616629
	-0.069146	-0.06281495998	-0.05629587874	-0.04963098415	-0.04296390503
	-0.03663425075	-0.03115928513	-0.02702900999	-0.02432157772	-0.02227395228
	-0.01906991019	-0.01215362512	0.000738078444	0.01994712604	0.04231469544
	0.06100311349	0.06828774421	0.06065941247	0.04164948333	0.01907203732
	-0.0001103751776	-0.01268721518	-0.0190949051	-0.021798109	-0.02353860668
	-0.02619439739	-0.03044884941	-0.03607759512	-0.04248010739	-0.04912071372
	-0.05571552777	-0.06218641388	-0.06851111088	-0.07460435128	-0.07451987369
	-0.06848667652	-0.06221774039	-0.05576636042	-0.04917167787	-0.04257025468
	-0.03629259528	-0.03084905539	-0.02673010393	-0.02402540057	-0.02199391062
	-0.01884567372	-0.01204458539	0.0006707159958	0.01966464292	0.04182219083
	0.06035795222	0.06758955964	0.06002382051	0.04117511869	0.01881387393
	-0.0001510870067	-0.01255347595	-0.01885055635	-0.02150148113	-0.02322403036
	-0.0258672359	-0.03009279132	-0.03566798294	-0.04199614445	-0.04855200563
	-0.05506234284	-0.06145598775	-0.0677131782	-0.07374816344	-0.0738019079
	-0.06782582612	-0.06161902453	-0.05523532617	-0.04871092581	-0.0421754417
	-0.03595028919	-0.03053879502	-0.02643168564	-0.02372993014	-0.02171441191
	-0.01862151698	-0.01193508065	0.0006042003547	0.01938308286	0.04133041213
	0.05971322231	0.06689161617	0.05938847947	0.04070114549	0.01855619008
	-0.0001914525	-0.01241978178	-0.01860677788	-0.02120587371	-0.02291068474
	-0.02554125073	-0.02973771183	-0.03525919427	-0.04151302749	-0.04798434682
	-0.0544104656	-0.06072701345	-0.06691662481	-0.07289308697	-0.07308226578
	-0.06716344545	-0.06101881043	-0.05470277463	-0.04824872415	-0.04177945785
	-0.03560732194	-0.03022849605	-0.0261337533	-0.02343517022	-0.02143546132
	-0.01839744197	-0.0118251079	0.0005385373311	0.01910244981	0.04083935751
	0.05906891592	0.06619390393	0.05875338325	0.04022756506	0.01829899372
	-0.0002314618276	-0.01228612643	-0.01836356981	-0.02091129152	-0.02259857457
	-0.02521644231	-0.02938360626	-0.03485122194	-0.04103075014	-0.04741773307
	-0.05375989399	-0.05999949212	-0.06612145743	-0.07203913498	-0.07236094422
	-0.06649953146	-0.06041709633	-0.05416870431	-0.04778506886	-0.04138229487
	-0.03526368302	-0.02991815043	-0.02583630504	-0.02314112463	-0.02115706422
	-0.01817345084	-0.01171466415	0.0004737329185	0.01882274794	0.04034902519
	0.0584250251	0.06549641286	0.05811852559	0.03975437873	0.01804229295
	-0.0002711049843	-0.01215250366	-0.01812093237	-0.02061773945	-0.02228770463
	-0.02489281111	-0.02903046994	-0.03444405874	-0.04054930587	-0.04685215998
	-0.05311062596	-0.05927342515	-0.06532768282	-0.07118632023	-0.07163794012
	-0.06583408134	-0.05981388063	-0.05363311373	-0.04731995579	-0.04098394441
	-0.03491936189	-0.02960775009	-0.02553933889	-0.02284779721	-0.0208792261
	-0.01794954586	-0.01160374632	0.0004097932959	0.01854398156	0.03985941343
	0.05778154174	0.06479913271	0.0574839001	0.03928158791	0.01778609607
	-0.0003103717906	-0.01201890718	-0.01787886589	-0.02032522256	-0.02197807979
	-0.02457035758	-0.02867829821	-0.03403769745	-0.040068688	-0.04628762302
	-0.05246265958	-0.05854881412	-0.06453530775	-0.07033465514	-0.07091325039
	-0.06516709246	-0.05920916192	-0.05309600139	-0.04685338069	-0.04058439805
	-0.03457434798	-0.02929728689	-0.02524285284	-0.02255519187	-0.02060195263
	-0.01772572941	-0.01149235134	0.0003467248298	0.01826615521	0.03937052056
	0.05713845761	0.06410205298	0.05684950026	0.03880919404	0.01753041158
	-0.0003492518908	-0.01188533069	-0.01763737083	-0.02003374604	-0.02166970499
	-0.02424908223	-0.02832708643	-0.03363213073	-0.03958888972	-0.04572411758
	-0.05181599298	-0.05782566077	-0.06374433892	-0.0694841518	-0.07018687192
	-0.06449856235	-0.05860293896	-0.05255736584	-0.04638533923	-0.04018364728
	-0.03422863064	-0.02898675261	-0.02494684485	-0.02226331257	-0.02032524963
	-0.01750200403	-0.01138047607	0.0002845340779	0.01798927363	0.03888234494
	0.05649576434	0.06340516296	0.05621531941	0.03833719861	0.01727524817
	-0.0003877347496	-0.01175176785	-0.01739644777	-0.01974331522	-0.02136258529
	-0.02392898559	-0.02797682989	-0.0332273512	-0.03910990406	-0.04516163899
	-0.05117062438	-0.05710396698	-0.06295478303	-0.068634822	-0.06945880158
	-0.06382848871	-0.05799521068	-0.05201720566	-0.04591582702	-0.03978168351
	-0.03388219915	-0.02867613896	-0.02465131283	-0.02197216333	-0.02004912307
	-0.01727837237	-0.01126811737	0.0002232277931	0.01771334174	0.03839488499
	0.05585345341	0.06270845169	0.05558135075	0.03786560318	0.0170206147
	-0.0004258096476	-0.01161821227	-0.01715609739	-0.01945393561	-0.02105672581
	-0.0236100682	-0.02762752386	-0.03282335135	-0.03863172397	-0.04460018252
	-0.05052655209	-0.05638373473	-0.06216664669	-0.06778667727	-0.06872903623
	-0.06315686932	-0.05738597613	-0.05147551951	-0.04544483963	-0.03937849803
	-0.03353504267	-0.02836543755	-0.02435625465	-0.02168174826	-0.01977357909
	-0.01705483719	-0.01115527203	0.0001628129288	0.01743836471	0.03790813919
	0.05521151614	0.06201190797	0.0549475873	0.03739440933	0.01676652029
	-0.0004634656747	-0.01148465754	-0.01691632048	-0.01916561287	-0.02075213184
	-0.02329233063	-0.02727916355	-0.03242012354	-0.03815434228	-0.04403974345
	-0.04988377452	-0.05566496608	-0.06137993644	-0.06693972886	-0.06799757268
	-0.06248370208	-0.05677523455	-0.05093230613	-0.04497237261	-0.03897408205
	-0.03318715024	-0.02805463987	-0.02406166816	-0.02139207156	-0.01949862401
	-0.01683140142	-0.01104193682	0.0001032966446	0.01716434792	0.03742210608
	0.05456994373	0.06131552037	0.05431402197	0.03692361873	0.01651297422
	-0.0005006917239	-0.01135109721	-0.01667711797	-0.01887835284	-0.02044880874
	-0.02297577347	-0.0269317441	-0.03201766005	-0.03767775172	-0.04348031704
	-0.04924229016	-0.05494766319	-0.06059465873	-0.06609398775	-0.06726440773
	-0.06180898497	-0.05616298528	-0.05038756436	-0.04449842151	-0.03856842671
	-0.03283851077	-0.0277437373	-0.02376755116	-0.02110313751	-0.01922426434
	-0.01660806809	-0.01092810846	4.468631287e-05	0.01689129696	0.03693678428
	0.05392872718	0.06061927716	0.05368064747	0.03645323309	0.01625998602
	-0.0005374764825	-0.01121752476	-0.01643849091	-0.01859216157	-0.02014676204
	-0.02266039731	-0.02658526053	-0.03161595301	-0.03720194493	-0.04292189859
	-0.0486020976	-0.05423182826	-0.05981081993	-0.06524946468	-0.0665295381
	-0.06113271603	-0.05554922783	-0.04984129314	-0.04402298189	-0.03816152304
	-0.03248911301	-0.0274327211	-0.02347390142	-0.02081495052	-0.01895050677
	-0.01638484038	-0.01081378362	-1.30104739e-05	0.01661921768	0.03645217245
	0.05328785735	0.05992316639	0.05304745636	0.03598325419	0.01600756544
	-0.0005738084246	-0.01108393365	-0.01620044045	-0.01830704529	-0.01984599738
	-0.02234620277	-0.02623970779	-0.03121499442	-0.03672691451	-0.0423644834
	-0.04796319554	-0.05351746357	-0.05902842628	-0.06440617013	-0.06579296049
	-0.06045489336	-0.05493396181	-0.04929349153	-0.04354604934	-0.03775336198
	-0.03213894556	-0.02712158236	-0.02318071667	-0.02052751508	-0.0186773582
	-0.01616172162	-0.01069895893	-6.978589544e-05	0.01634811617	0.03596826933
	0.05264732494	0.05922717578	0.05241444103	0.03551368386	0.01575572246
	-0.0006096758015	-0.01095031727	-0.01596296794	-0.01802301043	-0.01954652054
	-0.02203319044	-0.0258950807	-0.03081477614	-0.03625265293	-0.04180806683
	-0.04732558277	-0.05280457141	-0.05824748394	-0.06356411434	-0.06505467154
	-0.05977551511	-0.05431718698	-0.04874415871	-0.04306761949	-0.03734393442
	-0.03178799688	-0.02681031202	-0.0228879946	-0.02024083582	-0.01840482574
	-0.01593871531	-0.01058363099	-0.0001256318954	0.01607799877	0.03548507374
	0.05200712044	0.05853129279	0.05178159368	0.035044524	0.01550446732
	-0.0006450666331	-0.01081666897	-0.01572607482	-0.01774006367	-0.01924833746
	-0.0217213609	-0.02555137395	-0.0304152899	-0.03577915266	-0.04125264427
	-0.04668925819	-0.05209315413	-0.05746799895	-0.06272330732	-0.0643146678
	-0.05909457945	-0.05369890323	-0.04819329401	-0.04258768802	-0.03693323114
	-0.03143625521	-0.02649890086	-0.02259573283	-0.01995491749	-0.01813291675
	-0.01571582507	-0.01046779633	-0.0001805401728	0.01580887208	0.03500258455
	0.0513672342	0.05783550459	0.05114890634	0.03457577658	0.01525381049
	-0.000679968698	-0.01068298205	-0.01548976271	-0.0174582119	-0.01895145421
	-0.02141071473	-0.02520858212	-0.03001652726	-0.03530640607	-0.04069821118
	-0.04605422079	-0.0513832141	-0.0566899772	-0.06188375881	-0.06357294581
	-0.05841208459	-0.05307911055	-0.0476408969	-0.04210625068	-0.03652124287
	-0.03108370865	-0.02618733945	-0.02230392893	-0.01966976495	-0.01786163879
	-0.01549305472	-0.01035145143	-0.0002345021724	0.01554074299	0.03452080075
	0.05072765636	0.05713979801	0.05051637083	0.03410744362	0.01500376274
	-0.0007143695234	-0.01054924976	-0.0152540334	-0.01717746227	-0.01865587701
	-0.02110125248	-0.02486669961	-0.02961847968	-0.03483440551	-0.04014476311
	-0.04542046968	-0.05067475374	-0.05591342448	-0.06104547835	-0.06282950197
	-0.05772802875	-0.05245780905	-0.04708696698	-0.0416233033	-0.03610796028
	-0.03073034508	-0.02587561818	-0.02201258042	-0.01938538321	-0.01759099969
	-0.01527040825	-0.01023459274	-0.0002875090758	0.01527361866	0.03403972136
	0.05008837686	0.05644415958	0.04988397878	0.03363952725	0.01475433508
	-0.0007482563753	-0.01041546527	-0.01501888885	-0.01689782218	-0.01836161224
	-0.02079297465	-0.02452572067	-0.02922113841	-0.03436314328	-0.03959229566
	-0.04478800408	-0.04996777544	-0.05513834646	-0.06020847521	-0.06208433265
	-0.05704241014	-0.05183499897	-0.04653150404	-0.04113884178	-0.03569337396
	-0.03037615221	-0.02556372723	-0.02172168471	-0.0191017774	-0.01732100754
	-0.01504788983	-0.01011721665	-0.0003395517907	0.01500750656	0.03355934552
	0.04944938546	0.05574857549	0.04925172162	0.03317202963	0.01450553885
	-0.0007816162475	-0.01028162173	-0.01478433119	-0.01661929927	-0.01806866642
	-0.02048588173	-0.02418563938	-0.02882449458	-0.03389261166	-0.03904080453
	-0.04415682331	-0.04926228165	-0.05436474864	-0.05937275843	-0.06133743412
	-0.05635522697	-0.05121068063	-0.04597450801	-0.04065286215	-0.03527747446
	-0.03002111754	-0.02525165654	-0.02143123916	-0.0188189528	-0.01705167069
	-0.01482550386	-0.009999319501	-0.0003906209408	0.01474241445	0.03307967246
	0.04881067169	0.05505303157	0.04861959054	0.03270495305	0.01425738566
	-0.0008144358509	-0.01014771223	-0.01455036278	-0.01634190151	-0.01777704624
	-0.02017997413	-0.02384644966	-0.02842853916	-0.03342280288	-0.03849028551
	-0.04352692681	-0.04855827481	-0.05359263639	-0.05853833684	-0.06058880256
	-0.05566647743	-0.05058485449	-0.04541597901	-0.04016536055	-0.03486025228
	-0.02966522835	-0.02493939583	-0.02114124102	-0.01853691482	-0.0167829978
	-0.01460325491	-0.009880897587	-0.0004407068547	0.01447835044	0.03260070148
	0.04817222487	0.0543575133	0.04798757654	0.03223829986	0.01400988746
	-0.0008467016023	-0.01001372979	-0.01431698616	-0.01606563712	-0.01748675855
	-0.01987525221	-0.02350814519	-0.02803326296	-0.03295370917	-0.03794073452
	-0.04289831414	-0.04785575737	-0.05282201495	-0.057705219	-0.05983843406
	-0.05497615971	-0.04995752109	-0.04485591732	-0.03967633322	-0.03444169787
	-0.02930847173	-0.02462693457	-0.02085168745	-0.01825566903	-0.0165149978
	-0.01438114781	-0.009761947158	-0.0004897995548	0.01421532295	0.03212243201
	0.04753403408	0.05366200577	0.04735567036	0.0317720725	0.01376305653
	-0.0008783996122	-0.009879667415	-0.0140842041	-0.01579051462	-0.01719781035
	-0.01957171627	-0.0231707195	-0.0276386566	-0.03248532274	-0.03739214758
	-0.04227098499	-0.04715473178	-0.05205288938	-0.05687341326	-0.05908632459
	-0.05428427193	-0.04932868106	-0.04429432342	-0.03918577658	-0.03402180167
	-0.02895083454	-0.02431426195	-0.02056257548	-0.01797522112	-0.01624767996
	-0.0141591876	-0.009642464419	-0.000537888745	0.01395334079	0.03164486356
	0.04689608818	0.05296649368	0.04672386251	0.03130627353	0.01351690549
	-0.0009095156732	-0.009745518028	-0.0138520196	-0.01551654289	-0.01691020879
	-0.01926936651	-0.02283416587	-0.02724471056	-0.03201763581	-0.03684452083
	-0.04164493915	-0.04645520048	-0.05128526461	-0.0560429277	-0.05833247005
	-0.05359081218	-0.04869833515	-0.04373119797	-0.03869368717	-0.03360055408
	-0.02859230342	-0.02400136688	-0.02027390203	-0.01769557694	-0.01598105385
	-0.01393737958	-0.009522445531	-0.0005849637985	0.01369241311	0.03116799575
	0.04625837577	0.05227096131	0.04609214325	0.03084090558	0.01327144733
	-0.0009400352471	-0.009611274524	-0.01362043592	-0.01524373109	-0.01662396121
	-0.01896820307	-0.02249847735	-0.02685141515	-0.03155064058	-0.03629785055
	-0.04102017656	-0.04575716592	-0.05051914538	-0.05521377018	-0.05757686618
	-0.0528957785	-0.04806648417	-0.04316654185	-0.03820006171	-0.03317794548
	-0.02823286478	-0.023688238	-0.01998566388	-0.0174167425	-0.0157151294
	-0.01371572932	-0.009401886613	-0.0006310137448	0.01343254945	0.03069182833
	0.0456208852	0.05157539251	0.04546050257	0.03037597144	0.01302669543
	-0.0009699434517	-0.009476929753	-0.01338945658	-0.01497208874	-0.0163390751
	-0.01866822595	-0.02216364678	-0.0264587605	-0.03108432927	-0.03575213316
	-0.04039669727	-0.04506063053	-0.04975453629	-0.05438594834	-0.05681950865
	-0.05219916886	-0.04743312903	-0.04260035612	-0.0377048971	-0.03275396626
	-0.0278725048	-0.02337486361	-0.01969785767	-0.01713872394	-0.01544991688
	-0.01349424267	-0.009280783749	-0.0006760272564	0.01317375976	0.03021636117
	0.04498360454	0.05087977069	0.0448289302	0.02991147398	0.01278266357
	-0.0009992250473	-0.009342476522	-0.01315908538	-0.01470162572	-0.01605555811
	-0.01836943508	-0.02182966672	-0.02606673656	-0.03061869413	-0.03520736526
	-0.03977450148	-0.04436559673	-0.04899144175	-0.05355946954	-0.05606039297
	-0.05150098115	-0.04679827071	-0.04203264205	-0.03720819044	-0.03232860678
	-0.02751120944	-0.02306123173	-0.01941047985	-0.01686152757	-0.01518542694
	-0.01327292578	-0.009159132984	-0.0007199926341	0.01291605442	0.02974159426
	0.04434652159	0.05018407878	0.04419741558	0.0294474162	0.01253936596
	-0.001027864422	-0.009207907603	-0.01292932641	-0.0144323523	-0.01577341805
	-0.01807183023	-0.02149652947	-0.02567533311	-0.03015372741	-0.03466354359
	-0.03915358953	-0.04367206691	-0.04822986599	-0.05273434092	-0.05529951455
	-0.05080121318	-0.04616191025	-0.04146340115	-0.036709939	-0.03190185744
	-0.02714896441	-0.02274732998	-0.01912352673	-0.01658515983	-0.01492167062
	-0.01305178511	-0.009036930336	-0.000762897793	0.01265944424	0.02926752775
	0.04370962385	0.0494882992	0.04356594785	0.02898380127	0.01229681723
	-0.001055845579	-0.009073215733	-0.01270018407	-0.01416427909	-0.01549266292
	-0.01777541104	-0.02116422706	-0.02528453975	-0.02968942142	-0.03412066507
	-0.03853396188	-0.04298004347	-0.04746981306	-0.05191056937	-0.05453686864
	-0.05009986266	-0.04552404878	-0.04089263512	-0.03621014033	-0.03147370867
	-0.02678575517	-0.02243314569	-0.01883699439	-0.01630962733	-0.01465865934
	-0.01283082747	-0.008914171792	-0.0008047302463	0.01240394052	0.0287941619
	0.04307289851	0.04879241388	0.04293451584	0.02852063246	0.0120550325
	-0.001083152116	-0.00893839362	-0.01247166311	-0.01389741714	-0.01521330085
	-0.01748017701	-0.02083275123	-0.02489434589	-0.0292257685	-0.0335787268
	-0.03791561914	-0.04228952873	-0.04671128682	-0.05108816153	-0.05377245038
	-0.04939692719	-0.04488468747	-0.04032034591	-0.03570879216	-0.0310441509
	-0.02642156694	-0.02211866576	-0.01855087874	-0.01603493681	-0.01439640498
	-0.01261006001	-0.00879085332	-0.0008454770897	0.01214955502	0.02832149717
	0.04243633245	0.04809640419	0.04230310809	0.02805791322	0.01181402736
	-0.001109767214	-0.008803433948	-0.01224376863	-0.01363177791	-0.01493534016
	-0.01718612746	-0.02050209339	-0.02450474077	-0.02876276106	-0.03303772609
	-0.03729856209	-0.04160052502	-0.04595429092	-0.05026712381	-0.05300625473
	-0.04869240424	-0.04424382753	-0.03974653569	-0.0352058925	-0.03061317465
	-0.02605638471	-0.02180387674	-0.01826517542	-0.01576109518	-0.01413491982
	-0.01238949027	-0.008666970867	-0.000885124984	0.01189630004	0.02784953414
	0.0417999122	0.04740025094	0.04167171276	0.02759564717	0.01157381794
	-0.001135673618	-0.008668329384	-0.01201650609	-0.0133673733	-0.01465878931
	-0.01689326152	-0.02017224465	-0.02411571344	-0.02830039155	-0.03249766046
	-0.03668279163	-0.04091303462	-0.04519882883	-0.04944746236	-0.05223827655
	-0.04798629117	-0.04360147023	-0.03917120687	-0.03470143963	-0.03018077048
	-0.02569019321	-0.02148876475	-0.01797987986	-0.01548810948	-0.01387421661
	-0.01216912618	-0.008542520373	-0.0009236601375	0.01164418841	0.0273782736
	0.04116362395	0.04670393434	0.04104031768	0.02713383809	0.0113344209
	-0.00116085362	-0.00853307258	-0.01178988136	-0.01310421565	-0.01438365695
	-0.01660157814	-0.01984319577	-0.02372725274	-0.02783865252	-0.03195852766
	-0.03606830883	-0.04022705975	-0.04444490377	-0.04862918307	-0.05146851049
	-0.04727858516	-0.04295761685	-0.03859436208	-0.03419543211	-0.02974692903
	-0.02532297691	-0.02117331549	-0.01769498721	-0.0152159869	-0.01361430858
	-0.01194897611	-0.00841749777	-0.0009610682875	0.01139323352	0.02690771651
	0.04052745352	0.04600743398	0.04040891032	0.02667248996	0.01109585346
	-0.001185289039	-0.008397656183	-0.01156390073	-0.0128423178	-0.01410995187
	-0.01631107603	-0.01951493716	-0.02333934736	-0.0273775366	-0.03142032564
	-0.0354551149	-0.0395426026	-0.04369251879	-0.04781229159	-0.05069695109
	-0.04656928326	-0.04231226871	-0.03801600423	-0.0336878688	-0.02931164104
	-0.02495472003	-0.02085751422	-0.01741049232	-0.01494473477	-0.01335520946
	-0.01172904887	-0.008291898997	-0.0009973346802	0.01114344938	0.02643786404
	0.03989138634	0.04531072878	0.03977747775	0.02621160696	0.01085813345
	-0.001208961201	-0.00826207284	-0.01133857092	-0.01258169306	-0.01383768301
	-0.01602175367	-0.01918745885	-0.02295198577	-0.02691703654	-0.03088305263
	-0.03484321124	-0.03885966529	-0.04294167668	-0.04699679333	-0.04992359271
	-0.04585838232	-0.04166542711	-0.03743613645	-0.03317874887	-0.02887489734
	-0.02458540657	-0.0205413457	-0.01712638974	-0.01467436056	-0.01309693348
	-0.01150935374	-0.008165720001	-0.001032444051	0.01089485061	0.02596871757
	0.03925540746	0.04461379699	0.03914600667	0.02575119348	0.01062127933
	-0.001231850921	-0.00812631521	-0.01111389916	-0.01232235526	-0.01356685948
	-0.01573360928	-0.01886075048	-0.02256515627	-0.02645714516	-0.03034670711
	-0.03423259937	-0.03817824987	-0.04219237999	-0.04618269341	-0.04914842953
	-0.04514587902	-0.04101709338	-0.03685476213	-0.03266807185	-0.02843668893
	-0.02421502023	-0.02022479426	-0.0168426737	-0.01440487187	-0.01283949542
	-0.01128990054	-0.008038956752	-0.001066380602	0.0106474525	0.02550027869
	0.03861950147	0.04391661611	0.03851448331	0.02529125415	0.01038531024
	-0.001253938477	-0.007990375969	-0.01088989315	-0.01206431877	-0.01329749054
	-0.0154466408	-0.01853480128	-0.02217884694	-0.02599785547	-0.02981128785
	-0.033623281	-0.03749835832	-0.04144463105	-0.04536999674	-0.04837145559
	-0.04443176983	-0.0403672688	-0.0362718849	-0.03215583762	-0.02799700692
	-0.02384354449	-0.01990784366	-0.01655933804	-0.01413627642	-0.01258291063
	-0.01107069961	-0.007911605252	-0.001099127979	0.01040127104	0.02503254926
	0.03798365256	0.04321916289	0.03788289351	0.02483179383	0.01015024601
	-0.001275203593	-0.007854247826	-0.01066656115	-0.01180759853	-0.01302958557
	-0.01516084585	-0.01820960007	-0.02179304572	-0.02553916059	-0.02927679389
	-0.033015258	-0.03681999255	-0.04069843192	-0.04455870795	-0.04759266473
	-0.04371605099	-0.03971595464	-0.03568750866	-0.03164204642	-0.02755584262
	-0.02347096259	-0.01959047717	-0.01627637622	-0.01386858207	-0.01232719503
	-0.01085176187	-0.007783661546	-0.001130669249	0.01015632297	0.02456553137
	0.03734784441	0.04252141327	0.03725122262	0.02437281767	0.009916107205
	-0.001295625407	-0.007717923527	-0.01044391197	-0.01155221003	-0.01276315413
	-0.01487622173	-0.01788513519	-0.02140774033	-0.02508105382	-0.02874322459
	-0.03240853239	-0.03614315435	-0.03995378442	-0.04374883141	-0.04681205066
	-0.04299871853	-0.0390631521	-0.03510163755	-0.03112669891	-0.02711318751
	-0.02309725749	-0.01927267747	-0.01599378129	-0.01360179678	-0.01207236516
	-0.01063309884	-0.007655121736	-0.001160986874	0.009912625787	0.02409922742
	0.03671206024	0.04182334235	0.03661945551	0.02391433108	0.009682915198
	-0.001315182453	-0.007581395877	-0.01022195505	-0.0112981694	-0.01249820586
	-0.01459276537	-0.01756139453	-0.0210229183	-0.02462352864	-0.02821057962
	-0.03180310637	-0.03546784543	-0.03921069009	-0.04294037125	-0.04602960686
	-0.0422797682	-0.03840886234	-0.03451427597	-0.03060979616	-0.02666903332
	-0.02272241196	-0.0189544267	-0.01571154582	-0.01333592859	-0.01181843819
	-0.01041472272	-0.007525981996	-0.001190062686	0.009670197834	0.02363364009
	0.03607628276	0.04112492432	0.03598757654	0.02345633979	0.009450692178
	-0.001333852631	-0.007444657748	-0.01000070044	-0.01104549339	-0.01223475057
	-0.01431047332	-0.01723836549	-0.02063856701	-0.02416657874	-0.027678859
	-0.03119898229	-0.03479406736	-0.03846915018	-0.04213333136	-0.04524532669
	-0.04155919551	-0.0377530864	-0.03392542858	-0.03009133967	-0.02622337201
	-0.02234640849	-0.01863570637	-0.01542966191	-0.01307098567	-0.01156543197
	-0.01019664638	-0.007396238586	-0.001217877855	0.009429058318	0.02316877238
	0.03544049413	0.04042613242	0.03535556955	0.02299884985	0.009219461216
	-0.001351613179	-0.007307702095	-0.009780158912	-0.0107941994	-0.01197279815
	-0.01402934171	-0.01691603494	-0.02025467364	-0.02371019804	-0.02714806309
	-0.03059616268	-0.0341218216	-0.03772916566	-0.04132771534	-0.04445920329
	-0.04083699566	-0.03709582525	-0.03333510026	-0.02957133142	-0.02577619582
	-0.02196922938	-0.01831649735	-0.01514812114	-0.01280697623	-0.01131336503
	-0.009978883434	-0.007265887874	-0.001244412863	0.009189227368	0.02270462763
	0.03480467593	0.03972693892	0.0347234178	0.02254186766	0.008989246312
	-0.001368440641	-0.00717052198	-0.009560341953	-0.01054430553	-0.01171235862
	-0.01374936619	-0.01659438922	-0.01987122521	-0.0232543807	-0.02661819265
	-0.02999465022	-0.03345110945	-0.03699073721	-0.04052352656	-0.04367122967
	-0.04011316356	-0.0364370797	-0.03274329617	-0.02904977386	-0.0253274973
	-0.02159085669	-0.01799677987	-0.01486691449	-0.01254390858	-0.01106225661
	-0.009761448297	-0.007134926354	-0.001269647474	0.008950726094	0.02224120955
	0.03416880917	0.03902731499	0.03409110395	0.02208540001	0.008760072455
	-0.001384310842	-0.007033110587	-0.00934126183	-0.0102958306	-0.01145344206
	-0.01347054193	-0.01627341411	-0.01948820858	-0.02279912118	-0.02608924881
	-0.02939444775	-0.03278193207	-0.0362538652	-0.03972076816	-0.04288139864
	-0.0393876938	-0.03577685043	-0.03215002168	-0.02852666996	-0.02487726934
	-0.02121127228	-0.01767653348	-0.01458603235	-0.01228179104	-0.01081212672
	-0.009544356213	-0.007003350671	-0.001293560698	0.008713576644	0.02177852225
	0.03353287421	0.03832723072	0.03345861007	0.02162945407	0.008531965677
	-0.001399198848	-0.006895461245	-0.009122931645	-0.01004879416	-0.01119605863
	-0.01319286356	-0.0159530948	-0.01910561044	-0.02234441423	-0.0255612331
	-0.02879555825	-0.03211429042	-0.03551854966	-0.03891944301	-0.04208970286
	-0.03866058063	-0.03511513793	-0.0315552824	-0.02800202321	-0.02442550522
	-0.02083045783	-0.01735573699	-0.01430546445	-0.01202063198	-0.01056299617
	-0.009327623326	-0.006871157644	-0.001316130758	0.008477802268	0.02131657028
	0.03289685074	0.03762665497	0.03282591754	0.02117403748	0.008304953122
	-0.001413078935	-0.006757567456	-0.008905365386	-0.009803216566	-0.01094021857
	-0.01291632514	-0.01563341587	-0.01872341737	-0.02189025494	-0.02503414749
	-0.02819798486	-0.03144818528	-0.03478479032	-0.03811955376	-0.04129613484
	-0.03793181795	-0.03445194247	-0.03095908417	-0.02747583767	-0.02397219862
	-0.02044839483	-0.0170343685	-0.0140251998	-0.01176043975	-0.01031488654
	-0.009111266742	-0.006738344294	-0.001337335054	0.008243427387	0.02085535862
	0.03226071777	0.03692555539	0.03219300705	0.02071915833	0.008079063114
	-0.001425924551	-0.006619422921	-0.008688577992	-0.009559118964	-0.01068593212
	-0.01264092009	-0.01531436125	-0.01834161579	-0.02143663877	-0.02450799439
	-0.02760173086	-0.03078361722	-0.03405258655	-0.0373211028	-0.04050068692
	-0.03720139927	-0.0337872641	-0.03036143302	-0.02694811795	-0.02351734371
	-0.02006506463	-0.01671240531	-0.01374522665	-0.01150122271	-0.01006782031
	-0.008895304589	-0.00660490788	-0.001357150121	0.008010477667	0.02039489277
	0.03162445354	0.03622389824	0.03155985856	0.02026482523	0.007854325235
	-0.001437708278	-0.006481021571	-0.008472585413	-0.009316523358	-0.01043320956
	-0.01236664116	-0.0149959142	-0.01796019204	-0.02098356159	-0.02398277668
	-0.02700679966	-0.03012058658	-0.03332193739	-0.03652409232	-0.0397033513
	-0.03646931772	-0.0331211026	-0.02976233518	-0.02641886931	-0.02306093515
	-0.01968044842	-0.01638982393	-0.01346553242	-0.01124298912	-0.009821820813
	-0.008679756093	-0.006470845934	-0.001375551596	0.007778980101	0.01993517876
	0.03098803552	0.0355216484	0.03092645126	0.01981104732	0.007630770402
	-0.00144840179	-0.006342357605	-0.008257404686	-0.009075452634	-0.01018206112
	-0.01209348036	-0.01467805731	-0.01757913233	-0.0205310197	-0.02345849771
	-0.02641319477	-0.02945909341	-0.0325928415	-0.03572852428	-0.03890412008
	-0.03573556603	-0.03245345743	-0.02916179706	-0.02588809759	-0.02260296816
	-0.01929452733	-0.01606660006	-0.01318610364	-0.0109857472	-0.009576912331
	-0.008464641655	-0.006336156295	-0.001392514165	0.007548963098	0.0194762232
	0.03035144034	0.03481876919	0.03029276351	0.01935783437	0.007408430959
	-0.001457975809	-0.006203425528	-0.008043054011	-0.008835930599	-0.009932497012
	-0.01182142892	-0.01436077241	-0.01719842282	-0.0200790099	-0.02293516136
	-0.02582091982	-0.02879913752	-0.03186529719	-0.03493440043	-0.03810298522
	-0.03500013649	-0.03178432772	-0.02855982521	-0.0253558093	-0.02214343857
	-0.01890728236	-0.01574270849	-0.01290692589	-0.010729505	-0.009333120096
	-0.008249982933	-0.006200837163	-0.001408011527	0.007320456574	0.01901803334
	0.02971464377	0.03411522236	0.0296587728	0.01890519678	0.007187340773
	-0.001466400062	-0.006064220194	-0.00782955283	-0.008597982017	-0.009684527355
	-0.0115504772	-0.01404404061	-0.01681804963	-0.0196275295	-0.02241277199
	-0.02522997852	-0.0281407184	-0.03113930237	-0.03414172232	-0.03729993859
	-0.03426302095	-0.0311137122	-0.02795642633	-0.02482201164	-0.02168234289
	-0.0185186945	-0.01541812317	-0.01262798371	-0.01047427044	-0.009090470343
	-0.008035802932	-0.006064887143	-0.001422016338	0.00709349206	0.01856061711
	0.0290776206	0.0334109679	0.02902445568	0.01845314565	0.006967535337
	-0.00147364323	-0.005924736862	-0.007616921921	-0.008361632654	-0.00943816214
	-0.01128061464	-0.01372784223	-0.01643799886	-0.0191765764	-0.02189133452
	-0.02464037465	-0.02748383518	-0.0304148546	-0.03335049133	-0.03649497199
	-0.03352421083	-0.03044160921	-0.02735160719	-0.02428671246	-0.02121967834
	-0.01812874475	-0.0150928171	-0.01234926052	-0.01022005119	-0.008848990349
	-0.007822126108	-0.005928305305	-0.001434500168	0.006868102812	0.01810398317
	0.02844034467	0.03270596398	0.02838978774	0.01800169283	0.006749051884
	-0.001479672897	-0.005784971243	-0.007405183496	-0.008126909311	-0.009193411191
	-0.01101182969	-0.01341215677	-0.01605825662	-0.01872614912	-0.02137085443
	-0.02405211204	-0.02682848667	-0.02969195101	-0.03256070865	-0.03568807714
	-0.03278369705	-0.02976801657	-0.02674537465	-0.02374992037	-0.02075544295
	-0.01773741411	-0.01476676231	-0.01207073854	-0.009966854648	-0.008608708475
	-0.007608978468	-0.005791091248	-0.001445433442	0.006644323934	0.017648141
	0.02780278873	0.03200016677	0.02775474351	0.01755085103	0.006531929513
	-0.001484455497	-0.005644919573	-0.007194361305	-0.007893839873	-0.008950284106
	-0.01074410969	-0.01309696289	-0.01567880908	-0.01827624687	-0.02085133776
	-0.02346519453	-0.02617467123	-0.02897058836	-0.03177237532	-0.03487924578
	-0.03204147007	-0.02909293162	-0.02613773557	-0.02321164468	-0.02028963561
	-0.01734468374	-0.0144399299	-0.01179239871	-0.00971468787	-0.008369654203
	-0.007396387693	-0.00565324517	-0.001454785385	0.006422192515	0.01719310097
	0.02716492442	0.03129353035	0.02711929642	0.01710063384	0.006316209321
	-0.001487956259	-0.005504578678	-0.006984480754	-0.007662453346	-0.008708790198
	-0.01047744083	-0.01278223842	-0.01529964253	-0.01782686958	-0.02033279113
	-0.02287962595	-0.02552238685	-0.028250763	-0.03098549225	-0.03406846963
	-0.03129751987	-0.02841635111	-0.02552869681	-0.02267189546	-0.01982225615
	-0.01695053491	-0.01411228993	-0.01151422056	-0.009463557494	-0.008131858181
	-0.007184383262	-0.005514767952	-0.001462523966	0.006201747774	0.01673887441
	0.02652672217	0.03058600652	0.0264834187	0.01665105583	0.006101934555
	-0.001490139143	-0.005363946058	-0.006775569029	-0.007432779901	-0.008468938426
	-0.01021180805	-0.01246796027	-0.0149207434	-0.01737801799	-0.01981522177
	-0.02229541007	-0.024871631	-0.02753247086	-0.03020006026	-0.03325574043
	-0.03055183591	-0.02773827119	-0.02491826515	-0.02213068355	-0.0193533054
	-0.01655494915	-0.01378381142	-0.01123618212	-0.009213469654	-0.007895352263
	-0.006972996592	-0.00537566125	-0.001468615831	0.00598303122	0.0162854737
	0.02588815112	0.02987754463	0.02584708131	0.01620213268	0.005889150773
	-0.001490966781	-0.005223019977	-0.006567655238	-0.007204850918	-0.008230737317
	-0.009947194876	-0.01215410444	-0.01454209835	-0.01692969373	-0.01929863749
	-0.02171255061	-0.02422240068	-0.02681570748	-0.02941608004	-0.03244105004
	-0.02980440721	-0.02705868731	-0.02430644724	-0.02158802053	-0.01888278532
	-0.01615790828	-0.01345446237	-0.01095825978	-0.008964429884	-0.007660169548
	-0.006762261186	-0.005235927595	-0.00147302624	0.005766086834	0.01583291237
	0.02524917907	0.02916809141	0.02521025387	0.01575388123	0.005677906021
	-0.001490400408	-0.005081799568	-0.006360770558	-0.006978699023	-0.00799419487
	-0.009683583398	-0.01184064602	-0.01416369432	-0.01648189933	-0.01878304675
	-0.0211310511	-0.02357469235	-0.02610046801	-0.02863355226	-0.03162439041
	-0.02905522224	-0.0263775942	-0.02369324954	-0.02104391879	-0.01841069906
	-0.01575939455	-0.0131242097	-0.01068042819	-0.008716443007	-0.007426344425
	-0.006552212804	-0.005095570519	-0.001475718999	0.005550961261	0.01538120524
	0.0246097723	0.02845759075	0.02457290454	0.01530631963	0.005468251035
	-0.001488399796	-0.004940284948	-0.006154948399	-0.006754358136	-0.007759318459
	-0.009420954084	-0.01152755911	-0.01378551861	-0.01603463838	-0.01826845859
	-0.02055091494	-0.02292850187	-0.02538674719	-0.02785247755	-0.0308057537
	-0.02830426904	-0.0256949858	-0.0230786782	-0.02049839144	-0.01793705102
	-0.01535939069	-0.01279301926	-0.01040266013	-0.008469513015	-0.007193912601
	-0.006342889641	-0.004954594683	-0.001476656387	0.005337704025	0.01493036851
	0.02396989555	0.02774598346	0.02393499993	0.01485946743	0.005260239453
	-0.001484923177	-0.004798477356	-0.005950224588	-0.006531863506	-0.007526114713
	-0.009159285681	-0.01121481689	-0.01340755899	-0.01558791553	-0.01775488266
	-0.01997214524	-0.02228382449	-0.02467453937	-0.02707285654	-0.02998513227
	-0.02755153516	-0.02501085519	-0.02246273908	-0.01995145239	-0.01746184704
	-0.01495788006	-0.01246085578	-0.01012492631	-0.008223642918	-0.006962911143
	-0.006134332524	-0.004813006031	-0.00147579908	0.005126367769	0.01448041992
	0.02332951187	0.02703320705	0.02329650497	0.01441334579	0.005053928057
	-0.001479927173	-0.0046563793	-0.005746637562	-0.006311251745	-0.007294589377
	-0.008898555063	-0.01090239155	-0.01302980379	-0.01514173663	-0.01724232923
	-0.01939474482	-0.02164065482	-0.02396383856	-0.02629468992	-0.02916251877
	-0.02679700771	-0.02432519456	-0.02184543752	-0.01940311626	-0.01698509441
	-0.01455484677	-0.01212768297	-0.009847195252	-0.007978834589	-0.006733378503
	-0.005926585132	-0.004670811969	-0.001473106076	0.004917008522	0.01403137893
	0.02268858246	0.0263191954	0.02265738281	0.01396797759	0.004849377041
	-0.00147336671	-0.004513994734	-0.005544228588	-0.006092560864	-0.007064747163
	-0.008638737086	-0.01059025431	-0.01265224199	-0.01469610879	-0.01673080913
	-0.01881871612	-0.02099898673	-0.02325463838	-0.02551797846	-0.02833790622
	-0.02604067342	-0.02363799511	-0.02122677835	-0.01885339839	-0.01650680203
	-0.01415027583	-0.01179346343	-0.009569433127	-0.007735088574	-0.006505354541
	-0.005719694235	-0.00452802156	-0.001468534613	0.004709685986	0.01358326686
	0.02204706657	0.02560387848	0.02201759463	0.01352338763	0.004646650302
	-0.001465194944	-0.004371329255	-0.005343041998	-0.0058758303	-0.006836591573
	-0.008379804426	-0.01027837545	-0.01227486341	-0.01425104047	-0.01622033375
	-0.0182440611	-0.02035881338	-0.02254693218	-0.02474272306	-0.02751128807
	-0.0252825186	-0.02294924703	-0.02060676571	-0.01830231477	-0.0160269805
	-0.01374415334	-0.01145815875	-0.009291603539	-0.007492403879	-0.006278880542
	-0.005513709954	-0.004384645753	-0.001462040084	0.004504463868	0.01313610714
	0.02140492135	0.02488718199	0.02137709956	0.01307960285	0.004445815777
	-0.001455363173	-0.004228390332	-0.005143125452	-0.005661100927	-0.006610124694
	-0.008121727401	-0.009966724305	-0.0118976588	-0.01380654161	-0.015710915
	-0.01767078116	-0.01972012713	-0.02184071299	-0.0239689248	-0.02668265825
	-0.02452252928	-0.02225893942	-0.01998540293	-0.01774988199	-0.01554564225
	-0.01333646665	-0.01112172952	-0.009013667353	-0.007250777732	-0.006053999221
	-0.00530868605	-0.004240697647	-0.001453575957	0.004301410247	0.01268992554
	0.02076210162	0.02416902694	0.02073585444	0.01263665258	0.0042469458
	-0.001443820755	-0.004085187564	-0.004944530225	-0.005448415072	-0.006385346967
	-0.007864473788	-0.009655269326	-0.01152062004	-0.01336262366	-0.01520256524
	-0.01709887703	-0.01908291954	-0.02113597362	-0.023196585	-0.0258520113
	-0.02376069123	-0.02156706027	-0.01936269241	-0.01719611717	-0.01506280163
	-0.0129272046	-0.01078413541	-0.008735582478	-0.007010205297	-0.005830754705
	-0.005104680243	-0.004096192795	-0.001443093691	0.004100597976	0.01224475042
	0.02011855975	0.02344932923	0.02009381366	0.01219456879	0.004050117525
	-0.00143051502	-0.003941732987	-0.004747311523	-0.005237816506	-0.006162256925
	-0.007608008625	-0.009343978122	-0.01114374036	-0.01291929975	-0.01469529723
	-0.01652834868	-0.01844718131	-0.02043270668	-0.02242570526	-0.0250193424
	-0.02299699006	-0.0208735964	-0.01873863544	-0.01664103785	-0.01457847504
	-0.01251635773	-0.01044533525	-0.008457303651	-0.006770679366	-0.005609192516
	-0.004901754561	-0.003951149549	-0.001430542648	0.00390210515	0.01180061305
	0.01947424537	0.02272799913	0.01945092896	0.01175338641	0.003855413379
	-0.001415391187	-0.003798041415	-0.004551528833	-0.005029350421	-0.005940850887
	-0.007352294002	-0.009032817552	-0.01076701447	-0.01247658472	-0.01418912405
	-0.01595919516	-0.0178129023	-0.01973090468	-0.02165628752	-0.0241846475
	-0.02223141128	-0.02017853342	-0.01811323204	-0.01608466187	-0.01409268103
	-0.0121039186	-0.01010528717	-0.008178782203	-0.006532189985	-0.005389359508
	-0.004699975721	-0.003805589466	-0.001415870016	0.003706015617	0.011357548
	0.01882910521	0.02200494072	0.01880714916	0.01131314371	0.003662921588
	-0.001398392285	-0.003654130849	-0.004357246303	-0.004823063384	-0.005721122604
	-0.007097288835	-0.008721753825	-0.01039043889	-0.01203449526	-0.01368405895
	-0.01539141451	-0.01718007145	-0.01903056006	-0.02088833413	-0.02334792341
	-0.02146394048	-0.01948185577	-0.01748648079	-0.01552700718	-0.01360544039
	-0.01168988205	-0.009763948729	-0.007899965816	-0.006294724041	-0.005171303789
	-0.004499415563	-0.00365953778	-0.001399020735	0.003512419567	0.0109155935
	0.01818308277	0.02128005123	0.01816241992	0.01087388273	0.003472736764
	-0.001379459071	-0.003510022938	-0.004164533174	-0.004619003261	-0.005503062866
	-0.006842948638	-0.008410752648	-0.01001401219	-0.01159304995	-0.01318011528
	-0.01482500357	-0.01654867685	-0.01833166533	-0.02012184789	-0.02250916785
	-0.02069456338	-0.01878354665	-0.01685837861	-0.01496809171	-0.01311677624
	-0.01127424557	-0.009421277152	-0.007620798279	-0.006058264778	-0.004955074599
	-0.004300151507	-0.003513023943	-0.001379937427	0.003321414195	0.01047479197
	0.01753611802	0.02055322029	0.01751668344	0.01043564972	0.003284960571
	-0.001358529969	-0.00336574353	-0.003973464236	-0.004417219105	-0.005286659033
	-0.006589225284	-0.008099779411	-0.009637735266	-0.01115226937	-0.01267730626
	-0.01425995789	-0.01591870571	-0.01763421314	-0.01935683209	-0.02166837955
	-0.01992326608	-0.01808358809	-0.0162289206	-0.01440793308	-0.01262671409
	-0.01085700965	-0.009077229564	-0.00734121923	-0.005822791249	-0.004740722139
	-0.004102267075	-0.003366082269	-0.001358560351	0.003133104454	0.01003519058
	0.01688814711	0.01982432907	0.01686987812	0.009998495779	0.003099702486
	-0.001335541018	-0.003221323306	-0.003784120352	-0.004217760995	-0.005071894506
	-0.006336066757	-0.007788799425	-0.009261611726	-0.01071217611	-0.01217564481
	-0.01369627149	-0.01529014439	-0.01693819642	-0.01859329061	-0.02082555834
	-0.01915003514	-0.01738196102	-0.0155980998	-0.01384654834	-0.01213528188
	-0.01043817822	-0.00873176333	-0.007061163906	-0.005588277677	-0.004528297334
	-0.003905852454	-0.003218752683	-0.001334827369	0.002947603921	0.00959684189
	0.01623910192	0.01909324934	0.01622193818	0.009562477458	0.002917080662
	-0.001310425836	-0.003076798528	-0.00359658902	-0.004020679813	-0.004858748115
	-0.006083416914	-0.007477778219	-0.00888564823	-0.01027279484	-0.01167514333
	-0.01313393677	-0.01466297851	-0.01624360848	-0.01783122791	-0.01998070518
	-0.01837485785	-0.01667864533	-0.01496590699	-0.01328395366	-0.01164250997
	-0.0100177591	-0.008384836465	-0.006780562902	-0.005354692725	-0.004317851521
	-0.003711005121	-0.003071081601	-0.001308673945	0.002765035783	0.00915980464
	0.01558890969	0.01835984224	0.01557279321	0.009127657601	0.002737222927
	-0.001283115621	-0.002932211921	-0.003410964993	-0.003826026941	-0.004647193413
	-0.005831215247	-0.007166681921	-0.008509854914	-0.009834152246	-0.01117581337
	-0.01257294431	-0.01403719296	-0.01555044323	-0.01707064908	-0.01913382223
	-0.01759772241	-0.01597362004	-0.01433233049	-0.0127201639	-0.01114843108
	-0.009595764457	-0.008036408137	-0.006499341948	-0.005121998662	-0.004109436029
	-0.003517830523	-0.002923122978	-0.001280033189	0.002585533981	0.008724144693
	0.01493749244	0.01762395701	0.01492236771	0.008694106258	0.002560267923
	-0.001253539195	-0.002787613712	-0.003227350966	-0.003633853863	-0.004437197867
	-0.005579396666	-0.006855477728	-0.008134245836	-0.009396277031	-0.01067766533
	-0.01201328274	-0.01341277209	-0.01485869527	-0.01631155986	-0.01828491286
	-0.01681861816	-0.01526686347	-0.01369735597	-0.01215519217	-0.01065308017
	-0.009172211412	-0.007686439299	-0.006217421728	-0.004890150391	-0.003903101629
	-0.003326442817	-0.002774939543	-0.001248835963	0.002409244522	0.00828993613
	0.01428476646	0.01688542942	0.0142705805	0.008261901813	0.002386366435
	-0.001221623103	-0.002643062869	-0.003045858315	-0.003444211633	-0.00422872192
	-0.005327891323	-0.006544134487	-0.007758839455	-0.008959199753	-0.01018070805
	-0.01145493857	-0.01278969986	-0.01416836009	-0.01555396662	-0.01743398158
	-0.01603753586	-0.01455835351	-0.01306096632	-0.01158904934	-0.0101564942
	-0.008747122539	-0.007334893465	-0.005934717751	-0.004659094342	-0.003698897812
	-0.003136965676	-0.002626604281	-0.001215011059	0.002236327015	0.007857262593
	0.01363064162	0.01614407985	0.01361734408	0.007831132326	0.002215682922
	-0.001187291797	-0.002498628576	-0.002866607903	-0.003257150175	-0.004021717917
	-0.005076624481	-0.006232623415	-0.007383659141	-0.008522952634	-0.009684948368
	-0.0108978961	-0.01216796005	-0.01347943428	-0.01479787632	-0.01658103406
	-0.01525446787	-0.01384806795	-0.0124231415	-0.01102174336	-0.009658711816
	-0.008320526475	-0.006981737653	-0.005651140324	-0.004428767204	-0.003496871858
	-0.002949533151	-0.002478202202	-0.001178485507	0.002066956462	0.007426218899
	0.01297502061	0.01539971117	0.01296256385	0.007401897167	0.00204839732
	-0.001150467939	-0.002354391999	-0.002689730945	-0.003072717378	-0.003816128876
	-0.004825516479	-0.005920918978	-0.0070087337	-0.008087569243	-0.009190390596
	-0.01034213735	-0.01154753655	-0.01279191566	-0.01404329643	-0.01572607692
	-0.01446940847	-0.01313598488	-0.01178385853	-0.01045327869	-0.009159772824
	-0.007892458492	-0.00662694354	-0.005366594645	-0.004199094475	-0.003297067613
	-0.002764290579	-0.002329832478	-0.001139185036	0.001901325356	0.006996913012
	0.01231779806	0.01465210602	0.01230613728	0.006974309003	0.001884707146
	-0.001111072862	-0.002210448422	-0.00251536992	-0.002890957908	-0.003611887072
	-0.004574482816	-0.005608999974	-0.006634097899	-0.007653084048	-0.00869703596
	-0.009787642056	-0.01092841373	-0.01210580348	-0.01329023482	-0.01486911758
	-0.01368235397	-0.0124220832	-0.01114309158	-0.009883655503	-0.008659717536
	-0.007462961047	-0.006270488856	-0.005080981106	-0.003969988807	-0.003099523911
	-0.002581395519	-0.002181611021	-0.00109703476	0.001739646162	0.006569468483
	0.01165885948	0.01390102365	0.01164795285	0.006548496255	0.001724829984
	-0.001069027258	-0.002066909817	-0.002343679517	-0.00271191167	-0.003408912436
	-0.00432343443	-0.005296850831	-0.006259792953	-0.007219531788	-0.008204881966
	-0.009234387761	-0.01031057681	-0.01142109853	-0.0125386996	-0.01401016401
	-0.01289330293	-0.01170634318	-0.01050081214	-0.009312868925	-0.008158585829
	-0.007032084243	-0.005912359064	-0.004794195853	-0.003741348155	-0.002904272522
	-0.002401018691	-0.002033673636	-0.00105196018	0.001582154266	0.006144027476
	0.01099808007	0.01314619599	0.01098788886	0.006124606142	0.001569006447
	-0.001024252178	-0.001923907996	-0.002174827572	-0.002535611799	-0.003207110743
	-0.00407227823	-0.004984463184	-0.005885866943	-0.006786946635	-0.007713921747
	-0.008682350031	-0.00969401238	-0.01073780323	-0.01178869885	-0.01314922433
	-0.01210225619	-0.01098874717	-0.00985698947	-0.008740908268	-0.007656415934
	-0.006599886138	-0.005552549358	-0.00450613176	-0.003513053703	-0.002711335489
	-0.002223344835	-0.001886179863	-0.001003888634	0.001429111494	0.005720754573
	0.01033532322	0.01238732282	0.01032581198	0.005702808515	0.001417503698
	-0.0009766704843	-0.001781598448	-0.002008995948	-0.002362082053	-0.003006371596
	-0.003820918015	-0.004671837751	-0.005512375081	-0.006355361081	-0.007224143398
	-0.008131502847	-0.009078708922	-0.01005592163	-0.01104024035	-0.01228630643
	-0.0113092168	-0.01026928025	-0.009211591221	-0.008167756288	-0.007153242879
	-0.006166432797	-0.005191067017	-0.004216679924	-0.00328496761	-0.002520721657
	-0.002048573414	-0.001739317726	-0.0009527513692	0.001280810346	0.005299841622
	0.009670438851	0.01162406575	0.009661575599	0.005283300731	0.001270619696
	-0.0009262089241	-0.001640165081	-0.001846381247	-0.002191333413	-0.002806566215
	-0.003569255907	-0.004358986544	-0.005139379729	-0.005924804521	-0.006735529374
	-0.007581819198	-0.008464657415	-0.009375459321	-0.01029333127	-0.01142141747
	-0.01051418976	-0.009547931023	-0.008564584401	-0.007593388593	-0.006649096522
	-0.005731797925	-0.004827934121	-0.003925731934	-0.003056930622	-0.002332422161
	-0.001876918982	-0.001593309606	-0.0008984865336	0.001137579114	0.004881513982
	0.009003261316	0.01085604058	0.008995017759	0.004866313936	0.001128688328
	-0.0008728011236	-0.001499826087	-0.001687195204	-0.002023359651	-0.00260754511
	-0.003317194518	-0.00404593543	-0.004766950037	-0.005495301472	-0.006248056011
	-0.007033271959	-0.007851851898	-0.008696423125	-0.0095479777	-0.01055456334
	-0.009717181519	-0.008824692247	-0.007915936691	-0.007017773338	-0.006143999174
	-0.005296061868	-0.004463190615	-0.00363318318	-0.002828759693	-0.002146404529
	-0.001708610952	-0.001448419555	-0.0008410434806	0.0009997881261	0.004466038693
	0.008333606909	0.0100828075	0.008325958716	0.004452121272	0.0009920856528
	-0.0008163918996	-0.001360841258	-0.001531664479	-0.001858131529	-0.002409135747
	-0.003064640133	-0.003732727005	-0.00439516097	-0.005066869402	-0.005761693335
	-0.006485835062	-0.007240289978	-0.008018820663	-0.008804184336	-0.009685748221
	-0.008918199265	-0.008099561303	-0.007265618148	-0.006440871407	-0.00563796279
	-0.004859309691	-0.004096897583	-0.003338937589	-0.002600245867	-0.001962604985
	-0.001543892316	-0.001304962458	-0.000780389032	0.0008678573808	0.004053735352
	0.007661270855	0.00930385832	0.007654197967	0.004041048806	0.0008612375494
	-0.0007569435292	-0.001223521126	-0.00138002942	-0.00169558923	-0.00221114047
	-0.002811507265	-0.003419423684	-0.004024091469	-0.004639516194	-0.005276405307
	-0.00593948501	-0.006629973142	-0.007342659659	-0.008061954096	-0.008814974215
	-0.008117249829	-0.007372540303	-0.006613603265	-0.005862637365	-0.005130985873
	-0.00442162792	-0.003729140505	-0.003042914286	-0.002371152897	-0.001780918409
	-0.001383016599	-0.001163315529	-0.0007165166728	0.0007422659502	0.003644990848
	0.006986023624	0.008518599416	0.006979510638	0.003633490333	0.000736629127
	-0.0006944449563	-0.001088238467	-0.00123254107	-0.001535632454	-0.00201333514
	-0.002557725078	-0.003106110742	-0.003653821353	-0.004213237357	-0.004792150792
	-0.005394202682	-0.006020906734	-0.006667947025	-0.007321287933	-0.007942241303
	-0.007314338441	-0.00664363559	-0.005959873259	-0.005283021537	-0.004623050373
	-0.003983099472	-0.00336003193	-0.002745056789	-0.002141217456	-0.001601185281
	-0.00122624181	-0.001023932765	-0.0006494602483	0.0006235635759	0.003240279802
	0.006307606418	0.007726328557	0.006301643054	0.003229927888	0.0006188163222
	-0.0006289255057	-0.0009554427322	-0.001089455199	-0.001378107554	-0.001815469343
	-0.002303246272	-0.002792898801	-0.003284426504	-0.003788013259	-0.004308885565
	-0.004849975299	-0.005413099384	-0.00599468779	-0.00658218488	-0.007067547698
	-0.006509467399	-0.005912856378	-0.00530441822	-0.004701973604	-0.004114119202
	-0.003543796217	-0.002989712568	-0.00244534541	-0.001910152448	-0.001423174912
	-0.001073819358	-0.0008873630036	-0.0005793147225	0.000512384931	0.002840193621
	0.005625725672	0.006926202495	0.005620307351	0.002830960904	0.0005084401582
	-0.0005604756659	-0.0008256781035	-0.000951021332	-0.001222790972	-0.001617269624
	-0.002048059057	-0.002479924757	-0.002915971824	-0.003363806999	-0.003826565702
	-0.004306798216	-0.004806561672	-0.005322884023	-0.005844642464	-0.006190890728
	-0.005702635055	-0.005180212366	-0.004647238466	-0.004119448	-0.003604135522
	-0.00310376878	-0.002618348995	-0.002143813346	-0.001677656035	-0.001246564388
	-0.000925974409	-0.0007542721143	-0.0005062683254	0.000409466922	0.002445483088
	0.0049400464	0.006117190205	0.004935174982	0.002437348929	0.0004062440295
	-0.0004892792721	-0.0006996056686	-0.0008174632579	-0.001069368447	-0.001418448363
	-0.001792202725	-0.002167349419	-0.002548501618	-0.002940563991	-0.003345152577
	-0.003764675916	-0.004201303915	-0.004652534091	-0.005108657563	-0.00531226817
	-0.004893835657	-0.004445710447	-0.00398834403	-0.003535410907	-0.003093025691
	-0.002663033856	-0.002246124891	-0.00184056617	-0.001443430918	-0.00107091355
	-0.0007828715893	-0.0006254690443	-0.0004306536588	0.0003156688705	0.002057123085
	0.004250184468	0.005298002771	0.004245869204	0.002050076523	0.0003130938455
	-0.0004156646626	-0.000578029459	-0.0006889449665	-0.0009174103004	-0.001218722728
	-0.001535786458	-0.001855348869	-0.002182027688	-0.002518215057	-0.002864619255
	-0.00322362123	-0.003597333225	-0.00398363273	-0.00437422758	-0.004431679599
	-0.004083060616	-0.003709351358	-0.003327750957	-0.002949847427	-0.002580708524
	-0.002221561154	-0.001873221135	-0.001535801925	-0.001207221333	-0.0008956391026
	-0.000644555344	-0.0005019328528	-0.0003530314858	0.0002319934682	0.001676415511
	0.003555698446	0.004466983169	0.003551957247	0.001670456404	0.0002299989047
	-0.0003401885434	-0.0004619234704	-0.0005655113498	-0.0007663458852	-0.001017851087
	-0.00127900863	-0.001544095027	-0.00181651727	-0.002096685491	-0.002384956822
	-0.002683651629	-0.002994650668	-0.003316172377	-0.003641351545	-0.00354912695
	-0.00327030121	-0.002971128181	-0.002665473845	-0.002362765051	-0.002067113138
	-0.001779266486	-0.001499778979	-0.001229822584	-0.0009688789822	-0.0007199991901
	-0.0005108463369	-0.0003848296342	-0.0002743334331	0.0001596005594	0.001305161896
	0.002856084525	0.003621921354	0.002852945698	0.001300302367	0.0001581255333
	-0.0002637788069	-0.0003524485671	-0.0004469851266	-0.0006154485089	-0.000815697888
	-0.001022167399	-0.001233719952	-0.001451887188	-0.001675912072	-0.001906177017
	-0.002144782239	-0.002393250271	-0.002650145664	-0.002910030449	-0.002664613725
	-0.002455551297	-0.002231028835	-0.002001517329	-0.00177418711	-0.001552202315
	-0.001336025601	-0.001125845313	-0.0009230115784	-0.0007284703854	-0.0005431216795
	-0.0003811648589	-0.0002754822017	-0.0001961147662	9.978357595e-05	0.0009459777132
	0.002150782366	0.002759721271	0.002148286998	0.0009422441172	9.877320528e-05
	-0.0001879874649	-0.0002509221542	-0.0003327910754	-0.0004638640139	-0.0006123390654
	-0.0007656376765	-0.0009242633911	-0.001088018163	-0.001255864692	-0.001428305393
	-0.001607018266	-0.001793121629	-0.001985547727	-0.002180266413	-0.00177814347
	-0.001638807756	-0.001489041697	-0.001335873641	-0.001184134503	-0.001035983747
	-0.0008917242211	-0.0007513296584	-0.0006157245766	-0.0004864062854	-0.0003641798646
	-0.0002542425641	-0.0001751762561	-0.0001210192673	5.380976144e-05	0.0006029055175
	0.00143925497	0.001875695584	0.001437460381	0.0006003408859	5.321467616e-05
	-0.000115456193	-0.0001586239767	-0.0002216695978	-0.0003107860769	-0.0004081877097
	-0.0005097634768	-0.0006156329989	-0.0007248032611	-0.0008365557825	-0.0009513640168
	-0.001070353339	-0.001194255102	-0.001322376387	-0.001452061325	-0.0008897192839
	-0.0008200683424	-0.0007451587503	-0.000668529326	-0.0005926095705	-0.0005184868486
	-0.0004463179721	-0.0003760539367	-0.0003080901303	-0.000243402014	-0.0001829044323
	-0.0001279159216	-8.427810365e-05	-5.367318397e-05	2.215036266e-05	0.0002829315906
	0.0007211763058	0.0009620161704	0.0007201545245	0.0002816062397	2.192240058e-05
	-5.081093392e-05	-7.591299167e-05	-0.0001114749464	-0.0001559626775	-0.0002039516374
	-0.0002546647858	-0.0003076548231	-0.0003622044375	-0.0004180176633	-0.0004753574951
	-0.0005347767787	-0.0005966447892	-0.0006606300086	-0.0007254162033	  0
	  0	  0	  0	  0	  0
	  0	  0	  0	  0	  0
	  0	  0	  0	  0	  0
	  0	  0	  0	  0	  0
	  0	  0	  0	  0	  0
	  0	  0	  0	  0	  0
	  0	  0	  0	  0	