3060	
	8.144373207e-39	-4.365278591e-09	4.156054439e-09	6.210433548e-08	2.031309941e-07
	4.176868212e-07	6.012435881e-07	6.391281716e-07	6.64233294e-07	1.066705787e-06
	1.805847929e-06	1.761886976e-06	-6.527738993e-08	-1.731504975e-06	1.440771178e-06
	9.61562911e-06	1.111892672e-05	-8.498542322e-06	-3.886156007e-05	-3.208163792e-05
	5.237389524e-05	0.0001634861801	0.000140001419	-0.0001508739479	-0.0005970067831
	-0.0008264543883	-0.0005964344595	-0.000150241982	0.0001402574686	0.0001633754998
	5.217634009e-05	-3.215676023e-05	-3.881185464e-05	-8.429994105e-06	1.113781902e-05
	9.596173077e-06	1.422506924e-06	-1.732537577e-06	-5.862221941e-08	1.765015696e-06
	1.804627621e-06	1.06524341e-06	6.642752602e-07	6.39686753e-07	6.013822725e-07
	4.175127072e-07	2.030167269e-07	6.211322019e-08	4.182417666e-09	-4.361721141e-09
	8.099726896e-39	6.849132334e-39	-4.230234835e-09	4.881981877e-09	6.204721839e-08
	1.983622442e-07	4.071062417e-07	5.9231466e-07	6.389664396e-07	6.588321935e-07
	1.02620995e-06	1.739199296e-06	1.75220984e-06	4.411238442e-08	-1.634301124e-06
	1.241168833e-06	9.096520566e-06	1.088208531e-05	-7.669400034e-06	-3.721928669e-05
	-3.151738559e-05	4.979137197e-05	0.0001583159315	0.0001365589921	-0.0001472786808
	-0.0005849358862	-0.0008105735393	-0.000584367035	-0.0001466566336	0.0001368062204
	0.0001582065114	4.960194348e-05	-3.158687212e-05	-3.717027952e-05	-7.604519952e-06
	1.089892253e-05	9.077667035e-06	1.224272796e-06	-1.634862113e-06	5.03933236e-08
	1.754958163e-06	1.737971924e-06	1.024904554e-06	6.589436004e-07	6.394974545e-07
	5.924262243e-07	4.069401622e-07	1.982640111e-07	6.205961013e-08	4.904337764e-09
	-4.228882546e-09	6.813847313e-39	5.760848872e-39	-4.138037153e-09	5.507231709e-09
	6.199671779e-08	1.938396611e-07	3.966832886e-07	5.828935254e-07	6.380096738e-07
	6.538971968e-07	9.879697111e-07	1.673657559e-06	1.738702931e-06	1.471542676e-07
	-1.536093024e-06	1.055421154e-06	8.591931021e-06	1.063750173e-05	-6.876029305e-06
	-3.561194854e-05	-3.094480005e-05	4.727311496e-05	0.0001532304563	0.0001331659584
	-0.0001437025533	-0.0005729450349	-0.0007947966187	-0.0005723804704	-0.000143091003
	0.0001334044034	0.0001531224356	4.709168951e-05	-3.100888662e-05	-3.556372099e-05
	-6.814709921e-06	1.065241572e-05	8.573705414e-06	1.039833544e-06	-1.536233479e-06
	1.530626543e-07	1.741097328e-06	1.672435501e-06	9.868146295e-07	6.540693868e-07
	6.385122202e-07	5.829809463e-07	3.965264036e-07	1.937565314e-07	6.201185494e-08
	5.525702885e-09	-4.138653312e-09	5.734344449e-39	4.868761995e-39	-4.084399176e-09
	6.034442675e-09	6.194103231e-08	1.895492392e-07	3.864350156e-07	5.730222578e-07
	6.362548262e-07	6.493426989e-07	9.519191467e-07	1.609321593e-06	1.721571617e-06
	2.438789463e-07	-1.437170811e-06	8.831881384e-07	8.10188723e-06	1.038561078e-05
	-6.11795996e-06	-3.403935705e-05	-3.036399408e-05	4.481873034e-05	0.000148229023
	0.0001298214935	-0.0001401457862	-0.0005610333798	-0.0007791222074	-0.0005604738738
	-0.0001395452709	0.0001300512041	0.0001481225329	4.464517772e-05	-3.042291411e-05
	-3.399198548e-05	-6.060093494e-06	1.039872939e-05	8.084311696e-06	8.688495266e-07
	-1.436939358e-06	2.494178498e-07	1.723637917e-06	1.608116072e-06	9.509074546e-07
	6.495674833e-07	6.367283411e-07	5.730884311e-07	3.862883005e-07	1.894802525e-07
	6.195821972e-08	6.049185976e-09	-4.086749982e-09	4.8504175e-39	4.16094918e-39
	-4.064803856e-09	6.46694707e-09	6.186900119e-08	1.854762246e-07	3.763766362e-07
	5.62743101e-07	6.337020944e-07	6.450848773e-07	9.17988711e-07	1.54628556e-06
	1.701022737e-06	3.343229777e-07	-1.337823077e-06	7.241262165e-07	7.62641597e-06
	1.012685177e-05	-5.394724813e-06	-3.250133735e-05	-2.977508703e-05	4.242783808e-05
	0.0001433109197	0.0001265247759	-0.0001366086108	-0.0005492000779	-0.0007635488872
	-0.0005486463606	-0.0001360196293	0.0001267458115	0.0001432060831	4.226202181e-05
	-2.982907144e-05	-3.245489319e-05	-5.340203216e-06	1.013829889e-05	7.609509454e-06
	7.109776198e-07	-1.337265895e-06	3.394967812e-07	1.702786095e-06	1.545106669e-06
	9.171132629e-07	6.453545419e-07	6.341463323e-07	5.627908282e-07	3.762408883e-07
	1.854204001e-07	6.188761027e-08	6.478148796e-09	-4.068660731e-09	4.150113885e-39
	3.624436531e-39	-4.074586504e-09	6.808737029e-09	6.17701769e-08	1.816051796e-07
	3.665214757e-07	5.520983398e-07	6.30354941e-07	6.410418808e-07	8.861052529e-07
	1.484638667e-06	1.677264547e-06	4.185291087e-07	-1.23833676e-06	5.778878239e-07
	7.165543785e-06	9.861668959e-06	-4.70585922e-06	-3.09977285e-05	-2.917820537e-05
	4.010007211e-05	0.0001384754544	0.0001232749867	-0.0001330912703	-0.0005374442926
	-0.0007480752393	-0.0005368970534	-0.0001325142827	0.0001234874171	0.0001383723863
	3.99418498e-05	-2.922748237e-05	-3.095227828e-05	-4.654574257e-06	9.871564464e-06
	7.149322096e-06	5.658707875e-07	-1.237497601e-06	4.233434338e-07	1.678749409e-06
	1.4834954e-06	8.85358723e-07	6.413491902e-07	6.307699517e-07	5.52130316e-07
	3.663973212e-07	1.815615255e-07	6.178964543e-08	6.816608218e-09	-4.079728243e-09
	3.620439319e-39	3.245334556e-39	-4.109004029e-09	7.06441736e-09	6.163489213e-08
	1.779200637e-07	3.568809213e-07	5.411301598e-07	6.262201089e-07	6.371340304e-07
	8.561920459e-07	1.424464915e-06	1.650506657e-06	4.96546608e-07	-1.138997016e-06
	4.44120962e-07	6.719296687e-06	9.590512042e-06	-4.050900586e-06	-2.952838384e-05
	-2.857348322e-05	3.783508059e-05	0.0001337219557	0.0001200713098	-0.0001295940197
	-0.000525765193	-0.0007326998435	-0.0005252250816	-0.0001290294486	0.0001202752145
	0.0001336207636	3.768430425e-05	-2.861827814e-05	-2.948398921e-05	-4.002743921e-06
	9.598971792e-06	6.703772579e-06	4.331776381e-07	-1.137917212e-06	5.0100824e-07
	1.651736723e-06	1.423365196e-06	8.555669673e-07	6.374722302e-07	6.266062149e-07
	5.411489623e-07	3.567688231e-07	1.778875855e-07	6.165472357e-08	7.069189107e-09
	-4.115218764e-09	3.247493287e-39	3.008988324e-39	-4.16329778e-09	7.239149925e-09
	6.145432086e-08	1.744043267e-07	3.47464377e-07	5.298804956e-07	6.213076302e-07
	6.332840324e-07	8.281688297e-07	1.365842829e-06	1.620959941e-06	5.684316127e-07
	-1.04008706e-06	3.224687486e-07	6.287699825e-06	9.313836556e-06	-3.429387808e-06
	-2.809317124e-05	-2.796106295e-05	3.563252607e-05	0.0001290497732	0.000116912931
	-0.0001261171272	-0.0005141619545	-0.0007174212776	-0.0005136295817	-0.0001255653584
	0.0001171083992	0.0001289505569	3.548904247e-05	-2.800159813e-05	-2.804988905e-05
	-3.3842511e-06	9.320972381e-06	6.272883071e-06	3.125419718e-07	-1.038805541e-06
	5.725484263e-07	1.621958131e-06	1.364793547e-06	8.276576342e-07	6.336468496e-07
	6.216654042e-07	5.298885731e-07	3.473646426e-07	1.743820361e-07	6.147408319e-08
	7.241068793e-09	-4.170384763e-09	3.016618804e-39	2.900138145e-39	-4.2327532e-09
	7.338591497e-09	6.122053394e-08	1.710410126e-07	3.382792235e-07	5.183908667e-07
	6.156308263e-07	6.29417205e-07	8.019518658e-07	1.30884518e-06	1.588836427e-06
	6.342474898e-07	-9.418879738e-07	2.125689519e-07	5.870777102e-06	9.032104378e-06
	-2.840860684e-06	-2.669197346e-05	-2.73410959e-05	3.349208578e-05	0.0001244582785
	0.0001137990383	-0.0001226608749	-0.0005026337581	-0.0007022381157	-0.0005021096969
	-0.0001221222585	0.0001139861683	0.0001243611307	3.335573678e-05	-2.737759046e-05
	-2.664985578e-05	-2.798635675e-06	9.038024069e-06	5.856674578e-06	2.036023145e-07
	-9.404412858e-07	6.380283749e-07	1.589624851e-06	1.307852219e-06	8.015469232e-07
	6.297988472e-07	6.159610674e-07	5.183905305e-07	3.381920138e-07	1.710279352e-07
	6.123985815e-08	7.337915067e-09	-4.24052436e-09	2.912562609e-39	2.903089023e-39
	-4.312757613e-09	7.368825962e-09	6.092654916e-08	1.678128719e-07	3.293307859e-07
	5.067022028e-07	6.092062969e-07	6.254617175e-07	7.774540102e-07	1.253538685e-06
	1.55434917e-06	6.94065213e-07	-8.446784794e-07	1.140535092e-07	5.468550748e-06
	8.745784208e-06	-2.284859247e-06	-2.53246885e-05	-2.671374306e-05	3.141345188e-05
	0.0001199468659	0.0001107288212	-0.0001192255599	-0.0004911797902	-0.0006871489275
	-0.0004906645766	-0.0001187004112	0.0001109077202	0.0001198518721	3.128407475e-05
	-2.674641277e-05	-2.528378265e-05	-2.245437861e-06	8.750591508e-06	5.455166517e-06
	1.059914352e-07	-8.431007997e-07	6.975200006e-07	1.55494909e-06	1.252606959e-06
	7.771476676e-07	6.2585687e-07	6.095100074e-07	5.066956179e-07	3.292561247e-07
	1.678080547e-07	6.094512728e-08	7.365818542e-09	-4.321038902e-09	2.919644059e-39
	3.001887654e-39	-4.398856626e-09	7.336291379e-09	6.056637562e-08	1.647024821e-07
	3.206223105e-07	4.948546583e-07	6.020538959e-07	6.213488417e-07	7.545848071e-07
	1.199983695e-06	1.517712079e-06	7.479637561e-07	-7.487346677e-07	2.654802916e-08
	5.081040842e-06	8.455352079e-06	-1.760923052e-06	-2.399122996e-05	-2.607917594e-05
	2.939633174e-05	0.0001155149532	0.0001077014704	-0.0001158114953	-0.000479799243
	-0.0006721522768	-0.0004792933768	-0.0001153000953	0.0001078722541	0.0001154221918
	2.927375952e-05	-2.610823302e-05	-2.395157857e-05	-1.724197486e-06	8.459146679e-06
	5.068376243e-06	1.933584756e-08	-7.470578289e-07	7.511031435e-07	1.518143884e-06
	1.199117188e-06	7.543694271e-07	6.217526641e-07	6.023322567e-07	4.948438364e-07
	3.205600938e-07	1.647050005e-07	6.058395829e-08	7.331219923e-09	-4.407489112e-09
	3.021931488e-39	3.180505719e-39	-4.486809069e-09	7.247702369e-09	6.013505166e-08
	1.616923752e-07	3.12154951e-07	4.828874169e-07	5.941966906e-07	6.170132167e-07
	7.332506048e-07	1.148233871e-06	1.479139724e-06	7.960305023e-07	-6.543296848e-07
	-5.032872224e-08	4.708264776e-06	8.161291881e-06	-1.268590383e-06	-2.269152742e-05
	-2.543757739e-05	2.744044824e-05	0.0001111619824	0.0001047161778	-0.0001124190112
	-0.0004684913136	-0.0006572467206	-0.0004679952597	-0.0001119216082	0.0001048789701
	0.0001110715252	2.732451003e-05	-2.546323039e-05	-2.265316845e-05	-1.234453207e-06
	8.164169415e-06	4.69631851e-06	-5.674470483e-08	-6.525831988e-07	7.988659779e-07
	1.4794229e-06	1.147435671e-06	7.331186035e-07	6.174213369e-07	5.944510379e-07
	4.828742105e-07	3.121049578e-07	1.617013391e-07	6.015144532e-08	7.240832626e-09
	-4.495649777e-09	3.203424817e-39	3.423028031e-39	-4.572640078e-09	7.109968309e-09
	5.962867571e-08	1.587651717e-07	3.039277679e-07	4.70838488e-07	5.856609043e-07
	6.12393124e-07	7.133546996e-07	1.098335843e-06	1.438847099e-06	8.383616681e-07
	-5.617333666e-07	-1.169653511e-07	4.350236655e-06	7.864095904e-06	-8.073973933e-07
	-2.142552685e-05	-2.478914264e-05	2.554554008e-05	0.0001068874212	0.0001017721359
	-0.0001090484562	-0.0004572552042	-0.000642430807	-0.0004567693933	-0.0001085652663
	0.0001019270682	0.0001067993333	2.543606137e-05	-2.481159625e-05	-2.138849366e-05
	-7.757416448e-07	7.866147944e-06	4.339004881e-06	-1.22637778e-07	-5.599444505e-07
	8.409054357e-07	1.439000203e-06	1.097608181e-06	7.132985834e-07	6.128016308e-07
	5.858927045e-07	4.708245847e-07	3.038896705e-07	1.587797318e-07	5.964373937e-08
	7.10156123e-09	-4.581562564e-09	3.448242949e-39	3.713843777e-39	-4.65269171e-09
	6.930107917e-09	5.904442898e-08	1.559037208e-07	2.959377402e-07	4.587444937e-07
	5.764758367e-07	6.07430774e-07	6.947975082e-07	1.050328859e-06	1.397049345e-06
	8.75062742e-07	-4.712118164e-07	-1.737583793e-07	4.006966628e-06	7.564265387e-06
	-3.768771595e-07	-2.019319104e-05	-2.413408033e-05	2.371136208e-05	0.0001026907638
	9.886853728e-05	-0.0001057001985	-0.0004460901223	-0.0006277030744	-0.0004456149516
	-0.0001052314066	9.901574889e-05	0.0001026051039	2.36081651e-05	-2.415353522e-05
	-2.015751242e-05	-3.475964398e-07	7.565579444e-06	3.996443055e-06	-1.787387721e-07
	-4.694054226e-07	8.773276441e-07	1.397089983e-06	1.049673152e-06	6.948099099e-07
	6.078362084e-07	5.766866628e-07	4.587314129e-07	2.959111156e-07	1.559230732e-07
	5.905807066e-08	6.92041636e-09	-4.661586364e-09	3.740814217e-39	4.037838771e-39
	-4.723670275e-09	6.715160918e-09	5.838058901e-08	1.530912445e-07	2.881797928e-07
	4.466404497e-07	5.666737624e-07	6.020726011e-07	6.774767755e-07	1.004244417e-06
	1.353961424e-06	9.062489356e-07	-3.830269208e-07	-2.21112801e-07	3.678460139e-06
	7.262311089e-06	2.344136216e-08	-1.899449999e-05	-2.347261373e-05	2.193768556e-05
	9.857153239e-05	9.600457476e-05	-0.0001023746277	-0.0004349952796	-0.0006130620495
	-0.0004345311139	-0.0001019203884	9.614421189e-05	9.848835287e-05	2.184058954e-05
	-2.348926638e-05	-1.896020019e-05	5.045278776e-08	7.262970614e-06	3.668636125e-06
	-2.254514875e-07	-3.812257689e-07	9.082483758e-07	1.353906225e-06	1.00366131e-06
	6.775504888e-07	6.024719453e-07	5.668652696e-07	4.466295397e-07	2.881641338e-07
	1.531146354e-07	5.839276177e-08	6.70442667e-09	-4.732444354e-09	4.0660678e-39
	4.380586262e-39	-4.782689454e-09	6.472097647e-09	5.763653272e-08	1.503114865e-07
	2.80646841e-07	4.3455954e-07	5.562898022e-07	5.962695668e-07	6.612878196e-07
	9.601058981e-07	1.309797739e-06	9.320456439e-07	-2.974357948e-07	-2.594426478e-07
	3.364717095e-06	6.958753866e-06	3.940344777e-07	-1.782945138e-05	-2.2804982e-05
	2.022429866e-05	9.452927826e-05	9.317944066e-05	-9.907215632e-05	-0.0004239698928
	-0.0005985062455	-0.0004235170654	-9.863259462e-05	9.331165637e-05	9.444862542e-05
	2.013312015e-05	-2.281902457e-05	-1.779655019e-05	4.18881581e-07	6.958838247e-06
	3.355581745e-06	-2.631886917e-07	-2.956604067e-07	9.33793509e-07	1.309662341e-06
	9.595953048e-07	6.614158328e-07	5.966602318e-07	5.564637046e-07	4.345519768e-07
	2.806415678e-07	1.50338216e-07	5.764723047e-08	6.460548794e-09	-4.791266839e-09
	4.409623657e-39	4.728533474e-39	-4.827308122e-09	6.207727577e-09	5.681272786e-08
	1.475488626e-07	2.733298539e-07	4.225328876e-07	5.453617664e-07	5.89977468e-07
	6.461238181e-07	9.179281795e-07	1.2647717e-06	9.525889141e-07	-2.146901496e-07
	-2.891715617e-07	3.065730929e-06	6.65412525e-06	7.353850163e-07	-1.6698061e-05
	-2.213144166e-05	1.857100666e-05	9.056358363e-05	9.039232658e-05	-9.57932215e-05
	-0.0004130131828	-0.0005840341599	-0.0004125719961	-9.536843393e-05	9.05172804e-05
	9.048549776e-05	1.848555984e-05	-2.21430618e-05	-1.666657378e-05	7.581719059e-07
	6.653709823e-06	3.057271198e-06	-2.923726915e-07	-2.129588882e-07	9.540994947e-07
	1.264570731e-06	9.174893343e-07	6.462993461e-07	5.903572792e-07	5.455198131e-07
	4.225296751e-07	2.733343259e-07	1.475782876e-07	5.682198086e-08	6.195576248e-09
	-4.835628817e-09	4.757978157e-39	5.069180662e-39	-4.855561746e-09	5.928607973e-09
	5.591071144e-08	1.44788613e-07	2.662179385e-07	4.105893239e-07	5.339299655e-07
	5.831572479e-07	6.318761429e-07	8.777172575e-07	1.219095222e-06	9.680259157e-07
	-1.350355743e-07	-3.107333687e-07	2.781487563e-06	6.348968039e-06	1.047983721e-06
	-1.56003632e-05	-2.145226814e-05	1.697763236e-05	8.667406325e-05	8.764242305e-05
	-9.253828706e-05	-0.0004021243748	-0.0005696442731	-0.0004016951013	-9.212834235e-05
	8.776028066e-05	8.659857879e-05	1.689772932e-05	-2.146164889e-05	-1.557030092e-05
	1.06881354e-06	6.348124086e-06	2.773688365e-06	-3.134359076e-07	-1.33364685e-07
	9.693138267e-07	1.218842285e-06	8.773487596e-07	6.320926575e-07	5.835244286e-07
	5.34073918e-07	4.105912948e-07	2.66231466e-07	1.448201495e-07	5.591858161e-08
	5.916048478e-09	-4.86358112e-09	5.098682208e-39	5.3912491e-39	-4.865986132e-09
	5.640954003e-09	5.493305389e-08	1.420169527e-07	2.592984471e-07	3.987551581e-07
	5.220369856e-07	5.757753056e-07	6.184347444e-07	8.394698634e-07	1.172978149e-06
	9.785154092e-07	-5.871072146e-08	-3.245726488e-07	2.511964249e-06	6.043836869e-06
	1.332330785e-06	-1.453641134e-05	-2.076775761e-05	1.544401641e-05	8.286036631e-05
	8.492891917e-05	-8.93078457e-05	-0.000391302698	-0.0005553350452	-0.0003908855812
	-8.891278562e-05	8.503985205e-05	8.278751198e-05	1.536946747e-05	-2.077507718e-05
	-1.450778065e-05	1.351305606e-06	6.042631632e-06	2.504808561e-06	-3.268214456e-07
	-5.711437729e-08	9.79595509e-07	1.172685813e-06	8.391697273e-07	6.186860031e-07
	5.761284591e-07	5.221685957e-07	3.987629772e-07	2.593203032e-07	1.42050077e-07
	5.493962991e-08	5.62816139e-09	-4.873673928e-09	5.42050831e-39	5.684834054e-39
	-4.857632308e-09	5.350551895e-09	5.388330769e-08	1.392212192e-07	2.525571098e-07
	3.870539508e-07	5.097274263e-07	5.678038015e-07	6.056885933e-07	8.031730894e-07
	1.126627602e-06	9.842282051e-07	1.405361298e-08	-3.311452949e-07	2.257128268e-06
	5.73929879e-06	1.58893755e-06	-1.350627821e-05	-2.007822886e-05	1.397001768e-05
	7.912217857e-05	8.225100226e-05	-8.610242136e-05	-0.0003805473856	-0.000541104914
	-0.0003801426404	-8.572226153e-05	8.235518742e-05	7.905197751e-05	1.390063162e-05
	-2.008366052e-05	-1.347908149e-05	1.60615827e-06	5.737795475e-06	2.250597247e-06
	-3.329836552e-07	1.556326196e-08	9.851155143e-07	1.126307395e-06	8.029387962e-07
	6.059686658e-07	5.681418905e-07	5.098484141e-07	3.870681189e-07	2.525865417e-07
	1.392554688e-07	5.38887001e-08	5.337680926e-09	-4.864971432e-09	5.713602588e-39
	5.94153849e-39	-4.83007131e-09	5.062676836e-09	5.276593938e-08	1.363900144e-07
	2.459781928e-07	3.755062956e-07	4.970475961e-07	5.592209508e-07	5.935261832e-07
	7.688040276e-07	1.080247239e-06	9.853476066e-07	8.303552695e-08	-3.309190505e-07
	2.016935494e-06	5.435933804e-06	1.818328386e-06	-1.251005644e-05	-1.938402549e-05
	1.255551351e-05	7.545922473e-05	7.960785756e-05	-8.292257192e-05	-0.0003698576747
	-0.0005269522919	-0.0003694654883	-8.25573026e-05	7.970547717e-05	7.539169462e-05
	1.249109789e-05	-1.938773743e-05	-1.248429187e-05	1.833894618e-06	5.434191594e-06
	2.011008587e-06	-3.323886689e-07	8.444830088e-08	9.860572261e-07	1.079909643e-06
	7.686325784e-07	5.938294757e-07	5.595432756e-07	4.971596302e-07	3.75527155e-07
	2.460144333e-07	1.364249874e-07	5.277027554e-08	5.049861407e-09	-4.837056425e-09
	5.969617583e-39	6.154583006e-39	-4.783387752e-09	4.78201757e-09	5.158624403e-08
	1.335133376e-07	2.395446861e-07	3.64129612e-07	4.840451648e-07	5.500113014e-07
	5.818360991e-07	7.363294312e-07	1.034036421e-06	9.820698239e-07	1.480231789e-07
	-3.243740154e-07	1.791328776e-06	5.134335382e-06	2.021042778e-06	-1.154785891e-05
	-1.868551831e-05	1.120040009e-05	7.187127106e-05	7.699866791e-05	-7.976889214e-05
	-0.0003592328056	-0.0005128755628	-0.0003588533386	-7.941847896e-05	7.7089909e-05
	7.180642422e-05	1.114076151e-05	-1.868767347e-05	-1.152352051e-05	2.03505274e-06
	5.132409452e-06	1.785983844e-06	-3.255149092e-07	1.493308107e-07	9.826168525e-07
	1.033690873e-06	7.362174012e-07	5.821573769e-07	5.503174762e-07	4.841498427e-07
	3.641573541e-07	2.395869646e-07	1.335486918e-07	5.158966318e-08	4.769370567e-09
	-4.790023717e-09	6.181821301e-39	6.318887327e-39	-4.718161176e-09	4.512609756e-09
	5.035024156e-08	1.305827066e-07	2.332385195e-07	3.529379568e-07	4.707687679e-07
	5.401659873e-07	5.705076583e-07	7.057054071e-07	9.881892732e-07	9.746043489e-07
	2.088160961e-07	-3.120031053e-07	1.580236147e-06	4.835110925e-06	2.197637641e-06
	-1.061981904e-05	-1.798310803e-05	9.904592636e-06	6.835812834e-05	7.442261345e-05
	-7.664201692e-05	-0.0003486720225	-0.000498873079	-0.0003483054091	-7.630640167e-05
	7.450766761e-05	6.829597185e-05	9.849537029e-06	-1.798386397e-05	-1.059689675e-05
	2.210188041e-06	4.833052454e-06	1.575449585e-06	-3.128535489e-07	2.100121695e-07
	9.750038007e-07	9.878441683e-07	7.056490024e-07	5.708420642e-07	5.404559141e-07
	4.70867598e-07	3.5297263e-07	2.332860726e-07	1.306181573e-07	5.035288992e-08
	4.500223337e-09	-4.724461356e-09	6.345177877e-39	6.431118664e-39	-4.635434423e-09
	4.257780296e-09	4.906455457e-08	1.275912624e-07	2.270408101e-07	3.41941858e-07
	4.572675633e-07	5.296829479e-07	5.59431625e-07	6.768771532e-07	9.428936348e-07
	9.631742751e-07	2.65226639e-07	-2.943124459e-07	1.383568821e-06	4.53888216e-06
	2.348689888e-06	-9.726091112e-06	-1.727722824e-05	8.66802566e-06	6.491965515e-05
	7.187887141e-05	-7.354262499e-05	-0.0003381745726	-0.0004849431565	-0.0003378209217
	-7.32217263e-05	7.195793447e-05	6.486019095e-05	8.617358538e-06	-1.727673699e-05
	-9.704570855e-06	2.359875809e-06	4.536738352e-06	1.379315687e-06	-2.949089076e-07
	2.663065218e-07	9.634409965e-07	9.425563335e-07	6.768722682e-07	5.597746966e-07
	5.299567895e-07	4.573619485e-07	3.419833778e-07	2.270928911e-07	1.2762658e-07
	4.90665807e-08	4.245726605e-09	-4.641418911e-09	6.456395169e-39	6.489702399e-39
	-4.536668546e-09	4.020104966e-09	4.773626814e-08	1.245338548e-07	2.209321383e-07
	3.311481797e-07	4.435907372e-07	5.185671052e-07	5.48501006e-07	6.497787548e-07
	8.983298909e-07	9.480165429e-07	3.170816349e-07	-2.718216816e-07	1.20121897e-06
	4.246285441e-06	2.474799293e-06	-8.866850406e-06	-1.656834873e-05	7.490653061e-06
	6.155576157e-05	6.936661587e-05	-7.0471443e-05	-0.0003277397067	-0.0004710840716
	-0.000327399102	-7.016515704e-05	6.943988759e-05	6.149898658e-05	7.444179795e-06
	-1.656675664e-05	-8.84671418e-06	2.48471407e-06	4.244099543e-06	1.197473116e-06
	-2.721987615e-07	3.180424067e-07	9.481651302e-07	8.980067333e-07	6.498210307e-07
	5.488486881e-07	5.188252556e-07	4.436819601e-07	3.311963396e-07	2.209880266e-07
	1.24568861e-07	4.773781851e-08	4.008437228e-09	-4.542362355e-09	6.513934779e-39
	6.494790884e-39	-4.42368426e-09	3.801381644e-09	4.63727725e-08	1.214071024e-07
	2.14892855e-07	3.205600248e-07	4.297869602e-07	5.068304832e-07	5.376119273e-07
	6.243330558e-07	8.546696768e-07	9.293820889e-07	3.642241951e-07	-2.4506417e-07
	1.03305724e-06	3.957971931e-06	2.576591671e-06	-8.042293309e-06	-1.585697921e-05
	6.372448173e-06	5.826641333e-05	6.688501767e-05	-6.742925008e-05	-0.0003173666784
	-0.0004572940557	-0.0003170391796	-6.713745126e-05	6.695270145e-05	5.821231949e-05
	6.329974257e-06	-1.585442683e-05	-8.023519252e-06	2.585326764e-06	3.955783263e-06
	1.029791449e-06	-2.452545408e-07	3.6506457e-07	9.294268056e-07	8.543659995e-07
	6.244179408e-07	5.379605821e-07	5.070735377e-07	4.298761704e-07	3.206145088e-07
	2.149518643e-07	1.214416657e-07	4.637398743e-08	3.790135632e-09	-4.429115511e-09
	6.517980293e-39	6.448186815e-39	-4.298590397e-09	3.602621429e-09	4.498159025e-08
	1.182094231e-07	2.089034145e-07	3.101766852e-07	4.159037942e-07	4.944922589e-07
	5.266645942e-07	6.004516281e-07	8.12074449e-07	9.075358707e-07	4.065157319e-07
	-2.1458703e-07	8.789300027e-07	3.674607629e-06	2.65472242e-06	-7.252637209e-06
	-1.514367351e-05	5.313403671e-06	5.505163644e-05	6.443324433e-05	-6.441688299e-05
	-0.0003070547446	-0.0004435712898	-0.0003067403879	-6.413942462e-05	6.44955469e-05
	5.500021085e-05	5.274734985e-06	-1.514029545e-05	-7.235199692e-06	2.662367289e-06
	3.672451606e-06	8.761161285e-07	-2.146213804e-07	4.072359747e-07	9.074905666e-07
	8.117946084e-07	6.005744374e-07	5.27011007e-07	4.947209821e-07	4.159919976e-07
	3.102370809e-07	2.089648998e-07	1.182434544e-07	4.498260029e-08	3.591817256e-09
	-4.303788584e-09	6.470360228e-39	6.353218562e-39	-4.163700548e-09	3.424059747e-09
	4.357019108e-08	1.149410311e-07	2.029447319e-07	2.999936482e-07	4.01987054e-07
	4.815787266e-07	5.155643336e-07	5.780348595e-07	7.706939198e-07	8.827567364e-07
	4.438381849e-07	-1.809510027e-07	7.386562948e-07	3.396873186e-06	2.709880474e-06
	-6.498120225e-06	-1.442903427e-05	4.313531307e-06	5.19115225e-05	6.201046015e-05
	-6.143524197e-05	-0.0002968031653	-0.0004299138988	-0.0002965019638	-6.117195685e-05
	6.206759127e-05	5.186274747e-05	4.278474383e-06	-1.442495902e-05	-6.481989944e-06
	2.71652244e-06	3.394781354e-06	7.362654104e-07	-1.808579842e-07	4.444400212e-07
	8.826347672e-07	7.704413207e-07	5.781908364e-07	5.159057147e-07	4.817940197e-07
	4.020751046e-07	3.000594613e-07	2.030080956e-07	1.149744778e-07	4.357111389e-08
	3.413703921e-09	-4.168694906e-09	6.374423091e-39	6.214566214e-39	-4.02143981e-09
	3.26518922e-09	4.214579783e-08	1.116038933e-07	1.969985591e-07	2.900026702e-07
	3.880801284e-07	4.681231589e-07	5.04222715e-07	5.569721919e-07	7.306643531e-07
	8.553370983e-07	4.760964723e-07	-1.447300759e-07	6.120244331e-07	3.125463468e-06
	2.742792699e-06	-5.779000668e-06	-1.371371814e-05	3.372861438e-06	4.884623462e-05
	5.96158264e-05	-5.848529726e-05	-0.0002866112035	-0.0004163199444	-0.0002863231478
	-5.823599834e-05	5.966799857e-05	4.880008775e-05	3.341223723e-06	-1.370906798e-05
	-5.764144746e-06	2.748516808e-06	3.12346354e-06	6.100269824e-07	-1.445362535e-07
	4.765829919e-07	8.551512471e-07	7.304414835e-07	5.571565677e-07	5.045566971e-07
	4.683260261e-07	3.881687226e-07	2.900733395e-07	1.970632557e-07	1.116367335e-07
	4.214673564e-08	3.255276909e-09	-4.026257859e-09	6.234863323e-39	6.038038884e-39
	-3.874244446e-09	3.124815608e-09	4.071518904e-08	1.082016415e-07	1.910478715e-07
	2.801919277e-07	3.742232705e-07	4.541655436e-07	4.925587412e-07	5.37142537e-07
	6.921067245e-07	8.255823646e-07	5.032211734e-07	-1.065108121e-07	4.987882691e-07
	2.861086789e-06	2.754228803e-06	-5.095556179e-06	-1.299844177e-05	2.491442262e-06
	4.58560142e-05	5.724850178e-05	-5.55680966e-05	-0.0002764781256	-0.0004027874172
	-0.0002762031845	-5.533257753e-05	5.729592992e-05	4.581246843e-05	2.463032384e-06
	-1.299333261e-05	-5.081938276e-06	2.759117678e-06	2.859202687e-06	4.97154226e-07
	-1.062406195e-07	5.035967269e-07	8.253447662e-07	6.919151966e-07	5.373505919e-07
	4.928833722e-07	4.543570585e-07	3.74312944e-07	2.802668402e-07	1.911134108e-07
	1.082338776e-07	4.071622678e-08	3.115333049e-09	-3.878910747e-09	6.057498667e-39
	5.830306072e-39	-3.724458212e-09	3.001137427e-09	3.928450471e-08	1.047394366e-07
	1.850772568e-07	2.705462565e-07	3.604528681e-07	4.397521769e-07	4.805000971e-07
	5.184149107e-07	6.551247533e-07	7.938100765e-07	5.251714472e-07	-6.689130638e-08
	3.986630613e-07	2.60446372e-06	2.745006805e-06	-4.448082453e-06	-1.228398844e-05
	1.669338706e-06	4.294118856e-05	5.490764298e-05	-5.26847737e-05	-0.0002664032012
	-0.0003893142283	-0.0002661413222	-5.246280938e-05	5.495054418e-05	4.290021225e-05
	1.643966742e-06	-1.227852969e-05	-4.435662886e-06	2.749140494e-06	2.602715625e-06
	3.973620941e-07	-6.656700702e-08	5.254415347e-07	7.935321447e-07	6.549653512e-07
	5.18642032e-07	4.808138283e-07	4.399334488e-07	3.605439964e-07	2.706247638e-07
	1.851432056e-07	1.047710889e-07	3.928570887e-08	2.992064386e-09	-3.728993388e-09
	5.849001808e-39	5.598588715e-39	-3.57423007e-09	2.891848913e-09	3.785906338e-08
	1.012237805e-07	1.790732921e-07	2.6104749e-07	3.468007138e-07	4.249350889e-07
	4.679844368e-07	5.006493218e-07	6.198028241e-07	7.603486848e-07	5.419381845e-07
	-2.647968791e-08	3.113209404e-07	2.356325383e-06	2.715999121e-06	-3.836891426e-06
	-1.15712156e-05	9.066308424e-07	4.010217969e-05	5.259240576e-05	-4.983655796e-05
	-0.000256385704	-0.0003758981988	-0.0002561368135	-4.962790512e-05	5.263099894e-05
	4.006373666e-05	8.84108585e-07	-1.156551002e-05	-3.825627301e-06	2.719454943e-06
	2.354729793e-06	3.103225835e-07	-2.612134224e-08	5.421093371e-07	7.600410434e-07
	6.196755585e-07	5.008910612e-07	4.682861053e-07	4.251072293e-07	3.46893515e-07
	2.611289235e-07	1.791392747e-07	1.012548807e-07	3.786048154e-08	2.88316112e-09
	-3.578650124e-09	5.616591873e-39	5.350318779e-39	-3.425418903e-09	2.794264801e-09
	3.644319981e-08	9.766227476e-08	1.730248953e-07	2.51674904e-07	3.332932949e-07
	4.097712796e-07	4.5496068e-07	4.836979638e-07	5.862038224e-07	7.25535894e-07
	5.535473797e-07	1.410794307e-08	2.363859517e-07	2.117411088e-06	2.668139348e-06
	-3.262308789e-06	-1.086106338e-05	2.034117087e-07	3.733951426e-05	5.030194626e-05
	-4.702478564e-05	-0.0002464249117	-0.0003625370483	-0.0002461889157	-4.682918329e-05
	5.033645188e-05	3.730356385e-05	1.835529453e-07	-1.085520695e-05	-3.252154144e-06
	2.670991722e-06	2.115980878e-06	2.356597839e-07	1.448250225e-08	5.536270323e-07
	7.252083136e-07	5.861079925e-07	4.839500915e-07	4.552494867e-07	4.099353705e-07
	3.333878357e-07	2.517585905e-07	1.730905913e-07	9.769285964e-08	3.644486099e-08
	2.785936272e-09	-3.429734853e-09	5.367694666e-39	5.092779973e-39	-3.279511565e-09
	2.70546392e-09	3.504013408e-08	9.406332679e-08	1.669236306e-07	2.424057758e-07
	3.199511323e-07	3.943217451e-07	4.413902814e-07	4.67406753e-07	5.543669269e-07
	6.897164884e-07	5.600636941e-07	5.425026816e-08	1.734286675e-07	1.888465136e-06
	2.602429786e-06	-2.724670644e-06	-1.015456421e-05	-4.402156323e-07	3.465383506e-05
	4.803542295e-05	-4.425091273e-05	-0.0002365201069	-0.0003492283815	-0.0002362968913
	-4.406808268e-05	4.806606273e-05	3.462033215e-05	-4.575948412e-07	-1.0148646e-05
	-2.715576606e-06	2.604750064e-06	1.887209641e-06	1.729444978e-07	5.462545147e-08
	5.600600511e-07	6.893778289e-07	5.543011896e-07	4.676653084e-07	4.416657631e-07
	3.944788081e-07	3.200473383e-07	2.424910518e-07	1.669887724e-07	9.409343233e-08
	3.50420498e-08	2.697469067e-09	-3.283729411e-09	5.109584194e-39	4.832746088e-39
	-3.137560989e-09	2.622446831e-09	3.365188339e-08	9.043580687e-08	1.607639484e-07
	2.332160584e-07	3.067882064e-07	3.786502738e-07	4.27248421e-07	4.51617265e-07
	5.243054156e-07	6.532395467e-07	5.61594164e-07	9.332434592e-08	1.219603803e-07
	1.670232615e-06	2.51994978e-06	-2.224319061e-06	-9.452853709e-06	-1.024142025e-06
	3.204591419e-05	4.579199927e-05	-4.151652987e-05	-0.000226670578	-0.0003359696726
	-0.0002264600091	-4.134617713e-05	4.581899585e-05	3.201480921e-05	-1.039223058e-06
	-9.446955732e-06	-2.216234022e-06	2.521806065e-06	1.669157712e-06	1.216884405e-07
	9.368681243e-08	5.615160558e-07	6.528977073e-07	5.242678616e-07	4.518786029e-07
	4.275104174e-07	3.788012426e-07	3.068858736e-07	2.333022834e-07	1.608283164e-07
	9.046546285e-08	3.365404937e-08	2.61476229e-09	-3.141681998e-09	4.849021955e-39
	4.576137389e-39	-3.000150951e-09	2.542300809e-09	3.227922798e-08	8.678866443e-08
	1.545433349e-07	2.240811663e-07	2.938115094e-07	3.628220021e-07	4.125250504e-07
	4.361691154e-07	4.960045679e-07	6.164549375e-07	5.582919745e-07	1.30710228e-07
	8.142690976e-08	1.463453902e-06	2.421864922e-06	-1.761596254e-06	-8.757183062e-06
	-1.548257423e-06	2.951666821e-05	4.357084707e-05	-3.882337968e-05	-0.0002168756205
	-0.0003227582471	-0.000216677545	-3.866519293e-05	4.359442374e-05	2.948790722e-05
	-1.561218799e-06	-8.751380144e-06	-1.754466063e-06	2.423321881e-06	1.462562111e-06
	8.133805403e-08	1.310488778e-07	5.581487064e-07	6.161168169e-07	4.959928059e-07
	4.364299463e-07	4.127736663e-07	3.629676978e-07	2.939103204e-07	2.241677347e-07
	1.546067516e-07	8.681788993e-08	3.22816265e-08	2.534906885e-09	-3.00417223e-09
	4.59191439e-39	4.327718956e-39	-2.86739323e-09	2.462363344e-09	3.092174168e-08
	8.313051633e-08	1.482623465e-07	2.149768619e-07	2.810207776e-07	3.469017271e-07
	3.972257112e-07	4.209028262e-07	4.694197751e-07	5.797089868e-07	5.503601854e-07
	1.657968059e-07	5.120209554e-08	1.268857588e-06	2.309437154e-06	-1.336836987e-06
	-8.06893298e-06	-2.012457739e-06	2.706717582e-05	4.13711514e-05	-3.617337715e-05
	-0.0002071345383	-0.0003095912603	-0.0002069487842	-3.602702905e-05	4.139153173e-05
	2.704070045e-05	-2.023474811e-06	-8.063292625e-06	-1.330605164e-06	2.310555826e-06
	1.268148191e-06	5.126800749e-08	1.661027579e-07	5.501613788e-07	5.793804529e-07
	4.694310218e-07	4.211602493e-07	3.974612733e-07	3.47042837e-07	2.811203194e-07
	2.150632125e-07	1.483246688e-07	8.315931611e-08	3.092434438e-08	2.455245034e-09
	-2.871308534e-09	4.343012323e-39	4.090867238e-39	-2.738961126e-09	2.380373352e-09
	2.957789505e-08	7.946922596e-08	1.419245039e-07	2.058802174e-07	2.684084587e-07
	3.309519868e-07	3.813720243e-07	4.05663208e-07	4.444750066e-07	5.433391989e-07
	5.380552416e-07	1.979891305e-07	3.058109978e-08	1.087151424e-06	2.18403578e-06
	-9.503587233e-07	-7.389629566e-06	-2.416653832e-06	2.469869823e-05	3.919211666e-05
	-3.356863351e-05	-0.0001974466467	-0.0002964656723	-0.0001972730229	-3.34337811e-05
	3.920952422e-05	2.467444571e-05	-2.425898463e-06	-7.384211823e-06	-9.449666984e-07
	2.184873372e-06	1.086620601e-06	3.077450527e-08	1.982556836e-07	5.378106681e-07
	5.430250726e-07	4.445061834e-07	4.059147365e-07	3.815950345e-07	3.31089049e-07
	2.685082434e-07	2.059658404e-07	1.419856153e-07	7.949758804e-08	2.958066601e-08
	2.373520894e-09	-2.742761835e-09	4.105678606e-39	3.867431588e-39	-2.614160403e-09
	2.294597648e-09	2.824523502e-08	7.58114989e-08	1.355360242e-07	1.967706158e-07
	2.559599766e-07	3.150309439e-07	3.650017256e-07	3.903032663e-07	4.210618249e-07
	5.07667925e-07	5.216900314e-07	2.267174779e-07	1.877372127e-08	9.190108323e-07
	2.047149322e-06	-6.024489049e-07	-6.720962236e-06	-2.760783285e-06	2.241270304e-05
	3.703297498e-05	-3.101148464e-05	-0.0001878112744	-0.0002833782178	-0.0001876495713
	-3.088776962e-05	3.704763296e-05	2.239060622e-05	-2.768423506e-06	-6.715819572e-06
	-5.978362868e-07	2.047759004e-06	9.18651819e-07	1.906860683e-08	2.269400518e-07
	5.214094409e-07	5.073719781e-07	4.211096594e-07	3.905468419e-07	3.652128109e-07
	3.151643365e-07	2.560594628e-07	1.968550574e-07	1.355958261e-07	7.58393934e-08
	2.824813399e-08	2.288006584e-09	-2.617836572e-09	3.881750644e-39	3.657715063e-39
	-2.492034734e-09	2.203919322e-09	2.69206384e-08	7.216252715e-08	1.291053759e-07
	1.876307375e-07	2.436543529e-07	2.991901343e-07	3.481681082e-07	3.746886027e-07
	3.990391964e-07	4.729948876e-07	5.016361656e-07	2.514484618e-07	1.489803324e-08
	7.650644072e-07	1.900398113e-06	-2.933485547e-07	-6.06480395e-06	-3.044825828e-06
	2.021089214e-05	3.489299716e-05	-2.850452484e-05	-0.0001782277685	-0.0002703253701
	-0.0001780777577	-2.839157381e-05	3.490512801e-05	2.019087942e-05	-3.051025482e-06
	-6.059981126e-06	-2.894534287e-07	1.900828804e-06	7.648676764e-07	1.526986819e-08
	2.516245161e-07	5.013291101e-07	4.727198587e-07	3.991003279e-07	3.749225998e-07
	3.48367968e-07	2.993200719e-07	2.437529686e-07	1.87713601e-07	1.291637786e-07
	7.218990645e-08	2.692362389e-08	2.197590097e-09	-2.49557612e-09	3.671522017e-39
	3.460592237e-39	-2.37149766e-09	2.107875174e-09	2.560062829e-08	6.852571982e-08
	1.22642653e-07	1.78447458e-07	2.3146524e-07	2.834721825e-07	3.30938713e-07
	3.587022335e-07	3.782344019e-07	4.395885163e-07	4.783250331e-07	2.71698508e-07
	1.797481287e-08	6.258757111e-07	1.745547338e-06	-2.323116554e-08	-5.423233931e-06
	-3.268823587e-06	1.809523447e-05	3.277150739e-05	-2.605064743e-05	-0.000168695499
	-0.0002573032974	-0.000168556934	-2.594807212e-05	3.278133245e-05	1.807722978e-05
	-3.273741937e-06	-5.418767882e-06	-1.999043129e-08	1.745843489e-06	6.25829188e-07
	1.84007732e-08	2.718274343e-07	4.780006887e-07	4.393361458e-07	3.783054878e-07
	3.589254501e-07	3.311280667e-07	2.835987187e-07	2.315624054e-07	1.785284017e-07
	1.226995674e-07	6.855251997e-08	2.560366029e-08	2.101812331e-09	-2.374894624e-09
	3.473860858e-39	3.273770016e-39	-2.251477611e-09	2.00663175e-09	2.428173156e-08
	6.490256095e-08	1.161587821e-07	1.692125652e-07	2.193624015e-07	2.679086327e-07
	3.133931077e-07	3.422496649e-07	3.584454157e-07	4.076761262e-07	4.5224704e-07
	2.870499928e-07	2.692345039e-08	5.01920558e-07	1.584520059e-06	2.078244546e-07
	-4.798563005e-06	-3.4329077e-06	1.606800462e-05	3.066790283e-05	-2.365309388e-05
	-0.0001592138666	-0.0002443078099	-0.0001590864822	-2.356049131e-05	3.067564189e-05
	1.60519274e-05	-3.436699018e-06	-4.794482735e-06	2.104747028e-07	1.584721443e-06
	5.020098681e-07	2.738264101e-08	2.871329778e-07	4.519140299e-07	4.074472134e-07
	3.585232373e-07	3.424613002e-07	3.13572643e-07	2.680316705e-07	2.194575495e-07
	1.692912974e-07	1.162141124e-07	6.492870431e-08	2.428477378e-08	2.000842824e-09
	-2.254721795e-09	3.286470901e-39	3.094179822e-39	-2.131057389e-09	1.900894697e-09
	2.29608441e-08	6.129263353e-08	1.096646021e-07	1.599231881e-07	2.073136401e-07
	2.525181009e-07	2.956196086e-07	3.252639617e-07	3.394451771e-07	3.774330974e-07
	4.239482559e-07	2.971702886e-07	4.056033072e-08	3.93558828e-07	1.419409439e-06
	3.998691102e-07	-4.193361554e-06	-3.537333458e-06	1.413182846e-05	2.858167996e-05
	-2.131551375e-05	-0.0001497823125	-0.0002313342941	-0.0001496658248	-2.123246633e-05
	2.858755081e-05	1.411759357e-05	-3.540146568e-06	-4.189688042e-06	4.01993153e-07
	1.419550934e-06	3.937675841e-07	4.103400167e-08	2.972101443e-07	4.236144791e-07
	3.772275815e-07	3.395267403e-07	3.254635792e-07	2.957899339e-07	2.526374102e-07
	2.074062356e-07	1.599994587e-07	1.097182399e-07	6.131803224e-08	2.296386532e-08
	1.895388941e-09	-2.134142114e-09	3.106283533e-39	2.9184664e-39	-2.009586273e-09
	1.79175437e-09	2.163555936e-08	5.769383885e-08	1.031698863e-07	1.505818193e-07
	1.952871241e-07	2.373050144e-07	2.777108467e-07	3.077104001e-07	3.209882149e-07
	3.489714202e-07	3.940234787e-07	3.018338183e-07	5.760110035e-08	3.009997511e-07
	1.252488857e-06	5.531281429e-07	-3.610489785e-06	-3.582526897e-06	1.228973722e-05
	2.65124702e-05	-1.904203853e-05	-0.0001404003315	-0.0002183776314	-0.0001402944378
	-1.896811409e-05	2.651668816e-05	1.227725489e-05	-3.584504681e-06	-3.607235914e-06
	5.547901475e-07	1.252600248e-06	3.013098876e-07	5.807285087e-08	3.018347748e-07
	3.936959503e-07	3.487884868e-07	3.210708424e-07	3.07897876e-07	2.778724498e-07
	2.374202559e-07	1.953766777e-07	1.506554093e-07	1.032217068e-07	5.77183989e-08
	2.163853404e-08	1.786541473e-09	-2.012506617e-09	2.929946088e-39	2.743512154e-39
	-1.886743252e-09	1.680481972e-09	2.03044088e-08	5.410282027e-08	9.668241171e-08
	1.411958264e-07	1.832539787e-07	2.222592553e-07	2.597581771e-07	2.895901181e-07
	3.028200711e-07	3.223282744e-07	3.631044962e-07	3.009469362e-07	7.666880089e-08
	2.242595559e-07	1.086217912e-06	6.680592088e-07	-3.053129567e-06	-3.569146925e-06
	1.054523164e-05	2.446008863e-05	-1.683737348e-05	-0.0001310674909	-0.0002054320954
	-0.0001309718693	-1.677212521e-05	2.446286591e-05	1.053440739e-05	-3.570425771e-06
	-3.05030008e-06	6.693226743e-07	1.086323707e-06	2.246517143e-07	7.712476298e-08
	3.00914396e-07	3.627892063e-07	3.221664885e-07	3.029014798e-07	2.897655761e-07
	2.599113936e-07	2.223700103e-07	1.833400568e-07	1.412665361e-07	9.673227229e-08
	5.412644563e-08	2.030731675e-08	1.675570954e-09	-1.889495841e-09	2.754345348e-39
	2.566911573e-39	-1.762535767e-09	1.568303828e-09	1.896696339e-08	5.05155674e-08
	9.020721499e-08	1.317763806e-07	1.711909106e-07	2.073570551e-07	2.418451013e-07
	2.709419713e-07	2.846898617e-07	2.97455756e-07	3.31842111e-07	2.945749497e-07
	9.631060053e-08	1.631104807e-07	9.232411266e-07	7.454265383e-07	-2.524816197e-06
	-3.498168679e-06	8.902358198e-06	2.242460102e-05	-1.470691312e-05	-0.0001217834561
	-0.0001924912204	-0.0001216977649	-1.464987949e-05	2.242614612e-05	8.893092744e-06
	-3.498877868e-06	-2.522407692e-06	7.463536646e-07	9.233604076e-07	1.635644537e-07
	9.673959085e-08	2.945151991e-07	3.315439111e-07	2.973132191e-07	2.847682203e-07
	2.711057054e-07	2.419900948e-07	2.074628584e-07	1.71273138e-07	1.318440173e-07
	9.02549562e-08	5.053816369e-08	1.896978867e-08	1.563702246e-09	-1.765118342e-09
	2.577080916e-39	2.387296977e-39	-1.637230645e-09	1.456193709e-09	1.762375945e-08
	4.692813154e-08	8.374619171e-08	1.223368096e-07	1.590825113e-07	1.925634541e-07
	2.24040131e-07	2.518415989e-07	2.663660386e-07	2.742134683e-07	3.008803804e-07
	2.829697294e-07	1.150268062e-07	1.170205746e-07	7.66374478e-07	7.863961993e-07
	-2.029466978e-06	-3.370996211e-06	7.365799188e-06	2.040641745e-05	-1.26568883e-05
	-0.0001125480274	-0.0001795476312	-0.0001124719046	-1.260759284e-05	2.040693441e-05
	7.357988335e-06	-3.37125722e-06	-2.02746796e-06	7.870471692e-07	7.665207958e-07
	1.175158136e-07	1.154204318e-07	2.828896094e-07	3.006029094e-07	2.740879996e-07
	2.664399976e-07	2.519939888e-07	2.241768894e-07	1.926638281e-07	1.591605679e-07
	1.224011765e-07	8.37916407e-08	4.694960873e-08	1.762648878e-08	1.45190729e-09
	-1.639641532e-09	2.396789892e-39	2.204426592e-39	-1.511231824e-09	1.34472967e-09
	1.627604254e-08	4.33373331e-08	7.729818616e-08	1.128905064e-07	1.469227704e-07
	1.778365077e-07	2.063898952e-07	2.323965762e-07	2.476548739e-07	2.523664769e-07
	2.708216689e-07	2.665949575e-07	1.313169603e-07	8.508475623e-08	6.185722907e-07
	7.926577908e-07	-1.571400867e-06	-3.189616005e-06	5.940978662e-06	1.840642487e-05
	-1.069455598e-05	-0.000103361193	-0.0001665928184	-0.000103294255	-1.065250693e-05
	1.840611233e-05	5.934513222e-06	-3.189541722e-06	-1.569791881e-06	7.930899546e-07
	6.187536327e-07	8.560094635e-08	1.316696592e-07	2.665014962e-07	2.705673306e-07
	2.522558082e-07	2.477235633e-07	2.325380007e-07	2.065182426e-07	1.779309936e-07
	1.469963808e-07	1.129513941e-07	7.734116159e-08	4.33576069e-08	1.627866355e-08
	1.340762386e-09	-1.513469446e-09	2.213234063e-39	2.01899093e-39	-1.384938469e-09
	1.234055924e-09	1.492537083e-08	3.97413011e-08	7.085965382e-08	1.034486921e-07
	1.347152753e-07	1.631331267e-07	1.889137391e-07	2.127366025e-07	2.284202574e-07
	2.315919956e-07	2.42181802e-07	2.461438838e-07	1.437489499e-07	6.594980261e-08
	4.828631966e-07	7.665786099e-07	-1.155338892e-06	-2.956807929e-06	4.634184815e-06
	1.64261777e-05	-8.82844771e-06	-9.42232064e-05	-0.0001536168355	-9.416504697e-05
	-8.793137624e-06	1.642522789e-05	4.628950515e-06	-2.956501754e-06	-1.154092764e-06
	7.668455624e-07	4.830820551e-07	6.646750532e-08	1.44057943e-07	2.460438997e-07
	2.419518094e-07	2.314939721e-07	2.284832451e-07	2.128673588e-07	1.890333659e-07
	1.632213084e-07	1.347841941e-07	1.035058745e-07	7.089997156e-08	3.976029277e-08
	1.492787051e-08	1.230410421e-09	-1.38700101e-09	2.027105828e-39	1.832176888e-39
	-1.258629051e-09	1.123966236e-09	1.357317409e-08	3.613968055e-08	6.442584629e-08
	9.401851486e-08	1.224716534e-07	1.484159363e-07	1.716015071e-07	1.929981686e-07
	2.086019544e-07	2.114989138e-07	2.153363488e-07	2.225412599e-07	1.510577109e-07
	5.774024698e-08	3.622383578e-07	7.113958693e-07	-7.863670008e-07	-2.676437596e-06
	3.452706782e-06	1.446817756e-05	-7.068700658e-06	-8.513470354e-05	-0.0001406078823
	-8.508489215e-05	-7.039605775e-06	1.446677491e-05	3.448584214e-06	-2.675992395e-06
	-7.854492289e-07	7.11546414e-07	3.624919431e-07	5.824160133e-08	1.513228358e-07
	2.224409537e-07	2.151308482e-07	2.114116826e-07	2.086591643e-07	1.931184082e-07
	1.717120131e-07	1.484974541e-07	1.225356474e-07	9.4071749e-08	6.446332446e-08
	3.615731556e-08	1.357553783e-08	1.120644434e-09	-1.260514342e-09	1.839592379e-39
	1.645132611e-39	-1.13241202e-09	1.014083578e-09	1.222040505e-08	3.253340607e-08
	5.799227131e-08	8.46020776e-08	1.102081344e-07	1.336598487e-07	1.544163866e-07
	1.733043762e-07	1.882275438e-07	1.916642876e-07	1.90462616e-07	1.969168482e-07
	1.522791309e-07	5.800017179e-08	2.594675935e-07	6.314491771e-07	-4.698287819e-07
	-2.353864725e-06	2.404976748e-06	1.253629272e-05	-5.427506505e-06	-7.609688343e-05
	-0.0001275517147	-7.605496301e-05	-5.404086035e-06	1.253461226e-05	2.401841371e-06
	-2.353361628e-06	-4.691981574e-07	6.315261781e-07	2.597482488e-07	5.846963458e-08
	1.525025246e-07	1.968214117e-07	1.902809015e-07	1.915864513e-07	1.88279136e-07
	1.734140684e-07	1.545173331e-07	1.337343989e-07	1.102669664e-07	8.465110839e-08
	5.802673361e-08	3.254961191e-08	1.222261649e-08	1.011087233e-09	-1.134117624e-09
	1.651841133e-39	1.458549294e-39	-1.006256556e-09	9.040648731e-10	1.086741247e-08
	2.892408573e-08	5.15559788e-08	7.519690025e-08	9.794075737e-08	1.188563349e-07
	1.3730419e-07	1.537428417e-07	1.674112458e-07	1.716890299e-07	1.674882764e-07
	1.705332025e-07	1.469196078e-07	6.368007454e-08	1.76809963e-07	5.324449511e-07
	-2.110902322e-07	-1.99651666e-06	1.500691805e-06	1.063640415e-05	-3.91973294e-06
	-6.711179798e-05	-0.0001144307827	-6.707728207e-05	-3.901428128e-06	1.06346094e-05
	1.498414075e-06	-1.996023657e-06	-2.106997625e-07	5.32484093e-07	1.771058545e-07
	6.410515554e-08	1.471052058e-07	1.704464928e-07	1.673290952e-07	1.716197356e-07
	1.674574719e-07	1.538417738e-07	1.373951496e-07	1.189236559e-07	9.799417493e-08
	7.524146747e-08	5.158725539e-08	2.893878992e-08	1.086945384e-08	9.013958969e-10
	-1.007779943e-09	1.464542339e-39	1.272546898e-39	-8.800759366e-10	7.937382198e-10
	9.51408201e-09	2.531323508e-08	4.5116149e-08	6.579789082e-08	8.56806194e-08
	1.040131421e-07	1.202086597e-07	1.343478596e-07	1.463320908e-07	1.512692416e-07
	1.460672945e-07	1.4464799e-07	1.351472984e-07	7.122149398e-08	1.155781593e-07
	4.217171355e-07	-1.507376759e-08	-1.614693378e-06	7.508513111e-07	8.777431779e-06
	-2.563803042e-06	-5.818283558e-05	-0.0001012229202	-5.815520451e-05	-2.550036052e-06
	8.775671986e-06	7.492970087e-07	-1.614263695e-06	-1.487204582e-08	4.217456428e-07
	1.158743356e-07	7.159340531e-08	1.353001239e-07	1.445723345e-07	1.45929224e-07
	1.512081761e-07	1.463731495e-07	1.344356787e-07	1.202892519e-07	1.040729919e-07
	8.572835199e-08	6.58377361e-08	4.514407503e-08	2.532636399e-08	9.515934869e-09
	7.913987191e-10	-8.814146493e-10	1.277815409e-39	1.086883461e-39	-7.53806954e-10
	6.831130342e-10	8.160149338e-09	2.170173214e-08	3.867368187e-08	5.640012278e-08
	7.343123555e-08	8.914822988e-08	1.030889414e-07	1.150959998e-07	1.251872769e-07
	1.302675514e-07	1.256151445e-07	1.202984414e-07	1.179584945e-07	7.68262252e-08
	7.552327391e-08	3.083832761e-07	1.146194217e-07	-1.22268039e-06	1.675525095e-07
	6.97302521e-06	-1.382967698e-06	-4.931557234e-05	-8.789925566e-05	-4.929426801e-05
	-1.373140277e-06	6.971431726e-06	1.665834381e-07	-1.222350618e-06	1.146862063e-07
	3.084187094e-07	7.580320485e-08	7.714030279e-08	1.180837461e-07	1.202346639e-07
	1.254969875e-07	1.30214821e-07	1.252232057e-07	1.15172284e-07	1.031588429e-07
	8.920036196e-08	7.347299928e-08	5.64349938e-08	3.869809508e-08	2.171321084e-08
	8.161795092e-09	6.811051672e-10	-7.549586788e-10	1.091418397e-39	9.01288124e-40
	-6.274390885e-10	5.72287104e-10	6.805477771e-09	1.808976918e-08	3.223004829e-08
	4.700098889e-08	6.118965187e-08	7.427963072e-08	8.593133504e-08	9.592349652e-08
	1.041283043e-07	1.087507201e-07	1.054388405e-07	9.802894004e-08	9.721111908e-08
	7.703041247e-08	5.406568499e-08	2.03147692e-07	1.773045085e-07	-8.402066133e-07
	-2.368442881e-07	5.244471507e-06	-4.07180745e-07	-4.051937524e-05	-7.442066558e-05
	-4.050379396e-05	-4.006727069e-07	5.243152786e-06	-2.373689651e-07	-8.3999461e-07
	1.77289629e-07	2.031970701e-07	5.431337569e-08	7.728607401e-08	9.731314229e-08
	9.79766948e-08	1.053399358e-07	1.087066299e-07	1.041589488e-07	9.598783222e-08
	8.59902622e-08	7.432378068e-08	6.122515828e-08	4.703063962e-08	3.225078711e-08
	1.809952202e-08	6.806897864e-09	5.706129276e-10	-6.284016652e-10	9.05080781e-40
	7.156498381e-40	-5.009942447e-10	4.613451943e-10	5.450133251e-09	1.447722546e-08
	2.578622205e-08	3.760044436e-08	4.895076336e-08	5.941676967e-08	6.874684048e-08
	7.676360568e-08	8.320850397e-08	8.694734765e-08	8.496760021e-08	7.766617733e-08
	7.533377959e-08	6.967709314e-08	4.560663084e-08	1.172005118e-07	1.779744601e-07
	-4.940328513e-07	-4.521736341e-07	3.625943719e-06	3.241411134e-07	-3.181071245e-05
	-6.073122966e-05	-3.180019483e-05	3.279736111e-07	3.624978259e-06	-4.523949063e-07
	-4.939355045e-07	1.779263238e-07	1.172602898e-07	4.580929942e-08	6.987698035e-08
	7.541517786e-08	7.762461151e-08	8.488790634e-08	8.691215684e-08	8.323357923e-08
	7.681563194e-08	6.879451911e-08	5.945265505e-08	4.89797259e-08	3.762463292e-08
	2.580312509e-08	1.448517661e-08	5.451309093e-09	4.600066029e-10	-5.017656684e-10
	7.186918771e-40	5.299816628e-40	-3.744964429e-10	3.503259407e-10	4.094282023e-09
	1.086405774e-08	1.934242518e-08	2.819952257e-08	3.67114948e-08	4.455935729e-08
	5.155445285e-08	5.758250449e-08	6.238489891e-08	6.510820741e-08	6.399090766e-08
	5.837140545e-08	5.451365009e-08	5.510228872e-08	4.170219887e-08	5.918723283e-08
	1.31534357e-07	-2.183887275e-07	-4.77172987e-07	2.17441737e-06	7.584152339e-07
	-2.322095703e-05	-4.674461321e-05	-2.321477378e-05	7.602420774e-07	2.173843014e-06
	-4.772272508e-07	-2.183799227e-07	1.314900604e-07	5.924533436e-08	4.185302293e-08
	5.52502514e-08	5.457506069e-08	5.833993391e-08	6.39307757e-08	6.508199544e-08
	6.240409515e-08	5.762190696e-08	5.159059699e-08	4.458668603e-08	3.673362996e-08
	2.82180094e-08	1.935533165e-08	1.087013131e-08	4.095194922e-09	3.493246698e-10
	-3.750749002e-10	5.322650654e-40	3.443123191e-40	-2.479613836e-10	2.392457956e-10
	2.738080229e-09	7.250394973e-09	1.289856443e-08	1.879885744e-08	2.447156869e-08
	2.970354942e-08	3.436448284e-08	3.838374779e-08	4.158574433e-08	4.335242433e-08
	4.268473944e-08	3.917634518e-08	3.5580485e-08	3.648738658e-08	3.374943293e-08
	2.932436271e-08	6.678713258e-08	-4.903854576e-08	-3.372904539e-07	9.883555696e-07
	8.280668875e-07	-1.481895246e-05	-3.230989635e-05	-1.481628768e-05	8.285922714e-07
	9.881489929e-07	-3.372983556e-07	-4.906936172e-08	6.676329325e-08	2.936683345e-08
	3.384819895e-08	3.658588125e-08	3.562147334e-08	3.915501091e-08	4.264454729e-08
	4.333513971e-08	4.159878983e-08	3.841022712e-08	3.438879356e-08	2.972202581e-08
	2.448659429e-08	1.881140497e-08	1.290731446e-08	7.25451494e-09	2.738711427e-09
	2.385834227e-10	-2.483453216e-10	3.45829432e-40	1.586473963e-40	-1.214010079e-10
	1.28122768e-10	1.381653318e-09	3.63642777e-09	6.454621231e-09	9.398477155e-09
	1.223160206e-08	1.484748624e-08	1.717695109e-08	1.918145402e-08	2.077820016e-08
	2.165370323e-08	2.131968998e-08	1.967440473e-08	1.775222671e-08	1.769127245e-08
	1.853292125e-08	1.484924129e-08	1.911269183e-08	4.896117861e-09	-1.258253462e-07
	2.314926284e-07	4.790625115e-07	-6.799933955e-06	-1.709579583e-05	-6.799899455e-06
	4.790907348e-07	2.314926791e-07	-1.258431281e-07	4.875233172e-09	1.910392916e-08
	1.486989231e-08	1.858192977e-08	1.774057528e-08	1.77725407e-08	1.966358365e-08
	2.129968835e-08	2.164527597e-08	2.078485172e-08	1.919470886e-08	1.718912315e-08
	1.48568111e-08	1.22392361e-08	9.404850029e-09	6.459055667e-09	3.638517848e-09
	1.381984106e-09	1.27800692e-10	-1.215892264e-10	1.593910569e-40	  0
	  0	  0	  0	  0	  0
	  0	  0	  0	  0	  0
	  0	  0	  0	  0	  0
	  0	  0	  0	  0	  0
	  0	  0	  0	  0	  0
	  0	  0	  0	  0	  0
	  0	  0	  0	  0	  0
	  0	  0	  0	  0	  0
	  0	  0	  0	  0	  0
	  0	  0	  0	  0	  0
	