-30 0.05 8.14437e-39
-28.8 0.05 -4.36528e-09
-27.6 0.05 4.15605e-09
-26.4 0.05 6.21043e-08
-25.2 0.05 2.03131e-07
-24 0.05 4.17687e-07
-22.8 0.05 6.01244e-07
-21.6 0.05 6.39128e-07
-20.4 0.05 6.64233e-07
-19.2 0.05 1.06671e-06
-18 0.05 1.80585e-06
-16.8 0.05 1.76189e-06
-15.6 0.05 -6.52774e-08
-14.4 0.05 -1.7315e-06
-13.2 0.05 1.44077e-06
-12 0.05 9.61563e-06
-10.8 0.05 1.11189e-05
-9.6 0.05 -8.49854e-06
-8.4 0.05 -3.88616e-05
-7.2 0.05 -3.20816e-05
-6 0.05 5.23739e-05
-4.8 0.05 0.000163486
-3.6 0.05 0.000140001
-2.4 0.05 -0.000150874
-1.2 0.05 -0.000597007
0 0.05 -0.000826454
1.2 0.05 -0.000596434
2.4 0.05 -0.000150242
3.6 0.05 0.000140257
4.8 0.05 0.000163375
6 0.05 5.21763e-05
7.2 0.05 -3.21568e-05
8.4 0.05 -3.88119e-05
9.6 0.05 -8.42999e-06
10.8 0.05 1.11378e-05
12 0.05 9.59617e-06
13.2 0.05 1.42251e-06
14.4 0.05 -1.73254e-06
15.6 0.05 -5.86222e-08
16.8 0.05 1.76502e-06
18 0.05 1.80463e-06
19.2 0.05 1.06524e-06
20.4 0.05 6.64275e-07
21.6 0.05 6.39687e-07
22.8 0.05 6.01382e-07
24 0.05 4.17513e-07
25.2 0.05 2.03017e-07
26.4 0.05 6.21132e-08
27.6 0.05 4.18242e-09
28.8 0.05 -4.36172e-09
30 0.05 8.09973e-39
-30 0.100847 6.84913e-39
-28.8 0.100847 -4.23023e-09
-27.6 0.100847 4.88198e-09
-26.4 0.100847 6.20472e-08
-25.2 0.100847 1.98362e-07
-24 0.100847 4.07106e-07
-22.8 0.100847 5.92315e-07
-21.6 0.100847 6.38966e-07
-20.4 0.100847 6.58832e-07
-19.2 0.100847 1.02621e-06
-18 0.100847 1.7392e-06
-16.8 0.100847 1.75221e-06
-15.6 0.100847 4.41124e-08
-14.4 0.100847 -1.6343e-06
-13.2 0.100847 1.24117e-06
-12 0.100847 9.09652e-06
-10.8 0.100847 1.08821e-05
-9.6 0.100847 -7.6694e-06
-8.4 0.100847 -3.72193e-05
-7.2 0.100847 -3.15174e-05
-6 0.100847 4.97914e-05
-4.8 0.100847 0.000158316
-3.6 0.100847 0.000136559
-2.4 0.100847 -0.000147279
-1.2 0.100847 -0.000584936
0 0.100847 -0.000810574
1.2 0.100847 -0.000584367
2.4 0.100847 -0.000146657
3.6 0.100847 0.000136806
4.8 0.100847 0.000158207
6 0.100847 4.96019e-05
7.2 0.100847 -3.15869e-05
8.4 0.100847 -3.71703e-05
9.6 0.100847 -7.60452e-06
10.8 0.100847 1.08989e-05
12 0.100847 9.07767e-06
13.2 0.100847 1.22427e-06
14.4 0.100847 -1.63486e-06
15.6 0.100847 5.03933e-08
16.8 0.100847 1.75496e-06
18 0.100847 1.73797e-06
19.2 0.100847 1.0249e-06
20.4 0.100847 6.58944e-07
21.6 0.100847 6.39497e-07
22.8 0.100847 5.92426e-07
24 0.100847 4.0694e-07
25.2 0.100847 1.98264e-07
26.4 0.100847 6.20596e-08
27.6 0.100847 4.90434e-09
28.8 0.100847 -4.22888e-09
30 0.100847 6.81385e-39
-30 0.151695 5.76085e-39
-28.8 0.151695 -4.13804e-09
-27.6 0.151695 5.50723e-09
-26.4 0.151695 6.19967e-08
-25.2 0.151695 1.9384e-07
-24 0.151695 3.96683e-07
-22.8 0.151695 5.82894e-07
-21.6 0.151695 6.3801e-07
-20.4 0.151695 6.53897e-07
-19.2 0.151695 9.8797e-07
-18 0.151695 1.67366e-06
-16.8 0.151695 1.7387e-06
-15.6 0.151695 1.47154e-07
-14.4 0.151695 -1.53609e-06
-13.2 0.151695 1.05542e-06
-12 0.151695 8.59193e-06
-10.8 0.151695 1.06375e-05
-9.6 0.151695 -6.87603e-06
-8.4 0.151695 -3.56119e-05
-7.2 0.151695 -3.09448e-05
-6 0.151695 4.72731e-05
-4.8 0.151695 0.00015323
-3.6 0.151695 0.000133166
-2.4 0.151695 -0.000143703
-1.2 0.151695 -0.000572945
0 0.151695 -0.000794797
1.2 0.151695 -0.00057238
2.4 0.151695 -0.000143091
3.6 0.151695 0.000133404
4.8 0.151695 0.000153122
6 0.151695 4.70917e-05
7.2 0.151695 -3.10089e-05
8.4 0.151695 -3.55637e-05
9.6 0.151695 -6.81471e-06
10.8 0.151695 1.06524e-05
12 0.151695 8.57371e-06
13.2 0.151695 1.03983e-06
14.4 0.151695 -1.53623e-06
15.6 0.151695 1.53063e-07
16.8 0.151695 1.7411e-06
18 0.151695 1.67244e-06
19.2 0.151695 9.86815e-07
20.4 0.151695 6.54069e-07
21.6 0.151695 6.38512e-07
22.8 0.151695 5.82981e-07
24 0.151695 3.96526e-07
25.2 0.151695 1.93757e-07
26.4 0.151695 6.20119e-08
27.6 0.151695 5.5257e-09
28.8 0.151695 -4.13865e-09
30 0.151695 5.73434e-39
-30 0.202542 4.86876e-39
-28.8 0.202542 -4.0844e-09
-27.6 0.202542 6.03444e-09
-26.4 0.202542 6.1941e-08
-25.2 0.202542 1.89549e-07
-24 0.202542 3.86435e-07
-22.8 0.202542 5.73022e-07
-21.6 0.202542 6.36255e-07
-20.4 0.202542 6.49343e-07
-19.2 0.202542 9.51919e-07
-18 0.202542 1.60932e-06
-16.8 0.202542 1.72157e-06
-15.6 0.202542 2.43879e-07
-14.4 0.202542 -1.43717e-06
-13.2 0.202542 8.83188e-07
-12 0.202542 8.10189e-06
-10.8 0.202542 1.03856e-05
-9.6 0.202542 -6.11796e-06
-8.4 0.202542 -3.40394e-05
-7.2 0.202542 -3.0364e-05
-6 0.202542 4.48187e-05
-4.8 0.202542 0.000148229
-3.6 0.202542 0.000129821
-2.4 0.202542 -0.000140146
-1.2 0.202542 -0.000561033
0 0.202542 -0.000779122
1.2 0.202542 -0.000560474
2.4 0.202542 -0.000139545
3.6 0.202542 0.000130051
4.8 0.202542 0.000148123
6 0.202542 4.46452e-05
7.2 0.202542 -3.04229e-05
8.4 0.202542 -3.3992e-05
9.6 0.202542 -6.06009e-06
10.8 0.202542 1.03987e-05
12 0.202542 8.08431e-06
13.2 0.202542 8.6885e-07
14.4 0.202542 -1.43694e-06
15.6 0.202542 2.49418e-07
16.8 0.202542 1.72364e-06
18 0.202542 1.60812e-06
19.2 0.202542 9.50907e-07
20.4 0.202542 6.49567e-07
21.6 0.202542 6.36728e-07
22.8 0.202542 5.73088e-07
24 0.202542 3.86288e-07
25.2 0.202542 1.8948e-07
26.4 0.202542 6.19582e-08
27.6 0.202542 6.04919e-09
28.8 0.202542 -4.08675e-09
30 0.202542 4.85042e-39
-30 0.25339 4.16095e-39
-28.8 0.25339 -4.0648e-09
-27.6 0.25339 6.46695e-09
-26.4 0.25339 6.1869e-08
-25.2 0.25339 1.85476e-07
-24 0.25339 3.76377e-07
-22.8 0.25339 5.62743e-07
-21.6 0.25339 6.33702e-07
-20.4 0.25339 6.45085e-07
-19.2 0.25339 9.17989e-07
-18 0.25339 1.54629e-06
-16.8 0.25339 1.70102e-06
-15.6 0.25339 3.34323e-07
-14.4 0.25339 -1.33782e-06
-13.2 0.25339 7.24126e-07
-12 0.25339 7.62642e-06
-10.8 0.25339 1.01269e-05
-9.6 0.25339 -5.39472e-06
-8.4 0.25339 -3.25013e-05
-7.2 0.25339 -2.97751e-05
-6 0.25339 4.24278e-05
-4.8 0.25339 0.000143311
-3.6 0.25339 0.000126525
-2.4 0.25339 -0.000136609
-1.2 0.25339 -0.0005492
0 0.25339 -0.000763549
1.2 0.25339 -0.000548646
2.4 0.25339 -0.00013602
3.6 0.25339 0.000126746
4.8 0.25339 0.000143206
6 0.25339 4.2262e-05
7.2 0.25339 -2.98291e-05
8.4 0.25339 -3.24549e-05
9.6 0.25339 -5.3402e-06
10.8 0.25339 1.01383e-05
12 0.25339 7.60951e-06
13.2 0.25339 7.10978e-07
14.4 0.25339 -1.33727e-06
15.6 0.25339 3.39497e-07
16.8 0.25339 1.70279e-06
18 0.25339 1.54511e-06
19.2 0.25339 9.17113e-07
20.4 0.25339 6.45355e-07
21.6 0.25339 6.34146e-07
22.8 0.25339 5.62791e-07
24 0.25339 3.76241e-07
25.2 0.25339 1.8542e-07
26.4 0.25339 6.18876e-08
27.6 0.25339 6.47815e-09
28.8 0.25339 -4.06866e-09
30 0.25339 4.15011e-39
-30 0.304237 3.62444e-39
-28.8 0.304237 -4.07459e-09
-27.6 0.304237 6.80874e-09
-26.4 0.304237 6.17702e-08
-25.2 0.304237 1.81605e-07
-24 0.304237 3.66521e-07
-22.8 0.304237 5.52098e-07
-21.6 0.304237 6.30355e-07
-20.4 0.304237 6.41042e-07
-19.2 0.304237 8.86105e-07
-18 0.304237 1.48464e-06
-16.8 0.304237 1.67726e-06
-15.6 0.304237 4.18529e-07
-14.4 0.304237 -1.23834e-06
-13.2 0.304237 5.77888e-07
-12 0.304237 7.16554e-06
-10.8 0.304237 9.86167e-06
-9.6 0.304237 -4.70586e-06
-8.4 0.304237 -3.09977e-05
-7.2 0.304237 -2.91782e-05
-6 0.304237 4.01001e-05
-4.8 0.304237 0.000138475
-3.6 0.304237 0.000123275
-2.4 0.304237 -0.000133091
-1.2 0.304237 -0.000537444
0 0.304237 -0.000748075
1.2 0.304237 -0.000536897
2.4 0.304237 -0.000132514
3.6 0.304237 0.000123487
4.8 0.304237 0.000138372
6 0.304237 3.99418e-05
7.2 0.304237 -2.92275e-05
8.4 0.304237 -3.09523e-05
9.6 0.304237 -4.65457e-06
10.8 0.304237 9.87156e-06
12 0.304237 7.14932e-06
13.2 0.304237 5.65871e-07
14.4 0.304237 -1.2375e-06
15.6 0.304237 4.23343e-07
16.8 0.304237 1.67875e-06
18 0.304237 1.4835e-06
19.2 0.304237 8.85359e-07
20.4 0.304237 6.41349e-07
21.6 0.304237 6.3077e-07
22.8 0.304237 5.5213e-07
24 0.304237 3.66397e-07
25.2 0.304237 1.81562e-07
26.4 0.304237 6.17896e-08
27.6 0.304237 6.81661e-09
28.8 0.304237 -4.07973e-09
30 0.304237 3.62044e-39
-30 0.355085 3.24533e-39
-28.8 0.355085 -4.109e-09
-27.6 0.355085 7.06442e-09
-26.4 0.355085 6.16349e-08
-25.2 0.355085 1.7792e-07
-24 0.355085 3.56881e-07
-22.8 0.355085 5.4113e-07
-21.6 0.355085 6.2622e-07
-20.4 0.355085 6.37134e-07
-19.2 0.355085 8.56192e-07
-18 0.355085 1.42446e-06
-16.8 0.355085 1.65051e-06
-15.6 0.355085 4.96547e-07
-14.4 0.355085 -1.139e-06
-13.2 0.355085 4.44121e-07
-12 0.355085 6.7193e-06
-10.8 0.355085 9.59051e-06
-9.6 0.355085 -4.0509e-06
-8.4 0.355085 -2.95284e-05
-7.2 0.355085 -2.85735e-05
-6 0.355085 3.78351e-05
-4.8 0.355085 0.000133722
-3.6 0.355085 0.000120071
-2.4 0.355085 -0.000129594
-1.2 0.355085 -0.000525765
0 0.355085 -0.0007327
1.2 0.355085 -0.000525225
2.4 0.355085 -0.000129029
3.6 0.355085 0.000120275
4.8 0.355085 0.000133621
6 0.355085 3.76843e-05
7.2 0.355085 -2.86183e-05
8.4 0.355085 -2.9484e-05
9.6 0.355085 -4.00274e-06
10.8 0.355085 9.59897e-06
12 0.355085 6.70377e-06
13.2 0.355085 4.33178e-07
14.4 0.355085 -1.13792e-06
15.6 0.355085 5.01008e-07
16.8 0.355085 1.65174e-06
18 0.355085 1.42337e-06
19.2 0.355085 8.55567e-07
20.4 0.355085 6.37472e-07
21.6 0.355085 6.26606e-07
22.8 0.355085 5.41149e-07
24 0.355085 3.56769e-07
25.2 0.355085 1.77888e-07
26.4 0.355085 6.16547e-08
27.6 0.355085 7.06919e-09
28.8 0.355085 -4.11522e-09
30 0.355085 3.24749e-39
-30 0.405932 3.00899e-39
-28.8 0.405932 -4.1633e-09
-27.6 0.405932 7.23915e-09
-26.4 0.405932 6.14543e-08
-25.2 0.405932 1.74404e-07
-24 0.405932 3.47464e-07
-22.8 0.405932 5.2988e-07
-21.6 0.405932 6.21308e-07
-20.4 0.405932 6.33284e-07
-19.2 0.405932 8.28169e-07
-18 0.405932 1.36584e-06
-16.8 0.405932 1.62096e-06
-15.6 0.405932 5.68432e-07
-14.4 0.405932 -1.04009e-06
-13.2 0.405932 3.22469e-07
-12 0.405932 6.2877e-06
-10.8 0.405932 9.31384e-06
-9.6 0.405932 -3.42939e-06
-8.4 0.405932 -2.80932e-05
-7.2 0.405932 -2.79611e-05
-6 0.405932 3.56325e-05
-4.8 0.405932 0.00012905
-3.6 0.405932 0.000116913
-2.4 0.405932 -0.000126117
-1.2 0.405932 -0.000514162
0 0.405932 -0.000717421
1.2 0.405932 -0.00051363
2.4 0.405932 -0.000125565
3.6 0.405932 0.000117108
4.8 0.405932 0.000128951
6 0.405932 3.5489e-05
7.2 0.405932 -2.80016e-05
8.4 0.405932 -2.80499e-05
9.6 0.405932 -3.38425e-06
10.8 0.405932 9.32097e-06
12 0.405932 6.27288e-06
13.2 0.405932 3.12542e-07
14.4 0.405932 -1.03881e-06
15.6 0.405932 5.72548e-07
16.8 0.405932 1.62196e-06
18 0.405932 1.36479e-06
19.2 0.405932 8.27658e-07
20.4 0.405932 6.33647e-07
21.6 0.405932 6.21665e-07
22.8 0.405932 5.29889e-07
24 0.405932 3.47365e-07
25.2 0.405932 1.74382e-07
26.4 0.405932 6.14741e-08
27.6 0.405932 7.24107e-09
28.8 0.405932 -4.17038e-09
30 0.405932 3.01662e-39
-30 0.45678 2.90014e-39
-28.8 0.45678 -4.23275e-09
-27.6 0.45678 7.33859e-09
-26.4 0.45678 6.12205e-08
-25.2 0.45678 1.71041e-07
-24 0.45678 3.38279e-07
-22.8 0.45678 5.18391e-07
-21.6 0.45678 6.15631e-07
-20.4 0.45678 6.29417e-07
-19.2 0.45678 8.01952e-07
-18 0.45678 1.30885e-06
-16.8 0.45678 1.58884e-06
-15.6 0.45678 6.34247e-07
-14.4 0.45678 -9.41888e-07
-13.2 0.45678 2.12569e-07
-12 0.45678 5.87078e-06
-10.8 0.45678 9.0321e-06
-9.6 0.45678 -2.84086e-06
-8.4 0.45678 -2.6692e-05
-7.2 0.45678 -2.73411e-05
-6 0.45678 3.34921e-05
-4.8 0.45678 0.000124458
-3.6 0.45678 0.000113799
-2.4 0.45678 -0.000122661
-1.2 0.45678 -0.000502634
0 0.45678 -0.000702238
1.2 0.45678 -0.00050211
2.4 0.45678 -0.000122122
3.6 0.45678 0.000113986
4.8 0.45678 0.000124361
6 0.45678 3.33557e-05
7.2 0.45678 -2.73776e-05
8.4 0.45678 -2.66499e-05
9.6 0.45678 -2.79864e-06
10.8 0.45678 9.03802e-06
12 0.45678 5.85667e-06
13.2 0.45678 2.03602e-07
14.4 0.45678 -9.40441e-07
15.6 0.45678 6.38028e-07
16.8 0.45678 1.58962e-06
18 0.45678 1.30785e-06
19.2 0.45678 8.01547e-07
20.4 0.45678 6.29799e-07
21.6 0.45678 6.15961e-07
22.8 0.45678 5.18391e-07
24 0.45678 3.38192e-07
25.2 0.45678 1.71028e-07
26.4 0.45678 6.12399e-08
27.6 0.45678 7.33792e-09
28.8 0.45678 -4.24052e-09
30 0.45678 2.91256e-39
-30 0.507627 2.90309e-39
-28.8 0.507627 -4.31276e-09
-27.6 0.507627 7.36883e-09
-26.4 0.507627 6.09265e-08
-25.2 0.507627 1.67813e-07
-24 0.507627 3.29331e-07
-22.8 0.507627 5.06702e-07
-21.6 0.507627 6.09206e-07
-20.4 0.507627 6.25462e-07
-19.2 0.507627 7.77454e-07
-18 0.507627 1.25354e-06
-16.8 0.507627 1.55435e-06
-15.6 0.507627 6.94065e-07
-14.4 0.507627 -8.44678e-07
-13.2 0.507627 1.14054e-07
-12 0.507627 5.46855e-06
-10.8 0.507627 8.74578e-06
-9.6 0.507627 -2.28486e-06
-8.4 0.507627 -2.53247e-05
-7.2 0.507627 -2.67137e-05
-6 0.507627 3.14135e-05
-4.8 0.507627 0.000119947
-3.6 0.507627 0.000110729
-2.4 0.507627 -0.000119226
-1.2 0.507627 -0.00049118
0 0.507627 -0.000687149
1.2 0.507627 -0.000490665
2.4 0.507627 -0.0001187
3.6 0.507627 0.000110908
4.8 0.507627 0.000119852
6 0.507627 3.12841e-05
7.2 0.507627 -2.67464e-05
8.4 0.507627 -2.52838e-05
9.6 0.507627 -2.24544e-06
10.8 0.507627 8.75059e-06
12 0.507627 5.45517e-06
13.2 0.507627 1.05991e-07
14.4 0.507627 -8.43101e-07
15.6 0.507627 6.9752e-07
16.8 0.507627 1.55495e-06
18 0.507627 1.25261e-06
19.2 0.507627 7.77148e-07
20.4 0.507627 6.25857e-07
21.6 0.507627 6.0951e-07
22.8 0.507627 5.06696e-07
24 0.507627 3.29256e-07
25.2 0.507627 1.67808e-07
26.4 0.507627 6.09451e-08
27.6 0.507627 7.36582e-09
28.8 0.507627 -4.32104e-09
30 0.507627 2.91964e-39
-30 0.558475 3.00189e-39
-28.8 0.558475 -4.39886e-09
-27.6 0.558475 7.33629e-09
-26.4 0.558475 6.05664e-08
-25.2 0.558475 1.64702e-07
-24 0.558475 3.20622e-07
-22.8 0.558475 4.94855e-07
-21.6 0.558475 6.02054e-07
-20.4 0.558475 6.21349e-07
-19.2 0.558475 7.54585e-07
-18 0.558475 1.19998e-06
-16.8 0.558475 1.51771e-06
-15.6 0.558475 7.47964e-07
-14.4 0.558475 -7.48735e-07
-13.2 0.558475 2.6548e-08
-12 0.558475 5.08104e-06
-10.8 0.558475 8.45535e-06
-9.6 0.558475 -1.76092e-06
-8.4 0.558475 -2.39912e-05
-7.2 0.558475 -2.60792e-05
-6 0.558475 2.93963e-05
-4.8 0.558475 0.000115515
-3.6 0.558475 0.000107701
-2.4 0.558475 -0.000115811
-1.2 0.558475 -0.000479799
0 0.558475 -0.000672152
1.2 0.558475 -0.000479293
2.4 0.558475 -0.0001153
3.6 0.558475 0.000107872
4.8 0.558475 0.000115422
6 0.558475 2.92738e-05
7.2 0.558475 -2.61082e-05
8.4 0.558475 -2.39516e-05
9.6 0.558475 -1.7242e-06
10.8 0.558475 8.45915e-06
12 0.558475 5.06838e-06
13.2 0.558475 1.93358e-08
14.4 0.558475 -7.47058e-07
15.6 0.558475 7.51103e-07
16.8 0.558475 1.51814e-06
18 0.558475 1.19912e-06
19.2 0.558475 7.54369e-07
20.4 0.558475 6.21753e-07
21.6 0.558475 6.02332e-07
22.8 0.558475 4.94844e-07
24 0.558475 3.2056e-07
25.2 0.558475 1.64705e-07
26.4 0.558475 6.0584e-08
27.6 0.558475 7.33122e-09
28.8 0.558475 -4.40749e-09
30 0.558475 3.02193e-39
-30 0.609322 3.18051e-39
-28.8 0.609322 -4.48681e-09
-27.6 0.609322 7.2477e-09
-26.4 0.609322 6.01351e-08
-25.2 0.609322 1.61692e-07
-24 0.609322 3.12155e-07
-22.8 0.609322 4.82887e-07
-21.6 0.609322 5.94197e-07
-20.4 0.609322 6.17013e-07
-19.2 0.609322 7.33251e-07
-18 0.609322 1.14823e-06
-16.8 0.609322 1.47914e-06
-15.6 0.609322 7.96031e-07
-14.4 0.609322 -6.5433e-07
-13.2 0.609322 -5.03287e-08
-12 0.609322 4.70826e-06
-10.8 0.609322 8.16129e-06
-9.6 0.609322 -1.26859e-06
-8.4 0.609322 -2.26915e-05
-7.2 0.609322 -2.54376e-05
-6 0.609322 2.74404e-05
-4.8 0.609322 0.000111162
-3.6 0.609322 0.000104716
-2.4 0.609322 -0.000112419
-1.2 0.609322 -0.000468491
0 0.609322 -0.000657247
1.2 0.609322 -0.000467995
2.4 0.609322 -0.000111922
3.6 0.609322 0.000104879
4.8 0.609322 0.000111072
6 0.609322 2.73245e-05
7.2 0.609322 -2.54632e-05
8.4 0.609322 -2.26532e-05
9.6 0.609322 -1.23445e-06
10.8 0.609322 8.16417e-06
12 0.609322 4.69632e-06
13.2 0.609322 -5.67447e-08
14.4 0.609322 -6.52583e-07
15.6 0.609322 7.98866e-07
16.8 0.609322 1.47942e-06
18 0.609322 1.14744e-06
19.2 0.609322 7.33119e-07
20.4 0.609322 6.17421e-07
21.6 0.609322 5.94451e-07
22.8 0.609322 4.82874e-07
24 0.609322 3.12105e-07
25.2 0.609322 1.61701e-07
26.4 0.609322 6.01514e-08
27.6 0.609322 7.24083e-09
28.8 0.609322 -4.49565e-09
30 0.609322 3.20342e-39
-30 0.660169 3.42303e-39
-28.8 0.660169 -4.57264e-09
-27.6 0.660169 7.10997e-09
-26.4 0.660169 5.96287e-08
-25.2 0.660169 1.58765e-07
-24 0.660169 3.03928e-07
-22.8 0.660169 4.70838e-07
-21.6 0.660169 5.85661e-07
-20.4 0.660169 6.12393e-07
-19.2 0.660169 7.13355e-07
-18 0.660169 1.09834e-06
-16.8 0.660169 1.43885e-06
-15.6 0.660169 8.38362e-07
-14.4 0.660169 -5.61733e-07
-13.2 0.660169 -1.16965e-07
-12 0.660169 4.35024e-06
-10.8 0.660169 7.8641e-06
-9.6 0.660169 -8.07397e-07
-8.4 0.660169 -2.14255e-05
-7.2 0.660169 -2.47891e-05
-6 0.660169 2.55455e-05
-4.8 0.660169 0.000106887
-3.6 0.660169 0.000101772
-2.4 0.660169 -0.000109048
-1.2 0.660169 -0.000457255
0 0.660169 -0.000642431
1.2 0.660169 -0.000456769
2.4 0.660169 -0.000108565
3.6 0.660169 0.000101927
4.8 0.660169 0.000106799
6 0.660169 2.54361e-05
7.2 0.660169 -2.48116e-05
8.4 0.660169 -2.13885e-05
9.6 0.660169 -7.75742e-07
10.8 0.660169 7.86615e-06
12 0.660169 4.339e-06
13.2 0.660169 -1.22638e-07
14.4 0.660169 -5.59944e-07
15.6 0.660169 8.40905e-07
16.8 0.660169 1.439e-06
18 0.660169 1.09761e-06
19.2 0.660169 7.13299e-07
20.4 0.660169 6.12802e-07
21.6 0.660169 5.85893e-07
22.8 0.660169 4.70825e-07
24 0.660169 3.0389e-07
25.2 0.660169 1.5878e-07
26.4 0.660169 5.96437e-08
27.6 0.660169 7.10156e-09
28.8 0.660169 -4.58156e-09
30 0.660169 3.44824e-39
-30 0.711017 3.71384e-39
-28.8 0.711017 -4.65269e-09
-27.6 0.711017 6.93011e-09
-26.4 0.711017 5.90444e-08
-25.2 0.711017 1.55904e-07
-24 0.711017 2.95938e-07
-22.8 0.711017 4.58744e-07
-21.6 0.711017 5.76476e-07
-20.4 0.711017 6.07431e-07
-19.2 0.711017 6.94798e-07
-18 0.711017 1.05033e-06
-16.8 0.711017 1.39705e-06
-15.6 0.711017 8.75063e-07
-14.4 0.711017 -4.71212e-07
-13.2 0.711017 -1.73758e-07
-12 0.711017 4.00697e-06
-10.8 0.711017 7.56427e-06
-9.6 0.711017 -3.76877e-07
-8.4 0.711017 -2.01932e-05
-7.2 0.711017 -2.41341e-05
-6 0.711017 2.37114e-05
-4.8 0.711017 0.000102691
-3.6 0.711017 9.88685e-05
-2.4 0.711017 -0.0001057
-1.2 0.711017 -0.00044609
0 0.711017 -0.000627703
1.2 0.711017 -0.000445615
2.4 0.711017 -0.000105231
3.6 0.711017 9.90157e-05
4.8 0.711017 0.000102605
6 0.711017 2.36082e-05
7.2 0.711017 -2.41535e-05
8.4 0.711017 -2.01575e-05
9.6 0.711017 -3.47596e-07
10.8 0.711017 7.56558e-06
12 0.711017 3.99644e-06
13.2 0.711017 -1.78739e-07
14.4 0.711017 -4.69405e-07
15.6 0.711017 8.77328e-07
16.8 0.711017 1.39709e-06
18 0.711017 1.04967e-06
19.2 0.711017 6.9481e-07
20.4 0.711017 6.07836e-07
21.6 0.711017 5.76687e-07
22.8 0.711017 4.58731e-07
24 0.711017 2.95911e-07
25.2 0.711017 1.55923e-07
26.4 0.711017 5.90581e-08
27.6 0.711017 6.92042e-09
28.8 0.711017 -4.66159e-09
30 0.711017 3.74081e-39
-30 0.761864 4.03784e-39
-28.8 0.761864 -4.72367e-09
-27.6 0.761864 6.71516e-09
-26.4 0.761864 5.83806e-08
-25.2 0.761864 1.53091e-07
-24 0.761864 2.8818e-07
-22.8 0.761864 4.4664e-07
-21.6 0.761864 5.66674e-07
-20.4 0.761864 6.02073e-07
-19.2 0.761864 6.77477e-07
-18 0.761864 1.00424e-06
-16.8 0.761864 1.35396e-06
-15.6 0.761864 9.06249e-07
-14.4 0.761864 -3.83027e-07
-13.2 0.761864 -2.21113e-07
-12 0.761864 3.67846e-06
-10.8 0.761864 7.26231e-06
-9.6 0.761864 2.34414e-08
-8.4 0.761864 -1.89945e-05
-7.2 0.761864 -2.34726e-05
-6 0.761864 2.19377e-05
-4.8 0.761864 9.85715e-05
-3.6 0.761864 9.60046e-05
-2.4 0.761864 -0.000102375
-1.2 0.761864 -0.000434995
0 0.761864 -0.000613062
1.2 0.761864 -0.000434531
2.4 0.761864 -0.00010192
3.6 0.761864 9.61442e-05
4.8 0.761864 9.84884e-05
6 0.761864 2.18406e-05
7.2 0.761864 -2.34893e-05
8.4 0.761864 -1.89602e-05
9.6 0.761864 5.04528e-08
10.8 0.761864 7.26297e-06
12 0.761864 3.66864e-06
13.2 0.761864 -2.25451e-07
14.4 0.761864 -3.81226e-07
15.6 0.761864 9.08248e-07
16.8 0.761864 1.35391e-06
18 0.761864 1.00366e-06
19.2 0.761864 6.7755e-07
20.4 0.761864 6.02472e-07
21.6 0.761864 5.66865e-07
22.8 0.761864 4.4663e-07
24 0.761864 2.88164e-07
25.2 0.761864 1.53115e-07
26.4 0.761864 5.83928e-08
27.6 0.761864 6.70443e-09
28.8 0.761864 -4.73244e-09
30 0.761864 4.06607e-39
-30 0.812712 4.38059e-39
-28.8 0.812712 -4.78269e-09
-27.6 0.812712 6.4721e-09
-26.4 0.812712 5.76365e-08
-25.2 0.812712 1.50311e-07
-24 0.812712 2.80647e-07
-22.8 0.812712 4.3456e-07
-21.6 0.812712 5.5629e-07
-20.4 0.812712 5.9627e-07
-19.2 0.812712 6.61288e-07
-18 0.812712 9.60106e-07
-16.8 0.812712 1.3098e-06
-15.6 0.812712 9.32046e-07
-14.4 0.812712 -2.97436e-07
-13.2 0.812712 -2.59443e-07
-12 0.812712 3.36472e-06
-10.8 0.812712 6.95875e-06
-9.6 0.812712 3.94034e-07
-8.4 0.812712 -1.78295e-05
-7.2 0.812712 -2.2805e-05
-6 0.812712 2.02243e-05
-4.8 0.812712 9.45293e-05
-3.6 0.812712 9.31794e-05
-2.4 0.812712 -9.90722e-05
-1.2 0.812712 -0.00042397
0 0.812712 -0.000598506
1.2 0.812712 -0.000423517
2.4 0.812712 -9.86326e-05
3.6 0.812712 9.33117e-05
4.8 0.812712 9.44486e-05
6 0.812712 2.01331e-05
7.2 0.812712 -2.2819e-05
8.4 0.812712 -1.77966e-05
9.6 0.812712 4.18882e-07
10.8 0.812712 6.95884e-06
12 0.812712 3.35558e-06
13.2 0.812712 -2.63189e-07
14.4 0.812712 -2.9566e-07
15.6 0.812712 9.33794e-07
16.8 0.812712 1.30966e-06
18 0.812712 9.59595e-07
19.2 0.812712 6.61416e-07
20.4 0.812712 5.9666e-07
21.6 0.812712 5.56464e-07
22.8 0.812712 4.34552e-07
24 0.812712 2.80642e-07
25.2 0.812712 1.50338e-07
26.4 0.812712 5.76472e-08
27.6 0.812712 6.46055e-09
28.8 0.812712 -4.79127e-09
30 0.812712 4.40962e-39
-30 0.863559 4.72853e-39
-28.8 0.863559 -4.82731e-09
-27.6 0.863559 6.20773e-09
-26.4 0.863559 5.68127e-08
-25.2 0.863559 1.47549e-07
-24 0.863559 2.7333e-07
-22.8 0.863559 4.22533e-07
-21.6 0.863559 5.45362e-07
-20.4 0.863559 5.89977e-07
-19.2 0.863559 6.46124e-07
-18 0.863559 9.17928e-07
-16.8 0.863559 1.26477e-06
-15.6 0.863559 9.52589e-07
-14.4 0.863559 -2.1469e-07
-13.2 0.863559 -2.89172e-07
-12 0.863559 3.06573e-06
-10.8 0.863559 6.65413e-06
-9.6 0.863559 7.35385e-07
-8.4 0.863559 -1.66981e-05
-7.2 0.863559 -2.21314e-05
-6 0.863559 1.8571e-05
-4.8 0.863559 9.05636e-05
-3.6 0.863559 9.03923e-05
-2.4 0.863559 -9.57932e-05
-1.2 0.863559 -0.000413013
0 0.863559 -0.000584034
1.2 0.863559 -0.000412572
2.4 0.863559 -9.53684e-05
3.6 0.863559 9.05173e-05
4.8 0.863559 9.04855e-05
6 0.863559 1.84856e-05
7.2 0.863559 -2.21431e-05
8.4 0.863559 -1.66666e-05
9.6 0.863559 7.58172e-07
10.8 0.863559 6.65371e-06
12 0.863559 3.05727e-06
13.2 0.863559 -2.92373e-07
14.4 0.863559 -2.12959e-07
15.6 0.863559 9.54099e-07
16.8 0.863559 1.26457e-06
18 0.863559 9.17489e-07
19.2 0.863559 6.46299e-07
20.4 0.863559 5.90357e-07
21.6 0.863559 5.4552e-07
22.8 0.863559 4.2253e-07
24 0.863559 2.73334e-07
25.2 0.863559 1.47578e-07
26.4 0.863559 5.6822e-08
27.6 0.863559 6.19558e-09
28.8 0.863559 -4.83563e-09
30 0.863559 4.75798e-39
-30 0.914407 5.06918e-39
-28.8 0.914407 -4.85556e-09
-27.6 0.914407 5.92861e-09
-26.4 0.914407 5.59107e-08
-25.2 0.914407 1.44789e-07
-24 0.914407 2.66218e-07
-22.8 0.914407 4.10589e-07
-21.6 0.914407 5.3393e-07
-20.4 0.914407 5.83157e-07
-19.2 0.914407 6.31876e-07
-18 0.914407 8.77717e-07
-16.8 0.914407 1.2191e-06
-15.6 0.914407 9.68026e-07
-14.4 0.914407 -1.35036e-07
-13.2 0.914407 -3.10733e-07
-12 0.914407 2.78149e-06
-10.8 0.914407 6.34897e-06
-9.6 0.914407 1.04798e-06
-8.4 0.914407 -1.56004e-05
-7.2 0.914407 -2.14523e-05
-6 0.914407 1.69776e-05
-4.8 0.914407 8.66741e-05
-3.6 0.914407 8.76424e-05
-2.4 0.914407 -9.25383e-05
-1.2 0.914407 -0.000402124
0 0.914407 -0.000569644
1.2 0.914407 -0.000401695
2.4 0.914407 -9.21283e-05
3.6 0.914407 8.77603e-05
4.8 0.914407 8.65986e-05
6 0.914407 1.68977e-05
7.2 0.914407 -2.14616e-05
8.4 0.914407 -1.55703e-05
9.6 0.914407 1.06881e-06
10.8 0.914407 6.34812e-06
12 0.914407 2.77369e-06
13.2 0.914407 -3.13436e-07
14.4 0.914407 -1.33365e-07
15.6 0.914407 9.69314e-07
16.8 0.914407 1.21884e-06
18 0.914407 8.77349e-07
19.2 0.914407 6.32093e-07
20.4 0.914407 5.83524e-07
21.6 0.914407 5.34074e-07
22.8 0.914407 4.10591e-07
24 0.914407 2.66231e-07
25.2 0.914407 1.4482e-07
26.4 0.914407 5.59186e-08
27.6 0.914407 5.91605e-09
28.8 0.914407 -4.86358e-09
30 0.914407 5.09868e-39
-30 0.965254 5.39125e-39
-28.8 0.965254 -4.86599e-09
-27.6 0.965254 5.64095e-09
-26.4 0.965254 5.49331e-08
-25.2 0.965254 1.42017e-07
-24 0.965254 2.59298e-07
-22.8 0.965254 3.98755e-07
-21.6 0.965254 5.22037e-07
-20.4 0.965254 5.75775e-07
-19.2 0.965254 6.18435e-07
-18 0.965254 8.3947e-07
-16.8 0.965254 1.17298e-06
-15.6 0.965254 9.78515e-07
-14.4 0.965254 -5.87107e-08
-13.2 0.965254 -3.24573e-07
-12 0.965254 2.51196e-06
-10.8 0.965254 6.04384e-06
-9.6 0.965254 1.33233e-06
-8.4 0.965254 -1.45364e-05
-7.2 0.965254 -2.07678e-05
-6 0.965254 1.5444e-05
-4.8 0.965254 8.28604e-05
-3.6 0.965254 8.49289e-05
-2.4 0.965254 -8.93078e-05
-1.2 0.965254 -0.000391303
0 0.965254 -0.000555335
1.2 0.965254 -0.000390886
2.4 0.965254 -8.89128e-05
3.6 0.965254 8.50399e-05
4.8 0.965254 8.27875e-05
6 0.965254 1.53695e-05
7.2 0.965254 -2.07751e-05
8.4 0.965254 -1.45078e-05
9.6 0.965254 1.35131e-06
10.8 0.965254 6.04263e-06
12 0.965254 2.50481e-06
13.2 0.965254 -3.26821e-07
14.4 0.965254 -5.71144e-08
15.6 0.965254 9.79596e-07
16.8 0.965254 1.17269e-06
18 0.965254 8.3917e-07
19.2 0.965254 6.18686e-07
20.4 0.965254 5.76128e-07
21.6 0.965254 5.22169e-07
22.8 0.965254 3.98763e-07
24 0.965254 2.5932e-07
25.2 0.965254 1.4205e-07
26.4 0.965254 5.49396e-08
27.6 0.965254 5.62816e-09
28.8 0.965254 -4.87367e-09
30 0.965254 5.42051e-39
-30 1.0161 5.68483e-39
-28.8 1.0161 -4.85763e-09
-27.6 1.0161 5.35055e-09
-26.4 1.0161 5.38833e-08
-25.2 1.0161 1.39221e-07
-24 1.0161 2.52557e-07
-22.8 1.0161 3.87054e-07
-21.6 1.0161 5.09727e-07
-20.4 1.0161 5.67804e-07
-19.2 1.0161 6.05689e-07
-18 1.0161 8.03173e-07
-16.8 1.0161 1.12663e-06
-15.6 1.0161 9.84228e-07
-14.4 1.0161 1.40536e-08
-13.2 1.0161 -3.31145e-07
-12 1.0161 2.25713e-06
-10.8 1.0161 5.7393e-06
-9.6 1.0161 1.58894e-06
-8.4 1.0161 -1.35063e-05
-7.2 1.0161 -2.00782e-05
-6 1.0161 1.397e-05
-4.8 1.0161 7.91222e-05
-3.6 1.0161 8.2251e-05
-2.4 1.0161 -8.61024e-05
-1.2 1.0161 -0.000380547
0 1.0161 -0.000541105
1.2 1.0161 -0.000380143
2.4 1.0161 -8.57223e-05
3.6 1.0161 8.23552e-05
4.8 1.0161 7.9052e-05
6 1.0161 1.39006e-05
7.2 1.0161 -2.00837e-05
8.4 1.0161 -1.34791e-05
9.6 1.0161 1.60616e-06
10.8 1.0161 5.7378e-06
12 1.0161 2.2506e-06
13.2 1.0161 -3.32984e-07
14.4 1.0161 1.55633e-08
15.6 1.0161 9.85116e-07
16.8 1.0161 1.12631e-06
18 1.0161 8.02939e-07
19.2 1.0161 6.05969e-07
20.4 1.0161 5.68142e-07
21.6 1.0161 5.09848e-07
22.8 1.0161 3.87068e-07
24 1.0161 2.52587e-07
25.2 1.0161 1.39255e-07
26.4 1.0161 5.38887e-08
27.6 1.0161 5.33768e-09
28.8 1.0161 -4.86497e-09
30 1.0161 5.7136e-39
-30 1.06695 5.94154e-39
-28.8 1.06695 -4.83007e-09
-27.6 1.06695 5.06268e-09
-26.4 1.06695 5.27659e-08
-25.2 1.06695 1.3639e-07
-24 1.06695 2.45978e-07
-22.8 1.06695 3.75506e-07
-21.6 1.06695 4.97048e-07
-20.4 1.06695 5.59221e-07
-19.2 1.06695 5.93526e-07
-18 1.06695 7.68804e-07
-16.8 1.06695 1.08025e-06
-15.6 1.06695 9.85348e-07
-14.4 1.06695 8.30355e-08
-13.2 1.06695 -3.30919e-07
-12 1.06695 2.01694e-06
-10.8 1.06695 5.43593e-06
-9.6 1.06695 1.81833e-06
-8.4 1.06695 -1.25101e-05
-7.2 1.06695 -1.9384e-05
-6 1.06695 1.25555e-05
-4.8 1.06695 7.54592e-05
-3.6 1.06695 7.96079e-05
-2.4 1.06695 -8.29226e-05
-1.2 1.06695 -0.000369858
0 1.06695 -0.000526952
1.2 1.06695 -0.000369465
2.4 1.06695 -8.25573e-05
3.6 1.06695 7.97055e-05
4.8 1.06695 7.53917e-05
6 1.06695 1.24911e-05
7.2 1.06695 -1.93877e-05
8.4 1.06695 -1.24843e-05
9.6 1.06695 1.83389e-06
10.8 1.06695 5.43419e-06
12 1.06695 2.01101e-06
13.2 1.06695 -3.32389e-07
14.4 1.06695 8.44483e-08
15.6 1.06695 9.86057e-07
16.8 1.06695 1.07991e-06
18 1.06695 7.68633e-07
19.2 1.06695 5.93829e-07
20.4 1.06695 5.59543e-07
21.6 1.06695 4.9716e-07
22.8 1.06695 3.75527e-07
24 1.06695 2.46014e-07
25.2 1.06695 1.36425e-07
26.4 1.06695 5.27703e-08
27.6 1.06695 5.04986e-09
28.8 1.06695 -4.83706e-09
30 1.06695 5.96962e-39
-30 1.1178 6.15458e-39
-28.8 1.1178 -4.78339e-09
-27.6 1.1178 4.78202e-09
-26.4 1.1178 5.15862e-08
-25.2 1.1178 1.33513e-07
-24 1.1178 2.39545e-07
-22.8 1.1178 3.6413e-07
-21.6 1.1178 4.84045e-07
-20.4 1.1178 5.50011e-07
-19.2 1.1178 5.81836e-07
-18 1.1178 7.36329e-07
-16.8 1.1178 1.03404e-06
-15.6 1.1178 9.8207e-07
-14.4 1.1178 1.48023e-07
-13.2 1.1178 -3.24374e-07
-12 1.1178 1.79133e-06
-10.8 1.1178 5.13434e-06
-9.6 1.1178 2.02104e-06
-8.4 1.1178 -1.15479e-05
-7.2 1.1178 -1.86855e-05
-6 1.1178 1.12004e-05
-4.8 1.1178 7.18713e-05
-3.6 1.1178 7.69987e-05
-2.4 1.1178 -7.97689e-05
-1.2 1.1178 -0.000359233
0 1.1178 -0.000512876
1.2 1.1178 -0.000358853
2.4 1.1178 -7.94185e-05
3.6 1.1178 7.70899e-05
4.8 1.1178 7.18064e-05
6 1.1178 1.11408e-05
7.2 1.1178 -1.86877e-05
8.4 1.1178 -1.15235e-05
9.6 1.1178 2.03505e-06
10.8 1.1178 5.13241e-06
12 1.1178 1.78598e-06
13.2 1.1178 -3.25515e-07
14.4 1.1178 1.49331e-07
15.6 1.1178 9.82617e-07
16.8 1.1178 1.03369e-06
18 1.1178 7.36217e-07
19.2 1.1178 5.82157e-07
20.4 1.1178 5.50317e-07
21.6 1.1178 4.8415e-07
22.8 1.1178 3.64157e-07
24 1.1178 2.39587e-07
25.2 1.1178 1.33549e-07
26.4 1.1178 5.15897e-08
27.6 1.1178 4.76937e-09
28.8 1.1178 -4.79002e-09
30 1.1178 6.18182e-39
-30 1.16864 6.31889e-39
-28.8 1.16864 -4.71816e-09
-27.6 1.16864 4.51261e-09
-26.4 1.16864 5.03502e-08
-25.2 1.16864 1.30583e-07
-24 1.16864 2.33239e-07
-22.8 1.16864 3.52938e-07
-21.6 1.16864 4.70769e-07
-20.4 1.16864 5.40166e-07
-19.2 1.16864 5.70508e-07
-18 1.16864 7.05705e-07
-16.8 1.16864 9.88189e-07
-15.6 1.16864 9.74604e-07
-14.4 1.16864 2.08816e-07
-13.2 1.16864 -3.12003e-07
-12 1.16864 1.58024e-06
-10.8 1.16864 4.83511e-06
-9.6 1.16864 2.19764e-06
-8.4 1.16864 -1.06198e-05
-7.2 1.16864 -1.79831e-05
-6 1.16864 9.90459e-06
-4.8 1.16864 6.83581e-05
-3.6 1.16864 7.44226e-05
-2.4 1.16864 -7.6642e-05
-1.2 1.16864 -0.000348672
0 1.16864 -0.000498873
1.2 1.16864 -0.000348305
2.4 1.16864 -7.63064e-05
3.6 1.16864 7.45077e-05
4.8 1.16864 6.8296e-05
6 1.16864 9.84954e-06
7.2 1.16864 -1.79839e-05
8.4 1.16864 -1.05969e-05
9.6 1.16864 2.21019e-06
10.8 1.16864 4.83305e-06
12 1.16864 1.57545e-06
13.2 1.16864 -3.12854e-07
14.4 1.16864 2.10012e-07
15.6 1.16864 9.75004e-07
16.8 1.16864 9.87844e-07
18 1.16864 7.05649e-07
19.2 1.16864 5.70842e-07
20.4 1.16864 5.40456e-07
21.6 1.16864 4.70868e-07
22.8 1.16864 3.52973e-07
24 1.16864 2.33286e-07
25.2 1.16864 1.30618e-07
26.4 1.16864 5.03529e-08
27.6 1.16864 4.50022e-09
28.8 1.16864 -4.72446e-09
30 1.16864 6.34518e-39
-30 1.21949 6.43112e-39
-28.8 1.21949 -4.63543e-09
-27.6 1.21949 4.25778e-09
-26.4 1.21949 4.90646e-08
-25.2 1.21949 1.27591e-07
-24 1.21949 2.27041e-07
-22.8 1.21949 3.41942e-07
-21.6 1.21949 4.57268e-07
-20.4 1.21949 5.29683e-07
-19.2 1.21949 5.59432e-07
-18 1.21949 6.76877e-07
-16.8 1.21949 9.42894e-07
-15.6 1.21949 9.63174e-07
-14.4 1.21949 2.65227e-07
-13.2 1.21949 -2.94312e-07
-12 1.21949 1.38357e-06
-10.8 1.21949 4.53888e-06
-9.6 1.21949 2.34869e-06
-8.4 1.21949 -9.72609e-06
-7.2 1.21949 -1.72772e-05
-6 1.21949 8.66803e-06
-4.8 1.21949 6.49197e-05
-3.6 1.21949 7.18789e-05
-2.4 1.21949 -7.35426e-05
-1.2 1.21949 -0.000338175
0 1.21949 -0.000484943
1.2 1.21949 -0.000337821
2.4 1.21949 -7.32217e-05
3.6 1.21949 7.19579e-05
4.8 1.21949 6.48602e-05
6 1.21949 8.61736e-06
7.2 1.21949 -1.72767e-05
8.4 1.21949 -9.70457e-06
9.6 1.21949 2.35988e-06
10.8 1.21949 4.53674e-06
12 1.21949 1.37932e-06
13.2 1.21949 -2.94909e-07
14.4 1.21949 2.66307e-07
15.6 1.21949 9.63441e-07
16.8 1.21949 9.42556e-07
18 1.21949 6.76872e-07
19.2 1.21949 5.59775e-07
20.4 1.21949 5.29957e-07
21.6 1.21949 4.57362e-07
22.8 1.21949 3.41983e-07
24 1.21949 2.27093e-07
25.2 1.21949 1.27627e-07
26.4 1.21949 4.90666e-08
27.6 1.21949 4.24573e-09
28.8 1.21949 -4.64142e-09
30 1.21949 6.4564e-39
-30 1.27034 6.4897e-39
-28.8 1.27034 -4.53667e-09
-27.6 1.27034 4.0201e-09
-26.4 1.27034 4.77363e-08
-25.2 1.27034 1.24534e-07
-24 1.27034 2.20932e-07
-22.8 1.27034 3.31148e-07
-21.6 1.27034 4.43591e-07
-20.4 1.27034 5.18567e-07
-19.2 1.27034 5.48501e-07
-18 1.27034 6.49779e-07
-16.8 1.27034 8.9833e-07
-15.6 1.27034 9.48017e-07
-14.4 1.27034 3.17082e-07
-13.2 1.27034 -2.71822e-07
-12 1.27034 1.20122e-06
-10.8 1.27034 4.24629e-06
-9.6 1.27034 2.4748e-06
-8.4 1.27034 -8.86685e-06
-7.2 1.27034 -1.65683e-05
-6 1.27034 7.49065e-06
-4.8 1.27034 6.15558e-05
-3.6 1.27034 6.93666e-05
-2.4 1.27034 -7.04714e-05
-1.2 1.27034 -0.00032774
0 1.27034 -0.000471084
1.2 1.27034 -0.000327399
2.4 1.27034 -7.01652e-05
3.6 1.27034 6.94399e-05
4.8 1.27034 6.1499e-05
6 1.27034 7.44418e-06
7.2 1.27034 -1.65668e-05
8.4 1.27034 -8.84671e-06
9.6 1.27034 2.48471e-06
10.8 1.27034 4.2441e-06
12 1.27034 1.19747e-06
13.2 1.27034 -2.72199e-07
14.4 1.27034 3.18042e-07
15.6 1.27034 9.48165e-07
16.8 1.27034 8.98007e-07
18 1.27034 6.49821e-07
19.2 1.27034 5.48849e-07
20.4 1.27034 5.18825e-07
21.6 1.27034 4.43682e-07
22.8 1.27034 3.31196e-07
24 1.27034 2.20988e-07
25.2 1.27034 1.24569e-07
26.4 1.27034 4.77378e-08
27.6 1.27034 4.00844e-09
28.8 1.27034 -4.54236e-09
30 1.27034 6.51393e-39
-30 1.32119 6.49479e-39
-28.8 1.32119 -4.42368e-09
-27.6 1.32119 3.80138e-09
-26.4 1.32119 4.63728e-08
-25.2 1.32119 1.21407e-07
-24 1.32119 2.14893e-07
-22.8 1.32119 3.2056e-07
-21.6 1.32119 4.29787e-07
-20.4 1.32119 5.0683e-07
-19.2 1.32119 5.37612e-07
-18 1.32119 6.24333e-07
-16.8 1.32119 8.5467e-07
-15.6 1.32119 9.29382e-07
-14.4 1.32119 3.64224e-07
-13.2 1.32119 -2.45064e-07
-12 1.32119 1.03306e-06
-10.8 1.32119 3.95797e-06
-9.6 1.32119 2.57659e-06
-8.4 1.32119 -8.04229e-06
-7.2 1.32119 -1.5857e-05
-6 1.32119 6.37245e-06
-4.8 1.32119 5.82664e-05
-3.6 1.32119 6.6885e-05
-2.4 1.32119 -6.74293e-05
-1.2 1.32119 -0.000317367
0 1.32119 -0.000457294
1.2 1.32119 -0.000317039
2.4 1.32119 -6.71375e-05
3.6 1.32119 6.69527e-05
4.8 1.32119 5.82123e-05
6 1.32119 6.32997e-06
7.2 1.32119 -1.58544e-05
8.4 1.32119 -8.02352e-06
9.6 1.32119 2.58533e-06
10.8 1.32119 3.95578e-06
12 1.32119 1.02979e-06
13.2 1.32119 -2.45255e-07
14.4 1.32119 3.65065e-07
15.6 1.32119 9.29427e-07
16.8 1.32119 8.54366e-07
18 1.32119 6.24418e-07
19.2 1.32119 5.37961e-07
20.4 1.32119 5.07074e-07
21.6 1.32119 4.29876e-07
22.8 1.32119 3.20615e-07
24 1.32119 2.14952e-07
25.2 1.32119 1.21442e-07
26.4 1.32119 4.6374e-08
27.6 1.32119 3.79014e-09
28.8 1.32119 -4.42912e-09
30 1.32119 6.51798e-39
-30 1.37203 6.44819e-39
-28.8 1.37203 -4.29859e-09
-27.6 1.37203 3.60262e-09
-26.4 1.37203 4.49816e-08
-25.2 1.37203 1.18209e-07
-24 1.37203 2.08903e-07
-22.8 1.37203 3.10177e-07
-21.6 1.37203 4.15904e-07
-20.4 1.37203 4.94492e-07
-19.2 1.37203 5.26665e-07
-18 1.37203 6.00452e-07
-16.8 1.37203 8.12074e-07
-15.6 1.37203 9.07536e-07
-14.4 1.37203 4.06516e-07
-13.2 1.37203 -2.14587e-07
-12 1.37203 8.7893e-07
-10.8 1.37203 3.67461e-06
-9.6 1.37203 2.65472e-06
-8.4 1.37203 -7.25264e-06
-7.2 1.37203 -1.51437e-05
-6 1.37203 5.3134e-06
-4.8 1.37203 5.50516e-05
-3.6 1.37203 6.44332e-05
-2.4 1.37203 -6.44169e-05
-1.2 1.37203 -0.000307055
0 1.37203 -0.000443571
1.2 1.37203 -0.00030674
2.4 1.37203 -6.41394e-05
3.6 1.37203 6.44955e-05
4.8 1.37203 5.50002e-05
6 1.37203 5.27473e-06
7.2 1.37203 -1.51403e-05
8.4 1.37203 -7.2352e-06
9.6 1.37203 2.66237e-06
10.8 1.37203 3.67245e-06
12 1.37203 8.76116e-07
13.2 1.37203 -2.14621e-07
14.4 1.37203 4.07236e-07
15.6 1.37203 9.07491e-07
16.8 1.37203 8.11795e-07
18 1.37203 6.00574e-07
19.2 1.37203 5.27011e-07
20.4 1.37203 4.94721e-07
21.6 1.37203 4.15992e-07
22.8 1.37203 3.10237e-07
24 1.37203 2.08965e-07
25.2 1.37203 1.18243e-07
26.4 1.37203 4.49826e-08
27.6 1.37203 3.59182e-09
28.8 1.37203 -4.30379e-09
30 1.37203 6.47036e-39
-30 1.42288 6.35322e-39
-28.8 1.42288 -4.1637e-09
-27.6 1.42288 3.42406e-09
-26.4 1.42288 4.35702e-08
-25.2 1.42288 1.14941e-07
-24 1.42288 2.02945e-07
-22.8 1.42288 2.99994e-07
-21.6 1.42288 4.01987e-07
-20.4 1.42288 4.81579e-07
-19.2 1.42288 5.15564e-07
-18 1.42288 5.78035e-07
-16.8 1.42288 7.70694e-07
-15.6 1.42288 8.82757e-07
-14.4 1.42288 4.43838e-07
-13.2 1.42288 -1.80951e-07
-12 1.42288 7.38656e-07
-10.8 1.42288 3.39687e-06
-9.6 1.42288 2.70988e-06
-8.4 1.42288 -6.49812e-06
-7.2 1.42288 -1.4429e-05
-6 1.42288 4.31353e-06
-4.8 1.42288 5.19115e-05
-3.6 1.42288 6.20105e-05
-2.4 1.42288 -6.14352e-05
-1.2 1.42288 -0.000296803
0 1.42288 -0.000429914
1.2 1.42288 -0.000296502
2.4 1.42288 -6.1172e-05
3.6 1.42288 6.20676e-05
4.8 1.42288 5.18627e-05
6 1.42288 4.27847e-06
7.2 1.42288 -1.4425e-05
8.4 1.42288 -6.48199e-06
9.6 1.42288 2.71652e-06
10.8 1.42288 3.39478e-06
12 1.42288 7.36265e-07
13.2 1.42288 -1.80858e-07
14.4 1.42288 4.4444e-07
15.6 1.42288 8.82635e-07
16.8 1.42288 7.70441e-07
18 1.42288 5.78191e-07
19.2 1.42288 5.15906e-07
20.4 1.42288 4.81794e-07
21.6 1.42288 4.02075e-07
22.8 1.42288 3.00059e-07
24 1.42288 2.03008e-07
25.2 1.42288 1.14974e-07
26.4 1.42288 4.35711e-08
27.6 1.42288 3.4137e-09
28.8 1.42288 -4.16869e-09
30 1.42288 6.37442e-39
-30 1.47373 6.21457e-39
-28.8 1.47373 -4.02144e-09
-27.6 1.47373 3.26519e-09
-26.4 1.47373 4.21458e-08
-25.2 1.47373 1.11604e-07
-24 1.47373 1.96999e-07
-22.8 1.47373 2.90003e-07
-21.6 1.47373 3.8808e-07
-20.4 1.47373 4.68123e-07
-19.2 1.47373 5.04223e-07
-18 1.47373 5.56972e-07
-16.8 1.47373 7.30664e-07
-15.6 1.47373 8.55337e-07
-14.4 1.47373 4.76096e-07
-13.2 1.47373 -1.4473e-07
-12 1.47373 6.12024e-07
-10.8 1.47373 3.12546e-06
-9.6 1.47373 2.74279e-06
-8.4 1.47373 -5.779e-06
-7.2 1.47373 -1.37137e-05
-6 1.47373 3.37286e-06
-4.8 1.47373 4.88462e-05
-3.6 1.47373 5.96158e-05
-2.4 1.47373 -5.84853e-05
-1.2 1.47373 -0.000286611
0 1.47373 -0.00041632
1.2 1.47373 -0.000286323
2.4 1.47373 -5.8236e-05
3.6 1.47373 5.9668e-05
4.8 1.47373 4.88001e-05
6 1.47373 3.34122e-06
7.2 1.47373 -1.37091e-05
8.4 1.47373 -5.76414e-06
9.6 1.47373 2.74852e-06
10.8 1.47373 3.12346e-06
12 1.47373 6.10027e-07
13.2 1.47373 -1.44536e-07
14.4 1.47373 4.76583e-07
15.6 1.47373 8.55151e-07
16.8 1.47373 7.30441e-07
18 1.47373 5.57157e-07
19.2 1.47373 5.04557e-07
20.4 1.47373 4.68326e-07
21.6 1.47373 3.88169e-07
22.8 1.47373 2.90073e-07
24 1.47373 1.97063e-07
25.2 1.47373 1.11637e-07
26.4 1.47373 4.21467e-08
27.6 1.47373 3.25528e-09
28.8 1.47373 -4.02626e-09
30 1.47373 6.23486e-39
-30 1.52458 6.03804e-39
-28.8 1.52458 -3.87424e-09
-27.6 1.52458 3.12482e-09
-26.4 1.52458 4.07152e-08
-25.2 1.52458 1.08202e-07
-24 1.52458 1.91048e-07
-22.8 1.52458 2.80192e-07
-21.6 1.52458 3.74223e-07
-20.4 1.52458 4.54166e-07
-19.2 1.52458 4.92559e-07
-18 1.52458 5.37143e-07
-16.8 1.52458 6.92107e-07
-15.6 1.52458 8.25582e-07
-14.4 1.52458 5.03221e-07
-13.2 1.52458 -1.06511e-07
-12 1.52458 4.98788e-07
-10.8 1.52458 2.86109e-06
-9.6 1.52458 2.75423e-06
-8.4 1.52458 -5.09556e-06
-7.2 1.52458 -1.29984e-05
-6 1.52458 2.49144e-06
-4.8 1.52458 4.5856e-05
-3.6 1.52458 5.72485e-05
-2.4 1.52458 -5.55681e-05
-1.2 1.52458 -0.000276478
0 1.52458 -0.000402787
1.2 1.52458 -0.000276203
2.4 1.52458 -5.53326e-05
3.6 1.52458 5.72959e-05
4.8 1.52458 4.58125e-05
6 1.52458 2.46303e-06
7.2 1.52458 -1.29933e-05
8.4 1.52458 -5.08194e-06
9.6 1.52458 2.75912e-06
10.8 1.52458 2.8592e-06
12 1.52458 4.97154e-07
13.2 1.52458 -1.06241e-07
14.4 1.52458 5.03597e-07
15.6 1.52458 8.25345e-07
16.8 1.52458 6.91915e-07
18 1.52458 5.37351e-07
19.2 1.52458 4.92883e-07
20.4 1.52458 4.54357e-07
21.6 1.52458 3.74313e-07
22.8 1.52458 2.80267e-07
24 1.52458 1.91113e-07
25.2 1.52458 1.08234e-07
26.4 1.52458 4.07162e-08
27.6 1.52458 3.11533e-09
28.8 1.52458 -3.87891e-09
30 1.52458 6.0575e-39
-30 1.57542 5.83031e-39
-28.8 1.57542 -3.72446e-09
-27.6 1.57542 3.00114e-09
-26.4 1.57542 3.92845e-08
-25.2 1.57542 1.04739e-07
-24 1.57542 1.85077e-07
-22.8 1.57542 2.70546e-07
-21.6 1.57542 3.60453e-07
-20.4 1.57542 4.39752e-07
-19.2 1.57542 4.805e-07
-18 1.57542 5.18415e-07
-16.8 1.57542 6.55125e-07
-15.6 1.57542 7.9381e-07
-14.4 1.57542 5.25171e-07
-13.2 1.57542 -6.68913e-08
-12 1.57542 3.98663e-07
-10.8 1.57542 2.60446e-06
-9.6 1.57542 2.74501e-06
-8.4 1.57542 -4.44808e-06
-7.2 1.57542 -1.2284e-05
-6 1.57542 1.66934e-06
-4.8 1.57542 4.29412e-05
-3.6 1.57542 5.49076e-05
-2.4 1.57542 -5.26848e-05
-1.2 1.57542 -0.000266403
0 1.57542 -0.000389314
1.2 1.57542 -0.000266141
2.4 1.57542 -5.24628e-05
3.6 1.57542 5.49505e-05
4.8 1.57542 4.29002e-05
6 1.57542 1.64397e-06
7.2 1.57542 -1.22785e-05
8.4 1.57542 -4.43566e-06
9.6 1.57542 2.74914e-06
10.8 1.57542 2.60272e-06
12 1.57542 3.97362e-07
13.2 1.57542 -6.6567e-08
14.4 1.57542 5.25442e-07
15.6 1.57542 7.93532e-07
16.8 1.57542 6.54965e-07
18 1.57542 5.18642e-07
19.2 1.57542 4.80814e-07
20.4 1.57542 4.39933e-07
21.6 1.57542 3.60544e-07
22.8 1.57542 2.70625e-07
24 1.57542 1.85143e-07
25.2 1.57542 1.04771e-07
26.4 1.57542 3.92857e-08
27.6 1.57542 2.99206e-09
28.8 1.57542 -3.72899e-09
30 1.57542 5.849e-39
-30 1.62627 5.59859e-39
-28.8 1.62627 -3.57423e-09
-27.6 1.62627 2.89185e-09
-26.4 1.62627 3.78591e-08
-25.2 1.62627 1.01224e-07
-24 1.62627 1.79073e-07
-22.8 1.62627 2.61047e-07
-21.6 1.62627 3.46801e-07
-20.4 1.62627 4.24935e-07
-19.2 1.62627 4.67984e-07
-18 1.62627 5.00649e-07
-16.8 1.62627 6.19803e-07
-15.6 1.62627 7.60349e-07
-14.4 1.62627 5.41938e-07
-13.2 1.62627 -2.64797e-08
-12 1.62627 3.11321e-07
-10.8 1.62627 2.35633e-06
-9.6 1.62627 2.716e-06
-8.4 1.62627 -3.83689e-06
-7.2 1.62627 -1.15712e-05
-6 1.62627 9.06631e-07
-4.8 1.62627 4.01022e-05
-3.6 1.62627 5.25924e-05
-2.4 1.62627 -4.98366e-05
-1.2 1.62627 -0.000256386
0 1.62627 -0.000375898
1.2 1.62627 -0.000256137
2.4 1.62627 -4.96279e-05
3.6 1.62627 5.2631e-05
4.8 1.62627 4.00637e-05
6 1.62627 8.84109e-07
7.2 1.62627 -1.15655e-05
8.4 1.62627 -3.82563e-06
9.6 1.62627 2.71945e-06
10.8 1.62627 2.35473e-06
12 1.62627 3.10323e-07
13.2 1.62627 -2.61213e-08
14.4 1.62627 5.42109e-07
15.6 1.62627 7.60041e-07
16.8 1.62627 6.19676e-07
18 1.62627 5.00891e-07
19.2 1.62627 4.68286e-07
20.4 1.62627 4.25107e-07
21.6 1.62627 3.46894e-07
22.8 1.62627 2.61129e-07
24 1.62627 1.79139e-07
25.2 1.62627 1.01255e-07
26.4 1.62627 3.78605e-08
27.6 1.62627 2.88316e-09
28.8 1.62627 -3.57865e-09
30 1.62627 5.61659e-39
-30 1.67712 5.35032e-39
-28.8 1.67712 -3.42542e-09
-27.6 1.67712 2.79426e-09
-26.4 1.67712 3.64432e-08
-25.2 1.67712 9.76623e-08
-24 1.67712 1.73025e-07
-22.8 1.67712 2.51675e-07
-21.6 1.67712 3.33293e-07
-20.4 1.67712 4.09771e-07
-19.2 1.67712 4.54961e-07
-18 1.67712 4.83698e-07
-16.8 1.67712 5.86204e-07
-15.6 1.67712 7.25536e-07
-14.4 1.67712 5.53547e-07
-13.2 1.67712 1.41079e-08
-12 1.67712 2.36386e-07
-10.8 1.67712 2.11741e-06
-9.6 1.67712 2.66814e-06
-8.4 1.67712 -3.26231e-06
-7.2 1.67712 -1.08611e-05
-6 1.67712 2.03412e-07
-4.8 1.67712 3.73395e-05
-3.6 1.67712 5.03019e-05
-2.4 1.67712 -4.70248e-05
-1.2 1.67712 -0.000246425
0 1.67712 -0.000362537
1.2 1.67712 -0.000246189
2.4 1.67712 -4.68292e-05
3.6 1.67712 5.03365e-05
4.8 1.67712 3.73036e-05
6 1.67712 1.83553e-07
7.2 1.67712 -1.08552e-05
8.4 1.67712 -3.25215e-06
9.6 1.67712 2.67099e-06
10.8 1.67712 2.11598e-06
12 1.67712 2.3566e-07
13.2 1.67712 1.44825e-08
14.4 1.67712 5.53627e-07
15.6 1.67712 7.25208e-07
16.8 1.67712 5.86108e-07
18 1.67712 4.8395e-07
19.2 1.67712 4.55249e-07
20.4 1.67712 4.09935e-07
21.6 1.67712 3.33388e-07
22.8 1.67712 2.51759e-07
24 1.67712 1.73091e-07
25.2 1.67712 9.76929e-08
26.4 1.67712 3.64449e-08
27.6 1.67712 2.78594e-09
28.8 1.67712 -3.42973e-09
30 1.67712 5.36769e-39
-30 1.72797 5.09278e-39
-28.8 1.72797 -3.27951e-09
-27.6 1.72797 2.70546e-09
-26.4 1.72797 3.50401e-08
-25.2 1.72797 9.40633e-08
-24 1.72797 1.66924e-07
-22.8 1.72797 2.42406e-07
-21.6 1.72797 3.19951e-07
-20.4 1.72797 3.94322e-07
-19.2 1.72797 4.4139e-07
-18 1.72797 4.67407e-07
-16.8 1.72797 5.54367e-07
-15.6 1.72797 6.89716e-07
-14.4 1.72797 5.60064e-07
-13.2 1.72797 5.42503e-08
-12 1.72797 1.73429e-07
-10.8 1.72797 1.88847e-06
-9.6 1.72797 2.60243e-06
-8.4 1.72797 -2.72467e-06
-7.2 1.72797 -1.01546e-05
-6 1.72797 -4.40216e-07
-4.8 1.72797 3.46538e-05
-3.6 1.72797 4.80354e-05
-2.4 1.72797 -4.42509e-05
-1.2 1.72797 -0.00023652
0 1.72797 -0.000349228
1.2 1.72797 -0.000236297
2.4 1.72797 -4.40681e-05
3.6 1.72797 4.80661e-05
4.8 1.72797 3.46203e-05
6 1.72797 -4.57595e-07
7.2 1.72797 -1.01486e-05
8.4 1.72797 -2.71558e-06
9.6 1.72797 2.60475e-06
10.8 1.72797 1.88721e-06
12 1.72797 1.72944e-07
13.2 1.72797 5.46255e-08
14.4 1.72797 5.6006e-07
15.6 1.72797 6.89378e-07
16.8 1.72797 5.54301e-07
18 1.72797 4.67665e-07
19.2 1.72797 4.41666e-07
20.4 1.72797 3.94479e-07
21.6 1.72797 3.20047e-07
22.8 1.72797 2.42491e-07
24 1.72797 1.66989e-07
25.2 1.72797 9.40934e-08
26.4 1.72797 3.5042e-08
27.6 1.72797 2.69747e-09
28.8 1.72797 -3.28373e-09
30 1.72797 5.10958e-39
-30 1.77881 4.83275e-39
-28.8 1.77881 -3.13756e-09
-27.6 1.77881 2.62245e-09
-26.4 1.77881 3.36519e-08
-25.2 1.77881 9.04358e-08
-24 1.77881 1.60764e-07
-22.8 1.77881 2.33216e-07
-21.6 1.77881 3.06788e-07
-20.4 1.77881 3.7865e-07
-19.2 1.77881 4.27248e-07
-18 1.77881 4.51617e-07
-16.8 1.77881 5.24305e-07
-15.6 1.77881 6.5324e-07
-14.4 1.77881 5.61594e-07
-13.2 1.77881 9.33243e-08
-12 1.77881 1.2196e-07
-10.8 1.77881 1.67023e-06
-9.6 1.77881 2.51995e-06
-8.4 1.77881 -2.22432e-06
-7.2 1.77881 -9.45285e-06
-6 1.77881 -1.02414e-06
-4.8 1.77881 3.20459e-05
-3.6 1.77881 4.5792e-05
-2.4 1.77881 -4.15165e-05
-1.2 1.77881 -0.000226671
0 1.77881 -0.00033597
1.2 1.77881 -0.00022646
2.4 1.77881 -4.13462e-05
3.6 1.77881 4.5819e-05
4.8 1.77881 3.20148e-05
6 1.77881 -1.03922e-06
7.2 1.77881 -9.44696e-06
8.4 1.77881 -2.21623e-06
9.6 1.77881 2.52181e-06
10.8 1.77881 1.66916e-06
12 1.77881 1.21688e-07
13.2 1.77881 9.36868e-08
14.4 1.77881 5.61516e-07
15.6 1.77881 6.52898e-07
16.8 1.77881 5.24268e-07
18 1.77881 4.51879e-07
19.2 1.77881 4.2751e-07
20.4 1.77881 3.78801e-07
21.6 1.77881 3.06886e-07
22.8 1.77881 2.33302e-07
24 1.77881 1.60828e-07
25.2 1.77881 9.04655e-08
26.4 1.77881 3.3654e-08
27.6 1.77881 2.61476e-09
28.8 1.77881 -3.14168e-09
30 1.77881 4.84902e-39
-30 1.82966 4.57614e-39
-28.8 1.82966 -3.00015e-09
-27.6 1.82966 2.5423e-09
-26.4 1.82966 3.22792e-08
-25.2 1.82966 8.67887e-08
-24 1.82966 1.54543e-07
-22.8 1.82966 2.24081e-07
-21.6 1.82966 2.93812e-07
-20.4 1.82966 3.62822e-07
-19.2 1.82966 4.12525e-07
-18 1.82966 4.36169e-07
-16.8 1.82966 4.96005e-07
-15.6 1.82966 6.16455e-07
-14.4 1.82966 5.58292e-07
-13.2 1.82966 1.3071e-07
-12 1.82966 8.14269e-08
-10.8 1.82966 1.46345e-06
-9.6 1.82966 2.42186e-06
-8.4 1.82966 -1.7616e-06
-7.2 1.82966 -8.75718e-06
-6 1.82966 -1.54826e-06
-4.8 1.82966 2.95167e-05
-3.6 1.82966 4.35708e-05
-2.4 1.82966 -3.88234e-05
-1.2 1.82966 -0.000216876
0 1.82966 -0.000322758
1.2 1.82966 -0.000216678
2.4 1.82966 -3.86652e-05
3.6 1.82966 4.35944e-05
4.8 1.82966 2.94879e-05
6 1.82966 -1.56122e-06
7.2 1.82966 -8.75138e-06
8.4 1.82966 -1.75447e-06
9.6 1.82966 2.42332e-06
10.8 1.82966 1.46256e-06
12 1.82966 8.13381e-08
13.2 1.82966 1.31049e-07
14.4 1.82966 5.58149e-07
15.6 1.82966 6.16117e-07
16.8 1.82966 4.95993e-07
18 1.82966 4.3643e-07
19.2 1.82966 4.12774e-07
20.4 1.82966 3.62968e-07
21.6 1.82966 2.9391e-07
22.8 1.82966 2.24168e-07
24 1.82966 1.54607e-07
25.2 1.82966 8.68179e-08
26.4 1.82966 3.22816e-08
27.6 1.82966 2.53491e-09
28.8 1.82966 -3.00417e-09
30 1.82966 4.59191e-39
-30 1.88051 4.32772e-39
-28.8 1.88051 -2.86739e-09
-27.6 1.88051 2.46236e-09
-26.4 1.88051 3.09217e-08
-25.2 1.88051 8.31305e-08
-24 1.88051 1.48262e-07
-22.8 1.88051 2.14977e-07
-21.6 1.88051 2.81021e-07
-20.4 1.88051 3.46902e-07
-19.2 1.88051 3.97226e-07
-18 1.88051 4.20903e-07
-16.8 1.88051 4.6942e-07
-15.6 1.88051 5.79709e-07
-14.4 1.88051 5.5036e-07
-13.2 1.88051 1.65797e-07
-12 1.88051 5.12021e-08
-10.8 1.88051 1.26886e-06
-9.6 1.88051 2.30944e-06
-8.4 1.88051 -1.33684e-06
-7.2 1.88051 -8.06893e-06
-6 1.88051 -2.01246e-06
-4.8 1.88051 2.70672e-05
-3.6 1.88051 4.13712e-05
-2.4 1.88051 -3.61734e-05
-1.2 1.88051 -0.000207135
0 1.88051 -0.000309591
1.2 1.88051 -0.000206949
2.4 1.88051 -3.6027e-05
3.6 1.88051 4.13915e-05
4.8 1.88051 2.70407e-05
6 1.88051 -2.02347e-06
7.2 1.88051 -8.06329e-06
8.4 1.88051 -1.33061e-06
9.6 1.88051 2.31056e-06
10.8 1.88051 1.26815e-06
12 1.88051 5.1268e-08
13.2 1.88051 1.66103e-07
14.4 1.88051 5.50161e-07
15.6 1.88051 5.7938e-07
16.8 1.88051 4.69431e-07
18 1.88051 4.2116e-07
19.2 1.88051 3.97461e-07
20.4 1.88051 3.47043e-07
21.6 1.88051 2.8112e-07
22.8 1.88051 2.15063e-07
24 1.88051 1.48325e-07
25.2 1.88051 8.31593e-08
26.4 1.88051 3.09243e-08
27.6 1.88051 2.45525e-09
28.8 1.88051 -2.87131e-09
30 1.88051 4.34301e-39
-30 1.93136 4.09087e-39
-28.8 1.93136 -2.73896e-09
-27.6 1.93136 2.38037e-09
-26.4 1.93136 2.95779e-08
-25.2 1.93136 7.94692e-08
-24 1.93136 1.41925e-07
-22.8 1.93136 2.0588e-07
-21.6 1.93136 2.68408e-07
-20.4 1.93136 3.30952e-07
-19.2 1.93136 3.81372e-07
-18 1.93136 4.05663e-07
-16.8 1.93136 4.44475e-07
-15.6 1.93136 5.43339e-07
-14.4 1.93136 5.38055e-07
-13.2 1.93136 1.97989e-07
-12 1.93136 3.05811e-08
-10.8 1.93136 1.08715e-06
-9.6 1.93136 2.18404e-06
-8.4 1.93136 -9.50359e-07
-7.2 1.93136 -7.38963e-06
-6 1.93136 -2.41665e-06
-4.8 1.93136 2.46987e-05
-3.6 1.93136 3.91921e-05
-2.4 1.93136 -3.35686e-05
-1.2 1.93136 -0.000197447
0 1.93136 -0.000296466
1.2 1.93136 -0.000197273
2.4 1.93136 -3.34338e-05
3.6 1.93136 3.92095e-05
4.8 1.93136 2.46744e-05
6 1.93136 -2.4259e-06
7.2 1.93136 -7.38421e-06
8.4 1.93136 -9.44967e-07
9.6 1.93136 2.18487e-06
10.8 1.93136 1.08662e-06
12 1.93136 3.07745e-08
13.2 1.93136 1.98256e-07
14.4 1.93136 5.37811e-07
15.6 1.93136 5.43025e-07
16.8 1.93136 4.44506e-07
18 1.93136 4.05915e-07
19.2 1.93136 3.81595e-07
20.4 1.93136 3.31089e-07
21.6 1.93136 2.68508e-07
22.8 1.93136 2.05966e-07
24 1.93136 1.41986e-07
25.2 1.93136 7.94976e-08
26.4 1.93136 2.95807e-08
27.6 1.93136 2.37352e-09
28.8 1.93136 -2.74276e-09
30 1.93136 4.10568e-39
-30 1.9822 3.86743e-39
-28.8 1.9822 -2.61416e-09
-27.6 1.9822 2.2946e-09
-26.4 1.9822 2.82452e-08
-25.2 1.9822 7.58115e-08
-24 1.9822 1.35536e-07
-22.8 1.9822 1.96771e-07
-21.6 1.9822 2.5596e-07
-20.4 1.9822 3.15031e-07
-19.2 1.9822 3.65002e-07
-18 1.9822 3.90303e-07
-16.8 1.9822 4.21062e-07
-15.6 1.9822 5.07668e-07
-14.4 1.9822 5.2169e-07
-13.2 1.9822 2.26717e-07
-12 1.9822 1.87737e-08
-10.8 1.9822 9.19011e-07
-9.6 1.9822 2.04715e-06
-8.4 1.9822 -6.02449e-07
-7.2 1.9822 -6.72096e-06
-6 1.9822 -2.76078e-06
-4.8 1.9822 2.24127e-05
-3.6 1.9822 3.7033e-05
-2.4 1.9822 -3.10115e-05
-1.2 1.9822 -0.000187811
0 1.9822 -0.000283378
1.2 1.9822 -0.00018765
2.4 1.9822 -3.08878e-05
3.6 1.9822 3.70476e-05
4.8 1.9822 2.23906e-05
6 1.9822 -2.76842e-06
7.2 1.9822 -6.71582e-06
8.4 1.9822 -5.97836e-07
9.6 1.9822 2.04776e-06
10.8 1.9822 9.18652e-07
12 1.9822 1.90686e-08
13.2 1.9822 2.2694e-07
14.4 1.9822 5.21409e-07
15.6 1.9822 5.07372e-07
16.8 1.9822 4.2111e-07
18 1.9822 3.90547e-07
19.2 1.9822 3.65213e-07
20.4 1.9822 3.15164e-07
21.6 1.9822 2.56059e-07
22.8 1.9822 1.96855e-07
24 1.9822 1.35596e-07
25.2 1.9822 7.58394e-08
26.4 1.9822 2.82481e-08
27.6 1.9822 2.28801e-09
28.8 1.9822 -2.61784e-09
30 1.9822 3.88175e-39
-30 2.03305 3.65772e-39
-28.8 2.03305 -2.49203e-09
-27.6 2.03305 2.20392e-09
-26.4 2.03305 2.69206e-08
-25.2 2.03305 7.21625e-08
-24 2.03305 1.29105e-07
-22.8 2.03305 1.87631e-07
-21.6 2.03305 2.43654e-07
-20.4 2.03305 2.9919e-07
-19.2 2.03305 3.48168e-07
-18 2.03305 3.74689e-07
-16.8 2.03305 3.99039e-07
-15.6 2.03305 4.72995e-07
-14.4 2.03305 5.01636e-07
-13.2 2.03305 2.51448e-07
-12 2.03305 1.4898e-08
-10.8 2.03305 7.65064e-07
-9.6 2.03305 1.9004e-06
-8.4 2.03305 -2.93349e-07
-7.2 2.03305 -6.0648e-06
-6 2.03305 -3.04483e-06
-4.8 2.03305 2.02109e-05
-3.6 2.03305 3.4893e-05
-2.4 2.03305 -2.85045e-05
-1.2 2.03305 -0.000178228
0 2.03305 -0.000270325
1.2 2.03305 -0.000178078
2.4 2.03305 -2.83916e-05
3.6 2.03305 3.49051e-05
4.8 2.03305 2.01909e-05
6 2.03305 -3.05103e-06
7.2 2.03305 -6.05998e-06
8.4 2.03305 -2.89453e-07
9.6 2.03305 1.90083e-06
10.8 2.03305 7.64868e-07
12 2.03305 1.52699e-08
13.2 2.03305 2.51625e-07
14.4 2.03305 5.01329e-07
15.6 2.03305 4.7272e-07
16.8 2.03305 3.991e-07
18 2.03305 3.74923e-07
19.2 2.03305 3.48368e-07
20.4 2.03305 2.9932e-07
21.6 2.03305 2.43753e-07
22.8 2.03305 1.87714e-07
24 2.03305 1.29164e-07
25.2 2.03305 7.21899e-08
26.4 2.03305 2.69236e-08
27.6 2.03305 2.19759e-09
28.8 2.03305 -2.49558e-09
30 2.03305 3.67152e-39
-30 2.0839 3.46059e-39
-28.8 2.0839 -2.3715e-09
-27.6 2.0839 2.10788e-09
-26.4 2.0839 2.56006e-08
-25.2 2.0839 6.85257e-08
-24 2.0839 1.22643e-07
-22.8 2.0839 1.78447e-07
-21.6 2.0839 2.31465e-07
-20.4 2.0839 2.83472e-07
-19.2 2.0839 3.30939e-07
-18 2.0839 3.58702e-07
-16.8 2.0839 3.78234e-07
-15.6 2.0839 4.39589e-07
-14.4 2.0839 4.78325e-07
-13.2 2.0839 2.71699e-07
-12 2.0839 1.79748e-08
-10.8 2.0839 6.25876e-07
-9.6 2.0839 1.74555e-06
-8.4 2.0839 -2.32312e-08
-7.2 2.0839 -5.42323e-06
-6 2.0839 -3.26882e-06
-4.8 2.0839 1.80952e-05
-3.6 2.0839 3.27715e-05
-2.4 2.0839 -2.60506e-05
-1.2 2.0839 -0.000168695
0 2.0839 -0.000257303
1.2 2.0839 -0.000168557
2.4 2.0839 -2.59481e-05
3.6 2.0839 3.27813e-05
4.8 2.0839 1.80772e-05
6 2.0839 -3.27374e-06
7.2 2.0839 -5.41877e-06
8.4 2.0839 -1.99904e-08
9.6 2.0839 1.74584e-06
10.8 2.0839 6.25829e-07
12 2.0839 1.84008e-08
13.2 2.0839 2.71827e-07
14.4 2.0839 4.78001e-07
15.6 2.0839 4.39336e-07
16.8 2.0839 3.78305e-07
18 2.0839 3.58925e-07
19.2 2.0839 3.31128e-07
20.4 2.0839 2.83599e-07
21.6 2.0839 2.31562e-07
22.8 2.0839 1.78528e-07
24 2.0839 1.227e-07
25.2 2.0839 6.85525e-08
26.4 2.0839 2.56037e-08
27.6 2.0839 2.10181e-09
28.8 2.0839 -2.37489e-09
30 2.0839 3.47386e-39
-30 2.13475 3.27377e-39
-28.8 2.13475 -2.25148e-09
-27.6 2.13475 2.00663e-09
-26.4 2.13475 2.42817e-08
-25.2 2.13475 6.49026e-08
-24 2.13475 1.16159e-07
-22.8 2.13475 1.69213e-07
-21.6 2.13475 2.19362e-07
-20.4 2.13475 2.67909e-07
-19.2 2.13475 3.13393e-07
-18 2.13475 3.4225e-07
-16.8 2.13475 3.58445e-07
-15.6 2.13475 4.07676e-07
-14.4 2.13475 4.52247e-07
-13.2 2.13475 2.8705e-07
-12 2.13475 2.69235e-08
-10.8 2.13475 5.01921e-07
-9.6 2.13475 1.58452e-06
-8.4 2.13475 2.07824e-07
-7.2 2.13475 -4.79856e-06
-6 2.13475 -3.43291e-06
-4.8 2.13475 1.6068e-05
-3.6 2.13475 3.06679e-05
-2.4 2.13475 -2.36531e-05
-1.2 2.13475 -0.000159214
0 2.13475 -0.000244308
1.2 2.13475 -0.000159086
2.4 2.13475 -2.35605e-05
3.6 2.13475 3.06756e-05
4.8 2.13475 1.60519e-05
6 2.13475 -3.4367e-06
7.2 2.13475 -4.79448e-06
8.4 2.13475 2.10475e-07
9.6 2.13475 1.58472e-06
10.8 2.13475 5.0201e-07
12 2.13475 2.73826e-08
13.2 2.13475 2.87133e-07
14.4 2.13475 4.51914e-07
15.6 2.13475 4.07447e-07
16.8 2.13475 3.58523e-07
18 2.13475 3.42461e-07
19.2 2.13475 3.13573e-07
20.4 2.13475 2.68032e-07
21.6 2.13475 2.19458e-07
22.8 2.13475 1.69291e-07
24 2.13475 1.16214e-07
25.2 2.13475 6.49287e-08
26.4 2.13475 2.42848e-08
27.6 2.13475 2.00084e-09
28.8 2.13475 -2.25472e-09
30 2.13475 3.28647e-39
-30 2.18559 3.09418e-39
-28.8 2.18559 -2.13106e-09
-27.6 2.18559 1.90089e-09
-26.4 2.18559 2.29608e-08
-25.2 2.18559 6.12926e-08
-24 2.18559 1.09665e-07
-22.8 2.18559 1.59923e-07
-21.6 2.18559 2.07314e-07
-20.4 2.18559 2.52518e-07
-19.2 2.18559 2.9562e-07
-18 2.18559 3.25264e-07
-16.8 2.18559 3.39445e-07
-15.6 2.18559 3.77433e-07
-14.4 2.18559 4.23948e-07
-13.2 2.18559 2.9717e-07
-12 2.18559 4.05603e-08
-10.8 2.18559 3.93559e-07
-9.6 2.18559 1.41941e-06
-8.4 2.18559 3.99869e-07
-7.2 2.18559 -4.19336e-06
-6 2.18559 -3.53733e-06
-4.8 2.18559 1.41318e-05
-3.6 2.18559 2.85817e-05
-2.4 2.18559 -2.13155e-05
-1.2 2.18559 -0.000149782
0 2.18559 -0.000231334
1.2 2.18559 -0.000149666
2.4 2.18559 -2.12325e-05
3.6 2.18559 2.85876e-05
4.8 2.18559 1.41176e-05
6 2.18559 -3.54015e-06
7.2 2.18559 -4.18969e-06
8.4 2.18559 4.01993e-07
9.6 2.18559 1.41955e-06
10.8 2.18559 3.93768e-07
12 2.18559 4.1034e-08
13.2 2.18559 2.9721e-07
14.4 2.18559 4.23614e-07
15.6 2.18559 3.77228e-07
16.8 2.18559 3.39527e-07
18 2.18559 3.25464e-07
19.2 2.18559 2.9579e-07
20.4 2.18559 2.52637e-07
21.6 2.18559 2.07406e-07
22.8 2.18559 1.59999e-07
24 2.18559 1.09718e-07
25.2 2.18559 6.1318e-08
26.4 2.18559 2.29639e-08
27.6 2.18559 1.89539e-09
28.8 2.18559 -2.13414e-09
30 2.18559 3.10628e-39
-30 2.23644 2.91847e-39
-28.8 2.23644 -2.00959e-09
-27.6 2.23644 1.79175e-09
-26.4 2.23644 2.16356e-08
-25.2 2.23644 5.76938e-08
-24 2.23644 1.0317e-07
-22.8 2.23644 1.50582e-07
-21.6 2.23644 1.95287e-07
-20.4 2.23644 2.37305e-07
-19.2 2.23644 2.77711e-07
-18 2.23644 3.0771e-07
-16.8 2.23644 3.20988e-07
-15.6 2.23644 3.48971e-07
-14.4 2.23644 3.94023e-07
-13.2 2.23644 3.01834e-07
-12 2.23644 5.76011e-08
-10.8 2.23644 3.01e-07
-9.6 2.23644 1.25249e-06
-8.4 2.23644 5.53128e-07
-7.2 2.23644 -3.61049e-06
-6 2.23644 -3.58253e-06
-4.8 2.23644 1.22897e-05
-3.6 2.23644 2.65125e-05
-2.4 2.23644 -1.9042e-05
-1.2 2.23644 -0.0001404
0 2.23644 -0.000218378
1.2 2.23644 -0.000140294
2.4 2.23644 -1.89681e-05
3.6 2.23644 2.65167e-05
4.8 2.23644 1.22773e-05
6 2.23644 -3.5845e-06
7.2 2.23644 -3.60724e-06
8.4 2.23644 5.5479e-07
9.6 2.23644 1.2526e-06
10.8 2.23644 3.0131e-07
12 2.23644 5.80729e-08
13.2 2.23644 3.01835e-07
14.4 2.23644 3.93696e-07
15.6 2.23644 3.48788e-07
16.8 2.23644 3.21071e-07
18 2.23644 3.07898e-07
19.2 2.23644 2.77872e-07
20.4 2.23644 2.3742e-07
21.6 2.23644 1.95377e-07
22.8 2.23644 1.50655e-07
24 2.23644 1.03222e-07
25.2 2.23644 5.77184e-08
26.4 2.23644 2.16385e-08
27.6 2.23644 1.78654e-09
28.8 2.23644 -2.01251e-09
30 2.23644 2.92995e-39
-30 2.28729 2.74351e-39
-28.8 2.28729 -1.88674e-09
-27.6 2.28729 1.68048e-09
-26.4 2.28729 2.03044e-08
-25.2 2.28729 5.41028e-08
-24 2.28729 9.66824e-08
-22.8 2.28729 1.41196e-07
-21.6 2.28729 1.83254e-07
-20.4 2.28729 2.22259e-07
-19.2 2.28729 2.59758e-07
-18 2.28729 2.8959e-07
-16.8 2.28729 3.0282e-07
-15.6 2.28729 3.22328e-07
-14.4 2.28729 3.63104e-07
-13.2 2.28729 3.00947e-07
-12 2.28729 7.66688e-08
-10.8 2.28729 2.2426e-07
-9.6 2.28729 1.08622e-06
-8.4 2.28729 6.68059e-07
-7.2 2.28729 -3.05313e-06
-6 2.28729 -3.56915e-06
-4.8 2.28729 1.05452e-05
-3.6 2.28729 2.44601e-05
-2.4 2.28729 -1.68374e-05
-1.2 2.28729 -0.000131067
0 2.28729 -0.000205432
1.2 2.28729 -0.000130972
2.4 2.28729 -1.67721e-05
3.6 2.28729 2.44629e-05
4.8 2.28729 1.05344e-05
6 2.28729 -3.57043e-06
7.2 2.28729 -3.0503e-06
8.4 2.28729 6.69323e-07
9.6 2.28729 1.08632e-06
10.8 2.28729 2.24652e-07
12 2.28729 7.71248e-08
13.2 2.28729 3.00914e-07
14.4 2.28729 3.62789e-07
15.6 2.28729 3.22166e-07
16.8 2.28729 3.02901e-07
18 2.28729 2.89766e-07
19.2 2.28729 2.59911e-07
20.4 2.28729 2.2237e-07
21.6 2.28729 1.8334e-07
22.8 2.28729 1.41267e-07
24 2.28729 9.67323e-08
25.2 2.28729 5.41264e-08
26.4 2.28729 2.03073e-08
27.6 2.28729 1.67557e-09
28.8 2.28729 -1.8895e-09
30 2.28729 2.75435e-39
-30 2.33814 2.56691e-39
-28.8 2.33814 -1.76254e-09
-27.6 2.33814 1.5683e-09
-26.4 2.33814 1.8967e-08
-25.2 2.33814 5.05156e-08
-24 2.33814 9.02072e-08
-22.8 2.33814 1.31776e-07
-21.6 2.33814 1.71191e-07
-20.4 2.33814 2.07357e-07
-19.2 2.33814 2.41845e-07
-18 2.33814 2.70942e-07
-16.8 2.33814 2.8469e-07
-15.6 2.33814 2.97456e-07
-14.4 2.33814 3.31842e-07
-13.2 2.33814 2.94575e-07
-12 2.33814 9.63106e-08
-10.8 2.33814 1.6311e-07
-9.6 2.33814 9.23241e-07
-8.4 2.33814 7.45427e-07
-7.2 2.33814 -2.52482e-06
-6 2.33814 -3.49817e-06
-4.8 2.33814 8.90236e-06
-3.6 2.33814 2.24246e-05
-2.4 2.33814 -1.47069e-05
-1.2 2.33814 -0.000121783
0 2.33814 -0.000192491
1.2 2.33814 -0.000121698
2.4 2.33814 -1.46499e-05
3.6 2.33814 2.24261e-05
4.8 2.33814 8.89309e-06
6 2.33814 -3.49888e-06
7.2 2.33814 -2.52241e-06
8.4 2.33814 7.46354e-07
9.6 2.33814 9.2336e-07
10.8 2.33814 1.63564e-07
12 2.33814 9.67396e-08
13.2 2.33814 2.94515e-07
14.4 2.33814 3.31544e-07
15.6 2.33814 2.97313e-07
16.8 2.33814 2.84768e-07
18 2.33814 2.71106e-07
19.2 2.33814 2.4199e-07
20.4 2.33814 2.07463e-07
21.6 2.33814 1.71273e-07
22.8 2.33814 1.31844e-07
24 2.33814 9.0255e-08
25.2 2.33814 5.05382e-08
26.4 2.33814 1.89698e-08
27.6 2.33814 1.5637e-09
28.8 2.33814 -1.76512e-09
30 2.33814 2.57708e-39
-30 2.38898 2.3873e-39
-28.8 2.38898 -1.63723e-09
-27.6 2.38898 1.45619e-09
-26.4 2.38898 1.76238e-08
-25.2 2.38898 4.69281e-08
-24 2.38898 8.37462e-08
-22.8 2.38898 1.22337e-07
-21.6 2.38898 1.59083e-07
-20.4 2.38898 1.92563e-07
-19.2 2.38898 2.2404e-07
-18 2.38898 2.51842e-07
-16.8 2.38898 2.66366e-07
-15.6 2.38898 2.74213e-07
-14.4 2.38898 3.0088e-07
-13.2 2.38898 2.8297e-07
-12 2.38898 1.15027e-07
-10.8 2.38898 1.17021e-07
-9.6 2.38898 7.66374e-07
-8.4 2.38898 7.86396e-07
-7.2 2.38898 -2.02947e-06
-6 2.38898 -3.371e-06
-4.8 2.38898 7.3658e-06
-3.6 2.38898 2.04064e-05
-2.4 2.38898 -1.26569e-05
-1.2 2.38898 -0.000112548
0 2.38898 -0.000179548
1.2 2.38898 -0.000112472
2.4 2.38898 -1.26076e-05
3.6 2.38898 2.04069e-05
4.8 2.38898 7.35799e-06
6 2.38898 -3.37126e-06
7.2 2.38898 -2.02747e-06
8.4 2.38898 7.87047e-07
9.6 2.38898 7.66521e-07
10.8 2.38898 1.17516e-07
12 2.38898 1.1542e-07
13.2 2.38898 2.8289e-07
14.4 2.38898 3.00603e-07
15.6 2.38898 2.74088e-07
16.8 2.38898 2.6644e-07
18 2.38898 2.51994e-07
19.2 2.38898 2.24177e-07
20.4 2.38898 1.92664e-07
21.6 2.38898 1.59161e-07
22.8 2.38898 1.22401e-07
24 2.38898 8.37916e-08
25.2 2.38898 4.69496e-08
26.4 2.38898 1.76265e-08
27.6 2.38898 1.45191e-09
28.8 2.38898 -1.63964e-09
30 2.38898 2.39679e-39
-30 2.43983 2.20443e-39
-28.8 2.43983 -1.51123e-09
-27.6 2.43983 1.34473e-09
-26.4 2.43983 1.6276e-08
-25.2 2.43983 4.33373e-08
-24 2.43983 7.72982e-08
-22.8 2.43983 1.12891e-07
-21.6 2.43983 1.46923e-07
-20.4 2.43983 1.77837e-07
-19.2 2.43983 2.0639e-07
-18 2.43983 2.32397e-07
-16.8 2.43983 2.47655e-07
-15.6 2.43983 2.52366e-07
-14.4 2.43983 2.70822e-07
-13.2 2.43983 2.66595e-07
-12 2.43983 1.31317e-07
-10.8 2.43983 8.50848e-08
-9.6 2.43983 6.18572e-07
-8.4 2.43983 7.92658e-07
-7.2 2.43983 -1.5714e-06
-6 2.43983 -3.18962e-06
-4.8 2.43983 5.94098e-06
-3.6 2.43983 1.84064e-05
-2.4 2.43983 -1.06946e-05
-1.2 2.43983 -0.000103361
0 2.43983 -0.000166593
1.2 2.43983 -0.000103294
2.4 2.43983 -1.06525e-05
3.6 2.43983 1.84061e-05
4.8 2.43983 5.93451e-06
6 2.43983 -3.18954e-06
7.2 2.43983 -1.56979e-06
8.4 2.43983 7.9309e-07
9.6 2.43983 6.18754e-07
10.8 2.43983 8.56009e-08
12 2.43983 1.3167e-07
13.2 2.43983 2.66501e-07
14.4 2.43983 2.70567e-07
15.6 2.43983 2.52256e-07
16.8 2.43983 2.47724e-07
18 2.43983 2.32538e-07
19.2 2.43983 2.06518e-07
20.4 2.43983 1.77931e-07
21.6 2.43983 1.46996e-07
22.8 2.43983 1.12951e-07
24 2.43983 7.73412e-08
25.2 2.43983 4.33576e-08
26.4 2.43983 1.62787e-08
27.6 2.43983 1.34076e-09
28.8 2.43983 -1.51347e-09
30 2.43983 2.21323e-39
-30 2.49068 2.01899e-39
-28.8 2.49068 -1.38494e-09
-27.6 2.49068 1.23406e-09
-26.4 2.49068 1.49254e-08
-25.2 2.49068 3.97413e-08
-24 2.49068 7.08597e-08
-22.8 2.49068 1.03449e-07
-21.6 2.49068 1.34715e-07
-20.4 2.49068 1.63133e-07
-19.2 2.49068 1.88914e-07
-18 2.49068 2.12737e-07
-16.8 2.49068 2.2842e-07
-15.6 2.49068 2.31592e-07
-14.4 2.49068 2.42182e-07
-13.2 2.49068 2.46144e-07
-12 2.49068 1.43749e-07
-10.8 2.49068 6.59498e-08
-9.6 2.49068 4.82863e-07
-8.4 2.49068 7.66579e-07
-7.2 2.49068 -1.15534e-06
-6 2.49068 -2.95681e-06
-4.8 2.49068 4.63418e-06
-3.6 2.49068 1.64262e-05
-2.4 2.49068 -8.82845e-06
-1.2 2.49068 -9.42232e-05
0 2.49068 -0.000153617
1.2 2.49068 -9.4165e-05
2.4 2.49068 -8.79314e-06
3.6 2.49068 1.64252e-05
4.8 2.49068 4.62895e-06
6 2.49068 -2.9565e-06
7.2 2.49068 -1.15409e-06
8.4 2.49068 7.66846e-07
9.6 2.49068 4.83082e-07
10.8 2.49068 6.64675e-08
12 2.49068 1.44058e-07
13.2 2.49068 2.46044e-07
14.4 2.49068 2.41952e-07
15.6 2.49068 2.31494e-07
16.8 2.49068 2.28483e-07
18 2.49068 2.12867e-07
19.2 2.49068 1.89033e-07
20.4 2.49068 1.63221e-07
21.6 2.49068 1.34784e-07
22.8 2.49068 1.03506e-07
24 2.49068 7.09e-08
25.2 2.49068 3.97603e-08
26.4 2.49068 1.49279e-08
27.6 2.49068 1.23041e-09
28.8 2.49068 -1.387e-09
30 2.49068 2.02711e-39
-30 2.54153 1.83218e-39
-28.8 2.54153 -1.25863e-09
-27.6 2.54153 1.12397e-09
-26.4 2.54153 1.35732e-08
-25.2 2.54153 3.61397e-08
-24 2.54153 6.44258e-08
-22.8 2.54153 9.40185e-08
-21.6 2.54153 1.22472e-07
-20.4 2.54153 1.48416e-07
-19.2 2.54153 1.71602e-07
-18 2.54153 1.92998e-07
-16.8 2.54153 2.08602e-07
-15.6 2.54153 2.11499e-07
-14.4 2.54153 2.15336e-07
-13.2 2.54153 2.22541e-07
-12 2.54153 1.51058e-07
-10.8 2.54153 5.77402e-08
-9.6 2.54153 3.62238e-07
-8.4 2.54153 7.11396e-07
-7.2 2.54153 -7.86367e-07
-6 2.54153 -2.67644e-06
-4.8 2.54153 3.45271e-06
-3.6 2.54153 1.44682e-05
-2.4 2.54153 -7.0687e-06
-1.2 2.54153 -8.51347e-05
0 2.54153 -0.000140608
1.2 2.54153 -8.50849e-05
2.4 2.54153 -7.03961e-06
3.6 2.54153 1.44668e-05
4.8 2.54153 3.44858e-06
6 2.54153 -2.67599e-06
7.2 2.54153 -7.85449e-07
8.4 2.54153 7.11546e-07
9.6 2.54153 3.62492e-07
10.8 2.54153 5.82416e-08
12 2.54153 1.51323e-07
13.2 2.54153 2.22441e-07
14.4 2.54153 2.15131e-07
15.6 2.54153 2.11412e-07
16.8 2.54153 2.08659e-07
18 2.54153 1.93118e-07
19.2 2.54153 1.71712e-07
20.4 2.54153 1.48497e-07
21.6 2.54153 1.22536e-07
22.8 2.54153 9.40717e-08
24 2.54153 6.44633e-08
25.2 2.54153 3.61573e-08
26.4 2.54153 1.35755e-08
27.6 2.54153 1.12064e-09
28.8 2.54153 -1.26051e-09
30 2.54153 1.83959e-39
-30 2.59237 1.64513e-39
-28.8 2.59237 -1.13241e-09
-27.6 2.59237 1.01408e-09
-26.4 2.59237 1.22204e-08
-25.2 2.59237 3.25334e-08
-24 2.59237 5.79923e-08
-22.8 2.59237 8.46021e-08
-21.6 2.59237 1.10208e-07
-20.4 2.59237 1.3366e-07
-19.2 2.59237 1.54416e-07
-18 2.59237 1.73304e-07
-16.8 2.59237 1.88228e-07
-15.6 2.59237 1.91664e-07
-14.4 2.59237 1.90463e-07
-13.2 2.59237 1.96917e-07
-12 2.59237 1.52279e-07
-10.8 2.59237 5.80002e-08
-9.6 2.59237 2.59468e-07
-8.4 2.59237 6.31449e-07
-7.2 2.59237 -4.69829e-07
-6 2.59237 -2.35386e-06
-4.8 2.59237 2.40498e-06
-3.6 2.59237 1.25363e-05
-2.4 2.59237 -5.42751e-06
-1.2 2.59237 -7.60969e-05
0 2.59237 -0.000127552
1.2 2.59237 -7.6055e-05
2.4 2.59237 -5.40409e-06
3.6 2.59237 1.25346e-05
4.8 2.59237 2.40184e-06
6 2.59237 -2.35336e-06
7.2 2.59237 -4.69198e-07
8.4 2.59237 6.31526e-07
9.6 2.59237 2.59748e-07
10.8 2.59237 5.84696e-08
12 2.59237 1.52503e-07
13.2 2.59237 1.96821e-07
14.4 2.59237 1.90281e-07
15.6 2.59237 1.91586e-07
16.8 2.59237 1.88279e-07
18 2.59237 1.73414e-07
19.2 2.59237 1.54517e-07
20.4 2.59237 1.33734e-07
21.6 2.59237 1.10267e-07
22.8 2.59237 8.46511e-08
24 2.59237 5.80267e-08
25.2 2.59237 3.25496e-08
26.4 2.59237 1.22226e-08
27.6 2.59237 1.01109e-09
28.8 2.59237 -1.13412e-09
30 2.59237 1.65184e-39
-30 2.64322 1.45855e-39
-28.8 2.64322 -1.00626e-09
-27.6 2.64322 9.04065e-10
-26.4 2.64322 1.08674e-08
-25.2 2.64322 2.89241e-08
-24 2.64322 5.1556e-08
-22.8 2.64322 7.51969e-08
-21.6 2.64322 9.79408e-08
-20.4 2.64322 1.18856e-07
-19.2 2.64322 1.37304e-07
-18 2.64322 1.53743e-07
-16.8 2.64322 1.67411e-07
-15.6 2.64322 1.71689e-07
-14.4 2.64322 1.67488e-07
-13.2 2.64322 1.70533e-07
-12 2.64322 1.4692e-07
-10.8 2.64322 6.36801e-08
-9.6 2.64322 1.7681e-07
-8.4 2.64322 5.32445e-07
-7.2 2.64322 -2.1109e-07
-6 2.64322 -1.99652e-06
-4.8 2.64322 1.50069e-06
-3.6 2.64322 1.06364e-05
-2.4 2.64322 -3.91973e-06
-1.2 2.64322 -6.71118e-05
0 2.64322 -0.000114431
1.2 2.64322 -6.70773e-05
2.4 2.64322 -3.90143e-06
3.6 2.64322 1.06346e-05
4.8 2.64322 1.49841e-06
6 2.64322 -1.99602e-06
7.2 2.64322 -2.107e-07
8.4 2.64322 5.32484e-07
9.6 2.64322 1.77106e-07
10.8 2.64322 6.41052e-08
12 2.64322 1.47105e-07
13.2 2.64322 1.70446e-07
14.4 2.64322 1.67329e-07
15.6 2.64322 1.7162e-07
16.8 2.64322 1.67457e-07
18 2.64322 1.53842e-07
19.2 2.64322 1.37395e-07
20.4 2.64322 1.18924e-07
21.6 2.64322 9.79942e-08
22.8 2.64322 7.52415e-08
24 2.64322 5.15873e-08
25.2 2.64322 2.89388e-08
26.4 2.64322 1.08695e-08
27.6 2.64322 9.01396e-10
28.8 2.64322 -1.00778e-09
30 2.64322 1.46454e-39
-30 2.69407 1.27255e-39
-28.8 2.69407 -8.80076e-10
-27.6 2.69407 7.93738e-10
-26.4 2.69407 9.51408e-09
-25.2 2.69407 2.53132e-08
-24 2.69407 4.51161e-08
-22.8 2.69407 6.57979e-08
-21.6 2.69407 8.56806e-08
-20.4 2.69407 1.04013e-07
-19.2 2.69407 1.20209e-07
-18 2.69407 1.34348e-07
-16.8 2.69407 1.46332e-07
-15.6 2.69407 1.51269e-07
-14.4 2.69407 1.46067e-07
-13.2 2.69407 1.44648e-07
-12 2.69407 1.35147e-07
-10.8 2.69407 7.12215e-08
-9.6 2.69407 1.15578e-07
-8.4 2.69407 4.21717e-07
-7.2 2.69407 -1.50738e-08
-6 2.69407 -1.61469e-06
-4.8 2.69407 7.50851e-07
-3.6 2.69407 8.77743e-06
-2.4 2.69407 -2.5638e-06
-1.2 2.69407 -5.81828e-05
0 2.69407 -0.000101223
1.2 2.69407 -5.81552e-05
2.4 2.69407 -2.55004e-06
3.6 2.69407 8.77567e-06
4.8 2.69407 7.49297e-07
6 2.69407 -1.61426e-06
7.2 2.69407 -1.4872e-08
8.4 2.69407 4.21746e-07
9.6 2.69407 1.15874e-07
10.8 2.69407 7.15934e-08
12 2.69407 1.353e-07
13.2 2.69407 1.44572e-07
14.4 2.69407 1.45929e-07
15.6 2.69407 1.51208e-07
16.8 2.69407 1.46373e-07
18 2.69407 1.34436e-07
19.2 2.69407 1.20289e-07
20.4 2.69407 1.04073e-07
21.6 2.69407 8.57284e-08
22.8 2.69407 6.58377e-08
24 2.69407 4.51441e-08
25.2 2.69407 2.53264e-08
26.4 2.69407 9.51593e-09
27.6 2.69407 7.91399e-10
28.8 2.69407 -8.81415e-10
30 2.69407 1.27782e-39
-30 2.74492 1.08688e-39
-28.8 2.74492 -7.53807e-10
-27.6 2.74492 6.83113e-10
-26.4 2.74492 8.16015e-09
-25.2 2.74492 2.17017e-08
-24 2.74492 3.86737e-08
-22.8 2.74492 5.64001e-08
-21.6 2.74492 7.34312e-08
-20.4 2.74492 8.91482e-08
-19.2 2.74492 1.03089e-07
-18 2.74492 1.15096e-07
-16.8 2.74492 1.25187e-07
-15.6 2.74492 1.30268e-07
-14.4 2.74492 1.25615e-07
-13.2 2.74492 1.20298e-07
-12 2.74492 1.17958e-07
-10.8 2.74492 7.68262e-08
-9.6 2.74492 7.55233e-08
-8.4 2.74492 3.08383e-07
-7.2 2.74492 1.14619e-07
-6 2.74492 -1.22268e-06
-4.8 2.74492 1.67553e-07
-3.6 2.74492 6.97303e-06
-2.4 2.74492 -1.38297e-06
-1.2 2.74492 -4.93156e-05
0 2.74492 -8.78993e-05
1.2 2.74492 -4.92943e-05
2.4 2.74492 -1.37314e-06
3.6 2.74492 6.97143e-06
4.8 2.74492 1.66583e-07
6 2.74492 -1.22235e-06
7.2 2.74492 1.14686e-07
8.4 2.74492 3.08419e-07
9.6 2.74492 7.58032e-08
10.8 2.74492 7.71403e-08
12 2.74492 1.18084e-07
13.2 2.74492 1.20235e-07
14.4 2.74492 1.25497e-07
15.6 2.74492 1.30215e-07
16.8 2.74492 1.25223e-07
18 2.74492 1.15172e-07
19.2 2.74492 1.03159e-07
20.4 2.74492 8.92004e-08
21.6 2.74492 7.3473e-08
22.8 2.74492 5.6435e-08
24 2.74492 3.86981e-08
25.2 2.74492 2.17132e-08
26.4 2.74492 8.1618e-09
27.6 2.74492 6.81105e-10
28.8 2.74492 -7.54959e-10
30 2.74492 1.09142e-39
-30 2.79576 9.01288e-40
-28.8 2.79576 -6.27439e-10
-27.6 2.79576 5.72287e-10
-26.4 2.79576 6.80548e-09
-25.2 2.79576 1.80898e-08
-24 2.79576 3.223e-08
-22.8 2.79576 4.7001e-08
-21.6 2.79576 6.11897e-08
-20.4 2.79576 7.42796e-08
-19.2 2.79576 8.59313e-08
-18 2.79576 9.59235e-08
-16.8 2.79576 1.04128e-07
-15.6 2.79576 1.08751e-07
-14.4 2.79576 1.05439e-07
-13.2 2.79576 9.80289e-08
-12 2.79576 9.72111e-08
-10.8 2.79576 7.70304e-08
-9.6 2.79576 5.40657e-08
-8.4 2.79576 2.03148e-07
-7.2 2.79576 1.77305e-07
-6 2.79576 -8.40207e-07
-4.8 2.79576 -2.36844e-07
-3.6 2.79576 5.24447e-06
-2.4 2.79576 -4.07181e-07
-1.2 2.79576 -4.05194e-05
0 2.79576 -7.44207e-05
1.2 2.79576 -4.05038e-05
2.4 2.79576 -4.00673e-07
3.6 2.79576 5.24315e-06
4.8 2.79576 -2.37369e-07
6 2.79576 -8.39995e-07
7.2 2.79576 1.7729e-07
8.4 2.79576 2.03197e-07
9.6 2.79576 5.43134e-08
10.8 2.79576 7.72861e-08
12 2.79576 9.73131e-08
13.2 2.79576 9.79767e-08
14.4 2.79576 1.0534e-07
15.6 2.79576 1.08707e-07
16.8 2.79576 1.04159e-07
18 2.79576 9.59878e-08
19.2 2.79576 8.59903e-08
20.4 2.79576 7.43238e-08
21.6 2.79576 6.12252e-08
22.8 2.79576 4.70306e-08
24 2.79576 3.22508e-08
25.2 2.79576 1.80995e-08
26.4 2.79576 6.8069e-09
27.6 2.79576 5.70613e-10
28.8 2.79576 -6.28402e-10
30 2.79576 9.05081e-40
-30 2.84661 7.1565e-40
-28.8 2.84661 -5.00994e-10
-27.6 2.84661 4.61345e-10
-26.4 2.84661 5.45013e-09
-25.2 2.84661 1.44772e-08
-24 2.84661 2.57862e-08
-22.8 2.84661 3.76004e-08
-21.6 2.84661 4.89508e-08
-20.4 2.84661 5.94168e-08
-19.2 2.84661 6.87468e-08
-18 2.84661 7.67636e-08
-16.8 2.84661 8.32085e-08
-15.6 2.84661 8.69473e-08
-14.4 2.84661 8.49676e-08
-13.2 2.84661 7.76662e-08
-12 2.84661 7.53338e-08
-10.8 2.84661 6.96771e-08
-9.6 2.84661 4.56066e-08
-8.4 2.84661 1.17201e-07
-7.2 2.84661 1.77974e-07
-6 2.84661 -4.94033e-07
-4.8 2.84661 -4.52174e-07
-3.6 2.84661 3.62594e-06
-2.4 2.84661 3.24141e-07
-1.2 2.84661 -3.18107e-05
0 2.84661 -6.07312e-05
1.2 2.84661 -3.18002e-05
2.4 2.84661 3.27974e-07
3.6 2.84661 3.62498e-06
4.8 2.84661 -4.52395e-07
6 2.84661 -4.93936e-07
7.2 2.84661 1.77926e-07
8.4 2.84661 1.1726e-07
9.6 2.84661 4.58093e-08
10.8 2.84661 6.9877e-08
12 2.84661 7.54152e-08
13.2 2.84661 7.76246e-08
14.4 2.84661 8.48879e-08
15.6 2.84661 8.69122e-08
16.8 2.84661 8.32336e-08
18 2.84661 7.68156e-08
19.2 2.84661 6.87945e-08
20.4 2.84661 5.94527e-08
21.6 2.84661 4.89797e-08
22.8 2.84661 3.76246e-08
24 2.84661 2.58031e-08
25.2 2.84661 1.44852e-08
26.4 2.84661 5.45131e-09
27.6 2.84661 4.60007e-10
28.8 2.84661 -5.01766e-10
30 2.84661 7.18692e-40
-30 2.89746 5.29982e-40
-28.8 2.89746 -3.74496e-10
-27.6 2.89746 3.50326e-10
-26.4 2.89746 4.09428e-09
-25.2 2.89746 1.08641e-08
-24 2.89746 1.93424e-08
-22.8 2.89746 2.81995e-08
-21.6 2.89746 3.67115e-08
-20.4 2.89746 4.45594e-08
-19.2 2.89746 5.15545e-08
-18 2.89746 5.75825e-08
-16.8 2.89746 6.23849e-08
-15.6 2.89746 6.51082e-08
-14.4 2.89746 6.39909e-08
-13.2 2.89746 5.83714e-08
-12 2.89746 5.45137e-08
-10.8 2.89746 5.51023e-08
-9.6 2.89746 4.17022e-08
-8.4 2.89746 5.91872e-08
-7.2 2.89746 1.31534e-07
-6 2.89746 -2.18389e-07
-4.8 2.89746 -4.77173e-07
-3.6 2.89746 2.17442e-06
-2.4 2.89746 7.58415e-07
-1.2 2.89746 -2.3221e-05
0 2.89746 -4.67446e-05
1.2 2.89746 -2.32148e-05
2.4 2.89746 7.60242e-07
3.6 2.89746 2.17384e-06
4.8 2.89746 -4.77227e-07
6 2.89746 -2.1838e-07
7.2 2.89746 1.3149e-07
8.4 2.89746 5.92453e-08
9.6 2.89746 4.1853e-08
10.8 2.89746 5.52503e-08
12 2.89746 5.45751e-08
13.2 2.89746 5.83399e-08
14.4 2.89746 6.39308e-08
15.6 2.89746 6.5082e-08
16.8 2.89746 6.24041e-08
18 2.89746 5.76219e-08
19.2 2.89746 5.15906e-08
20.4 2.89746 4.45867e-08
21.6 2.89746 3.67336e-08
22.8 2.89746 2.8218e-08
24 2.89746 1.93553e-08
25.2 2.89746 1.08701e-08
26.4 2.89746 4.09519e-09
27.6 2.89746 3.49325e-10
28.8 2.89746 -3.75075e-10
30 2.89746 5.32265e-40
-30 2.94831 3.44312e-40
-28.8 2.94831 -2.47961e-10
-27.6 2.94831 2.39246e-10
-26.4 2.94831 2.73808e-09
-25.2 2.94831 7.25039e-09
-24 2.94831 1.28986e-08
-22.8 2.94831 1.87989e-08
-21.6 2.94831 2.44716e-08
-20.4 2.94831 2.97035e-08
-19.2 2.94831 3.43645e-08
-18 2.94831 3.83837e-08
-16.8 2.94831 4.15857e-08
-15.6 2.94831 4.33524e-08
-14.4 2.94831 4.26847e-08
-13.2 2.94831 3.91763e-08
-12 2.94831 3.55805e-08
-10.8 2.94831 3.64874e-08
-9.6 2.94831 3.37494e-08
-8.4 2.94831 2.93244e-08
-7.2 2.94831 6.67871e-08
-6 2.94831 -4.90385e-08
-4.8 2.94831 -3.3729e-07
-3.6 2.94831 9.88356e-07
-2.4 2.94831 8.28067e-07
-1.2 2.94831 -1.4819e-05
0 2.94831 -3.23099e-05
1.2 2.94831 -1.48163e-05
2.4 2.94831 8.28592e-07
3.6 2.94831 9.88149e-07
4.8 2.94831 -3.37298e-07
6 2.94831 -4.90694e-08
7.2 2.94831 6.67633e-08
8.4 2.94831 2.93668e-08
9.6 2.94831 3.38482e-08
10.8 2.94831 3.65859e-08
12 2.94831 3.56215e-08
13.2 2.94831 3.9155e-08
14.4 2.94831 4.26445e-08
15.6 2.94831 4.33351e-08
16.8 2.94831 4.15988e-08
18 2.94831 3.84102e-08
19.2 2.94831 3.43888e-08
20.4 2.94831 2.9722e-08
21.6 2.94831 2.44866e-08
22.8 2.94831 1.88114e-08
24 2.94831 1.29073e-08
25.2 2.94831 7.25451e-09
26.4 2.94831 2.73871e-09
27.6 2.94831 2.38583e-10
28.8 2.94831 -2.48345e-10
30 2.94831 3.45829e-40
-30 2.99915 1.58647e-40
-28.8 2.99915 -1.21401e-10
-27.6 2.99915 1.28123e-10
-26.4 2.99915 1.38165e-09
-25.2 2.99915 3.63643e-09
-24 2.99915 6.45462e-09
-22.8 2.99915 9.39848e-09
-21.6 2.99915 1.22316e-08
-20.4 2.99915 1.48475e-08
-19.2 2.99915 1.7177e-08
-18 2.99915 1.91815e-08
-16.8 2.99915 2.07782e-08
-15.6 2.99915 2.16537e-08
-14.4 2.99915 2.13197e-08
-13.2 2.99915 1.96744e-08
-12 2.99915 1.77522e-08
-10.8 2.99915 1.76913e-08
-9.6 2.99915 1.85329e-08
-8.4 2.99915 1.48492e-08
-7.2 2.99915 1.91127e-08
-6 2.99915 4.89612e-09
-4.8 2.99915 -1.25825e-07
-3.6 2.99915 2.31493e-07
-2.4 2.99915 4.79063e-07
-1.2 2.99915 -6.79993e-06
0 2.99915 -1.70958e-05
1.2 2.99915 -6.7999e-06
2.4 2.99915 4.79091e-07
3.6 2.99915 2.31493e-07
4.8 2.99915 -1.25843e-07
6 2.99915 4.87523e-09
7.2 2.99915 1.91039e-08
8.4 2.99915 1.48699e-08
9.6 2.99915 1.85819e-08
10.8 2.99915 1.77406e-08
12 2.99915 1.77725e-08
13.2 2.99915 1.96636e-08
14.4 2.99915 2.12997e-08
15.6 2.99915 2.16453e-08
16.8 2.99915 2.07849e-08
18 2.99915 1.91947e-08
19.2 2.99915 1.71891e-08
20.4 2.99915 1.48568e-08
21.6 2.99915 1.22392e-08
22.8 2.99915 9.40485e-09
24 2.99915 6.45906e-09
25.2 2.99915 3.63852e-09
26.4 2.99915 1.38198e-09
27.6 2.99915 1.27801e-10
28.8 2.99915 -1.21589e-10
30 2.99915 1.59391e-40
-30 3.05 0
-28.8 3.05 0
-27.6 3.05 0
-26.4 3.05 0
-25.2 3.05 0
-24 3.05 0
-22.8 3.05 0
-21.6 3.05 0
-20.4 3.05 0
-19.2 3.05 0
-18 3.05 0
-16.8 3.05 0
-15.6 3.05 0
-14.4 3.05 0
-13.2 3.05 0
-12 3.05 0
-10.8 3.05 0
-9.6 3.05 0
-8.4 3.05 0
-7.2 3.05 0
-6 3.05 0
-4.8 3.05 0
-3.6 3.05 0
-2.4 3.05 0
-1.2 3.05 0
0 3.05 0
1.2 3.05 0
2.4 3.05 0
3.6 3.05 0
4.8 3.05 0
6 3.05 0
7.2 3.05 0
8.4 3.05 0
9.6 3.05 0
10.8 3.05 0
12 3.05 0
13.2 3.05 0
14.4 3.05 0
15.6 3.05 0
16.8 3.05 0
18 3.05 0
19.2 3.05 0
20.4 3.05 0
21.6 3.05 0
22.8 3.05 0
24 3.05 0
25.2 3.05 0
26.4 3.05 0
27.6 3.05 0
28.8 3.05 0
30 3.05 0
