-30 0.05 -3.00983e-42
-29.4 0.05 -9.2913e-13
-28.8 0.05 -2.13358e-12
-28.2 0.05 -1.22283e-12
-27.6 0.05 3.37634e-12
-27 0.05 1.10693e-11
-26.4 0.05 1.78789e-11
-25.8 0.05 1.65133e-11
-25.2 0.05 -9.22631e-13
-24.6 0.05 -3.70491e-11
-24 0.05 -8.17646e-11
-23.4 0.05 -1.07648e-10
-22.8 0.05 -7.45037e-11
-22.2 0.05 5.20047e-11
-21.6 0.05 2.68994e-10
-21 0.05 5.04203e-10
-20.4 0.05 6.0546e-10
-19.8 0.05 3.76899e-10
-19.2 0.05 -3.25778e-10
-18.6 0.05 -1.45936e-09
-18 0.05 -2.6749e-09
-17.4 0.05 -3.30415e-09
-16.8 0.05 -2.52805e-09
-16.2 0.05 2.61522e-10
-15.6 0.05 5.01031e-09
-15 0.05 1.06802e-08
-14.4 0.05 1.5314e-08
-13.8 0.05 1.66271e-08
-13.2 0.05 1.29989e-08
-12.6 0.05 4.45211e-09
-12 0.05 -6.91507e-09
-11.4 0.05 -1.74157e-08
-10.8 0.05 -2.31457e-08
-10.2 0.05 -2.17148e-08
-9.6 0.05 -1.35072e-08
-9 0.05 -1.72856e-09
-8.4 0.05 8.96139e-09
-7.8 0.05 1.46684e-08
-7.2 0.05 1.4183e-08
-6.6 0.05 9.45126e-09
-6 0.05 4.19024e-09
-5.4 0.05 1.42374e-09
-4.8 0.05 1.62131e-09
-4.2 0.05 2.99087e-09
-3.6 0.05 4.05195e-09
-3 0.05 6.66322e-09
-2.4 0.05 1.67315e-08
-1.8 0.05 4.10397e-08
-1.2 0.05 8.15187e-08
-0.6 0.05 1.30838e-07
0 0.05 1.73259e-07
0.6 0.05 1.91621e-07
1.2 0.05 1.76676e-07
1.8 0.05 1.32409e-07
2.4 0.05 7.36269e-08
3 0.05 1.81666e-08
3.6 0.05 -2.08195e-08
4.2 0.05 -3.85724e-08
4.8 0.05 -3.79764e-08
5.4 0.05 -2.62491e-08
6 0.05 -1.12864e-08
6.6 0.05 9.67526e-10
7.2 0.05 7.6666e-09
7.8 0.05 8.86192e-09
8.4 0.05 6.43146e-09
9 0.05 2.75938e-09
9.6 0.05 -2.96961e-10
10.2 0.05 -1.8738e-09
10.8 0.05 -2.02414e-09
11.4 0.05 -1.32273e-09
12 0.05 -4.26004e-10
12.6 0.05 2.21378e-10
13.2 0.05 4.73277e-10
13.8 0.05 4.10688e-10
14.4 0.05 2.07367e-10
15 0.05 1.54527e-11
15.6 0.05 -8.90049e-11
16.2 0.05 -1.03435e-10
16.8 0.05 -6.55264e-11
17.4 0.05 -1.77192e-11
18 0.05 1.38279e-11
18.6 0.05 2.30841e-11
19.2 0.05 1.70853e-11
19.8 0.05 6.32272e-12
20.4 0.05 -1.79082e-12
21 0.05 -4.82931e-12
21.6 0.05 -3.98767e-12
22.2 0.05 -1.68672e-12
22.8 0.05 2.05178e-13
23.4 0.05 9.87859e-13
24 0.05 8.66757e-13
24.6 0.05 3.82636e-13
25.2 0.05 -3.00733e-14
25.8 0.05 -2.03375e-13
26.4 0.05 -1.79164e-13
27 0.05 -7.67001e-14
27.6 0.05 9.05304e-15
28.2 0.05 4.26078e-14
28.8 0.05 3.42552e-14
29.4 0.05 1.16437e-14
30 0.05 1.05007e-44
-30 0.102632 -2.48294e-42
-29.4 0.102632 -8.61378e-13
-28.8 0.102632 -2.06583e-12
-28.2 0.102632 -1.46691e-12
-27.6 0.102632 2.46706e-12
-27 0.102632 9.43099e-12
-26.4 0.102632 1.60769e-11
-25.8 0.102632 1.58603e-11
-25.2 0.102632 1.26153e-12
-24.6 0.102632 -3.09577e-11
-24 0.102632 -7.27028e-11
-23.4 0.102632 -9.96304e-11
-22.8 0.102632 -7.43218e-11
-22.2 0.102632 3.73329e-11
-21.6 0.102632 2.36927e-10
-21 0.102632 4.61828e-10
-20.4 0.102632 5.71856e-10
-19.8 0.102632 3.79268e-10
-19.2 0.102632 -2.63565e-10
-18.6 0.102632 -1.33282e-09
-18 0.102632 -2.51195e-09
-17.4 0.102632 -3.16565e-09
-16.8 0.102632 -2.49012e-09
-16.2 0.102632 1.40262e-10
-15.6 0.102632 4.72317e-09
-15 0.102632 1.02898e-08
-14.4 0.102632 1.49379e-08
-13.8 0.102632 1.6392e-08
-13.2 0.102632 1.29827e-08
-12.6 0.102632 4.64321e-09
-12 0.102632 -6.61394e-09
-11.4 0.102632 -1.71361e-08
-10.8 0.102632 -2.29785e-08
-10.2 0.102632 -2.16567e-08
-9.6 0.102632 -1.34657e-08
-9 0.102632 -1.5941e-09
-8.4 0.102632 9.2166e-09
-7.8 0.102632 1.49311e-08
-7.2 0.102632 1.4235e-08
-6.6 0.102632 9.1041e-09
-6 0.102632 3.46237e-09
-5.4 0.102632 6.62924e-10
-4.8 0.102632 1.45807e-09
-4.2 0.102632 4.02193e-09
-3.6 0.102632 6.26401e-09
-3 0.102632 8.86833e-09
-2.4 0.102632 1.6532e-08
-1.8 0.102632 3.57151e-08
-1.2 0.102632 6.95955e-08
-0.6 0.102632 1.13369e-07
0 0.102632 1.53743e-07
0.6 0.102632 1.7438e-07
1.2 0.102632 1.64747e-07
1.8 0.102632 1.26354e-07
2.4 0.102632 7.19508e-08
3 0.102632 1.87254e-08
3.6 0.102632 -1.95917e-08
4.2 0.102632 -3.73204e-08
4.8 0.102632 -3.67968e-08
5.4 0.102632 -2.51742e-08
6 0.102632 -1.04636e-08
6.6 0.102632 1.37738e-09
7.2 0.102632 7.63427e-09
7.8 0.102632 8.5198e-09
8.4 0.102632 5.99268e-09
9 0.102632 2.41019e-09
9.6 0.102632 -4.63774e-10
10.2 0.102632 -1.86547e-09
10.8 0.102632 -1.91139e-09
11.4 0.102632 -1.18988e-09
12 0.102632 -3.32801e-10
12.6 0.102632 2.54465e-10
13.2 0.102632 4.58259e-10
13.8 0.102632 3.74312e-10
14.4 0.102632 1.74006e-10
15 0.102632 -2.21803e-12
15.6 0.102632 -9.05098e-11
16.2 0.102632 -9.54785e-11
16.8 0.102632 -5.59311e-11
17.4 0.102632 -1.14757e-11
18 0.102632 1.55186e-11
18.6 0.102632 2.16282e-11
19.2 0.102632 1.46569e-11
19.8 0.102632 4.50804e-12
20.4 0.102632 -2.45114e-12
21 0.102632 -4.5959e-12
21.6 0.102632 -3.41512e-12
22.2 0.102632 -1.21771e-12
22.8 0.102632 3.97454e-13
23.4 0.102632 9.50781e-13
24 0.102632 7.35788e-13
24.6 0.102632 2.70745e-13
25.2 0.102632 -7.70859e-14
25.8 0.102632 -1.95761e-13
26.4 0.102632 -1.49513e-13
27 0.102632 -5.18926e-14
27.6 0.102632 1.88498e-14
28.2 0.102632 4.08351e-14
28.8 0.102632 2.92732e-14
29.4 0.102632 9.29105e-15
30 0.102632 1.29274e-45
-30 0.155263 -2.01198e-42
-29.4 0.155263 -7.8954e-13
-28.8 0.155263 -1.96876e-12
-28.2 0.155263 -1.62891e-12
-27.6 0.155263 1.69966e-12
-27 0.155263 7.952e-12
-26.4 0.155263 1.43498e-11
-25.8 0.155263 1.50672e-11
-25.2 0.155263 3.01072e-12
-24.6 0.155263 -2.55233e-11
-24 0.155263 -6.42297e-11
-23.4 0.155263 -9.16738e-11
-22.8 0.155263 -7.32465e-11
-22.2 0.155263 2.45869e-11
-21.6 0.155263 2.07267e-10
-21 0.155263 4.2112e-10
-20.4 0.155263 5.37682e-10
-19.8 0.155263 3.77902e-10
-19.2 0.155263 -2.07588e-10
-18.6 0.155263 -1.2122e-09
-18 0.155263 -2.35035e-09
-17.4 0.155263 -3.02064e-09
-16.8 0.155263 -2.43886e-09
-16.2 0.155263 3.14503e-11
-15.6 0.155263 4.4345e-09
-15 0.155263 9.87105e-09
-14.4 0.155263 1.45028e-08
-13.8 0.155263 1.60788e-08
-13.2 0.155263 1.28953e-08
-12.6 0.155263 4.80185e-09
-12 0.155263 -6.28459e-09
-11.4 0.155263 -1.67695e-08
-10.8 0.155263 -2.26957e-08
-10.2 0.155263 -2.15015e-08
-9.6 0.155263 -1.33869e-08
-9 0.155263 -1.49221e-09
-8.4 0.155263 9.39949e-09
-7.8 0.155263 1.51349e-08
-7.2 0.155263 1.42787e-08
-6.6 0.155263 8.79006e-09
-6 0.155263 2.76021e-09
-5.4 0.155263 -1.28186e-10
-4.8 0.155263 1.1878e-09
-4.2 0.155263 4.86344e-09
-3.6 0.155263 8.20164e-09
-3 0.155263 1.07646e-08
-2.4 0.155263 1.61691e-08
-1.8 0.155263 3.06594e-08
-1.2 0.155263 5.85718e-08
-0.6 0.155263 9.73e-08
0 0.155263 1.35649e-07
0.6 0.155263 1.58061e-07
1.2 0.155263 1.53032e-07
1.8 0.155263 1.20034e-07
2.4 0.155263 6.99558e-08
3 0.155263 1.91852e-08
3.6 0.155263 -1.82568e-08
4.2 0.155263 -3.5927e-08
4.8 0.155263 -3.55694e-08
5.4 0.155263 -2.41443e-08
6 0.155263 -9.7093e-09
6.6 0.155263 1.74595e-09
7.2 0.155263 7.59313e-09
7.8 0.155263 8.18522e-09
8.4 0.155263 5.56593e-09
9 0.155263 2.0742e-09
9.6 0.155263 -6.17633e-10
10.2 0.155263 -1.84757e-09
10.8 0.155263 -1.79539e-09
11.4 0.155263 -1.0602e-09
12 0.155263 -2.46265e-10
12.6 0.155263 2.81235e-10
13.2 0.155263 4.39866e-10
13.8 0.155263 3.37933e-10
14.4 0.155263 1.42779e-10
15 0.155263 -1.73636e-11
15.6 0.155263 -9.03638e-11
16.2 0.155263 -8.7124e-11
16.8 0.155263 -4.68515e-11
17.4 0.155263 -6.04392e-12
18 0.155263 1.6597e-11
18.6 0.155263 1.99527e-11
19.2 0.155263 1.23288e-11
19.8 0.155263 2.92337e-12
20.4 0.155263 -2.91851e-12
21 0.155263 -4.28069e-12
21.6 0.155263 -2.85919e-12
22.2 0.155263 -8.09508e-13
22.8 0.155263 5.35122e-13
23.4 0.155263 8.88961e-13
24 0.155263 6.07681e-13
24.6 0.155263 1.74449e-13
25.2 0.155263 -1.0981e-13
25.8 0.155263 -1.81691e-13
26.4 0.155263 -1.20568e-13
27 0.155263 -3.09578e-14
27.6 0.155263 2.51693e-14
28.2 0.155263 3.74004e-14
28.8 0.155263 2.40207e-14
29.4 0.155263 7.04174e-15
30 0.155263 -5.72818e-45
-30 0.207895 -1.59488e-42
-29.4 0.207895 -7.15573e-13
-28.8 0.207895 -1.84932e-12
-28.2 0.207895 -1.72101e-12
-27.6 0.207895 1.06103e-12
-27 0.207895 6.62719e-12
-26.4 0.207895 1.27104e-11
-25.8 0.207895 1.41689e-11
-25.2 0.207895 4.37133e-12
-24.6 0.207895 -2.07149e-11
-24 0.207895 -5.63635e-11
-23.4 0.207895 -8.38621e-11
-22.8 0.207895 -7.14017e-11
-22.2 0.207895 1.36759e-11
-21.6 0.207895 1.80036e-10
-21 0.207895 3.82239e-10
-20.4 0.207895 5.03163e-10
-19.8 0.207895 3.72951e-10
-19.2 0.207895 -1.57879e-10
-18.6 0.207895 -1.09771e-09
-18 0.207895 -2.1904e-09
-17.4 0.207895 -2.86937e-09
-16.8 0.207895 -2.37432e-09
-16.2 0.207895 -6.45512e-11
-15.6 0.207895 4.14519e-09
-15 0.207895 9.42539e-09
-14.4 0.207895 1.40099e-08
-13.8 0.207895 1.56874e-08
-13.2 0.207895 1.27353e-08
-12.6 0.207895 4.92554e-09
-12 0.207895 -5.92941e-09
-11.4 0.207895 -1.63169e-08
-10.8 0.207895 -2.2296e-08
-10.2 0.207895 -2.1246e-08
-9.6 0.207895 -1.32664e-08
-9 0.207895 -1.41933e-09
-8.4 0.207895 9.50931e-09
-7.8 0.207895 1.52699e-08
-7.2 0.207895 1.4296e-08
-6.6 0.207895 8.49558e-09
-6 0.207895 2.09322e-09
-5.4 0.207895 -9.14954e-10
-4.8 0.207895 8.43292e-10
-4.2 0.207895 5.51434e-09
-3.6 0.207895 9.83451e-09
-3 0.207895 1.23379e-08
-2.4 0.207895 1.56809e-08
-1.8 0.207895 2.59351e-08
-1.2 0.207895 4.84597e-08
-0.6 0.207895 8.25587e-08
0 0.207895 1.18881e-07
0.6 0.207895 1.42629e-07
1.2 0.207895 1.41584e-07
1.8 0.207895 1.13526e-07
2.4 0.207895 6.76601e-08
3 0.207895 1.94969e-08
3.6 0.207895 -1.68711e-08
4.2 0.207895 -3.44024e-08
4.8 0.207895 -3.42606e-08
5.4 0.207895 -2.3125e-08
6 0.207895 -9.01708e-09
6.6 0.207895 2.05821e-09
7.2 0.207895 7.52859e-09
7.8 0.207895 7.8552e-09
8.4 0.207895 5.15593e-09
9 0.207895 1.75608e-09
9.6 0.207895 -7.57242e-10
10.2 0.207895 -1.82112e-09
10.8 0.207895 -1.67754e-09
11.4 0.207895 -9.34464e-10
12 0.207895 -1.66509e-10
12.6 0.207895 3.01962e-10
13.2 0.207895 4.18491e-10
13.8 0.207895 3.0187e-10
14.4 0.207895 1.13823e-10
15 0.207895 -3.00364e-11
15.6 0.207895 -8.87245e-11
16.2 0.207895 -7.85253e-11
16.8 0.207895 -3.83646e-11
17.4 0.207895 -1.41534e-12
18 0.207895 1.71207e-11
18.6 0.207895 1.81171e-11
19.2 0.207895 1.0133e-11
19.8 0.207895 1.56888e-12
20.4 0.207895 -3.21137e-12
21 0.207895 -3.90383e-12
21.6 0.207895 -2.33114e-12
22.2 0.207895 -4.62843e-13
22.8 0.207895 6.23689e-13
23.4 0.207895 8.08622e-13
24 0.207895 4.85943e-13
24.6 0.207895 9.40182e-14
25.2 0.207895 -1.29865e-13
25.8 0.207895 -1.62978e-13
26.4 0.207895 -9.33182e-14
27 0.207895 -1.39423e-14
27.6 0.207895 2.8495e-14
28.2 0.207895 3.28378e-14
28.8 0.207895 1.88172e-14
29.4 0.207895 4.98644e-15
30 0.207895 -1.06645e-44
-30 0.260526 -1.22882e-42
-29.4 0.260526 -6.4113e-13
-28.8 0.260526 -1.71368e-12
-28.2 0.260526 -1.75459e-12
-27.6 0.260526 5.38055e-13
-27 0.260526 5.44998e-12
-26.4 0.260526 1.1169e-11
-25.8 0.260526 1.31973e-11
-25.2 0.260526 5.38859e-12
-24.6 0.260526 -1.64998e-11
-24 0.260526 -4.91166e-11
-23.4 0.260526 -7.62696e-11
-22.8 0.260526 -6.8901e-11
-22.2 0.260526 4.50824e-12
-21.6 0.260526 1.55235e-10
-21 0.260526 3.45304e-10
-20.4 0.260526 4.68491e-10
-19.8 0.260526 3.64588e-10
-19.2 0.260526 -1.14387e-10
-18.6 0.260526 -9.89496e-10
-18 0.260526 -2.03241e-09
-17.4 0.260526 -2.71221e-09
-16.8 0.260526 -2.2967e-09
-16.2 0.260526 -1.4749e-10
-15.6 0.260526 3.85615e-09
-15 0.260526 8.9542e-09
-14.4 0.260526 1.34606e-08
-13.8 0.260526 1.52185e-08
-13.2 0.260526 1.25016e-08
-12.6 0.260526 5.01174e-09
-12 0.260526 -5.55125e-09
-11.4 0.260526 -1.57797e-08
-10.8 0.260526 -2.17782e-08
-10.2 0.260526 -2.0886e-08
-9.6 0.260526 -1.30981e-08
-9 0.260526 -1.37108e-09
-8.4 0.260526 9.54332e-09
-7.8 0.260526 1.53236e-08
-7.2 0.260526 1.42701e-08
-6.6 0.260526 8.21304e-09
-6 0.260526 1.47409e-09
-5.4 0.260526 -1.66991e-09
-4.8 0.260526 4.45678e-10
-4.2 0.260526 5.97331e-09
-3.6 0.260526 1.11484e-08
-3 0.260526 1.35898e-08
-2.4 0.260526 1.50986e-08
-1.8 0.260526 2.1578e-08
-1.2 0.260526 3.92565e-08
-0.6 0.260526 6.90909e-08
0 0.260526 1.0337e-07
0.6 0.260526 1.28056e-07
1.2 0.260526 1.30435e-07
1.8 0.260526 1.06881e-07
2.4 0.260526 6.5083e-08
3 0.260526 1.96343e-08
3.6 0.260526 -1.54749e-08
4.2 0.260526 -3.27619e-08
4.8 0.260526 -3.28534e-08
5.4 0.260526 -2.2089e-08
6 0.260526 -8.37446e-09
6.6 0.260526 2.30746e-09
7.2 0.260526 7.42744e-09
7.8 0.260526 7.52276e-09
8.4 0.260526 4.76426e-09
9 0.260526 1.46057e-09
9.6 0.260526 -8.79864e-10
10.2 0.260526 -1.78643e-09
10.8 0.260526 -1.55945e-09
11.4 0.260526 -8.13875e-10
12 0.260526 -9.37897e-11
12.6 0.260526 3.17022e-10
13.2 0.260526 3.94653e-10
13.8 0.260526 2.66476e-10
14.4 0.260526 8.72382e-11
15 0.260526 -4.03321e-11
15.6 0.260526 -8.57677e-11
16.2 0.260526 -6.98297e-11
16.8 0.260526 -3.05322e-11
17.4 0.260526 2.43085e-12
18 0.260526 1.71515e-11
18.6 0.260526 1.61784e-11
19.2 0.260526 8.09606e-12
19.8 0.260526 4.40455e-13
20.4 0.260526 -3.34961e-12
21 0.260526 -3.48453e-12
21.6 0.260526 -1.84032e-12
22.2 0.260526 -1.76943e-13
22.8 0.260526 6.69167e-13
23.4 0.260526 7.15655e-13
24 0.260526 3.73434e-13
24.6 0.260526 2.92226e-14
25.2 0.260526 -1.39021e-13
25.8 0.260526 -1.41308e-13
26.4 0.260526 -6.85412e-14
27 0.260526 -7.43516e-16
27.6 0.260526 2.93435e-14
28.2 0.260526 2.76348e-14
28.8 0.260526 1.39247e-14
29.4 0.260526 3.19157e-15
30 0.260526 -1.36937e-44
-30 0.313158 -9.10461e-43
-29.4 0.313158 -5.67596e-13
-28.8 0.313158 -1.56726e-12
-28.2 0.313158 -1.74016e-12
-27.6 0.313158 1.17928e-13
-27 0.313158 4.4129e-12
-26.4 0.313158 9.73335e-12
-25.8 0.313158 1.21813e-11
-25.2 0.313158 6.10513e-12
-24.6 0.313158 -1.28442e-11
-24 0.313158 -4.24941e-11
-23.4 0.313158 -6.89572e-11
-22.8 0.313158 -6.58471e-11
-22.2 0.313158 -3.01192e-12
-21.6 0.313158 1.32833e-10
-21 0.313158 3.10391e-10
-20.4 0.313158 4.33838e-10
-19.8 0.313158 3.5301e-10
-19.2 0.313158 -7.69897e-11
-18.6 0.313158 -8.87597e-10
-18 0.313158 -1.87664e-09
-17.4 0.313158 -2.54956e-09
-16.8 0.313158 -2.20631e-09
-16.2 0.313158 -2.17228e-10
-15.6 0.313158 3.56825e-09
-15 0.313158 8.459e-09
-14.4 0.313158 1.28565e-08
-13.8 0.313158 1.46726e-08
-13.2 0.313158 1.21932e-08
-12.6 0.313158 5.05777e-09
-12 0.313158 -5.15352e-09
-11.4 0.313158 -1.51604e-08
-10.8 0.313158 -2.11416e-08
-10.2 0.313158 -2.04166e-08
-9.6 0.313158 -1.28751e-08
-9 0.313158 -1.3433e-09
-8.4 0.313158 9.49745e-09
-7.8 0.313158 1.52828e-08
-7.2 0.313158 1.41859e-08
-6.6 0.313158 7.93771e-09
-6 0.313158 9.14603e-10
-5.4 0.313158 -2.37153e-09
-4.8 0.313158 1.09496e-11
-4.2 0.313158 6.24228e-09
-3.6 0.313158 1.21398e-08
-3 0.313158 1.45287e-08
-2.4 0.313158 1.44463e-08
-1.8 0.313158 1.76085e-08
-1.2 0.313158 3.09526e-08
-0.6 0.313158 5.68522e-08
0 0.313158 8.90646e-08
0.6 0.313158 1.14321e-07
1.2 0.313158 1.19604e-07
1.8 0.313158 1.00135e-07
2.4 0.313158 6.22415e-08
3 0.313158 1.95827e-08
3.6 0.313158 -1.40967e-08
4.2 0.313158 -3.1021e-08
4.8 0.313158 -3.13396e-08
5.4 0.313158 -2.10164e-08
6 0.313158 -7.76829e-09
6.6 0.313158 2.49234e-09
7.2 0.313158 7.28002e-09
7.8 0.313158 7.18033e-09
8.4 0.313158 4.39018e-09
9 0.313158 1.19126e-09
9.6 0.313158 -9.82287e-10
10.2 0.313158 -1.74294e-09
10.8 0.313158 -1.44248e-09
11.4 0.313158 -6.99867e-10
12 0.313158 -2.86001e-11
12.6 0.313158 3.26767e-10
13.2 0.313158 3.68962e-10
13.8 0.313158 2.32165e-10
14.4 0.313158 6.31124e-11
15 0.313158 -4.8388e-11
15.6 0.313158 -8.16936e-11
16.2 0.313158 -6.11814e-11
16.8 0.313158 -2.33992e-11
17.4 0.313158 5.52896e-12
18 0.313158 1.67549e-11
18.6 0.313158 1.41897e-11
19.2 0.313158 6.2387e-12
19.8 0.313158 -4.70122e-13
20.4 0.313158 -3.3541e-12
21 0.313158 -3.04065e-12
21.6 0.313158 -1.39413e-12
22.2 0.313158 5.0334e-14
22.8 0.313158 6.77897e-13
23.4 0.313158 6.15508e-13
24 0.313158 2.72355e-13
24.6 0.313158 -2.06107e-14
25.2 0.313158 -1.39142e-13
25.8 0.313158 -1.1821e-13
26.4 0.313158 -4.67992e-14
27 0.313158 8.87125e-15
27.6 0.313158 2.82433e-14
28.2 0.313158 2.22194e-14
28.8 0.313158 9.54287e-15
29.4 0.313158 1.6991e-15
30 0.313158 -1.50552e-44
-30 0.365789 -6.36345e-43
-29.4 0.365789 -4.96145e-13
-28.8 0.365789 -1.41487e-12
-28.2 0.365789 -1.68729e-12
-27.6 0.365789 -2.11473e-13
-27 0.365789 3.50801e-12
-26.4 0.365789 8.40901e-12
-25.8 0.365789 1.11457e-11
-25.2 0.365789 6.5601e-12
-24.6 0.365789 -9.71362e-12
-24 0.365789 -3.64925e-11
-23.4 0.365789 -6.19717e-11
-22.8 0.365789 -6.23322e-11
-22.2 0.365789 -8.98708e-12
-21.6 0.365789 1.12775e-10
-21 0.365789 2.77539e-10
-20.4 0.365789 3.99354e-10
-19.8 0.365789 3.38439e-10
-19.2 0.365789 -4.54951e-11
-18.6 0.365789 -7.91992e-10
-18 0.365789 -1.72334e-09
-17.4 0.365789 -2.38188e-09
-16.8 0.365789 -2.10357e-09
-16.2 0.365789 -2.73742e-10
-15.6 0.365789 3.2823e-09
-15 0.365789 7.9414e-09
-14.4 0.365789 1.21994e-08
-13.8 0.365789 1.40509e-08
-13.2 0.365789 1.18094e-08
-12.6 0.365789 5.06082e-09
-12 0.365789 -4.74012e-09
-11.4 0.365789 -1.44617e-08
-10.8 0.365789 -2.03851e-08
-10.2 0.365789 -1.98324e-08
-9.6 0.365789 -1.259e-08
-9 0.365789 -1.33204e-09
-8.4 0.365789 9.36723e-09
-7.8 0.365789 1.51351e-08
-7.2 0.365789 1.40304e-08
-6.6 0.365789 7.66559e-09
-6 0.365789 4.24284e-10
-5.4 0.365789 -3.00248e-09
-4.8 0.365789 -4.46604e-10
-4.2 0.365789 6.32733e-09
-3.6 0.365789 1.28126e-08
-3 0.365789 1.51654e-08
-2.4 0.365789 1.3742e-08
-1.8 0.365789 1.40375e-08
-1.2 0.365789 2.35351e-08
-0.6 0.365789 4.58058e-08
0 0.365789 7.5924e-08
0.6 0.365789 1.01405e-07
1.2 0.365789 1.09102e-07
1.8 0.365789 9.33121e-08
2.4 0.365789 5.915e-08
3 0.365789 1.93345e-08
3.6 0.365789 -1.27567e-08
4.2 0.365789 -2.91932e-08
4.8 0.365789 -2.97158e-08
5.4 0.365789 -1.9893e-08
6 0.365789 -7.18671e-09
6.6 0.365789 2.61444e-09
7.2 0.365789 7.07991e-09
7.8 0.365789 6.82107e-09
8.4 0.365789 4.03151e-09
9 0.365789 9.50272e-10
9.6 0.365789 -1.06157e-09
10.2 0.365789 -1.68958e-09
10.8 0.365789 -1.32747e-09
11.4 0.365789 -5.93805e-10
12 0.365789 2.83977e-11
12.6 0.365789 3.31432e-10
13.2 0.365789 3.4204e-10
13.8 0.365789 1.99401e-10
14.4 0.365789 4.15481e-11
15 0.365789 -5.43636e-11
15.6 0.365789 -7.67246e-11
16.2 0.365789 -5.27255e-11
16.8 0.365789 -1.69969e-11
17.4 0.365789 7.92644e-12
18 0.365789 1.60002e-11
18.6 0.365789 1.22002e-11
19.2 0.365789 4.57539e-12
19.8 0.365789 -1.17502e-12
20.4 0.365789 -3.24629e-12
21 0.365789 -2.58846e-12
21.6 0.365789 -9.97931e-13
22.2 0.365789 2.2236e-13
22.8 0.365789 6.56371e-13
23.4 0.365789 5.13089e-13
24 0.365789 1.84246e-13
24.6 0.365789 -5.65411e-14
25.2 0.365789 -1.32116e-13
25.8 0.365789 -9.50244e-14
26.4 0.365789 -2.84432e-14
27 0.365789 1.52432e-14
27.6 0.365789 2.57134e-14
28.2 0.365789 1.69496e-14
28.8 0.365789 5.80834e-15
29.4 0.365789 5.27442e-16
30 0.365789 -1.50345e-44
-30 0.418421 -4.0327e-43
-29.4 0.418421 -4.27783e-13
-28.8 0.418421 -1.26067e-12
-28.2 0.418421 -1.6045e-12
-27.6 0.418421 -4.61283e-13
-27 0.418421 2.7272e-12
-26.4 0.418421 7.19899e-12
-25.8 0.418421 1.01105e-11
-25.2 0.418421 6.78862e-12
-24.6 0.418421 -7.07216e-12
-24 0.418421 -3.10989e-11
-23.4 0.418421 -5.5345e-11
-22.8 0.418421 -5.84386e-11
-22.2 0.418421 -1.35272e-11
-21.6 0.418421 9.49736e-11
-21 0.418421 2.4675e-10
-20.4 0.418421 3.65172e-10
-19.8 0.418421 3.2112e-10
-19.2 0.418421 -1.96529e-11
-18.6 0.418421 -7.0259e-10
-18 0.418421 -1.57271e-09
-17.4 0.418421 -2.20968e-09
-16.8 0.418421 -1.98901e-09
-16.2 0.418421 -3.17135e-10
-15.6 0.418421 2.99905e-09
-15 0.418421 7.40305e-09
-14.4 0.418421 1.14913e-08
-13.8 0.418421 1.33545e-08
-13.2 0.418421 1.13496e-08
-12.6 0.418421 5.0179e-09
-12 0.418421 -4.31534e-09
-11.4 0.418421 -1.36865e-08
-10.8 0.418421 -1.9508e-08
-10.2 0.418421 -1.91279e-08
-9.6 0.418421 -1.22352e-08
-9 0.418421 -1.33334e-09
-8.4 0.418421 9.14861e-09
-7.8 0.418421 1.48689e-08
-7.2 0.418421 1.37911e-08
-6.6 0.418421 7.39212e-09
-6 0.418421 1.00765e-11
-5.4 0.418421 -3.54825e-09
-4.8 0.418421 -9.12636e-10
-4.2 0.418421 6.23849e-09
-3.6 0.418421 1.3175e-08
-3 0.418421 1.55114e-08
-2.4 0.418421 1.29984e-08
-1.8 0.418421 1.08689e-08
-1.2 0.418421 1.69892e-08
-0.6 0.418421 3.59195e-08
0 0.418421 6.39146e-08
0.6 0.418421 8.92907e-08
1.2 0.418421 9.89352e-08
1.8 0.418421 8.6431e-08
2.4 0.418421 5.58207e-08
3 0.418421 1.88862e-08
3.6 0.418421 -1.14687e-08
4.2 0.418421 -2.72894e-08
4.8 0.418421 -2.79818e-08
5.4 0.418421 -1.87092e-08
6 0.418421 -6.61987e-09
6.6 0.418421 2.67679e-09
7.2 0.418421 6.82338e-09
7.8 0.418421 6.43947e-09
8.4 0.418421 3.68557e-09
9 0.418421 7.385e-10
9.6 0.418421 -1.11548e-09
10.2 0.418421 -1.62509e-09
10.8 0.418421 -1.21481e-09
11.4 0.418421 -4.96783e-10
12 0.418421 7.65227e-11
12.6 0.418421 3.31126e-10
13.2 0.418421 3.14438e-10
13.8 0.418421 1.68651e-10
14.4 0.418421 2.26674e-11
15 0.418421 -5.84163e-11
15.6 0.418421 -7.10917e-11
16.2 0.418421 -4.4609e-11
16.8 0.418421 -1.13483e-11
17.4 0.418421 9.68055e-12
18 0.418421 1.49604e-11
18.6 0.418421 1.02559e-11
19.2 0.418421 3.1149e-12
19.8 0.418421 -1.69012e-12
20.4 0.418421 -3.04803e-12
21 0.418421 -2.14246e-12
21.6 0.418421 -6.55031e-13
22.2 0.418421 3.43615e-13
22.8 0.418421 6.11083e-13
23.4 0.418421 4.12677e-13
24 0.418421 1.09992e-13
24.6 0.418421 -7.99525e-14
25.2 0.418421 -1.19799e-13
25.8 0.418421 -7.28728e-14
26.4 0.418421 -1.3622e-14
27 0.418421 1.87974e-14
27.6 0.418421 2.22436e-14
28.2 0.418421 1.2106e-14
28.8 0.418421 2.79557e-15
29.4 0.418421 -3.26686e-16
30 0.418421 -1.39452e-44
-30 0.471053 -2.08555e-43
-29.4 0.471053 -3.63372e-13
-28.8 0.471053 -1.10822e-12
-28.2 0.471053 -1.49914e-12
-27.6 0.471053 -6.41469e-13
-27 0.471053 2.06229e-12
-26.4 0.471053 6.10383e-12
-25.8 0.471053 9.09143e-12
-25.2 0.471053 6.82167e-12
-24.6 0.471053 -4.88297e-12
-24 0.471053 -2.62908e-11
-23.4 0.471053 -4.90945e-11
-22.8 0.471053 -5.42392e-11
-22.2 0.471053 -1.67492e-11
-21.6 0.471053 7.93169e-11
-21 0.471053 2.17992e-10
-20.4 0.471053 3.31406e-10
-19.8 0.471053 3.01316e-10
-19.2 0.471053 8.43142e-13
-18.6 0.471053 -6.19236e-10
-18 0.471053 -1.42493e-09
-17.4 0.471053 -2.03347e-09
-16.8 0.471053 -1.86325e-09
-16.2 0.471053 -3.47626e-10
-15.6 0.471053 2.71919e-09
-15 0.471053 6.8457e-09
-14.4 0.471053 1.07344e-08
-13.8 0.471053 1.25852e-08
-13.2 0.471053 1.08133e-08
-12.6 0.471053 4.926e-09
-12 0.471053 -3.8837e-09
-11.4 0.471053 -1.28383e-08
-10.8 0.471053 -1.85095e-08
-10.2 0.471053 -1.82976e-08
-9.6 0.471053 -1.18033e-08
-9 0.471053 -1.34283e-09
-8.4 0.471053 8.83842e-09
-7.8 0.471053 1.44738e-08
-7.2 0.471053 1.34563e-08
-6.6 0.471053 7.11142e-09
-6 0.471053 -3.23623e-10
-5.4 0.471053 -3.99612e-09
-4.8 0.471053 -1.37182e-09
-4.2 0.471053 5.9894e-09
-3.6 0.471053 1.32388e-08
-3 0.471053 1.55777e-08
-2.4 0.471053 1.22238e-08
-1.8 0.471053 8.10172e-09
-1.2 0.471053 1.12993e-08
-0.6 0.471053 2.71654e-08
0 0.471053 5.30077e-08
0.6 0.471053 7.79623e-08
1.2 0.471053 8.91046e-08
1.8 0.471053 7.95036e-08
2.4 0.471053 5.22633e-08
3 0.471053 1.82371e-08
3.6 0.471053 -1.02417e-08
4.2 0.471053 -2.53184e-08
4.8 0.471053 -2.61387e-08
5.4 0.471053 -1.7459e-08
6 0.471053 -6.06013e-09
6.6 0.471053 2.68297e-09
7.2 0.471053 6.50874e-09
7.8 0.471053 6.03155e-09
8.4 0.471053 3.34966e-09
9 0.471053 5.5586e-10
9.6 0.471053 -1.14262e-09
10.2 0.471053 -1.54842e-09
10.8 0.471053 -1.10455e-09
11.4 0.471053 -4.09525e-10
12 0.471053 1.15218e-10
12.6 0.471053 3.25877e-10
13.2 0.471053 2.86589e-10
13.8 0.471053 1.40326e-10
14.4 0.471053 6.59596e-12
15 0.471053 -6.06841e-11
15.6 0.471053 -6.50148e-11
16.2 0.471053 -3.69755e-11
16.8 0.471053 -6.47293e-12
17.4 0.471053 1.08527e-11
18 0.471053 1.37096e-11
18.6 0.471053 8.39966e-12
19.2 0.471053 1.86153e-12
19.8 0.471053 -2.03433e-12
20.4 0.471053 -2.78136e-12
21 0.471053 -1.71544e-12
21.6 0.471053 -3.66812e-13
22.2 0.471053 4.1957e-13
22.8 0.471053 5.4841e-13
23.4 0.471053 3.17865e-13
24 0.471053 4.98431e-14
24.6 0.471053 -9.24901e-14
25.2 0.471053 -1.03957e-13
25.8 0.471053 -5.26408e-14
26.4 0.471053 -2.29649e-15
27 0.471053 2.00158e-14
27.6 0.471053 1.82771e-14
28.2 0.471053 7.88933e-15
28.8 0.471053 5.21391e-16
29.4 0.471053 -8.85267e-16
30 0.471053 -1.21095e-44
-30 0.523684 -5.01015e-44
-29.4 0.523684 -3.03639e-13
-28.8 0.523684 -9.60528e-13
-28.2 0.523684 -1.37741e-12
-27.6 0.523684 -7.60779e-13
-27 0.523684 1.50515e-12
-26.4 0.523684 5.12165e-12
-25.8 0.523684 8.09913e-12
-25.2 0.523684 6.6861e-12
-24.6 0.523684 -3.10828e-12
-24 0.523684 -2.20373e-11
-23.4 0.523684 -4.32239e-11
-22.8 0.523684 -4.97972e-11
-22.2 0.523684 -1.87762e-11
-21.6 0.523684 6.56673e-11
-21 0.523684 1.912e-10
-20.4 0.523684 2.98154e-10
-19.8 0.523684 2.79305e-10
-19.2 0.523684 1.63512e-11
-18.6 0.523684 -5.41707e-10
-18 0.523684 -1.28013e-09
-17.4 0.523684 -1.8538e-09
-16.8 0.523684 -1.727e-09
-16.2 0.523684 -3.65543e-10
-15.6 0.523684 2.44335e-09
-15 0.523684 6.27112e-09
-14.4 0.523684 9.93129e-09
-13.8 0.523684 1.17446e-08
-13.2 0.523684 1.02002e-08
-12.6 0.523684 4.78213e-09
-12 0.523684 -3.44985e-09
-11.4 0.523684 -1.19208e-08
-10.8 0.523684 -1.73896e-08
-10.2 0.523684 -1.73366e-08
-9.6 0.523684 -1.12868e-08
-9 0.523684 -1.35551e-09
-8.4 0.523684 8.43477e-09
-7.8 0.523684 1.39406e-08
-7.2 0.523684 1.30138e-08
-6.6 0.523684 6.8159e-09
-6 0.523684 -5.74862e-10
-5.4 0.523684 -4.33458e-09
-4.8 0.523684 -1.80739e-09
-4.2 0.523684 5.59709e-09
-3.6 0.523684 1.30184e-08
-3 0.523684 1.53749e-08
-2.4 0.523684 1.14227e-08
-1.8 0.523684 5.7312e-09
-1.2 0.523684 6.44893e-09
-0.6 0.523684 1.95189e-08
0 0.523684 4.31789e-08
0.6 0.523684 6.74049e-08
1.2 0.523684 7.96092e-08
1.8 0.523684 7.25381e-08
2.4 0.523684 4.8486e-08
3 0.523684 1.73885e-08
3.6 0.523684 -9.08112e-09
4.2 0.523684 -2.32867e-08
4.8 0.523684 -2.41887e-08
5.4 0.523684 -1.61389e-08
6 0.523684 -5.50193e-09
6.6 0.523684 2.63657e-09
7.2 0.523684 6.13593e-09
7.8 0.523684 5.59488e-09
8.4 0.523684 3.02146e-09
9 0.523684 4.01572e-10
9.6 0.523684 -1.14249e-09
10.2 0.523684 -1.45885e-09
10.8 0.523684 -9.9653e-10
11.4 0.523684 -3.32369e-10
12 0.523684 1.44148e-10
12.6 0.523684 3.157e-10
13.2 0.523684 2.58796e-10
13.8 0.523684 1.14738e-10
14.4 0.523684 -6.5633e-12
15 0.523684 -6.12807e-11
15.6 0.523684 -5.86856e-11
16.2 0.523684 -2.99544e-11
16.8 0.523684 -2.38773e-12
17.4 0.523684 1.15028e-11
18 0.523684 1.23199e-11
18.6 0.523684 6.67184e-12
19.2 0.523684 8.1648e-13
19.8 0.523684 -2.22847e-12
20.4 0.523684 -2.46824e-12
21 0.523684 -1.31858e-12
21.6 0.523684 -1.32942e-13
22.2 0.523684 4.5651e-13
22.8 0.523684 4.74518e-13
23.4 0.523684 2.31536e-13
24 0.523684 3.45047e-15
24.6 0.523684 -9.59959e-14
25.2 0.523684 -8.62153e-14
25.8 0.523684 -3.49667e-14
26.4 0.523684 5.73981e-15
27 0.523684 1.94113e-14
27.6 0.523684 1.41951e-14
28.2 0.523684 4.41995e-15
28.8 0.523684 -1.04815e-15
29.4 0.523684 -1.18522e-15
30 0.523684 -9.83873e-45
-30 0.576316 7.37139e-44
-29.4 0.576316 -2.4917e-13
-28.8 0.576316 -8.19982e-13
-28.2 0.576316 -1.24441e-12
-27.6 0.576316 -8.26822e-13
-27 0.576316 1.04771e-12
-26.4 0.576316 4.24841e-12
-25.8 0.576316 7.14022e-12
-25.2 0.576316 6.40483e-12
-24.6 0.576316 -1.70985e-12
-24 0.576316 -1.82997e-11
-23.4 0.576316 -3.77238e-11
-22.8 0.576316 -4.51663e-11
-22.2 0.576316 -1.97349e-11
-21.6 0.576316 5.38652e-11
-21 0.576316 1.66277e-10
-20.4 0.576316 2.6549e-10
-19.8 0.576316 2.55376e-10
-19.2 0.576316 2.72773e-11
-18.6 0.576316 -4.69717e-10
-18 0.576316 -1.13841e-09
-17.4 0.576316 -1.67124e-09
-16.8 0.576316 -1.58103e-09
-16.2 0.576316 -3.71316e-10
-15.6 0.576316 2.17208e-09
-15 0.576316 5.68111e-09
-14.4 0.576316 9.08436e-09
-13.8 0.576316 1.08348e-08
-13.2 0.576316 9.51026e-09
-12.6 0.576316 4.58342e-09
-12 0.576316 -3.01848e-09
-11.4 0.576316 -1.0938e-08
-10.8 0.576316 -1.61486e-08
-10.2 0.576316 -1.62403e-08
-9.6 0.576316 -1.06781e-08
-9 0.576316 -1.36549e-09
-8.4 0.576316 7.93718e-09
-7.8 0.576316 1.32611e-08
-7.2 0.576316 1.24512e-08
-6.6 0.576316 6.49596e-09
-6 0.576316 -7.44084e-10
-5.4 0.576316 -4.55297e-09
-4.8 0.576316 -2.20082e-09
-4.2 0.576316 5.08177e-09
-3.6 0.576316 1.25301e-08
-3 0.576316 1.4912e-08
-2.4 0.576316 1.0596e-08
-1.8 0.576316 3.74921e-09
-1.2 0.576316 2.42167e-09
-0.6 0.576316 1.29578e-08
0 0.576316 3.44064e-08
0.6 0.576316 5.7604e-08
1.2 0.576316 7.04451e-08
1.8 0.576316 6.55388e-08
2.4 0.576316 4.44953e-08
3 0.576316 1.63436e-08
3.6 0.576316 -7.98897e-09
4.2 0.576316 -2.11987e-08
4.8 0.576316 -2.21345e-08
5.4 0.576316 -1.4748e-08
6 0.576316 -4.94171e-09
6.6 0.576316 2.54102e-09
7.2 0.576316 5.70619e-09
7.8 0.576316 5.1285e-09
8.4 0.576316 2.69916e-09
9 0.576316 2.74357e-10
9.6 0.576316 -1.11538e-09
10.2 0.576316 -1.35614e-09
10.8 0.576316 -8.90501e-10
11.4 0.576316 -2.65285e-10
12 0.576316 1.63256e-10
12.6 0.576316 3.00645e-10
13.2 0.576316 2.31248e-10
13.8 0.576316 9.20766e-11
14.4 0.576316 -1.67555e-11
15 0.576316 -6.03007e-11
15.6 0.576316 -5.22571e-11
16.2 0.576316 -2.36506e-11
16.8 0.576316 8.95152e-13
17.4 0.576316 1.16854e-11
18 0.576316 1.08568e-11
18.6 0.576316 5.10831e-12
19.2 0.576316 -2.11957e-14
19.8 0.576316 -2.29392e-12
20.4 0.576316 -2.12982e-12
21 0.576316 -9.61543e-13
21.6 0.576316 4.829e-14
22.2 0.576316 4.61252e-13
22.8 0.576316 3.95247e-13
23.4 0.576316 1.55883e-13
24 0.576316 -3.0056e-14
24.6 0.576316 -9.24331e-14
25.2 0.576316 -6.80212e-14
25.8 0.576316 -2.02441e-14
26.4 0.576316 1.08342e-14
27 0.576316 1.75005e-14
27.6 0.576316 1.03068e-14
28.2 0.576316 1.74322e-15
28.8 0.576316 -1.98862e-15
29.4 0.576316 -1.27408e-15
30 0.576316 -7.41487e-45
-30 0.628947 1.64289e-43
-29.4 0.628947 -2.00391e-13
-28.8 0.628947 -6.88414e-13
-28.2 0.628947 -1.10424e-12
-27.6 0.628947 -8.46239e-13
-27 0.628947 6.81908e-13
-26.4 0.628947 3.47826e-12
-25.8 0.628947 6.21764e-12
-25.2 0.628947 5.99726e-12
-24.6 0.628947 -6.49489e-13
-24 0.628947 -1.50329e-11
-23.4 0.628947 -3.25735e-11
-22.8 0.628947 -4.03901e-11
-22.2 0.628947 -1.97539e-11
-21.6 0.628947 4.37318e-11
-21 0.628947 1.43096e-10
-20.4 0.628947 2.33466e-10
-19.8 0.628947 2.29826e-10
-19.2 0.628947 3.40708e-11
-18.6 0.628947 -4.02921e-10
-18 0.628947 -9.99827e-10
-17.4 0.628947 -1.48636e-09
-16.8 0.628947 -1.42622e-09
-16.2 0.628947 -3.6547e-10
-15.6 0.628947 1.90588e-09
-15 0.628947 5.07749e-09
-14.4 0.628947 8.19625e-09
-13.8 0.628947 9.85777e-09
-13.2 0.628947 8.74356e-09
-12.6 0.628947 4.32723e-09
-12 0.628947 -2.59428e-09
-11.4 0.628947 -9.89409e-09
-10.8 0.628947 -1.47875e-08
-10.2 0.628947 -1.50047e-08
-9.6 0.628947 -9.96974e-09
-9 0.628947 -1.36591e-09
-8.4 0.628947 7.34684e-09
-7.8 0.628947 1.24281e-08
-7.2 0.628947 1.17557e-08
-6.6 0.628947 6.13983e-09
-6 0.628947 -8.34171e-10
-5.4 0.628947 -4.6413e-09
-4.8 0.628947 -2.53171e-09
-4.2 0.628947 4.46687e-09
-3.6 0.628947 1.17922e-08
-3 0.628947 1.41974e-08
-2.4 0.628947 9.74106e-09
-1.8 0.628947 2.14462e-09
-1.2 0.628947 -7.99298e-10
-0.6 0.628947 7.46255e-09
0 0.628947 2.66714e-08
0.6 0.628947 4.85452e-08
1.2 0.628947 6.16056e-08
1.8 0.628947 5.85065e-08
2.4 0.628947 4.02964e-08
3 0.628947 1.51069e-08
3.6 0.628947 -6.96439e-09
4.2 0.628947 -1.9057e-08
4.8 0.628947 -1.99795e-08
5.4 0.628947 -1.32875e-08
6 0.628947 -4.37771e-09
6.6 0.628947 2.39946e-09
7.2 0.628947 5.22187e-09
7.8 0.628947 4.63276e-09
8.4 0.628947 2.3815e-09
9 0.628947 1.72548e-10
9.6 0.628947 -1.06238e-09
10.2 0.628947 -1.2405e-09
10.8 0.628947 -7.86185e-10
11.4 0.628947 -2.0792e-10
12 0.628947 1.72772e-10
12.6 0.628947 2.80839e-10
13.2 0.628947 2.04032e-10
13.8 0.628947 7.23976e-11
14.4 0.628947 -2.39915e-11
15 0.628947 -5.7829e-11
15.6 0.628947 -4.58401e-11
16.2 0.628947 -1.81364e-11
16.8 0.628947 3.37294e-12
17.4 0.628947 1.14489e-11
18 0.628947 9.37613e-12
18.6 0.628947 3.73867e-12
19.2 0.628947 -6.54476e-13
19.8 0.628947 -2.25131e-12
20.4 0.628947 -1.78549e-12
21 0.628947 -6.52256e-13
21.6 0.628947 1.7963e-13
22.2 0.628947 4.40768e-13
22.8 0.628947 3.1594e-13
23.4 0.628947 9.24389e-14
24 0.628947 -5.1953e-14
24.6 0.628947 -8.37932e-14
25.2 0.628947 -5.06119e-14
25.8 0.628947 -8.64091e-15
26.4 0.628947 1.34395e-14
27 0.628947 1.47795e-14
27.6 0.628947 6.8444e-15
28.2 0.628947 -1.61589e-16
28.8 0.628947 -2.40621e-15
29.4 0.628947 -1.20536e-15
30 0.628947 -5.07659e-45
-30 0.681579 2.23133e-43
-29.4 0.681579 -1.57545e-13
-28.8 0.681579 -5.67078e-13
-28.2 0.681579 -9.6014e-13
-27.6 0.681579 -8.24947e-13
-27 0.681579 3.9962e-13
-26.4 0.681579 2.80386e-12
-25.8 0.681579 5.33146e-12
-25.2 0.681579 5.47974e-12
-24.6 0.681579 1.10407e-13
-24 0.681579 -1.21875e-11
-23.4 0.681579 -2.77425e-11
-22.8 0.681579 -3.55024e-11
-22.2 0.681579 -1.89604e-11
-21.6 0.681579 3.50736e-11
-21 0.681579 1.21501e-10
-20.4 0.681579 2.02109e-10
-19.8 0.681579 2.0295e-10
-19.2 0.681579 3.7219e-11
-18.6 0.681579 -3.40909e-10
-18 0.681579 -8.64387e-10
-17.4 0.681579 -1.29976e-09
-16.8 0.681579 -1.26348e-09
-16.2 0.681579 -3.48621e-10
-15.6 0.681579 1.64518e-09
-15 0.681579 4.46205e-09
-14.4 0.681579 7.26967e-09
-13.8 0.681579 8.81593e-09
-13.2 0.681579 7.90048e-09
-12.6 0.681579 4.0111e-09
-12 0.681579 -2.1819e-09
-11.4 0.681579 -8.79383e-09
-10.8 0.681579 -1.33081e-08
-10.2 0.681579 -1.36269e-08
-9.6 0.681579 -9.15437e-09
-9 0.681579 -1.34893e-09
-8.4 0.681579 6.66662e-09
-7.8 0.681579 1.14359e-08
-7.2 0.681579 1.0914e-08
-6.6 0.681579 5.73345e-09
-6 0.681579 -8.50601e-10
-5.4 0.681579 -4.59039e-09
-4.8 0.681579 -2.7777e-09
-4.2 0.681579 3.77913e-09
-3.6 0.681579 1.08249e-08
-3 0.681579 1.32377e-08
-2.4 0.681579 8.85175e-09
-1.8 0.681579 9.0334e-10
-1.2 0.681579 -3.23085e-09
-0.6 0.681579 3.0161e-09
0 0.681579 1.99573e-08
0.6 0.681579 4.02142e-08
1.2 0.681579 5.30811e-08
1.8 0.681579 5.14392e-08
2.4 0.681579 3.58936e-08
3 0.681579 1.36849e-08
3.6 0.681579 -6.00373e-09
4.2 0.681579 -1.68628e-08
4.8 0.681579 -1.77276e-08
5.4 0.681579 -1.17605e-08
6 0.681579 -3.8098e-09
6.6 0.681579 2.21485e-09
7.2 0.681579 4.68635e-09
7.8 0.681579 4.10924e-09
8.4 0.681579 2.06772e-09
9 0.681579 9.41482e-11
9.6 0.681579 -9.85217e-10
10.2 0.681579 -1.11261e-09
10.8 0.681579 -6.83308e-10
11.4 0.681579 -1.59642e-10
12 0.681579 1.73198e-10
12.6 0.681579 2.565e-10
13.2 0.681579 1.77166e-10
13.8 0.681579 5.56352e-11
14.4 0.681579 -2.83563e-11
15 0.681579 -5.3952e-11
15.6 0.681579 -3.95069e-11
16.2 0.681579 -1.34472e-11
16.8 0.681579 5.05729e-12
17.4 0.681579 1.08364e-11
18 0.681579 7.92175e-12
18.6 0.681579 2.5838e-12
19.2 0.681579 -1.08896e-12
19.8 0.681579 -2.11974e-12
20.4 0.681579 -1.45182e-12
21 0.681579 -3.96557e-13
21.6 0.681579 2.64604e-13
22.2 0.681579 4.0176e-13
22.8 0.681579 2.41219e-13
23.4 0.681579 4.21018e-14
24 0.681579 -6.37831e-14
24.6 0.681579 -7.19846e-14
25.2 0.681579 -3.49865e-14
25.8 0.681579 -1.3007e-16
26.4 0.681579 1.40699e-14
27 0.681579 1.16991e-14
27.6 0.681579 3.96358e-15
28.2 0.681579 -1.36774e-15
28.8 0.681579 -2.42516e-15
29.4 0.681579 -1.03388e-15
30 0.681579 -3.00977e-45
-30 0.734211 2.52204e-43
-29.4 0.734211 -1.20655e-13
-28.8 0.734211 -4.56641e-13
-28.2 0.734211 -8.14616e-13
-27.6 0.734211 -7.68419e-13
-27 0.734211 1.92478e-13
-26.4 0.734211 2.21672e-12
-25.8 0.734211 4.47974e-12
-25.2 0.734211 4.86639e-12
-24.6 0.734211 6.0653e-13
-24 0.734211 -9.71116e-12
-23.4 0.734211 -2.31931e-11
-22.8 0.734211 -3.05272e-11
-22.2 0.734211 -1.74775e-11
-21.6 0.734211 2.76868e-11
-21 0.734211 1.0131e-10
-20.4 0.734211 1.71415e-10
-19.8 0.734211 1.75036e-10
-19.2 0.734211 3.72396e-11
-18.6 0.734211 -2.83209e-10
-18 0.734211 -7.32038e-10
-17.4 0.734211 -1.112e-09
-16.8 0.734211 -1.09378e-09
-16.2 0.734211 -3.21484e-10
-15.6 0.734211 1.39031e-09
-15 0.734211 3.83659e-09
-14.4 0.734211 6.30738e-09
-13.8 0.734211 7.71171e-09
-13.2 0.734211 6.98164e-09
-12.6 0.734211 3.63286e-09
-12 0.734211 -1.78588e-09
-11.4 0.734211 -7.64211e-09
-10.8 0.734211 -1.17127e-08
-10.2 0.734211 -1.21043e-08
-9.6 0.734211 -8.22476e-09
-9 0.734211 -1.30578e-09
-8.4 0.734211 5.90123e-09
-7.8 0.734211 1.02801e-08
-7.2 0.734211 9.91239e-09
-6.6 0.734211 5.26043e-09
-6 0.734211 -8.01743e-10
-5.4 0.734211 -4.39208e-09
-4.8 0.734211 -2.91439e-09
-4.2 0.734211 3.04896e-09
-3.6 0.734211 9.65057e-09
-3 0.734211 1.20388e-08
-2.4 0.734211 7.91817e-09
-1.8 0.734211 8.10425e-12
-1.2 0.734211 -4.88995e-09
-0.6 0.734211 -3.96191e-10
0 0.734211 1.42499e-08
0.6 0.734211 3.25959e-08
1.2 0.734211 4.48592e-08
1.8 0.734211 4.43316e-08
2.4 0.734211 3.12903e-08
3 0.734211 1.20857e-08
3.6 0.734211 -5.10057e-09
4.2 0.734211 -1.46157e-08
4.8 0.734211 -1.53836e-08
5.4 0.734211 -1.01721e-08
6 0.734211 -3.23927e-09
6.6 0.734211 1.99018e-09
7.2 0.734211 4.10405e-09
7.8 0.734211 3.56057e-09
8.4 0.734211 1.75745e-09
9 0.734211 3.68349e-11
9.6 0.734211 -8.86216e-10
10.2 0.734211 -9.73513e-10
10.8 0.734211 -5.81605e-10
11.4 0.734211 -1.19591e-10
12 0.734211 1.65269e-10
12.6 0.734211 2.27939e-10
13.2 0.734211 1.50614e-10
13.8 0.734211 4.1618e-11
14.4 0.734211 -3.00102e-11
15 0.734211 -4.87684e-11
15.6 0.734211 -3.3298e-11
16.2 0.734211 -9.58063e-12
16.8 0.734211 5.9788e-12
17.4 0.734211 9.88867e-12
18 0.734211 6.52503e-12
18.6 0.734211 1.65391e-12
19.2 0.734211 -1.3339e-12
19.8 0.734211 -1.91633e-12
20.4 0.734211 -1.14169e-12
21 0.734211 -1.97705e-13
21.6 0.734211 3.07379e-13
22.2 0.734211 3.50262e-13
22.8 0.734211 1.74727e-13
23.4 0.734211 5.14327e-15
24 0.734211 -6.72121e-14
24.6 0.734211 -5.87117e-14
25.2 0.734211 -2.1877e-14
25.8 0.734211 5.47177e-15
26.4 0.734211 1.32531e-14
27 0.734211 8.64216e-15
27.6 0.734211 1.748e-15
28.2 0.734211 -1.9843e-15
28.8 0.734211 -2.17421e-15
29.4 0.734211 -8.11099e-16
30 0.734211 -1.34298e-45
-30 0.786842 2.54163e-43
-29.4 0.786842 -8.9499e-14
-28.8 0.786842 -3.57146e-13
-28.2 0.786842 -6.69528e-13
-27.6 0.786842 -6.81936e-13
-27 0.786842 5.16267e-14
-26.4 0.786842 1.70735e-12
-25.8 0.786842 3.65935e-12
-25.2 0.786842 4.17009e-12
-24.6 0.786842 8.74677e-13
-24 0.786842 -7.55094e-12
-23.4 0.786842 -1.88826e-11
-22.8 0.786842 -2.54802e-11
-22.2 0.786842 -1.54212e-11
-21.6 0.786842 2.13635e-11
-21 0.786842 8.2319e-11
-20.4 0.786842 1.41352e-10
-19.8 0.786842 1.46354e-10
-19.2 0.786842 3.46714e-11
-18.6 0.786842 -2.29289e-10
-18 0.786842 -6.0266e-10
-17.4 0.786842 -9.23634e-10
-16.8 0.786842 -9.18152e-10
-16.2 0.786842 -2.84882e-10
-15.6 0.786842 1.14153e-09
-15 0.786842 3.20284e-09
-14.4 0.786842 5.31222e-09
-13.8 0.786842 6.54776e-09
-13.2 0.786842 5.98789e-09
-12.6 0.786842 3.19054e-09
-12 0.786842 -1.41069e-09
-11.4 0.786842 -6.44409e-09
-10.8 0.786842 -1.00044e-08
-10.2 0.786842 -1.04355e-08
-9.6 0.786842 -7.17409e-09
-9 0.786842 -1.22697e-09
-8.4 0.786842 5.05715e-09
-7.8 0.786842 8.95816e-09
-7.2 0.786842 8.73736e-09
-6.6 0.786842 4.70209e-09
-6 0.786842 -6.99265e-10
-5.4 0.786842 -4.03976e-09
-4.8 0.786842 -2.9155e-09
-4.2 0.786842 2.31092e-09
-3.6 0.786842 8.29449e-09
-3 0.786842 1.0605e-08
-2.4 0.786842 6.92609e-09
-1.8 0.786842 -5.62021e-10
-1.2 0.786842 -5.7936e-09
-0.6 0.786842 -2.78598e-09
0 0.786842 9.53702e-09
0.6 0.786842 2.56742e-08
1.2 0.786842 3.69235e-08
1.8 0.786842 3.7175e-08
2.4 0.786842 2.649e-08
3 0.786842 1.03206e-08
3.6 0.786842 -4.24552e-09
4.2 0.786842 -1.23147e-08
4.8 0.786842 -1.29537e-08
5.4 0.786842 -8.52945e-09
6 0.786842 -2.66851e-09
6.6 0.786842 1.72872e-09
7.2 0.786842 3.48044e-09
7.8 0.786842 2.99024e-09
8.4 0.786842 1.45048e-09
9 0.786842 -2.05206e-12
9.6 0.786842 -7.68152e-10
10.2 0.786842 -8.24532e-10
10.8 0.786842 -4.8081e-10
11.4 0.786842 -8.67405e-11
12 0.786842 1.49902e-10
12.6 0.786842 1.95556e-10
13.2 0.786842 1.24319e-10
13.8 0.786842 3.00907e-11
14.4 0.786842 -2.91859e-11
15 0.786842 -4.2398e-11
15.6 0.786842 -2.72306e-11
16.2 0.786842 -6.4976e-12
16.8 0.786842 6.19027e-12
17.4 0.786842 8.64669e-12
18 0.786842 5.20498e-12
18.6 0.786842 9.47208e-13
19.2 0.786842 -1.40319e-12
19.8 0.786842 -1.65617e-12
20.4 0.786842 -8.63601e-13
21 0.786842 -5.59296e-14
21.6 0.786842 3.12717e-13
22.2 0.786842 2.91339e-13
22.8 0.786842 1.18906e-13
23.4 0.786842 -1.88041e-14
24 0.786842 -6.39062e-14
24.6 0.786842 -4.53642e-14
25.2 0.786842 -1.17218e-14
25.8 0.786842 8.46634e-15
26.4 0.786842 1.14822e-14
27 0.786842 5.90187e-15
27.6 0.786842 2.16412e-16
28.2 0.786842 -2.13803e-15
28.8 0.786842 -1.77308e-15
29.4 0.786842 -5.80792e-16
30 0.786842 -1.46601e-46
-30 0.839474 2.32455e-43
-29.4 0.839474 -6.35915e-14
-28.8 0.839474 -2.68001e-13
-28.2 0.839474 -5.26127e-13
-27.6 0.839474 -5.70754e-13
-27 0.839474 -3.25042e-14
-26.4 0.839474 1.2653e-12
-25.8 0.839474 2.86654e-12
-25.2 0.839474 3.40353e-12
-24.6 0.839474 9.50265e-13
-24 0.839474 -5.65432e-12
-23.4 0.839474 -1.4767e-11
-22.8 0.839474 -2.03706e-11
-22.2 0.839474 -1.28985e-11
-21.6 0.839474 1.58987e-11
-21 0.839474 6.43102e-11
-20.4 0.839474 1.11852e-10
-19.8 0.839474 1.17145e-10
-19.2 0.839474 3.00617e-11
-18.6 0.839474 -1.78556e-10
-18 0.839474 -4.76051e-10
-17.4 0.839474 -7.35159e-10
-16.8 0.839474 -7.37672e-10
-16.2 0.839474 -2.39759e-10
-15.6 0.839474 8.98934e-10
-15 0.839474 2.56253e-09
-14.4 0.839474 4.28713e-09
-13.8 0.839474 5.32691e-09
-13.2 0.839474 4.9203e-09
-12.6 0.839474 2.68239e-09
-12 0.839474 -1.06071e-09
-11.4 0.839474 -5.20508e-09
-10.8 0.839474 -8.18684e-09
-10.2 0.839474 -8.61949e-09
-9.6 0.839474 -5.99603e-09
-9 0.839474 -1.10258e-09
-8.4 0.839474 4.1425e-09
-7.8 0.839474 7.46956e-09
-7.2 0.839474 7.37604e-09
-6.6 0.839474 4.03771e-09
-6 0.839474 -5.58639e-10
-5.4 0.839474 -3.52929e-09
-4.8 0.839474 -2.7531e-09
-4.2 0.839474 1.60446e-09
-3.6 0.839474 6.78582e-09
-3 0.839474 8.93997e-09
-2.4 0.839474 5.85614e-09
-1.8 0.839474 -8.32582e-10
-1.2 0.839474 -5.95879e-09
-0.6 0.839474 -4.16118e-09
0 0.839474 5.80957e-09
0.6 0.839474 1.94313e-08
1.2 0.839474 2.92524e-08
1.8 0.839474 2.99569e-08
2.4 0.839474 2.14963e-08
3 0.839474 8.40404e-09
3.6 0.839474 -3.42606e-09
4.2 0.839474 -9.95834e-09
4.8 0.839474 -1.04463e-08
5.4 0.839474 -6.84189e-09
6 0.839474 -2.1005e-09
6.6 0.839474 1.43451e-09
7.2 0.839474 2.82204e-09
7.8 0.839474 2.40226e-09
8.4 0.839474 1.14659e-09
9 0.839474 -2.54899e-11
9.6 0.839474 -6.34104e-10
10.2 0.839474 -6.6714e-10
10.8 0.839474 -3.80668e-10
11.4 0.839474 -5.99607e-11
12 0.839474 1.28148e-10
12.6 0.839474 1.59836e-10
13.2 0.839474 9.82206e-11
13.8 0.839474 2.0735e-11
14.4 0.839474 -2.61833e-11
15 0.839474 -3.49886e-11
15.6 0.839474 -2.1306e-11
16.2 0.839474 -4.12545e-12
16.8 0.839474 5.76801e-12
17.4 0.839474 7.15413e-12
18 0.839474 3.96932e-12
18.6 0.839474 4.49543e-13
19.2 0.839474 -1.31611e-12
19.8 0.839474 -1.35252e-12
20.4 0.839474 -6.2146e-13
21 0.839474 3.18297e-14
21.6 0.839474 2.85997e-13
22.2 0.839474 2.28915e-13
22.8 0.839474 7.48451e-14
23.4 0.839474 -3.07562e-14
24 0.839474 -5.5443e-14
24.6 0.839474 -3.29326e-14
25.2 0.839474 -4.64634e-15
25.8 0.839474 9.24016e-15
26.4 0.839474 9.17508e-15
27 0.839474 3.66548e-15
27.6 0.839474 -6.69123e-16
28.2 0.839474 -1.9564e-15
28.8 0.839474 -1.32041e-15
29.4 0.839474 -3.7533e-16
30 0.839474 5.65399e-46
-30 0.892105 1.91213e-43
-29.4 0.892105 -4.21993e-14
-28.8 0.892105 -1.87995e-13
-28.2 0.892105 -3.85079e-13
-27.6 0.892105 -4.40158e-13
-27 0.892105 -7.03385e-14
-26.4 0.892105 8.78972e-13
-25.8 0.892105 2.0972e-12
-25.2 0.892105 2.5801e-12
-24.6 0.892105 8.6932e-13
-24 0.892105 -3.96974e-12
-23.4 0.892105 -1.08039e-11
-22.8 0.892105 -1.52056e-11
-22.2 0.892105 -1.00065e-11
-21.6 0.892105 1.10973e-11
-21 0.892105 4.70584e-11
-20.4 0.892105 8.28141e-11
-19.8 0.892105 8.76079e-11
-19.2 0.892105 2.39486e-11
-18.6 0.892105 -1.30361e-10
-18 0.892105 -3.51904e-10
-17.4 0.892105 -5.47013e-10
-16.8 0.892105 -5.53447e-10
-16.2 0.892105 -1.87203e-10
-15.6 0.892105 6.62492e-10
-15 0.892105 1.91732e-09
-14.4 0.892105 3.23516e-09
-13.8 0.892105 4.05225e-09
-13.2 0.892105 3.78022e-09
-12.6 0.892105 2.10681e-09
-12 0.892105 -7.40303e-10
-11.4 0.892105 -3.93057e-09
-10.8 0.892105 -6.2639e-09
-10.2 0.892105 -6.65615e-09
-9.6 0.892105 -4.68482e-09
-9 0.892105 -9.22644e-10
-8.4 0.892105 3.16671e-09
-7.8 0.892105 5.81597e-09
-7.2 0.892105 5.81703e-09
-6.6 0.892105 3.24521e-09
-6 0.892105 -3.99594e-10
-5.4 0.892105 -2.86035e-09
-4.8 0.892105 -2.3985e-09
-4.2 0.892105 9.7481e-10
-3.6 0.892105 5.15944e-09
-3 0.892105 7.04682e-09
-2.4 0.892105 4.68239e-09
-1.8 0.892105 -8.3549e-10
-1.2 0.892105 -5.40251e-09
-0.6 0.892105 -4.52449e-09
0 0.892105 3.06175e-09
0.6 0.892105 1.38461e-08
1.2 0.892105 2.18172e-08
1.8 0.892105 2.26605e-08
2.4 0.892105 1.6315e-08
3 0.892105 6.35608e-09
3.6 0.892105 -2.62642e-09
4.2 0.892105 -7.54625e-09
4.8 0.892105 -7.87259e-09
5.4 0.892105 -5.12063e-09
6 0.892105 -1.538e-09
6.6 0.892105 1.11284e-09
7.2 0.892105 2.13619e-09
7.8 0.892105 1.80078e-09
8.4 0.892105 8.45307e-10
9 0.892105 -3.66635e-11
9.6 0.892105 -4.87269e-10
10.2 0.892105 -5.02894e-10
10.8 0.892105 -2.80957e-10
11.4 0.892105 -3.80811e-11
12 0.892105 1.01157e-10
12.6 0.892105 1.21345e-10
13.2 0.892105 7.2275e-11
13.8 0.892105 1.31842e-11
14.4 0.892105 -2.13633e-11
15 0.892105 -2.67175e-11
15.6 0.892105 -1.55147e-11
16.2 0.892105 -2.36168e-12
16.8 0.892105 4.81116e-12
17.4 0.892105 5.45871e-12
18 0.892105 2.8159e-12
18.6 0.892105 1.34955e-13
19.2 0.892105 -1.09743e-12
19.8 0.892105 -1.01717e-12
20.4 0.892105 -4.14709e-13
21 0.892105 7.19465e-14
21.6 0.892105 2.33228e-13
22.2 0.892105 1.65735e-13
22.8 0.892105 4.22444e-14
23.4 0.892105 -3.23645e-14
24 0.892105 -4.32584e-14
24.6 0.892105 -2.19665e-14
25.2 0.892105 -4.61282e-16
25.8 0.892105 8.23719e-15
26.4 0.892105 6.64739e-15
27 0.892105 2.00618e-15
27.6 0.892105 -9.94279e-16
28.2 0.892105 -1.55406e-15
28.8 0.892105 -8.85082e-16
29.4 0.892105 -2.13265e-16
30 0.892105 8.31509e-46
-30 0.944737 1.35094e-43
-29.4 0.944737 -2.43789e-14
-28.8 0.944737 -1.15383e-13
-28.2 0.944737 -2.4651e-13
-27.6 0.944737 -2.95428e-13
-27 0.944737 -7.31057e-14
-26.4 0.944737 5.35626e-13
-25.8 0.944737 1.34679e-12
-25.2 0.944737 1.71426e-12
-24.6 0.944737 6.69515e-13
-24 0.944737 -2.44593e-12
-23.4 0.944737 -6.95394e-12
-22.8 0.944737 -9.99421e-12
-22.2 0.944737 -6.83606e-12
-21.6 0.944737 6.77975e-12
-21 0.944737 3.03459e-11
-20.4 0.944737 5.41145e-11
-19.8 0.944737 5.78856e-11
-19.2 0.944737 1.68349e-11
-18.6 0.944737 -8.40059e-11
-18 0.944737 -2.29791e-10
-17.4 0.944737 -3.59525e-10
-16.8 0.944737 -3.66612e-10
-16.2 0.944737 -1.28471e-10
-15.6 0.944737 4.31962e-10
-15 0.944737 1.26881e-09
-14.4 0.944737 2.1595e-09
-13.8 0.944737 2.72712e-09
-13.2 0.944737 2.56924e-09
-12.6 0.944737 1.46234e-09
-12 0.944737 -4.5388e-10
-11.4 0.944737 -2.62622e-09
-10.8 0.944737 -4.23983e-09
-10.2 0.944737 -4.54564e-09
-9.6 0.944737 -3.23517e-09
-9 0.944737 -6.77401e-10
-8.4 0.944737 2.13989e-09
-7.8 0.944737 4.00112e-09
-7.2 0.944737 4.05125e-09
-6.6 0.944737 2.30247e-09
-6 0.944737 -2.46034e-10
-5.4 0.944737 -2.03846e-09
-4.8 0.944737 -1.82419e-09
-4.2 0.944737 4.73889e-10
-3.6 0.944737 3.45914e-09
-3 0.944737 4.93007e-09
-2.4 0.944737 3.37017e-09
-1.8 0.944737 -6.12419e-10
-1.2 0.944737 -4.14205e-09
-0.6 0.944737 -3.87017e-09
0 0.944737 1.29285e-09
0.6 0.944737 8.8916e-09
1.2 0.944737 1.45783e-08
1.8 0.944737 1.5264e-08
2.4 0.944737 1.0957e-08
3 0.944737 4.20466e-09
3.6 0.944737 -1.8282e-09
4.2 0.944737 -5.08154e-09
4.8 0.944737 -5.24811e-09
5.4 0.944737 -3.37778e-09
6 0.944737 -9.82247e-10
6.6 0.944737 7.70382e-10
7.2 0.944737 1.43052e-09
7.8 0.944737 1.18956e-09
8.4 0.944737 5.45921e-10
9 0.944737 -3.87633e-11
9.6 0.944737 -3.30832e-10
10.2 0.944737 -3.33422e-10
10.8 0.944737 -1.81534e-10
11.4 0.944737 -1.99255e-11
12 0.944737 7.0157e-11
12.6 0.944737 8.07331e-11
13.2 0.944737 4.64566e-11
13.8 0.944737 7.03406e-12
14.4 0.944737 -1.51395e-11
15 0.944737 -1.77897e-11
15.6 0.944737 -9.8404e-12
16.2 0.944737 -1.07891e-12
16.8 0.944737 3.43905e-12
17.4 0.944737 3.61245e-12
18 0.944737 1.73449e-12
18.6 0.944737 -3.29145e-14
19.2 0.944737 -7.771e-13
19.8 0.944737 -6.60751e-13
20.4 0.944737 -2.38798e-13
21 0.944737 7.38426e-14
21.6 0.944737 1.61016e-13
22.2 0.944737 1.03438e-13
22.8 0.944737 1.94986e-14
23.4 0.944737 -2.58605e-14
24 0.944737 -2.86274e-14
24.6 0.944737 -1.25811e-14
25.2 0.944737 1.3155e-15
25.8 0.944737 5.93698e-15
26.4 0.944737 4.10244e-15
27 0.944737 8.86133e-16
27.6 0.944737 -8.82788e-16
28.2 0.944737 -1.02446e-15
28.8 0.944737 -5.0251e-16
29.4 0.944737 -9.86974e-17
30 0.944737 7.3587e-46
-30 0.997368 6.91264e-44
-29.4 0.997368 -9.02781e-15
-28.8 0.997368 -4.80044e-14
-28.2 0.997368 -1.10105e-13
-27.6 0.997368 -1.41789e-13
-27 0.997368 -5.26428e-14
-26.4 0.997368 2.21465e-13
-25.8 0.997368 6.10153e-13
-25.2 0.997368 8.21237e-13
-24.6 0.997368 3.90551e-13
-24 0.997368 -1.03052e-12
-23.4 0.997368 -3.18063e-12
-22.8 0.997368 -4.75077e-12
-22.2 0.997368 -3.47755e-12
-21.6 0.997368 2.78099e-12
-21 0.997368 1.39753e-11
-20.4 0.997368 2.56214e-11
-19.8 0.997368 2.80633e-11
-19.2 0.997368 9.15073e-12
-18.6 0.997368 -3.87843e-11
-18 0.997368 -1.09136e-10
-17.4 0.997368 -1.7285e-10
-16.8 0.997368 -1.78297e-10
-16.2 0.997368 -6.50424e-11
-15.6 0.997368 2.06837e-10
-15 0.997368 6.18529e-10
-14.4 0.997368 1.06355e-09
-13.8 0.997368 1.35518e-09
-13.2 0.997368 1.2892e-09
-12.6 0.997368 7.47633e-10
-12 0.997368 -2.05885e-10
-11.4 0.997368 -1.29791e-09
-10.8 0.997368 -2.1192e-09
-10.2 0.997368 -2.28844e-09
-9.6 0.997368 -1.64207e-09
-9 0.997368 -3.57315e-10
-8.4 0.997368 1.07227e-09
-7.8 0.997368 2.02995e-09
-7.2 0.997368 2.07215e-09
-6.6 0.997368 1.18921e-09
-6 0.997368 -1.24396e-10
-5.4 0.997368 -1.07668e-09
-4.8 0.997368 -1.00834e-09
-4.2 0.997368 1.59223e-10
-3.6 0.997368 1.7434e-09
-3 0.997368 2.60081e-09
-2.4 0.997368 1.87233e-09
-1.8 0.997368 -2.22315e-10
-1.2 0.997368 -2.19549e-09
-0.6 0.997368 -2.17825e-09
0 0.997368 5.11259e-10
0.6 0.997368 4.52959e-09
1.2 0.997368 7.47495e-09
1.8 0.997368 7.74067e-09
2.4 0.997368 5.44638e-09
3 0.997368 1.98951e-09
3.6 0.997368 -1.01474e-09
4.2 0.997368 -2.57503e-09
4.8 0.997368 -2.59188e-09
5.4 0.997368 -1.62387e-09
6 0.997368 -4.32013e-10
6.6 0.997368 4.14521e-10
7.2 0.997368 7.12076e-10
7.8 0.997368 5.7192e-10
8.4 0.997368 2.47731e-10
9 0.997368 -3.48129e-11
9.6 0.997368 -1.67944e-10
10.2 0.997368 -1.60452e-10
10.8 0.997368 -8.2346e-11
11.4 0.997368 -4.3146e-12
12 0.997368 3.64502e-11
12.6 0.997368 3.87136e-11
13.2 0.997368 2.07572e-11
13.8 0.997368 1.85095e-12
14.4 0.997368 -7.9665e-12
15 0.997368 -8.43221e-12
15.6 0.997368 -4.26194e-12
16.2 0.997368 -1.30481e-13
16.8 0.997368 1.78716e-12
17.4 0.997368 1.67121e-12
18 0.997368 7.08614e-13
18.6 0.997368 -9.87791e-14
19.2 0.997368 -3.89306e-13
19.8 0.997368 -2.93044e-13
20.4 0.997368 -8.5917e-14
21 0.997368 4.94569e-14
21.6 0.997368 7.6458e-14
22.2 0.997368 4.27333e-14
22.8 0.997368 3.90852e-15
23.4 0.997368 -1.39482e-14
24 0.997368 -1.2668e-14
24.6 0.997368 -4.51471e-15
25.2 0.997368 1.40888e-15
25.8 0.997368 2.83648e-15
26.4 0.997368 1.63874e-15
27 0.997368 1.72388e-16
27.6 0.997368 -4.85712e-16
28.2 0.997368 -4.37539e-16
28.8 0.997368 -1.76674e-16
29.4 0.997368 -2.27647e-17
30 0.997368 3.9806e-46
-30 1.05 0
-29.4 1.05 0
-28.8 1.05 0
-28.2 1.05 0
-27.6 1.05 0
-27 1.05 0
-26.4 1.05 0
-25.8 1.05 0
-25.2 1.05 0
-24.6 1.05 0
-24 1.05 0
-23.4 1.05 0
-22.8 1.05 0
-22.2 1.05 0
-21.6 1.05 0
-21 1.05 0
-20.4 1.05 0
-19.8 1.05 0
-19.2 1.05 0
-18.6 1.05 0
-18 1.05 0
-17.4 1.05 0
-16.8 1.05 0
-16.2 1.05 0
-15.6 1.05 0
-15 1.05 0
-14.4 1.05 0
-13.8 1.05 0
-13.2 1.05 0
-12.6 1.05 0
-12 1.05 0
-11.4 1.05 0
-10.8 1.05 0
-10.2 1.05 0
-9.6 1.05 0
-9 1.05 0
-8.4 1.05 0
-7.8 1.05 0
-7.2 1.05 0
-6.6 1.05 0
-6 1.05 0
-5.4 1.05 0
-4.8 1.05 0
-4.2 1.05 0
-3.6 1.05 0
-3 1.05 0
-2.4 1.05 0
-1.8 1.05 0
-1.2 1.05 0
-0.6 1.05 0
0 1.05 0
0.6 1.05 0
1.2 1.05 0
1.8 1.05 0
2.4 1.05 0
3 1.05 0
3.6 1.05 0
4.2 1.05 0
4.8 1.05 0
5.4 1.05 0
6 1.05 0
6.6 1.05 0
7.2 1.05 0
7.8 1.05 0
8.4 1.05 0
9 1.05 0
9.6 1.05 0
10.2 1.05 0
10.8 1.05 0
11.4 1.05 0
12 1.05 0
12.6 1.05 0
13.2 1.05 0
13.8 1.05 0
14.4 1.05 0
15 1.05 0
15.6 1.05 0
16.2 1.05 0
16.8 1.05 0
17.4 1.05 0
18 1.05 0
18.6 1.05 0
19.2 1.05 0
19.8 1.05 0
20.4 1.05 0
21 1.05 0
21.6 1.05 0
22.2 1.05 0
22.8 1.05 0
23.4 1.05 0
24 1.05 0
24.6 1.05 0
25.2 1.05 0
25.8 1.05 0
26.4 1.05 0
27 1.05 0
27.6 1.05 0
28.2 1.05 0
28.8 1.05 0
29.4 1.05 0
30 1.05 0
