-10 0.05 -0.000130626
-9.39394 0.05 0.000122298
-8.78788 0.05 0.000478027
-8.18182 0.05 0.000816772
-7.57576 0.05 0.000949652
-6.9697 0.05 0.00067051
-6.36364 0.05 -0.000155586
-5.75758 0.05 -0.00148958
-5.15152 0.05 -0.00304048
-4.54545 0.05 -0.0042571
-3.93939 0.05 -0.00442351
-3.33333 0.05 -0.0028621
-2.72727 0.05 0.000793355
-2.12121 0.05 0.00633315
-1.51515 0.05 0.0128233
-0.909091 0.05 0.0186976
-0.30303 0.05 0.0222034
0.30303 0.05 0.0221521
0.909091 0.05 0.0185591
1.51515 0.05 0.012637
2.12121 0.05 0.00614693
2.72727 0.05 0.000646498
3.33333 0.05 -0.00294948
3.93939 0.05 -0.00445204
4.54545 0.05 -0.00424233
5.15152 0.05 -0.003004
5.75758 0.05 -0.0014509
6.36364 0.05 -0.000127313
6.9697 0.05 0.000683828
7.57576 0.05 0.000949849
8.18182 0.05 0.000809043
8.78788 0.05 0.000467983
9.39394 0.05 0.00011401
10 0.05 -0.000135688
-10 0.100847 -0.000133799
-9.39394 0.100847 0.000105182
-8.78788 0.100847 0.000447069
-8.18182 0.100847 0.000778313
-7.57576 0.100847 0.000916471
-6.9697 0.100847 0.00065944
-6.36364 0.100847 -0.000128582
-5.75758 0.100847 -0.00141576
-5.15152 0.100847 -0.00292412
-4.54545 0.100847 -0.00411851
-3.93939 0.100847 -0.00429744
-3.33333 0.100847 -0.00279116
-2.72727 0.100847 0.000768882
-2.12121 0.100847 0.00618664
-1.51515 0.100847 0.0125506
-0.909091 0.100847 0.0183209
-0.30303 0.100847 0.0217678
0.30303 0.100847 0.0217166
0.909091 0.100847 0.0181827
1.51515 0.100847 0.0123654
2.12121 0.100847 0.0060025
2.72727 0.100847 0.000624687
3.33333 0.100847 -0.00287611
3.93939 0.100847 -0.0043245
4.54545 0.100847 -0.00410358
5.15152 0.100847 -0.00288856
5.75758 0.100847 -0.00137856
6.36364 0.100847 -0.000101764
6.9697 0.100847 0.000671742
7.57576 0.100847 0.000916246
8.18182 0.100847 0.000770674
8.78788 0.100847 0.000437417
9.39394 0.100847 9.73537e-05
10 0.100847 -0.000137566
-10 0.151695 -0.000136468
-9.39394 0.151695 8.89339e-05
-8.78788 0.151695 0.000417159
-8.18182 0.151695 0.000740779
-7.57576 0.151695 0.000883753
-6.9697 0.151695 0.000648093
-6.36364 0.151695 -0.000102708
-5.75758 0.151695 -0.00134383
-5.15152 0.151695 -0.00281012
-4.54545 0.151695 -0.0039823
-3.93939 0.151695 -0.00417331
-3.33333 0.151695 -0.00272139
-2.72727 0.151695 0.000744266
-2.12121 0.151695 0.00604105
-1.51515 0.151695 0.0122799
-0.909091 0.151695 0.0179468
-0.30303 0.151695 0.0213354
0.30303 0.151695 0.0212843
0.909091 0.151695 0.0178092
1.51515 0.151695 0.0120961
2.12121 0.151695 0.00585921
2.72727 0.151695 0.000602855
3.33333 0.151695 -0.00280387
3.93939 0.151695 -0.00419894
4.54545 0.151695 -0.00396724
5.15152 0.151695 -0.0027755
5.75758 0.151695 -0.0013081
6.36364 0.151695 -7.73135e-05
6.9697 0.151695 0.00065942
7.57576 0.151695 0.000883136
8.18182 0.151695 0.000733246
8.78788 0.151695 0.000407897
9.39394 0.151695 8.15533e-05
10 0.151695 -0.000138987
-10 0.202542 -0.000138646
-9.39394 0.202542 7.35401e-05
-8.78788 0.202542 0.000388286
-8.18182 0.202542 0.000704166
-7.57576 0.202542 0.000851498
-6.9697 0.202542 0.000636475
-6.36364 0.202542 -7.79564e-05
-5.75758 0.202542 -0.00127377
-5.15152 0.202542 -0.00269844
-4.54545 0.202542 -0.00384844
-3.93939 0.202542 -0.00405112
-3.33333 0.202542 -0.00265275
-2.72727 0.202542 0.000719527
-2.12121 0.202542 0.0058964
-1.51515 0.202542 0.012011
-0.909091 0.202542 0.0175754
-0.30303 0.202542 0.0209061
0.30303 0.202542 0.0208551
0.909091 0.202542 0.0174386
1.51515 0.202542 0.0118288
2.12121 0.202542 0.00571707
2.72727 0.202542 0.000581011
3.33333 0.202542 -0.00273274
3.93939 0.202542 -0.00407535
4.54545 0.202542 -0.00383329
5.15152 0.202542 -0.00266478
5.75758 0.202542 -0.0012395
6.36364 0.202542 -5.39508e-05
6.9697 0.202542 0.000646866
7.57576 0.202542 0.000850521
8.18182 0.202542 0.000696753
8.78788 0.202542 0.000379413
9.39394 0.202542 6.65937e-05
10 0.202542 -0.000139966
-10 0.25339 -0.00014035
-9.39394 0.25339 5.89857e-05
-8.78788 0.25339 0.00036044
-8.18182 0.25339 0.000668468
-7.57576 0.25339 0.000819706
-6.9697 0.25339 0.000624591
-6.36364 0.25339 -5.43179e-05
-5.75758 0.25339 -0.00120557
-5.15152 0.25339 -0.00258907
-4.54545 0.25339 -0.00371692
-3.93939 0.25339 -0.00393083
-3.33333 0.25339 -0.00258522
-2.72727 0.25339 0.000694681
-2.12121 0.25339 0.00575269
-1.51515 0.25339 0.011744
-0.909091 0.25339 0.0172067
-0.30303 0.25339 0.0204798
0.30303 0.25339 0.0204291
0.909091 0.25339 0.0170708
1.51515 0.25339 0.0115637
2.12121 0.25339 0.00557607
2.72727 0.25339 0.000559163
3.33333 0.25339 -0.00266272
3.93939 0.25339 -0.00395369
4.54545 0.25339 -0.00370172
5.15152 0.25339 -0.0025564
5.75758 0.25339 -0.00117275
6.36364 0.25339 -3.16665e-05
6.9697 0.25339 0.000634085
7.57576 0.25339 0.000818399
8.18182 0.25339 0.00066119
8.78788 0.25339 0.000351952
9.39394 0.25339 5.246e-05
10 0.25339 -0.000140517
-10 0.304237 -0.000141594
-9.39394 0.304237 4.52565e-05
-8.78788 0.304237 0.000333609
-8.18182 0.304237 0.000633681
-7.57576 0.304237 0.000788379
-6.9697 0.304237 0.000612446
-6.36364 0.304237 -3.17839e-05
-5.75758 0.304237 -0.00113923
-5.15152 0.304237 -0.002482
-4.54545 0.304237 -0.00358771
-3.93939 0.304237 -0.00381241
-3.33333 0.304237 -0.00251878
-2.72727 0.304237 0.000669749
-2.12121 0.304237 0.00560993
-1.51515 0.304237 0.0114789
-0.909091 0.304237 0.0168405
-0.30303 0.304237 0.0200565
0.30303 0.304237 0.0200062
0.909091 0.304237 0.0167057
1.51515 0.304237 0.0113008
2.12121 0.304237 0.00543619
2.72727 0.304237 0.000537321
3.33333 0.304237 -0.00259376
3.93939 0.304237 -0.00383395
4.54545 0.304237 -0.0035725
5.15152 0.304237 -0.00245032
5.75758 0.304237 -0.00110784
6.36364 0.304237 -1.04509e-05
6.9697 0.304237 0.000621084
7.57576 0.304237 0.000786772
8.18182 0.304237 0.00062655
8.78788 0.304237 0.000325504
9.39394 0.304237 3.91377e-05
10 0.304237 -0.000141418
-10 0.355085 -0.000142393
-9.39394 0.355085 3.23378e-05
-8.78788 0.355085 0.000307785
-8.18182 0.355085 0.000599801
-7.57576 0.355085 0.000757519
-6.9697 0.355085 0.000600046
-6.36364 0.355085 -1.03457e-05
-5.75758 0.355085 -0.00107473
-5.15152 0.355085 -0.00237721
-4.54545 0.355085 -0.00346079
-3.93939 0.355085 -0.00369586
-3.33333 0.355085 -0.0024534
-2.72727 0.355085 0.000644747
-2.12121 0.355085 0.00546812
-1.51515 0.355085 0.0112157
-0.909091 0.355085 0.0164768
-0.30303 0.355085 0.0196362
0.30303 0.355085 0.0195863
0.909091 0.355085 0.0163434
1.51515 0.355085 0.0110398
2.12121 0.355085 0.00529744
2.72727 0.355085 0.000515494
3.33333 0.355085 -0.00252587
3.93939 0.355085 -0.0037161
4.54545 0.355085 -0.00344561
5.15152 0.355085 -0.00234654
5.75758 0.355085 -0.00104475
6.36364 0.355085 9.70552e-06
6.9697 0.355085 0.000607867
7.57576 0.355085 0.00075564
8.18182 0.355085 0.000592828
8.78788 0.355085 0.000300057
9.39394 0.355085 2.66122e-05
10 0.355085 -0.000142319
-10 0.405932 -0.000142762
-9.39394 0.405932 2.02151e-05
-8.78788 0.405932 0.000282956
-8.18182 0.405932 0.000566824
-7.57576 0.405932 0.000727126
-6.9697 0.405932 0.000587398
-6.36364 0.405932 1.00052e-05
-5.75758 0.405932 -0.00101205
-5.15152 0.405932 -0.0022747
-4.54545 0.405932 -0.00333615
-3.93939 0.405932 -0.00358114
-3.33333 0.405932 -0.00238906
-2.72727 0.405932 0.000619695
-2.12121 0.405932 0.00532727
-1.51515 0.405932 0.0109543
-0.909091 0.405932 0.0161157
-0.30303 0.405932 0.0192188
0.30303 0.405932 0.0191694
0.909091 0.405932 0.0159838
1.51515 0.405932 0.010781
2.12121 0.405932 0.00515981
2.72727 0.405932 0.000493693
3.33333 0.405932 -0.00245901
3.93939 0.405932 -0.00360012
4.54545 0.405932 -0.00332102
5.15152 0.405932 -0.00224503
5.75758 0.405932 -0.000983464
6.36364 0.405932 2.88122e-05
6.9697 0.405932 0.00059444
7.57576 0.405932 0.000725004
8.18182 0.405932 0.00056002
8.78788 0.405932 0.000275602
9.39394 0.405932 1.48687e-05
10 0.405932 -0.000145311
-10 0.45678 -0.000142717
-9.39394 0.45678 8.87404e-06
-8.78788 0.45678 0.000259113
-8.18182 0.45678 0.000534746
-7.57576 0.45678 0.000697204
-6.9697 0.45678 0.000574507
-6.36364 0.45678 2.92773e-05
-5.75758 0.45678 -0.000951194
-5.15152 0.45678 -0.00217443
-4.54545 0.45678 -0.00321376
-3.93939 0.45678 -0.00346823
-3.33333 0.45678 -0.00232573
-2.72727 0.45678 0.000594612
-2.12121 0.45678 0.00518738
-1.51515 0.45678 0.0106948
-0.909091 0.45678 0.0157571
-0.30303 0.45678 0.0188043
0.30303 0.45678 0.0187554
0.909091 0.45678 0.0156269
1.51515 0.45678 0.0105241
2.12121 0.45678 0.00502329
2.72727 0.45678 0.000471927
3.33333 0.45678 -0.00239317
3.93939 0.45678 -0.00348599
4.54545 0.45678 -0.00319873
5.15152 0.45678 -0.00214579
5.75758 0.45678 -0.000923978
6.36364 0.45678 4.68784e-05
6.9697 0.45678 0.000580809
7.57576 0.45678 0.000694865
8.18182 0.45678 0.00052812
8.78788 0.45678 0.000252126
9.39394 0.45678 3.89252e-06
10 0.45678 -0.000138752
-10 0.507627 -0.000142272
-9.39394 0.507627 -1.70018e-06
-8.78788 0.507627 0.000236246
-8.18182 0.507627 0.000503564
-7.57576 0.507627 0.000667756
-6.9697 0.507627 0.00056138
-6.36364 0.507627 4.74792e-05
-5.75758 0.507627 -0.000892147
-5.15152 0.507627 -0.00207641
-4.54545 0.507627 -0.00309362
-3.93939 0.507627 -0.00335711
-3.33333 0.507627 -0.0022634
-2.72727 0.507627 0.000569515
-2.12121 0.507627 0.00504847
-1.51515 0.507627 0.010437
-0.909091 0.507627 0.0154009
-0.30303 0.507627 0.0183926
0.30303 0.507627 0.0183444
0.909091 0.507627 0.0152725
1.51515 0.507627 0.0102693
2.12121 0.507627 0.00488787
2.72727 0.507627 0.000450209
3.33333 0.507627 -0.00232833
3.93939 0.507627 -0.00337368
4.54545 0.507627 -0.00307871
5.15152 0.507627 -0.00204879
5.75758 0.507627 -0.000866277
6.36364 0.507627 6.39134e-05
6.9697 0.507627 0.000566982
7.57576 0.507627 0.000665225
8.18182 0.507627 0.000497126
8.78788 0.507627 0.000229621
9.39394 0.507627 -6.33095e-06
10 0.507627 -0.000137395
-10 0.558475 -0.000141444
-9.39394 0.558475 -1.15223e-05
-8.78788 0.558475 0.000214345
-8.18182 0.558475 0.000473274
-7.57576 0.558475 0.000638783
-6.9697 0.558475 0.000548024
-6.36364 0.558475 6.46195e-05
-5.75758 0.558475 -0.000834898
-5.15152 0.558475 -0.00198062
-4.54545 0.558475 -0.0029757
-3.93939 0.558475 -0.00324776
-3.33333 0.558475 -0.00220203
-2.72727 0.558475 0.000544425
-2.12121 0.558475 0.00491054
-1.51515 0.558475 0.0101811
-0.909091 0.558475 0.0150472
-0.30303 0.558475 0.0179837
0.30303 0.558475 0.0179361
0.909091 0.558475 0.0149208
1.51515 0.558475 0.0100164
2.12121 0.558475 0.00475356
2.72727 0.558475 0.000428548
3.33333 0.558475 -0.00226446
3.93939 0.558475 -0.00326318
4.54545 0.558475 -0.00296094
5.15152 0.558475 -0.00195402
5.75758 0.558475 -0.00081035
6.36364 0.558475 7.99263e-05
6.9697 0.558475 0.000552963
7.57576 0.558475 0.000636088
8.18182 0.558475 0.000467032
8.78788 0.558475 0.000208075
9.39394 0.558475 -1.58166e-05
10 0.558475 -0.000135703
-10 0.609322 -0.000140249
-9.39394 0.609322 -2.06071e-05
-8.78788 0.609322 0.0001934
-8.18182 0.609322 0.000443875
-7.57576 0.609322 0.000610291
-6.9697 0.609322 0.000534447
-6.36364 0.609322 8.07068e-05
-5.75758 0.609322 -0.00077944
-5.15152 0.609322 -0.00188705
-4.54545 0.609322 -0.00285998
-3.93939 0.609322 -0.00314016
-3.33333 0.609322 -0.00214161
-2.72727 0.609322 0.000519361
-2.12121 0.609322 0.00477359
-1.51515 0.609322 0.00992702
-0.909091 0.609322 0.0146959
-0.30303 0.609322 0.0175775
0.30303 0.609322 0.0175307
0.909091 0.609322 0.0145716
1.51515 0.609322 0.00976553
2.12121 0.609322 0.00462034
2.72727 0.609322 0.000406957
3.33333 0.609322 -0.00220156
3.93939 0.609322 -0.00315447
4.54545 0.609322 -0.0028454
5.15152 0.609322 -0.00186147
5.75758 0.609322 -0.000756187
6.36364 0.609322 9.49262e-05
6.9697 0.609322 0.00053876
7.57576 0.609322 0.000607454
8.18182 0.609322 0.000437836
8.78788 0.609322 0.000187478
9.39394 0.609322 -2.45792e-05
10 0.609322 -0.000133691
-10 0.660169 -0.000138702
-9.39394 0.660169 -2.89696e-05
-8.78788 0.660169 0.000173402
-8.18182 0.660169 0.000415365
-7.57576 0.660169 0.000582283
-6.9697 0.660169 0.000520655
-6.36364 0.660169 9.57497e-05
-5.75758 0.660169 -0.000725762
-5.15152 0.660169 -0.00179568
-4.54545 0.660169 -0.00274646
-3.93939 0.660169 -0.00303428
-3.33333 0.660169 -0.00208211
-2.72727 0.660169 0.000494343
-2.12121 0.660169 0.00463764
-1.51515 0.660169 0.00967471
-0.909091 0.660169 0.0143469
-0.30303 0.660169 0.0171741
0.30303 0.660169 0.017128
0.909091 0.660169 0.0142249
1.51515 0.660169 0.00951657
2.12121 0.660169 0.00448822
2.72727 0.660169 0.000385448
3.33333 0.660169 -0.00213959
3.93939 0.660169 -0.00304751
4.54545 0.660169 -0.00273208
5.15152 0.660169 -0.00177113
5.75758 0.660169 -0.000703776
6.36364 0.660169 0.000108922
6.9697 0.660169 0.000524381
7.57576 0.660169 0.000579328
8.18182 0.660169 0.000409534
8.78788 0.660169 0.00016782
9.39394 0.660169 -3.2634e-05
10 0.660169 -0.000131377
-10 0.711017 -0.00013682
-9.39394 0.711017 -3.66249e-05
-8.78788 0.711017 0.000154342
-8.18182 0.711017 0.00038774
-7.57576 0.711017 0.000554763
-6.9697 0.711017 0.000506658
-6.36364 0.711017 0.000109757
-5.75758 0.711017 -0.000673856
-5.15152 0.711017 -0.00170651
-4.54545 0.711017 -0.00263511
-3.93939 0.711017 -0.0029301
-3.33333 0.711017 -0.0020235
-2.72727 0.711017 0.000469391
-2.12121 0.711017 0.00450269
-1.51515 0.711017 0.00942418
-0.909091 0.711017 0.0140003
-0.30303 0.711017 0.0167733
0.30303 0.711017 0.0167281
0.909091 0.711017 0.0138806
1.51515 0.711017 0.00926952
2.12121 0.711017 0.0043572
2.72727 0.711017 0.000364033
3.33333 0.711017 -0.00207854
3.93939 0.711017 -0.0029423
4.54545 0.711017 -0.00262096
5.15152 0.711017 -0.00168297
5.75758 0.711017 -0.000653107
6.36364 0.711017 0.000121923
6.9697 0.711017 0.000509833
7.57576 0.711017 0.000551713
8.18182 0.711017 0.000382123
8.78788 0.711017 0.000149092
9.39394 0.711017 -3.99959e-05
10 0.711017 -0.000128776
-10 0.761864 -0.000134619
-9.39394 0.761864 -4.35886e-05
-8.78788 0.761864 0.000136209
-8.18182 0.761864 0.000361
-7.57576 0.761864 0.000527738
-6.9697 0.761864 0.000492463
-6.36364 0.761864 0.000122737
-5.75758 0.761864 -0.000623714
-5.15152 0.761864 -0.00161953
-4.54545 0.761864 -0.00252592
-3.93939 0.761864 -0.00282761
-3.33333 0.761864 -0.00196577
-2.72727 0.761864 0.000444525
-2.12121 0.761864 0.00436875
-1.51515 0.761864 0.00917543
-0.909091 0.761864 0.013656
-0.30303 0.761864 0.0163751
0.30303 0.761864 0.0163308
0.909091 0.761864 0.0135388
1.51515 0.761864 0.00902437
2.12121 0.761864 0.00422727
2.72727 0.761864 0.000342727
3.33333 0.761864 -0.00201838
3.93939 0.761864 -0.00283881
4.54545 0.761864 -0.00251202
5.15152 0.761864 -0.001597
5.75758 0.761864 -0.000604172
6.36364 0.761864 0.000133939
6.9697 0.761864 0.000495123
7.57576 0.761864 0.000524613
8.18182 0.761864 0.000355602
8.78788 0.761864 0.000131283
9.39394 0.761864 -4.66803e-05
10 0.761864 -0.000129086
-10 0.812712 -0.000132116
-9.39394 0.812712 -4.9876e-05
-8.78788 0.812712 0.000118994
-8.18182 0.812712 0.000335143
-7.57576 0.812712 0.000501212
-6.9697 0.812712 0.00047808
-6.36364 0.812712 0.0001347
-5.75758 0.812712 -0.000575328
-5.15152 0.812712 -0.00153472
-4.54545 0.812712 -0.00241888
-3.93939 0.812712 -0.00272679
-3.33333 0.812712 -0.00190889
-2.72727 0.812712 0.000419767
-2.12121 0.812712 0.00423584
-1.51515 0.812712 0.00892844
-0.909091 0.812712 0.013314
-0.30303 0.812712 0.0159795
0.30303 0.812712 0.0159361
0.909091 0.812712 0.0131993
1.51515 0.812712 0.0087811
2.12121 0.812712 0.00409843
2.72727 0.812712 0.000321544
3.33333 0.812712 -0.00195911
3.93939 0.812712 -0.00273702
4.54545 0.812712 -0.00240525
5.15152 0.812712 -0.0015132
5.75758 0.812712 -0.000556961
6.36364 0.812712 0.000144977
6.9697 0.812712 0.000480261
7.57576 0.812712 0.000498034
8.18182 0.812712 0.000329967
8.78788 0.812712 0.000114382
9.39394 0.812712 -5.27028e-05
10 0.812712 -0.000129396
-10 0.863559 -0.000129328
-9.39394 0.863559 -5.55032e-05
-8.78788 0.863559 0.000102687
-8.18182 0.863559 0.000310169
-7.57576 0.863559 0.000475192
-6.9697 0.863559 0.000463518
-6.36364 0.863559 0.000145654
-5.75758 0.863559 -0.000528691
-5.15152 0.863559 -0.00145209
-4.54545 0.863559 -0.00231399
-3.93939 0.863559 -0.00262761
-3.33333 0.863559 -0.00185284
-2.72727 0.863559 0.000395137
-2.12121 0.863559 0.00410395
-1.51515 0.863559 0.00868321
-0.909091 0.863559 0.0129743
-0.30303 0.863559 0.0155864
0.30303 0.863559 0.0155439
0.909091 0.863559 0.0128623
1.51515 0.863559 0.00853967
2.12121 0.863559 0.00397069
2.72727 0.863559 0.000300497
3.33333 0.863559 -0.00190069
3.93939 0.863559 -0.00263692
4.54545 0.863559 -0.00230065
5.15152 0.863559 -0.00143156
5.75758 0.863559 -0.000511466
6.36364 0.863559 0.000155048
6.9697 0.863559 0.000465255
7.57576 0.863559 0.00047198
8.18182 0.863559 0.000305217
8.78788 0.863559 9.83815e-05
9.39394 0.863559 -5.8079e-05
10 0.863559 -0.000130193
-10 0.914407 -0.000126271
-9.39394 0.914407 -6.04863e-05
-8.78788 0.914407 8.728e-05
-8.18182 0.914407 0.000286076
-7.57576 0.914407 0.000449685
-6.9697 0.914407 0.000448788
-6.36364 0.914407 0.000155608
-5.75758 0.914407 -0.000483795
-5.15152 0.914407 -0.00137162
-4.54545 0.914407 -0.00221121
-3.93939 0.914407 -0.00253007
-3.33333 0.914407 -0.00179759
-2.72727 0.914407 0.000370657
-2.12121 0.914407 0.0039731
-1.51515 0.914407 0.00843973
-0.909091 0.914407 0.0126368
-0.30303 0.914407 0.0151958
0.30303 0.914407 0.0151543
0.909091 0.914407 0.0125275
1.51515 0.914407 0.00830009
2.12121 0.914407 0.00384403
2.72727 0.914407 0.000279603
3.33333 0.914407 -0.0018431
3.93939 0.914407 -0.00253849
4.54545 0.914407 -0.00219818
5.15152 0.914407 -0.00135208
5.75758 0.914407 -0.000467679
6.36364 0.914407 0.000164161
6.9697 0.914407 0.000450115
7.57576 0.914407 0.000446457
8.18182 0.914407 0.000281351
8.78788 0.914407 8.32699e-05
9.39394 0.914407 -6.28252e-05
10 0.914407 -0.000115848
-10 0.965254 -0.000122964
-9.39394 0.965254 -6.48418e-05
-8.78788 0.965254 7.27618e-05
-8.18182 0.965254 0.000262865
-7.57576 0.965254 0.000424699
-6.9697 0.965254 0.0004339
-6.36364 0.965254 0.000164572
-5.75758 0.965254 -0.000440635
-5.15152 0.965254 -0.00129331
-4.54545 0.965254 -0.00211055
-3.93939 0.965254 -0.00243413
-3.33333 0.965254 -0.00174311
-2.72727 0.965254 0.000346351
-2.12121 0.965254 0.00384331
-1.51515 0.965254 0.00819798
-0.909091 0.965254 0.0123014
-0.30303 0.965254 0.0148076
0.30303 0.965254 0.0147671
0.909091 0.965254 0.0121949
1.51515 0.965254 0.00806232
2.12121 0.965254 0.00371848
2.72727 0.965254 0.000258878
3.33333 0.965254 -0.00178633
3.93939 0.965254 -0.00244171
4.54545 0.965254 -0.00209785
5.15152 0.965254 -0.00127473
5.75758 0.965254 -0.000425593
6.36364 0.965254 0.000172325
6.9697 0.965254 0.00043485
7.57576 0.965254 0.000421472
8.18182 0.965254 0.000258368
8.78788 0.965254 6.90374e-05
9.39394 0.965254 -6.69576e-05
10 0.965254 -0.000112071
-10 1.0161 -0.000119425
-9.39394 1.0161 -6.85867e-05
-8.78788 1.0161 5.9123e-05
-8.18182 1.0161 0.000240535
-7.57576 1.0161 0.00040024
-6.9697 1.0161 0.000418866
-6.36364 1.0161 0.000172556
-5.75758 1.0161 -0.000399203
-5.15152 1.0161 -0.00121715
-4.54545 1.0161 -0.002012
-3.93939 1.0161 -0.00233979
-3.33333 1.0161 -0.0016894
-2.72727 1.0161 0.00032224
-2.12121 1.0161 0.00371458
-1.51515 1.0161 0.00795796
-0.909091 1.0161 0.0119683
-0.30303 1.0161 0.0144218
0.30303 1.0161 0.0143824
0.909091 1.0161 0.0118647
1.51515 1.0161 0.00782635
2.12121 1.0161 0.00359402
2.72727 1.0161 0.000238339
3.33333 1.0161 -0.00173036
3.93939 1.0161 -0.00234656
4.54545 1.0161 -0.00199964
5.15152 1.0161 -0.00119953
5.75758 1.0161 -0.000385199
6.36364 1.0161 0.00017955
6.9697 1.0161 0.000419471
7.57576 1.0161 0.000397032
8.18182 1.0161 0.000236266
8.78788 1.0161 5.5674e-05
9.39394 1.0161 -7.0493e-05
10 1.0161 -0.000108114
-10 1.06695 -0.000115671
-9.39394 1.06695 -7.17381e-05
-8.78788 1.06695 4.63536e-05
-8.18182 1.06695 0.000219087
-7.57576 1.06695 0.00037632
-6.9697 1.06695 0.000403698
-6.36364 1.06695 0.000179569
-5.75758 1.06695 -0.000359495
-5.15152 1.06695 -0.00114314
-4.54545 1.06695 -0.00191555
-3.93939 1.06695 -0.00224702
-3.33333 1.06695 -0.00163641
-2.72727 1.06695 0.00029835
-2.12121 1.06695 0.00358693
-1.51515 1.06695 0.00771966
-0.909091 1.06695 0.0116372
-0.30303 1.06695 0.0140383
0.30303 1.06695 0.014
0.909091 1.06695 0.0115366
1.51515 1.06695 0.00759217
2.12121 1.06695 0.00347067
2.72727 1.06695 0.000218003
3.33333 1.06695 -0.00167516
3.93939 1.06695 -0.00225302
4.54545 1.06695 -0.00190354
5.15152 1.06695 -0.00112646
5.75758 1.06695 -0.000346493
6.36364 1.06695 0.000185845
6.9697 1.06695 0.00040399
7.57576 1.06695 0.000373144
8.18182 1.06695 0.000215046
8.78788 1.06695 4.31692e-05
9.39394 1.06695 -7.34485e-05
10 1.06695 -0.000103993
-10 1.1178 -0.000111722
-9.39394 1.1178 -7.43141e-05
-8.78788 1.1178 3.44432e-05
-8.18182 1.1178 0.000198522
-7.57576 1.1178 0.000352946
-6.9697 1.1178 0.000388408
-6.36364 1.1178 0.000185623
-5.75758 1.1178 -0.000321503
-5.15152 1.1178 -0.00107127
-4.54545 1.1178 -0.00182119
-3.93939 1.1178 -0.00215582
-3.33333 1.1178 -0.00158414
-2.72727 1.1178 0.000274703
-2.12121 1.1178 0.00346037
-1.51515 1.1178 0.00748308
-0.909091 1.1178 0.0113083
-0.30303 1.1178 0.0136572
0.30303 1.1178 0.0136199
0.909091 1.1178 0.0112106
1.51515 1.1178 0.00735975
2.12121 1.1178 0.00334843
2.72727 1.1178 0.00019789
3.33333 1.1178 -0.00162071
3.93939 1.1178 -0.00216109
4.54545 1.1178 -0.00180954
5.15152 1.1178 -0.00105551
5.75758 1.1178 -0.000309467
6.36364 1.1178 0.000191222
6.9697 1.1178 0.000388419
7.57576 1.1178 0.000349818
8.18182 1.1178 0.000194707
8.78788 1.1178 3.15127e-05
9.39394 1.1178 -7.58417e-05
10 1.1178 -9.97297e-05
-10 1.16864 -0.000107596
-9.39394 1.16864 -7.63329e-05
-8.78788 1.16864 2.33814e-05
-8.18182 1.16864 0.000178839
-7.57576 1.16864 0.000330129
-6.9697 1.16864 0.000373011
-6.36364 1.16864 0.000190728
-5.75758 1.16864 -0.000285224
-5.15152 1.16864 -0.00100155
-4.54545 1.16864 -0.00172891
-3.93939 1.16864 -0.00206617
-3.33333 1.16864 -0.00153255
-2.72727 1.16864 0.000251326
-2.12121 1.16864 0.00333491
-1.51515 1.16864 0.0072482
-0.909091 1.16864 0.0109814
-0.30303 1.16864 0.0132783
0.30303 1.16864 0.0132421
0.909091 1.16864 0.0108868
1.51515 1.16864 0.00712908
2.12121 1.16864 0.0032273
2.72727 1.16864 0.00017802
3.33333 1.16864 -0.001567
3.93939 1.16864 -0.00207074
4.54545 1.16864 -0.00171765
5.15152 1.16864 -0.000986695
5.75758 1.16864 -0.000274116
6.36364 1.16864 0.000195689
6.9697 1.16864 0.000372769
7.57576 1.16864 0.000327062
8.18182 1.16864 0.000175248
8.78788 1.16864 2.06936e-05
9.39394 1.16864 -7.76908e-05
10 1.16864 -9.53421e-05
-10 1.21949 -0.000103313
-9.39394 1.21949 -7.78136e-05
-8.78788 1.21949 1.31573e-05
-8.18182 1.21949 0.000160041
-7.57576 1.21949 0.000307881
-6.9697 1.21949 0.000357522
-6.36364 1.21949 0.000194896
-5.75758 1.21949 -0.000250653
-5.15152 1.21949 -0.000933967
-4.54545 1.21949 -0.00163872
-3.93939 1.21949 -0.00197804
-3.33333 1.21949 -0.00148162
-2.72727 1.21949 0.000228245
-2.12121 1.21949 0.00321057
-1.51515 1.21949 0.00701503
-0.909091 1.21949 0.0106566
-0.30303 1.21949 0.0129015
0.30303 1.21949 0.0128665
0.909091 1.21949 0.0105651
1.51515 1.21949 0.00690015
2.12121 1.21949 0.00310729
2.72727 1.21949 0.000158413
3.33333 1.21949 -0.00151399
3.93939 1.21949 -0.00198196
4.54545 1.21949 -0.00162784
5.15152 1.21949 -0.000919998
5.75758 1.21949 -0.000240434
6.36364 1.21949 0.000199259
6.9697 1.21949 0.000357056
7.57576 1.21949 0.000304887
8.18182 1.21949 0.000156672
8.78788 1.21949 1.07009e-05
9.39394 1.21949 -7.90144e-05
10 1.21949 -9.52955e-05
-10 1.27034 -9.88927e-05
-9.39394 1.27034 -7.87756e-05
-8.78788 1.27034 3.75956e-06
-8.18182 1.27034 0.000142128
-7.57576 1.27034 0.000286213
-6.9697 1.27034 0.000341955
-6.36364 1.27034 0.000198137
-5.75758 1.27034 -0.000217785
-5.15152 1.27034 -0.000868527
-4.54545 1.27034 -0.0015506
-3.93939 1.27034 -0.00189144
-3.33333 1.27034 -0.00143132
-2.72727 1.27034 0.000205488
-2.12121 1.27034 0.00308737
-1.51515 1.27034 0.00678355
-0.909091 1.27034 0.0103338
-0.30303 1.27034 0.0125269
0.30303 1.27034 0.012493
0.909091 1.27034 0.0102454
1.51515 1.27034 0.00667295
2.12121 1.27034 0.00298842
2.72727 1.27034 0.000139091
3.33333 1.27034 -0.00146167
3.93939 1.27034 -0.00189475
4.54545 1.27034 -0.00154012
5.15152 1.27034 -0.000855422
5.75758 1.27034 -0.000208418
6.36364 1.27034 0.000201942
6.9697 1.27034 0.000341294
7.57576 1.27034 0.000283303
8.18182 1.27034 0.000138977
8.78788 1.27034 1.5231e-06
9.39394 1.27034 -7.98317e-05
10 1.27034 -9.52489e-05
-10 1.32119 -9.43555e-05
-9.39394 1.32119 -7.92394e-05
-8.78788 1.32119 -4.82365e-06
-8.18182 1.32119 0.000125103
-7.57576 1.32119 0.000265139
-6.9697 1.32119 0.000326329
-6.36364 1.32119 0.000200466
-5.75758 1.32119 -0.000186616
-5.15152 1.32119 -0.00080523
-4.54545 1.32119 -0.00146456
-3.93939 1.32119 -0.00180635
-3.33333 1.32119 -0.00138164
-2.72727 1.32119 0.000183081
-2.12121 1.32119 0.00296533
-1.51515 1.32119 0.00655376
-0.909091 1.32119 0.0100129
-0.30303 1.32119 0.0121544
0.30303 1.32119 0.0121217
0.909091 1.32119 0.00992772
1.51515 1.32119 0.00644745
2.12121 1.32119 0.0028707
2.72727 1.32119 0.000120078
3.33333 1.32119 -0.00141001
3.93939 1.32119 -0.00180907
4.54545 1.32119 -0.00145449
5.15152 1.32119 -0.000792967
5.75758 1.32119 -0.000178063
6.36364 1.32119 0.000203751
6.9697 1.32119 0.000325499
7.57576 1.32119 0.000262323
8.18182 1.32119 0.000122166
8.78788 1.32119 -6.85173e-06
9.39394 1.32119 -8.01629e-05
10 1.32119 -9.44905e-05
-10 1.37203 -8.97221e-05
-9.39394 1.37203 -7.92262e-05
-8.78788 1.37203 -1.26047e-05
-8.18182 1.37203 0.000108966
-7.57576 1.37203 0.000244672
-6.9697 1.37203 0.000310661
-6.36364 1.37203 0.000201894
-5.75758 1.37203 -0.000157142
-5.15152 1.37203 -0.000744079
-4.54545 1.37203 -0.0013806
-3.93939 1.37203 -0.00172275
-3.33333 1.37203 -0.00133255
-2.72727 1.37203 0.000161056
-2.12121 1.37203 0.00284446
-1.51515 1.37203 0.00632566
-0.909091 1.37203 0.009694
-0.30303 1.37203 0.011784
0.30303 1.37203 0.0117524
0.909091 1.37203 0.009612
1.51515 1.37203 0.00622366
2.12121 1.37203 0.00275413
2.72727 1.37203 0.000101399
3.33333 1.37203 -0.001359
3.93939 1.37203 -0.00172494
4.54545 1.37203 -0.00137094
5.15152 1.37203 -0.000732635
5.75758 1.37203 -0.000149364
6.36364 1.37203 0.000204698
6.9697 1.37203 0.000309687
7.57576 1.37203 0.000241958
8.18182 1.37203 0.000106238
8.78788 1.37203 -1.4436e-05
9.39394 1.37203 -8.00288e-05
10 1.37203 -7.6961e-05
-10 1.42288 -8.50139e-05
-9.39394 1.42288 -7.87579e-05
-8.78788 1.42288 -1.95966e-05
-8.18182 1.42288 9.37189e-05
-7.57576 1.42288 0.000224826
-6.9697 1.42288 0.000294971
-6.36364 1.42288 0.000202437
-5.75758 1.42288 -0.00012936
-5.15152 1.42288 -0.000685078
-4.54545 1.42288 -0.00129872
-3.93939 1.42288 -0.00164064
-3.33333 1.42288 -0.00128401
-2.72727 1.42288 0.000139443
-2.12121 1.42288 0.00272479
-1.51515 1.42288 0.00609924
-0.909091 1.42288 0.009377
-0.30303 1.42288 0.0114155
0.30303 1.42288 0.0113851
0.909091 1.42288 0.0092982
1.51515 1.42288 0.00600155
2.12121 1.42288 0.00263873
2.72727 1.42288 8.30797e-05
3.33333 1.42288 -0.00130861
3.93939 1.42288 -0.00164232
4.54545 1.42288 -0.00128948
5.15152 1.42288 -0.00067443
5.75758 1.42288 -0.000122318
6.36364 1.42288 0.000204796
6.9697 1.42288 0.000293877
7.57576 1.42288 0.000222223
8.18182 1.42288 9.11946e-05
8.78788 1.42288 -2.1243e-05
9.39394 1.42288 -7.94508e-05
10 1.42288 -7.22639e-05
-10 1.47373 -8.02525e-05
-9.39394 1.47373 -7.78574e-05
-8.78788 1.47373 -2.58132e-05
-8.18182 1.47373 7.93639e-05
-7.57576 1.47373 0.000205618
-6.9697 1.47373 0.000279279
-6.36364 1.47373 0.000202109
-5.75758 1.47373 -0.000103267
-5.15152 1.47373 -0.000628233
-4.54545 1.47373 -0.00121892
-3.93939 1.47373 -0.00156001
-3.33333 1.47373 -0.00123602
-2.72727 1.47373 0.000118274
-2.12121 1.47373 0.00260634
-1.51515 1.47373 0.00587451
-0.909091 1.47373 0.00906188
-0.30303 1.47373 0.0110489
0.30303 1.47373 0.0110198
0.909091 1.47373 0.0089863
1.51515 1.47373 0.00578112
2.12121 1.47373 0.00252452
2.72727 1.47373 6.51483e-05
3.33333 1.47373 -0.00125882
3.93939 1.47373 -0.00156123
4.54545 1.47373 -0.0012101
5.15152 1.47373 -0.000618356
5.75758 1.47373 -9.6922e-05
6.36364 1.47373 0.00020406
6.9697 1.47373 0.000278089
7.57576 1.47373 0.000203131
8.18182 1.47373 7.70373e-05
8.78788 1.47373 -2.72863e-05
9.39394 1.47373 -7.84517e-05
10 1.47373 -6.75701e-05
-10 1.52458 -7.54601e-05
-9.39394 1.52458 -7.65489e-05
-8.78788 1.52458 -3.12694e-05
-8.18182 1.52458 6.59023e-05
-7.57576 1.52458 0.000187063
-6.9697 1.52458 0.000263608
-6.36364 1.52458 0.000200927
-5.75758 1.52458 -7.88589e-05
-5.15152 1.52458 -0.000573551
-4.54545 1.52458 -0.00114121
-3.93939 1.52458 -0.00148086
-3.33333 1.52458 -0.00118855
-2.72727 1.52458 9.75837e-05
-2.12121 1.52458 0.00248914
-1.51515 1.52458 0.00565146
-0.909091 1.52458 0.00874859
-0.30303 1.52458 0.0106842
0.30303 1.52458 0.0106563
0.909091 1.52458 0.00867625
1.51515 1.52458 0.00556236
2.12121 1.52458 0.00241151
2.72727 1.52458 4.76344e-05
3.33333 1.52458 -0.0012096
3.93939 1.52458 -0.00148164
4.54545 1.52458 -0.00113281
5.15152 1.52458 -0.000564419
5.75758 1.52458 -7.31726e-05
6.36364 1.52458 0.000202506
6.9697 1.52458 0.000262343
7.57576 1.52458 0.0001847
8.18182 1.52458 6.37667e-05
8.78788 1.52458 -3.2581e-05
9.39394 1.52458 -7.7055e-05
10 1.52458 -6.29021e-05
-10 1.57542 -7.06594e-05
-9.39394 1.57542 -7.48574e-05
-8.78788 1.57542 -3.59809e-05
-8.18182 1.57542 5.33355e-05
-7.57576 1.57542 0.000169181
-6.9697 1.57542 0.000247981
-6.36364 1.57542 0.000198908
-5.75758 1.57542 -5.61333e-05
-5.15152 1.57542 -0.00052104
-4.54545 1.57542 -0.0010656
-3.93939 1.57542 -0.00140316
-3.33333 1.57542 -0.00114156
-2.72727 1.57542 7.74076e-05
-2.12121 1.57542 0.00237321
-1.51515 1.57542 0.00543008
-0.909091 1.57542 0.00843712
-0.30303 1.57542 0.0103214
0.30303 1.57542 0.0102946
0.909091 1.57542 0.008368
1.51515 1.57542 0.00534526
2.12121 1.57542 0.00229974
2.72727 1.57542 3.05696e-05
3.33333 1.57542 -0.00116093
3.93939 1.57542 -0.00140355
4.54545 1.57542 -0.00105763
5.15152 1.57542 -0.000512628
5.75758 1.57542 -5.10668e-05
6.36364 1.57542 0.00020015
6.9697 1.57542 0.000246663
7.57576 1.57542 0.000166944
8.18182 1.57542 5.13839e-05
8.78788 1.57542 -3.71426e-05
9.39394 1.57542 -7.52853e-05
10 1.57542 -5.8283e-05
-10 1.62627 -6.58734e-05
-9.39394 1.62627 -7.28093e-05
-8.78788 1.62627 -3.99648e-05
-8.18182 1.62627 4.16645e-05
-7.57576 1.62627 0.000151988
-6.9697 1.62627 0.000232426
-6.36364 1.62627 0.000196072
-5.75758 1.62627 -3.50871e-05
-5.15152 1.62627 -0.000470712
-4.54545 1.62627 -0.000992098
-3.93939 1.62627 -0.00132694
-3.33333 1.62627 -0.00109503
-2.72727 1.62627 5.77836e-05
-2.12121 1.62627 0.00225859
-1.51515 1.62627 0.0052104
-0.909091 1.62627 0.00812742
-0.30303 1.62627 0.00996026
0.30303 1.62627 0.0099347
0.909091 1.62627 0.00806152
1.51515 1.62627 0.00512982
2.12121 1.62627 0.00218921
2.72727 1.62627 1.39875e-05
3.33333 1.62627 -0.00111279
3.93939 1.62627 -0.00132697
4.54545 1.62627 -0.000984556
5.15152 1.62627 -0.000462992
5.75758 1.62627 -3.06018e-05
6.36364 1.62627 0.000197009
6.9697 1.62627 0.000231073
7.57576 1.62627 0.000149883
8.18182 1.62627 3.98892e-05
8.78788 1.62627 -4.09882e-05
9.39394 1.62627 -7.31685e-05
10 1.62627 -5.37361e-05
-10 1.67712 -6.11257e-05
-9.39394 1.67712 -7.04322e-05
-8.78788 1.67712 -4.32396e-05
-8.18182 1.67712 3.08901e-05
-7.57576 1.67712 0.000135506
-6.9697 1.67712 0.00021697
-6.36364 1.67712 0.000192438
-5.75758 1.67712 -1.57172e-05
-5.15152 1.67712 -0.000422579
-4.54545 1.67712 -0.00092072
-3.93939 1.67712 -0.00125217
-3.33333 1.67712 -0.00104895
-2.72727 1.67712 3.87516e-05
-2.12121 1.67712 0.0021453
-1.51515 1.67712 0.00499239
-0.909091 1.67712 0.00781945
-0.30303 1.67712 0.00960083
0.30303 1.67712 0.00957647
0.909091 1.67712 0.00775677
1.51515 1.67712 0.00491604
2.12121 1.67712 0.00207996
2.72727 1.67712 -2.07578e-06
3.33333 1.67712 -0.00106515
3.93939 1.67712 -0.00125188
4.54545 1.67712 -0.000913605
5.15152 1.67712 -0.000415523
5.75758 1.67712 -1.17748e-05
6.36364 1.67712 0.000193105
6.9697 1.67712 0.0002156
7.57576 1.67712 0.000133533
8.18182 1.67712 2.92831e-05
8.78788 1.67712 -4.4136e-05
9.39394 1.67712 -7.07318e-05
10 1.67712 -4.92849e-05
-10 1.72797 -5.64399e-05
-9.39394 1.72797 -6.77553e-05
-8.78788 1.72797 -4.58253e-05
-8.18182 1.72797 2.10123e-05
-7.57576 1.72797 0.000119755
-6.9697 1.72797 0.000201644
-6.36364 1.72797 0.000188031
-5.75758 1.72797 1.97992e-06
-5.15152 1.72797 -0.000376655
-4.54545 1.72797 -0.000851482
-3.93939 1.72797 -0.00117886
-3.33333 1.72797 -0.00100328
-2.72727 1.72797 2.03541e-05
-2.12121 1.72797 0.00203338
-1.51515 1.72797 0.00477608
-0.909091 1.72797 0.00751319
-0.30303 1.72797 0.00924302
0.30303 1.72797 0.00921986
0.909091 1.72797 0.00745371
1.51515 1.72797 0.00470391
2.12121 1.72797 0.00197203
2.72727 1.72797 -1.75817e-05
3.33333 1.72797 -0.00101799
3.93939 1.72797 -0.00117829
4.54545 1.72797 -0.000844793
5.15152 1.72797 -0.000370235
5.75758 1.72797 5.41727e-06
6.36364 1.72797 0.000188458
6.9697 1.72797 0.000200273
7.57576 1.72797 0.000117917
8.18182 1.72797 1.9565e-05
8.78788 1.72797 -4.6606e-05
9.39394 1.72797 -6.80036e-05
10 1.72797 -4.91038e-05
-10 1.77881 -5.18402e-05
-9.39394 1.77881 -6.4809e-05
-8.78788 1.77881 -4.77439e-05
-8.18182 1.77881 1.20303e-05
-7.57576 1.77881 0.000104757
-6.9697 1.77881 0.00018648
-6.36364 1.77881 0.000182874
-5.75758 1.77881 1.80079e-05
-5.15152 1.77881 -0.000332957
-4.54545 1.77881 -0.000784406
-3.93939 1.77881 -0.00110702
-3.33333 1.77881 -0.000958
-2.72727 1.77881 2.63621e-06
-2.12121 1.77881 0.00192288
-1.51515 1.77881 0.00456147
-0.909091 1.77881 0.00720859
-0.30303 1.77881 0.00888676
0.30303 1.77881 0.0088648
0.909091 1.77881 0.00715228
1.51515 1.77881 0.00449344
2.12121 1.77881 0.00186543
2.72727 1.77881 -3.24888e-05
3.33333 1.77881 -0.000971293
3.93939 1.77881 -0.00110619
4.54545 1.77881 -0.00077814
5.15152 1.77881 -0.000327144
5.75758 1.77881 2.09778e-05
6.36364 1.77881 0.000183092
6.9697 1.77881 0.000185124
7.57576 1.77881 0.000103053
8.18182 1.77881 1.07338e-05
8.78788 1.77881 -4.84199e-05
9.39394 1.77881 -6.5014e-05
10 1.77881 -4.89227e-05
-10 1.82966 -4.73507e-05
-9.39394 1.82966 -6.16255e-05
-8.78788 1.82966 -4.90193e-05
-8.18182 1.82966 3.94239e-06
-7.57576 1.82966 9.05349e-05
-6.9697 1.82966 0.000171513
-6.36364 1.82966 0.000176997
-5.75758 1.82966 3.23713e-05
-5.15152 1.82966 -0.000291503
-4.54545 1.82966 -0.000719515
-3.93939 1.82966 -0.00103665
-3.33333 1.82966 -0.000913083
-2.72727 1.82966 -1.43539e-05
-2.12121 1.82966 0.00181384
-1.51515 1.82966 0.00434857
-0.909091 1.82966 0.00690561
-0.30303 1.82966 0.00853197
0.30303 1.82966 0.0085112
0.909091 1.82966 0.00685246
1.51515 1.82966 0.00428462
2.12121 1.82966 0.00176022
2.72727 1.82966 -4.67527e-05
3.33333 1.82966 -0.000925025
3.93939 1.82966 -0.00103561
4.54545 1.82966 -0.000713669
5.15152 1.82966 -0.000286268
5.75758 1.82966 3.49106e-05
6.36364 1.82966 0.000177034
6.9697 1.82966 0.000170186
7.57576 1.82966 8.89642e-05
8.18182 1.82966 2.78751e-06
8.78788 1.82966 -4.96012e-05
9.39394 1.82966 -6.17945e-05
10 1.82966 -4.73533e-05
-10 1.88051 -4.29955e-05
-9.39394 1.88051 -5.82386e-05
-8.78788 1.88051 -4.96779e-05
-8.18182 1.88051 -3.25464e-06
-7.57576 1.88051 7.71123e-05
-6.9697 1.88051 0.000156783
-6.36364 1.88051 0.000170429
-5.75758 1.88051 4.50754e-05
-5.15152 1.88051 -0.000252315
-4.54545 1.88051 -0.000656839
-3.93939 1.88051 -0.000967763
-3.33333 1.88051 -0.000868506
-2.72727 1.88051 -3.05649e-05
-2.12121 1.88051 0.0017063
-1.51515 1.88051 0.00413739
-0.909091 1.88051 0.00660421
-0.30303 1.88051 0.00817859
0.30303 1.88051 0.00815899
0.909091 1.88051 0.00655419
1.51515 1.88051 0.00407746
2.12121 1.88051 0.00165643
2.72727 1.88051 -6.03255e-05
3.33333 1.88051 -0.000879167
3.93939 1.88051 -0.000966534
4.54545 1.88051 -0.000651407
5.15152 1.88051 -0.000247628
5.75758 1.88051 4.72205e-05
6.36364 1.88051 0.000170314
6.9697 1.88051 0.000155496
7.57576 1.88051 7.56733e-05
8.18182 1.88051 -4.2774e-06
8.78788 1.88051 -5.0176e-05
9.39394 1.88051 -5.83783e-05
10 1.88051 -3.29019e-05
-10 1.93136 -3.87986e-05
-9.39394 1.93136 -5.46838e-05
-8.78788 1.93136 -4.97486e-05
-8.18182 1.93136 -9.56564e-06
-7.57576 1.93136 6.4514e-05
-6.9697 1.93136 0.000142331
-6.36364 1.93136 0.000163205
-5.75758 1.93136 5.61266e-05
-5.15152 1.93136 -0.000215416
-4.54545 1.93136 -0.00059641
-3.93939 1.93136 -0.00090037
-3.33333 1.93136 -0.000824243
-2.72727 1.93136 -4.59415e-05
-2.12121 1.93136 0.00160032
-1.51515 1.93136 0.00392794
-0.909091 1.93136 0.00630436
-0.30303 1.93136 0.00782651
0.30303 1.93136 0.00780809
0.909091 1.93136 0.00625742
1.51515 1.93136 0.00387198
2.12121 1.93136 0.00155411
2.72727 1.93136 -7.31553e-05
3.33333 1.93136 -0.000833693
3.93939 1.93136 -0.00089899
4.54545 1.93136 -0.000591387
5.15152 1.93136 -0.000211246
5.75758 1.93136 5.79134e-05
6.36364 1.93136 0.000162964
6.9697 1.93136 0.000141095
7.57576 1.93136 6.32041e-05
8.18182 1.93136 -1.0466e-05
8.78788 1.93136 -5.01729e-05
9.39394 1.93136 -5.48003e-05
10 1.93136 -2.92744e-05
-10 1.9822 -3.47835e-05
-9.39394 1.9822 -5.09984e-05
-8.78788 1.9822 -4.92636e-05
-8.18182 1.9822 -1.49976e-05
-7.57576 1.9822 5.27653e-05
-6.9697 1.9822 0.000128202
-6.36364 1.9822 0.000155364
-5.75758 1.9822 6.55333e-05
-5.15152 1.9822 -0.000180832
-4.54545 1.9822 -0.000538268
-3.93939 1.9822 -0.000834492
-3.33333 1.9822 -0.000780272
-2.72727 1.9822 -6.04244e-05
-2.12121 1.9822 0.00149596
-1.51515 1.9822 0.00372025
-0.909091 1.9822 0.006006
-0.30303 1.9822 0.00747567
0.30303 1.9822 0.0074584
0.909091 1.9822 0.00596212
1.51515 1.9822 0.00366818
2.12121 1.9822 0.00145332
2.72727 1.9822 -8.51863e-05
3.33333 1.9822 -0.000788582
3.93939 1.9822 -0.00083299
4.54545 1.9822 -0.000533647
5.15152 1.9822 -0.000177148
5.75758 1.9822 6.69967e-05
6.36364 1.9822 0.000155021
6.9697 1.9822 0.000127026
7.57576 1.9822 5.15806e-05
8.18182 1.9822 -1.57854e-05
8.78788 1.9822 -4.96234e-05
9.39394 1.9822 -5.1097e-05
10 1.9822 -2.58759e-05
-10 2.03305 -3.09729e-05
-9.39394 2.03305 -4.72213e-05
-8.78788 2.03305 -4.82581e-05
-8.18182 2.03305 -1.95603e-05
-7.57576 2.03305 4.18917e-05
-6.9697 2.03305 0.000114444
-6.36364 2.03305 0.000146949
-5.75758 2.03305 7.3306e-05
-5.15152 2.03305 -0.000148591
-4.54545 2.03305 -0.000482457
-3.93939 2.03305 -0.000770151
-3.33333 2.03305 -0.000736569
-2.72727 2.03305 -7.39495e-05
-2.12121 2.03305 0.00139329
-1.51515 2.03305 0.00351433
-0.909091 2.03305 0.00570911
-0.30303 2.03305 0.00712596
0.30303 2.03305 0.00710983
0.909091 2.03305 0.00566823
1.51515 2.03305 0.00346608
2.12121 2.03305 0.00135412
2.72727 2.03305 -9.63576e-05
3.33333 2.03305 -0.00074381
3.93939 2.03305 -0.000768559
4.54545 2.03305 -0.000478229
5.15152 2.03305 -0.000145363
5.75758 2.03305 7.44799e-05
6.36364 2.03305 0.000146527
6.9697 2.03305 0.000113337
7.57576 2.03305 4.08278e-05
8.18182 2.03305 -2.02454e-05
8.78788 2.03305 -4.85626e-05
9.39394 2.03305 -4.73068e-05
10 2.03305 -2.27242e-05
-10 2.0839 -2.73884e-05
-9.39394 2.0839 -4.33932e-05
-8.78788 2.0839 -4.67715e-05
-8.18182 2.0839 -2.32666e-05
-7.57576 2.0839 3.1919e-05
-6.9697 2.0839 0.000101111
-6.36364 2.0839 0.000138008
-5.75758 2.0839 7.94578e-05
-5.15152 2.0839 -0.000118723
-4.54545 2.0839 -0.000429029
-3.93939 2.0839 -0.000707379
-3.33333 2.0839 -0.000693112
-2.72727 2.0839 -8.64476e-05
-2.12121 2.0839 0.00129237
-1.51515 2.0839 0.00331022
-0.909091 2.0839 0.00541362
-0.30303 2.0839 0.00677727
0.30303 2.0839 0.00676228
0.909091 2.0839 0.0053757
1.51515 2.0839 0.00326571
2.12121 2.0839 0.00125657
2.72727 2.0839 -0.000106603
3.33333 2.0839 -0.000699358
3.93939 2.0839 -0.000705727
4.54545 2.0839 -0.000425185
5.15152 2.0839 -0.00011592
5.75758 2.0839 8.03755e-05
6.36364 2.0839 0.00013753
6.9697 2.0839 0.000100078
7.57576 2.0839 3.09704e-05
8.18182 2.0839 -2.38589e-05
8.78788 2.0839 -4.70289e-05
9.39394 2.0839 -4.34696e-05
10 2.0839 -1.98346e-05
-10 2.13475 -2.40498e-05
-9.39394 2.13475 -3.9556e-05
-8.78788 2.13475 -4.48471e-05
-8.18182 2.13475 -2.61334e-05
-7.57576 2.13475 2.28725e-05
-6.9697 2.13475 8.82599e-05
-6.36364 2.13475 0.000128598
-5.75758 2.13475 8.40058e-05
-5.15152 2.13475 -9.12634e-05
-4.54545 2.13475 -0.000378043
-3.93939 2.13475 -0.000646213
-3.33333 2.13475 -0.000649881
-2.72727 2.13475 -9.78436e-05
-2.12121 2.13475 0.00119331
-1.51515 2.13475 0.00310795
-0.909091 2.13475 0.00511949
-0.30303 2.13475 0.00642951
0.30303 2.13475 0.00641563
0.909091 2.13475 0.00508448
1.51515 2.13475 0.00306709
2.12121 2.13475 0.00116076
2.72727 2.13475 -0.000115851
3.33333 2.13475 -0.000655204
3.93939 2.13475 -0.000644528
4.54545 2.13475 -0.000374573
5.15152 2.13475 -8.88525e-05
5.75758 2.13475 8.46992e-05
6.36364 2.13475 0.000128082
6.9697 2.13475 8.73057e-05
7.57576 2.13475 2.20331e-05
8.18182 2.13475 -2.66427e-05
8.78788 2.13475 -4.50653e-05
9.39394 2.13475 -3.96267e-05
10 2.13475 -1.72189e-05
-10 2.18559 -2.09748e-05
-9.39394 2.18559 -3.57533e-05
-8.78788 2.18559 -4.25328e-05
-8.18182 2.18559 -2.81827e-05
-7.57576 2.18559 1.47761e-05
-6.9697 2.18559 7.59522e-05
-6.36364 2.18559 0.00011878
-5.75758 2.18559 8.69718e-05
-5.15152 2.18559 -6.62462e-05
-4.54545 2.18559 -0.000329568
-3.93939 2.18559 -0.000586701
-3.33333 2.18559 -0.000606859
-2.72727 2.18559 -0.000108056
-2.12121 2.18559 0.00109618
-1.51515 2.18559 0.00290756
-0.909091 2.18559 0.00482668
-0.30303 2.18559 0.00608255
0.30303 2.18559 0.00606976
0.909091 2.18559 0.00479451
1.51515 2.18559 0.00287025
2.12121 2.18559 0.00106678
2.72727 2.18559 -0.000124023
3.33333 2.18559 -0.000611333
3.93939 2.18559 -0.000585011
4.54545 2.18559 -0.000326459
5.15152 2.18559 -6.41968e-05
5.75758 2.18559 8.74718e-05
6.36364 2.18559 0.000118245
6.9697 2.18559 7.50797e-05
7.57576 2.18559 1.40391e-05
8.18182 2.18559 -2.86186e-05
8.78788 2.18559 -4.27188e-05
9.39394 2.18559 -3.58209e-05
10 2.18559 -1.71027e-05
-10 2.23644 -1.8178e-05
-9.39394 2.23644 -3.2029e-05
-8.78788 2.23644 -3.98816e-05
-8.18182 2.23644 -2.94421e-05
-7.57576 2.23644 7.6523e-06
-6.9697 2.23644 6.42541e-05
-6.36364 2.23644 0.000108626
-5.75758 2.23644 8.83839e-05
-5.15152 2.23644 -4.37095e-05
-4.54545 2.23644 -0.000283681
-3.93939 2.23644 -0.0005289
-3.33333 2.23644 -0.00056403
-2.72727 2.23644 -0.000116995
-2.12121 2.23644 0.00100111
-1.51515 2.23644 0.00270911
-0.909091 2.23644 0.00453512
-0.30303 2.23644 0.00573626
0.30303 2.23644 0.00572453
0.909091 2.23644 0.00450573
1.51515 2.23644 0.00267524
2.12121 2.23644 0.000974726
2.72727 2.23644 -0.000131032
3.33333 2.23644 -0.000567729
3.93939 2.23644 -0.00052723
4.54545 2.23644 -0.000280919
5.15152 2.23644 -4.19899e-05
5.75758 2.23644 8.87199e-05
6.36364 2.23644 0.000108087
6.9697 2.23644 6.3465e-05
7.57576 2.23644 7.01019e-06
8.18182 2.23644 -2.9814e-05
8.78788 2.23644 -4.00418e-05
9.39394 2.23644 -3.20956e-05
10 2.23644 -1.69866e-05
-10 2.28729 -1.56701e-05
-9.39394 2.28729 -2.84275e-05
-8.78788 2.28729 -3.69518e-05
-8.18182 2.28729 -2.99467e-05
-7.57576 2.28729 1.51998e-06
-6.9697 2.28729 5.32366e-05
-6.36364 2.28729 9.82173e-05
-5.75758 2.28729 8.8278e-05
-5.15152 2.28729 -2.36922e-05
-4.54545 2.28729 -0.00024047
-3.93939 2.28729 -0.000472881
-3.33333 2.28729 -0.000521386
-2.72727 2.28729 -0.000124563
-2.12121 2.28729 0.00090821
-1.51515 2.28729 0.00251264
-0.909091 2.28729 0.00424477
-0.30303 2.28729 0.00539049
0.30303 2.28729 0.00537981
0.909091 2.28729 0.00421809
1.51515 2.28729 0.00248212
2.12121 2.28729 0.00088472
2.72727 2.28729 -0.000136783
3.33333 2.28729 -0.000524382
3.93939 2.28729 -0.000471256
4.54545 2.28729 -0.000238042
5.15152 2.28729 -2.2271e-05
5.75758 2.28729 8.84781e-05
6.36364 2.28729 9.76897e-05
6.9697 2.28729 5.25308e-05
7.57576 2.28729 9.64872e-07
8.18182 2.28729 -3.02633e-05
8.78788 2.28729 -3.70916e-05
9.39394 2.28729 -2.84944e-05
10 2.28729 -1.57391e-05
-10 2.33814 -1.34569e-05
-9.39394 2.33814 -2.49923e-05
-8.78788 2.33814 -3.38072e-05
-8.18182 2.33814 -2.97399e-05
-7.57576 2.33814 -3.60648e-06
-6.9697 2.33814 4.29749e-05
-6.36364 2.33814 8.76473e-05
-5.75758 2.33814 8.67003e-05
-5.15152 2.33814 -6.23374e-06
-4.54545 2.33814 -0.000200038
-3.93939 2.33814 -0.000418731
-3.33333 2.33814 -0.000478922
-2.72727 2.33814 -0.000130653
-2.12121 2.33814 0.000817627
-1.51515 2.33814 0.00231825
-0.909091 2.33814 0.00395556
-0.30303 2.33814 0.00504507
0.30303 2.33814 0.00503541
0.909091 2.33814 0.00393151
1.51515 2.33814 0.00229095
2.12121 2.33814 0.0007969
2.72727 2.33814 -0.000141173
3.33333 2.33814 -0.00048129
3.93939 2.33814 -0.000417173
4.54545 2.33814 -0.000197927
5.15152 2.33814 -5.07978e-06
5.75758 2.33814 8.67908e-05
6.36364 2.33814 8.71426e-05
6.9697 2.33814 4.23509e-05
7.57576 2.33814 -4.08286e-06
8.18182 2.33814 -3.00097e-05
8.78788 2.33814 -3.39313e-05
9.39394 2.33814 -2.50601e-05
10 2.33814 -9.55108e-06
-10 2.38898 -1.15379e-05
-9.39394 2.38898 -2.17649e-05
-8.78788 2.38898 -3.05168e-05
-8.18182 2.38898 -2.88755e-05
-7.57576 2.38898 -7.71951e-06
-6.9697 2.38898 3.3548e-05
-6.36364 2.38898 7.70225e-05
-5.75758 2.38898 8.37101e-05
-5.15152 2.38898 8.62725e-06
-4.54545 2.38898 -0.0001625
-3.93939 2.38898 -0.000366556
-3.33333 2.38898 -0.000436644
-2.72727 2.38898 -0.000135146
-2.12121 2.38898 0.000729526
-1.51515 2.38898 0.00212601
-0.909091 2.38898 0.00366743
-0.30303 2.38898 0.00469983
0.30303 2.38898 0.00469116
0.909091 2.38898 0.00364594
1.51515 2.38898 0.00210181
2.12121 2.38898 0.000711424
2.72727 2.38898 -0.000144086
3.33333 2.38898 -0.000438457
3.93939 2.38898 -0.000365086
4.54545 2.38898 -0.000160689
5.15152 2.38898 9.54496e-06
5.75758 2.38898 8.37156e-05
6.36364 2.38898 7.65505e-05
6.9697 2.38898 3.30031e-05
7.57576 2.38898 -8.12566e-06
8.18182 2.38898 -2.91062e-05
8.78788 2.38898 -3.06291e-05
9.39394 2.38898 -2.18337e-05
10 2.38898 -8.28608e-06
-10 2.43983 -9.90504e-06
-9.39394 2.43983 -1.8783e-05
-8.78788 2.43983 -2.7155e-05
-8.18182 2.43983 -2.74189e-05
-7.57576 2.43983 -1.08211e-05
-6.9697 2.43983 2.50375e-05
-6.36364 2.43983 6.64649e-05
-5.75758 2.43983 7.93835e-05
-5.15152 2.43983 2.08553e-05
-4.54545 2.43983 -0.000127988
-3.93939 2.43983 -0.000316488
-3.33333 2.43983 -0.000394569
-2.72727 2.43983 -0.000137914
-2.12121 2.43983 0.000644102
-1.51515 2.43983 0.00193603
-0.909091 2.43983 0.00338032
-0.30303 2.43983 0.00435455
0.30303 2.43983 0.00434684
0.909091 2.43983 0.00336129
1.51515 2.43983 0.00191481
2.12121 2.43983 0.00062848
2.72727 2.43983 -0.000145394
3.33333 2.43983 -0.000395898
3.93939 2.43983 -0.000315123
4.54545 2.43983 -0.000126459
5.15152 2.43983 2.15673e-05
5.75758 2.43983 7.93267e-05
6.36364 2.43983 6.60333e-05
6.9697 2.43983 2.45677e-05
7.57576 2.43983 -1.11656e-05
8.18182 2.43983 -2.76174e-05
8.78788 2.43983 -2.72584e-05
9.39394 2.43983 -1.88523e-05
10 2.43983 -7.23245e-06
-10 2.49068 -8.54152e-06
-9.39394 2.49068 -1.60781e-05
-8.78788 2.49068 -2.37999e-05
-8.18182 2.49068 -2.54496e-05
-7.57576 2.49068 -1.29264e-05
-6.9697 2.49068 1.75256e-05
-6.36364 2.49068 5.6114e-05
-5.75758 2.49068 7.38186e-05
-5.15152 2.49068 3.04215e-05
-4.54545 2.49068 -9.66533e-05
-3.93939 2.49068 -0.000268686
-3.33333 2.49068 -0.000352729
-2.72727 2.49068 -0.000138811
-2.12121 2.49068 0.000561581
-1.51515 2.49068 0.00174846
-0.909091 2.49068 0.00309414
-0.30303 2.49068 0.00400898
0.30303 2.49068 0.0040022
0.909091 2.49068 0.00307749
1.51515 2.49068 0.00173008
2.12121 2.49068 0.00054829
2.72727 2.49068 -0.000144958
3.33333 2.49068 -0.000353647
3.93939 2.49068 -0.000267443
4.54545 2.49068 -9.53844e-05
5.15152 2.49068 3.09576e-05
5.75758 2.49068 7.37201e-05
6.36364 2.49068 5.57283e-05
6.9697 2.49068 1.71256e-05
7.57576 2.49068 -1.32175e-05
8.18182 2.49068 -2.56219e-05
8.78788 2.49068 -2.38962e-05
9.39394 2.49068 -1.61471e-05
10 2.49068 -6.34846e-06
-10 2.54153 -7.42019e-06
-9.39394 2.54153 -1.36727e-05
-8.78788 2.54153 -2.05315e-05
-8.18182 2.54153 -2.30621e-05
-7.57576 2.54153 -1.40681e-05
-6.9697 2.54153 1.10915e-05
-6.36364 2.54153 4.61285e-05
-5.75758 2.54153 6.71415e-05
-5.15152 2.54153 3.73084e-05
-4.54545 2.54153 -6.86648e-05
-3.93939 2.54153 -0.00022335
-3.33333 2.54153 -0.000311183
-2.72727 2.54153 -0.000137681
-2.12121 2.54153 0.000482235
-1.51515 2.54153 0.00156346
-0.909091 2.54153 0.00280883
-0.30303 2.54153 0.00366284
0.30303 2.54153 0.00365696
0.909091 2.54153 0.00279445
1.51515 2.54153 0.00154778
2.12121 2.54153 0.000471117
2.72727 2.54153 -0.000142621
3.33333 2.54153 -0.00031176
3.93939 2.54153 -0.000222241
4.54545 2.54153 -6.7635e-05
5.15152 2.54153 3.76977e-05
5.75758 2.54153 6.70194e-05
6.36364 2.54153 4.57919e-05
6.9697 2.54153 1.07552e-05
7.57576 2.54153 -1.4314e-05
8.18182 2.54153 -2.32133e-05
8.78788 2.54153 -2.06219e-05
9.39394 2.54153 -1.374e-05
10 2.54153 -5.5842e-06
-10 2.59237 -6.50294e-06
-9.39394 2.59237 -1.15761e-05
-8.78788 2.59237 -1.74285e-05
-8.18182 2.59237 -2.03677e-05
-7.57576 2.59237 -1.43028e-05
-6.9697 2.59237 5.80613e-06
-6.36364 2.59237 3.66874e-05
-5.75758 2.59237 5.95149e-05
-5.15152 2.59237 4.15181e-05
-4.54545 2.59237 -4.42134e-05
-3.93939 2.59237 -0.000180726
-3.33333 2.59237 -0.000270021
-2.72727 2.59237 -0.000134349
-2.12121 2.59237 0.000406389
-1.51515 2.59237 0.00138127
-0.909091 2.59237 0.0025243
-0.30303 2.59237 0.00331579
0.30303 2.59237 0.00331077
0.909091 2.59237 0.00251209
1.51515 2.59237 0.00136812
2.12121 2.59237 0.00039728
2.72727 2.59237 -0.000138212
3.33333 2.59237 -0.000270326
3.93939 2.59237 -0.000179763
4.54545 2.59237 -4.33992e-05
5.15152 2.59237 4.17884e-05
5.75758 2.59237 5.93845e-05
6.36364 2.59237 3.6401e-05
6.9697 2.59237 5.52648e-06
7.57576 2.59237 -1.45107e-05
8.18182 2.59237 -2.05015e-05
8.78788 2.59237 -1.75133e-05
9.39394 2.59237 -1.16404e-05
10 2.59237 -4.88557e-06
-10 2.64322 -5.7409e-06
-9.39394 2.64322 -9.78065e-06
-8.78788 2.64322 -1.45626e-05
-8.18182 2.64322 -1.74932e-05
-7.57576 2.64322 -1.37176e-05
-6.9697 2.64322 1.72332e-06
-6.36364 2.64322 2.79897e-05
-5.75758 2.64322 5.11478e-05
-5.15152 2.64322 4.30843e-05
-4.54545 2.64322 -2.35099e-05
-3.93939 2.64322 -0.000141126
-3.33333 2.64322 -0.000229384
-2.72727 2.64322 -0.000128628
-2.12121 2.64322 0.000334443
-1.51515 2.64322 0.00120215
-0.909091 2.64322 0.00224046
-0.30303 2.64322 0.00296743
0.30303 2.64322 0.00296322
0.909091 2.64322 0.00223031
1.51515 2.64322 0.00119137
2.12121 2.64322 0.000327171
2.72727 2.64322 -0.000131547
3.33333 2.64322 -0.000229482
3.93939 2.64322 -0.000140313
4.54545 2.64322 -2.28864e-05
5.15152 2.64322 4.3262e-05
5.75758 2.64322 5.10219e-05
6.36364 2.64322 2.77521e-05
6.9697 2.64322 1.493e-06
7.57576 2.64322 -1.3894e-05
8.18182 2.64322 -1.76123e-05
8.78788 2.64322 -1.46413e-05
9.39394 2.64322 -9.84036e-06
10 2.64322 -4.86204e-06
-10 2.69407 -5.07651e-06
-9.39394 2.69407 -8.25708e-06
-8.78788 2.69407 -1.19903e-05
-8.18182 2.69407 -1.45786e-05
-7.57576 2.69407 -1.24379e-05
-6.9697 2.69407 -1.13334e-06
-6.36364 2.69407 2.02498e-05
-5.75758 2.69407 4.23089e-05
-5.15152 2.69407 4.2091e-05
-4.54545 2.69407 -6.7811e-06
-3.93939 2.69407 -0.000104937
-3.33333 2.69407 -0.000189484
-2.72727 2.69407 -0.000120318
-2.12121 2.69407 0.000266887
-1.51515 2.69407 0.00102648
-0.909091 2.69407 0.00195723
-0.30303 2.69407 0.00261723
0.30303 2.69407 0.00261379
0.909091 2.69407 0.00194901
1.51515 2.69407 0.0010179
2.12121 2.69407 0.000261272
2.72727 2.69407 -0.000122426
3.33333 2.69407 -0.000189439
3.93939 2.69407 -0.000104278
4.54545 2.69407 -6.32201e-06
5.15152 2.69407 4.22006e-05
5.75758 2.69407 4.21969e-05
6.36364 2.69407 2.0058e-05
6.9697 2.69407 -1.32172e-06
7.57576 2.69407 -1.25881e-05
8.18182 2.69407 -1.46844e-05
8.78788 2.69407 -1.20618e-05
9.39394 2.69407 -8.31084e-06
10 2.69407 -4.83851e-06
-10 2.74492 -4.4489e-06
-9.39394 2.74492 -6.95179e-06
-8.78788 2.74492 -9.74143e-06
-8.18182 2.74492 -1.17677e-05
-7.57576 2.74492 -1.0635e-05
-6.9697 2.74492 -2.79019e-06
-6.36364 2.74492 1.36866e-05
-5.75758 2.74492 3.33405e-05
-5.15152 2.74492 3.8702e-05
-4.54545 2.74492 5.74233e-06
-3.93939 2.74492 -7.2656e-05
-3.33333 2.74492 -0.000150645
-2.72727 2.74492 -0.000109217
-2.12121 2.74492 0.000204345
-1.51515 2.74492 0.000854777
-0.909091 2.74492 0.00167452
-0.30303 2.74492 0.00226455
0.30303 2.74492 0.00226184
0.909091 2.74492 0.00166809
1.51515 2.74492 0.000848201
2.12121 2.74492 0.000200197
2.72727 2.74492 -0.00011065
3.33333 2.74492 -0.000150514
3.93939 2.74492 -7.21461e-05
4.54545 2.74492 6.06456e-06
5.15152 2.74492 3.87655e-05
5.75758 2.74492 3.32484e-05
6.36364 2.74492 1.35357e-05
6.9697 2.74492 -2.94359e-06
7.57576 2.74492 -1.07627e-05
8.18182 2.74492 -1.18604e-05
8.78788 2.74492 -9.80444e-06
9.39394 2.74492 -6.99853e-06
10 2.74492 -4.49208e-06
-10 2.79576 -3.80359e-06
-9.39394 2.79576 -5.78859e-06
-8.78788 2.79576 -7.80568e-06
-8.18182 2.79576 -9.19122e-06
-7.57576 2.79576 -8.52768e-06
-6.9697 2.79576 -3.35131e-06
-6.36364 2.79576 8.49801e-06
-5.75758 2.79576 2.46709e-05
-5.15152 2.79576 3.32066e-05
-4.54545 2.79576 1.38541e-05
-3.93939 2.79576 -4.49097e-05
-3.33333 2.79576 -0.000113362
-2.72727 2.79576 -9.5143e-05
-2.12121 2.79576 0.000147615
-1.51515 2.79576 0.000687744
-0.909091 2.79576 0.00139223
-0.30303 2.79576 0.00190854
0.30303 2.79576 0.0019065
0.909091 2.79576 0.00138745
1.51515 2.79576 0.000682969
2.12121 2.79576 0.000144735
2.72727 2.79576 -9.60377e-05
3.33333 2.79576 -0.000113199
3.93939 2.79576 -4.4541e-05
4.54545 2.79576 1.40678e-05
5.15152 2.79576 3.32427e-05
5.75758 2.79576 2.46012e-05
6.36364 2.79576 8.38183e-06
6.9697 2.79576 -3.47555e-06
7.57576 2.79576 -8.63492e-06
8.18182 2.79576 -9.27007e-06
8.78788 2.79576 -7.85896e-06
9.39394 2.79576 -5.82766e-06
10 2.79576 -1.96837e-06
-10 2.84661 -3.10617e-06
-9.39394 2.84661 -4.68027e-06
-8.78788 2.84661 -6.12081e-06
-8.18182 2.84661 -6.93542e-06
-7.57576 2.84661 -6.36976e-06
-6.9697 2.84661 -3.03276e-06
-6.36364 2.84661 4.80926e-06
-5.75758 2.84661 1.68137e-05
-5.15152 2.84661 2.60892e-05
-4.54545 2.84661 1.74376e-05
-3.93939 2.84661 -2.24914e-05
-3.33333 2.84661 -7.84127e-05
-2.72727 2.84661 -7.79916e-05
-2.12121 2.84661 9.77497e-05
-1.51515 2.84661 0.000526421
-0.909091 2.84661 0.00111034
-0.30303 2.84661 0.00154804
0.30303 2.84661 0.00154661
0.909091 2.84661 0.00110703
1.51515 2.84661 0.000523223
2.12121 2.84661 9.59266e-05
2.72727 2.84661 -7.84832e-05
3.33333 2.84661 -7.82607e-05
3.93939 2.84661 -2.22488e-05
4.54545 2.84661 1.75712e-05
5.15152 2.84661 2.61122e-05
5.75758 2.84661 1.6765e-05
6.36364 2.84661 4.72134e-06
6.9697 2.84661 -3.13186e-06
7.57576 2.84661 -6.45686e-06
8.18182 2.84661 -6.99923e-06
8.78788 2.84661 -6.16346e-06
9.39394 2.84661 -4.7115e-06
10 2.84661 -1.16838e-06
-10 2.89746 -2.35343e-06
-9.39394 2.89746 -3.5546e-06
-8.78788 2.89746 -4.57823e-06
-8.18182 2.89746 -5.00003e-06
-7.57576 2.89746 -4.4008e-06
-6.9697 2.89746 -2.18813e-06
-6.36364 2.89746 2.57468e-06
-5.75758 2.89746 1.03226e-05
-5.15152 2.89746 1.8128e-05
-4.54545 2.89746 1.66071e-05
-3.93939 2.89746 -6.36659e-06
-3.33333 2.89746 -4.70398e-05
-2.72727 2.89746 -5.78792e-05
-2.12121 2.89746 5.61722e-05
-1.51515 2.89746 0.000372425
-0.909091 2.89746 0.000828853
-0.30303 2.89746 0.00118135
0.30303 2.89746 0.00118046
0.909091 2.89746 0.000826839
1.51515 2.89746 0.000370557
2.12121 2.89746 5.51832e-05
2.72727 2.89746 -5.80997e-05
3.33333 2.89746 -4.69319e-05
3.93939 2.89746 -6.22725e-06
4.54545 2.89746 1.66874e-05
5.15152 2.89746 1.81463e-05
5.75758 2.89746 1.02907e-05
6.36364 2.89746 2.50962e-06
6.9697 2.89746 -2.26358e-06
7.57576 2.89746 -4.46682e-06
8.18182 2.89746 -5.04776e-06
8.78788 2.89746 -4.60996e-06
9.39394 2.89746 -3.57805e-06
10 2.89746 -3.70253e-07
-10 2.94831 -1.56807e-06
-9.39394 2.94831 -2.38323e-06
-8.78788 2.94831 -3.06548e-06
-8.18182 2.94831 -3.27945e-06
-7.57576 2.94831 -2.74283e-06
-6.9697 2.94831 -1.25443e-06
-6.36364 2.94831 1.43428e-06
-5.75758 2.94831 5.59343e-06
-5.15152 2.94831 1.04853e-05
-4.54545 2.94831 1.2053e-05
-3.93939 2.94831 2.4168e-06
-3.33333 2.94831 -2.1312e-05
-2.72727 2.94831 -3.54777e-05
-2.12121 2.94831 2.48146e-05
-1.51515 2.94831 0.00022846
-0.909091 2.94831 0.000548135
-0.30303 2.94831 0.000805755
0.30303 2.94831 0.000805327
0.909091 2.94831 0.0005472
1.51515 2.94831 0.000227648
2.12121 2.94831 2.44207e-05
2.72727 2.94831 -3.55537e-05
3.33333 2.94831 -2.12623e-05
3.93939 2.94831 2.48472e-06
4.54545 2.94831 1.21013e-05
5.15152 2.94831 1.04999e-05
5.75758 2.94831 5.57277e-06
6.36364 2.94831 1.38971e-06
6.9697 2.94831 -1.30552e-06
7.57576 2.94831 -2.78667e-06
8.18182 2.94831 -3.3108e-06
8.78788 2.94831 -3.08642e-06
9.39394 2.94831 -2.39899e-06
10 2.94831 -3.6276e-07
-10 2.99915 -7.74892e-07
-9.39394 2.99915 -1.1814e-06
-8.78788 2.99915 -1.52618e-06
-8.18182 2.99915 -1.62816e-06
-7.57576 2.99915 -1.32402e-06
-6.9697 2.99915 -5.32867e-07
-6.36364 2.99915 7.32815e-07
-5.75758 2.99915 2.42378e-06
-5.15152 2.99915 4.37419e-06
-4.54545 2.99915 5.65822e-06
-3.93939 2.99915 3.60389e-06
-3.33333 2.99915 -4.72723e-06
-2.72727 2.99915 -1.34391e-05
-2.12121 2.99915 6.448e-06
-1.51515 2.99915 9.98686e-05
-0.909091 2.99915 0.000269063
-0.30303 2.99915 0.00041651
0.30303 2.99915 0.000416477
0.909091 2.99915 0.000268981
1.51515 2.99915 9.97736e-05
2.12121 2.99915 6.37664e-06
2.72727 2.99915 -1.34674e-05
3.33333 2.99915 -4.71687e-06
3.93939 2.99915 3.63253e-06
4.54545 2.99915 5.6827e-06
5.15152 2.99915 4.38115e-06
5.75758 2.99915 2.41206e-06
6.36364 2.99915 7.09617e-07
6.9697 2.99915 -5.58358e-07
7.57576 2.99915 -1.3454e-06
8.18182 2.99915 -1.64337e-06
8.78788 2.99915 -1.5365e-06
9.39394 2.99915 -1.18936e-06
10 2.99915 -3.55267e-07
-10 3.05 0
-9.39394 3.05 -1.15834e-22
-8.78788 3.05 0
-8.18182 3.05 1.85851e-22
-7.57576 3.05 0
-6.9697 3.05 -1.05338e-22
-6.36364 3.05 -1.49671e-23
-5.75758 3.05 0
-5.15152 3.05 0
-4.54545 3.05 0
-3.93939 3.05 -6.48316e-22
-3.33333 3.05 0
-2.72727 3.05 1.27695e-21
-2.12121 3.05 0
-1.51515 3.05 0
-0.909091 3.05 0
-0.30303 3.05 0
0.30303 3.05 -2.58066e-20
0.909091 3.05 -2.04854e-20
1.51515 3.05 -9.70416e-21
2.12121 3.05 0
2.72727 3.05 8.78046e-22
3.33333 3.05 6.3888e-22
3.93939 3.05 3.97938e-23
4.54545 3.05 0
5.15152 3.05 -3.07737e-22
5.75758 3.05 0
6.36364 3.05 9.07186e-23
6.9697 3.05 0
7.57576 3.05 0
8.18182 3.05 -8.69931e-23
8.78788 3.05 0
9.39394 3.05 -8.07257e-23
10 3.05 0
