2099	
	-0.0001991974467	6.51748225e-06	0.0003436429137	0.0007237577879	0.0009795471095
	0.0008995587897	0.0003028262754	-0.0008608351464	-0.002416990399	-0.003922482249
	-0.004711218941	-0.004048827159	-0.001378685821	0.003399804753	0.009712884617
	0.01626456979	0.02128263298	0.0231428696	0.02118112564	0.0160912554
	0.009514887227	0.003223803856	-0.001501257205	-0.004108059992	-0.004716172129
	-0.003893191824	-0.002375428099	-0.00082410949	0.0003256044611	0.000906983417
	0.0009754307216	0.0007139639441	0.0003334616016	-7.807945577e-07	-0.000197981755
	-5.433670907e-06	0.000316652349	0.0006855449929	0.0009406558191	0.0008759463199
	0.0003118893914	-0.0008062293865	-0.002314826054	-0.00378605647	-0.004569700716
	-0.003942859895	-0.001351544254	0.003313392705	0.009497115223	0.01592896325
	0.02086225151	0.02269182807	0.02076079399	0.01575623088	0.009300698372
	0.003139907837	-0.001471330505	-0.003999927176	-0.00457372451	-0.003757151082
	-0.00227456421	-0.0007711071677	0.0003333086235	0.0008825697168	0.0009363423624
	0.0006760059157	0.0003069381017	-1.227502546e-05	-0.0002010771091	-0.0001963965834
	-1.660984779e-05	0.0002907087866	0.0006483818508	0.000902473573	0.0008523836206
	0.0003201525521	-0.0007532629962	-0.002214914843	-0.003652106366	-0.004430420658
	-0.0038384739	-0.001325034105	0.003227426162	0.009282835566	0.01559572904
	0.02044486498	0.02224406611	0.02034363123	0.01542385187	0.009088266468
	0.003056638404	-0.001441964564	-0.003893389088	-0.004433563498	-0.00362362597
	-0.002175962632	-0.0007197223118	0.0003402522748	0.000858245579	0.0008979900809
	0.0006391064479	0.0002814545585	-2.301037076e-05	-0.0001992024791	-0.0001944564214
	-2.702644891e-05	0.0002657996051	0.0006122609513	0.0008649988135	0.0008288742213
	0.0003276232127	-0.0007019251452	-0.002117242143	-0.003520612736	-0.004293355145
	-0.003735643558	-0.001299132855	0.003141917819	0.009070042388	0.01526484502
	0.02003043453	0.02179953543	0.01992959022	0.01509408262	0.008877573643
	0.002973996308	-0.001413144167	-0.003788422668	-0.004295664485	-0.003492594534
	-0.002079605869	-0.000669942149	0.0003464435355	0.0008340141288	0.0008603713552
	0.000603257154	0.0002569977486	-3.300232012e-05	-0.0001969897185	-0.0001921758548
	-3.669892597e-05	0.0002419122903	0.0005771751838	0.0008282303856	0.0008054219738
	0.0003343088887	-0.0006522052814	-0.002021793871	-0.003391556984	-0.004158481028
	-0.003634343464	-0.00127381794	0.00305688055	0.008858732617	0.01493628918
	0.01961892136	0.02135818786	0.01951862406	0.01476688783	0.008668602487
	0.002891982716	-0.001384853896	-0.003685004984	-0.004160003335	-0.003364035494
	-0.001985477062	-0.0006217542784	0.0003518905129	0.0008098787726	0.0008234840571
	0.0005684499622	0.0002335545846	-4.226638442e-05	-0.0001944530566	-0.0001895695758
	-4.564279343e-05	0.0002190344249	0.0005431177333	0.0007921675413	0.0007820310649
	0.000340217171	-0.0006040931214	-0.001928556483	-0.003264921137	-0.004025775643
	-0.00353454843	-0.001249066748	0.002972327435	0.00864890338	0.01461003963
	0.01921028672	0.02091997531	0.0191106861	0.01444223254	0.008461336092
	0.002810599246	-0.001357078105	-0.003583113239	-0.004026556405	-0.003237928264
	-0.00189355999	-0.0005751466645	0.0003566013163	0.0007858432097	0.0007873264562
	0.0005346771129	0.0002111121058	-5.081810801e-05	-0.0001916068103	-0.0001866523935
	-5.387364282e-05	0.0001971536767	0.0005100820751	0.0007568099457	0.0007587060313
	0.000345355743	-0.0005575786407	-0.001837516985	-0.00314068786	-0.003895216829
	-0.003436233489	-0.001224856601	0.002888271775	0.008440552023	0.01428607455
	0.01880449187	0.02048484976	0.01870572987	0.01412008224	0.00825575808
	0.002729848002	-0.001329800911	-0.003482724776	-0.003895300564	-0.003114252966
	-0.001803839083	-0.0005301076297	0.0003605840718	0.0007619114478	0.0007518972278
	0.0005019311552	0.0001896574669	-5.867308349e-05	-0.0001884653968	-0.0001834392456
	-6.140715921e-05	0.0001762577843	0.0004780619709	0.0007221576851	0.0007354517773
	0.0003497323989	-0.0005126520664	-0.001748662933	-0.003018840473	-0.003766782945
	-0.003339373896	-0.001201164736	0.00280472713	0.008233676128	0.01396437226
	0.01840149804	0.02005276317	0.01830370909	0.01380040281	0.00805185263
	0.002649731606	-0.001303006171	-0.003383817085	-0.003766213214	-0.002992990456
	-0.001716299423	-0.0004866258479	0.0003638469401	0.0007380878205	0.0007171954607
	0.0004702049426	0.0001691779234	-6.584696881e-05	-0.0001850433456	-0.0001799452095
	-6.825913972e-05	0.0001563345408	0.0004470514633	0.0006882112762	0.0007122735947
	0.0003533550622	-0.0004693038701	-0.00166198245	-0.002899362978	-0.00364045289
	-0.003243945132	-0.001177968293	0.002721707337	0.008028273535	0.01364491114
	0.01800126645	0.01962366749	0.01790457764	0.01348316053	0.007849604502
	0.002570253232	-0.00127667746	-0.003286367798	-0.003639272304	-0.002874122342
	-0.001630926765	-0.0004446903372	0.0003663981359	0.0007143770074	0.0006832206677
	0.0004394916281	0.000149660816	-7.23555062e-05	-0.0001813553104	-0.0001761855148
	-7.444551371e-05	0.0001373717761	0.0004170448702	0.0006549716772	0.0006891771845
	0.0003562318077	-0.0004275247605	-0.001577464236	-0.002782240079	-0.003516206122
	-0.003149922905	-0.001155244288	0.00263922655	0.007824342365	0.01332766971
	0.01760375824	0.0191975146	0.01750828951	0.01316832209	0.007648999064
	0.002491416641	-0.001250798051	-0.003190354696	-0.003514456353	-0.002757631008
	-0.001547707536	-0.0004042904529	0.0003682459486	0.0006907840565	0.0006499727965
	0.0004097846595	0.0001310935519	-7.821454301e-05	-0.000177416083	-0.0001721755556
	-7.998236489e-05	0.0001193573365	0.0003880367783	0.0006224402998	0.0006661686817
	0.0003583708833	-0.0003873056769	-0.00149509758	-0.00266745721	-0.003394022681
	-0.003057283148	-0.001132969593	0.002557299267	0.007621881049	0.01301262656
	0.01720893446	0.01877425624	0.01711479878	0.01285585458	0.007450022315
	0.002413226211	-0.001225350894	-0.003095755707	-0.003391744475	-0.00264349964
	-0.00146662886	-0.0003654158802	0.0003693987659	0.000667314409	0.0006174522424
	0.0003810777725	0.0001134635852	-8.344005423e-05	-0.0001732406058	-0.0001679309035
	-8.488595517e-05	0.0001022790625	0.000360022036	0.0005906190219	0.0006432546816
	0.0003597807351	-0.0003486377825	-0.00141487238	-0.002555000566	-0.003273883214
	-0.002966002025	-0.001111120911	0.002475940376	0.007420888348	0.0126997604
	0.01681675602	0.01835384405	0.0167240596	0.01254572549	0.007252660906
	0.002335686977	-0.00120031859	-0.003002548909	-0.003271116392	-0.002531712253
	-0.001387678565	-0.0003280566263	0.0003698650983	0.0006439739264	0.0005856598615
	0.000353364984	9.675839413e-05	-8.804816691e-05	-0.0001688439858	-0.0001634673206
	-8.917275035e-05	8.612476467e-05	0.0003329957447	0.0005595102014	0.0006204422688
	0.0003604700343	-0.000311512456	-0.001336779157	-0.002444857135	-0.003155768999
	-0.002876055929	-0.001089674747	0.002395165188	0.00722136339	0.01238905002
	0.01642718371	0.01793622943	0.01633602612	0.01223790269	0.007056902176
	0.002258804669	-0.001175683363	-0.002910712533	-0.003152552472	-0.002422253725
	-0.001310845202	-0.0002922030113	0.0003696536074	0.0006207689203	0.0005545969852
	0.0003266405841	8.09654569e-05	-9.205518633e-05	-0.0001642415085	-0.0001588007728
	-9.285944772e-05	7.088219668e-05	0.0003069532492	0.000529116691	0.0005977390488
	0.0003604477065	-0.0002759212835	-0.001260809076	-0.002337014733	-0.003039661976
	-0.002787421488	-0.001068607385	0.002314989485	0.0070233057	0.01208047432
	0.0160401781	0.01752136355	0.01595065252	0.01193235447	0.006862734169
	0.00218258575	-0.00115142704	-0.00282022496	-0.003036033745	-0.002315109828
	-0.00123611806	-0.000257845659	0.0003687731359	0.000597706184	0.000524265435
	0.0003008991265	6.60722248e-05	-9.547762399e-05	-0.0001594486518	-0.0001539474434
	-9.596300562e-05	5.653902587e-05	0.0002818901268	0.0004994418535	0.0005751531821
	0.0003597229641	-0.0002418560487	-0.001186953966	-0.002231462041	-0.002925544777
	-0.002700075564	-0.001047894849	0.002235429569	0.006826715241	0.01177401233
	0.01565569957	0.0171091973	0.01556789289	0.01162904946	0.006670145676
	0.002107037463	-0.001127531015	-0.00273106473	-0.002921541941	-0.002210267263
	-0.001163487188	-0.0002249754852	0.0003672327407	0.0005747930275	0.0004946675387
	0.0002761354178	5.206609278e-05	-9.833222766e-05	-0.0001544811005	-0.0001489237464
	-9.850067508e-05	4.308280086e-05	0.0002578021735	0.0004704895776	0.0005526934209
	0.0003583053421	-0.0002093087217	-0.001115206342	-0.002128188652	-0.002813400764
	-0.002613995257	-0.001027512877	0.002156502309	0.006631592445	0.01146964314
	0.01527370823	0.01669968118	0.01518770126	0.01132795672	0.006479126261
	0.002032167878	-0.001103976222	-0.002643210542	-0.002809059522	-0.002107713705
	-0.001092943412	-0.0001935836858	0.0003650417297	0.0005520373155	0.0004658061473
	0.0002523445047	3.893436715e-05	-0.0001006360133	-0.0001493547603	-0.0001437463396
	-0.0001004900336	3.050091592e-05	0.0002346853893	0.0004422642946	0.0005303691496
	0.0003562047373	-0.0001782714461	-0.001045559428	-0.002027185112	-0.002703214066
	-0.002529157915	-0.00100743688	0.002078225206	0.006437938267	0.01116734598
	0.01489416388	0.01629276531	0.01481003151	0.01102904566	0.006289666301
	0.001957985941	-0.0010807431	-0.002556641264	-0.002698569721	-0.002007437844
	-0.001024478359	-0.0001636617223	0.000362209702	0.0005294475079	0.0004376846514
	0.0002295216595	2.666423007e-05	-0.0001024062995	-0.0001440857718	-0.0001384321379
	-0.000101949021	1.87805717e-05	0.0002125359602	0.000414770995	0.0005081904276
	0.0003534314519	-0.0001487365234	-0.0009780071828	-0.001928442973	-0.002594969626
	-0.002445541134	-0.0009876419059	0.002000616447	0.006245754227	0.01086710019
	0.01451702599	0.0158883993	0.01443483733	0.01073228608	0.006101757029
	0.001884501539	-0.001057811559	-0.002471335936	-0.002590056583	-0.001909429435
	-0.0009580844781	-0.0001352013047	0.0003587465924	0.000507032704	0.0004103069997
	0.0002076623627	1.524270053e-05	-0.0001036607431	-0.0001386905241	-0.000132998325
	-0.0001028959781	7.908731983e-06	0.000191350237	0.0003880152458	0.0004861680369
	0.0003499962422	-0.0001206963954	-0.000912544324	-0.001831954852	-0.002488653246
	-0.002363122773	-0.0009681025998	0.00192369498	0.006055042465	0.01056888524
	0.01414225363	0.01548653224	0.01406207218	0.01043764815	0.005915390579
	0.001811725552	-0.001035160941	-0.002387273779	-0.002483505012	-0.001813679349
	-0.0008937550653	-0.0001081943728	0.0003546627208	0.0004848026907	0.0003836777163
	0.0001867622829	4.65659137e-06	-0.0001044173789	-0.0001331856677	-0.0001274623648
	-0.0001033496875	-2.127924084e-06	0.0001711247113	0.0003620032073	0.0004643135327
	0.000345910372	-9.414362264e-05	-0.0008491663592	-0.001737714485	-0.002384251644
	-0.00228188096	-0.0009487931566	0.001847480584	0.005865805802	0.01027268069
	0.01376980545	0.01508711256	0.01369168923	0.0101451024	0.005730560036
	0.001739669931	-0.001012769978	-0.002304434211	-0.00237890083	-0.001720179636
	-0.0008314842906	-8.263307367e-05	0.0003499688471	0.0004627679939	0.0003578019193
	0.000166817253	-5.107538133e-06	-0.0001046946597	-0.0001275881268	-0.0001218420116
	-0.0001033294163	-1.134305467e-05	0.0001518559867	0.0003367416503	0.0004426392988
	0.0003411856729	-6.907085992e-05	-0.0007878696127	-0.001645716801	-0.00228175252
	-0.002201794107	-0.000929687275	0.001771993953	0.005678047803	0.009978466274
	0.01339963956	0.01469008799	0.01332364128	0.009854619763	0.005547259497
	0.001668347769	-0.0009906167513	-0.002222796855	-0.00227623083	-0.001628923588
	-0.0007712672243	-5.850973526e-05	0.0003446762316	0.000440939935	0.000332685338
	0.0001478232428	-1.406343454e-05	-0.0001045115008	-0.0001219151098	-0.0001161553184
	-0.0001028549631	-1.975071357e-05	0.0001335407455	0.0003122379722	0.0004211586073
	0.0003358346111	-4.547082637e-05	-0.0007286512568	-0.001555957992	-0.002181144616
	-0.00212284093	-0.0009107581055	0.001697256789	0.005491772851	0.009686221833
	0.01303171355	0.01429540544	0.01295788074	0.009566171517	0.005365484134
	0.001597773385	-0.000968678637	-0.002142341562	-0.00217548285	-0.001539905812
	-0.0007130998663	-3.581683611e-05	0.0003387967031	0.0004193306914	0.000308334331
	0.0001297763266	-2.222520805e-05	-0.0001038873255	-0.0001161841189	-0.0001104206427
	-0.0001019467054	-2.73654146e-05	0.0001161757095	0.0002885002122	0.0003998856835
	0.0003298703622	-2.333627084e-05	-0.0006715093437	-0.001468435594	-0.002082417803
	-0.002045000464	-0.0008919781954	0.001623291897	0.00530698623	0.009395927373
	0.01266598434	0.01390301091	0.01259435949	0.009279729327	0.005185230265
	0.001527962422	-0.0009469322597	-0.002063048428	-0.002076645847	-0.001453122306
	-0.0006569791766	-1.454696933e-05	0.0003323427347	0.0003979533628	0.0002847559023
	0.0001126726448	-2.960739632e-05	-0.000102842114	-0.0001104129565	-0.0001046566499
	-0.0001006256515	-3.420220297e-05	9.975759424e-05	0.0002655370658	0.0003788357761
	0.000323306895	-2.659930554e-06	-0.0006164428384	-0.001383148579	-0.001985563167
	-0.001968252094	-0.0008733194286	0.001550123298	0.005123694213	0.009107563059
	0.01230240816	0.01351284935	0.01223302883	0.008995265234	0.005006495444
	0.001458931945	-0.0009253534339	-0.001984897822	-0.001979709983	-0.001368570552
	-0.0006029031064	5.307199363e-06	0.0003253275276	0.0003768220416	0.0002619577169
	9.650836006e-05	-3.622503524e-05	-0.000101396455	-0.0001046197298	-9.888231324e-05
	-9.891349355e-05	-4.027673422e-05	8.428305576e-05	0.0002433578959	0.0003580252332
	0.0003161590656	1.656551753e-05	-0.0005634516524	-0.001300097454	-0.001890573104
	-0.001892575583	-0.0008547529607	0.001477776355	0.004941904167	0.008821109227
	0.01194094044	0.01312486455	0.01187383942	0.008712751663	0.004829278544
	0.001390700562	-0.0009039171027	-0.001907870417	-0.001884666727	-0.001286249607
	-0.000550870631	2.375298121e-05	0.0003177651066	0.0003559518908	0.000239948114
	8.127960469e-05	-4.209373704e-05	-9.957159913e-05	-9.882285119e-05	-9.311690804e-05
	-9.683266381e-05	-4.560536163e-05	6.974862787e-05	0.0002219727421	0.0003374715843
	0.0003084427229	3.434751452e-05	-0.0005125366783	-0.001219284369	-0.001797441442
	-0.001817951109	-0.0008362491498	0.001406277905	0.004761624669	0.008536546408
	0.01158153572	0.01273899901	0.01151674111	0.008432161433	0.004653579874
	0.001323288551	-0.0008825972722	-0.001831947227	-0.001791508962	-0.001206160219
	-0.0005008817825	4.079772264e-05	0.0003096704258	0.0003353592269	0.0002187361174
	6.698242003e-05	-4.722977705e-05	-9.73895154e-05	-9.304103435e-05	-8.738000169e-05
	-9.440639238e-05	-5.020523305e-05	5.615064905e-05	0.0002013923258	0.0003171936294
	0.0003001748277	5.069368788e-05	-0.0004636998245	-0.001140713238	-0.001706163561
	-0.001744359314	-0.00081777748	0.001335656415	0.004582865631	0.00825385534
	0.01122414752	0.01235519373	0.01116168289	0.008153467764	0.004479401291
	0.001256718007	-0.0008613669388	-0.001757109654	-0.001700231115	-0.001128304936
	-0.0004529376839	5.644887414e-05	0.0003010594885	0.0003150616099	0.0001983314425
	5.361268482e-05	-5.165018957e-05	-9.487294925e-05	-8.729328468e-05	-8.169143556e-05
	-9.165876678e-05	-5.409439814e-05	4.348517695e-05	0.0001816280499	0.0002972115341
	0.0002913735866	6.561193257e-05	-0.0004169440494	-0.001064389877	-0.001616736547
	-0.001671781356	-0.0007993064797	0.001265942152	0.004405638456	0.007973016997
	0.01086872829	0.01197338807	0.01080861276	0.007876644291	0.004306746342
	0.001191013006	-0.0008401980114	-0.001683339543	-0.001610829301	-0.001052688247
	-0.0004070405822	7.071407147e-05	0.0002919494811	0.0002950779401	0.0001787444979
	4.116603157e-05	-5.537287415e-05	-9.204548248e-05	-8.159888283e-05	-7.607129858e-05
	-8.861479242e-05	-5.729192689e-05	3.174788821e-05	0.0001626919917	0.0002775469331
	0.0002820586032	7.911050721e-05	-0.000372273394	-0.0009903221482	-0.001529159355
	-0.001600198978	-0.0007808036332	0.001197167377	0.004229956196	0.007694012611
	0.01051522917	0.01159351952	0.01045747753	0.007601665088	0.004135620424
	0.001126199785	-0.000819061226	-0.001610619248	-0.001523301489	-0.0009793167277
	-0.0003631938802	8.360123203e-05	0.0002823589253	0.0002754285626	0.000159986381
	2.963774855e-05	-5.841671318e-05	-8.893159411e-05	-7.597735954e-05	-7.053988996e-05
	-8.530045305e-05	-5.98180408e-05	2.093396141e-05	0.0001445968873	0.0002582230397
	0.0002722510492	9.119814854e-05	-0.0003296930126	-0.0009185201313	-0.001443433006
	-0.00152959459	-0.0007622352839	0.001129366558	0.004055833753	0.007416823712
	0.01016359995	0.01121552349	0.01010822275	0.007328504686	0.003966030961
	0.00106230696	-0.0007979260529	-0.001538931716	-0.001437647693	-0.0009081992011
	-0.0003214021668	9.511866901e-05	0.0002723078492	0.000256135379	0.0001420688641
	1.902266488e-05	-6.080170194e-05	-8.555672131e-05	-7.044845997e-05	-6.511766884e-05
	-8.17427699e-05	-6.169425759e-05	1.103793992e-05	0.0001273561045	0.0002392647639
	0.0002619738583	0.0001018842075	-0.0002892091997	-0.000848996305	-0.001359560802
	-0.001459951366	-0.0007435665307	0.001062576621	0.003883288095	0.007141432161
	0.009813788823	0.01083933301	0.009760792469	0.007057138106	0.003797987613
	0.0009993657527	-0.0007767605968	-0.00146826058	-0.001353870187	-0.0008393469243
	-0.0002816712434	0.0001052752272	0.0002618179811	0.0002372219666	0.0001250043706
	9.315015997e-06	-6.254909222e-05	-8.194731918e-05	-6.503209496e-05	-5.982518783e-05
	-7.796985792e-05	-6.294355065e-05	2.053571431e-06	0.000110983601	0.000220698837
	0.0002512519451	0.0001111788119	-0.0002508294103	-0.0007817657534	-0.001277548586
	-0.001391253364	-0.000724761115	0.0009968372252	0.003712338507	0.006867820205
	0.009465742206	0.01046487847	0.009415129056	0.006787540893	0.003631502523
	0.0009374102686	-0.0007555314868	-0.001398590283	-0.001271973761	-0.0007727737901
	-0.0002440081442	0.0001140804448	0.0002509129697	0.000218713705	0.0001088059359
	5.08285857e-07	-6.368155057e-05	-7.813091771e-05	-5.974827651e-05	-5.4683007e-05
	-7.401097642e-05	-6.359052414e-05	-6.026379936e-06	9.549386426e-05	0.000202553943
	0.0002401124549	0.00011909306	-0.0002145622724	-0.0007168463956	-0.001197405032
	-0.001323485672	-0.0007057812992	0.0009321910785	0.00354300689	0.006595970531
	0.00911940454	0.01009208723	0.009071172975	0.006519689171	0.003466590594
	0.0008764778004	-0.0007342037589	-0.001329906219	-0.001191966008	-0.0007084965554
	-0.0002084211491	0.0001215447462	0.0002396186329	0.0002006379099	9.348715064e-05
	-7.404977926e-06	-6.42233323e-05	-7.413617339e-05	-5.461703395e-05	-4.971158425e-05
	-6.989657135e-05	-6.36616047e-05	-1.321035368e-05	8.090182755e-05	0.0001848608552
	0.0002285850465	0.0001256392533	-0.000180417587	-0.000654259241	-0.00111914199
	-0.001256634589	-0.0006865877353	0.0008686843049	0.0033753181	0.006325866339
	0.008774718017	0.009720883234	0.008728862516	0.006253559693	0.003303269817
	0.0008166091837	-0.0007127407272	-0.001262194908	-0.001113857667	-0.0006465350949
	-0.0001749197839	0.0001276796732	0.0002279632412	0.000183023972	7.906208101e-05
	-1.443338084e-05	-6.420047197e-05	-6.99929127e-05	-4.965830661e-05	-4.493113691e-05
	-6.56583047e-05	-6.318525003e-05	-1.950825051e-05	6.722275591e-05	0.0001676525767
	0.0002167022143	0.0001308311752	-0.000148406311	-0.0005940286747	-0.001042774883
	-0.001190687837	-0.0006671393245	0.0008063668589	0.003209300343	0.006057491433
	0.008431622289	0.009351186567	0.008388133498	0.005989129924	0.00314156166
	0.0007578492036	-0.0006911038469	-0.001195444216	-0.001037663013	-0.0005869126839
	-0.0001435148046	0.0001324981624	0.0002159778401	0.0001659035003	6.554515863e-05
	-2.058693549e-05	-6.364099087e-05	-6.573216294e-05	-4.489180817e-05	-4.036146883e-05
	-6.13290657e-05	-6.219217437e-05	-2.493173391e-05	5.447209405e-05	0.0001509644813
	0.0002044996546	0.0001346844267	-0.0001185405175	-0.0005361827752	-0.0009683231705
	-0.001125634832	-0.0006473930664	0.0007452930075	0.003044985651	0.005790830324
	0.008090054131	0.008982912882	0.008048918917	0.005726378127	0.002981491515
	0.0007002470657	-0.0006692525665	-0.001129643614	-0.0009634003179	-0.000529656315
	-0.0001142181588	0.000136014878	0.0002036966161	0.0001493104664	5.295103348e-05
	-2.587735925e-05	-6.257512149e-05	-6.138616531e-05	-4.033685681e-05	-3.602175602e-05
	-5.694295636e-05	-6.071558983e-05	-2.949458283e-05	4.266526559e-05	0.000134834451
	0.0001920166823	0.0001372168307	-9.083332324e-05	-0.0004807536686	-0.000895810896
	-0.00106146701	-0.0006273039	0.0006855218885	0.002882410432	0.005525868364
	0.007749947042	0.008615972778	0.007711148542	0.005465283489	0.002823089244
	0.000643856943	-0.0006471441708	-0.001064784503	-0.0008910923924	-0.0004747970505
	-8.704291592e-05	0.0001382466145	0.0001911573142	0.0001332813455	4.129437878e-05
	-3.031842278e-05	-6.103554798e-05	-5.698836277e-05	-3.60121642e-05	-3.193028273e-05
	-5.253524202e-05	-5.879146116e-05	-3.321310391e-05	3.181741092e-05	0.0001193030019
	0.0001792967055	0.0001384489223	-6.529877376e-05	-0.0004277779224	-0.000825267328
	-0.0009981782381	-0.0006068245372	0.0006271181601	0.002721616128	0.005262591918
	0.007411230785	0.008250271047	0.007374748444	0.005205826264	0.00266638981
	0.0005887386143	-0.0006247336165	-0.001000860621	-0.0008207672224	-0.0004223704147
	-6.2003154e-05	0.0001392127831	0.000178401712	0.0001178552475	3.058963504e-05
	-3.392635764e-05	-5.905766036e-05	-5.257335344e-05	-3.193557546e-05	-2.810411888e-05
	-4.814225446e-05	-5.645876961e-05	-3.61066122e-05	2.194304693e-05	0.0001044133917
	0.0001663877638	0.0001384045425	-4.195166867e-05	-0.0003772969823	-0.0007567277225
	-0.000935765319	-0.0005859052912	0.0005701527631	0.002562650008	0.005000988564
	0.007073830836	0.00788570579	0.007039640435	0.004947987963	0.002511434057
	0.000534958213	-0.0006019733623	-0.0009378685366	-0.0007524587234	-0.000372416829
	-3.911378953e-05	0.0001389360019	0.0001654761594	0.0001030740294	2.085067708e-05
	-3.672033222e-05	-5.667981807e-05	-4.817679719e-05	-2.812375087e-05	-2.455872836e-05
	-4.380123136e-05	-5.375977824e-05	-3.819799055e-05	1.305562777e-05	9.0211692e-05
	0.0001533431384	0.0001371115616	-2.080730752e-05	-0.000329357653	-0.0006902342269
	-0.0008742286248	-0.0005644939054	0.0005147038171	0.002405566119	0.004741047362
	0.006737667741	0.007522167344	0.006705741409	0.004691751596	0.002358269632
	0.0004825891101	-0.0005788131983	-0.0008758082814	-0.0006862076378	-0.0003249820927
	-1.839032749e-05	0.0001374428154	0.0001524321892	8.898237403e-05	1.209038296e-05
	-3.872300599e-05	-5.394361565e-05	-4.383525954e-05	-2.459177898e-05	-2.130749731e-05
	-3.955007166e-05	-5.074028693e-05	-3.951433771e-05	5.166980041e-06	7.674680684e-05
	0.0001402220415	0.0001346027627	-1.881126543e-06	-0.0002840126261	-0.0006258369619
	-0.0008135728966	-0.0005425353903	0.0004608576834	0.002250426442	0.004482759184
	0.006402656339	0.007159537002	0.006372962553	0.004437101981	0.002206952124
	0.0004317129622	-0.0005552000821	-0.000814684134	-0.0006220626069	-0.0002801179091
	1.514959108e-07	0.000134764572	0.0001393272078	7.562781697e-05	4.320078479e-06
	-3.996117233e-05	-5.08941387e-05	-3.958597223e-05	-2.135271014e-05	-1.836117084e-05
	-3.542698003e-05	-4.744985852e-05	-4.008771501e-05	-1.713421173e-06	6.407040894e-05
	0.0001270903881	0.0001309169228	1.481181282e-05	-0.0002413210493	-0.0005635953187
	-0.0007538082558	-0.0005199718801	0.0004087102312	0.002097302316	0.004226117147
	0.00606870483	0.00679768545	0.006041208395	0.004184026144	0.002057546448
	0.0003824209621	-0.0005310779939	-0.0007545056214	-0.0005600814594	-0.0002378824561
	1.649621738e-05	0.0001309385005	0.0001262252693	6.306069165e-05	-2.451176138e-06
	-4.046649971e-05	-4.758019205e-05	-3.54664843e-05	-1.841699903e-05	-1.5727188e-05
	-3.146996707e-05	-4.394198828e-05	-3.995599895e-05	-7.579377661e-06	5.223675204e-05
	0.0001140216532	0.0001261001427	2.925753851e-05	-0.0002013491321	-0.0005035795264
	-0.0006949514975	-0.00049674253	0.0003583683582	0.001946276194	0.003971117165
	0.005735713643	0.006436470849	0.005710375657	0.003932513844	0.00191012858
	0.0003348153415	-0.0005063878305	-0.0006952887963	-0.0005003327661	-0.0001983409918
	3.062935181e-05	0.0001260090321	0.0001131979362	5.133395356e-05	-8.217499564e-06
	-4.027637912e-05	-4.405447251e-05	-3.151417006e-05	-1.579184588e-05	-1.340890792e-05
	-2.771616295e-05	-4.02741754e-05	-3.916384249e-05	-1.242914764e-05	4.130230139e-05
	0.0001010978086	0.0001202074841	4.144416156e-05	-0.0001641707681	-0.0004458725518
	-0.0006370277562	-0.0004727834855	0.0003099518278	0.00179744384	0.003717758679
	0.005403574045	0.00607573645	0.005380351834	0.003682558257	0.001764787708
	0.0002890111899	-0.0004810673669	-0.0006370578829	-0.0004428977269	-0.0001615664795
	4.253837428e-05	0.0001200294309	0.0001003252206	4.050282471e-05	-1.297735528e-05
	-3.943488041e-05	-4.037364546e-05	-2.776555226e-05	-1.348042917e-05	-1.140472727e-05
	-2.420089342e-05	-3.650783594e-05	-3.776373737e-05	-1.626694447e-05	3.132509868e-05
	8.841031951e-05	0.0001133049919	5.136325579e-05	-0.0001298681426	-0.0003905724166
	-0.0005800726715	-0.0004480279713	0.0002635955063	0.001650917113	0.003466045625
	0.005072166423	0.00571530761	0.005051013454	0.003434156901	0.001621628973
	0.0002451386711	-0.0004550513366	-0.0005798474186	-0.000387872472	-0.0001276401995
	5.221408519e-05	0.0001130638075	8.769658774e-05	3.062417587e-05	-1.673503497e-05
	-3.799381059e-05	-3.65982652e-05	-2.425538939e-05	-1.148102978e-05	-9.70710276e-06
	-2.095645719e-05	-3.270796957e-05	-3.581715211e-05	-1.910483253e-05	2.236374213e-05
	7.606116089e-05	0.0001054721946	5.901177479e-05	-9.853226475e-05	-0.0003377950357
	-0.000524135234	-0.0004224065808	0.0002194521105	0.001506827525	0.003215987731
	0.004741358122	0.005354987986	0.004722223876	0.003187312875	0.001480776977
	0.0002033457479	-0.0004282717056	-0.0005237050684	-0.0003353708827	-9.665228797e-05
	5.96525088e-05	0.0001051896108	7.541198279e-05	2.175552788e-05	-1.950253742e-05
	-3.601384933e-05	-3.279245214e-05	-2.101546638e-05	-9.786059932e-06	-8.301516842e-06
	-1.801053775e-05	-2.894245447e-05	-3.339568763e-05	-2.096511036e-05	1.447581131e-05
	6.416377254e-05	9.680519523e-05	6.43947222e-05	-7.026332129e-05	-0.0002876777085
	-0.0004692815667	-0.0003958478908	0.0001776956062	0.00136533087	0.002967602293
	0.004411000708	0.004994554631	0.004393830511	0.002942036566	0.001342380342
	0.0001638015573	-0.0004006582652	-0.0004686953667	-0.0002855280622	-6.870210109e-05
	6.48575405e-05	9.650070937e-05	6.358279964e-05	1.395350258e-05	-2.130193316e-05
	-3.356570461e-05	-2.902320206e-05	-1.807302191e-05	-8.381034494e-06	-7.165466317e-06
	-1.538418353e-05	-2.528079395e-05	-3.058213753e-05	-2.188327617e-05	7.715493603e-06
	5.284380366e-05	8.742048169e-05	6.752888629e-05	-4.517066912e-05	-0.0002403834258
	-0.0004156000129	-0.000368279607	0.0001385254529	0.001226613322	0.00272091664
	0.004080926435	0.004633751552	0.004065661237	0.002698348024	0.001206617738
	0.0001267006285	-0.0003721397461	-0.0004149047553	-0.0002385046194	-4.389822411e-05
	6.784465232e-05	8.711119318e-05	5.233264612e-05	7.271481437e-06	-2.216831043e-05
	-3.073117693e-05	-2.535915207e-05	-1.544874594e-05	-7.24356349e-06	-6.267621443e-06
	-1.308931093e-05	-2.179207189e-05	-2.747124618e-05	-2.191165818e-05	2.130068197e-06
	4.223938232e-05	7.745958929e-05	6.844808993e-05	-2.337215564e-05	-0.0001961061871
	-0.00036320808	-0.0003396305786	0.0001021719453	0.001090899632	0.002475971631
	0.003750943617	0.004272281112	0.003737519699	0.00245628035	0.001073705976
	9.226819797e-05	-0.0003426457874	-0.0003624484613	-0.0001944919603	-2.235781593e-05
	6.864610645e-05	7.716002866e-05	4.179764235e-05	1.756128873e-06	-2.215338589e-05
	-2.760392746e-05	-2.186856165e-05	-1.315430184e-05	-6.342511982e-06	-5.56741005e-06
	-1.112574523e-05	-1.854179623e-05	-2.416980326e-05	-2.112373665e-05	-2.245233535e-06
	3.250044387e-05	6.709471899e-05	6.721061451e-05	-4.99222317e-06	-0.0001550775387
	-0.0003122620603	-0.0003098342583	6.890299358e-05	0.0009584643495	0.002232826723
	0.003420830458	0.003909792277	0.003409179049	0.002215884624	0.0009439111185
	6.076696287e-05	-0.0003121103301	-0.0003114800335	-0.000153718799	-4.204750128e-06
	6.731833316e-05	6.681667336e-05	3.212579007e-05	-2.557699383e-06	-2.132980904e-05
	-2.428959159e-05	-1.861618922e-05	-1.118938669e-05	-5.637579914e-06	-5.015439745e-06
	-9.477954717e-06	-1.558723812e-05	-2.079546136e-05	-1.961903521e-05	-5.394644251e-06
	2.378630791e-05	5.653529941e-05	6.390975792e-05	9.84215831e-06	-0.0001175745201
	-0.0002629705936	-0.0002788345993	3.90327763e-05	0.0008296475682	0.00199156753
	0.003090326621	0.003545864161	0.003080373394	0.001977237266	0.0008175640656
	3.250571069e-05	-0.0002804774176	-0.0002622047943	-0.0001164590767	1.04343976e-05
	6.395243135e-05	5.628764176e-05	2.347460793e-05	-5.65431504e-06	-1.979604132e-05
	-2.090462884e-05	-1.56586728e-05	-9.538482856e-06	-5.079712257e-06	-4.555384424e-06
	-8.111922833e-06	-1.297086147e-05	-1.747327196e-05	-1.75281108e-05	-7.332384769e-06
	1.626009833e-05	4.603516785e-05	5.868891826e-05	2.100942786e-05	-8.39290397e-05
	-0.0002156141424	-0.0002465961851	1.293283327e-05	0.0007048775869	0.001752317438
	0.002759121472	0.003179982264	0.002750785867	0.00174045141	0.000695083025
	7.850396136e-06	-0.0002477111822	-0.0002148991678	-8.304131386e-05	2.143820404e-05
	5.868918071e-05	4.582370426e-05	1.600563412e-05	-7.547654288e-06	-1.768134559e-05
	-1.757291015e-05	-1.303800978e-05	-8.167741365e-06	-4.612962091e-06	-4.128185082e-06
	-6.973157868e-06	-1.071162977e-05	-1.432836438e-05	-1.501642203e-05	-8.117196147e-06
	1.007759918e-05	3.589925354e-05	5.176315241e-05	2.840835835e-05	-5.453821878e-05
	-0.0001705735191	-0.0002131218703	-8.953887099e-06	0.000584704659	0.00151525618
	0.002426837039	0.002811503066	0.002420031363	0.00150569511	0.0005770070027
	-1.276180724e-05	-0.0002138132737	-0.000169939009	-5.385894348e-05	2.870519827e-05
	5.174051357e-05	3.572661418e-05	9.873399219e-06	-8.295735484e-06	-1.514967692e-05
	-1.441847466e-05	-1.077291989e-05	-7.022988848e-06	-4.178652567e-06	-3.679461541e-06
	-5.987786163e-06	-8.794732004e-06	-1.147252245e-05	-1.228427327e-05	-7.871384006e-06
	5.366454311e-06	2.648684326e-05	4.344967952e-05	3.198567298e-05	-2.987363848e-05
	-0.0001283726046	-0.0001784845117	-2.609539889e-05	0.0004698528703	0.001280650885
	0.002093002904	0.002439598266	0.002087631073	0.001273221912	0.0004640473307
	-2.880484366e-05	-0.0001788542551	-0.0001278420601	-2.937957781e-05	3.218128992e-05
	4.341991476e-05	2.635246375e-05	5.204792685e-06	-8.019630749e-06	-1.239969158e-05
	-1.155221904e-05	-8.848625062e-06	-6.030791506e-06	-3.722731168e-06	-3.170361359e-06
	-5.070032344e-06	-7.162291602e-06	-8.982173671e-06	-9.557062425e-06	-6.802777639e-06
	2.189191344e-06	1.82038812e-05	3.420980718e-05	3.178744184e-05	-1.048404572e-05
	-8.974302337e-05	-0.0001428857178	-3.785170127e-05	0.0003613051155	0.001048911065
	0.001757015725	0.00206316479	0.001752971568	0.001043425045	0.0003571721781
	-3.964465569e-05	-0.0001430318708	-8.933225172e-05	-1.014778574e-05	3.191085639e-05
	3.418423827e-05	1.810416593e-05	2.062317387e-06	-6.925377013e-06	-9.655133538e-06
	-9.050041521e-06	-7.207588677e-06	-5.105858694e-06	-3.206545336e-06	-2.589108566e-06
	-4.140282369e-06	-5.712610037e-06	-6.867245162e-06	-7.054729189e-06	-5.221969421e-06
	4.814853348e-07	1.146737421e-05	2.46994305e-05	2.805525412e-05	3.027973473e-06
	-5.572583199e-05	-0.0001067712896	-4.345606811e-05	0.0002604432445	0.0008206946291
	0.001418077977	0.001680657046	0.001415242494	0.0008169426081	0.0002577460088
	-4.452040152e-05	-0.0001067855443	-5.544086388e-05	3.237962268e-06	2.81324653e-05
	2.468411364e-05	1.139618331e-05	3.826896181e-07	-5.321243457e-06	-7.13457232e-06
	-6.921885116e-06	-5.748701441e-06	-4.168959438e-06	-2.618332712e-06	-1.953971882e-06
	-3.152350084e-06	-4.323597735e-06	-5.043852679e-06	-4.923327616e-06	-3.52520509e-06
	-4.177514877e-08	6.599998874e-06	1.581336443e-05	2.140234176e-05	1.009936843e-05
	-2.781063458e-05	-7.107633501e-05	-4.204254543e-05	0.0001693325748	0.0005971229988
	0.001075066549	0.001289799282	0.001073305511	0.0005948699795	0.0001678127701
	-4.257074123e-05	-7.104048789e-05	-2.764497852e-05	1.021849784e-05	2.1454017e-05
	1.580813012e-05	6.549997446e-06	-1.166274418e-07	-3.601032847e-06	-4.983501509e-06
	-5.084477966e-06	-4.350459609e-06	-3.174025152e-06	-1.976219863e-06	-1.297346378e-06
	-2.109513062e-06	-2.906520304e-06	-3.356151361e-06	-3.145219862e-06	-2.06854542e-06
	5.24523323e-08	3.560169241e-06	8.592496671e-06	1.316301626e-05	1.054652142e-05
	-8.170748062e-06	-3.773857634e-05	-3.276457728e-05	9.115580814e-05	0.0003803714659
	0.0007263836306	0.0008867456727	0.000725537119	0.0003793529471	9.053008538e-05
	-3.295720904e-05	-3.771738919e-05	-8.098314596e-06	1.061097673e-05	1.319946014e-05
	8.591638347e-06	3.526075464e-06	1.07184936e-09	-2.119457489e-06	-3.184851573e-06
	-3.382765826e-06	-2.924362525e-06	-2.124187203e-06	-1.312445545e-06	-6.406693957e-07
	-1.043338422e-06	-1.44534412e-06	-1.674000124e-06	-1.547936929e-06	-9.487988512e-07
	1.34811796e-07	1.652821077e-06	3.560944049e-06	5.524630999e-06	5.839514302e-06
	6.923759683e-07	-1.150173556e-05	-1.576387884e-05	3.203995516e-05	0.000174913042
	0.0003690965738	0.0004648902061	0.000369032854	0.0001748145776	3.19481123e-05
	-1.581746168e-05	-1.150904289e-05	7.168619468e-07	5.871346379e-06	5.543694338e-06
	3.55934414e-06	1.634240389e-06	1.086111311e-07	-9.738470893e-07	-1.567129213e-06
	-1.68694221e-06	-1.454225265e-06	-1.05081515e-06	-6.483903277e-07	  0
	  0	  0	  0	  0	  0
	  0	  0	  0	  0	  0
	  0	  0	  0	  0	  0
	  0	  0	  0	  0	  0
	  0	  0	  0	  0	  0
	  0	  0	  0	  0	  0
	  0	  0	  0	  0	