0 482.622 482.497 482.635
1 482.622 482.497 482.635
2 482.622 482.498 482.635
3 482.622 482.498 482.635
4 482.622 482.499 482.635
5 482.622 482.5 482.634
6 482.622 482.501 482.634
7 482.622 482.503 482.634
8 482.622 482.504 482.634
9 482.622 482.506 482.633
10 482.622 482.508 482.633
11 482.622 482.51 482.632
12 482.622 482.512 482.632
13 482.622 482.514 482.631
14 482.622 482.517 482.631
15 482.622 482.519 482.63
16 482.622 482.522 482.63
17 482.622 482.524 482.629
18 482.622 482.527 482.629
19 482.622 482.529 482.628
20 482.622 482.532 482.628
21 482.622 482.535 482.627
22 482.622 482.537 482.627
23 482.622 482.54 482.626
24 482.622 482.543 482.626
25 482.622 482.545 482.625
26 482.622 482.548 482.625
27 482.622 482.55 482.624
28 482.622 482.553 482.624
29 482.622 482.555 482.623
30 482.622 482.558 482.623
31 482.622 482.56 482.623
32 482.622 482.562 482.622
33 482.622 482.564 482.622
34 482.622 482.566 482.622
35 482.622 482.568 482.621
36 482.622 482.57 482.621
37 482.622 482.572 482.621
38 482.622 482.574 482.62
39 482.622 482.576 482.62
40 482.622 482.577 482.62
41 482.622 482.579 482.62
42 482.622 482.581 482.62
43 482.622 482.582 482.619
44 482.622 482.584 482.619
45 482.622 482.585 482.619
46 482.622 482.586 482.619
47 482.622 482.588 482.619
48 482.622 482.589 482.619
49 482.622 482.59 482.619
50 482.622 482.591 482.618
51 482.622 482.592 482.618
52 482.622 482.593 482.618
53 482.622 482.594 482.618
54 482.622 482.595 482.618
55 482.622 482.596 482.618
56 482.622 482.597 482.618
57 482.622 482.598 482.618
58 482.622 482.599 482.618
59 482.622 482.6 482.618
60 482.622 482.6 482.618
61 482.622 482.601 482.618
62 482.622 482.602 482.618
63 482.622 482.602 482.618
64 482.622 482.603 482.618
65 482.622 482.604 482.618
66 482.622 482.604 482.618
67 482.622 482.605 482.618
68 482.622 482.605 482.618
69 482.622 482.606 482.618
70 482.622 482.606 482.618
71 482.622 482.607 482.618
72 482.622 482.607 482.618
73 482.622 482.608 482.618
74 482.622 482.608 482.618
75 482.622 482.609 482.618
76 482.622 482.609 482.618
77 482.622 482.609 482.618
78 482.622 482.61 482.618
79 482.622 482.61 482.618
80 482.622 482.61 482.618
81 482.622 482.611 482.618
82 482.622 482.611 482.618
83 482.622 482.611 482.618
84 482.622 482.612 482.618
85 482.622 482.612 482.618
86 482.622 482.612 482.618
87 482.622 482.612 482.618
88 482.622 482.613 482.618
89 482.622 482.613 482.618
90 482.622 482.613 482.618
91 482.622 482.613 482.618
92 482.622 482.613 482.618
93 482.622 482.614 482.618
94 482.622 482.614 482.619
95 482.622 482.614 482.619
96 482.622 482.614 482.619
97 482.622 482.614 482.619
98 482.622 482.615 482.619
99 482.622 482.615 482.619
100 482.622 482.615 482.619
101 482.622 482.615 482.619
102 482.622 482.615 482.619
103 482.622 482.615 482.619
104 482.622 482.615 482.619
105 482.622 482.616 482.619
106 482.622 482.616 482.619
107 482.622 482.616 482.619
108 482.622 482.616 482.619
109 482.622 482.616 482.619
110 482.622 482.616 482.619
111 482.622 482.616 482.619
112 482.622 482.616 482.619
113 482.622 482.617 482.619
114 482.622 482.617 482.619
115 482.622 482.617 482.619
116 482.622 482.617 482.619
117 482.622 482.617 482.619
118 482.622 482.617 482.619
119 482.622 482.617 482.619
120 482.622 482.617 482.619
121 482.622 482.617 482.619
122 482.622 482.617 482.619
123 482.622 482.617 482.619
124 482.622 482.618 482.619
125 482.622 482.618 482.619
126 482.622 482.618 482.619
127 482.622 482.618 482.619
128 482.622 482.618 482.619
129 482.622 482.618 482.619
130 482.622 482.618 482.62
131 482.622 482.618 482.62
132 482.622 482.618 482.62
133 482.622 482.618 482.62
134 482.622 482.618 482.62
135 482.622 482.618 482.62
136 482.622 482.618 482.62
137 482.622 482.618 482.62
138 482.622 482.618 482.62
139 482.622 482.618 482.62
140 482.622 482.619 482.62
141 482.622 482.619 482.62
142 482.622 482.619 482.62
143 482.622 482.619 482.62
144 482.622 482.619 482.62
145 482.622 482.619 482.62
146 482.622 482.619 482.62
147 482.622 482.619 482.62
148 482.622 482.619 482.62
149 482.622 482.619 482.62
150 482.622 482.619 482.62
151 482.622 482.619 482.62
152 482.622 482.619 482.62
153 482.622 482.619 482.62
154 482.622 482.619 482.62
155 482.622 482.619 482.62
156 482.622 482.619 482.62
157 482.622 482.619 482.62
158 482.622 482.619 482.62
159 482.622 482.619 482.62
160 482.622 482.619 482.62
161 482.622 482.619 482.62
162 482.622 482.619 482.62
163 482.622 482.619 482.62
164 482.622 482.619 482.62
165 482.622 482.62 482.62
166 482.622 482.62 482.62
167 482.622 482.62 482.62
168 482.622 482.62 482.62
169 482.622 482.62 482.62
170 482.622 482.62 482.62
171 482.622 482.62 482.62
172 482.622 482.62 482.62
173 482.622 482.62 482.62
174 482.622 482.62 482.62
175 482.622 482.62 482.62
176 482.622 482.62 482.62
177 482.622 482.62 482.62
178 482.622 482.62 482.62
179 482.622 482.62 482.62
180 482.622 482.62 482.62
181 482.622 482.62 482.62
182 482.622 482.62 482.62
183 482.622 482.62 482.62
184 482.622 482.62 482.62
185 482.622 482.62 482.62
186 482.622 482.62 482.62
187 482.622 482.62 482.62
188 482.622 482.62 482.62
189 482.622 482.62 482.62
190 482.622 482.62 482.62
191 482.622 482.62 482.62
192 482.622 482.62 482.62
193 482.622 482.62 482.62
194 482.622 482.62 482.62
195 482.622 482.62 482.621
196 482.622 482.62 482.621
197 482.622 482.62 482.621
198 482.622 482.62 482.621
199 482.622 482.62 482.621
