-30 0.1 -2.17829e-33
-29.4 0.1 7.25463e-05
-28.8 0.1 0.000920438
-28.2 0.1 0.00330399
-27.6 0.1 0.00764207
-27 0.1 0.0139978
-26.4 0.1 0.0221647
-25.8 0.1 0.0317956
-25.2 0.1 0.0425213
-24.6 0.1 0.0540268
-24 0.1 0.0660761
-23.4 0.1 0.0784993
-22.8 0.1 0.0911608
-22.2 0.1 0.103929
-21.6 0.1 0.116656
-21 0.1 0.129175
-20.4 0.1 0.141306
-19.8 0.1 0.152864
-19.2 0.1 0.163671
-18.6 0.1 0.173558
-18 0.1 0.182372
-17.4 0.1 0.189971
-16.8 0.1 0.19623
-16.2 0.1 0.201042
-15.6 0.1 0.204314
-15 0.1 0.205976
-14.4 0.1 0.205979
-13.8 0.1 0.2043
-13.2 0.1 0.200944
-12.6 0.1 0.195948
-12 0.1 0.189386
-11.4 0.1 0.181362
-10.8 0.1 0.171998
-10.2 0.1 0.16141
-9.6 0.1 0.149687
-9 0.1 0.136899
-8.4 0.1 0.123152
-7.8 0.1 0.108704
-7.2 0.1 0.0941111
-6.6 0.1 0.0802959
-6 0.1 0.0684149
-5.4 0.1 0.0594144
-4.8 0.1 0.0532934
-4.2 0.1 0.0483187
-3.6 0.1 0.0406774
-3 0.1 0.0251498
-2.4 0.1 -0.00281304
-1.8 0.1 -0.0438174
-1.2 0.1 -0.0913052
-0.6 0.1 -0.131117
0 0.1 -0.147133
0.6 0.1 -0.131773
1.2 0.1 -0.0920136
1.8 0.1 -0.0439643
2.4 0.1 -0.00235312
3 0.1 0.0256334
3.6 0.1 0.0404038
4.2 0.1 0.0468066
4.8 0.1 0.0505567
5.4 0.1 0.0557998
6 0.1 0.0642797
6.6 0.1 0.0757727
7.2 0.1 0.0890814
7.8 0.1 0.102942
8.4 0.1 0.116509
9 0.1 0.129415
9.6 0.1 0.141589
10.2 0.1 0.153042
10.8 0.1 0.163736
11.4 0.1 0.17356
12 0.1 0.182354
12.6 0.1 0.189955
13.2 0.1 0.196221
13.8 0.1 0.201038
14.4 0.1 0.204313
15 0.1 0.205979
15.6 0.1 0.205987
16.2 0.1 0.204313
16.8 0.1 0.200959
17.4 0.1 0.195957
18 0.1 0.189367
18.6 0.1 0.181284
19.2 0.1 0.171832
19.8 0.1 0.161164
20.4 0.1 0.149462
21 0.1 0.136929
21.6 0.1 0.12378
22.2 0.1 0.110236
22.8 0.1 0.0965128
23.4 0.1 0.0828163
24 0.1 0.0693467
24.6 0.1 0.0563112
25.2 0.1 0.0439443
25.8 0.1 0.0325293
26.4 0.1 0.022404
27 0.1 0.0139347
27.6 0.1 0.00744476
28.2 0.1 0.00310151
28.8 0.1 0.000790297
29.4 0.1 3.08673e-05
30 0.1 -2.22865e-33
-30 0.211111 -1.93716e-33
-29.4 0.211111 6.3991e-05
-28.8 0.211111 0.000816518
-28.2 0.211111 0.00293288
-27.6 0.211111 0.00678248
-27 0.211111 0.0124161
-26.4 0.211111 0.019644
-25.8 0.211111 0.0281535
-25.2 0.211111 0.0376162
-24.6 0.211111 0.0477559
-24 0.211111 0.0583698
-23.4 0.211111 0.0693145
-22.8 0.211111 0.0804764
-22.2 0.211111 0.091744
-21.6 0.211111 0.102992
-21 0.211111 0.114076
-20.4 0.211111 0.124842
-19.8 0.211111 0.135129
-19.2 0.211111 0.144785
-18.6 0.211111 0.153661
-18 0.211111 0.161621
-17.4 0.211111 0.168541
-16.8 0.211111 0.174305
-16.2 0.211111 0.178811
-15.6 0.211111 0.181971
-15 0.211111 0.183714
-14.4 0.211111 0.183988
-13.8 0.211111 0.182762
-13.2 0.211111 0.180029
-12.6 0.211111 0.175807
-12 0.211111 0.170148
-11.4 0.211111 0.163134
-10.8 0.211111 0.154869
-10.2 0.211111 0.14547
-9.6 0.211111 0.135036
-9 0.211111 0.123649
-8.4 0.211111 0.111403
-7.8 0.211111 0.0984939
-7.2 0.211111 0.0853454
-6.6 0.211111 0.072709
-6 0.211111 0.0616002
-5.4 0.211111 0.0529564
-4.8 0.211111 0.0469845
-4.2 0.211111 0.0423874
-3.6 0.211111 0.0359068
-3 0.211111 0.0227765
-2.4 0.211111 -0.00145776
-1.8 0.211111 -0.0378354
-1.2 0.211111 -0.0807287
-0.6 0.211111 -0.117136
0 0.211111 -0.1319
0.6 0.211111 -0.117826
1.2 0.211111 -0.0815343
1.8 0.211111 -0.0381755
2.4 0.211111 -0.00128976
3 0.211111 0.0229149
3.6 0.211111 0.0353025
4.2 0.211111 0.0405895
4.8 0.211111 0.0439552
5.4 0.211111 0.0489154
6 0.211111 0.0567618
6.6 0.211111 0.0671162
7.2 0.211111 0.0788832
7.8 0.211111 0.0910209
8.4 0.211111 0.10289
9 0.211111 0.11424
9.6 0.211111 0.125027
10.2 0.211111 0.135245
10.8 0.211111 0.144832
11.4 0.211111 0.153671
12 0.211111 0.161619
12.6 0.211111 0.168535
13.2 0.211111 0.174299
13.8 0.211111 0.178806
14.4 0.211111 0.181969
15 0.211111 0.183717
15.6 0.211111 0.183995
16.2 0.211111 0.182772
16.8 0.211111 0.180037
17.4 0.211111 0.175809
18 0.211111 0.170133
18.6 0.211111 0.163081
19.2 0.211111 0.15476
19.8 0.211111 0.145301
20.4 0.211111 0.134865
21 0.211111 0.123638
21.6 0.211111 0.111817
22.2 0.211111 0.0996084
22.8 0.211111 0.0872163
23.4 0.211111 0.0748352
24 0.211111 0.0626534
24.6 0.211111 0.0508624
25.2 0.211111 0.0396765
25.8 0.211111 0.0293519
26.4 0.211111 0.0201946
27 0.211111 0.0125376
27.6 0.211111 0.00667587
28.2 0.211111 0.0027622
28.8 0.211111 0.000690648
29.4 0.211111 2.07323e-05
30 0.211111 -2.01922e-33
-30 0.322222 -1.69324e-33
-29.4 0.322222 5.62144e-05
-28.8 0.322222 0.00071454
-28.2 0.322222 0.00256393
-27.6 0.322222 0.00592432
-27 0.322222 0.0108357
-26.4 0.322222 0.0171275
-25.8 0.322222 0.0245235
-25.2 0.322222 0.0327365
-24.6 0.322222 0.0415283
-24 0.322222 0.050727
-23.4 0.322222 0.0602132
-22.8 0.322222 0.0698933
-22.2 0.322222 0.0796747
-21.6 0.322222 0.0894518
-21 0.322222 0.0991036
-20.4 0.322222 0.108499
-19.8 0.322222 0.117502
-19.2 0.322222 0.125982
-18.6 0.322222 0.133814
-18 0.322222 0.14088
-17.4 0.322222 0.147068
-16.8 0.322222 0.152278
-16.2 0.322222 0.156414
-15.6 0.322222 0.159395
-15 0.322222 0.161152
-14.4 0.322222 0.161631
-13.8 0.322222 0.160796
-13.2 0.322222 0.158632
-12.6 0.322222 0.155144
-12 0.322222 0.150364
-11.4 0.322222 0.144351
-10.8 0.322222 0.13719
-10.2 0.322222 0.128987
-9.6 0.322222 0.119846
-9 0.322222 0.109861
-8.4 0.322222 0.0991249
-7.8 0.322222 0.0877875
-7.2 0.322222 0.0761617
-6.6 0.322222 0.0648305
-6 0.322222 0.054647
-5.4 0.322222 0.0464958
-4.8 0.322222 0.0407455
-4.2 0.322222 0.0365112
-3.6 0.322222 0.031106
-3 0.322222 0.0202708
-2.4 0.322222 -0.000288473
-1.8 0.322222 -0.0320052
-1.2 0.322222 -0.0701919
-0.6 0.322222 -0.103062
0 0.322222 -0.116492
0.6 0.322222 -0.103716
1.2 0.322222 -0.0709845
1.8 0.322222 -0.0324226
2.4 0.322222 -0.000310957
3 0.322222 0.0201518
3.6 0.322222 0.0302571
4.2 0.322222 0.0345273
4.8 0.322222 0.0375529
5.4 0.322222 0.0422074
6 0.322222 0.0493581
6.6 0.322222 0.0585175
7.2 0.322222 0.0687229
7.8 0.322222 0.0791571
8.4 0.322222 0.0893667
9 0.322222 0.0991931
9.6 0.322222 0.108606
10.2 0.322222 0.117574
10.8 0.322222 0.12602
11.4 0.322222 0.133833
12 0.322222 0.140888
12.6 0.322222 0.147069
13.2 0.322222 0.152273
13.8 0.322222 0.156408
14.4 0.322222 0.159392
15 0.322222 0.161154
15.6 0.322222 0.161637
16.2 0.322222 0.160804
16.8 0.322222 0.158638
17.4 0.322222 0.155142
18 0.322222 0.150348
18.6 0.322222 0.144312
19.2 0.322222 0.137117
19.8 0.322222 0.128877
20.4 0.322222 0.119731
21 0.322222 0.109842
21.6 0.322222 0.0993903
22.2 0.322222 0.0885657
22.8 0.322222 0.0775563
23.4 0.322222 0.0665436
24 0.322222 0.0557016
24.6 0.322222 0.0452055
25.2 0.322222 0.0352481
25.8 0.322222 0.0260585
26.4 0.322222 0.0179097
27 0.322222 0.0110994
27.6 0.322222 0.00589172
28.2 0.322222 0.00242255
28.8 0.322222 0.000595253
29.4 0.322222 1.28427e-05
30 0.322222 -1.79783e-33
-30 0.433333 -1.44804e-33
-29.4 0.433333 4.88832e-05
-28.8 0.433333 0.000613784
-28.2 0.433333 0.00219676
-27.6 0.433333 0.0050686
-27 0.433333 0.00925973
-26.4 0.433333 0.0146209
-25.8 0.433333 0.0209134
-25.2 0.433333 0.0278922
-24.6 0.433333 0.0353559
-24 0.433333 0.0431616
-23.4 0.433333 0.0512117
-22.8 0.433333 0.0594306
-22.2 0.433333 0.0677429
-21.6 0.433333 0.0760619
-21 0.433333 0.0842878
-20.4 0.433333 0.0923116
-19.8 0.433333 0.100022
-19.2 0.433333 0.107309
-18.6 0.433333 0.114068
-18 0.433333 0.1202
-17.4 0.433333 0.125609
-16.8 0.433333 0.130208
-16.2 0.433333 0.133913
-15.6 0.433333 0.136649
-15 0.433333 0.13835
-14.4 0.433333 0.138966
-13.8 0.433333 0.138457
-13.2 0.433333 0.136803
-12.6 0.433333 0.134001
-12 0.433333 0.130065
-11.4 0.433333 0.125036
-10.8 0.433333 0.118977
-10.2 0.433333 0.111976
-9.6 0.433333 0.104134
-9 0.433333 0.0955523
-8.4 0.433333 0.0863281
-7.8 0.433333 0.076585
-7.2 0.433333 0.0665472
-6.6 0.433333 0.0566407
-6 0.433333 0.0475402
-5.4 0.433333 0.0400329
-4.8 0.433333 0.0345936
-4.2 0.433333 0.0307142
-3.6 0.433333 0.0262909
-3 0.433333 0.0176313
-2.4 0.433333 0.000678431
-1.8 0.433333 -0.0263447
-1.2 0.433333 -0.0597021
-0.6 0.433333 -0.0888895
0 0.433333 -0.100905
0.6 0.433333 -0.0894579
1.2 0.433333 -0.0603996
1.8 0.433333 -0.0267513
2.4 0.433333 0.000547943
3 0.433333 0.0173348
3.6 0.433333 0.0252855
4.2 0.433333 0.0286513
4.8 0.433333 0.0313771
5.4 0.433333 0.0356892
6 0.433333 0.0420716
6.6 0.433333 0.0499794
7.2 0.433333 0.0586131
7.8 0.433333 0.0673757
8.4 0.433333 0.0759737
9 0.433333 0.0843128
9.6 0.433333 0.0923602
10.2 0.433333 0.100065
10.8 0.433333 0.107343
11.4 0.433333 0.114093
12 0.433333 0.120213
12.6 0.433333 0.125612
13.2 0.433333 0.130204
13.8 0.433333 0.133906
14.4 0.433333 0.136644
15 0.433333 0.138351
15.6 0.433333 0.138972
16.2 0.433333 0.138465
16.8 0.433333 0.136808
17.4 0.433333 0.133997
18 0.433333 0.130049
18.6 0.433333 0.125003
19.2 0.433333 0.118925
19.8 0.433333 0.111907
20.4 0.433333 0.104067
21 0.433333 0.0955463
21.6 0.433333 0.0865036
22.2 0.433333 0.077109
22.8 0.433333 0.0675333
23.4 0.433333 0.0579417
24 0.433333 0.0484923
24.6 0.433333 0.0393421
25.2 0.433333 0.0306616
25.8 0.433333 0.0226519
26.4 0.433333 0.015552
27 0.433333 0.00962215
27.6 0.433333 0.005093
28.2 0.433333 0.00208241
28.8 0.433333 0.000503673
29.4 0.433333 6.97856e-06
30 0.433333 -1.56562e-33
-30 0.544444 -1.20277e-33
-29.4 0.544444 4.17472e-05
-28.8 0.544444 0.000513728
-28.2 0.544444 0.00183118
-27.6 0.544444 0.0042163
-27 0.544444 0.0076912
-26.4 0.544444 0.0121292
-25.8 0.544444 0.0173307
-25.2 0.544444 0.0230926
-24.6 0.544444 0.0292497
-24 0.544444 0.0356864
-23.4 0.544444 0.042325
-22.8 0.544444 0.0491058
-22.2 0.544444 0.0559691
-21.6 0.544444 0.0628459
-21 0.544444 0.0696561
-20.4 0.544444 0.0763122
-19.8 0.544444 0.0827245
-19.2 0.544444 0.0888047
-18.6 0.544444 0.0944676
-18 0.544444 0.0996316
-17.4 0.544444 0.104219
-16.8 0.544444 0.108154
-16.2 0.544444 0.111367
-15.6 0.544444 0.113792
-15 0.544444 0.115371
-14.4 0.544444 0.116054
-13.8 0.544444 0.115803
-13.2 0.544444 0.114596
-12.6 0.544444 0.112422
-12 0.544444 0.109288
-11.4 0.544444 0.105216
-10.8 0.544444 0.10025
-10.2 0.544444 0.0944556
-9.6 0.544444 0.0879205
-9 0.544444 0.0807445
-8.4 0.544444 0.0730312
-7.8 0.544444 0.0648929
-7.2 0.544444 0.0564913
-6.6 0.544444 0.0481165
-6 0.544444 0.0402585
-5.4 0.544444 0.0335642
-4.8 0.544444 0.0285482
-4.2 0.544444 0.0250279
-3.6 0.544444 0.0214843
-3 0.544444 0.014856
-2.4 0.544444 0.00141889
-1.8 0.544444 -0.0208815
-1.2 0.544444 -0.0492701
-0.6 0.544444 -0.0746105
0 0.544444 -0.0851282
0.6 0.544444 -0.0750583
1.2 0.544444 -0.0498175
1.8 0.544444 -0.0212159
2.4 0.544444 0.00124452
3 0.544444 0.0144551
3.6 0.544444 0.0204121
4.2 0.544444 0.0229997
4.8 0.544444 0.0254563
5.4 0.544444 0.0293695
6 0.544444 0.0348981
6.6 0.544444 0.0415005
7.2 0.544444 0.0485659
7.8 0.544444 0.0557032
8.4 0.544444 0.0627446
9 0.544444 0.0696324
9.6 0.544444 0.0763233
10.2 0.544444 0.0827521
10.8 0.544444 0.0888371
11.4 0.544444 0.0944947
12 0.544444 0.0996475
12.6 0.544444 0.104223
13.2 0.544444 0.108151
13.8 0.544444 0.111361
14.4 0.544444 0.113788
15 0.544444 0.115371
15.6 0.544444 0.116058
16.2 0.544444 0.115811
16.8 0.544444 0.114602
17.4 0.544444 0.112421
18 0.544444 0.109273
18.6 0.544444 0.105187
19.2 0.544444 0.100208
19.8 0.544444 0.0944096
20.4 0.544444 0.0878871
21 0.544444 0.0807587
21.6 0.544444 0.0731605
22.2 0.544444 0.0652403
22.8 0.544444 0.0571483
23.4 0.544444 0.0490307
24 0.544444 0.0410269
24.6 0.544444 0.0332741
25.2 0.544444 0.0259195
25.8 0.544444 0.0191351
26.4 0.544444 0.0131241
27 0.544444 0.00810747
27.6 0.544444 0.0042805
28.2 0.544444 0.00174177
28.8 0.544444 0.000415605
29.4 0.544444 2.97431e-06
30 0.544444 -1.32356e-33
-30 0.655556 -9.58362e-34
-29.4 0.655556 3.46147e-05
-28.8 0.655556 0.000413982
-28.2 0.655556 0.00146709
-27.6 0.655556 0.00336837
-27 0.655556 0.00613275
-26.4 0.655556 0.00965723
-25.8 0.655556 0.0137822
-25.2 0.655556 0.0183463
-24.6 0.655556 0.02322
-24 0.655556 0.0283133
-23.4 0.655556 0.0335666
-22.8 0.655556 0.0389347
-22.2 0.655556 0.0443719
-21.6 0.655556 0.0498255
-21 0.655556 0.0552338
-20.4 0.655556 0.0605297
-19.8 0.655556 0.065644
-19.2 0.655556 0.0705083
-18.6 0.655556 0.0750563
-18 0.655556 0.079224
-17.4 0.655556 0.0829498
-16.8 0.655556 0.0861737
-16.2 0.655556 0.0888382
-15.6 0.655556 0.0908889
-15 0.655556 0.0922761
-14.4 0.655556 0.0929563
-13.8 0.655556 0.0928948
-13.2 0.655556 0.0920672
-12.6 0.655556 0.0904608
-12 0.655556 0.088075
-11.4 0.655556 0.0849221
-10.8 0.655556 0.0810288
-10.2 0.655556 0.0764397
-9.6 0.655556 0.0712209
-9 0.655556 0.0654598
-8.4 0.655556 0.0592583
-7.8 0.655556 0.052726
-7.2 0.655556 0.0459887
-6.6 0.655556 0.0392323
-6 0.655556 0.0327719
-5.4 0.655556 0.027078
-4.8 0.655556 0.0226298
-4.2 0.655556 0.0194949
-3.6 0.655556 0.0167207
-3 0.655556 0.011945
-2.4 0.655556 0.00189788
-1.8 0.655556 -0.0156578
-1.2 0.655556 -0.0389124
-0.6 0.655556 -0.0602062
0 0.655556 -0.0691309
0.6 0.655556 -0.0605161
1.2 0.655556 -0.0392817
1.8 0.655556 -0.015885
2.4 0.655556 0.00172607
3 0.655556 0.011506
3.6 0.655556 0.0156731
4.2 0.655556 0.0176204
4.8 0.655556 0.0198192
5.4 0.655556 0.0232487
6 0.655556 0.0278244
6.6 0.655556 0.0330756
7.2 0.655556 0.0385955
7.8 0.655556 0.0441691
8.4 0.655556 0.049713
9 0.655556 0.0551823
9.6 0.655556 0.060522
10.2 0.655556 0.0656637
10.8 0.655556 0.0705379
11.4 0.655556 0.0750818
12 0.655556 0.0792387
12.6 0.655556 0.0829537
13.2 0.655556 0.0861708
13.8 0.655556 0.088833
14.4 0.655556 0.0908849
15 0.655556 0.0922753
15.6 0.655556 0.0929593
16.2 0.655556 0.0929006
16.8 0.655556 0.0920729
17.4 0.655556 0.0904613
18 0.655556 0.0880648
18.6 0.655556 0.0848979
19.2 0.655556 0.0809935
19.8 0.655556 0.0764045
20.4 0.655556 0.0712047
21 0.655556 0.0654884
21.6 0.655556 0.0593669
22.2 0.655556 0.052963
22.8 0.655556 0.0464034
23.4 0.655556 0.0398122
24 0.655556 0.0333074
24.6 0.655556 0.0270043
25.2 0.655556 0.0210251
25.8 0.655556 0.0155113
26.4 0.655556 0.0106288
27 0.655556 0.00655738
27.6 0.655556 0.00345511
28.2 0.655556 0.00140071
28.8 0.655556 0.00033081
29.4 0.655556 6.88738e-07
30 0.655556 -1.07253e-33
-30 0.766667 -7.15587e-34
-29.4 0.766667 2.7337e-05
-28.8 0.766667 0.000314259
-28.2 0.766667 0.00110448
-27.6 0.766667 0.00252576
-27 0.766667 0.00458687
-26.4 0.766667 0.00720945
-25.8 0.766667 0.0102741
-25.2 0.766667 0.0136615
-24.6 0.766667 0.0172763
-24 0.766667 0.0210532
-23.4 0.766667 0.0249492
-22.8 0.766667 0.0289316
-22.2 0.766667 0.032968
-21.6 0.766667 0.0370202
-21 0.766667 0.0410439
-20.4 0.766667 0.0449909
-19.8 0.766667 0.0488111
-19.2 0.766667 0.0524549
-18.6 0.766667 0.0558741
-18 0.766667 0.0590218
-17.4 0.766667 0.0618522
-16.8 0.766667 0.0643206
-16.2 0.766667 0.0663836
-15.6 0.766667 0.0679992
-15 0.766667 0.0691283
-14.4 0.766667 0.0697358
-13.8 0.766667 0.0697921
-13.2 0.766667 0.0692748
-12.6 0.766667 0.0681705
-12 0.766667 0.066475
-11.4 0.766667 0.0641936
-10.8 0.766667 0.0613415
-10.2 0.766667 0.0579457
-9.6 0.766667 0.0540497
-9 0.766667 0.0497182
-8.4 0.766667 0.045038
-7.8 0.766667 0.0401111
-7.2 0.766667 0.0350458
-6.6 0.766667 0.0299635
-6 0.766667 0.0250377
-5.4 0.766667 0.0205476
-4.8 0.766667 0.0168556
-4.2 0.766667 0.0141718
-3.6 0.766667 0.0120561
-3 0.766667 0.00890635
-2.4 0.766667 0.00206382
-1.8 0.766667 -0.0107434
-1.2 0.766667 -0.0286568
-0.6 0.766667 -0.0456428
0 0.766667 -0.0528576
0.6 0.766667 -0.0458142
1.2 0.766667 -0.0288467
1.8 0.766667 -0.0108544
2.4 0.766667 0.00192438
3 0.766667 0.00848984
3.6 0.766667 0.0111263
4.2 0.766667 0.0125755
4.8 0.766667 0.0144904
5.4 0.766667 0.0173117
6 0.766667 0.0208253
6.6 0.766667 0.0246993
7.2 0.766667 0.0287229
7.8 0.766667 0.0328073
8.4 0.766667 0.0369105
9 0.766667 0.0409868
9.6 0.766667 0.0449782
10.2 0.766667 0.0488259
10.8 0.766667 0.0524791
11.4 0.766667 0.0558947
12 0.766667 0.0590335
12.6 0.766667 0.0618556
13.2 0.766667 0.0643189
13.8 0.766667 0.0663799
14.4 0.766667 0.0679961
15 0.766667 0.0691272
15.6 0.766667 0.0697373
16.2 0.766667 0.069796
16.8 0.766667 0.0692796
17.4 0.766667 0.0681727
18 0.766667 0.0664696
18.6 0.766667 0.0641765
19.2 0.766667 0.0613136
19.8 0.766667 0.0579164
20.4 0.766667 0.0540377
21 0.766667 0.0497475
21.6 0.766667 0.0451304
22.2 0.766667 0.0402819
22.8 0.766667 0.0353019
23.4 0.766667 0.0302889
24 0.766667 0.0253366
24.6 0.766667 0.0205359
25.2 0.766667 0.0159821
25.8 0.766667 0.0117843
26.4 0.766667 0.00806932
27 0.766667 0.00497402
27.6 0.766667 0.00261782
28.2 0.766667 0.00105934
28.8 0.766667 0.000249057
29.4 0.766667 -1.90695e-08
30 0.766667 -8.1344e-34
-30 0.877778 -4.75058e-34
-29.4 0.877778 1.98034e-05
-28.8 0.877778 0.000214358
-28.2 0.877778 0.000743426
-27.6 0.877778 0.00168935
-27 0.877778 0.00305586
-26.4 0.877778 0.00478991
-25.8 0.877778 0.00681252
-25.2 0.877778 0.00904566
-24.6 0.877778 0.0114276
-24 0.877778 0.0139163
-23.4 0.877778 0.016484
-22.8 0.877778 0.0191097
-22.2 0.877778 0.0217724
-21.6 0.877778 0.0244477
-21 0.877778 0.0271072
-20.4 0.877778 0.02972
-19.8 0.877778 0.0322539
-19.2 0.877778 0.0346772
-18.6 0.877778 0.0369584
-18 0.877778 0.0390671
-17.4 0.877778 0.0409732
-16.8 0.877778 0.0426472
-16.2 0.877778 0.0440599
-15.6 0.877778 0.0451831
-15 0.877778 0.0459899
-14.4 0.877778 0.0464552
-13.8 0.877778 0.0465573
-13.2 0.877778 0.046279
-12.6 0.877778 0.0456084
-12 0.877778 0.0445402
-11.4 0.877778 0.0430756
-10.8 0.877778 0.0412223
-10.2 0.877778 0.0389951
-9.6 0.877778 0.0364187
-9 0.877778 0.0335324
-8.4 0.877778 0.030395
-7.8 0.877778 0.0270847
-7.2 0.877778 0.0236904
-6.6 0.877778 0.0202998
-6 0.877778 0.0170011
-5.4 0.877778 0.0139133
-4.8 0.877778 0.0112242
-4.2 0.877778 0.00913603
-3.6 0.877778 0.00758811
-3 0.877778 0.00576845
-2.4 0.877778 0.00184364
-1.8 0.877778 -0.00625682
-1.2 0.877778 -0.0185645
-0.6 0.877778 -0.03086
0 0.877778 -0.0361884
0.6 0.877778 -0.0309111
1.2 0.877778 -0.0185994
1.8 0.877778 -0.00626652
2.4 0.877778 0.00174969
3 0.877778 0.0054298
3.6 0.877778 0.00687169
4.2 0.877778 0.00794641
4.8 0.877778 0.00947509
5.4 0.877778 0.0115129
6 0.877778 0.0138649
6.6 0.877778 0.0163766
7.2 0.877778 0.0189821
7.8 0.877778 0.0216541
8.4 0.877778 0.0243619
9 0.877778 0.0270623
9.6 0.877778 0.0297095
10.2 0.877778 0.0322637
10.8 0.877778 0.0346934
11.4 0.877778 0.0369722
12 0.877778 0.0390751
12.6 0.877778 0.0409758
13.2 0.877778 0.0426464
13.8 0.877778 0.0440577
14.4 0.877778 0.0451811
15 0.877778 0.0459888
15.6 0.877778 0.0464557
16.2 0.877778 0.0465595
16.8 0.877778 0.0462821
17.4 0.877778 0.0456107
18 0.877778 0.0445384
18.6 0.877778 0.0430662
19.2 0.877778 0.0412042
19.8 0.877778 0.0389736
20.4 0.877778 0.0364072
21 0.877778 0.0335507
21.6 0.877778 0.0304609
22.2 0.877778 0.0272035
22.8 0.877778 0.0238482
23.4 0.877778 0.0204642
24 0.877778 0.0171178
24.6 0.877778 0.0138727
25.2 0.877778 0.0107947
25.8 0.877778 0.00795816
26.4 0.877778 0.00544918
27 0.877778 0.00335972
27.6 0.877778 0.00176968
28.2 0.877778 0.000717777
28.8 0.877778 0.000170072
29.4 0.877778 6.89037e-07
30 0.877778 -5.47294e-34
-30 0.988889 -2.37283e-34
-29.4 0.988889 1.19358e-05
-28.8 0.988889 0.000114158
-28.2 0.988889 0.000384055
-27.6 0.988889 0.000860005
-27 0.988889 0.00154181
-26.4 0.988889 0.0024023
-25.8 0.988889 0.00340279
-25.2 0.988889 0.00450582
-24.6 0.988889 0.00568213
-24 0.988889 0.00691174
-23.4 0.988889 0.00818131
-22.8 0.988889 0.00948043
-22.2 0.988889 0.0107986
-21.6 0.988889 0.0121238
-21 0.988889 0.0134422
-20.4 0.988889 0.0147389
-19.8 0.988889 0.0159982
-19.2 0.988889 0.0172048
-18.6 0.988889 0.0183435
-18 0.988889 0.0193994
-17.4 0.988889 0.0203576
-16.8 0.988889 0.0212034
-16.2 0.988889 0.0219225
-15.6 0.988889 0.0225005
-15 0.988889 0.0229237
-14.4 0.988889 0.0231793
-13.8 0.988889 0.0232556
-13.2 0.988889 0.0231431
-12.6 0.988889 0.0228348
-12 0.988889 0.0223269
-11.4 0.988889 0.021619
-10.8 0.988889 0.0207141
-10.2 0.988889 0.019619
-9.6 0.988889 0.0183449
-9 0.988889 0.0169093
-8.4 0.988889 0.0153399
-7.8 0.988889 0.0136763
-7.2 0.988889 0.0119687
-6.6 0.988889 0.0102701
-6 0.988889 0.00862592
-5.4 0.988889 0.00707281
-4.8 0.988889 0.00565636
-4.2 0.988889 0.0044518
-3.6 0.988889 0.00351493
-3 0.988889 0.002661
-2.4 0.988889 0.00111756
-1.8 0.988889 -0.00245489
-1.2 0.988889 -0.00874688
-0.6 0.988889 -0.0157379
0 0.988889 -0.0189067
0.6 0.988889 -0.0156849
1.2 0.988889 -0.00867363
1.8 0.988889 -0.00241555
2.4 0.988889 0.00106286
3 0.988889 0.0024566
3.6 0.988889 0.00311108
4.2 0.988889 0.00379993
4.8 0.988889 0.00470478
5.4 0.988889 0.0057685
6 0.988889 0.00692304
6.6 0.988889 0.00814184
7.2 0.988889 0.00941725
7.8 0.988889 0.0107371
8.4 0.988889 0.0120797
9 0.988889 0.0134195
9.6 0.988889 0.0147333
10.2 0.988889 0.0160024
10.8 0.988889 0.0172122
11.4 0.988889 0.0183499
12 0.988889 0.0194032
12.6 0.988889 0.020359
13.2 0.988889 0.0212032
13.8 0.988889 0.0219216
14.4 0.988889 0.0224995
15 0.988889 0.0229231
15.6 0.988889 0.0231793
16.2 0.988889 0.0232564
16.8 0.988889 0.0231445
17.4 0.988889 0.0228361
18 0.988889 0.0223267
18.6 0.988889 0.0216156
19.2 0.988889 0.0207065
19.8 0.988889 0.0196088
20.4 0.988889 0.0183377
21 0.988889 0.0169154
21.6 0.988889 0.0153701
22.2 0.988889 0.0137353
22.8 0.988889 0.0120471
23.4 0.988889 0.0103419
24 0.988889 0.00865472
24.6 0.988889 0.00701854
25.2 0.988889 0.005467
25.8 0.988889 0.00403732
26.4 0.988889 0.00277215
27 0.988889 0.00171709
27.6 0.988889 0.000911874
28.2 0.988889 0.000376064
28.8 0.988889 9.34989e-05
29.4 0.988889 2.61154e-06
30 0.988889 -2.75282e-34
-30 1.1 0
-29.4 1.1 0
-28.8 1.1 0
-28.2 1.1 0
-27.6 1.1 0
-27 1.1 0
-26.4 1.1 0
-25.8 1.1 0
-25.2 1.1 0
-24.6 1.1 0
-24 1.1 0
-23.4 1.1 0
-22.8 1.1 0
-22.2 1.1 0
-21.6 1.1 0
-21 1.1 0
-20.4 1.1 0
-19.8 1.1 0
-19.2 1.1 0
-18.6 1.1 0
-18 1.1 0
-17.4 1.1 0
-16.8 1.1 0
-16.2 1.1 0
-15.6 1.1 0
-15 1.1 0
-14.4 1.1 0
-13.8 1.1 0
-13.2 1.1 0
-12.6 1.1 0
-12 1.1 0
-11.4 1.1 0
-10.8 1.1 0
-10.2 1.1 0
-9.6 1.1 0
-9 1.1 0
-8.4 1.1 0
-7.8 1.1 0
-7.2 1.1 0
-6.6 1.1 0
-6 1.1 0
-5.4 1.1 0
-4.8 1.1 0
-4.2 1.1 0
-3.6 1.1 0
-3 1.1 0
-2.4 1.1 0
-1.8 1.1 0
-1.2 1.1 0
-0.6 1.1 0
0 1.1 0
0.6 1.1 0
1.2 1.1 0
1.8 1.1 0
2.4 1.1 0
3 1.1 0
3.6 1.1 0
4.2 1.1 0
4.8 1.1 0
5.4 1.1 0
6 1.1 0
6.6 1.1 0
7.2 1.1 0
7.8 1.1 0
8.4 1.1 0
9 1.1 0
9.6 1.1 0
10.2 1.1 0
10.8 1.1 0
11.4 1.1 0
12 1.1 0
12.6 1.1 0
13.2 1.1 0
13.8 1.1 0
14.4 1.1 0
15 1.1 0
15.6 1.1 0
16.2 1.1 0
16.8 1.1 0
17.4 1.1 0
18 1.1 0
18.6 1.1 0
19.2 1.1 0
19.8 1.1 0
20.4 1.1 0
21 1.1 0
21.6 1.1 0
22.2 1.1 0
22.8 1.1 0
23.4 1.1 0
24 1.1 0
24.6 1.1 0
25.2 1.1 0
25.8 1.1 0
26.4 1.1 0
27 1.1 0
27.6 1.1 0
28.2 1.1 0
28.8 1.1 0
29.4 1.1 0
30 1.1 0
