-30 0.05 3.06083e-34
-29.4 0.05 1.21191e-05
-28.8 0.05 -5.31118e-05
-28.2 0.05 -0.000324548
-27.6 0.05 -0.000876412
-27 0.05 -0.00171776
-26.4 0.05 -0.00280339
-25.8 0.05 -0.00405692
-25.2 0.05 -0.00539494
-24.6 0.05 -0.00674412
-24 0.05 -0.00804798
-23.4 0.05 -0.00926489
-22.8 0.05 -0.0103614
-22.2 0.05 -0.0113055
-21.6 0.05 -0.0120624
-21 0.05 -0.0125941
-20.4 0.05 -0.0128608
-19.8 0.05 -0.0128241
-19.2 0.05 -0.0124487
-18.6 0.05 -0.0117041
-18 0.05 -0.0105646
-17.4 0.05 -0.00900929
-16.8 0.05 -0.00702208
-16.2 0.05 -0.00459184
-15.6 0.05 -0.00171271
-15 0.05 0.00161541
-14.4 0.05 0.00538638
-13.8 0.05 0.00958754
-13.2 0.05 0.0141995
-12.6 0.05 0.019196
-12 0.05 0.024544
-11.4 0.05 0.0302039
-10.8 0.05 0.0361298
-10.2 0.05 0.0422697
-9.6 0.05 0.0485665
-9 0.05 0.0549583
-8.4 0.05 0.0613796
-7.8 0.05 0.067762
-7.2 0.05 0.0740352
-6.6 0.05 0.0801287
-6 0.05 0.0859719
-5.4 0.05 0.0914963
-4.8 0.05 0.096636
-4.2 0.05 0.101329
-3.6 0.05 0.105518
-3 0.05 0.109151
-2.4 0.05 0.112184
-1.8 0.05 0.114579
-1.2 0.05 0.116305
-0.6 0.05 0.117342
0 0.05 0.117675
0.6 0.05 0.1173
1.2 0.05 0.11622
1.8 0.05 0.114446
2.4 0.05 0.111998
3 0.05 0.108903
3.6 0.05 0.105197
4.2 0.05 0.10092
4.8 0.05 0.096119
5.4 0.05 0.0908484
6 0.05 0.085166
6.6 0.05 0.079134
7.2 0.05 0.0728181
7.8 0.05 0.0662868
8.4 0.05 0.0596103
9 0.05 0.0528595
9.6 0.05 0.0461056
10.2 0.05 0.0394187
10.8 0.05 0.0328671
11.4 0.05 0.0265164
12 0.05 0.0204287
12.6 0.05 0.0146613
13.2 0.05 0.00926637
13.8 0.05 0.00428984
14.4 0.05 -0.0002292
15 0.05 -0.0042592
15.6 0.05 -0.00777661
16.2 0.05 -0.0107662
16.8 0.05 -0.0132214
17.4 0.05 -0.0151441
18 0.05 -0.0165452
18.6 0.05 -0.0174438
19.2 0.05 -0.0178678
19.8 0.05 -0.0178532
20.4 0.05 -0.0174433
21 0.05 -0.0166871
21.6 0.05 -0.0156379
22.2 0.05 -0.0143498
22.8 0.05 -0.012876
23.4 0.05 -0.0112669
24 0.05 -0.009571
24.6 0.05 -0.00783799
25.2 0.05 -0.00612332
25.8 0.05 -0.00449278
26.4 0.05 -0.00302284
27 0.05 -0.00179364
27.6 0.05 -0.000872727
28.2 0.05 -0.000291938
28.8 0.05 -2.50552e-05
29.4 0.05 2.23223e-05
30 0.05 3.24249e-34
-30 0.102632 2.89568e-34
-29.4 0.102632 1.4027e-05
-28.8 0.102632 -4.16919e-05
-28.2 0.102632 -0.000291742
-27.6 0.102632 -0.000808056
-27 0.102632 -0.00159923
-26.4 0.102632 -0.00262126
-25.8 0.102632 -0.00380044
-25.2 0.102632 -0.00505719
-24.6 0.102632 -0.00632248
-24 0.102632 -0.00754404
-23.4 0.102632 -0.00868386
-22.8 0.102632 -0.00971151
-22.2 0.102632 -0.0105976
-21.6 0.102632 -0.0113099
-21 0.102632 -0.0118128
-20.4 0.102632 -0.0120693
-19.8 0.102632 -0.0120433
-19.2 0.102632 -0.011702
-18.6 0.102632 -0.0110164
-18 0.102632 -0.00996191
-17.4 0.102632 -0.00851844
-16.8 0.102632 -0.00666997
-16.2 0.102632 -0.00440497
-15.6 0.102632 -0.00171673
-15 0.102632 0.00139612
-14.4 0.102632 0.00492916
-13.8 0.102632 0.0088718
-13.2 0.102632 0.013207
-12.6 0.102632 0.0179112
-12 0.102632 0.0229541
-11.4 0.102632 0.028299
-10.8 0.102632 0.0339028
-10.2 0.102632 0.0397164
-9.6 0.102632 0.0456855
-9 0.102632 0.0517509
-8.4 0.102632 0.0578496
-7.8 0.102632 0.0639157
-7.2 0.102632 0.0698814
-6.6 0.102632 0.0756784
-6 0.102632 0.0812385
-5.4 0.102632 0.0864955
-4.8 0.102632 0.0913858
-4.2 0.102632 0.0958498
-3.6 0.102632 0.0998327
-3 0.102632 0.103286
-2.4 0.102632 0.106166
-1.8 0.102632 0.108439
-1.2 0.102632 0.110076
-0.6 0.102632 0.111058
0 0.102632 0.111373
0.6 0.102632 0.111018
1.2 0.102632 0.109996
1.8 0.102632 0.10832
2.4 0.102632 0.10601
3 0.102632 0.103091
3.6 0.102632 0.0995962
4.2 0.102632 0.0955659
4.8 0.102632 0.0910443
5.4 0.102632 0.0860813
6 0.102632 0.0807312
6.6 0.102632 0.075052
7.2 0.102632 0.0691046
7.8 0.102632 0.0629526
8.4 0.102632 0.056661
9 0.102632 0.0502956
9.6 0.102632 0.0439225
10.2 0.102632 0.037607
10.8 0.102632 0.0314128
11.4 0.102632 0.0254015
12 0.102632 0.0196315
12.6 0.102632 0.0141571
13.2 0.102632 0.00902809
13.8 0.102632 0.00428876
14.4 0.102632 -2.28471e-05
15 0.102632 -0.00387551
15.6 0.102632 -0.00724541
16.2 0.102632 -0.0101165
16.8 0.102632 -0.0124809
17.4 0.102632 -0.0143388
18 0.102632 -0.015699
18.6 0.102632 -0.0165786
19.2 0.102632 -0.0170027
19.8 0.102632 -0.017005
20.4 0.102632 -0.016626
21 0.102632 -0.0159128
21.6 0.102632 -0.0149161
22.2 0.102632 -0.0136887
22.8 0.102632 -0.012282
23.4 0.102632 -0.0107451
24 0.102632 -0.00912516
24.6 0.102632 -0.00746957
25.2 0.102632 -0.0058312
25.8 0.102632 -0.00427267
26.4 0.102632 -0.00286727
27 0.102632 -0.00169244
27.6 0.102632 -0.000814039
28.2 0.102632 -0.000263364
28.8 0.102632 -1.48196e-05
29.4 0.102632 2.41376e-05
30 0.102632 3.10611e-34
-30 0.155263 2.7294e-34
-29.4 0.155263 1.5594e-05
-28.8 0.155263 -3.13805e-05
-28.2 0.155263 -0.000260871
-27.6 0.155263 -0.000742336
-27 0.155263 -0.00148398
-26.4 0.155263 -0.00244321
-25.8 0.155263 -0.00354917
-25.2 0.155263 -0.00472611
-24.6 0.155263 -0.00590921
-24 0.155263 -0.00705021
-23.4 0.155263 -0.00811456
-22.8 0.155263 -0.00907471
-22.2 0.155263 -0.00990374
-21.6 0.155263 -0.0105718
-21 0.155263 -0.0110459
-20.4 0.155263 -0.0112914
-19.8 0.155263 -0.0112749
-19.2 0.155263 -0.0109654
-18.6 0.155263 -0.010336
-18 0.155263 -0.00936317
-17.4 0.155263 -0.00802761
-16.8 0.155263 -0.00631353
-16.2 0.155263 -0.00420917
-15.6 0.155263 -0.00170714
-15 0.155263 0.00119505
-14.4 0.155263 0.00449451
-13.8 0.155263 0.00818258
-13.2 0.155263 0.0122445
-12.6 0.155263 0.0166591
-12 0.155263 0.021399
-11.4 0.155263 0.0264301
-10.8 0.155263 0.0317124
-10.2 0.155263 0.0371997
-9.6 0.155263 0.0428403
-9 0.155263 0.0485781
-8.4 0.155263 0.0543525
-7.8 0.155263 0.0601004
-7.2 0.155263 0.0657564
-6.6 0.155263 0.0712546
-6 0.155263 0.0765294
-5.4 0.155263 0.081517
-4.8 0.155263 0.0861561
-4.2 0.155263 0.0903898
-3.6 0.155263 0.0941656
-3 0.155263 0.0974373
-2.4 0.155263 0.100165
-1.8 0.155263 0.102315
-1.2 0.155263 0.103863
-0.6 0.155263 0.104791
0 0.155263 0.105089
0.6 0.155263 0.104753
1.2 0.155263 0.10379
1.8 0.155263 0.102212
2.4 0.155263 0.100038
3 0.155263 0.0972924
3.6 0.155263 0.0940082
4.2 0.155263 0.090222
4.8 0.155263 0.0859761
5.4 0.155263 0.0813168
6 0.155263 0.0762947
6.6 0.155263 0.0709637
7.2 0.155263 0.0653801
7.8 0.155263 0.0596028
8.4 0.155263 0.0536918
9 0.155263 0.047708
9.6 0.155263 0.0417126
10.2 0.155263 0.0357662
10.8 0.155263 0.0299281
11.4 0.155263 0.0242558
12 0.155263 0.0188041
12.6 0.155263 0.0136243
13.2 0.155263 0.00876365
13.8 0.155263 0.0042647
14.4 0.155263 0.00016427
15 0.155263 -0.00350696
15.6 0.155263 -0.00672508
16.2 0.155263 -0.00947345
16.8 0.155263 -0.011743
17.4 0.155263 -0.0135325
18 0.155263 -0.0148488
18.6 0.155263 -0.0157066
19.2 0.155263 -0.016129
19.8 0.155263 -0.0161469
20.4 0.155263 -0.0157984
21 0.155263 -0.015128
21.6 0.155263 -0.0141845
22.2 0.155263 -0.0130185
22.8 0.155263 -0.01168
23.4 0.155263 -0.0102167
24 0.155263 -0.00867391
24.6 0.155263 -0.00709705
25.2 0.155263 -0.00553628
25.8 0.155263 -0.00405107
26.4 0.155263 -0.00271144
27 0.155263 -0.00159205
27.6 0.155263 -0.000756826
28.2 0.155263 -0.000236359
28.8 0.155263 -5.67553e-06
29.4 0.155263 2.55773e-05
30 0.155263 2.96431e-34
-30 0.207895 2.56304e-34
-29.4 0.207895 1.68481e-05
-28.8 0.207895 -2.21125e-05
-28.2 0.207895 -0.00023187
-27.6 0.207895 -0.000679222
-27 0.207895 -0.00137202
-26.4 0.207895 -0.00226923
-25.8 0.207895 -0.00330304
-25.2 0.207895 -0.00440155
-24.6 0.207895 -0.0055041
-24 0.207895 -0.00656625
-23.4 0.207895 -0.00755673
-22.8 0.207895 -0.00845071
-22.2 0.207895 -0.00922365
-21.6 0.207895 -0.00984803
-21 0.207895 -0.0102932
-20.4 0.207895 -0.0105271
-19.8 0.207895 -0.0105186
-19.2 0.207895 -0.0102391
-18.6 0.207895 -0.0096631
-18 0.207895 -0.00876869
-17.4 0.207895 -0.00753719
-16.8 0.207895 -0.00595325
-16.2 0.207895 -0.00400499
-15.6 0.207895 -0.00168452
-15 0.207895 0.0010116
-14.4 0.207895 0.00408187
-13.8 0.207895 0.00751937
-13.2 0.207895 0.0113114
-12.6 0.207895 0.0154394
-12 0.207895 0.0198784
-11.4 0.207895 0.0245973
-10.8 0.207895 0.0295587
-10.2 0.207895 0.0347196
-9.6 0.207895 0.0400312
-9 0.207895 0.04544
-8.4 0.207895 0.0508885
-7.8 0.207895 0.0563161
-7.2 0.207895 0.0616602
-6.6 0.207895 0.0668573
-6 0.207895 0.0718445
-5.4 0.207895 0.0765604
-4.8 0.207895 0.0809466
-4.2 0.207895 0.0849482
-3.6 0.207895 0.0885159
-3 0.207895 0.0916055
-2.4 0.207895 0.0941796
-1.8 0.207895 0.0962078
-1.2 0.207895 0.0976666
-0.6 0.207895 0.0985402
0 0.207895 0.0988202
0.6 0.207895 0.0985051
1.2 0.207895 0.0976008
1.8 0.207895 0.0961197
2.4 0.207895 0.0940805
3 0.207895 0.0915078
3.6 0.207895 0.0884317
4.2 0.207895 0.0848871
4.8 0.207895 0.0809134
5.4 0.207895 0.0765541
6 0.207895 0.0718558
6.6 0.207895 0.0668685
7.2 0.207895 0.0616442
7.8 0.207895 0.0562371
8.4 0.207895 0.0507025
9 0.207895 0.0450966
9.6 0.207895 0.0394758
10.2 0.207895 0.0338963
10.8 0.207895 0.0284129
11.4 0.207895 0.0230792
12 0.207895 0.0179463
12.6 0.207895 0.0130626
13.2 0.207895 0.00847277
13.8 0.207895 0.0042173
14.4 0.207895 0.000331735
15 0.207895 -0.00315398
15.6 0.207895 -0.00621607
16.2 0.207895 -0.00883745
16.8 0.207895 -0.0110081
17.4 0.207895 -0.0127255
18 0.207895 -0.0139945
18.6 0.207895 -0.0148281
19.2 0.207895 -0.0152468
19.8 0.207895 -0.0152789
20.4 0.207895 -0.0149603
21 0.207895 -0.0143327
21.6 0.207895 -0.0134427
22.2 0.207895 -0.012339
22.8 0.207895 -0.0110699
23.4 0.207895 -0.00968139
24 0.207895 -0.00821707
24.6 0.207895 -0.00672028
25.2 0.207895 -0.00523848
25.8 0.207895 -0.00382793
26.4 0.207895 -0.00255536
27 0.207895 -0.00149247
27.6 0.207895 -0.000701078
28.2 0.207895 -0.000210876
28.8 0.207895 2.43108e-06
29.4 0.207895 2.66658e-05
30 0.207895 2.81809e-34
-30 0.260526 2.39728e-34
-29.4 0.260526 1.78095e-05
-28.8 0.260526 -1.38398e-05
-28.2 0.260526 -0.000204688
-27.6 0.260526 -0.000618684
-27 0.260526 -0.00126331
-26.4 0.260526 -0.00209929
-25.8 0.260526 -0.00306196
-25.2 0.260526 -0.00408339
-24.6 0.260526 -0.00510696
-24 0.260526 -0.00609194
-23.4 0.260526 -0.00701013
-22.8 0.260526 -0.00783926
-22.2 0.260526 -0.00855706
-21.6 0.260526 -0.00913823
-21 0.260526 -0.00955448
-20.4 0.260526 -0.00977618
-19.8 0.260526 -0.00977453
-19.2 0.260526 -0.00952299
-18.6 0.260526 -0.00899793
-18 0.260526 -0.00817872
-17.4 0.260526 -0.00704757
-16.8 0.260526 -0.0055896
-16.2 0.260526 -0.00379299
-15.6 0.260526 -0.00164948
-15 0.260526 0.00084517
-14.4 0.260526 0.00369064
-13.8 0.260526 0.00688164
-13.2 0.260526 0.0104075
-12.6 0.260526 0.0142517
-12 0.260526 0.0183921
-11.4 0.260526 0.0228002
-10.8 0.260526 0.0274417
-10.2 0.260526 0.0322762
-9.6 0.260526 0.0372581
-9 0.260526 0.0423368
-8.4 0.260526 0.0474576
-7.8 0.260526 0.0525629
-7.2 0.260526 0.0575927
-6.6 0.260526 0.0624864
-6 0.260526 0.0671836
-5.4 0.260526 0.0716257
-4.8 0.260526 0.0757567
-4.2 0.260526 0.0795248
-3.6 0.260526 0.0828829
-3 0.260526 0.0857895
-2.4 0.260526 0.0882097
-1.8 0.260526 0.0901153
-1.2 0.260526 0.0914849
-0.6 0.260526 0.0923046
0 0.260526 0.0925672
0.6 0.260526 0.0922724
1.2 0.260526 0.0914266
1.8 0.260526 0.0900422
2.4 0.260526 0.0881374
3 0.260526 0.0857358
3.6 0.260526 0.0828657
4.2 0.260526 0.07956
4.8 0.260526 0.0758555
5.4 0.260526 0.0717923
6 0.260526 0.0674138
6.6 0.260526 0.0627659
7.2 0.260526 0.0578964
7.8 0.260526 0.0528551
8.4 0.260526 0.0476929
9 0.260526 0.0424613
9.6 0.260526 0.0372122
10.2 0.260526 0.0319972
10.8 0.260526 0.0268671
11.4 0.260526 0.0218716
12 0.260526 0.0170581
12.6 0.260526 0.0124719
13.2 0.260526 0.00815516
13.8 0.260526 0.00414622
14.4 0.260526 0.000479131
15 0.260526 -0.00281704
15.6 0.260526 -0.00571883
16.2 0.260526 -0.00820893
16.8 0.260526 -0.0102766
17.4 0.260526 -0.011918
18 0.260526 -0.0131365
18.6 0.260526 -0.013943
19.2 0.260526 -0.0143559
19.8 0.260526 -0.014401
20.4 0.260526 -0.0141114
21 0.260526 -0.0135266
21.6 0.260526 -0.0126906
22.2 0.260526 -0.0116501
22.8 0.260526 -0.0104514
23.4 0.260526 -0.00913895
24 0.260526 -0.00775448
24.6 0.260526 -0.00633914
25.2 0.260526 -0.00493768
25.8 0.260526 -0.00360319
26.4 0.260526 -0.00239901
27 0.260526 -0.00139371
27.6 0.260526 -0.00064678
28.2 0.260526 -0.000186878
28.8 0.260526 9.53785e-06
29.4 0.260526 2.74196e-05
30 0.260526 2.6681e-34
-30 0.313158 2.23255e-34
-29.4 0.313158 1.84925e-05
-28.8 0.313158 -6.52576e-06
-28.2 0.313158 -0.000179282
-27.6 0.313158 -0.000560688
-27 0.313158 -0.00115786
-26.4 0.313158 -0.00193335
-25.8 0.313158 -0.00282586
-25.2 0.313158 -0.00377149
-24.6 0.313158 -0.00471763
-24 0.313158 -0.00562706
-23.4 0.313158 -0.00647451
-22.8 0.313158 -0.0072401
-22.2 0.313158 -0.0079037
-21.6 0.313158 -0.00844218
-21 0.313158 -0.00882951
-20.4 0.313158 -0.00903845
-19.8 0.313158 -0.00904248
-19.2 0.313158 -0.00881715
-18.6 0.313158 -0.00834059
-18 0.313158 -0.00759351
-17.4 0.313158 -0.00655911
-16.8 0.313158 -0.00522304
-16.2 0.313158 -0.00357369
-15.6 0.313158 -0.00160258
-15 0.313158 0.000695161
-14.4 0.313158 0.00332025
-13.8 0.313158 0.00626884
-13.2 0.313158 0.00953207
-12.6 0.313158 0.0130957
-12 0.313158 0.0169399
-11.4 0.313158 0.0210389
-10.8 0.313158 0.0253611
-10.2 0.313158 0.0298694
-9.6 0.313158 0.034521
-9 0.313158 0.0392684
-8.4 0.313158 0.0440599
-7.8 0.313158 0.0488407
-7.2 0.313158 0.0535539
-6.6 0.313158 0.0581416
-6 0.313158 0.0625464
-5.4 0.313158 0.0667124
-4.8 0.313158 0.0705863
-4.2 0.313158 0.074119
-3.6 0.313158 0.0772661
-3 0.313158 0.0799887
-2.4 0.313158 0.0822544
-1.8 0.313158 0.084037
-1.2 0.313158 0.0853175
-0.6 0.313158 0.0860833
0 0.313158 0.0863287
0.6 0.313158 0.0860543
1.2 0.313158 0.0852668
1.8 0.313158 0.0839786
2.4 0.313158 0.0822073
3 0.313158 0.0799752
3.6 0.313158 0.0773092
4.2 0.313158 0.0742399
4.8 0.313158 0.0708013
5.4 0.313158 0.0670308
6 0.313158 0.0629681
6.6 0.313158 0.0586553
7.2 0.313158 0.0541363
7.8 0.313158 0.0494567
8.4 0.313158 0.0446629
9 0.313158 0.039802
9.6 0.313158 0.0349216
10.2 0.313158 0.030069
10.8 0.313158 0.0252908
11.4 0.313158 0.0206329
12 0.313158 0.0161393
12.6 0.313158 0.011852
13.2 0.313158 0.00781054
13.8 0.313158 0.00405108
14.4 0.313158 0.000606046
15 0.313158 -0.00249657
15.6 0.313158 -0.00523381
16.2 0.313158 -0.00758832
16.8 0.313158 -0.00954878
17.4 0.313158 -0.0111103
18 0.313158 -0.0122749
18.6 0.313158 -0.0130515
19.2 0.313158 -0.0134564
19.8 0.313158 -0.0135129
20.4 0.313158 -0.0132517
21 0.313158 -0.0127095
21.6 0.313158 -0.0119279
22.2 0.313158 -0.0109514
22.8 0.313158 -0.0098243
23.4 0.313158 -0.0085892
24 0.313158 -0.00728595
24.6 0.313158 -0.00595348
25.2 0.313158 -0.00463381
25.8 0.313158 -0.00337682
26.4 0.313158 -0.00224238
27 0.313158 -0.00129577
27.6 0.313158 -0.000593922
28.2 0.313158 -0.000164342
28.8 0.313158 1.56712e-05
29.4 0.313158 2.78502e-05
30 0.313158 2.51476e-34
-30 0.365789 2.06912e-34
-29.4 0.365789 1.89079e-05
-28.8 0.365789 -1.42451e-07
-28.2 0.365789 -0.000155617
-27.6 0.365789 -0.000505206
-27 0.365789 -0.00105561
-26.4 0.365789 -0.00177137
-25.8 0.365789 -0.00259468
-25.2 0.365789 -0.00346573
-24.6 0.365789 -0.00433591
-24 0.365789 -0.0051714
-23.4 0.365789 -0.00594963
-22.8 0.365789 -0.00665296
-22.2 0.365789 -0.00726331
-21.6 0.365789 -0.00775962
-21 0.365789 -0.00811809
-20.4 0.365789 -0.00831377
-19.8 0.365789 -0.00832241
-19.2 0.365789 -0.0081216
-18.6 0.365789 -0.0076912
-18 0.365789 -0.00701331
-17.4 0.365789 -0.00607214
-16.8 0.365789 -0.00485402
-16.2 0.365789 -0.00334763
-15.6 0.365789 -0.0015444
-15 0.365789 0.000560976
-14.4 0.365789 0.00297012
-13.8 0.365789 0.00568046
-13.2 0.365789 0.00868479
-12.6 0.365789 0.0119709
-12 0.365789 0.0155214
-11.4 0.365789 0.019313
-10.8 0.365789 0.0233171
-10.2 0.365789 0.0274993
-9.6 0.365789 0.0318201
-9 0.365789 0.036235
-8.4 0.365789 0.0406954
-7.8 0.365789 0.0451496
-7.2 0.365789 0.0495438
-6.6 0.365789 0.0538231
-6 0.365789 0.0579329
-5.4 0.365789 0.0618202
-4.8 0.365789 0.0654348
-4.2 0.365789 0.0687303
-3.6 0.365789 0.0716649
-3 0.365789 0.0742025
-2.4 0.365789 0.0763129
-1.8 0.365789 0.0779723
-1.2 0.365789 0.0791635
-0.6 0.365789 0.0798755
0 0.365789 0.0801038
0.6 0.365789 0.0798498
1.2 0.365789 0.0791204
1.8 0.365789 0.0779279
2.4 0.365789 0.0762891
3 0.365789 0.0742252
3.6 0.365789 0.0717612
4.2 0.365789 0.0689257
4.8 0.365789 0.0657501
5.4 0.365789 0.0622687
6 0.365789 0.0585179
6.6 0.365789 0.0545362
7.2 0.365789 0.0503636
7.8 0.365789 0.0460415
8.4 0.365789 0.0416122
9 0.365789 0.0371186
9.6 0.365789 0.032604
10.2 0.365789 0.0281116
10.8 0.365789 0.023684
11.4 0.365789 0.0193632
12 0.365789 0.0151898
12.6 0.365789 0.0112027
13.2 0.365789 0.00743862
13.8 0.365789 0.00393153
14.4 0.365789 0.000712068
15 0.365789 -0.00219302
15.6 0.365789 -0.00476147
16.2 0.365789 -0.00697605
16.8 0.365789 -0.00882509
17.4 0.365789 -0.0103029
18 0.365789 -0.01141
18.6 0.365789 -0.0121538
19.2 0.365789 -0.0125483
19.8 0.365789 -0.0126147
20.4 0.365789 -0.0123809
21 0.365789 -0.0118811
21.6 0.365789 -0.0111544
22.2 0.365789 -0.0102427
22.8 0.365789 -0.00918834
23.4 0.365789 -0.00803192
24 0.365789 -0.0068113
24.6 0.365789 -0.00556315
25.2 0.365789 -0.00432675
25.8 0.365789 -0.00314876
26.4 0.365789 -0.00208546
27 0.365789 -0.00119864
27.6 0.365789 -0.000542493
28.2 0.365789 -0.000143247
28.8 0.365789 2.08492e-05
29.4 0.365789 2.7965e-05
30 0.365789 2.35834e-34
-30 0.418421 1.90718e-34
-29.4 0.418421 1.90633e-05
-28.8 0.418421 5.331e-06
-28.2 0.418421 -0.000133664
-27.6 0.418421 -0.000452209
-27 0.418421 -0.000956564
-26.4 0.418421 -0.00161332
-25.8 0.418421 -0.00236834
-25.2 0.418421 -0.00316601
-24.6 0.418421 -0.00396167
-24 0.418421 -0.00472475
-23.4 0.418421 -0.00543525
-22.8 0.418421 -0.0060776
-22.2 0.418421 -0.00663564
-21.6 0.418421 -0.00709032
-21 0.418421 -0.00741999
-20.4 0.418421 -0.00760199
-19.8 0.418421 -0.00761424
-19.2 0.418421 -0.00743634
-18.6 0.418421 -0.00704987
-18 0.418421 -0.00643834
-17.4 0.418421 -0.00558701
-16.8 0.418421 -0.00448296
-16.2 0.418421 -0.0031153
-15.6 0.418421 -0.00147552
-15 0.418421 0.000442021
-14.4 0.418421 0.00263965
-13.8 0.418421 0.00511592
-13.2 0.418421 0.00786515
-12.6 0.418421 0.010877
-12 0.418421 0.0141363
-11.4 0.418421 0.0176224
-10.8 0.418421 0.0213094
-10.2 0.418421 0.0251659
-9.6 0.418421 0.0291553
-9 0.418421 0.0332366
-8.4 0.418421 0.0373642
-7.8 0.418421 0.0414897
-7.2 0.418421 0.0455623
-6.6 0.418421 0.0495305
-6 0.418421 0.0533426
-5.4 0.418421 0.0569489
-4.8 0.418421 0.060302
-4.2 0.418421 0.0633583
-3.6 0.418421 0.0660789
-3 0.418421 0.0684302
-2.4 0.418421 0.0703846
-1.8 0.418421 0.0719203
-1.2 0.418421 0.073022
-0.6 0.418421 0.0736802
0 0.418421 0.0738915
0.6 0.418421 0.0736579
1.2 0.418421 0.0729864
1.8 0.418421 0.071889
2.4 0.418421 0.0703818
3 0.418421 0.0684846
3.6 0.418421 0.0662208
4.2 0.418421 0.0636166
4.8 0.418421 0.0607011
5.4 0.418421 0.0575054
6 0.418421 0.0540628
6.6 0.418421 0.0504082
7.2 0.418421 0.0465779
7.8 0.418421 0.0426093
8.4 0.418421 0.0385408
9 0.418421 0.0344111
9.6 0.418421 0.0302594
10.2 0.418421 0.0261249
10.8 0.418421 0.0220465
11.4 0.418421 0.0180623
12 0.418421 0.0142094
12.6 0.418421 0.0105237
13.2 0.418421 0.00703915
13.8 0.418421 0.00378725
14.4 0.418421 0.000796789
15 0.418421 -0.00190685
15.6 0.418421 -0.00430228
16.2 0.418421 -0.00637258
16.8 0.418421 -0.00810591
17.4 0.418421 -0.00949587
18 0.418421 -0.0105419
18.6 0.418421 -0.0112498
19.2 0.418421 -0.0116316
19.8 0.418421 -0.0117062
20.4 0.418421 -0.0114989
21 0.418421 -0.0110412
21.6 0.418421 -0.0103697
22.2 0.418421 -0.00952368
22.8 0.418421 -0.00854327
23.4 0.418421 -0.00746689
24 0.418421 -0.00633035
24.6 0.418421 -0.00516801
25.2 0.418421 -0.00401643
25.8 0.418421 -0.00291896
26.4 0.418421 -0.00192821
27 0.418421 -0.00110232
27.6 0.418421 -0.000492485
28.2 0.418421 -0.000123581
28.8 0.418421 2.50832e-05
29.4 0.418421 2.77691e-05
30 0.418421 2.19901e-34
-30 0.471053 1.74679e-34
-29.4 0.471053 1.8964e-05
-28.8 0.471053 9.90952e-06
-28.2 0.471053 -0.000113402
-27.6 0.471053 -0.000401672
-27 0.471053 -0.000860672
-26.4 0.471053 -0.00145916
-25.8 0.471053 -0.00214677
-25.2 0.471053 -0.00287221
-24.6 0.471053 -0.00359473
-24 0.471053 -0.00428692
-23.4 0.471053 -0.00493115
-22.8 0.471053 -0.00551377
-22.2 0.471053 -0.00602043
-21.6 0.471053 -0.00643402
-21 0.471053 -0.00673502
-20.4 0.471053 -0.00690294
-19.8 0.471053 -0.00691788
-19.2 0.471053 -0.00676138
-18.6 0.471053 -0.00641672
-18 0.471053 -0.0058688
-17.4 0.471053 -0.00510402
-16.8 0.471053 -0.00411029
-16.2 0.471053 -0.00287722
-15.6 0.471053 -0.00139649
-15 0.471053 0.000337705
-14.4 0.471053 0.00232826
-13.8 0.471053 0.00457468
-13.2 0.471053 0.00707266
-12.6 0.471053 0.00981363
-12 0.471053 0.0127844
-11.4 0.471053 0.0159669
-10.8 0.471053 0.0193379
-10.2 0.471053 0.022869
-9.6 0.471053 0.0265268
-9 0.471053 0.0302732
-8.4 0.471053 0.0340663
-7.8 0.471053 0.0378608
-7.2 0.471053 0.0416094
-6.6 0.471053 0.0452638
-6 0.471053 0.0487756
-5.4 0.471053 0.0520982
-4.8 0.471053 0.0551873
-4.2 0.471053 0.0580024
-3.6 0.471053 0.0605073
-3 0.471053 0.0626712
-2.4 0.471053 0.0644687
-1.8 0.471053 0.0658803
-1.2 0.471053 0.0668923
-0.6 0.471053 0.0674967
0 0.471053 0.067691
0.6 0.471053 0.0674776
1.2 0.471053 0.0668638
1.8 0.471053 0.0658611
2.4 0.471053 0.0644845
3 0.471053 0.0627526
3.6 0.471053 0.060687
4.2 0.471053 0.0583117
4.8 0.471053 0.0556533
5.4 0.471053 0.05274
6 0.471053 0.049602
6.6 0.471053 0.0462706
7.2 0.471053 0.0427787
7.8 0.471053 0.0391598
8.4 0.471053 0.0354483
9 0.471053 0.0316793
9.6 0.471053 0.0278878
10.2 0.471053 0.0241091
10.8 0.471053 0.0203784
11.4 0.471053 0.0167301
12 0.471053 0.0131981
12.6 0.471053 0.00981501
13.2 0.471053 0.00661186
13.8 0.471053 0.00361787
14.4 0.471053 0.000859805
15 0.471053 -0.00163851
15.6 0.471053 -0.00385669
16.2 0.471053 -0.00577836
16.8 0.471053 -0.00739166
17.4 0.471053 -0.00868971
18 0.471053 -0.00967101
18.6 0.471053 -0.0103398
19.2 0.471053 -0.0107064
19.8 0.471053 -0.0107873
20.4 0.471053 -0.0106055
21 0.471053 -0.0101897
21.6 0.471053 -0.00957367
22.2 0.471053 -0.00879416
22.8 0.471053 -0.00788884
23.4 0.471053 -0.00689389
24 0.471053 -0.00584292
24.6 0.471053 -0.00476793
25.2 0.471053 -0.00370272
25.8 0.471053 -0.00268735
26.4 0.471053 -0.00177062
27 0.471053 -0.00100679
27.6 0.471053 -0.000443891
28.2 0.471053 -0.000105339
28.8 0.471053 2.83792e-05
29.4 0.471053 2.72648e-05
30 0.471053 2.03687e-34
-30 0.523684 1.58798e-34
-29.4 0.523684 1.86129e-05
-28.8 0.523684 1.36026e-05
-28.2 0.523684 -9.4814e-05
-27.6 0.523684 -0.000353571
-27 0.523684 -0.000767908
-26.4 0.523684 -0.00130883
-25.8 0.523684 -0.0019299
-25.2 0.523684 -0.00258423
-24.6 0.523684 -0.00323496
-24 0.523684 -0.00385772
-23.4 0.523684 -0.0044371
-22.8 0.523684 -0.00496122
-22.2 0.523684 -0.00541743
-21.6 0.523684 -0.0057905
-21 0.523684 -0.00606296
-20.4 0.523684 -0.00621648
-19.8 0.523684 -0.00623324
-19.2 0.523684 -0.0060967
-18.6 0.523684 -0.00579181
-18 0.523684 -0.00530489
-17.4 0.523684 -0.00462349
-16.8 0.523684 -0.0037364
-16.2 0.523684 -0.00263386
-15.6 0.523684 -0.00130787
-15 0.523684 0.000247442
-14.4 0.523684 0.00203536
-13.8 0.523684 0.00405618
-13.2 0.523684 0.0063068
-12.6 0.523684 0.00878026
-12 0.523684 0.0114654
-11.4 0.523684 0.0143463
-10.8 0.523684 0.0174026
-10.2 0.523684 0.0206087
-9.6 0.523684 0.0239344
-9 0.523684 0.027345
-8.4 0.523684 0.0308018
-7.8 0.523684 0.0342631
-7.2 0.523684 0.0376851
-6.6 0.523684 0.0410228
-6 0.523684 0.0442315
-5.4 0.523684 0.0472677
-4.8 0.523684 0.0500904
-4.2 0.523684 0.0526621
-3.6 0.523684 0.0549496
-3 0.523684 0.0569248
-2.4 0.523684 0.0585645
-1.8 0.523684 0.0598514
-1.2 0.523684 0.0607735
-0.6 0.523684 0.061324
0 0.523684 0.0615012
0.6 0.523684 0.0613081
1.2 0.523684 0.0607517
1.8 0.523684 0.059843
2.4 0.523684 0.058596
3 0.523684 0.0570281
3.6 0.523684 0.0551588
4.2 0.523684 0.0530102
4.8 0.523684 0.0506061
5.4 0.523684 0.047972
6 0.523684 0.0451349
6.6 0.523684 0.0421231
7.2 0.523684 0.0389657
7.8 0.523684 0.0356927
8.4 0.523684 0.0323348
9 0.523684 0.0289231
9.6 0.523684 0.025489
10.2 0.523684 0.0220641
10.8 0.523684 0.0186797
11.4 0.523684 0.0153668
12 0.523684 0.0121558
12.6 0.523684 0.00907629
13.2 0.523684 0.00615649
13.8 0.523684 0.00342308
14.4 0.523684 0.000900713
15 0.523684 -0.00138843
15.6 0.523684 -0.00342518
16.2 0.523684 -0.00519384
16.8 0.523684 -0.00668276
17.4 0.523684 -0.00788473
18 0.523684 -0.00879746
18.6 0.523684 -0.0094239
19.2 0.523684 -0.00977263
19.8 0.523684 -0.00985806
20.4 0.523684 -0.00970059
21 0.523684 -0.00932628
21.6 0.523684 -0.008766
22.2 0.523684 -0.00805383
22.8 0.523684 -0.00722479
23.4 0.523684 -0.00631268
24 0.523684 -0.0053488
24.6 0.523684 -0.00436275
25.2 0.523684 -0.00338555
25.8 0.523684 -0.00245388
26.4 0.523684 -0.00161265
27 0.523684 -0.000912036
27.6 0.523684 -0.000396709
28.2 0.523684 -8.85192e-05
28.8 0.523684 3.07382e-05
29.4 0.523684 2.64527e-05
30 0.523684 1.87194e-34
-30 0.576316 1.43069e-34
-29.4 0.576316 1.80108e-05
-28.8 0.576316 1.64146e-05
-28.2 0.576316 -7.78887e-05
-27.6 0.576316 -0.000307886
-27 0.576316 -0.000678236
-26.4 0.576316 -0.00116228
-25.8 0.576316 -0.00171766
-25.2 0.576316 -0.00230196
-24.6 0.576316 -0.00288222
-24 0.576316 -0.00343698
-23.4 0.576316 -0.00395289
-22.8 0.576316 -0.00441971
-22.2 0.576316 -0.0048264
-21.6 0.576316 -0.00515952
-21 0.576316 -0.0054036
-20.4 0.576316 -0.00554244
-19.8 0.576316 -0.00556023
-19.2 0.576316 -0.0054423
-18.6 0.576316 -0.00517525
-18 0.576316 -0.0047468
-17.4 0.576316 -0.00414569
-16.8 0.576316 -0.00336169
-16.2 0.576316 -0.00238571
-15.6 0.576316 -0.00121019
-15 0.576316 0.00017065
-14.4 0.576316 0.00176035
-13.8 0.576316 0.00355985
-13.2 0.576316 0.00556707
-12.6 0.576316 0.0077765
-12 0.576316 0.0101788
-11.4 0.576316 0.0127604
-10.8 0.576316 0.0155033
-10.2 0.576316 0.018385
-9.6 0.576316 0.0213783
-9 0.576316 0.0244519
-8.4 0.576316 0.0275707
-7.8 0.576316 0.0306966
-7.2 0.576316 0.0337893
-6.6 0.576316 0.0368075
-6 0.576316 0.0397101
-5.4 0.576316 0.042457
-4.8 0.576316 0.0450108
-4.2 0.576316 0.0473369
-3.6 0.576316 0.0494053
-3 0.576316 0.0511903
-2.4 0.576316 0.0526713
-1.8 0.576316 0.0538329
-1.2 0.576316 0.0546647
-0.6 0.576316 0.0551612
0 0.576316 0.0553213
0.6 0.576316 0.0551483
1.2 0.576316 0.054649
1.8 0.576316 0.0538338
2.4 0.576316 0.0527156
3 0.576316 0.0513102
3.6 0.576316 0.0496354
4.2 0.576316 0.0477111
4.8 0.576316 0.0455585
5.4 0.576316 0.0432005
6 0.576316 0.0406611
6.6 0.576316 0.0379651
7.2 0.576316 0.0351385
7.8 0.576316 0.0322078
8.4 0.576316 0.0291999
9 0.576316 0.0261424
9.6 0.576316 0.0230631
10.2 0.576316 0.0199898
10.8 0.576316 0.0169503
11.4 0.576316 0.0139721
12 0.576316 0.0110823
12.6 0.576316 0.00830742
13.2 0.576316 0.00567278
13.8 0.576316 0.00320253
14.4 0.576316 0.000919115
15 0.576316 -0.00115707
15.6 0.576316 -0.00300821
16.2 0.576316 -0.00461949
16.8 0.576316 -0.00597963
17.4 0.576316 -0.0070813
18 0.576316 -0.00792157
18.6 0.576316 -0.0085023
19.2 0.576316 -0.00883043
19.8 0.576316 -0.00891835
20.4 0.576316 -0.00878399
21 0.576316 -0.00845069
21.6 0.576316 -0.00794644
22.2 0.576316 -0.0073024
22.8 0.576316 -0.00655086
23.4 0.576316 -0.00572303
24 0.576316 -0.00484782
24.6 0.576316 -0.00395234
25.2 0.576316 -0.0030648
25.8 0.576316 -0.00221849
26.4 0.576316 -0.00145427
27 0.576316 -0.000818051
27.6 0.576316 -0.000350937
28.2 0.576316 -7.31251e-05
28.8 0.576316 3.21564e-05
29.4 0.576316 2.53314e-05
30 0.576316 1.7042e-34
-30 0.628947 1.27481e-34
-29.4 0.628947 1.71563e-05
-28.8 0.628947 1.83445e-05
-28.2 0.628947 -6.26207e-05
-27.6 0.628947 -0.000264597
-27 0.628947 -0.000591624
-26.4 0.628947 -0.00101946
-25.8 0.628947 -0.00150997
-25.2 0.628947 -0.0020253
-24.6 0.628947 -0.00253637
-24 0.628947 -0.00302451
-23.4 0.628947 -0.00347831
-22.8 0.628947 -0.00388901
-22.2 0.628947 -0.00424709
-21.6 0.628947 -0.00454083
-21 0.628947 -0.00475675
-20.4 0.628947 -0.00488065
-19.8 0.628947 -0.00489874
-19.2 0.628947 -0.00479815
-18.6 0.628947 -0.00456709
-18 0.628947 -0.00419469
-17.4 0.628947 -0.00367091
-16.8 0.628947 -0.00298652
-16.2 0.628947 -0.00213323
-15.6 0.628947 -0.00110399
-15 0.628947 0.000106754
-14.4 0.628947 0.00150265
-13.8 0.628947 0.00308512
-13.2 0.628947 0.00485295
-12.6 0.628947 0.00680191
-12 0.628947 0.00892435
-11.4 0.628947 0.0112088
-10.8 0.628947 0.0136398
-10.2 0.628947 0.0161977
-9.6 0.628947 0.0188584
-9 0.628947 0.021594
-8.4 0.628947 0.0243731
-7.8 0.628947 0.0271612
-7.2 0.628947 0.0299219
-6.6 0.628947 0.0326177
-6 0.628947 0.0352112
-5.4 0.628947 0.037666
-4.8 0.628947 0.0399481
-4.2 0.628947 0.0420263
-3.6 0.628947 0.0438736
-3 0.628947 0.0454669
-2.4 0.628947 0.0467882
-1.8 0.628947 0.0478239
-1.2 0.628947 0.0485651
-0.6 0.628947 0.0490074
0 0.628947 0.0491504
0.6 0.628947 0.0489974
1.2 0.628947 0.0485549
1.8 0.628947 0.0478325
2.4 0.628947 0.0468421
3 0.628947 0.045598
3.6 0.628947 0.0441159
4.2 0.628947 0.0424136
4.8 0.628947 0.04051
5.4 0.628947 0.038425
6 0.628947 0.0361798
6.6 0.628947 0.0337963
7.2 0.628947 0.0312968
7.8 0.628947 0.0287047
8.4 0.628947 0.0260436
9 0.628947 0.0233373
9.6 0.628947 0.02061
10.2 0.628947 0.0178862
10.8 0.628947 0.0151902
11.4 0.628947 0.012546
12 0.628947 0.00997759
12.6 0.628947 0.00750824
13.2 0.628947 0.0051605
13.8 0.628947 0.0029559
14.4 0.628947 0.000914619
15 0.628947 -0.000944883
15.6 0.628947 -0.00260627
16.2 0.628947 -0.00405579
16.8 0.628947 -0.00528271
17.4 0.628947 -0.00627978
18 0.628947 -0.00704363
18.6 0.628947 -0.00757515
19.2 0.628947 -0.00787984
19.8 0.628947 -0.00796812
20.4 0.628947 -0.00785556
21 0.628947 -0.00756274
21.6 0.628947 -0.0071147
22.2 0.628947 -0.00653959
22.8 0.628947 -0.00586675
23.4 0.628947 -0.0051247
24 0.628947 -0.00433976
24.6 0.628947 -0.00353654
25.2 0.628947 -0.00274038
25.8 0.628947 -0.00198111
26.4 0.628947 -0.00129543
27 0.628947 -0.000724819
27.6 0.628947 -0.000306576
28.2 0.628947 -5.91657e-05
28.8 0.628947 3.26254e-05
29.4 0.628947 2.38976e-05
30 0.628947 1.53356e-34
-30 0.681579 1.12011e-34
-29.4 0.681579 1.60457e-05
-28.8 0.681579 1.93855e-05
-28.2 0.681579 -4.90104e-05
-27.6 0.681579 -0.000223689
-27 0.681579 -0.000508033
-26.4 0.681579 -0.000880324
-25.8 0.681579 -0.00130677
-25.2 0.681579 -0.00175416
-24.6 0.681579 -0.00219729
-24 0.681579 -0.00262016
-23.4 0.681579 -0.00301316
-22.8 0.681579 -0.0033689
-22.2 0.681579 -0.00367926
-21.6 0.681579 -0.00393422
-21 0.681579 -0.00412219
-20.4 0.681579 -0.00423097
-19.8 0.681579 -0.00424868
-19.2 0.681579 -0.00416422
-18.6 0.681579 -0.00396739
-18 0.681579 -0.00364872
-17.4 0.681579 -0.0031994
-16.8 0.681579 -0.00261126
-16.2 0.681579 -0.00187687
-15.6 0.681579 -0.000989784
-15 0.681579 5.51828e-05
-14.4 0.681579 0.00126166
-13.8 0.681579 0.0026314
-13.2 0.681579 0.0041639
-12.6 0.681579 0.00585603
-12 0.681579 0.00770169
-11.4 0.681579 0.00969141
-10.8 0.681579 0.0118121
-10.2 0.681579 0.0140468
-9.6 0.681579 0.0163747
-9 0.681579 0.0187714
-8.4 0.681579 0.021209
-7.8 0.681579 0.023657
-7.2 0.681579 0.026083
-6.6 0.681579 0.0284533
-6 0.681579 0.0307346
-5.4 0.681579 0.0328942
-4.8 0.681579 0.0349018
-4.2 0.681579 0.0367297
-3.6 0.681579 0.0383539
-3 0.681579 0.0397541
-2.4 0.681579 0.0409146
-1.8 0.681579 0.0418237
-1.2 0.681579 0.0424739
-0.6 0.681579 0.0428619
0 0.681579 0.0429876
0.6 0.681579 0.0428543
1.2 0.681579 0.0424684
1.8 0.681579 0.0418383
2.4 0.681579 0.0409748
3 0.681579 0.0398905
3.6 0.681579 0.0385994
4.2 0.681579 0.037117
4.8 0.681579 0.0354596
5.4 0.681579 0.0336448
6 0.681579 0.0316906
6.6 0.681579 0.029616
7.2 0.681579 0.0274403
7.8 0.681579 0.0251834
8.4 0.681579 0.0228656
9 0.681579 0.0205074
9.6 0.681579 0.0181297
10.2 0.681579 0.0157534
10.8 0.681579 0.0133994
11.4 0.681579 0.0110885
12 0.681579 0.00884151
12.6 0.681579 0.00667857
13.2 0.681579 0.0046194
13.8 0.681579 0.00268288
14.4 0.681579 0.000886834
15 0.681579 -0.000752301
15.6 0.681579 -0.00221983
16.2 0.681579 -0.0035032
16.8 0.681579 -0.00459245
17.4 0.681579 -0.00548057
18 0.681579 -0.00616394
18.6 0.681579 -0.00664266
19.2 0.681579 -0.00692093
19.8 0.681579 -0.00700735
20.4 0.681579 -0.00691515
21 0.681579 -0.0066622
21.6 0.681579 -0.00627051
22.2 0.681579 -0.00576509
22.8 0.681579 -0.0051722
23.4 0.681579 -0.00451743
24 0.681579 -0.00382444
24.6 0.681579 -0.00311519
25.2 0.681579 -0.00241216
25.8 0.681579 -0.00174166
26.4 0.681579 -0.0011361
27 0.681579 -0.000632321
27.6 0.681579 -0.000263629
28.2 0.681579 -4.66549e-05
28.8 0.681579 3.21319e-05
29.4 0.681579 2.21459e-05
30 0.681579 1.35986e-34
-30 0.734211 9.66302e-35
-29.4 0.734211 1.46724e-05
-28.8 0.734211 1.9524e-05
-28.2 0.734211 -3.70647e-05
-27.6 0.734211 -0.000185148
-27 0.734211 -0.000427425
-26.4 0.734211 -0.000744803
-25.8 0.734211 -0.00110798
-25.2 0.734211 -0.00148846
-24.6 0.734211 -0.00186485
-24 0.734211 -0.00222378
-23.4 0.734211 -0.00255724
-22.8 0.734211 -0.00285913
-22.2 0.734211 -0.00312267
-21.6 0.734211 -0.00333945
-21 0.734211 -0.00349972
-20.4 0.734211 -0.00359322
-19.8 0.734211 -0.00360993
-19.2 0.734211 -0.00354048
-18.6 0.734211 -0.0033762
-18 0.734211 -0.00310903
-17.4 0.734211 -0.00273141
-16.8 0.734211 -0.00223625
-16.2 0.734211 -0.00161706
-15.6 0.734211 -0.000868094
-15 0.734211 1.53734e-05
-14.4 0.734211 0.00103681
-13.8 0.734211 0.00219813
-13.2 0.734211 0.00349938
-12.6 0.734211 0.00493838
-12 0.734211 0.00651042
-11.4 0.734211 0.00820785
-10.8 0.734211 0.0100199
-10.2 0.734211 0.0119322
-9.6 0.734211 0.0139273
-9 0.734211 0.0159841
-8.4 0.734211 0.0180785
-7.8 0.734211 0.0201841
-7.2 0.734211 0.0222724
-6.6 0.734211 0.0243141
-6 0.734211 0.0262799
-5.4 0.734211 0.0281413
-4.8 0.734211 0.0298716
-4.2 0.734211 0.0314466
-3.6 0.734211 0.0328456
-3 0.734211 0.0340511
-2.4 0.734211 0.0350496
-1.8 0.734211 0.0358314
-1.2 0.734211 0.0363902
-0.6 0.734211 0.0367236
0 0.734211 0.0368318
0.6 0.734211 0.0367183
1.2 0.734211 0.0363885
1.8 0.734211 0.0358501
2.4 0.734211 0.0351126
3 0.734211 0.0341869
3.6 0.734211 0.0330851
4.2 0.734211 0.0318203
4.8 0.734211 0.0304068
5.4 0.734211 0.0288592
6 0.734211 0.0271929
6.6 0.734211 0.0254239
7.2 0.734211 0.0235684
7.8 0.734211 0.0216434
8.4 0.734211 0.0196657
9 0.734211 0.0176528
9.6 0.734211 0.0156221
10.2 0.734211 0.0135912
10.8 0.734211 0.0115778
11.4 0.734211 0.00959958
12 0.734211 0.00767399
12.6 0.734211 0.00581827
13.2 0.734211 0.00404926
13.8 0.734211 0.00238316
14.4 0.734211 0.000835377
15 0.734211 -0.00057977
15.6 0.734211 -0.00184936
16.2 0.734211 -0.00296222
16.8 0.734211 -0.00390931
17.4 0.734211 -0.00468406
18 0.734211 -0.0052828
18.6 0.734211 -0.00570503
19.2 0.734211 -0.00595379
19.8 0.734211 -0.00603599
20.4 0.734211 -0.00596262
21 0.734211 -0.00574884
21.6 0.734211 -0.00541359
22.2 0.734211 -0.00497861
22.8 0.734211 -0.0044669
23.4 0.734211 -0.00390097
24 0.734211 -0.00330164
24.6 0.734211 -0.00268816
25.2 0.734211 -0.00208006
25.8 0.734211 -0.00150007
26.4 0.734211 -0.000976234
27 0.734211 -0.000540538
27.6 0.734211 -0.000222102
28.2 0.734211 -3.56122e-05
28.8 0.734211 3.06568e-05
29.4 0.734211 2.00685e-05
30 0.734211 1.18286e-34
-30 0.786842 8.12939e-35
-29.4 0.786842 1.30261e-05
-28.8 0.786842 1.87384e-05
-28.2 0.786842 -2.6798e-05
-27.6 0.786842 -0.000148962
-27 0.786842 -0.000349757
-26.4 0.786842 -0.000612835
-25.8 0.786842 -0.000913516
-25.2 0.786842 -0.00122809
-24.6 0.786842 -0.00153895
-24 0.786842 -0.0018352
-23.4 0.786842 -0.00211036
-22.8 0.786842 -0.0023595
-22.2 0.786842 -0.00257709
-21.6 0.786842 -0.0027563
-21 0.786842 -0.00288915
-20.4 0.786842 -0.00296725
-19.8 0.786842 -0.0029824
-19.2 0.786842 -0.00292689
-18.6 0.786842 -0.00279357
-18 0.786842 -0.00257577
-17.4 0.786842 -0.00226717
-16.8 0.786842 -0.00186183
-16.2 0.786842 -0.00135423
-15.6 0.786842 -0.000739416
-15 0.786842 -1.32308e-05
-14.4 0.786842 0.000827504
-13.8 0.786842 0.00178472
-13.2 0.786842 0.00285885
-12.6 0.786842 0.00404849
-12 0.786842 0.00535015
-11.4 0.786842 0.00675786
-10.8 0.786842 0.00826297
-10.2 0.786842 0.00985392
-9.6 0.786842 0.0115161
-9 0.786842 0.0132321
-8.4 0.786842 0.0149816
-7.8 0.786842 0.0167424
-7.2 0.786842 0.0184902
-6.6 0.786842 0.0202001
-6 0.786842 0.0218471
-5.4 0.786842 0.0234069
-4.8 0.786842 0.0248568
-4.2 0.786842 0.0261765
-3.6 0.786842 0.0273481
-3 0.786842 0.0283572
-2.4 0.786842 0.0291925
-1.8 0.786842 0.0298461
-1.2 0.786842 0.0303131
-0.6 0.786842 0.0305917
0 0.786842 0.0306824
0.6 0.786842 0.0305883
1.2 0.786842 0.0303143
1.8 0.786842 0.029867
2.4 0.786842 0.0292546
3 0.786842 0.0284862
3.6 0.786842 0.027572
4.2 0.786842 0.0265229
4.8 0.786842 0.0253507
5.4 0.786842 0.0240676
6 0.786842 0.0226861
6.6 0.786842 0.0212195
7.2 0.786842 0.0196811
7.8 0.786842 0.0180846
8.4 0.786842 0.0164439
9 0.786842 0.0147734
9.6 0.786842 0.0130871
10.2 0.786842 0.0113997
10.8 0.786842 0.00972552
11.4 0.786842 0.00807913
12 0.786842 0.00647494
12.6 0.786842 0.00492719
13.2 0.786842 0.00344984
13.8 0.786842 0.00205643
14.4 0.786842 0.000759868
15 0.786842 -0.000427732
15.6 0.786842 -0.00149535
16.2 0.786842 -0.00243334
16.8 0.786842 -0.00323375
17.4 0.786842 -0.00389068
18 0.786842 -0.00440056
18.6 0.786842 -0.00476248
19.2 0.786842 -0.00497853
19.8 0.786842 -0.00505403
20.4 0.786842 -0.00499784
21 0.786842 -0.00482244
21.6 0.786842 -0.00454366
22.2 0.786842 -0.00417984
22.8 0.786842 -0.00375056
23.4 0.786842 -0.00327506
24 0.786842 -0.00277116
24.6 0.786842 -0.00225528
25.2 0.786842 -0.00174395
25.8 0.786842 -0.00125626
26.4 0.786842 -0.000815776
27 0.786842 -0.00044945
27.6 0.786842 -0.000182
28.2 0.786842 -2.60637e-05
28.8 0.786842 2.81743e-05
29.4 0.786842 1.76548e-05
30 0.786842 1.00222e-34
-30 0.839474 6.59367e-35
-29.4 0.839474 1.10917e-05
-28.8 0.839474 1.69963e-05
-28.2 0.839474 -1.82337e-05
-27.6 0.839474 -0.000115119
-27 0.839474 -0.000274979
-26.4 0.839474 -0.000484351
-25.8 0.839474 -0.000723316
-25.2 0.839474 -0.000972989
-24.6 0.839474 -0.00121949
-24 0.839474 -0.00145429
-23.4 0.839474 -0.00167233
-22.8 0.839474 -0.00186977
-22.2 0.839474 -0.0020423
-21.6 0.839474 -0.00218454
-21 0.839474 -0.00229028
-20.4 0.839474 -0.00235291
-19.8 0.839474 -0.00236597
-19.2 0.839474 -0.0023234
-18.6 0.839474 -0.00221952
-18 0.839474 -0.00204904
-17.4 0.839474 -0.0018069
-16.8 0.839474 -0.00148831
-16.2 0.839474 -0.00108879
-15.6 0.839474 -0.000604243
-15 0.839474 -3.11786e-05
-14.4 0.839474 0.000633163
-13.8 0.839474 0.00139059
-13.2 0.839474 0.00224175
-12.6 0.839474 0.00318586
-12 0.839474 0.00422047
-11.4 0.839474 0.00534113
-10.8 0.839474 0.00654123
-10.2 0.839474 0.00781174
-9.6 0.839474 0.00914114
-9 0.839474 0.0105155
-8.4 0.839474 0.0119184
-7.8 0.839474 0.0133319
-7.2 0.839474 0.0147362
-6.6 0.839474 0.016111
-6 0.839474 0.0174358
-5.4 0.839474 0.0186907
-4.8 0.839474 0.0198572
-4.2 0.839474 0.0209186
-3.6 0.839474 0.0218606
-3 0.839474 0.0226716
-2.4 0.839474 0.0233425
-1.8 0.839474 0.0238672
-1.2 0.839474 0.0242418
-0.6 0.839474 0.0244653
0 0.839474 0.0245382
0.6 0.839474 0.0244634
1.2 0.839474 0.0242449
1.8 0.839474 0.0238882
2.4 0.839474 0.0234
3 0.839474 0.0227876
3.6 0.839474 0.0220594
4.2 0.839474 0.021224
4.8 0.839474 0.0202907
5.4 0.839474 0.0192693
6 0.839474 0.0181697
6.6 0.839474 0.0170024
7.2 0.839474 0.0157777
7.8 0.839474 0.0145066
8.4 0.839474 0.0132
9 0.839474 0.011869
9.6 0.839474 0.0105248
10.2 0.839474 0.00917883
10.8 0.839474 0.00784246
11.4 0.839474 0.00652714
12 0.839474 0.00524428
12.6 0.839474 0.00400517
13.2 0.839474 0.00282093
13.8 0.839474 0.00170239
14.4 0.839474 0.000659933
15 0.839474 -0.000296622
15.6 0.839474 -0.00115827
16.2 0.839474 -0.00191704
16.8 0.839474 -0.00256626
17.4 0.839474 -0.00310084
18 0.839474 -0.00351754
18.6 0.839474 -0.00381526
19.2 0.839474 -0.00399525
19.8 0.839474 -0.00406145
20.4 0.839474 -0.00402068
21 0.839474 -0.00388278
21.6 0.839474 -0.00366042
22.2 0.839474 -0.00336845
22.8 0.839474 -0.00302285
23.4 0.839474 -0.00263942
24 0.839474 -0.00223279
24.6 0.839474 -0.00181641
25.2 0.839474 -0.00140373
25.8 0.839474 -0.00101016
26.4 0.839474 -0.000654672
27 0.839474 -0.000359027
27.6 0.839474 -0.000143333
28.2 0.839474 -1.80425e-05
28.8 0.839474 2.46495e-05
29.4 0.839474 1.48897e-05
30 0.839474 8.1739e-35
-30 0.892105 5.04607e-35
-29.4 0.892105 8.84696e-06
-28.8 0.892105 1.42501e-05
-28.2 0.892105 -1.14066e-05
-27.6 0.892105 -8.36082e-05
-27 0.892105 -0.000203036
-26.4 0.892105 -0.000359276
-25.8 0.892105 -0.000537305
-25.2 0.892105 -0.000723078
-24.6 0.892105 -0.000906365
-24 0.892105 -0.0010809
-23.4 0.892105 -0.00124297
-22.8 0.892105 -0.00138975
-22.2 0.892105 -0.00151806
-21.6 0.892105 -0.00162397
-21 0.892105 -0.00170291
-20.4 0.892105 -0.00175002
-19.8 0.892105 -0.00176053
-19.2 0.892105 -0.00172996
-18.6 0.892105 -0.00165409
-18 0.892105 -0.00152897
-17.4 0.892105 -0.00135081
-16.8 0.892105 -0.00111601
-16.2 0.892105 -0.000821137
-15.6 0.892105 -0.000463052
-15 0.892105 -3.90107e-05
-14.4 0.892105 0.00045321
-13.8 0.892105 0.00101516
-13.2 0.892105 0.00164753
-12.6 0.892105 0.00235
-12 0.892105 0.00312096
-11.4 0.892105 0.00395735
-10.8 0.892105 0.00485443
-10.2 0.892105 0.0058056
-9.6 0.892105 0.00680235
-9 0.892105 0.00783421
-8.4 0.892105 0.00888892
-7.8 0.892105 0.00995266
-7.2 0.892105 0.0110105
-6.6 0.892105 0.0120467
-6 0.892105 0.0130458
-5.4 0.892105 0.0139923
-4.8 0.892105 0.0148721
-4.2 0.892105 0.0156725
-3.6 0.892105 0.0163826
-3 0.892105 0.0169936
-2.4 0.892105 0.0174988
-1.8 0.892105 0.0178936
-1.2 0.892105 0.0181754
-0.6 0.892105 0.0183434
0 0.892105 0.0183985
0.6 0.892105 0.0183427
1.2 0.892105 0.0181793
1.8 0.892105 0.0179127
2.4 0.892105 0.0175478
3 0.892105 0.0170903
3.6 0.892105 0.0165464
4.2 0.892105 0.0159227
4.8 0.892105 0.0152261
5.4 0.892105 0.0144638
6 0.892105 0.0136433
6.6 0.892105 0.0127721
7.2 0.892105 0.0118582
7.8 0.892105 0.0109094
8.4 0.892105 0.00993376
9 0.892105 0.00893956
9.6 0.892105 0.00793504
10.2 0.892105 0.00692859
10.8 0.892105 0.00592861
11.4 0.892105 0.00494357
12 0.892105 0.00398193
12.6 0.892105 0.00305208
13.2 0.892105 0.00216231
13.8 0.892105 0.00132074
14.4 0.892105 0.000535204
15 0.892105 -0.000186875
15.6 0.892105 -0.000838604
16.2 0.892105 -0.00141382
16.8 0.892105 -0.00190731
17.4 0.892105 -0.00231498
18 0.892105 -0.00263412
18.6 0.892105 -0.00286361
19.2 0.892105 -0.0030041
19.8 0.892105 -0.00305827
20.4 0.892105 -0.00303103
21 0.892105 -0.00292964
21.6 0.892105 -0.00276358
22.2 0.892105 -0.00254412
22.8 0.892105 -0.00228347
23.4 0.892105 -0.00199377
24 0.892105 -0.00168629
24.6 0.892105 -0.00137138
25.2 0.892105 -0.00105929
25.8 0.892105 -0.000761686
26.4 0.892105 -0.00049286
27 0.892105 -0.000269236
27.6 0.892105 -0.000106105
28.2 0.892105 -1.15916e-05
28.8 0.892105 2.00349e-05
29.4 0.892105 1.17525e-05
30 0.892105 6.27575e-35
-30 0.944737 3.46944e-35
-29.4 0.944737 6.25707e-06
-28.8 0.944737 1.04291e-05
-28.2 0.944737 -6.36536e-06
-27.6 0.944737 -5.44119e-05
-27 0.944737 -0.000133855
-26.4 0.944737 -0.000237529
-25.8 0.944737 -0.000355418
-25.2 0.944737 -0.000478297
-24.6 0.944737 -0.000599487
-24 0.944737 -0.000714896
-23.4 0.944737 -0.000822091
-22.8 0.944737 -0.000919202
-22.2 0.944737 -0.00100415
-21.6 0.944737 -0.00107437
-21 0.944737 -0.00112685
-20.4 0.944737 -0.00115843
-19.8 0.944737 -0.00116597
-19.2 0.944737 -0.00114651
-18.6 0.944737 -0.00109728
-18 0.944737 -0.00101565
-17.4 0.944737 -0.000899104
-16.8 0.944737 -0.000745211
-16.2 0.944737 -0.000551662
-15.6 0.944737 -0.000316312
-15 0.944737 -3.72597e-05
-14.4 0.944737 0.000287072
-13.8 0.944737 0.000657832
-13.2 0.944737 0.00107563
-12.6 0.944737 0.00154038
-12 0.944737 0.00205119
-11.4 0.944737 0.00260618
-10.8 0.944737 0.00320233
-10.2 0.944737 0.00383538
-9.6 0.944737 0.00449971
-9 0.944737 0.00518837
-8.4 0.944737 0.00589315
-7.8 0.944737 0.00660472
-7.2 0.944737 0.00731294
-6.6 0.944737 0.00800719
-6 0.944737 0.00867675
-5.4 0.944737 0.00931126
-4.8 0.944737 0.00990104
-4.2 0.944737 0.0104375
-3.6 0.944737 0.0109132
-3 0.944737 0.0113224
-2.4 0.944737 0.0116605
-1.8 0.944737 0.0119246
-1.2 0.944737 0.012113
-0.6 0.944737 0.0122253
0 0.944737 0.0122623
0.6 0.944737 0.0122253
1.2 0.944737 0.0121168
1.8 0.944737 0.0119396
2.4 0.944737 0.0116972
3 0.944737 0.0113934
3.6 0.944737 0.0110323
4.2 0.944737 0.0106184
4.8 0.944737 0.0101562
5.4 0.944737 0.00965053
6 0.944737 0.00910624
6.6 0.944737 0.00852838
7.2 0.944737 0.00792207
7.8 0.944737 0.00729254
8.4 0.944737 0.00664506
9 0.944737 0.005985
9.6 0.944737 0.0053178
10.2 0.944737 0.00464894
10.8 0.944737 0.00398395
11.4 0.944737 0.00332839
12 0.944737 0.00268781
12.6 0.944737 0.00206778
13.2 0.944737 0.00147379
13.8 0.944737 0.00091122
14.4 0.944737 0.000385319
15 0.944737 -9.89192e-05
15.6 0.944737 -0.000536828
16.2 0.944737 -0.000924194
16.8 0.944737 -0.00125739
17.4 0.944737 -0.00153355
18 0.944737 -0.00175067
18.6 0.944737 -0.00190781
19.2 0.944737 -0.00200521
19.8 0.944737 -0.00204449
20.4 0.944737 -0.00202878
21 0.944737 -0.00196279
21.6 0.944737 -0.00185285
22.2 0.944737 -0.00170651
22.8 0.944737 -0.00153207
23.4 0.944737 -0.00133781
24 0.944737 -0.00113144
24.6 0.944737 -0.000920032
25.2 0.944737 -0.000710526
25.8 0.944737 -0.000510761
26.4 0.944737 -0.000330273
27 0.944737 -0.00018003
27.6 0.944737 -7.03195e-05
28.2 0.944737 -6.7649e-06
28.8 0.944737 1.42634e-05
29.4 0.944737 8.21159e-06
30 0.944737 4.31308e-35
-30 0.997368 1.83657e-35
-29.4 0.997368 3.26597e-06
-28.8 0.997368 5.42088e-06
-28.2 0.997368 -3.17707e-06
-27.6 0.997368 -2.74931e-05
-27 0.997368 -6.73385e-05
-26.4 0.997368 -0.000119024
-25.8 0.997368 -0.000177604
-25.2 0.997368 -0.000238595
-24.6 0.997368 -0.000298769
-24 0.997368 -0.000356138
-23.4 0.997368 -0.000409503
-22.8 0.997368 -0.000457924
-22.2 0.997368 -0.000500354
-21.6 0.997368 -0.000535509
-21 0.997368 -0.000561903
-20.4 0.997368 -0.000577967
-19.8 0.997368 -0.000582153
-19.2 0.997368 -0.000572995
-18.6 0.997368 -0.00054911
-18 0.997368 -0.000509188
-17.4 0.997368 -0.000451962
-16.8 0.997368 -0.000376209
-16.2 0.997368 -0.000280757
-15.6 0.997368 -0.000164511
-15 0.997368 -2.64891e-05
-14.4 0.997368 0.000134135
-13.8 0.997368 0.000317982
-13.2 0.997368 0.000525405
-12.6 0.997368 0.000756428
-12 0.997368 0.00101066
-11.4 0.997368 0.00128723
-10.8 0.997368 0.00158468
-10.2 0.997368 0.00190091
-9.6 0.997368 0.00223316
-9 0.997368 0.00257796
-8.4 0.997368 0.00293117
-7.8 0.997368 0.00328808
-7.2 0.997368 0.00364355
-6.6 0.997368 0.00399218
-6 0.997368 0.00432853
-5.4 0.997368 0.0046473
-4.8 0.997368 0.00494358
-4.2 0.997368 0.005213
-3.6 0.997368 0.00545187
-3 0.997368 0.00565721
-2.4 0.997368 0.00582682
-1.8 0.997368 0.00595924
-1.2 0.997368 0.00605369
-0.6 0.997368 0.00611003
0 0.997368 0.00612863
0.6 0.997368 0.00611032
1.2 0.997368 0.00605629
1.8 0.997368 0.00596804
2.4 0.997368 0.00584733
3 0.997368 0.00569606
3.6 0.997368 0.00551634
4.2 0.997368 0.00531035
4.8 0.997368 0.00508039
5.4 0.997368 0.00482882
6 0.997368 0.00455808
6.6 0.997368 0.00427065
7.2 0.997368 0.00396907
7.8 0.997368 0.00365589
8.4 0.997368 0.00333372
9 0.997368 0.00300521
9.6 0.997368 0.00267302
10.2 0.997368 0.00233986
10.8 0.997368 0.00200844
11.4 0.997368 0.00168152
12 0.997368 0.00136182
12.6 0.997368 0.00105211
13.2 0.997368 0.000755104
13.8 0.997368 0.000473486
14.4 0.997368 0.000209871
15 0.997368 -3.32332e-05
15.6 0.997368 -0.000253471
16.2 0.997368 -0.000448701
16.8 0.997368 -0.000617059
17.4 0.997368 -0.000757044
18 0.997368 -0.000867587
18.6 0.997368 -0.00094814
19.2 0.997368 -0.000998747
19.8 0.997368 -0.00102013
20.4 0.997368 -0.00101378
21 0.997368 -0.000981991
21.6 0.997368 -0.000927887
22.2 0.997368 -0.000855256
22.8 0.997368 -0.000768288
23.4 0.997368 -0.00067121
24 0.997368 -0.000567974
24.6 0.997368 -0.000462181
25.2 0.997368 -0.000357328
25.8 0.997368 -0.000257309
26.4 0.997368 -0.000166838
27 0.997368 -9.13408e-05
27.6 0.997368 -3.59611e-05
28.2 0.997368 -3.63247e-06
28.8 0.997368 7.2313e-06
29.4 0.997368 4.21637e-06
30 0.997368 2.2624e-35
-30 1.05 0
-29.4 1.05 0
-28.8 1.05 0
-28.2 1.05 0
-27.6 1.05 0
-27 1.05 0
-26.4 1.05 0
-25.8 1.05 0
-25.2 1.05 0
-24.6 1.05 0
-24 1.05 0
-23.4 1.05 0
-22.8 1.05 0
-22.2 1.05 0
-21.6 1.05 0
-21 1.05 0
-20.4 1.05 0
-19.8 1.05 0
-19.2 1.05 0
-18.6 1.05 0
-18 1.05 0
-17.4 1.05 0
-16.8 1.05 0
-16.2 1.05 0
-15.6 1.05 0
-15 1.05 0
-14.4 1.05 0
-13.8 1.05 0
-13.2 1.05 0
-12.6 1.05 0
-12 1.05 0
-11.4 1.05 0
-10.8 1.05 0
-10.2 1.05 0
-9.6 1.05 0
-9 1.05 0
-8.4 1.05 0
-7.8 1.05 0
-7.2 1.05 0
-6.6 1.05 0
-6 1.05 0
-5.4 1.05 0
-4.8 1.05 0
-4.2 1.05 0
-3.6 1.05 0
-3 1.05 0
-2.4 1.05 0
-1.8 1.05 0
-1.2 1.05 0
-0.6 1.05 0
0 1.05 0
0.6 1.05 0
1.2 1.05 0
1.8 1.05 0
2.4 1.05 0
3 1.05 0
3.6 1.05 0
4.2 1.05 0
4.8 1.05 0
5.4 1.05 0
6 1.05 0
6.6 1.05 0
7.2 1.05 0
7.8 1.05 0
8.4 1.05 0
9 1.05 0
9.6 1.05 0
10.2 1.05 0
10.8 1.05 0
11.4 1.05 0
12 1.05 0
12.6 1.05 0
13.2 1.05 0
13.8 1.05 0
14.4 1.05 0
15 1.05 0
15.6 1.05 0
16.2 1.05 0
16.8 1.05 0
17.4 1.05 0
18 1.05 0
18.6 1.05 0
19.2 1.05 0
19.8 1.05 0
20.4 1.05 0
21 1.05 0
21.6 1.05 0
22.2 1.05 0
22.8 1.05 0
23.4 1.05 0
24 1.05 0
24.6 1.05 0
25.2 1.05 0
25.8 1.05 0
26.4 1.05 0
27 1.05 0
27.6 1.05 0
28.2 1.05 0
28.8 1.05 0
29.4 1.05 0
30 1.05 0
