-30 0.05 -1.07143e-32
-29.4 0.05 0.00343754
-28.8 0.05 0.0147025
-28.2 0.05 0.0339668
-27.6 0.05 0.0606885
-27 0.05 0.0942681
-26.4 0.05 0.134141
-25.8 0.05 0.179697
-25.2 0.05 0.230237
-24.6 0.05 0.284972
-24 0.05 0.343049
-23.4 0.05 0.403563
-22.8 0.05 0.465573
-22.2 0.05 0.528118
-21.6 0.05 0.590228
-21 0.05 0.650939
-20.4 0.05 0.70931
-19.8 0.05 0.764432
-19.2 0.05 0.815448
-18.6 0.05 0.861558
-18 0.05 0.902038
-17.4 0.05 0.936249
-16.8 0.05 0.963647
-16.2 0.05 0.983793
-15.6 0.05 0.996357
-15 0.05 1.00113
-14.4 0.05 0.998022
-13.8 0.05 0.98707
-13.2 0.05 0.968436
-12.6 0.05 0.942401
-12 0.05 0.909369
-11.4 0.05 0.869857
-10.8 0.05 0.824486
-10.2 0.05 0.773976
-9.6 0.05 0.71913
-9 0.05 0.660823
-8.4 0.05 0.599988
-7.8 0.05 0.537598
-7.2 0.05 0.474656
-6.6 0.05 0.41217
-6 0.05 0.351142
-5.4 0.05 0.292549
-4.8 0.05 0.237329
-4.2 0.05 0.18636
-3.6 0.05 0.140453
-3 0.05 0.100333
-2.4 0.05 0.0666305
-1.8 0.05 0.039871
-1.2 0.05 0.0204669
-0.6 0.05 0.00871184
0 0.05 0.00477696
0.6 0.05 0.00870885
1.2 0.05 0.0204299
1.8 0.05 0.0397406
2.4 0.05 0.0663233
3 0.05 0.0997484
3.6 0.05 0.139481
4.2 0.05 0.184892
4.8 0.05 0.235264
5.4 0.05 0.289806
6 0.05 0.347666
6.6 0.05 0.407941
7.2 0.05 0.469693
7.8 0.05 0.531961
8.4 0.05 0.593777
9 0.05 0.654181
9.6 0.05 0.71223
10.2 0.05 0.767019
10.8 0.05 0.817692
11.4 0.05 0.86345
12 0.05 0.903573
12.6 0.05 0.937421
13.2 0.05 0.964454
13.8 0.05 0.984232
14.4 0.05 0.99643
15 0.05 1.00084
15.6 0.05 0.99737
16.2 0.05 0.986062
16.8 0.05 0.967077
17.4 0.05 0.9407
18 0.05 0.907334
18.6 0.05 0.867497
19.2 0.05 0.821812
19.8 0.05 0.770999
20.4 0.05 0.715862
21 0.05 0.657275
21.6 0.05 0.596174
22.2 0.05 0.533532
22.8 0.05 0.470352
23.4 0.05 0.407644
24 0.05 0.346411
24.6 0.05 0.28763
25.2 0.05 0.232241
25.8 0.05 0.181124
26.4 0.05 0.135086
27 0.05 0.094837
27.6 0.05 0.0609868
28.2 0.05 0.0340923
28.8 0.05 0.0147373
29.4 0.05 0.0034405
30 0.05 -1.07949e-32
-30 0.102632 -1.11253e-32
-29.4 0.102632 0.00315585
-28.8 0.102632 0.0138966
-28.2 0.102632 0.0328324
-27.6 0.102632 0.0594698
-27 0.102632 0.0930222
-26.4 0.102632 0.13279
-25.8 0.102632 0.178149
-25.2 0.102632 0.228432
-24.6 0.102632 0.282882
-24 0.102632 0.340661
-23.4 0.102632 0.400877
-22.8 0.102632 0.462607
-22.2 0.102632 0.524907
-21.6 0.102632 0.586829
-21 0.102632 0.647427
-20.4 0.102632 0.705776
-19.8 0.102632 0.760982
-19.2 0.102632 0.812195
-18.6 0.102632 0.858622
-18 0.102632 0.899536
-17.4 0.102632 0.934291
-16.8 0.102632 0.962332
-16.2 0.102632 0.983201
-15.6 0.102632 0.996549
-15 0.102632 1.00214
-14.4 0.102632 0.999865
-13.8 0.102632 0.989728
-13.2 0.102632 0.971865
-12.6 0.102632 0.946536
-12 0.102632 0.914125
-11.4 0.102632 0.875132
-10.8 0.102632 0.830169
-10.2 0.102632 0.779951
-9.6 0.102632 0.725282
-9 0.102632 0.667044
-8.4 0.102632 0.606182
-7.8 0.102632 0.543686
-7.2 0.102632 0.480575
-6.6 0.102632 0.41788
-6 0.102632 0.356622
-5.4 0.102632 0.297799
-4.8 0.102632 0.242362
-4.2 0.102632 0.191206
-3.6 0.102632 0.145148
-3 0.102632 0.104918
-2.4 0.102632 0.0711465
-1.8 0.102632 0.044353
-1.2 0.102632 0.0249407
-0.6 0.102632 0.0131908
0 0.102632 0.00925988
0.6 0.102632 0.013179
1.2 0.102632 0.0248552
1.8 0.102632 0.0440753
2.4 0.102632 0.0705105
3 0.102632 0.103723
3.6 0.102632 0.143176
4.2 0.102632 0.188238
4.8 0.102632 0.2382
5.4 0.102632 0.29228
6 0.102632 0.349641
6.6 0.102632 0.409396
7.2 0.102632 0.470626
7.8 0.102632 0.532393
8.4 0.102632 0.59375
9 0.102632 0.653755
9.6 0.102632 0.711486
10.2 0.102632 0.766051
10.8 0.102632 0.816603
11.4 0.102632 0.862351
12 0.102632 0.902574
12.6 0.102632 0.936627
13.2 0.102632 0.963959
13.8 0.102632 0.984116
14.4 0.102632 0.996751
15 0.102632 1.00163
15.6 0.102632 0.998651
16.2 0.102632 0.987817
16.8 0.102632 0.969267
17.4 0.102632 0.943266
18 0.102632 0.910197
18.6 0.102632 0.870564
19.2 0.102632 0.824981
19.8 0.102632 0.774164
20.4 0.102632 0.718919
21 0.102632 0.66013
21.6 0.102632 0.598742
22.2 0.102632 0.535748
22.8 0.102632 0.472169
23.4 0.102632 0.409035
24 0.102632 0.347373
24.6 0.102632 0.288181
25.2 0.102632 0.23242
25.8 0.102632 0.180982
26.4 0.102632 0.13466
27 0.102632 0.0941398
27.6 0.102632 0.0600483
28.2 0.102632 0.0330688
28.8 0.102632 0.013957
29.4 0.102632 0.00315878
30 0.102632 -1.12884e-32
-30 0.155263 -1.15112e-32
-29.4 0.155263 0.00291887
-28.8 0.155263 0.0132055
-28.2 0.155263 0.0317712
-27.6 0.155263 0.0582388
-27 0.155263 0.0917403
-26.4 0.155263 0.131436
-25.8 0.155263 0.17663
-25.2 0.155263 0.226669
-24.6 0.155263 0.280833
-24 0.155263 0.338314
-23.4 0.155263 0.398237
-22.8 0.155263 0.45969
-22.2 0.155263 0.521748
-21.6 0.155263 0.58348
-21 0.155263 0.643961
-20.4 0.155263 0.702281
-19.8 0.155263 0.757561
-19.2 0.155263 0.80896
-18.6 0.155263 0.855689
-18 0.155263 0.897021
-17.4 0.155263 0.932304
-16.8 0.155263 0.960972
-16.2 0.155263 0.982551
-15.6 0.155263 0.996671
-15 0.155263 1.00308
-14.4 0.155263 1.00162
-13.8 0.155263 0.992295
-13.2 0.155263 0.975202
-12.6 0.155263 0.95058
-12 0.155263 0.91879
-11.4 0.155263 0.880317
-10.8 0.155263 0.835761
-10.2 0.155263 0.785832
-9.6 0.155263 0.731334
-9 0.155263 0.673157
-8.4 0.155263 0.612257
-7.8 0.155263 0.54964
-7.2 0.155263 0.486345
-6.6 0.155263 0.423423
-6 0.155263 0.361917
-5.4 0.155263 0.302843
-4.8 0.155263 0.247173
-4.2 0.155263 0.195813
-3.6 0.155263 0.14959
-3 0.155263 0.109239
-2.4 0.155263 0.075388
-1.8 0.155263 0.0485528
-1.2 0.155263 0.0291266
-0.6 0.155263 0.0173782
0 0.155263 0.0134492
0.6 0.155263 0.0173553
1.2 0.155263 0.0289884
1.8 0.155263 0.0481216
2.4 0.155263 0.074415
3 0.155263 0.107424
3.6 0.155263 0.146606
4.2 0.155263 0.191333
4.8 0.155263 0.2409
5.4 0.155263 0.294535
6 0.155263 0.351414
6.6 0.155263 0.410668
7.2 0.155263 0.471397
7.8 0.155263 0.532682
8.4 0.155263 0.593598
9 0.155263 0.653221
9.6 0.155263 0.710647
10.2 0.155263 0.764999
10.8 0.155263 0.81544
11.4 0.155263 0.861186
12 0.155263 0.901515
12.6 0.155263 0.935779
13.2 0.155263 0.963416
13.8 0.155263 0.983958
14.4 0.155263 0.997038
15 0.155263 1.0024
15.6 0.155263 0.999919
16.2 0.155263 0.98957
16.8 0.155263 0.97147
17.4 0.155263 0.945858
18 0.155263 0.913099
18.6 0.155263 0.873683
19.2 0.155263 0.828212
19.8 0.155263 0.777399
20.4 0.155263 0.722051
21 0.155263 0.663059
21.6 0.155263 0.601383
22.2 0.155263 0.53803
22.8 0.155263 0.474042
23.4 0.155263 0.410473
24 0.155263 0.348371
24.6 0.155263 0.288764
25.2 0.155263 0.232628
25.8 0.155263 0.180853
26.4 0.155263 0.134212
27 0.155263 0.0933891
27.6 0.155263 0.059081
28.2 0.155263 0.0321056
28.8 0.155263 0.0132844
29.4 0.155263 0.00291976
30 0.155263 -1.17554e-32
-30 0.207895 -1.16894e-32
-29.4 0.207895 0.00271675
-28.8 0.207895 0.0125828
-28.2 0.207895 0.0307696
-27.6 0.207895 0.0570234
-27 0.207895 0.0904407
-26.4 0.207895 0.13007
-25.8 0.207895 0.175129
-25.2 0.207895 0.224945
-24.6 0.207895 0.27883
-24 0.207895 0.336012
-23.4 0.207895 0.395641
-22.8 0.207895 0.456821
-22.2 0.207895 0.518639
-21.6 0.207895 0.580181
-21 0.207895 0.640541
-20.4 0.207895 0.698826
-19.8 0.207895 0.75417
-19.2 0.207895 0.805742
-18.6 0.207895 0.852759
-18 0.207895 0.894493
-17.4 0.207895 0.930289
-16.8 0.207895 0.959568
-16.2 0.207895 0.981843
-15.6 0.207895 0.996723
-15 0.207895 1.00393
-14.4 0.207895 1.00329
-13.8 0.207895 0.994772
-13.2 0.207895 0.978449
-12.6 0.207895 0.954533
-12 0.207895 0.923365
-11.4 0.207895 0.885412
-10.8 0.207895 0.841264
-10.2 0.207895 0.791621
-9.6 0.207895 0.73729
-9 0.207895 0.679165
-8.4 0.207895 0.618215
-7.8 0.207895 0.555463
-7.2 0.207895 0.491967
-6.6 0.207895 0.4288
-6 0.207895 0.367026
-5.4 0.207895 0.307684
-4.8 0.207895 0.251762
-4.2 0.207895 0.200181
-3.6 0.207895 0.153779
-3 0.207895 0.113294
-2.4 0.207895 0.0793549
-1.8 0.207895 0.0524703
-1.2 0.207895 0.0330248
-0.6 0.207895 0.0212742
0 0.207895 0.0173455
0.6 0.207895 0.0212386
1.2 0.207895 0.0328304
1.8 0.207895 0.0518804
2.4 0.207895 0.0780378
3 0.207895 0.11085
3.6 0.207895 0.149773
4.2 0.207895 0.194177
4.8 0.207895 0.243364
5.4 0.207895 0.296571
6 0.207895 0.352987
6.6 0.207895 0.411759
7.2 0.207895 0.472005
7.8 0.207895 0.532827
8.4 0.207895 0.593318
9 0.207895 0.652575
9.6 0.207895 0.709711
10.2 0.207895 0.763861
10.8 0.207895 0.814202
11.4 0.207895 0.859953
12 0.207895 0.900395
12.6 0.207895 0.934875
13.2 0.207895 0.962823
13.8 0.207895 0.983755
14.4 0.207895 0.997289
15 0.207895 1.00315
15.6 0.207895 1.00117
16.2 0.207895 0.99132
16.8 0.207895 0.973683
17.4 0.207895 0.948475
18 0.207895 0.916042
18.6 0.207895 0.876855
19.2 0.207895 0.831507
19.8 0.207895 0.780706
20.4 0.207895 0.725259
21 0.207895 0.666066
21.6 0.207895 0.604098
22.2 0.207895 0.54038
22.8 0.207895 0.475974
23.4 0.207895 0.411959
24 0.207895 0.349411
24.6 0.207895 0.289382
25.2 0.207895 0.23286
25.8 0.207895 0.180724
26.4 0.207895 0.133735
27 0.207895 0.0926027
27.6 0.207895 0.0581128
28.2 0.207895 0.0311898
28.8 0.207895 0.0126734
29.4 0.207895 0.00271365
30 0.207895 -1.20137e-32
-30 0.260526 -1.18002e-32
-29.4 0.260526 0.00253594
-28.8 0.260526 0.0120111
-28.2 0.260526 0.0298177
-27.6 0.260526 0.0558296
-27 0.260526 0.0891361
-26.4 0.260526 0.128696
-25.8 0.260526 0.173637
-25.2 0.260526 0.223252
-24.6 0.260526 0.276871
-24 0.260526 0.333758
-23.4 0.260526 0.393093
-22.8 0.260526 0.454
-22.2 0.260526 0.515579
-21.6 0.260526 0.576931
-21 0.260526 0.637166
-20.4 0.260526 0.69541
-19.8 0.260526 0.750809
-19.2 0.260526 0.802542
-18.6 0.260526 0.849833
-18 0.260526 0.891955
-17.4 0.260526 0.928247
-16.8 0.260526 0.958123
-16.2 0.260526 0.981079
-15.6 0.260526 0.996707
-15 0.260526 1.0047
-14.4 0.260526 1.00488
-13.8 0.260526 0.997161
-13.2 0.260526 0.981605
-12.6 0.260526 0.958395
-12 0.260526 0.927851
-11.4 0.260526 0.89042
-10.8 0.260526 0.846678
-10.2 0.260526 0.79732
-9.6 0.260526 0.74315
-9 0.260526 0.68507
-8.4 0.260526 0.624059
-7.8 0.260526 0.561157
-7.2 0.260526 0.497443
-6.6 0.260526 0.434011
-6 0.260526 0.371951
-5.4 0.260526 0.312321
-4.8 0.260526 0.25613
-4.2 0.260526 0.204312
-3.6 0.260526 0.157716
-3 0.260526 0.117085
-2.4 0.260526 0.0830469
-1.8 0.260526 0.0561055
-1.2 0.260526 0.0366353
-0.6 0.260526 0.0248791
0 0.260526 0.020949
0.6 0.260526 0.0248294
1.2 0.260526 0.0363819
1.8 0.260526 0.0553527
2.4 0.260526 0.0813802
3 0.260526 0.114005
3.6 0.260526 0.152677
4.2 0.260526 0.196772
4.8 0.260526 0.245593
5.4 0.260526 0.298389
6 0.260526 0.354359
6.6 0.260526 0.412667
7.2 0.260526 0.47245
7.8 0.260526 0.532827
8.4 0.260526 0.592911
9 0.260526 0.651818
9.6 0.260526 0.708676
10.2 0.260526 0.762637
10.8 0.260526 0.812886
11.4 0.260526 0.858651
12 0.260526 0.899212
12.6 0.260526 0.933914
13.2 0.260526 0.962178
13.8 0.260526 0.983508
14.4 0.260526 0.997501
15 0.260526 1.00386
15.6 0.260526 1.0024
16.2 0.260526 0.993065
16.8 0.260526 0.975905
17.4 0.260526 0.951116
18 0.260526 0.919023
18.6 0.260526 0.880079
19.2 0.260526 0.834866
19.8 0.260526 0.784084
20.4 0.260526 0.728544
21 0.260526 0.669152
21.6 0.260526 0.606889
22.2 0.260526 0.542799
22.8 0.260526 0.477965
23.4 0.260526 0.413495
24 0.260526 0.350494
24.6 0.260526 0.290036
25.2 0.260526 0.233112
25.8 0.260526 0.18059
26.4 0.260526 0.133233
27 0.260526 0.0917929
27.6 0.260526 0.0571498
28.2 0.260526 0.0303116
28.8 0.260526 0.012107
29.4 0.260526 0.00252702
30 0.260526 -1.22033e-32
-30 0.313158 -1.18551e-32
-29.4 0.313158 0.0023713
-28.8 0.313158 0.0114783
-28.2 0.313158 0.0289082
-27.6 0.313158 0.0546597
-27 0.313158 0.0878336
-26.4 0.313158 0.127316
-25.8 0.313158 0.172152
-25.2 0.313158 0.221587
-24.6 0.313158 0.274954
-24 0.313158 0.33155
-23.4 0.313158 0.390592
-22.8 0.313158 0.451225
-22.2 0.313158 0.512567
-21.6 0.313158 0.573729
-21 0.313158 0.633838
-20.4 0.313158 0.692033
-19.8 0.313158 0.747478
-19.2 0.313158 0.799362
-18.6 0.313158 0.846913
-18 0.313158 0.889407
-17.4 0.313158 0.926181
-16.8 0.313158 0.956637
-16.2 0.313158 0.98026
-15.6 0.313158 0.996624
-15 0.313158 1.0054
-14.4 0.313158 1.00638
-13.8 0.313158 0.999462
-13.2 0.313158 0.984671
-12.6 0.313158 0.962168
-12 0.313158 0.932249
-11.4 0.313158 0.895341
-10.8 0.313158 0.852005
-10.2 0.313158 0.80293
-9.6 0.313158 0.748917
-9 0.313158 0.690873
-8.4 0.313158 0.62979
-7.8 0.313158 0.566723
-7.2 0.313158 0.502774
-6.6 0.313158 0.43906
-6 0.313158 0.376693
-5.4 0.313158 0.316756
-4.8 0.313158 0.260276
-4.2 0.313158 0.208204
-3.6 0.313158 0.1614
-3 0.313158 0.12061
-2.4 0.313158 0.0864639
-1.8 0.313158 0.0594582
-1.2 0.313158 0.039958
-0.6 0.313158 0.0281929
0 0.313158 0.0242602
0.6 0.313158 0.0281283
1.2 0.313158 0.0396438
1.8 0.313158 0.0585395
2.4 0.313158 0.0844432
3 0.313158 0.116888
3.6 0.313158 0.155322
4.2 0.313158 0.199119
4.8 0.313158 0.247589
5.4 0.313158 0.299989
6 0.313158 0.355531
6.6 0.313158 0.413394
7.2 0.313158 0.472732
7.8 0.313158 0.532682
8.4 0.313158 0.592376
9 0.313158 0.650947
9.6 0.313158 0.707542
10.2 0.313158 0.761325
10.8 0.313158 0.811492
11.4 0.313158 0.857277
12 0.313158 0.897964
12.6 0.313158 0.932894
13.2 0.313158 0.96148
13.8 0.313158 0.983213
14.4 0.313158 0.997675
15 0.313158 1.00455
15.6 0.313158 1.00362
16.2 0.313158 0.994803
16.8 0.313158 0.978135
17.4 0.313158 0.95378
18 0.313158 0.922042
18.6 0.313158 0.883355
19.2 0.313158 0.838288
19.8 0.313158 0.787536
20.4 0.313158 0.731908
21 0.313158 0.672317
21.6 0.313158 0.609756
22.2 0.313158 0.545287
22.8 0.313158 0.480018
23.4 0.313158 0.415085
24 0.313158 0.351624
24.6 0.313158 0.290725
25.2 0.313158 0.23338
25.8 0.313158 0.180449
26.4 0.313158 0.132707
27 0.313158 0.0909668
27.6 0.313158 0.0561944
28.2 0.313158 0.0294641
28.8 0.313158 0.0115733
29.4 0.313158 0.00235481
30 0.313158 -1.23354e-32
-30 0.365789 -1.18748e-32
-29.4 0.365789 0.00221908
-28.8 0.365789 0.0109772
-28.2 0.365789 0.0280352
-27.6 0.365789 0.0535138
-27 0.365789 0.0865375
-26.4 0.365789 0.125936
-25.8 0.365789 0.170673
-25.2 0.365789 0.219944
-24.6 0.365789 0.273074
-24 0.365789 0.32939
-23.4 0.365789 0.388139
-22.8 0.365789 0.448499
-22.2 0.365789 0.509601
-21.6 0.365789 0.570573
-21 0.365789 0.630553
-20.4 0.365789 0.688696
-19.8 0.365789 0.744178
-19.2 0.365789 0.7962
-18.6 0.365789 0.843998
-18 0.365789 0.886851
-17.4 0.365789 0.92409
-16.8 0.365789 0.955112
-16.2 0.365789 0.979388
-15.6 0.365789 0.996476
-15 0.365789 1.00603
-14.4 0.365789 1.0078
-13.8 0.365789 1.00167
-13.2 0.365789 0.987647
-12.6 0.365789 0.965852
-12 0.365789 0.936559
-11.4 0.365789 0.900175
-10.8 0.365789 0.857247
-10.2 0.365789 0.808452
-9.6 0.365789 0.754592
-9 0.365789 0.696577
-8.4 0.365789 0.63541
-7.8 0.365789 0.572164
-7.2 0.365789 0.507962
-6.6 0.365789 0.443946
-6 0.365789 0.381253
-5.4 0.365789 0.320988
-4.8 0.365789 0.2642
-4.2 0.365789 0.211858
-3.6 0.365789 0.16483
-3 0.365789 0.12387
-2.4 0.365789 0.0896055
-1.8 0.365789 0.0625282
-1.2 0.365789 0.0429928
-0.6 0.365789 0.031216
0 0.365789 0.0272794
0.6 0.365789 0.0311358
1.2 0.365789 0.0426168
1.8 0.365789 0.0614417
2.4 0.365789 0.0872277
3 0.365789 0.119501
3.6 0.365789 0.157706
4.2 0.365789 0.201218
4.8 0.365789 0.249351
5.4 0.365789 0.301372
6 0.365789 0.356503
6.6 0.365789 0.413939
7.2 0.365789 0.472849
7.8 0.365789 0.53239
8.4 0.365789 0.591711
9 0.365789 0.649963
9.6 0.365789 0.706307
10.2 0.365789 0.759924
10.8 0.365789 0.810018
11.4 0.365789 0.855832
12 0.365789 0.89665
12.6 0.365789 0.931814
13.2 0.365789 0.960728
13.8 0.365789 0.98287
14.4 0.365789 0.997807
15 0.365789 1.0052
15.6 0.365789 1.00481
16.2 0.365789 0.996533
16.8 0.365789 0.980371
17.4 0.365789 0.956466
18 0.365789 0.925098
18.6 0.365789 0.886682
19.2 0.365789 0.841774
19.8 0.365789 0.791062
20.4 0.365789 0.735352
21 0.365789 0.675563
21.6 0.365789 0.612701
22.2 0.365789 0.547847
22.8 0.365789 0.482134
23.4 0.365789 0.416731
24 0.365789 0.352801
24.6 0.365789 0.291447
25.2 0.365789 0.23366
25.8 0.365789 0.180299
26.4 0.365789 0.132163
27 0.365789 0.0901287
27.6 0.365789 0.0552469
28.2 0.365789 0.0286415
28.8 0.365789 0.0110652
29.4 0.365789 0.00219335
30 0.365789 -1.24308e-32
-30 0.418421 -1.18684e-32
-29.4 0.418421 0.00207694
-28.8 0.418421 0.0105022
-28.2 0.418421 0.0271942
-27.6 0.418421 0.0523914
-27 0.418421 0.0852507
-26.4 0.418421 0.124558
-25.8 0.418421 0.169202
-25.2 0.418421 0.218322
-24.6 0.418421 0.271231
-24 0.418421 0.327274
-23.4 0.418421 0.385735
-22.8 0.418421 0.44582
-22.2 0.418421 0.506683
-21.6 0.418421 0.567464
-21 0.418421 0.627312
-20.4 0.418421 0.685397
-19.8 0.418421 0.740908
-19.2 0.418421 0.793059
-18.6 0.418421 0.841091
-18 0.418421 0.884287
-17.4 0.418421 0.921977
-16.8 0.418421 0.953549
-16.2 0.418421 0.978464
-15.6 0.418421 0.996262
-15 0.418421 1.00658
-14.4 0.418421 1.00914
-13.8 0.418421 1.0038
-13.2 0.418421 0.990536
-12.6 0.418421 0.969448
-12 0.418421 0.940782
-11.4 0.418421 0.904925
-10.8 0.418421 0.862404
-10.2 0.418421 0.813889
-9.6 0.418421 0.760177
-9 0.418421 0.702183
-8.4 0.418421 0.640921
-7.8 0.418421 0.577481
-7.2 0.418421 0.513009
-6.6 0.418421 0.448671
-6 0.418421 0.385631
-5.4 0.418421 0.325019
-4.8 0.418421 0.267904
-4.2 0.418421 0.215274
-3.6 0.418421 0.168007
-3 0.418421 0.126864
-2.4 0.418421 0.0924714
-1.8 0.418421 0.0653152
-1.2 0.418421 0.0457398
-0.6 0.418421 0.0339483
0 0.418421 0.0300069
0.6 0.418421 0.0338525
1.2 0.418421 0.0453015
1.8 0.418421 0.06406
2.4 0.418421 0.0897347
3 0.418421 0.121844
3.6 0.418421 0.159831
4.2 0.418421 0.20307
4.8 0.418421 0.250881
5.4 0.418421 0.302538
6 0.418421 0.357275
6.6 0.418421 0.414301
7.2 0.418421 0.472802
7.8 0.418421 0.531951
8.4 0.418421 0.590915
9 0.418421 0.648863
9.6 0.418421 0.70497
10.2 0.418421 0.758432
10.8 0.418421 0.808463
11.4 0.418421 0.854313
12 0.418421 0.895269
12.6 0.418421 0.930672
13.2 0.418421 0.959918
13.8 0.418421 0.982477
14.4 0.418421 0.997895
15 0.418421 1.00582
15.6 0.418421 1.00598
16.2 0.418421 0.998254
16.8 0.418421 0.982612
17.4 0.418421 0.959172
18 0.418421 0.928189
18.6 0.418421 0.89006
19.2 0.418421 0.845325
19.8 0.418421 0.794662
20.4 0.418421 0.738877
21 0.418421 0.678892
21.6 0.418421 0.615726
22.2 0.418421 0.55048
22.8 0.418421 0.484317
23.4 0.418421 0.418437
24 0.418421 0.354026
24.6 0.418421 0.292201
25.2 0.418421 0.233951
25.8 0.418421 0.180141
26.4 0.418421 0.131603
27 0.418421 0.0892816
27.6 0.418421 0.0543067
28.2 0.418421 0.0278396
28.8 0.418421 0.0105773
29.4 0.418421 0.00204033
30 0.418421 -1.24982e-32
-30 0.471053 -1.18427e-32
-29.4 0.471053 0.00194317
-28.8 0.471053 0.0100497
-28.2 0.471053 0.0263816
-27.6 0.471053 0.0512916
-27 0.471053 0.0839751
-26.4 0.471053 0.123183
-25.8 0.471053 0.167737
-25.2 0.471053 0.216718
-24.6 0.471053 0.26942
-24 0.471053 0.325201
-23.4 0.471053 0.383379
-22.8 0.471053 0.44319
-22.2 0.471053 0.503812
-21.6 0.471053 0.5644
-21 0.471053 0.624114
-20.4 0.471053 0.682137
-19.8 0.471053 0.73767
-19.2 0.471053 0.789939
-18.6 0.471053 0.838193
-18 0.471053 0.881717
-17.4 0.471053 0.919842
-16.8 0.471053 0.95195
-16.2 0.471053 0.97749
-15.6 0.471053 0.995986
-15 0.471053 1.00705
-14.4 0.471053 1.01039
-13.8 0.471053 1.00584
-13.2 0.471053 0.993336
-12.6 0.471053 0.972956
-12 0.471053 0.944919
-11.4 0.471053 0.909589
-10.8 0.471053 0.867478
-10.2 0.471053 0.819242
-9.6 0.471053 0.765674
-9 0.471053 0.707694
-8.4 0.471053 0.646325
-7.8 0.471053 0.582677
-7.2 0.471053 0.517917
-6.6 0.471053 0.453237
-6 0.471053 0.389829
-5.4 0.471053 0.328849
-4.8 0.471053 0.271388
-4.2 0.471053 0.218451
-3.6 0.471053 0.170931
-3 0.471053 0.129592
-2.4 0.471053 0.0950613
-1.8 0.471053 0.067819
-1.2 0.471053 0.0481988
-0.6 0.471053 0.0363899
0 0.471053 0.032443
0.6 0.471053 0.0362788
1.2 0.471053 0.0476986
1.8 0.471053 0.0663952
2.4 0.471053 0.0919651
3 0.471053 0.12392
3.6 0.471053 0.161698
4.2 0.471053 0.204677
4.8 0.471053 0.252179
5.4 0.471053 0.303487
6 0.471053 0.357848
6.6 0.471053 0.414482
7.2 0.471053 0.472591
7.8 0.471053 0.531365
8.4 0.471053 0.589988
9 0.471053 0.647646
9.6 0.471053 0.70353
10.2 0.471053 0.756847
10.8 0.471053 0.806825
11.4 0.471053 0.852718
12 0.471053 0.89382
12.6 0.471053 0.929467
13.2 0.471053 0.959051
13.8 0.471053 0.982031
14.4 0.471053 0.997939
15 0.471053 1.0064
15.6 0.471053 1.00713
16.2 0.471053 0.999962
16.8 0.471053 0.984855
17.4 0.471053 0.961897
18 0.471053 0.931316
18.6 0.471053 0.89349
19.2 0.471053 0.84894
19.8 0.471053 0.798337
20.4 0.471053 0.742483
21 0.471053 0.682304
21.6 0.471053 0.618831
22.2 0.471053 0.553188
22.8 0.471053 0.486569
23.4 0.471053 0.420202
24 0.471053 0.3553
24.6 0.471053 0.292986
25.2 0.471053 0.234253
25.8 0.471053 0.179976
26.4 0.471053 0.13103
27 0.471053 0.088427
27.6 0.471053 0.0533732
28.2 0.471053 0.0270549
28.8 0.471053 0.0101061
29.4 0.471053 0.00189408
30 0.471053 -1.25444e-32
-30 0.523684 -1.18019e-32
-29.4 0.523684 0.0018165
-28.8 0.523684 0.00961656
-28.2 0.523684 0.0255947
-27.6 0.523684 0.0502135
-27 0.523684 0.0827116
-26.4 0.523684 0.121814
-25.8 0.523684 0.16628
-25.2 0.523684 0.215133
-24.6 0.523684 0.26764
-24 0.523684 0.323171
-23.4 0.523684 0.38107
-22.8 0.523684 0.440609
-22.2 0.523684 0.500988
-21.6 0.523684 0.561381
-21 0.523684 0.620959
-20.4 0.523684 0.678916
-19.8 0.523684 0.734464
-19.2 0.523684 0.78684
-18.6 0.523684 0.835303
-18 0.523684 0.879143
-17.4 0.523684 0.917688
-16.8 0.523684 0.950316
-16.2 0.523684 0.976466
-15.6 0.523684 0.995647
-15 0.523684 1.00745
-14.4 0.523684 1.01157
-13.8 0.523684 1.0078
-13.2 0.523684 0.996049
-12.6 0.523684 0.976376
-12 0.523684 0.94897
-11.4 0.523684 0.914171
-10.8 0.523684 0.87247
-10.2 0.523684 0.824512
-9.6 0.523684 0.771085
-9 0.523684 0.713111
-8.4 0.523684 0.651625
-7.8 0.523684 0.587754
-7.2 0.523684 0.522687
-6.6 0.523684 0.457646
-6 0.523684 0.393849
-5.4 0.523684 0.332478
-4.8 0.523684 0.274651
-4.2 0.523684 0.22139
-3.6 0.523684 0.1736
-3 0.523684 0.132053
-2.4 0.523684 0.0973748
-1.8 0.523684 0.0700393
-1.2 0.523684 0.0503696
-0.6 0.523684 0.0385408
0 0.523684 0.0345878
0.6 0.523684 0.0384151
1.2 0.523684 0.0498087
1.8 0.523684 0.0684482
2.4 0.523684 0.0939196
3 0.523684 0.125728
3.6 0.523684 0.163308
4.2 0.523684 0.206038
4.8 0.523684 0.253246
5.4 0.523684 0.304221
6 0.523684 0.358221
6.6 0.523684 0.41448
7.2 0.523684 0.472214
7.8 0.523684 0.53063
8.4 0.523684 0.588929
9 0.523684 0.646311
9.6 0.523684 0.701985
10.2 0.523684 0.755169
10.8 0.523684 0.805102
11.4 0.523684 0.851047
12 0.523684 0.892299
12.6 0.523684 0.928196
13.2 0.523684 0.958124
13.8 0.523684 0.981532
14.4 0.523684 0.997937
15 0.523684 1.00694
15.6 0.523684 1.00825
16.2 0.523684 1.00166
16.8 0.523684 0.9871
17.4 0.523684 0.964639
18 0.523684 0.934477
18.6 0.523684 0.896969
19.2 0.523684 0.85262
19.8 0.523684 0.802088
20.4 0.523684 0.746172
21 0.523684 0.6858
21.6 0.523684 0.622019
22.2 0.523684 0.555975
22.8 0.523684 0.488892
23.4 0.523684 0.42203
24 0.523684 0.356621
24.6 0.523684 0.293801
25.2 0.523684 0.234564
25.8 0.523684 0.179806
26.4 0.523684 0.130444
27 0.523684 0.0875663
27.6 0.523684 0.0524454
28.2 0.523684 0.0262846
28.8 0.523684 0.0096485
29.4 0.523684 0.00175338
30 0.523684 -1.25737e-32
-30 0.576316 -1.17494e-32
-29.4 0.576316 0.00169596
-28.8 0.576316 0.0092005
-28.2 0.576316 0.0248308
-27.6 0.576316 0.0491559
-27 0.576316 0.0814609
-26.4 0.576316 0.120452
-25.8 0.576316 0.164831
-25.2 0.576316 0.213564
-24.6 0.576316 0.265889
-24 0.576316 0.32118
-23.4 0.576316 0.378807
-22.8 0.576316 0.438075
-22.2 0.576316 0.498212
-21.6 0.576316 0.558407
-21 0.576316 0.617846
-20.4 0.576316 0.675732
-19.8 0.576316 0.731288
-19.2 0.576316 0.783763
-18.6 0.576316 0.832423
-18 0.576316 0.876564
-17.4 0.576316 0.915515
-16.8 0.576316 0.948649
-16.2 0.576316 0.975395
-15.6 0.576316 0.995248
-15 0.576316 1.00778
-14.4 0.576316 1.01267
-13.8 0.576316 1.00967
-13.2 0.576316 0.998675
-12.6 0.576316 0.97971
-12 0.576316 0.952937
-11.4 0.576316 0.91867
-10.8 0.576316 0.877381
-10.2 0.576316 0.829701
-9.6 0.576316 0.776412
-9 0.576316 0.718437
-8.4 0.576316 0.656822
-7.8 0.576316 0.592712
-7.2 0.576316 0.527322
-6.6 0.576316 0.461898
-6 0.576316 0.39769
-5.4 0.576316 0.335908
-4.8 0.576316 0.277694
-4.2 0.576316 0.22409
-3.6 0.576316 0.176015
-3 0.576316 0.134247
-2.4 0.576316 0.0994113
-1.8 0.576316 0.0719756
-1.2 0.576316 0.0522519
-0.6 0.576316 0.040401
0 0.576316 0.0364415
0.6 0.576316 0.0402618
1.2 0.576316 0.0516323
1.8 0.576316 0.0702195
2.4 0.576316 0.0955991
3 0.576316 0.127269
3.6 0.576316 0.164662
4.2 0.576316 0.207156
4.8 0.576316 0.254082
5.4 0.576316 0.304739
6 0.576316 0.358394
6.6 0.576316 0.414295
7.2 0.576316 0.471672
7.8 0.576316 0.529747
8.4 0.576316 0.587736
9 0.576316 0.644858
9.6 0.576316 0.700334
10.2 0.576316 0.753396
10.8 0.576316 0.803293
11.4 0.576316 0.849297
12 0.576316 0.890707
12.6 0.576316 0.926859
13.2 0.576316 0.957137
13.8 0.576316 0.980977
14.4 0.576316 0.997886
15 0.576316 1.00745
15.6 0.576316 1.00934
16.2 0.576316 1.00333
16.8 0.576316 0.989343
17.4 0.576316 0.967396
18 0.576316 0.937671
18.6 0.576316 0.900497
19.2 0.576316 0.856364
19.8 0.576316 0.805915
20.4 0.576316 0.749944
21 0.576316 0.689383
21.6 0.576316 0.625292
22.2 0.576316 0.558842
22.8 0.576316 0.491288
23.4 0.576316 0.42392
24 0.576316 0.357992
24.6 0.576316 0.294646
25.2 0.576316 0.234886
25.8 0.576316 0.17963
26.4 0.576316 0.129848
27 0.576316 0.0867
27.6 0.576316 0.0515222
28.2 0.576316 0.0255265
28.8 0.576316 0.00920234
29.4 0.576316 0.00161728
30 0.576316 -1.25893e-32
-30 0.628947 -1.16875e-32
-29.4 0.628947 0.00158079
-28.8 0.628947 0.00879961
-28.2 0.628947 0.0240881
-27.6 0.628947 0.0481178
-27 0.628947 0.0802235
-26.4 0.628947 0.119098
-25.8 0.628947 0.16339
-25.2 0.628947 0.212012
-24.6 0.628947 0.264166
-24 0.628947 0.319227
-23.4 0.628947 0.37659
-22.8 0.628947 0.435589
-22.2 0.628947 0.495482
-21.6 0.628947 0.555478
-21 0.628947 0.614775
-20.4 0.628947 0.672585
-19.8 0.628947 0.728144
-19.2 0.628947 0.780708
-18.6 0.628947 0.829554
-18 0.628947 0.873983
-17.4 0.628947 0.913325
-16.8 0.628947 0.946949
-16.2 0.628947 0.974277
-15.6 0.628947 0.99479
-15 0.628947 1.00804
-14.4 0.628947 1.01368
-13.8 0.628947 1.01145
-13.2 0.628947 1.00121
-12.6 0.628947 0.982958
-12 0.628947 0.956819
-11.4 0.628947 0.923087
-10.8 0.628947 0.882212
-10.2 0.628947 0.83481
-9.6 0.628947 0.781656
-9 0.628947 0.723673
-8.4 0.628947 0.661919
-7.8 0.628947 0.597556
-7.2 0.628947 0.531823
-6.6 0.628947 0.465996
-6 0.628947 0.401354
-5.4 0.628947 0.339138
-4.8 0.628947 0.280517
-4.2 0.628947 0.226551
-3.6 0.628947 0.178176
-3 0.628947 0.136174
-2.4 0.628947 0.101171
-1.8 0.628947 0.0736277
-1.2 0.628947 0.0538456
-0.6 0.628947 0.0419704
0 0.628947 0.0380044
0.6 0.628947 0.0418192
1.2 0.628947 0.0531699
1.8 0.628947 0.0717098
2.4 0.628947 0.0970043
3 0.628947 0.128545
3.6 0.628947 0.16576
4.2 0.628947 0.208029
4.8 0.628947 0.254689
5.4 0.628947 0.305042
6 0.628947 0.358369
6.6 0.628947 0.413927
7.2 0.628947 0.470963
7.8 0.628947 0.528713
8.4 0.628947 0.586409
9 0.628947 0.643285
9.6 0.628947 0.698575
10.2 0.628947 0.751526
10.8 0.628947 0.801398
11.4 0.628947 0.847468
12 0.628947 0.889041
12.6 0.628947 0.925454
13.2 0.628947 0.956086
13.8 0.628947 0.980366
14.4 0.628947 0.997785
15 0.628947 1.00791
15.6 0.628947 1.01039
16.2 0.628947 1.00499
16.8 0.628947 0.991584
17.4 0.628947 0.970168
18 0.628947 0.940896
18.6 0.628947 0.904075
19.2 0.628947 0.860173
19.8 0.628947 0.809819
20.4 0.628947 0.753801
21 0.628947 0.693054
21.6 0.628947 0.628652
22.2 0.628947 0.561792
22.8 0.628947 0.49376
23.4 0.628947 0.425876
24 0.628947 0.359412
24.6 0.628947 0.295521
25.2 0.628947 0.235218
25.8 0.628947 0.179449
26.4 0.628947 0.129242
27 0.628947 0.0858285
27.6 0.628947 0.0506029
28.2 0.628947 0.0247784
28.8 0.628947 0.00876575
29.4 0.628947 0.00148504
30 0.628947 -1.25935e-32
-30 0.681579 -1.1618e-32
-29.4 0.681579 0.00147037
-28.8 0.681579 0.00841235
-28.2 0.681579 0.0233646
-27.6 0.681579 0.0470985
-27 0.681579 0.0789994
-26.4 0.681579 0.117753
-25.8 0.681579 0.161959
-25.2 0.681579 0.210475
-24.6 0.681579 0.26247
-24 0.681579 0.317311
-23.4 0.681579 0.374417
-22.8 0.681579 0.433151
-22.2 0.681579 0.492799
-21.6 0.681579 0.552593
-21 0.681579 0.611745
-20.4 0.681579 0.669476
-19.8 0.681579 0.72503
-19.2 0.681579 0.777675
-18.6 0.681579 0.826696
-18 0.681579 0.871399
-17.4 0.681579 0.911118
-16.8 0.681579 0.945219
-16.2 0.681579 0.973114
-15.6 0.681579 0.994274
-15 0.681579 1.00824
-14.4 0.681579 1.01462
-13.8 0.681579 1.01316
-13.2 0.681579 1.00367
-12.6 0.681579 0.98612
-12 0.681579 0.960618
-11.4 0.681579 0.927423
-10.8 0.681579 0.886965
-10.2 0.681579 0.839841
-9.6 0.681579 0.786819
-9 0.681579 0.728822
-8.4 0.681579 0.666918
-7.8 0.681579 0.602287
-7.2 0.681579 0.536192
-6.6 0.681579 0.469941
-6 0.681579 0.404843
-5.4 0.681579 0.342171
-4.8 0.681579 0.28312
-4.2 0.681579 0.228774
-3.6 0.681579 0.180081
-3 0.681579 0.137832
-2.4 0.681579 0.102652
-1.8 0.681579 0.074995
-1.2 0.681579 0.0551503
-0.6 0.681579 0.0432489
0 0.681579 0.0392764
0.6 0.681579 0.0430876
1.2 0.681579 0.054422
1.8 0.681579 0.0729197
2.4 0.681579 0.0981358
3 0.681579 0.129555
3.6 0.681579 0.166603
4.2 0.681579 0.20866
4.8 0.681579 0.255065
5.4 0.681579 0.30513
6 0.681579 0.358144
6.6 0.681579 0.413377
7.2 0.681579 0.470088
7.8 0.681579 0.527529
8.4 0.681579 0.584947
9 0.681579 0.64159
9.6 0.681579 0.696708
10.2 0.681579 0.749559
10.8 0.681579 0.799414
11.4 0.681579 0.845558
12 0.681579 0.887301
12.6 0.681579 0.92398
13.2 0.681579 0.954971
13.8 0.681579 0.979696
14.4 0.681579 0.997632
15 0.681579 1.00833
15.6 0.681579 1.01142
16.2 0.681579 1.00664
16.8 0.681579 0.993821
17.4 0.681579 0.972952
18 0.681579 0.944152
18.6 0.681579 0.9077
19.2 0.681579 0.864045
19.8 0.681579 0.8138
20.4 0.681579 0.757743
21 0.681579 0.696814
21.6 0.681579 0.632101
22.2 0.681579 0.564827
22.8 0.681579 0.49631
23.4 0.681579 0.427898
24 0.681579 0.360881
24.6 0.681579 0.296425
25.2 0.681579 0.23556
25.8 0.681579 0.179265
26.4 0.681579 0.128627
27 0.681579 0.0849521
27.6 0.681579 0.0496863
28.2 0.681579 0.0240388
28.8 0.681579 0.00833724
29.4 0.681579 0.00135606
30 0.681579 -1.25879e-32
-30 0.734211 -1.15423e-32
-29.4 0.734211 0.00136419
-28.8 0.734211 0.00803741
-28.2 0.734211 0.0226591
-27.6 0.734211 0.0460968
-27 0.734211 0.0777888
-26.4 0.734211 0.116417
-25.8 0.734211 0.160538
-25.2 0.734211 0.208954
-24.6 0.734211 0.260798
-24 0.734211 0.315431
-23.4 0.734211 0.372286
-22.8 0.734211 0.430758
-22.2 0.734211 0.490163
-21.6 0.734211 0.549753
-21 0.734211 0.608756
-20.4 0.734211 0.666403
-19.8 0.734211 0.721948
-19.2 0.734211 0.774665
-18.6 0.734211 0.82385
-18 0.734211 0.868816
-17.4 0.734211 0.908897
-16.8 0.734211 0.943459
-16.2 0.734211 0.971908
-15.6 0.734211 0.993701
-15 0.734211 1.00836
-14.4 0.734211 1.01549
-13.8 0.734211 1.01478
-13.2 0.734211 1.00604
-12.6 0.734211 0.989197
-12 0.734211 0.964333
-11.4 0.734211 0.931679
-10.8 0.734211 0.89164
-10.2 0.734211 0.844795
-9.6 0.734211 0.791903
-9 0.734211 0.733887
-8.4 0.734211 0.671822
-7.8 0.734211 0.606907
-7.2 0.734211 0.540432
-6.6 0.734211 0.473734
-6 0.734211 0.408157
-5.4 0.734211 0.345005
-4.8 0.734211 0.285503
-4.2 0.734211 0.230757
-3.6 0.734211 0.181731
-3 0.734211 0.139222
-2.4 0.734211 0.103854
-1.8 0.734211 0.0760769
-1.2 0.734211 0.0561657
-0.6 0.734211 0.0442364
0 0.734211 0.0402576
0.6 0.734211 0.0440672
1.2 0.734211 0.055389
1.8 0.734211 0.0738497
2.4 0.734211 0.0989944
3 0.734211 0.130301
3.6 0.734211 0.167192
4.2 0.734211 0.209048
4.8 0.734211 0.255212
5.4 0.734211 0.305003
6 0.734211 0.357719
6.6 0.734211 0.412643
7.2 0.734211 0.469046
7.8 0.734211 0.526194
8.4 0.734211 0.583349
9 0.734211 0.639773
9.6 0.734211 0.694731
10.2 0.734211 0.747493
10.8 0.734211 0.797339
11.4 0.734211 0.843565
12 0.734211 0.885484
12.6 0.734211 0.922435
13.2 0.734211 0.953791
13.8 0.734211 0.978965
14.4 0.734211 0.997425
15 0.734211 1.0087
15.6 0.734211 1.01241
16.2 0.734211 1.00825
16.8 0.734211 0.99605
17.4 0.734211 0.975746
18 0.734211 0.947436
18.6 0.734211 0.911373
19.2 0.734211 0.867982
19.8 0.734211 0.817857
20.4 0.734211 0.761771
21 0.734211 0.700664
21.6 0.734211 0.635641
22.2 0.734211 0.56795
22.8 0.734211 0.49894
23.4 0.734211 0.429987
24 0.734211 0.362401
24.6 0.734211 0.29736
25.2 0.734211 0.235913
25.8 0.734211 0.179078
26.4 0.734211 0.128004
27 0.734211 0.0840707
27.6 0.734211 0.0487717
28.2 0.734211 0.0233062
28.8 0.734211 0.00791553
29.4 0.734211 0.00122984
30 0.734211 -1.25741e-32
-30 0.786842 -1.14615e-32
-29.4 0.786842 0.00126183
-28.8 0.786842 0.00767368
-28.2 0.786842 0.0219701
-27.6 0.786842 0.0451121
-27 0.786842 0.0765916
-26.4 0.786842 0.115091
-25.8 0.786842 0.159126
-25.2 0.786842 0.207448
-24.6 0.786842 0.259151
-24 0.786842 0.313585
-23.4 0.786842 0.370198
-22.8 0.786842 0.428412
-22.2 0.786842 0.487574
-21.6 0.786842 0.546958
-21 0.786842 0.605808
-20.4 0.786842 0.663367
-19.8 0.786842 0.718896
-19.2 0.786842 0.771678
-18.6 0.786842 0.821017
-18 0.786842 0.866232
-17.4 0.786842 0.906662
-16.8 0.786842 0.941671
-16.2 0.786842 0.970659
-15.6 0.786842 0.993072
-15 0.786842 1.00842
-14.4 0.786842 1.01628
-13.8 0.786842 1.01632
-13.2 0.786842 1.00832
-12.6 0.786842 0.99219
-12 0.786842 0.967966
-11.4 0.786842 0.935856
-10.8 0.786842 0.896238
-10.2 0.786842 0.849674
-9.6 0.786842 0.79691
-9 0.786842 0.738868
-8.4 0.786842 0.676632
-7.8 0.786842 0.611419
-7.2 0.786842 0.544544
-6.6 0.786842 0.477377
-6 0.786842 0.411297
-5.4 0.786842 0.347643
-4.8 0.786842 0.287667
-4.2 0.786842 0.232501
-3.6 0.786842 0.183124
-3 0.786842 0.140342
-2.4 0.786842 0.104778
-1.8 0.786842 0.0768731
-1.2 0.786842 0.0568914
-0.6 0.786842 0.0449327
0 0.786842 0.0409481
0.6 0.786842 0.0447583
1.2 0.786842 0.0560713
1.8 0.786842 0.0745004
2.4 0.786842 0.0995806
3 0.786842 0.130783
3.6 0.786842 0.167527
4.2 0.786842 0.209194
4.8 0.786842 0.25513
5.4 0.786842 0.304662
6 0.786842 0.357096
6.6 0.786842 0.411725
7.2 0.786842 0.467836
7.8 0.786842 0.524706
8.4 0.786842 0.581613
9 0.786842 0.637832
9.6 0.786842 0.692642
10.2 0.786842 0.745326
10.8 0.786842 0.795174
11.4 0.786842 0.841489
12 0.786842 0.88359
12.6 0.786842 0.920818
13.2 0.786842 0.952543
13.8 0.786842 0.978173
14.4 0.786842 0.997164
15 0.786842 1.00903
15.6 0.786842 1.01337
16.2 0.786842 1.00985
16.8 0.786842 0.998271
17.4 0.786842 0.978549
18 0.786842 0.950748
18.6 0.786842 0.915092
19.2 0.786842 0.871981
19.8 0.786842 0.821993
20.4 0.786842 0.765887
21 0.786842 0.704607
21.6 0.786842 0.639274
22.2 0.786842 0.571162
22.8 0.786842 0.501652
23.4 0.786842 0.432145
24 0.786842 0.363972
24.6 0.786842 0.298326
25.2 0.786842 0.236277
25.8 0.786842 0.178888
26.4 0.786842 0.127374
27 0.786842 0.0831842
27.6 0.786842 0.0478582
28.2 0.786842 0.0225792
28.8 0.786842 0.00749953
29.4 0.786842 0.00110596
30 0.786842 -1.25529e-32
-30 0.839474 -1.13765e-32
-29.4 0.839474 0.00116293
-28.8 0.839474 0.00732022
-28.2 0.839474 0.0212964
-27.6 0.839474 0.0441434
-27 0.839474 0.0754075
-26.4 0.839474 0.113774
-25.8 0.839474 0.157724
-25.2 0.839474 0.205957
-24.6 0.839474 0.257528
-24 0.839474 0.311772
-23.4 0.839474 0.36815
-22.8 0.839474 0.426111
-22.2 0.839474 0.48503
-21.6 0.839474 0.544207
-21 0.839474 0.602902
-20.4 0.839474 0.660368
-19.8 0.839474 0.715875
-19.2 0.839474 0.768715
-18.6 0.839474 0.818197
-18 0.839474 0.86365
-17.4 0.839474 0.904415
-16.8 0.839474 0.939856
-16.2 0.839474 0.969369
-15.6 0.839474 0.992389
-15 0.839474 1.00841
-14.4 0.839474 1.01699
-13.8 0.839474 1.01778
-13.2 0.839474 1.01052
-12.6 0.839474 0.995099
-12 0.839474 0.971517
-11.4 0.839474 0.939953
-10.8 0.839474 0.900761
-10.2 0.839474 0.854479
-9.6 0.839474 0.801842
-9 0.839474 0.743769
-8.4 0.839474 0.681352
-7.8 0.839474 0.615824
-7.2 0.839474 0.54853
-6.6 0.839474 0.480873
-6 0.839474 0.414266
-5.4 0.839474 0.350084
-4.8 0.839474 0.289612
-4.2 0.839474 0.234006
-3.6 0.839474 0.184261
-3 0.839474 0.141192
-2.4 0.839474 0.105422
-1.8 0.839474 0.0773828
-1.2 0.839474 0.057327
-0.6 0.839474 0.0453375
0 0.839474 0.0413478
0.6 0.839474 0.045161
1.2 0.839474 0.0564692
1.8 0.839474 0.0748723
2.4 0.839474 0.099895
3 0.839474 0.131002
3.6 0.839474 0.167609
4.2 0.839474 0.209098
4.8 0.839474 0.25482
5.4 0.839474 0.304106
6 0.839474 0.356272
6.6 0.839474 0.410624
7.2 0.839474 0.466457
7.8 0.839474 0.523066
8.4 0.839474 0.579739
9 0.839474 0.635767
9.6 0.839474 0.690442
10.2 0.839474 0.743057
10.8 0.839474 0.792915
11.4 0.839474 0.839327
12 0.839474 0.881616
12.6 0.839474 0.919126
13.2 0.839474 0.951226
13.8 0.839474 0.977317
14.4 0.839474 0.996844
15 0.839474 1.00931
15.6 0.839474 1.01428
16.2 0.839474 1.01142
16.8 0.839474 1.00048
17.4 0.839474 0.981359
18 0.839474 0.954086
18.6 0.839474 0.918857
19.2 0.839474 0.876044
19.8 0.839474 0.826206
20.4 0.839474 0.770091
21 0.839474 0.708645
21.6 0.839474 0.643003
22.2 0.839474 0.574467
22.8 0.839474 0.504448
23.4 0.839474 0.434374
24 0.839474 0.365595
24.6 0.839474 0.299323
25.2 0.839474 0.236653
25.8 0.839474 0.178697
26.4 0.839474 0.126737
27 0.839474 0.0822925
27.6 0.839474 0.046945
28.2 0.839474 0.0218567
28.8 0.839474 0.00708831
29.4 0.839474 0.000984077
30 0.839474 -1.25253e-32
-30 0.892105 -1.12879e-32
-29.4 0.892105 0.00106717
-28.8 0.892105 0.0069762
-28.2 0.892105 0.0206371
-27.6 0.892105 0.04319
-27 0.892105 0.0742364
-26.4 0.892105 0.112468
-25.8 0.892105 0.156333
-25.2 0.892105 0.20448
-24.6 0.892105 0.255927
-24 0.892105 0.309991
-23.4 0.892105 0.366142
-22.8 0.892105 0.423854
-22.2 0.892105 0.482531
-21.6 0.892105 0.5415
-21 0.892105 0.600036
-20.4 0.892105 0.657406
-19.8 0.892105 0.712885
-19.2 0.892105 0.765774
-18.6 0.892105 0.815391
-18 0.892105 0.86107
-17.4 0.892105 0.902157
-16.8 0.892105 0.938016
-16.2 0.892105 0.968039
-15.6 0.892105 0.991653
-15 0.892105 1.00834
-14.4 0.892105 1.01763
-13.8 0.892105 1.01916
-13.2 0.892105 1.01264
-12.6 0.892105 0.997924
-12 0.892105 0.974986
-11.4 0.892105 0.943973
-10.8 0.892105 0.905209
-10.2 0.892105 0.859212
-9.6 0.892105 0.806701
-9 0.892105 0.748592
-8.4 0.892105 0.685982
-7.8 0.892105 0.620126
-7.2 0.892105 0.552393
-6.6 0.892105 0.484222
-6 0.892105 0.417063
-5.4 0.892105 0.352329
-4.8 0.892105 0.291337
-4.2 0.892105 0.23527
-3.6 0.892105 0.185141
-3 0.892105 0.141771
-2.4 0.892105 0.105785
-1.8 0.892105 0.0776054
-1.2 0.892105 0.0574719
-0.6 0.892105 0.0454505
0 0.892105 0.0414566
0.6 0.892105 0.0452755
1.2 0.892105 0.056583
1.8 0.892105 0.0749657
2.4 0.892105 0.099938
3 0.892105 0.130958
3.6 0.892105 0.167439
4.2 0.892105 0.208761
4.8 0.892105 0.254281
5.4 0.892105 0.303336
6 0.892105 0.35525
6.6 0.892105 0.409338
7.2 0.892105 0.46491
7.8 0.892105 0.521272
8.4 0.892105 0.577726
9 0.892105 0.633577
9.6 0.892105 0.688127
10.2 0.892105 0.740686
10.8 0.892105 0.790563
11.4 0.892105 0.837078
12 0.892105 0.879562
12.6 0.892105 0.91736
13.2 0.892105 0.949839
13.8 0.892105 0.976396
14.4 0.892105 0.996466
15 0.892105 1.00954
15.6 0.892105 1.01516
16.2 0.892105 1.01296
16.8 0.892105 1.00268
17.4 0.892105 0.984174
18 0.892105 0.957448
18.6 0.892105 0.922665
19.2 0.892105 0.880169
19.8 0.892105 0.830497
20.4 0.892105 0.774384
21 0.892105 0.712778
21.6 0.892105 0.64683
22.2 0.892105 0.577867
22.8 0.892105 0.50733
23.4 0.892105 0.436675
24 0.892105 0.367272
24.6 0.892105 0.300351
25.2 0.892105 0.237041
25.8 0.892105 0.178504
26.4 0.892105 0.126092
27 0.892105 0.0813953
27.6 0.892105 0.0460312
28.2 0.892105 0.0211376
28.8 0.892105 0.00668103
29.4 0.892105 0.000863878
30 0.892105 -1.2492e-32
-30 0.944737 -1.11964e-32
-29.4 0.944737 0.000974286
-28.8 0.944737 0.00664089
-28.2 0.944737 0.0199912
-27.6 0.944737 0.0422513
-27 0.944737 0.0730782
-26.4 0.944737 0.111173
-25.8 0.944737 0.154952
-25.2 0.944737 0.203019
-24.6 0.944737 0.254348
-24 0.944737 0.308241
-23.4 0.944737 0.364173
-22.8 0.944737 0.42164
-22.2 0.944737 0.480078
-21.6 0.944737 0.538837
-21 0.944737 0.597212
-20.4 0.944737 0.654479
-19.8 0.944737 0.709926
-19.2 0.944737 0.762857
-18.6 0.944737 0.812599
-18 0.944737 0.858492
-17.4 0.944737 0.899888
-16.8 0.944737 0.936152
-16.2 0.944737 0.966671
-15.6 0.944737 0.990865
-15 0.944737 1.0082
-14.4 0.944737 1.0182
-13.8 0.944737 1.02046
-13.2 0.944737 1.01468
-12.6 0.944737 1.00067
-12 0.944737 0.978375
-11.4 0.944737 0.947916
-10.8 0.944737 0.909584
-10.2 0.944737 0.863874
-9.6 0.944737 0.811488
-9 0.944737 0.753338
-8.4 0.944737 0.690527
-7.8 0.944737 0.624327
-7.2 0.944737 0.556136
-6.6 0.944737 0.487426
-6 0.944737 0.419691
-5.4 0.944737 0.354378
-4.8 0.944737 0.292843
-4.2 0.944737 0.236294
-3.6 0.944737 0.185762
-3 0.944737 0.142079
-2.4 0.944737 0.105866
-1.8 0.944737 0.0775402
-1.2 0.944737 0.0573256
-0.6 0.944737 0.0452714
0 0.944737 0.0412745
0.6 0.944737 0.0451018
1.2 0.944737 0.056413
1.8 0.944737 0.0747811
2.4 0.944737 0.0997102
3 0.944737 0.130652
3.6 0.944737 0.167016
4.2 0.944737 0.208184
4.8 0.944737 0.253515
5.4 0.944737 0.302352
6 0.944737 0.354027
6.6 0.944737 0.407868
7.2 0.944737 0.463194
7.8 0.944737 0.519323
8.4 0.944737 0.575573
9 0.944737 0.631259
9.6 0.944737 0.685698
10.2 0.944737 0.73821
10.8 0.944737 0.788115
11.4 0.944737 0.834742
12 0.944737 0.877426
12.6 0.944737 0.915517
13.2 0.944737 0.94838
13.8 0.944737 0.975408
14.4 0.944737 0.996028
15 0.944737 1.00971
15.6 0.944737 1.01599
16.2 0.944737 1.01447
16.8 0.944737 1.00486
17.4 0.944737 0.986992
18 0.944737 0.960833
18.6 0.944737 0.926516
19.2 0.944737 0.884356
19.8 0.944737 0.834865
20.4 0.944737 0.778768
21 0.944737 0.71701
21.6 0.944737 0.650757
22.2 0.944737 0.581364
22.8 0.944737 0.5103
23.4 0.944737 0.439049
24 0.944737 0.369002
24.6 0.944737 0.301413
25.2 0.944737 0.237443
25.8 0.944737 0.17831
26.4 0.944737 0.125441
27 0.944737 0.0804924
27.6 0.944737 0.0451161
28.2 0.944737 0.0204211
28.8 0.944737 0.00627697
29.4 0.944737 0.000745094
30 0.944737 -1.24534e-32
-30 0.997368 -1.11025e-32
-29.4 0.997368 0.000884043
-28.8 0.997368 0.00631364
-28.2 0.997368 0.0193579
-27.6 0.997368 0.0413266
-27 0.997368 0.0719324
-26.4 0.997368 0.109888
-25.8 0.997368 0.153581
-25.2 0.997368 0.201571
-24.6 0.997368 0.252791
-24 0.997368 0.306521
-23.4 0.997368 0.362241
-22.8 0.997368 0.41947
-22.2 0.997368 0.477669
-21.6 0.997368 0.536217
-21 0.997368 0.594427
-20.4 0.997368 0.651589
-19.8 0.997368 0.706997
-19.2 0.997368 0.759964
-18.6 0.997368 0.809822
-18 0.997368 0.855919
-17.4 0.997368 0.89761
-16.8 0.997368 0.934264
-16.2 0.997368 0.965266
-15.6 0.997368 0.990028
-15 0.997368 1.008
-14.4 0.997368 1.01869
-13.8 0.997368 1.02168
-13.2 0.997368 1.01663
-12.6 0.997368 1.00332
-12 0.997368 0.981683
-11.4 0.997368 0.951782
-10.8 0.997368 0.913887
-10.2 0.997368 0.868466
-9.6 0.997368 0.816206
-9 0.997368 0.75801
-8.4 0.997368 0.694988
-7.8 0.997368 0.628428
-7.2 0.997368 0.559759
-6.6 0.997368 0.490488
-6 0.997368 0.42215
-5.4 0.997368 0.356234
-4.8 0.997368 0.29413
-4.2 0.997368 0.237077
-3.6 0.997368 0.186125
-3 0.997368 0.142114
-2.4 0.997368 0.105665
-1.8 0.997368 0.0771864
-1.2 0.997368 0.0568875
-0.6 0.997368 0.0447999
0 0.997368 0.0408013
0.6 0.997368 0.0446401
1.2 0.997368 0.0559595
1.8 0.997368 0.0743188
2.4 0.997368 0.0992121
3 0.997368 0.130084
3.6 0.997368 0.166341
4.2 0.997368 0.207366
4.8 0.997368 0.25252
5.4 0.997368 0.301153
6 0.997368 0.352605
6.6 0.997368 0.406213
7.2 0.997368 0.461308
7.8 0.997368 0.51722
8.4 0.997368 0.573279
9 0.997368 0.628813
9.6 0.997368 0.683153
10.2 0.997368 0.735628
10.8 0.997368 0.78557
11.4 0.997368 0.832316
12 0.997368 0.875207
12.6 0.997368 0.913595
13.2 0.997368 0.946848
13.8 0.997368 0.974353
14.4 0.997368 0.995527
15 0.997368 1.00983
15.6 0.997368 1.01677
16.2 0.997368 1.01594
16.8 0.997368 1.00702
17.4 0.997368 0.989811
18 0.997368 0.964238
18.6 0.997368 0.930409
19.2 0.997368 0.888604
19.8 0.997368 0.839312
20.4 0.997368 0.783242
21 0.997368 0.72134
21.6 0.997368 0.654786
22.2 0.997368 0.58496
22.8 0.997368 0.513361
23.4 0.997368 0.441499
24 0.997368 0.370789
24.6 0.997368 0.302507
25.2 0.997368 0.237858
25.8 0.997368 0.178116
26.4 0.997368 0.124783
27 0.997368 0.0795834
27.6 0.997368 0.044199
28.2 0.997368 0.0197061
28.8 0.997368 0.00587545
29.4 0.997368 0.000627489
30 0.997368 -1.24101e-32
-30 1.05 -1.10065e-32
-29.4 1.05 0.000796233
-28.8 1.05 0.00599389
-28.2 1.05 0.0187364
-27.6 1.05 0.0404152
-27 1.05 0.0707989
-26.4 1.05 0.108613
-25.8 1.05 0.152222
-25.2 1.05 0.200138
-24.6 1.05 0.251254
-24 1.05 0.30483
-23.4 1.05 0.360346
-22.8 1.05 0.417341
-22.2 1.05 0.475304
-21.6 1.05 0.53364
-21 1.05 0.591683
-20.4 1.05 0.648735
-19.8 1.05 0.704099
-19.2 1.05 0.757094
-18.6 1.05 0.80706
-18 1.05 0.853349
-17.4 1.05 0.895324
-16.8 1.05 0.932356
-16.2 1.05 0.963826
-15.6 1.05 0.989141
-15 1.05 1.00774
-14.4 1.05 1.01912
-13.8 1.05 1.02282
-13.2 1.05 1.0185
-12.6 1.05 1.0059
-12 1.05 0.984911
-11.4 1.05 0.955572
-10.8 1.05 0.918117
-10.2 1.05 0.87299
-9.6 1.05 0.820855
-9 1.05 0.76261
-8.4 1.05 0.699367
-7.8 1.05 0.632434
-7.2 1.05 0.563265
-6.6 1.05 0.493409
-6 1.05 0.424441
-5.4 1.05 0.357895
-4.8 1.05 0.295197
-4.2 1.05 0.237619
-3.6 1.05 0.186228
-3 1.05 0.141876
-2.4 1.05 0.105181
-1.8 1.05 0.0765431
-1.2 1.05 0.056157
-0.6 1.05 0.0440356
0 1.05 0.0400368
0.6 1.05 0.0438903
1.2 1.05 0.0552226
1.8 1.05 0.0735792
2.4 1.05 0.0984439
3 1.05 0.129254
3.6 1.05 0.165416
4.2 1.05 0.206308
4.8 1.05 0.251298
5.4 1.05 0.29974
6 1.05 0.350983
6.6 1.05 0.404373
7.2 1.05 0.459251
7.8 1.05 0.51496
8.4 1.05 0.570843
9 1.05 0.626239
9.6 1.05 0.680491
10.2 1.05 0.732939
10.8 1.05 0.782927
11.4 1.05 0.829799
12 1.05 0.872903
12.6 1.05 0.911594
13.2 1.05 0.945241
13.8 1.05 0.973227
14.4 1.05 0.994961
15 1.05 1.00989
15.6 1.05 1.01751
16.2 1.05 1.01739
16.8 1.05 1.00917
17.4 1.05 0.992628
18 1.05 0.967663
18.6 1.05 0.934341
19.2 1.05 0.892912
19.8 1.05 0.843837
20.4 1.05 0.787809
21 1.05 0.725772
21.6 1.05 0.65892
22.2 1.05 0.588659
22.8 1.05 0.516515
23.4 1.05 0.444026
24 1.05 0.372631
24.6 1.05 0.303637
25.2 1.05 0.238287
25.8 1.05 0.177922
26.4 1.05 0.124118
27 1.05 0.078668
27.6 1.05 0.0432791
28.2 1.05 0.0189919
28.8 1.05 0.00547589
29.4 1.05 0.000510848
30 1.05 -1.23625e-32
