3060	
	-8.468874841e-35	1.468218594e-05	6.082430116e-05	0.0001347753377	0.0002315321089
	0.0003451816507	0.0004685666629	0.0005939169708	0.0007133685171	0.0008194357724
	0.0009054515481	0.0009659565881	0.0009970944968	0.0009970040476	0.0009659916971
	0.0009058572481	0.000819537025	0.0007140699055	0.0005973836673	0.0004714590789
	0.0003403355338	0.0002166299287	0.0001220862365	7.460500309e-05	6.810746001e-05
	7.23299212e-05	6.8056681e-05	7.454806556e-05	0.0001220626043	0.0002166372873
	0.0003403453082	0.0004714795948	0.0005973701648	0.0007138671937	0.0008195681714
	0.0009058687208	0.0009659787093	0.0009970032081	0.0009970967793	0.0009659602886
	0.0009054571026	0.0008194423688	0.0007133753058	0.0005939231297	0.0004685715722
	0.0003451850658	0.0002315341237	0.0001347762732	6.082458258e-05	1.468221086e-05
	-8.46890474e-35	-8.251313103e-35	1.387356709e-05	5.971065239e-05	0.0001340144211
	0.000230998491	0.0003448662806	0.0004685263281	0.0005941441543	0.0007138475266
	0.0008201596688	0.0009063962613	0.0009670278452	0.0009981221828	0.0009979593969
	0.000967147252	0.0009070863728	0.0008202782806	0.000715414267	0.000600995782
	0.0004743111044	0.0003351852684	0.000201136127	0.0001087011688	8.740216673e-05
	0.0001198403695	0.0001432921562	0.0001197391493	8.728933674e-05	0.000108654896
	0.0002011467686	0.0003352105749	0.0004743589894	0.0006009259318	0.0007151035305
	0.0008202997372	0.0009071254474	0.0009671239215	0.000997953087	0.0009981280906
	0.0009670354662	0.0009064071817	0.0008201729801	0.0007138611714	0.0005941565024
	0.0004685361725	0.0003448731175	0.0002310025107	0.000134016275	5.971119738e-05
	1.387360846e-05	-8.251369647e-35	-8.034650652e-35	1.317847993e-05	5.858742864e-05
	0.0001332026044	0.0002304817176	0.0003445548272	0.0004684801557	0.0005943720531
	0.0007143271189	0.000820883657	0.0009073445323	0.0009680978136	0.0009991394901
	0.0009989426101	0.0009683224689	0.0009082087924	0.0008209762003	0.000716851319
	0.0006045985905	0.0004771324126	0.0003300258502	0.000185607818	9.539287181e-05
	0.0001002090922	0.0001708620145	0.0002129891297	0.0001707112559	0.0001000420245
	9.53227112e-05	0.0001856204307	0.0003300750834	0.0004771961801	0.0006044693798
	0.0007164732642	0.0008209855668	0.0009082701564	0.0009682969338	0.0009989276715
	0.0009991482494	0.0009681103912	0.0009073606264	0.0008209036501	0.0007143477325
	0.0005943906137	0.0004684949484	0.0003445650924	0.0002304877333	0.000133205361
	5.858822086e-05	1.317853121e-05	-8.034730876e-35	-7.823293371e-35	1.255490869e-05
	5.747578945e-05	0.000132345769	0.0002299672	0.0003442541664	0.000468428938
	0.0005945985236	0.0007148076489	0.0008216089346	0.0009082963868	0.000969161957
	0.001000152444	0.0009999578903	0.0009694990254	0.0009092402903	0.0008216392944
	0.0007183556323	0.0006082171428	0.0004799228921	0.0003248310348	0.0001700564747
	8.218400082e-05	0.0001129922627	0.0002211589693	0.0002814773095	0.000220960304
	0.0001127722095	8.208813364e-05	0.0001700729899	0.0003249075955	0.0004799922773
	0.0006080327831	0.0007179375701	0.0008216420955	0.000909318203	0.0009694754279
	0.0009999344961	0.001000162183	0.0009691802643	0.0009083178884	0.0008216354253
	0.0007148353258	0.0005946233566	0.0004684486802	0.0003442678646	0.0002299752057
	0.0001323494109	5.747681257e-05	1.255496366e-05	-7.823394444e-35	-7.617905199e-35
	1.198162857e-05	5.638141123e-05	0.0001314529175	0.0002294457164	0.0003439652743
	0.0004683759007	0.0005948215147	0.0007152889775	0.000822337214	0.0009092503133
	0.0009702180607	0.001001167013	0.001001004081	0.0009706674998	0.000910191682
	0.0008222705299	0.000719915652	0.0006118648407	0.0004826834681	0.0003195804392
	0.0001544926709	6.908935212e-05	0.0001257237616	0.000270726047	0.0003487966287
	0.0002704816	0.0001254514154	6.896668144e-05	0.0001545158325	0.0003196846985
	0.0004827505089	0.0006116314877	0.0007194789976	0.0008222743218	0.0009102819493
	0.0009706472627	0.001000973521	0.001001176214	0.0009702422165	0.0009092777332
	0.0008223700614	0.0007153237188	0.0005948527128	0.0004684005995	0.0003439824016
	0.0002294557085	0.0001314574273	5.638264833e-05	1.198168128e-05	-7.618024211e-35
	-7.418210613e-35	1.144622561e-05	5.530526142e-05	0.0001305314465	0.000228912318
	0.0003436866641	0.0004683240138	0.0005950400606	0.0007157707216	0.0008230697615
	0.0009102045319	0.0009712655936	0.001002187673	0.001002078678	0.0009718227574
	0.0009110702967	0.0008228713312	0.000721525929	0.0006155503358	0.00048541322
	0.0003142596939	0.0001389252552	5.611791973e-05	0.0001383813818	0.0003195613064
	0.0004149780905	0.0003192733514	0.0001380572554	5.596817057e-05	0.0001389576424
	0.0003143903816	0.0004854717907	0.0006152747541	0.0007210885629	0.0008228841549
	0.0009111701012	0.0009718057952	0.001002042353	0.001002195424	0.0009712953015
	0.0009102383872	0.0008231089695	0.0007158124544	0.0005950777096	0.0004683536981
	0.0003437072091	0.0002289242908	0.0001305368088	5.530669509e-05	1.144627e-05
	-7.418344449e-35	-7.22371282e-35	1.094069679e-05	5.424673147e-05	0.0001295869183
	0.0002283645507	0.000343416164	0.0004682753186	0.0005952541266	0.0007162525497
	0.0008238071071	0.0009111575631	0.0009723049538	0.001003217526	0.001003179095
	0.000972961809	0.0009118811947	0.0008234427174	0.0007231843375	0.0006192794993
	0.0004881098133	0.0003088588374	0.0001233615381	4.327464922e-05	0.0001509473659
	0.0003676646218	0.0004800467046	0.0003673353939	0.0001505720908	4.30981937e-05
	0.0001234052504	0.0003090137854	0.000488155182	0.000618968587	0.0007227616388
	0.0008234725445	0.000911988771	0.0009729472148	0.001003138161	0.001003223421
	0.0009723397508	0.0009111982492	0.0008238528097	0.0007163011826	0.0005952982785
	0.0004683100378	0.0003434401163	0.0002283784929	0.000129593119	5.424834477e-05
	1.094072632e-05	-7.223858317e-35	-7.03389766e-35	1.045952051e-05	5.320469034e-05
	0.0001286234706	0.0002278013519	0.0003431515944	0.000468231004	0.0005954642629
	0.0007167342829	0.000824549156	0.0009121083195	0.0009733370147	0.001004258666
	0.001004303011	0.0009740827802	0.0009126279318	0.0008239857465	0.0007248906912
	0.0006230563013	0.0004907701361	0.0003033709787	0.0001078075348	3.056171544e-05
	0.0001634072945	0.0004150370177	0.0005440231793	0.0004146686574	0.0001629817717
	3.035939125e-05	0.0001078641221	0.0003035475223	0.0004907986493	0.0006227168796
	0.0007244960931	0.0008240402401	0.0009127423035	0.0009740692091	0.001004258279
	0.001004262651	0.0009733764264	0.0009121560845	0.0008246015653	0.000716789747
	0.0005955149311	0.000468270816	0.0003431789523	0.000227817246	0.0001286304954
	5.320646774e-05	1.045952831e-05	-7.034051885e-35	-6.848291277e-35	9.998692051e-06
	5.217787417e-05	0.0001276442131	0.0002272224284	0.0003428909863	0.0004681916433
	0.0005956713248	0.0007172158882	0.0008252953973	0.0009130560385	0.0009743628703
	0.001005312511	0.001005448428	0.0009751843763	0.0009133130592	0.0008245016932
	0.00072664595	0.0006268833406	0.0004933907469	0.0002977913541	9.226816614e-05
	1.797941211e-05	0.0001757492606	0.0004616802648	0.0006069250627	0.0004612748297
	0.0001752747149	1.775238017e-05	9.233865055e-05	0.0002979865604	0.0004933996057
	0.0006265220475	0.0007262912771	0.0008245880917	0.0009134338442	0.0009751702656
	0.001005400366	0.001005314752	0.0009744064914	0.0009131110026	0.0008253547549
	0.0007172781559	0.0005957284938	0.0004682366029	0.0003429217591	0.0002272402538
	0.0001276520452	5.217980167e-05	9.998671403e-06	-6.848451708e-35	-6.666472755e-35
	9.555192179e-06	5.116503785e-05	0.0001266515214	0.0002266279063	0.0003426326279
	0.0004681574091	0.0005958762901	0.0007176974393	0.0008260450875	0.0009140001907
	0.0009753836934	0.001006380039	0.001006613629	0.0009762655891	0.0009139384642
	0.0008249921009	0.0007284517368	0.000630762212	0.0004959681486	0.0002921166803
	7.674742606e-05	5.526761618e-06	0.0001879632718	0.0005075966154	0.0006687675415
	0.0005071561194	0.0001874412564	5.276400089e-06	7.683235416e-05	0.0002923274833
	0.0004959552462	0.0006303854445	0.0007281474302	0.0008251171609	0.0009140657297
	0.0009762492905	0.001006562389	0.001006380831	0.0009754312217	0.0009140623788
	0.0008261116304	0.0007177665267	0.000595939929	0.0004682075601	0.0003426668347
	0.0002266476421	0.0001266601406	5.116710244e-05	9.555137143e-06	-6.666637263e-35
	-6.488072713e-35	9.126672853e-06	5.016501364e-05	0.0001256472424	0.0002260181302
	0.0003423750537	0.000468128231	0.0005960801498	0.0007181790761	0.0008267973812
	0.0009149404047	0.0009764006574	0.001007461963	0.001007797122	0.000977325534
	0.0009145056048	0.0008254587772	0.0007303100376	0.0006346937739	0.0004984989453
	0.0002863447067	6.124852119e-05	-6.798068882e-06	0.0002000408171	0.0005527886298
	0.0007295640063	0.000552315087	0.0001994731951	-7.070243105e-06	6.134802418e-05
	0.0002865679928	0.0004984627437	0.0006343076541	0.0007300653157	0.0008256287448
	0.0009146397582	0.0009773053945	0.001007742586	0.001007461656	0.0009764519035
	0.0009150097802	0.0008268713217	0.0007182550367	0.0005961502242	0.0004681836033
	0.0003424127201	0.0002260397581	0.000125656625	5.016720239e-05	9.126578562e-06
	-6.4882394e-35	-6.312767968e-35	8.711261024e-06	4.917673105e-05	0.0001246328355
	0.0002253935476	0.0003421170165	0.0004681039014	0.0005962838477	0.0007186609733
	0.0008275514135	0.0009158764146	0.0009774148969	0.001008558833	0.001008997579
	0.0009783633616	0.0009150156697	0.0008259037636	0.0007322230144	0.0006386783472
	0.000500979925	0.0002804739046	4.577398973e-05	-1.89974834e-05	0.0002119745506
	0.0005972590608	0.000789326455	0.0005967545259	0.000211363468	-1.928987303e-05
	4.588784111e-05	0.0002807065684	0.0005009193596	0.0006382887029	0.0007320459932
	0.0008261243612	0.0009151573746	0.0009783377746	0.001008939399	0.001008557783
	0.0009774697792	0.0009159529077	0.0008276329288	0.0007187438887	0.0005963603282
	0.0004681645114	0.0003421581703	0.0002254170533	0.0001246429552	4.917903028e-05
	8.711123659e-06	-6.312934969e-35	-6.140275595e-35	8.307431055e-06	4.819921982e-05
	0.0001236094704	0.0002247546424	0.0003418574571	0.0004680841428	0.00059648825
	0.0007191433177	0.0008283063481	0.0009168080257	0.0009784274902	0.001009671103
	0.001010213795	0.0009793782134	0.0009154696882	0.0008263292961	0.00073419289
	0.0006427158653	0.0005034080981	0.0002745032485	3.032580151e-05	-3.107426231e-05
	0.000223758057	0.0006410107767	0.0008480657831	0.0006404773778	0.0002231059144
	-3.138523312e-05	3.045346901e-05	0.0002747422305	0.0005033225015	0.0006423282171
	0.0007340906777	0.0008266057199	0.0009156197985	0.0009793456504	0.001010151432
	0.001009669646	0.0009784860248	0.0009168915557	0.0008283955776	0.0007192332875
	0.0005965711181	0.0004681499958	0.0003419021255	0.0002247800161	0.0001236202994
	4.820161458e-05	8.30724753e-06	-6.140440896e-35	-5.970347406e-35	7.913918873e-06
	4.723160556e-05	0.0001225780952	0.0002241018973	0.0003415954767	0.0004680686506
	0.000596694134	0.0007196262942	0.0008290614015	0.0009177350928	0.0009794394558
	0.001010799172	0.001011444641	0.0009803692022	0.0009158686026	0.000826737766
	0.0007362218784	0.0006468059859	0.0005057807098	0.0002684320606	1.490544188e-05
	-4.3031428e-05	0.0002353856775	0.0006840467107	0.000905791997	0.0006834866734
	0.0002346951023	-4.335934114e-05	1.504613296e-05	0.0002686743741	0.0005056697503
	0.0006464255402	0.0007362006523	0.000827074688	0.00091602811	0.0009803282332
	0.001011377403	0.001010797597	0.0009795017422	0.0009178255854	0.0008291584483
	0.0007197234266	0.0005967833845	0.0004681397437	0.0003416436838	0.0002241291331
	0.0001225896055	4.723407937e-05	7.913686385e-06	-5.970508719e-35	-5.802765113e-35
	7.529662427e-06	4.627310227e-05	0.0001215394854	0.0002234357735	0.0003413303132
	0.0004680571177	0.0005969021864	0.0007201100759	0.0008298158535	0.0009186575086
	0.0009804517546	0.001011943407	0.001012689044	0.0009813354075	0.0009162133167
	0.0008271316829	0.0007383121445	0.0006509481768	0.0005080952363	0.0002622599004
	-4.860181656e-07	-5.487215164e-05	0.0002468523769	0.0007263698256	0.00096251437
	0.0007257854911	0.0002461261982	-5.521538735e-05	-3.333170947e-07	0.0002625026504
	0.0005079588674	0.0006505798208	0.000738377215	0.0008275332577	0.0009163833085
	0.0009812847128	0.001012616113	0.001011941943	0.0009805179618	0.0009187549079
	0.0008299207882	0.0007202144806	0.0005969978281	0.0004681334435	0.0003413820782
	0.0002234648685	0.0001215516498	4.627563716e-05	7.529378006e-06	-5.802919823e-35
	-5.637336177e-35	7.153759236e-06	4.532300383e-05	0.0001204942794	0.0002227567
	0.0003410613201	0.0004680492493	0.0005971130075	0.0007205948187	0.000830569049
	0.000919575196	0.0009814652963	0.001013104149	0.001013945959	0.0009822758784
	0.0009165047267	0.000827513643	0.000740465783	0.0006551417794	0.0005103493746
	0.0002559864851	-1.584786362e-05	-6.659968793e-05	0.0002581536429	0.0007679830913
	0.001018241561	0.0007673769269	0.0002573948683	-6.695666276e-05	-1.568435346e-05
	0.0002562268819	0.0005101877929	0.0006547900788	0.0007406216481	0.0008279835167
	0.000916686351	0.0009822142554	0.001013866421	0.001013102958	0.0009815356488
	0.0009196794734	0.0008306819152	0.0007207066007	0.0005972150621	0.0004681307986
	0.000341116657	0.0002227876532	0.0001205070719	4.532558057e-05	7.15341937e-06
	-5.637481339e-35	-5.47389027e-35	6.785435281e-06	4.438067547e-05	0.0001194430049
	0.00022206507	0.00034078795	0.0004680447707	0.0005973271179	0.0007210806577
	0.0008313203951	0.0009204881057	0.0009824809467	0.001014281719	0.001015214358
	0.0009831896401	0.0009167437399	0.000827886302	0.000742684809	0.0006593860577
	0.0005125410268	0.0002496116321	-3.117968693e-05	-7.821732919e-05	0.0002692854074
	0.0008088894679	0.001072981706	0.0008082640731	0.0002684972026	-7.858650822e-05
	-3.100672674e-05	0.0002498470008	0.0005123546368	0.0006590552557	0.0007429352021
	0.0008284276228	0.0009169381775	0.0009831160067	0.001015127227	0.001014280891
	0.0009825557115	0.0009205992648	0.0008314412148	0.0007211999132	0.0005974356187
	0.0004681315356	0.0003408468676	0.0002220978811	0.0001194564015	4.438327391e-05
	6.785035679e-06	-5.474022644e-35	-5.312276249e-35	6.424021654e-06	4.344554572e-05
	0.000118386099	0.0002213612397	0.0003405097396	0.0004680434316	0.0005975449668
	0.0007215677055	0.000832069356	0.0009213962144	0.0009834995342	0.001015476419
	0.001016493216	0.0009840757016	0.0009169312865	0.0008282523533	0.0007449711562
	0.0006636802353	0.0005146682844	0.0002431352166	-4.648134749e-05	-8.972837291e-05
	0.0002802439848	0.0008490918957	0.001126742483	0.0008484500036	0.0002794296551
	-9.010827797e-05	-4.630042933e-05	0.0002433630041	0.000514457668	0.0006633742527
	0.0007453190882	0.0008288677834	0.0009171397266	0.0009839890967	0.001016397452
	0.001015475972	0.0009835790095	0.0009215142946	0.000832198136	0.0007216945187
	0.0005976599564	0.0004681354066	0.0003405722417	0.0002213959081	0.0001184000774
	4.344814514e-05	6.423557132e-06	-5.312392372e-35	-5.152359586e-35	6.06893659e-06
	4.251709898e-05	0.0001173239238	0.0002206455294	0.0003402262975	0.0004680450069
	0.0005977669401	0.0007220560511	0.0008328154476	0.0009222995249	0.000984521857
	0.001016688532	0.001017781506	0.0009849330639	0.0009170683247	0.0008286145093
	0.0007473266788	0.0006680235229	0.0005167294112	0.0002365571413	-6.175293803e-05
	-0.0001011360985	0.0002910260234	0.0008885932866	0.001179531171	0.000887937763
	0.000290188997	-0.0001015253134	-6.15656649e-05	0.0002367749206	0.0005164953022
	0.0006677459597	0.0007477744765	0.0008293062376	0.0009172919458	0.0009848326466
	0.001017676034	0.001016688408	0.0009846063614	0.0009224246023	0.0008329521846
	0.0007221904926	0.0005978884675	0.0004681421911	0.0003402923839	0.0002206820535
	0.0001173384633	4.251967848e-05	6.06840109e-06	-5.152455844e-35	-4.994020162e-35
	5.719671365e-06	4.159486889e-05	0.0001162567784	0.0002199182262	0.0003399372937
	0.0004680492971	0.0005979933675	0.0007225457596	0.0008335582311	0.0009231980661
	0.0009855486879	0.001017918315	0.001019078191	0.0009857607267	0.0009171558429
	0.0008289754873	0.000749753157	0.0006724151402	0.0005187228287	0.0002298773136
	-7.699475644e-05	-0.000112443751	0.0003016284664	0.0009273965198	0.001231354692
	0.0009267303588	0.0003007722793	-0.0001128409245	-7.680282298e-05	0.0002300827868
	0.0005184660899	0.0006721692773	0.0007503024979	0.0008297452433	0.0009173957966
	0.0009856457738	0.001018961914	0.001017918387	0.0009856385514	0.0009233302539
	0.000833702917	0.0007226878858	0.0005981214861	0.0004681516946	0.0003400069613
	0.0002199566025	0.0001162718602	4.15974077e-05	5.719058055e-06	-4.994092869e-35
	-4.837150377e-35	5.375779012e-06	4.067843239e-05	0.0001151849095	0.000219179586
	0.0003396424516	0.0004680561273	0.0005982245295	0.0007230368727	0.0008342973083
	0.0009240918937	0.0009865807791	0.001019166001	0.001020382221	0.0009865576944
	0.00091719486	0.0008293379983	0.000752252303	0.000676854332	0.0005206471011
	0.0002230956289	-9.220728229e-05	-0.0001236545286	0.0003120485202	0.0009655044372
	0.001282219642	0.0009648307556	0.0003111768023	-0.0001240583755	-9.201245762e-05
	0.0002232866286	0.0005203687048	0.0006766431342	0.0007529042479	0.000830187066
	0.0009174522567	0.0009864275974	0.001020254039	0.001019166074	0.0009866763353
	0.0009242313412	0.0008344499347	0.0007231867253	0.0005983592949	0.0004681637479
	0.0003397156949	0.0002192198089	0.0001152005156	4.068091014e-05	5.375080455e-06
	-4.837195851e-35	-4.681653532e-35	5.036865154e-06	3.976740451e-05	0.0001141085186
	0.0002184298367	0.0003393415395	0.0004680653458	0.0005984606636	0.000723529409
	0.0008350323165	0.0009249810903	0.0009876188658	0.001020431796	0.001021692535
	0.0009873229809	0.0009171864233	0.0008297047383	0.000754825768	0.0006813403805
	0.0005225009228	0.0002162119583	-0.0001073911572	-0.0001347715751	0.0003222836289
	0.001002919842	0.001332132325	0.001002241872	0.000321400091	-0.0001351808758
	-0.0001071952696	0.0002163864479	0.0005222019329	0.0006811664998	0.0007555807917
	0.0008306339708	0.0009174623212	0.0009871772424	0.00102155135	0.00102043161
	0.0009877204447	0.0009251279812	0.0008351928788	0.0007236870158	0.0005986021311
	0.000468178205	0.0003394183521	0.0002184718983	0.0001141246318	3.976980142e-05
	5.036073506e-06	-4.681668156e-35	-4.527442433e-35	4.70258045e-06	3.886143373e-05
	0.0001130277692	0.0002176691809	0.0003390343655	0.0004680768228	0.0005987019695
	0.0007240233648	0.0008357629246	0.000925865766	0.0009886636688	0.001021715877
	0.001023008055	0.0009880556134	0.0009171316059	0.000830078381	0.0007574751491
	0.0006858726148	0.0005242831071	0.0002092261391	-0.0001225471683	-0.0001457979729
	0.000332331453	0.001039645495	0.001381098769	0.001038966576	0.0003314398753
	-0.0001462115724	-0.0001223520913	0.0002093822127	0.0005239646634	0.0006857383945
	0.0007583331697	0.0008310882158	0.0009174270013	0.0009878938429	0.001022852785
	0.001021715114	0.000988771591	0.000926020316	0.0008359314255	0.0007241887404
	0.0005988501923	0.0004681949414	0.0003391147407	0.0002177130707	0.0001130443726
	3.886373073e-05	4.701687672e-06	-4.527422702e-35	-4.374438183e-35	4.372614314e-06
	3.796019798e-05	0.0001119427921	0.0002168977982	0.0003387207717	0.0004680904483
	0.0005989486133	0.0007245187149	0.0008364888298	0.0009267460575	0.0009897158966
	0.001023018392	0.00102432769	0.0009887546348	0.0009170315036	0.0008304615735
	0.0007602019959	0.000690450418	0.0005259925759	0.0002021379684	-0.0001376762346
	-0.0001567367393	0.0003421898525	0.001075684117	0.001429124749	0.001075007685
	0.0003412940734	-0.0001571535447	-0.0001374838747	0.0002022738493	0.00052565588
	0.0006903578974	0.0007611624031	0.0008315520478	0.0009173473231	0.0009885765445
	0.001024157277	0.001023016675	0.0009898304684	0.0009269085123	0.0008366652821
	0.0007246918619	0.000599103641	0.0004682138522	0.0003388047034	0.0002169435033
	0.0001119598686	3.796237674e-05	4.37161237e-06	-4.374380742e-35	-4.222569142e-35
	4.046689638e-06	3.706340104e-05	0.0001108536899	0.0002161158478	0.0003384006296
	0.0004681061309	0.0005992007313	0.0007250154138	0.0008372097544	0.0009276221286
	0.0009907762467	0.001024339457	0.001025650334	0.0009894191056	0.0009168872312
	0.000830856932	0.000763007817	0.0006950732327	0.0005276283509	0.0001949471975
	-0.0001527793954	-0.000167590823	0.0003518568724	0.001111038384	0.001476215801
	0.001110367965	0.0003509607781	-0.0001680098012	-0.0001525916805	0.0001950612367
	0.0005272746531	0.0006950241523	0.0007640694997	0.000832027699	0.0009172243253
	0.0009892245057	0.001025463751	0.001024336362	0.0009908977557	0.0009277927605
	0.0008373941837	0.0007251963242	0.0005993626086	0.0004682348504	0.0003384881133
	0.0002161633534	0.0001108712219	3.706544401e-05	4.04557067e-06	-4.222470807e-35
	-4.071770026e-35	3.724558331e-06	3.617076948e-05	0.0001097605408	0.000215323471
	0.000338073837	0.0004681237958	0.0005994584335	0.0007255133965	0.0008379254441
	0.0009284941692	0.000991845407	0.001025679159	0.001026974868	0.0009900481048
	0.0009166999191	0.0008312670391	0.0007658940855	0.0006997405655	0.0005291895467
	0.0001876535286	-0.0001678578008	-0.0001783631025	0.0003613307309	0.001145710929
	0.001522377235	0.001145050127	0.0003604382456	-0.0001787832767	-0.0001676766698
	0.0001877442026	0.0005288201338	0.0006997363723	0.0007670554592	0.0008325173847
	0.000917059057	0.0009898368986	0.001026771126	0.001025674213	0.0009919741187
	0.0009286732746	0.0008381178905	0.0007257020536	0.0005996271987	0.0004682578648
	0.0003381648699	0.0002153727601	0.0001097785101	3.617265981e-05	3.723314804e-06
	-4.071627792e-35	-3.921981118e-35	3.405997514e-06	3.528204988e-05	0.0001086634022
	0.0002145207929	0.0003377403142	0.0004681433833	0.0005997218062	0.0007260125805
	0.0008386356657	0.0009293623944	0.000992924056	0.001027037555	0.001028300163
	0.0009906407302	0.0009164707096	0.000831694442	0.0007688622446	0.0007044519897
	0.0005306753638	0.0001802566115	-0.0001829127041	-0.0001890563843	0.00037060981
	0.00117970434	0.001567614144	0.001179056829	0.0003697248868	-0.0001894768306
	-0.0001827400969	0.0001803225198	0.0005302915483	0.0007044938437	0.0007701212786
	0.0008330233018	0.0009168525747	0.0009904129099	0.001028078317	0.001027030245
	0.0009930602107	0.0009295502908	0.0008388361857	0.0007262089601	0.0005998974907
	0.0004682828386	0.0003378348961	0.0002145718468	0.0001086817893	3.528377134e-05
	3.404622326e-06	-3.921792154e-35	-3.77314759e-35	3.090806279e-06	3.439700645e-05
	0.0001075623131	0.0002137079242	0.0003374000017	0.0004681648473	0.000599990914
	0.0007265128661	0.0008393402057	0.0009302270441	0.0009940128633	0.001028414672
	0.001029625076	0.0009911960988	0.0009162007531	0.000832141651	0.0007719137123
	0.0007092071482	0.0005320850835	0.0001727560417	-0.0001979454551	-0.000199673402
	0.0003796926472	0.001213021164	0.001611931414	0.001212390673	0.0003788192593
	-0.000200093246	-0.0001977833041	0.0001727959042	0.000531688193	0.000709295929
	0.0007732679568	0.0008335476281	0.0009166059401	0.0009909517398	0.001029384231
	0.001028404448	0.0009941566741	0.0009304240669	0.0008395488732	0.0007267169384
	0.0006001735415	0.0004683097277	0.000337498135	0.0002137607234	0.0001075810973
	3.439854329e-05	3.08929283e-06	-3.772909225e-35	-3.625218898e-35	2.778802891e-06
	3.351541891e-05	0.0001064572964	0.0002128849635	0.0003370528578	0.0004681881536
	0.0006002658019	0.0007270141383	0.0008400388695	0.0009310883813	0.00099511249
	0.001029810507	0.001030948457	0.0009917133454	0.0009158912044	0.0008326111382
	0.0007750498854	0.0007140057552	0.0005334180636	0.0001651513591	-0.000212957495
	-0.0002102168161	0.0003885779296	0.001245663901	0.001655333731	0.001245054211
	0.0003877200622	-0.000210635229	-0.0002128077165	0.0001651640125	0.000533009431
	0.0007141420691	0.0007764964995	0.0008340925222	0.000916320217	0.000991452602
	0.001030687769	0.001029796788	0.0009952641403	0.0009312948812	0.0008402557769
	0.0007272258695	0.000600455388	0.0004683384991	0.0003371545481	0.0002129394872
	0.0001064764558	3.351675572e-05	2.77714512e-06	-3.624928605e-35	-3.478148268e-35
	2.469822388e-06	3.26370806e-05	0.0001053483614	0.000212051998	0.0003366988567
	0.0004682132789	0.0006005464968	0.0007275162679	0.0008407314799	0.0009319466914
	0.0009962235879	0.001031225032	0.00103226915	0.0009921916226	0.0009155432196
	0.000833105337	0.0007782721431	0.0007188475977	0.0005346737349	0.0001574420463
	-0.0002279503529	-0.0002206892137	0.0003972644888	0.001277635009	0.001697825583
	0.001277049938	0.0003964261308	-0.0002211054083	-0.0002278148397	0.0001574264414
	0.0005342546893	0.0007190317856	0.000779807923	0.000834660123	0.0009159964689
	0.0009919147224	0.00103198783	0.00103120721	0.0009963832306	0.0009321630311
	0.0008409567385	0.0007277356219	0.0006007430487	0.0004683691297	0.0003368041124
	0.0002121082253	0.0001053678724	3.263820217e-05	2.468014773e-06	-3.477803628e-35
	-3.331892229e-35	2.163714493e-06	3.176179685e-05	0.0001042355049	0.0002112091058
	0.0003363379866	0.000468240209	0.000600833009	0.0007280191129	0.000841417877
	0.0009328022805	0.0009973468001	0.001032658191	0.001033585989	0.0009926300994
	0.0009151579522	0.0008336266415	0.0007815818504	0.0007237325368	0.0005358515986
	0.0001496275283	-0.0002429256429	-0.0002310931081	0.000405751297	0.001308936901
	0.001739411272	0.001308380296	0.0004049364339	-0.0002315063351	-0.0002428062564
	0.0001495827259	0.0005354234562	0.0007239646823	0.0007832032582	0.0008352525502
	0.0009156357558	0.0009923373387	0.00103328331	0.001032635634	0.0009975145562
	0.0009330288323	0.0008416516175	0.0007282460529	0.0006010365254	0.0004684016049
	0.0003364468195	0.0002112670155	0.0001042553427	3.176268796e-05	2.161752029e-06
	-3.331490906e-35	-3.186410217e-35	1.86034181e-06	3.08893835e-05	0.0001031187134
	0.0002103563563	0.0003359702486	0.0004682689378	0.000601125333	0.0007285225197
	0.0008420979173	0.0009336554748	0.0009984827601	0.001034109904	0.001034897807
	0.0009930279603	0.0009147365501	0.0008341774053	0.0007849803603	0.0007286605087
	0.0005369512244	0.000141707172	-0.0002578850619	-0.0002414309399	0.0004140374647
	0.001339571948	0.001780094907	0.001339047674	0.0004132500711	-0.0002418404837
	-0.000257783626	0.0001416323393	0.0005365152801	0.0007289404473	0.0007866835539
	0.0008358719048	0.000915239132	0.0009927196983	0.001034573101	0.001034081963
	0.0009986587182	0.0009338926175	0.0008423402897	0.0007287570097	0.0006013358042
	0.0004684359171	0.0003360826735	0.0002104159277	0.0001031388516	3.089002882e-05
	1.858219953e-06	-3.185949921e-35	-3.041664216e-35	1.55957825e-06	3.001966561e-05
	0.0001019979635	0.0002094938122	0.0003355956553	0.0004682994661	0.0006014234487
	0.0007290263243	0.0008427714736	0.0009345066185	0.0009996320913	0.001035580068
	0.001036203433	0.000993384404	0.0009142801521	0.0008347599413	0.0007884690155
	0.0007336315253	0.0005379722497	0.0001336802854	-0.0002728303894	-0.0002517050763
	0.0004221222389	0.001369542475	0.001819880414	0.001369054409	0.0004213662718
	-0.0002521102516	-0.0002727486838	0.0001335746919	0.0005375297687	0.0007339588538
	0.0007902498801	0.0008365202688	0.0009148076431	0.0009930610578	0.001035856097
	0.001035546079	0.0009998163071	0.0009347547352	0.0008430226474	0.0007292683304
	0.0006016408566	0.0004684720651	0.00033571169	0.000209555025	0.0001020183745
	3.002004949e-05	1.557292847e-06	-3.041142667e-35	-2.897618447e-35	1.261307651e-06
	2.915247634e-05	0.000100873224	0.0002086215299	0.0003352142299	0.0004683318004
	0.000601727322	0.0007295303537	0.0008434384344	0.0009353560732	0.001000795407
	0.001037068555	0.001037501695	0.000993698642	0.0009137898846	0.0008353765207
	0.0007920491504	0.0007386456752	0.000538914379	0.0001255461177	-0.000287763487
	-0.0002619178124	0.0004300050029	0.001398850768	0.001858771532	0.001398402784
	0.000429284395	-0.0002623179601	-0.0002877032416	0.0001254091311	0.000538466589
	0.0007390197621	0.0007939033305	0.0008371997061	0.0009143423234	0.0009933606811
	0.001037131189	0.001037027844	0.001000987904	0.0009356155485	0.000843698598
	0.0007297798458	0.0006019516408	0.0004685100524	0.0003353338948	0.0002086843651
	0.0001008938788	2.915258266e-05	1.258854856e-06	-2.897033337e-35	-2.754239091e-35
	9.654225856e-07	2.828765588e-05	9.974445599e-05	0.000207739561	0.0003348260049
	0.0004683659519	0.0006020369056	0.0007300344266	0.0008440987043	0.0009362042163
	0.00100197331	0.001038575218	0.001038791423	0.0009939698981	0.0009132668587
	0.0008360293716	0.0007957220912	0.0007437031239	0.000539777385	0.0001173038596
	-0.0003026862998	-0.0002720713714	0.0004376852767	0.001427499065	0.001896771815
	0.001427095032	0.0004370039303	-0.0002724658547	-0.0003026491888	0.0001171349409
	0.0005393254682	0.0007441231206	0.0007976450248	0.000837912262	0.0009138441932
	0.0009936178386	0.001038397272	0.001038527107	0.001002174077	0.0009364754342
	0.0008443680646	0.0007302913794	0.0006022681017	0.000468549887	0.0003349493229
	0.0002078040007	9.976532466e-05	2.828746796e-05	9.627987614e-07	-2.75358805e-35
	-2.611494045e-35	6.718232957e-07	2.742505061e-05	9.861161445e-05	0.0002068479527
	0.0003344310217	0.0004684019354	0.0006023521395	0.0007305383552	0.0008447522031
	0.0009370514398	0.00100316639	0.001040099892	0.001040071448	0.0009941974068
	0.0009127121664	0.0008367206776	0.0007994891561	0.0007488041148	0.0005405611097
	0.0001089526431	-0.0003176008585	-0.0002821679056	0.0004451627186	0.001455489567
	0.001933884631	0.001455133333	0.0004445244994	-0.0002825561065	-0.0003175884955
	0.0001087513423	0.0005401061949	0.0007492689672	0.0008014761104	0.0008386599637
	0.0009133142563	0.0009938318054	0.001039653243	0.001040043699	0.001003375385
	0.0009373347813	0.0008450309854	0.0007308027494	0.0006025901722	0.0004685915796
	0.000334558018	0.0002069139806	9.863266609e-05	2.742455104e-05	6.690249103e-07
	-2.610774609e-35	-2.469352708e-35	3.804167684e-07	2.656451226e-05	9.747464851e-05
	0.0002059467487	0.0003340293298	0.0004684397688	0.0006026729514	0.0007310419455
	0.0008453988667	0.0009378981496	0.001004375225	0.001041642391	0.001041340607
	0.0009943804124	0.0009121268783	0.0008374525762	0.0008033516549	0.0007539489689
	0.0005412654665	0.0001004915423	-0.000332509282	-0.0002922094973	0.0004524371281
	0.001482824429	0.001970113157	0.00148251982	0.0004518458595	-0.0002925908128
	-0.000332523215	0.0001002574927	0.000540808622	0.0007544574305	0.0008053977641
	0.0008394448194	0.0009127534971	0.0009940018611	0.001040898004	0.001041577436
	0.001004592375	0.0009381939905	0.0008456873132	0.0007313137689	0.0006029177735
	0.0004686351434	0.0003341600312	0.0002060143504	9.749585152e-05	2.656368282e-05
	3.774402901e-07	-2.468562285e-35	-2.327785785e-35	9.111591382e-08	2.570589722e-05
	9.633350237e-05	0.0002050359903	0.0003336209859	0.000468479472	0.0006029992572
	0.0007315449985	0.0008460386466	0.0009387447638	0.001005600382	0.001043202514
	0.00104259774	0.000994518169	0.0009115120397	0.0008382271562	0.0008073108871
	0.0007591380853	0.0005418904436	9.191957377e-05	-0.0003474137817	-0.0003021981596
	0.0004595084496	0.001509505766	0.002005460377	0.001509256572	0.0004589679072
	-0.0003025719984	-0.0003474554889	9.165248727e-05	0.000541432669	0.0007596887311
	0.0008094111922	0.0008402688176	0.0009121628781	0.0009941272879	0.001042130461
	0.001043128121	0.001005825582	0.0009390534732	0.0008463370162	0.0007318242472
	0.0006032508154	0.0004686805934	0.0003337554208	0.0002051051531	9.635482459e-05
	2.570471879e-05	8.795770495e-08	-2.32692163e-35	-2.186765126e-35	-1.961611607e-07
	2.484906594e-05	9.518811585e-05	0.0002041157163	0.0003332060535	0.000468521066
	0.0006033309614	0.0007320473113	0.00084667151	0.0009395917124	0.001006842411
	0.001044780041	0.001043841701	0.0009946099395	0.0009108686676	0.0008390464548
	0.0008113681401	0.000764371941	0.0005424361082	8.323569802e-05	-0.0003623166667
	-0.0003121358385	0.0004663767778	0.001535535653	0.002039929078	0.001535345623
	0.0004658906842	-0.0003125016171	-0.0003623875522	8.29353588e-05	0.000541978327
	0.0007649631823	0.0008135176311	0.0008411339262	0.0009115433371	0.0009942073707
	0.001043349529	0.001044695546	0.001007075526	0.0009399136506	0.0008469800772
	0.0007323339901	0.000603589197	0.0004687279453	0.0003333442515	0.00020418643
	9.520952481e-05	2.484751841e-05	-1.995049459e-07	-2.185824316e-35	-2.046263569e-35
	-4.81491796e-07	2.399388234e-05	9.403842494e-05	0.0002031859644	0.0003327846027
	0.0004685645729	0.0006036679573	0.0007325486772	0.0008472974401	0.0009404394365
	0.00100810185	0.00104637474	0.001045071348	0.0009946549955	0.000910197748
	0.0008399124544	0.0008155246858	0.0007696510906	0.0005429026112	7.443882082e-05
	-0.0003772203502	-0.0003220244143	0.0004730423641	0.001560916122	0.002073521841
	0.001560788956	0.000472614384	-0.0003223815535	-0.0003773217403	7.410507941e-05
	0.0005424456633	0.0007702811914	0.0008177183461	0.0008420420903	0.0009108957846
	0.0009942413965	0.001044554131	0.001046279487	0.001008342718	0.0009407749532
	0.0008476164938	0.0007328428009	0.0006039328069	0.0004687772153	0.0003329265937
	0.0002032582208	9.405988804e-05	2.399194461e-05	-4.850253084e-07	-2.045242981e-35
	-1.906254811e-35	-7.649493558e-07	2.314021335e-05	9.288436229e-05	0.0002022467709
	0.0003323567089	0.0004686100145	0.0006040101274	0.000733048887	0.000847916436
	0.0009412883872	0.00100937922	0.00104798636	0.001046285554	0.0009946526183
	0.0009095002324	0.000840827078	0.0008197817759	0.0007749761655	0.0005432901941
	6.552779535e-05	-0.0003921273572	-0.0003318657036	0.0004795056254	0.00158564917
	0.002106241034	0.001585588509	0.0004791393603	-0.0003322136254	-0.000392260497
	6.516056202e-05	0.0005428348279	0.0007756432597	0.0008220146303	0.00084299523
	0.0009102211013	0.0009942286542	0.001045743199	0.001047879711	0.00100962765
	0.0009416378201	0.0008482462788	0.0007333504807	0.0006042815236	0.0004688284193
	0.0003325025235	0.0002023205642	9.290584706e-05	2.313786328e-05	-7.686771409e-07
	-1.90515111e-35	-1.76671329e-35	-1.046603741e-06	2.228792851e-05	9.172585772e-05
	0.0002012981716	0.0003319224534	0.0004686574125	0.0006043573437	0.0007335477291
	0.0008485285127	0.0009421390257	0.001010675027	0.00104961464	0.001047483207
	0.0009946020988	0.000908777035	0.0008417921845	0.0008241406368	0.0007803478723
	0.0005435991961	5.650142518e-05	-0.0004070403344	-0.0003416614626	0.0004857671535
	0.001609736752	0.002138088803	0.001609746176	0.0004854661379	-0.0003419995864
	-0.0004072063844	5.610066282e-05	0.0005431460609	0.0007810499828	0.0008264078014
	0.0008439952371	0.0009095201351	0.0009941684356	0.001046915679	0.001049495973
	0.001010930804	0.0009425026992	0.0008488694598	0.000733856829	0.0006046352158
	0.0004688815726	0.0003320721216	0.0002013734984	9.174733198e-05	2.228514291e-05
	-1.050530819e-06	-1.765522912e-35	-1.627614078e-35	-1.326521849e-06	2.143689954e-05
	9.056283861e-05	0.0002003402022	0.0003314819219	0.0004687067876	0.000604709468
	0.0007340449903	0.0008491337016	0.0009429918226	0.001011989761	0.0010512593
	0.001048663209	0.0009945027396	0.0009080290297	0.0008428095631	0.0008286024627
	0.0007857669905	0.0005438300632	4.73584682e-05	-0.0004219620607	-0.0003514133904
	0.0004918277281	0.001633180789	0.002169067055	0.001633263804	0.0004915954247
	-0.0003517411298	-0.0004221620945	4.692418478e-05	0.0005433797015	0.0007865020496
	0.0008308991976	0.0008450439713	0.0009087936994	0.0009940600357	0.001048070528
	0.001051128016	0.001012252646	0.0009433700462	0.0008494860791	0.0007343616441
	0.0006049937427	0.0004689366898	0.0003316354735	0.0002004170614	9.058427072e-05
	2.14336542e-05	-1.330653787e-06	-1.626333226e-35	-1.48893279e-35	-1.604767989e-06
	2.058700008e-05	8.939523032e-05	0.0001993728982	0.0003310352048	0.0004687581592
	0.0006050663521	0.0007345404556	0.0008497320497	0.000943847258	0.001013323893
	0.001052920048	0.001049824479	0.0009943538561	0.0009072570479	0.000843880926
	0.0008331684066	0.0007912343693	0.0005439833587	3.809764205e-05	-0.0004368954615
	-0.0003611231339	0.0004976883318	0.001655983165	0.002199177448	0.001656143201
	0.0004975281274	-0.0003614398934	-0.000437130463	3.762988238e-05	0.0005435361985
	0.0007920002405	0.000835490172	0.0008461432548	0.0009080425701	0.0009939027545
	0.001049206718	0.00105277557	0.001013593624	0.0009442403255	0.0008500961939
	0.0007348647231	0.0006053569544	0.0004689937836	0.0003311926684	0.0001994512914
	8.941658934e-05	2.058326978e-05	-1.609110959e-06	-1.487557429e-35	-1.3506455e-35
	-1.88140425e-06	1.973810533e-05	8.822295658e-05	0.000198396296	0.0003305823965
	0.0004688115454	0.0006054278386	0.0007350339093	0.0008503236202	0.0009447058213
	0.001014677878	0.001054596575	0.001050965958	0.0009941547799	0.0009064618757
	0.0008450079014	0.0008378395706	0.0007967509224	0.0005440597756	2.87176313e-05
	-0.0004518436235	-0.0003707922941	0.0005033501678	0.001678145733	0.002228421369
	0.001678386136	0.0005032653697	-0.0003710974652	-0.0004521144852	2.821646829e-05
	0.0005436161221	0.0007975454244	0.0008401820851	0.0008472948662	0.0009072674843
	0.0009936958992	0.001050323236	0.001054438353	0.001014954175	0.0009451140096
	0.0008506998761	0.0007353658623	0.0006057246923	0.0004690528657	0.0003307437993
	0.0001984762267	8.82442125e-05	1.973386391e-05	-1.88596508e-06	-1.349171357e-35
	-1.212728663e-35	-2.156490838e-06	1.889009185e-05	8.704593984e-05	0.0001974104322
	0.0003301235951	0.0004688669621	0.0006057937608	0.0007355251345	0.0008509084917
	0.0009455680114	0.001016052153	0.001056288554	0.001052086604	0.0009939048613
	0.0009056442529	0.0008461920247	0.0008426169935	0.0008023176211	0.0005440601498
	1.921709727e-05	-0.0004668098139	-0.0003804224338	0.0005088146829	0.001699670317
	0.002256799908	0.00169999434	0.0005088085151	-0.0003807153922	-0.0004671173352
	1.868262242e-05	0.0005436201785	0.0008031385533	0.0008449762941	0.0008485005332
	0.000906469139	0.0009934387874	0.001051419087	0.001056116069	0.001016334717
	0.0009459915796	0.0008512972119	0.0007358648576	0.0006060967892	0.0004691139454
	0.0003302889625	0.0001974919065	8.706706371e-05	1.888531227e-05	-2.161277044e-06
	-1.211151232e-35	-1.075159051e-35	-2.430086367e-06	1.804283731e-05	8.58641016e-05
	0.0001964153447	0.0003296589015	0.0004689244231	0.0006061639434	0.0007360139138
	0.000851486758	0.000946434337	0.001017447138	0.001057995644	0.001053185401
	0.0009936034738	0.0009048048714	0.0008474347292	0.0008475016369	0.0008079354846
	0.0005439854767	9.59469107e-06	-0.0004817975022	-0.000390015089	0.0005140835935
	0.001720558715	0.002284313835	0.001720969516	0.0005141591933	-0.0003902951909
	-0.0004821423882	9.02700429e-06	0.0005435492254	0.0008087806543	0.0008498741405
	0.0008497619234	0.0009056481904	0.0009931307501	0.001052493291	0.001057808405
	0.001017735654	0.0009468735259	0.0008518883011	0.000736361504	0.0006064730705
	0.0004691770301	0.0003298282568	0.0001964983708	8.588506573e-05	1.803749171e-05
	-2.435106184e-06	-1.0734736e-35	-9.379136923e-36	-2.702248126e-06	1.719622029e-05
	8.467736271e-05	0.0001954110726	0.0003291884198	0.0004689839396	0.0006065382031
	0.0007365000292	0.0008520585277	0.0009473053166	0.001018863234	0.001059717482
	0.001054261349	0.0009932500184	0.000903944376	0.0008487373365	0.0008524943687
	0.0008136055668	0.0005438369283	-1.509286911e-07	-0.0004968103857	-0.0003995717837
	0.0005191589194	0.001740812706	0.002310963561	0.001741313338	0.0005193193344
	-0.000399838362	-0.0004971932466	-7.517299791e-07	0.0005434042907	0.0008144728181
	0.0008548769331	0.0008510806338	0.0009048052542	0.0009927711372	0.001053544884
	0.001059515033	0.001019157376	0.0009477603478	0.0008524732572	0.0007368555965
	0.0006068533537	0.0004692421245	0.0003293617836	0.0001954956605	8.469814083e-05
	1.719028011e-05	-2.707510518e-06	-9.361152772e-36	-8.00969819e-36	-2.97303231e-06
	1.635012011e-05	8.348564368e-05	0.0001943976562	0.0003287122562	0.0004690455199
	0.000606916349	0.0007369832629	0.0008526239232	0.000948181479	0.001020300828
	0.001061453685	0.001055313474	0.0009928439295	0.0009030633659	0.0008501010464
	0.0008575959453	0.0008193289378	0.0005436158726	-1.002107203e-05	-0.00051185242
	-0.0004090940493	0.0005240430244	0.001760434057	0.00233674909	0.001761027466
	0.0005242912092	-0.0004093464107	-0.0005122737713	-1.065490459e-05	0.0005431865918
	0.0008202161822	0.000859985928	0.0008524581795	0.0009039409084	0.000992359322
	0.001054572918	0.001061235605	0.00102060026	0.0009486525547	0.0008530522059
	0.0007373469297	0.0006072374499	0.0004693092309	0.0003288896464	0.0001944838181
	8.350621108e-05	1.634355617e-05	-2.978546972e-06	-7.990532952e-36	-6.643048215e-36
	-3.242494218e-06	1.550441668e-05	8.228886495e-05	0.0001933751377	0.000328230519
	0.0004691091692	0.0006072981829	0.0007374633972	0.00085318308	0.0009490633628
	0.001021760291	0.001063203847	0.00105634082	0.0009923846801	0.0009021623984
	0.0008515269274	0.0008628069918	0.0008251066596	0.0005433238938	-2.001698518e-05
	-0.0005269278547	-0.0004185834532	0.0005287386669	0.001779424536	0.002361669969
	0.001780113553	0.0005290774808	-0.0004188208742	-0.0005273881173	-2.068379236e-05
	0.0005428975578	0.0008260119077	0.000865202303	0.00085389598	0.000903055697
	0.0009918947076	0.00105557646	0.001062969754	0.001022064668	0.0009495506655
	0.0008536252849	0.0007378352987	0.0006076251634	0.0004693783482	0.00032841195
	0.0001934628874	8.230919857e-05	1.549719932e-05	-3.248271571e-06	-6.622648639e-36
	-5.278962102e-36	-3.510688432e-06	1.465899038e-05	8.108694705e-05	0.0001923435611
	0.0003277433181	0.000469174889	0.0006076835002	0.0007379402152	0.0008537361458
	0.0009499515165	0.001023241982	0.001064967539	0.001057342445	0.0009918717874
	0.0009012419949	0.0008530159099	0.0008681279826	0.0008309397534	0.000542962812
	-3.013980641e-05	-0.0005420412741	-0.000428041637	0.0005332490644	0.001797785925
	0.002385725206	0.001798573259	0.000533681269	-0.0004282633603	-0.0005425407761
	-3.083957124e-05	0.000542538851	0.0008318611467	0.0008705271279	0.0008553953456
	0.0009021501368	0.0009913767328	0.001056554584	0.001064717088	0.001023550956
	0.0009504552087	0.0008541926425	0.0007383204989	0.0006080162927	0.0004694494722
	0.000327928801	0.0001924329138	8.110702565e-05	1.465108958e-05	-3.516739601e-06
	-5.257273329e-36	-3.917215838e-36	-3.777668971e-06	1.381372198e-05	7.987981091e-05
	0.0001913029724	0.000327250765	0.0004692426767	0.0006080720901	0.0007384135016
	0.00085428328	0.0009508464974	0.001024746246	0.00106674431	0.001058317424
	0.0009913048177	0.000900302651	0.0008545687827	0.0008735592227	0.0008368291566
	0.0005425347005	-4.039050541e-05	-0.0005571976447	-0.0004374703726	0.0005375779758
	0.001815520045	0.00240891318	0.001816408278	0.0005381062325	-0.0004376756034
	-0.0005577366238	-4.11232642e-05	0.0005421123873	0.0008377649994	0.0008759613289
	0.0008569574639	0.000901224728	0.0009908048783	0.00105750637	0.001066477195
	0.001025059468	0.0009513667219	0.0008547544373	0.0007388023273	0.000608410631
	0.0004695225949	0.0003274403068	0.0001913939447	7.989961509e-05	1.380510747e-05
	-3.784005755e-06	-3.894181636e-36	-2.557586038e-36	-4.043489417e-06	1.296849251e-05
	7.866737795e-05	0.0001902534197	0.0003267529721	0.0004693125257	0.0006084637358
	0.0007388830433	0.0008548246525	0.0009517488707	0.001026273421	0.001068533685
	0.001059264838	0.0009906833884	0.0008993448484	0.000856186197	0.000879100836
	0.0008427756669	0.0005420418956	-5.076979978e-05	-0.000572402368	-0.0004468716424
	0.0005417298072	0.001832628787	0.002431231502	0.001833620372	0.0005423566759
	-0.0004470595449	-0.000572980975	-5.1535656e-05	0.0005416203505	0.0008437244554
	0.0008815056494	0.0008585833888	0.0009002799675	0.0009901786701	0.001058430897
	0.001068249641	0.001026590545	0.0009522857509	0.000855310837	0.0007392805825
	0.0006088079657	0.0004695977041	0.0003269465759	0.0001903460294	7.86868903e-05
	1.295913394e-05	-4.050124256e-06	-2.533149048e-36	-1.199849736e-36	-4.30820304e-06
	1.212318328e-05	7.744957033e-05	0.0001891949534	0.0003262500529	0.0004693844245
	0.0006088582146	0.0007393486301	0.0008553604437	0.0009526592076	0.001027823839
	0.001070335169	0.001060183768	0.0009900071671	0.0008983690715	0.0008578686822
	0.000884752764	0.0008487798724	0.0005414869898	-6.127803937e-05	-0.0005876613349
	-0.0004562477601	0.0005457097534	0.001849114169	0.002452676842	0.001850211419
	0.0005464376907	-0.0004564174536	-0.0005882796392	-6.207717739e-05	0.0005410651918
	0.0008497403187	0.000887160611	0.0008602740357	0.0008993163669	0.0009894976816
	0.00105932724	0.001070033971	0.001028144523	0.0009532128477	0.0008558620188
	0.0007397550655	0.0006092080794	0.0004696747837	0.0003264477173	0.0001892892191
	7.746877545e-05	1.211305036e-05	-4.315148964e-06	-1.173951749e-36	1.562157802e-37
	-4.571862901e-06	1.127767579e-05	7.622631107e-05	0.0001881276264	0.0003257421216
	0.000469458357	0.0006092552982	0.0007398100554	0.0008558908451	0.0009535780834
	0.001029397822	0.001072148252	0.001061073293	0.0009892758637	0.0008973758241
	0.0008596166788	0.0008905147868	0.000854842068	0.0005408727942	-7.191504648e-05
	-0.0006029809748	-0.0004656015554	0.0005495239876	0.001864978417	0.002473244662
	0.001866183503	0.0005503553458	-0.0004657521109	-0.000603638971	-7.274774437e-05
	0.0005404496014	0.0008558131166	0.0008929264798	0.000862030187	0.0008983344725
	0.0009887615297	0.001060194457	0.001071829714	0.001029721735	0.0009541485698
	0.0008564081689	0.0007402255806	0.0006096107493	0.0004697538129	0.0003259438406
	0.0001882235671	7.624519566e-05	1.126673842e-05	-4.579133475e-06	1.836335404e-37
	1.510833111e-36	-4.834521933e-06	1.043185176e-05	7.499752428e-05	0.0001870514937
	0.000325229293	0.0004695343021	0.0006096547526	0.0007402671163	0.0008564160588
	0.0009545060765	0.001030995685	0.001073972414	0.001061932487	0.0009884892161
	0.0008963656448	0.0008614305953	0.000896386579	0.0008609621685	0.0005402022425
	-8.267989777e-05	-0.0006183682747	-0.0004749366677	0.0005531799225	0.001880224113
	0.002492928821	0.001881539054	0.0005541169489	-0.0004750671048	-0.0006190658928
	-8.354653808e-05	0.000539776423	0.0008619429974	0.0008988032547	0.0008638525168
	0.0008973348824	0.0009879698648	0.001061031594	0.001073636386	0.001031322507
	0.0009550934783	0.0008569494834	0.000740691935	0.0006100157476	0.0004698347665
	0.000325435056	0.0001871491291	7.501607712e-05	1.042008018e-05	-4.842131199e-06
	1.539829684e-36	2.864224853e-36	-5.096233029e-06	9.585593042e-06	7.376313527e-05
	0.0001859666129	0.0003247116822	0.0004696122339	0.0006100563385	0.0007407196141
	0.0008569362989	0.0009554437671	0.001032617733	0.001075807129	0.001062760423
	0.0009876469676	0.0008953391106	0.0008633108892	0.0009023678128	0.0008671396442
	0.000539478192	-9.357064017e-05	-0.0006338307145	-0.0004842580324	0.000556686575
	0.001894854455	0.002511720945	0.001896281116	0.0005577314125	-0.0004843673161
	-0.0006345678321	-9.447171654e-05	0.0005390484683	0.0008681296469	0.0009047907019
	0.0008657416413	0.0008963182546	0.0009871223555	0.001061837683	0.001075453497
	0.001032947163	0.0009560481379	0.0008574861687	0.0007411539393	0.0006104228415
	0.0004699176147	0.0003249214735	0.0001860659625	7.378134726e-05	9.572958031e-06
	-5.104195435e-06	2.89485923e-36	4.216613676e-36	-5.357049094e-06	8.738781703e-06
	7.252307069e-05	0.000184873044	0.0003241894044	0.0004696921211	0.000610459811
	0.0007411673539	0.0008574517911	0.0009563917375	0.001034264259	0.001077651873
	0.001063556176	0.0009867488444	0.0008942968232	0.000865258156	0.0009084583082
	0.0008733735467	0.0005387030625	-0.000104583972	-0.0006493759739	-0.0004935727202
	0.0005600550714	0.001908873794	0.002529609312	0.001910413876	0.0005612097583
	-0.0004936597598	-0.000650152432	-0.0001055200886	0.0005382681643	0.0008743722864
	0.0009108884697	0.0008676981912	0.0008952852921	0.0009862186712	0.001062611753
	0.001077280548	0.001034596013	0.0009570131174	0.0008580184416	0.0007416114072
	0.0006108317933	0.0004700023232	0.0003244032031	0.0001849741273	7.254093488e-05
	8.725254687e-06	-5.365379422e-06	4.248944479e-36	5.568222377e-36	-5.617023103e-06
	7.891299979e-06	7.127725874e-05	0.0001837708496	0.0003236625745	0.0004697739272
	0.0006108649204	0.0007416101452	0.0008579627726	0.0009573505723	0.00103593554
	0.001079506115	0.001064318843	0.0009857945424	0.0008932393755	0.0008672731747
	0.0009146581751	0.0008796627392	0.0005378782898	-0.0001157150767	-0.0006650110546
	-0.0005028914296	0.0005632992463	0.001922288915	0.002546576592	0.001923943946
	0.0005645657174	-0.0005029550786	-0.000665826675	-0.0001166869357	0.0005374370043
	0.0008806698746	0.0009170963042	0.0008697228791	0.0008942367013	0.0009852584745
	0.001063352845	0.001079117033	0.001036269361	0.0009579889903	0.0008585465293
	0.0007420641556	0.0006112423609	0.0004700888527	0.0003238803548	0.0001838736854
	7.129477026e-05	7.876853204e-06	-5.625736389e-06	5.602307529e-36	6.919273915e-36
	-5.876208145e-06	7.043030303e-06	7.002562918e-05	0.0001826600946	0.0003231313071
	0.0004698576106	0.0006112714125	0.0007420478019	0.0008584694917	0.0009583208581
	0.001037631841	0.001081369325	0.001065047533	0.0009847837337	0.0008921673278
	0.000869356839	0.000920967811	0.0008860063886	0.0005370038605	-0.0001269582623
	-0.0006807400557	-0.000512230891	0.0005664355296	0.001935112978	0.002562594039
	0.001936884306	0.0005678156153	-0.0005122699491	-0.0006815946574	-0.0001279666365
	0.0005365550547	0.0008870215889	0.0009234142712	0.0008718165008	0.0008931731436
	0.0009842414288	0.001064060011	0.001080962432	0.001037967495	0.0009589763353
	0.0008590706693	0.0007425120047	0.0006116542976	0.0004701771593	0.0003233530377
	0.0001827647012	7.004278528e-05	7.027636986e-06	-5.885319595e-06	6.955170311e-36
	