-10 0.05 -0.000506566
-8.75 0.05 6.74805e-05
-7.5 0.05 0.000884971
-6.25 0.05 0.00179902
-5 0.05 0.00265826
-3.75 0.05 0.00333829
-2.5 0.05 0.00376928
-1.25 0.05 0.00395033
0 0.05 0.00394506
1.25 0.05 0.00386038
2.5 0.05 0.00381261
3.75 0.05 0.00387154
5 0.05 0.00404385
6.25 0.05 0.00428077
7.5 0.05 0.00450114
8.75 0.05 0.00459835
10 0.05 0.00456372
-10 0.102632 -0.000501966
-8.75 0.102632 6.40705e-05
-7.5 0.102632 0.000868474
-6.25 0.102632 0.00177204
-5 0.102632 0.00262333
-3.75 0.102632 0.00329776
-2.5 0.102632 0.00372563
-1.25 0.102632 0.00390639
0 0.102632 0.00390335
1.25 0.102632 0.00382183
2.5 0.102632 0.00377578
3.75 0.102632 0.00383333
5 0.102632 0.00400089
6.25 0.102632 0.00423072
7.5 0.102632 0.00444443
8.75 0.102632 0.0045402
10 0.102632 0.00450886
-10 0.155263 -0.000490006
-8.75 0.155263 5.96341e-05
-7.5 0.155263 0.000847566
-6.25 0.155263 0.00173675
-5 0.155263 0.00257635
-3.75 0.155263 0.00324214
-2.5 0.155263 0.00366488
-1.25 0.155263 0.00384435
0 0.155263 0.00384329
1.25 0.155263 0.00376506
2.5 0.155263 0.00372077
3.75 0.155263 0.0037767
5 0.155263 0.00393895
6.25 0.155263 0.004161
7.5 0.155263 0.00436745
8.75 0.155263 0.00446134
10 0.155263 0.00443314
-10 0.207895 -0.00050062
-8.75 0.207895 5.43598e-05
-7.5 0.207895 0.00082243
-6.25 0.207895 0.00169328
-5 0.207895 0.00251739
-3.75 0.207895 0.00317146
-2.5 0.207895 0.00358702
-1.25 0.207895 0.00376419
0 0.207895 0.00376487
1.25 0.207895 0.00369006
2.5 0.207895 0.00364761
3.75 0.207895 0.00370166
5 0.207895 0.00385803
6.25 0.207895 0.00407166
7.5 0.207895 0.00427024
8.75 0.207895 0.00436181
10 0.207895 0.00433662
-10 0.260526 -0.000462068
-8.75 0.260526 4.8437e-05
-7.5 0.260526 0.000793256
-6.25 0.260526 0.00164177
-5 0.260526 0.00244652
-3.75 0.260526 0.00308572
-2.5 0.260526 0.00349204
-1.25 0.260526 0.00366589
0 0.260526 0.00366809
1.25 0.260526 0.00359681
2.5 0.260526 0.00355627
3.75 0.260526 0.00360822
5 0.260526 0.00375818
6.25 0.260526 0.00396272
7.5 0.260526 0.00415286
8.75 0.260526 0.00424168
10 0.260526 0.00421933
-10 0.313158 -0.000499273
-8.75 0.313158 4.20564e-05
-7.5 0.313158 0.000760236
-6.25 0.313158 0.00158236
-5 0.313158 0.0023638
-3.75 0.313158 0.00298496
-2.5 0.313158 0.00337993
-1.25 0.313158 0.00354944
0 0.313158 0.00355292
1.25 0.313158 0.00348531
2.5 0.313158 0.00344676
3.75 0.313158 0.00349638
5 0.313158 0.0036394
6.25 0.313158 0.00383423
7.5 0.313158 0.00401535
8.75 0.313158 0.00410099
10 0.313158 0.0040813
-10 0.365789 -0.000498599
-8.75 0.365789 3.54096e-05
-7.5 0.365789 0.000723565
-6.25 0.365789 0.0015152
-5 0.365789 0.00226932
-3.75 0.365789 0.00286916
-2.5 0.365789 0.00325066
-1.25 0.365789 0.00341482
0 0.365789 0.00341935
1.25 0.365789 0.00335555
2.5 0.365789 0.00331907
3.75 0.365789 0.00336615
5 0.365789 0.00350173
6.25 0.365789 0.00368622
7.5 0.365789 0.00385775
8.75 0.365789 0.00393977
10 0.365789 0.00392258
-10 0.418421 -0.000497926
-8.75 0.418421 2.86894e-05
-7.5 0.418421 0.000683441
-6.25 0.418421 0.00144043
-5 0.418421 0.00216313
-3.75 0.418421 0.00273836
-2.5 0.418421 0.00310423
-1.25 0.418421 0.003262
0 0.418421 0.00326736
1.25 0.418421 0.00320752
2.5 0.418421 0.00317319
3.75 0.418421 0.00321754
5 0.418421 0.00334517
6.25 0.418421 0.00351872
7.5 0.418421 0.0036801
8.75 0.418421 0.00375809
10 0.418421 0.0037432
-10 0.471053 -0.000473654
-8.75 0.471053 2.20893e-05
-7.5 0.471053 0.000640067
-6.25 0.471053 0.00135819
-5 0.471053 0.00204531
-3.75 0.471053 0.00259255
-2.5 0.471053 0.0029406
-1.25 0.471053 0.00309095
0 0.471053 0.00309692
1.25 0.471053 0.00304119
2.5 0.471053 0.00300912
3.75 0.471053 0.00305053
5 0.471053 0.00316974
6.25 0.471053 0.00333175
7.5 0.471053 0.00348243
8.75 0.471053 0.00355596
10 0.471053 0.00354321
-10 0.523684 -0.000120606
-8.75 0.523684 1.58034e-05
-7.5 0.523684 0.000593649
-6.25 0.523684 0.00126864
-5 0.523684 0.00191593
-3.75 0.523684 0.00243175
-2.5 0.523684 0.00275976
-1.25 0.523684 0.00290165
0 0.523684 0.00290803
1.25 0.523684 0.00285654
2.5 0.523684 0.00282682
3.75 0.523684 0.00286513
5 0.523684 0.00297545
6.25 0.523684 0.00312534
7.5 0.523684 0.00326478
8.75 0.523684 0.00333343
10 0.523684 0.00332262
-10 0.576316 -7.81663e-05
-8.75 0.576316 1.00268e-05
-7.5 0.576316 0.000544397
-6.25 0.576316 0.00117192
-5 0.576316 0.00177507
-3.75 0.576316 0.00225595
-2.5 0.576316 0.00256167
-1.25 0.576316 0.00269407
0 0.576316 0.00270064
1.25 0.576316 0.00265357
2.5 0.576316 0.0026263
3.75 0.576316 0.00266132
5 0.576316 0.00276231
6.25 0.576316 0.0028995
7.5 0.576316 0.00302717
8.75 0.576316 0.00309053
10 0.576316 0.00308149
-10 0.628947 -3.32245e-05
-8.75 0.628947 4.95484e-06
-7.5 0.628947 0.000492524
-6.25 0.628947 0.0010682
-5 0.628947 0.00162278
-3.75 0.628947 0.00206516
-2.5 0.628947 0.00234631
-1.25 0.628947 0.00246816
0 0.628947 0.00247473
1.25 0.628947 0.00243223
2.5 0.628947 0.00240752
3.75 0.628947 0.00243911
5 0.628947 0.00253032
6.25 0.628947 0.00265424
7.5 0.628947 0.00276961
8.75 0.628947 0.0028273
10 0.628947 0.00281984
-10 0.681579 -0.000160567
-8.75 0.681579 7.83295e-07
-7.5 0.681579 0.000438249
-6.25 0.681579 0.00095764
-5 0.681579 0.00145915
-3.75 0.681579 0.00185939
-2.5 0.681579 0.00211364
-1.25 0.681579 0.0022239
0 0.681579 0.00223028
1.25 0.681579 0.0021925
2.5 0.681579 0.00217047
3.75 0.681579 0.00219847
5 0.681579 0.00227948
6.25 0.681579 0.00238959
7.5 0.681579 0.00249213
8.75 0.681579 0.00254375
10 0.681579 0.00253771
-10 0.734211 -3.32245e-05
-8.75 0.734211 -2.2919e-06
-7.5 0.734211 0.000381793
-6.25 0.734211 0.000840392
-5 0.734211 0.00128424
-3.75 0.734211 0.00163862
-2.5 0.734211 0.00186363
-1.25 0.734211 0.00196124
0 0.734211 0.00196723
1.25 0.734211 0.00193437
2.5 0.734211 0.00191512
3.75 0.734211 0.00193939
5 0.734211 0.0020098
6.25 0.734211 0.00210555
7.5 0.734211 0.00219475
8.75 0.734211 0.00223991
10 0.734211 0.00223511
-10 0.786842 -0.000160567
-8.75 0.786842 -4.07481e-06
-7.5 0.786842 0.000323382
-6.25 0.786842 0.000716627
-5 0.786842 0.00109812
-3.75 0.786842 0.00140286
-2.5 0.786842 0.00159623
-1.25 0.786842 0.00168014
0 0.786842 0.00168557
1.25 0.786842 0.00165778
2.5 0.786842 0.00164144
3.75 0.786842 0.00166186
5 0.786842 0.00172127
6.25 0.786842 0.00180212
7.5 0.786842 0.00187747
8.75 0.786842 0.00191581
10 0.786842 0.00191209
-10 0.839474 -3.32245e-05
-8.75 0.839474 -4.36971e-06
-7.5 0.839474 0.000263247
-6.25 0.839474 0.000586516
-5 0.839474 0.000900881
-3.75 0.839474 0.0011521
-2.5 0.839474 0.00131142
-1.25 0.839474 0.00138056
0 0.839474 0.00138526
1.25 0.839474 0.00136272
2.5 0.839474 0.0013494
3.75 0.839474 0.00136585
5 0.839474 0.00141389
6.25 0.839474 0.00147931
7.5 0.839474 0.00154031
8.75 0.839474 0.00157146
10 0.839474 0.00156867
-10 0.892105 -7.81663e-05
-8.75 0.892105 -2.9813e-06
-7.5 0.892105 0.000201624
-6.25 0.892105 0.000450232
-5 0.892105 0.000692579
-3.75 0.892105 0.000886328
-2.5 0.892105 0.00100913
-1.25 0.892105 0.00106244
0 0.892105 0.00106624
1.25 0.892105 0.00104915
2.5 0.892105 0.00103898
3.75 0.892105 0.00105134
5 0.892105 0.00108764
6.25 0.892105 0.00113712
7.5 0.892105 0.00118326
8.75 0.892105 0.00120686
10 0.892105 0.00120486
-10 0.944737 -7.81663e-05
-8.75 0.944737 2.85405e-07
-7.5 0.944737 0.000138751
-6.25 0.944737 0.000307955
-5 0.944737 0.000473293
-3.75 0.944737 0.000605542
-2.5 0.944737 0.000689335
-1.25 0.944737 0.000725741
0 0.944737 0.000728479
1.25 0.944737 0.000717015
2.5 0.944737 0.000710128
3.75 0.944737 0.000718309
5 0.944737 0.000742514
6.25 0.944737 0.00077555
7.5 0.944737 0.000806329
8.75 0.944737 0.000822044
10 0.944737 0.000820697
-10 0.997368 -3.32245e-05
-8.75 0.997368 5.65181e-06
-7.5 0.997368 7.49136e-05
-6.25 0.997368 0.000159902
-5 0.997368 0.000243117
-3.75 0.997368 0.000309734
-2.5 0.997368 0.000351976
-1.25 0.997368 0.000370404
0 0.997368 0.000371932
1.25 0.997368 0.000366291
2.5 0.997368 0.00036282
3.75 0.997368 0.000366728
5 0.997368 0.000378506
6.25 0.997368 0.0003946
7.5 0.997368 0.000409524
8.75 0.997368 0.00041701
10 0.997368 0.000416194
-10 1.05 -1.4145e-05
-8.75 1.05 -1.58641e-21
-7.5 1.05 1.09615e-21
-6.25 1.05 2.58967e-21
-5 1.05 -9.84924e-21
-3.75 1.05 -3.55625e-21
-2.5 1.05 -1.32133e-20
-1.25 1.05 1.23207e-20
0 1.05 0
1.25 1.05 0
2.5 1.05 -4.02549e-20
3.75 1.05 4.05689e-20
5 1.05 0
6.25 1.05 0
7.5 1.05 0
8.75 1.05 0
10 1.05 0
