1010	
	-4.930607284e-36	2.261607384e-07	2.299089334e-06	7.871582992e-06	1.781687705e-05
	3.222089486e-05	5.059311574e-05	7.216069125e-05	9.61265162e-05	0.0001218235748
	0.000148756195	0.0001765606231	0.0002049328923	0.0002335647095	0.0002621088135
	0.0002901754977	0.0003173494335	0.000343212714	0.0003673638027	0.0003894284912
	0.0004090642248	0.0004259614099	0.0004398447442	0.0004504756664	0.0004576553925
	0.0004612278502	0.0004610832217	0.0004571646014	0.0004494803919	0.0004381215504
	0.0004232756506	0.0004052224494	0.0003842953433	0.0003608072705	0.0003349699465
	0.0003068707901	0.0002765865805	0.0002444742661	0.0002115692544	0.0001798634282
	0.0001521113156	0.0001308491645	0.000116616349	0.0001059365103	9.024725876e-05
	5.727293958e-05	-4.119492427e-06	-9.602086893e-05	-0.000203587982	-0.0002938576278
	-0.0003292199422	-0.000292492111	-0.0002008839937	-9.241425841e-05	-7.021566877e-07
	5.905240915e-05	8.927776204e-05	0.0001019913015	0.000110337952	0.0001232147626
	0.0001437872264	0.0001708728463	0.0002014200928	0.0002325779456	0.0002626635959
	0.0002911257162	0.0003180107764	0.0003434313852	0.0003672921187	0.000389275112
	0.0004089569926	0.0004259290709	0.000439859336	0.0004504987988	0.0004576629725
	0.0004612153093	0.0004610628488	0.0004571613888	0.0004495234686	0.0004382245868
	0.0004234065516	0.0004052787462	0.0003841179878	0.0003602665131	0.0003341265645
	0.0003061498164	0.0002768208186	0.0002466358194	0.0002160814284	0.0001856206547
	0.0001556952126	0.0001267504364	9.928086872e-05	7.388067686e-05	5.126718038e-05
	3.223620067e-05	1.751591535e-05	7.52037067e-06	2.062533333e-06	1.484458733e-07
	-5.044323055e-36	-4.369451442e-36	1.982401196e-07	2.029358536e-06	6.957072441e-06
	1.57491105e-05	2.846991516e-05	4.467129412e-05	6.365908006e-05	8.472647116e-05
	0.0001072914946	0.000130930396	0.0001553380453	0.0001802605591	0.0002054374906
	0.0002305720575	0.0002553294558	0.0002793524139	0.0003022811277	0.0003237687847
	0.0003434898286	0.0003611426436	0.000376450101	0.0003891607703	0.0003990517968
	0.0004059328085	0.0004096496784	0.0004100878478	0.0004071767351	0.0004008980742
	0.0003912998452	0.000378512392	0.0003627556189	0.0003443210592	0.0003235183158
	0.0003005980068	0.0002756990072	0.000248896278	0.0002204131049	0.0001909780289
	0.0001621557074	0.0001363272995	0.0001159655874	0.0001020781596	9.222164931e-05
	7.916578602e-05	5.172526137e-05	-1.006304003e-06	-8.215407217e-05	-0.0001790745207
	-0.00026151644	-0.000294104396	-0.0002605158574	-0.0001770724359	-7.949961159e-05
	1.372229608e-06	5.257867434e-05	7.751714324e-05	8.781011017e-05	9.531596346e-05
	0.0001074850349	0.0001264866759	0.0001508404695	0.0001777698888	0.000204946074
	0.0002311469439	0.0002560664713	0.0002797935244	0.0003023831562	0.0003236845338
	0.0003433758465	0.0003610766742	0.0003764378772	0.0003891761909	0.0003990690933
	0.0004059384849	0.000409641438	0.0004100715366	0.0004071660925	0.0004009138043
	0.0003913602689	0.0003786113718	0.000362835463	0.0003442646684	0.0003231945997
	0.0002999808462	0.0002750304174	0.0002487870602	0.000221711277	0.0001942588125
	0.0001668645961	0.0001399410229	0.0001138977233	8.918246633e-05	6.632927e-05
	4.598375291e-05	2.886575124e-05	1.56367515e-05	6.673190709e-06	1.802744249e-06
	1.176233291e-07	-4.548239451e-36	-3.808307059e-36	1.725832761e-07	1.767719518e-06
	6.059038172e-06	1.370987581e-05	2.476699847e-05	3.882951268e-05	5.528546197e-05
	7.35184541e-05	9.302802428e-05	0.0001134565792	0.0001345515601	0.0001561040957
	0.0001778976973	0.0001996828485	0.000221176531	0.0002420762938	0.0002620773035
	0.0002808849364	0.0002982208847	0.0003138245913	0.00032745315	0.0003388821448
	0.0003479083725	0.0003543539746	0.0003580707998	0.0003589441253	0.0003568961421
	0.0003518912386	0.0003439456735	0.0003331418317	0.0003196411633	0.0003036826081
	0.000285551661	0.0002655178579	0.000243768556	0.0002204029297	0.0001955619712
	0.0001697197243	0.00014403039	0.000120455247	0.0001012979729	8.791349893e-05
	7.882096543e-05	6.815097761e-05	4.593253309e-05	1.641577777e-06	-6.878306613e-05
	-0.000154914697	-0.0002293325248	-0.0002590342472	-0.0002286219923	-0.0001534761772
	-6.689740282e-05	3.190054878e-06	4.607823161e-05	6.604434431e-05	7.417655676e-05
	8.094634165e-05	9.235249094e-05	0.0001096497009	0.0001311671974	0.0001544718756
	0.0001777571183	0.0002002098654	0.000221706924	0.0002423408726	0.0002621042636
	0.0002808076599	0.0002981449969	0.0003137893953	0.0003274518428	0.0003388942858
	0.0003479191137	0.0003543575248	0.000358066605	0.0003589340602	0.0003568857288
	0.0003518922885	0.0003439741505	0.0003332050895	0.000319715315	0.0003036940262
	0.0002853906041	0.0002651128748	0.0002432206018	0.0002201128655	0.0001962096161
	0.0001719304875	0.0001476773339	0.0001238292843	0.0001007579881	7.886380411e-05
	5.862060853e-05	4.06013053e-05	2.544648256e-05	1.37459413e-05	5.834432279e-06
	1.554697122e-06	9.186255505e-08	-4.032204809e-36	-3.249474937e-36	1.484041087e-07
	1.512084399e-06	5.174906011e-06	1.169728698e-05	2.111137777e-05	3.306735751e-05
	4.703819692e-05	6.24980364e-05	7.902508769e-05	9.632304094e-05	0.0001141864745
	0.0001324467157	0.0001509274212	0.0001694232216	0.0001876999429	0.0002055069121
	0.0002225912389	0.0002387078757	0.0002536240428	0.0002671198038	0.00027898753
	0.0002890323322	0.0002970742868	0.0003029521891	0.0003065279593	0.0003076907733
	0.0003063605819	0.0003024918595	0.0002960796443	0.0002871697802	0.0002758720354
	0.0002623682743	0.0002469018161	0.0002297366743	0.0002110948135	0.0001911146379
	0.0001699039292	0.0001477458567	0.0001254210117	0.0001044398292	8.682896456e-05
	7.414768558e-05	6.577870144e-05	5.72285785e-05	3.987839748e-05	3.775690521e-06
	-5.595006777e-05	-0.0001311063548	-0.0001972518814	-0.0002239352709	-0.0001967649978
	-0.000130108375	-5.466892321e-05	4.683804291e-06	3.951905317e-05	5.487504194e-05
	6.113182657e-05	6.725965228e-05	7.781418462e-05	9.324317445e-05	0.0001118112549
	0.0001314963847	0.0001509997651	0.0001698513349	0.0001880442624	0.0002056423238
	0.0002225796097	0.0002386495999	0.0002535803207	0.0002671045499	0.0002789902537
	0.000289039831	0.0002970796296	0.0003029539294	0.0003065264213	0.0003076860861
	0.0003063538081	0.0003024879489	0.0002960888074	0.0002872025311	0.0002759248695
	0.000262404627	0.0002468460281	0.0002295085718	0.0002107025445	0.0001907785993
	0.0001701111768	0.0001490782296	0.000128043173	0.0001073475978	8.732255896e-05
	6.831988136e-05	5.075263143e-05	3.511936581e-05	2.197802445e-05	1.184231058e-05
	5.002248452e-06	1.316778534e-06	7.052932979e-08	-3.498351204e-36	-2.694544038e-36
	1.251089076e-07	1.260827264e-06	4.302533588e-06	9.709541236e-06	1.750200587e-05
	2.738405926e-05	3.891556247e-05	5.166113814e-05	6.527527964e-05	7.951882668e-05
	9.422873953e-05	0.0001092721414	0.0001245091828	0.0001397755765	0.0001548831239
	0.0001696300052	0.0001838123537	0.0001972320997	0.0002097001064	0.0002210362171
	0.000231068502	0.0002396333756	0.0002465772386	0.0002517595037	0.0002550564645
	0.0002563653606	0.0002556081363	0.0002527348834	0.0002477278637	0.0002406078286
	0.0002314437468	0.0002203634641	0.0002075565542	0.0001932563467	0.0001776948042
	0.0001610488215	0.000143432979	0.0001250112891	0.0001062521008	8.820955518e-05
	7.25305716e-05	6.081085122e-05	5.315686822e-05	4.644072583e-05	3.354680351e-05
	5.329624448e-06	-4.371953572e-05	-0.0001076546389	-0.0001652061901	-0.0001887091338
	-0.0001648851375	-0.0001069896702	-4.289780814e-05	5.76808975e-06	3.28695874e-05
	4.40414369e-05	4.873505061e-05	5.429206015e-05	6.385855153e-05	7.722074065e-05
	9.272416618e-05	0.0001088170958	0.0001246711264	0.000140076453	0.0001550760193
	0.0001696837194	0.0001837902743	0.0001971966895	0.000209679402	0.0002210312877
	0.0002310710611	0.0002396368443	0.0002465792601	0.0002517601675	0.0002550561436
	0.0002563638042	0.000255605013	0.0002527314519	0.0002477287654	0.0002406205983
	0.0002314726635	0.0002203966726	0.0002075535114	0.0001931544252	0.0001774584302
	0.0001607641624	0.0001433955083	0.0001256829033	0.0001079456139	9.048302473e-05
	7.358249112e-05	5.754554642e-05	4.272309277e-05	2.953722982e-05	1.845987447e-05
	9.924817064e-06	4.175169164e-06	1.087756241e-06	5.314537594e-08	-2.948258638e-36
	-2.144570578e-36	1.022328614e-07	1.012627255e-06	3.440081759e-06	7.74492955e-06
	1.393767489e-05	2.177860221e-05	3.091575967e-05	4.100393032e-05	5.17717453e-05
	6.303367197e-05	7.466497058e-05	8.656465075e-05	9.862594683e-05	0.0001107226568
	0.0001227097074	0.0001344312575	0.0001457296258	0.0001564511683	0.0001664484392
	0.0001755799672	0.0001837094598	0.0001907057222	0.0001964437786	0.0002008071006
	0.0002036906178	0.0002050041629	0.0002046760401	0.000202656483	0.0001989210642
	0.0001934747283	0.0001863576445	0.0001776533111	0.000167495957	0.0001560688506
	0.000143582638	0.0001302324356	0.0001161599931	0.0001014812258	8.644052908e-05
	7.166995397e-05	5.835428652e-05	4.793456196e-05	4.104326244e-05	3.585850932e-05
	2.692631044e-05	6.210704669e-06	-3.219156802e-05	-8.457909878e-05	-0.0001331052894
	-0.0001532171631	-0.000132901165	-8.415548741e-05	-3.170365236e-05	6.33117841e-06
	2.610303613e-05	3.360470549e-05	3.707127838e-05	4.208235059e-05	5.045632979e-05
	6.151671601e-05	7.385204986e-05	8.641676266e-05	9.878085485e-05	0.0001108959612
	0.0001227969	0.0001344450063	0.0001457137732	0.0001564351178	0.0001664408345
	0.0001755785774	0.0001837103258	0.0001907067006	0.0001964443761	0.0002008074055
	0.0002036906542	0.0002050037542	0.0002046749652	0.0002026549313	0.0001989204517
	0.0001934783325	0.00018636934	0.0001776721648	0.0001675069824	0.0001560375986
	0.0001434705089	0.0001300490065	0.0001160413686	0.0001017244596	8.736733172e-05
	7.322202141e-05	5.952846709e-05	4.653542544e-05	3.452958408e-05	2.385406961e-05
	1.48915019e-05	7.992535393e-06	3.351946945e-06	8.666038851e-07	3.931783098e-08
	-2.383159983e-36	-1.600282499e-36	7.940182218e-08	7.663867254e-07	2.585942675e-06
	5.801827938e-06	1.041707415e-05	1.624979424e-05	2.303693168e-05	3.052278551e-05
	3.850809828e-05	4.685793944e-05	5.548242985e-05	6.430909503e-05	7.32611459e-05
	8.224755808e-05	9.116352794e-05	9.989632724e-05	0.000108331675	0.0001163578577
	0.000123867149	0.0001307555078	0.0001369218726	0.0001422679808	0.0001466990665
	0.0001501253716	0.0001524642597	0.0001536427545	0.0001536003909	0.0001522922655
	0.0001496921589	0.0001457957165	0.0001406240271	0.0001342282433	0.0001266952453
	0.0001181517066	0.0001087598003	9.869662938e-05	8.811956089e-05	7.71458228e-05
	6.590309443e-05	5.469449745e-05	4.421265081e-05	3.55415491e-05	2.956061434e-05
	2.56054929e-05	2.002611218e-05	6.286458765e-06	-2.15335546e-05	-6.192535147e-05
	-0.0001008205152	-0.0001172551623	-0.0001006935248	-6.166823512e-05	-2.127410622e-05
	6.221396581e-06	1.921320059e-05	2.367853046e-05	2.626078782e-05	3.066186486e-05
	3.754327176e-05	4.603876593e-05	5.514292895e-05	6.429848938e-05	7.335479488e-05
	8.232160279e-05	9.11930988e-05	9.989887699e-05	0.0001083263584	0.0001163533937
	0.0001238648487	0.0001307544638	0.0001369214246	0.0001422679355	0.0001466993014
	0.0001501256611	0.0001524643644	0.0001536425579	0.0001535999541	0.0001522918192
	0.0001496921481	0.0001457969693	0.0001406277732	0.0001342350648	0.000126701815
	0.0001181460526	0.0001087211685	9.861216714e-05	8.802673423e-05	7.718192507e-05
	6.629013267e-05	5.555036005e-05	4.515071038e-05	3.528387983e-05	2.616956831e-05
	1.806902012e-05	1.127240919e-05	6.044628857e-06	2.531446888e-06	6.523838954e-07
	2.86869659e-08	-1.804193173e-36	-1.062115287e-36	5.631682184e-08	5.211901526e-07
	1.738697835e-06	3.878686614e-06	6.938816046e-06	1.07963057e-05	1.527718363e-05
	2.021425898e-05	2.54783676e-05	3.098255655e-05	3.666898421e-05	4.249089096e-05
	4.839869871e-05	5.433375493e-05	6.022864747e-05	6.60108784e-05	7.160682642e-05
	7.694427957e-05	8.195326795e-05	8.656581142e-05	9.071540648e-05	9.433684165e-05
	9.73665722e-05	9.974362252e-05	0.0001014108912	0.0001023167626	0.0001024169959
	0.0001016768859	0.0001000736574	9.759898496e-05	9.426154317e-05	9.008962718e-05
	8.513403336e-05	7.947102614e-05	7.320367951e-05	6.645739826e-05	5.936494324e-05
	5.204389621e-05	4.458926182e-05	3.712448119e-05	2.993599393e-05	2.36076264e-05
	1.888334113e-05	1.590946404e-05	1.290519698e-05	5.370997901e-06	-1.203072439e-05
	-3.982085796e-05	-6.815965376e-05	-8.046067635e-05	-6.808138107e-05	-3.967303888e-05
	-1.191523746e-05	5.23287591e-06	1.224436114e-05	1.448043907e-05	1.647341063e-05
	2.001775257e-05	2.498304431e-05	3.067032609e-05	3.657335854e-05	4.250146067e-05
	4.842937668e-05	5.435358178e-05	6.023711423e-05	6.601390222e-05	7.160776103e-05
	7.69440676e-05	8.195231585e-05	8.656469343e-05	9.071464342e-05	9.433661753e-05
	9.73667389e-05	9.974388827e-05	0.0001014110056	0.000102316624	0.0001024166941
	0.0001016766887	0.0001000739105	9.759992677e-05	9.426312045e-05	9.009139322e-05
	8.513494013e-05	7.946863303e-05	7.319298529e-05	6.64322846e-05	5.932880334e-05
	5.203338489e-05	4.469490599e-05	3.74530496e-05	3.043890706e-05	2.378497706e-05
	1.764042213e-05	1.21812599e-05	7.602183093e-06	4.080321168e-06	1.712549258e-06
	4.441456774e-07	2.088243672e-08	-1.212587085e-36	-5.303423878e-37	3.273867511e-08
	2.762753201e-07	8.970706459e-07	1.973945149e-06	3.501343733e-06	5.416644533e-06
	7.634654718e-06	1.007519272e-05	1.267702834e-05	1.539891327e-05	1.821288259e-05
	2.109573139e-05	2.402271243e-05	2.696484788e-05	2.988920163e-05	3.276058817e-05
	3.554333833e-05	3.820238607e-05	4.070359008e-05	4.301358345e-05	4.509952332e-05
	4.692900023e-05	4.847020735e-05	4.969235561e-05	5.056628183e-05	5.106521235e-05
	5.116567768e-05	5.084859367e-05	5.010051563e-05	4.891503442e-05	4.729423463e-05
	4.525010615e-05	4.280581957e-05	3.999681634e-05	3.687156759e-05	3.349135827e-05
	2.992756094e-05	2.625466492e-05	2.254057934e-05	1.884499087e-05	1.52471465e-05
	1.191412105e-05	9.152047628e-06	7.251122877e-06	5.878889194e-06	3.158534917e-06
	-4.321728969e-06	-1.851120573e-05	-3.476301838e-05	-4.22348681e-05	-3.470659444e-05
	-1.843428034e-05	-4.293569688e-06	3.040365845e-06	5.495847279e-06	6.472926467e-06
	7.847384689e-06	9.96217973e-06	1.254916037e-05	1.53348593e-05	1.819358748e-05
	2.109342685e-05	2.402454965e-05	2.696773521e-05	2.98924187e-05	3.2763269e-05
	3.554479276e-05	3.820259869e-05	4.070307734e-05	4.301294249e-05	4.509911394e-05
	4.692889354e-05	4.847029845e-05	4.969249536e-05	5.056635401e-05	5.106516213e-05
	5.116552786e-05	5.084846125e-05	5.010059378e-05	4.891548599e-05	4.729499825e-05
	4.525073464e-05	4.28055474e-05	3.999493227e-05	3.686784763e-05	3.348620759e-05
	2.992232854e-05	2.625423023e-05	2.255987713e-05	1.891265878e-05	1.538072183e-05
	1.203138717e-05	8.938845486e-06	6.189873212e-06	3.880564137e-06	2.098928158e-06
	8.94075752e-07	2.40832051e-07	1.548635305e-08	-6.097541989e-37	  0
	  0	  0	  0	  0	  0
	  0	  0	  0	  0	  0
	  0	  0	  0	  0	  0
	  0	  0	  0	  0	  0
	  0	  0	  0	  0	  0
	  0	  0	  0	  0	  0
	  0	  0	  0	  0	  0
	  0	  0	  0	  0	  0
	  0	  0	  0	  0	  0
	  0	  0	  0	  0	  0
	  0	  0	  0	  0	  0
	  0	  0	  0	  0	  0
	  0	  0	  0	  0	  0
	  0	  0	  0	  0	  0
	  0	  0	  0	  0	  0
	  0	  0	  0	  0	  0
	  0	  0	  0	  0	  0
	  0	  0	  0	  0	  0
	  0	  0	  0	  0	  0
	  0	  0	  0	  0	  0
	