-30 0.05 -1.53058e-40
-28.8 0.05 1.75106e-11
-27.6 0.05 1.27978e-10
-26.4 0.05 3.60691e-10
-25.2 0.05 6.89826e-10
-24 0.05 1.0751e-09
-22.8 0.05 1.47954e-09
-21.6 0.05 1.88462e-09
-20.4 0.05 2.29925e-09
-19.2 0.05 2.67654e-09
-18 0.05 2.87075e-09
-16.8 0.05 2.97613e-09
-15.6 0.05 3.45503e-09
-14.4 0.05 3.84498e-09
-13.2 0.05 2.28797e-09
-12 0.05 2.5629e-10
-10.8 0.05 5.07202e-09
-9.6 0.05 1.38606e-08
-8.4 0.05 -1.13307e-09
-7.2 0.05 -4.53697e-08
-6 0.05 -2.57068e-08
-4.8 0.05 1.53627e-07
-3.6 0.05 2.75134e-07
-2.4 0.05 -2.18285e-07
-1.2 0.05 -1.41117e-06
0 0.05 -2.15206e-06
1.2 0.05 -1.41112e-06
2.4 0.05 -2.18232e-07
3.6 0.05 2.75142e-07
4.8 0.05 1.53598e-07
6 0.05 -2.57268e-08
7.2 0.05 -4.5363e-08
8.4 0.05 -1.12126e-09
9.6 0.05 1.38608e-08
10.8 0.05 5.06728e-09
12 0.05 2.55394e-10
13.2 0.05 2.28945e-09
14.4 0.05 3.84536e-09
15.6 0.05 3.45459e-09
16.8 0.05 2.97604e-09
18 0.05 2.87093e-09
19.2 0.05 2.67663e-09
20.4 0.05 2.29928e-09
21.6 0.05 1.88467e-09
22.8 0.05 1.47959e-09
24 0.05 1.07512e-09
25.2 0.05 6.89832e-10
26.4 0.05 3.6069e-10
27.6 0.05 1.27976e-10
28.8 0.05 1.75093e-11
30 0.05 -1.53053e-40
-30 0.102632 -1.4473e-40
-28.8 0.102632 1.64327e-11
-27.6 0.102632 1.21186e-10
-26.4 0.102632 3.41948e-10
-25.2 0.102632 6.53432e-10
-24 0.102632 1.01826e-09
-22.8 0.102632 1.40295e-09
-21.6 0.102632 1.78604e-09
-20.4 0.102632 2.17275e-09
-19.2 0.102632 2.53453e-09
-18 0.102632 2.74008e-09
-16.8 0.102632 2.8209e-09
-15.6 0.102632 3.20014e-09
-14.4 0.102632 3.63431e-09
-13.2 0.102632 2.41345e-09
-12 0.102632 3.2507e-10
-10.8 0.102632 4.04825e-09
-9.6 0.102632 1.25567e-08
-8.4 0.102632 8.41635e-10
-7.2 0.102632 -4.01565e-08
-6 0.102632 -2.71542e-08
-4.8 0.102632 1.36586e-07
-3.6 0.102632 2.5749e-07
-2.4 0.102632 -1.98262e-07
-1.2 0.102632 -1.33189e-06
0 0.102632 -2.04336e-06
1.2 0.102632 -1.33184e-06
2.4 0.102632 -1.98214e-07
3.6 0.102632 2.57497e-07
4.8 0.102632 1.36561e-07
6 0.102632 -2.71708e-08
7.2 0.102632 -4.01499e-08
8.4 0.102632 8.51483e-10
9.6 0.102632 1.25562e-08
10.8 0.102632 4.04421e-09
12 0.102632 3.24592e-10
13.2 0.102632 2.41471e-09
14.4 0.102632 3.63451e-09
15.6 0.102632 3.19977e-09
16.8 0.102632 2.82089e-09
18 0.102632 2.74026e-09
19.2 0.102632 2.53462e-09
20.4 0.102632 2.1728e-09
21.6 0.102632 1.7861e-09
22.8 0.102632 1.403e-09
24 0.102632 1.01829e-09
25.2 0.102632 6.53443e-10
26.4 0.102632 3.41949e-10
27.6 0.102632 1.21184e-10
28.8 0.102632 1.64314e-11
30 0.102632 -1.44726e-40
-30 0.155263 -1.364e-40
-28.8 0.155263 1.53833e-11
-27.6 0.155263 1.1438e-10
-26.4 0.155263 3.23182e-10
-25.2 0.155263 6.17139e-10
-24 0.155263 9.61342e-10
-22.8 0.155263 1.3259e-09
-21.6 0.155263 1.68791e-09
-20.4 0.155263 2.04771e-09
-19.2 0.155263 2.39063e-09
-18 0.155263 2.60495e-09
-16.8 0.155263 2.67218e-09
-15.6 0.155263 2.95914e-09
-14.4 0.155263 3.40527e-09
-13.2 0.155263 2.49553e-09
-12 0.155263 4.32927e-10
-10.8 0.155263 3.15416e-09
-9.6 0.155263 1.12185e-08
-8.4 0.155263 2.4913e-09
-7.2 0.155263 -3.51055e-08
-6 0.155263 -2.81046e-08
-4.8 0.155263 1.20304e-07
-3.6 0.155263 2.39992e-07
-2.4 0.155263 -1.78738e-07
-1.2 0.155263 -1.25303e-06
0 0.155263 -1.93484e-06
1.2 0.155263 -1.25299e-06
2.4 0.155263 -1.78695e-07
3.6 0.155263 2.39997e-07
4.8 0.155263 1.20281e-07
6 0.155263 -2.81182e-08
7.2 0.155263 -3.50991e-08
8.4 0.155263 2.49937e-09
9.6 0.155263 1.12176e-08
10.8 0.155263 3.15079e-09
12 0.155263 4.32767e-10
13.2 0.155263 2.49656e-09
14.4 0.155263 3.40532e-09
15.6 0.155263 2.95884e-09
16.8 0.155263 2.67222e-09
18 0.155263 2.60511e-09
19.2 0.155263 2.39073e-09
20.4 0.155263 2.04779e-09
21.6 0.155263 1.688e-09
22.8 0.155263 1.32597e-09
24 0.155263 9.61381e-10
25.2 0.155263 6.17156e-10
26.4 0.155263 3.23186e-10
27.6 0.155263 1.14378e-10
28.8 0.155263 1.5382e-11
30 0.155263 -1.36396e-40
-30 0.207895 -1.2809e-40
-28.8 0.207895 1.4364e-11
-27.6 0.207895 1.07568e-10
-26.4 0.207895 3.04376e-10
-25.2 0.207895 5.8093e-10
-24 0.207895 9.04423e-10
-22.8 0.207895 1.24843e-09
-21.6 0.207895 1.58998e-09
-20.4 0.207895 1.92417e-09
-19.2 0.207895 2.24562e-09
-18 0.207895 2.46504e-09
-16.8 0.207895 2.52792e-09
-15.6 0.207895 2.73298e-09
-14.4 0.207895 3.1628e-09
-13.2 0.207895 2.53232e-09
-12 0.207895 5.69161e-10
-10.8 0.207895 2.39151e-09
-9.6 0.207895 9.86507e-09
-8.4 0.207895 3.81782e-09
-7.2 0.207895 -3.02403e-08
-6 0.207895 -2.85616e-08
-4.8 0.207895 1.04806e-07
-3.6 0.207895 2.22636e-07
-2.4 0.207895 -1.59745e-07
-1.2 0.207895 -1.17458e-06
0 0.207895 -1.82646e-06
1.2 0.207895 -1.17454e-06
2.4 0.207895 -1.59707e-07
3.6 0.207895 2.2264e-07
4.8 0.207895 1.04786e-07
6 0.207895 -2.85725e-08
7.2 0.207895 -3.02343e-08
8.4 0.207895 3.82427e-09
9.6 0.207895 9.86378e-09
10.8 0.207895 2.38876e-09
12 0.207895 5.6923e-10
13.2 0.207895 2.53313e-09
14.4 0.207895 3.16275e-09
15.6 0.207895 2.73275e-09
16.8 0.207895 2.528e-09
18 0.207895 2.4652e-09
19.2 0.207895 2.24572e-09
20.4 0.207895 1.92427e-09
21.6 0.207895 1.59008e-09
22.8 0.207895 1.2485e-09
24 0.207895 9.04469e-10
25.2 0.207895 5.80952e-10
26.4 0.207895 3.04383e-10
27.6 0.207895 1.07567e-10
28.8 0.207895 1.43627e-11
30 0.207895 -1.28087e-40
-30 0.260526 -1.19822e-40
-28.8 0.260526 1.33743e-11
-27.6 0.260526 1.0076e-10
-26.4 0.260526 2.8552e-10
-25.2 0.260526 5.44778e-10
-24 0.260526 8.47567e-10
-22.8 0.260526 1.17059e-09
-21.6 0.260526 1.492e-09
-20.4 0.260526 1.80204e-09
-19.2 0.260526 2.10026e-09
-18 0.260526 2.32039e-09
-16.8 0.260526 2.386e-09
-15.6 0.260526 2.52196e-09
-14.4 0.260526 2.91217e-09
-13.2 0.260526 2.52303e-09
-12 0.260526 7.223e-10
-10.8 0.260526 1.76044e-09
-9.6 0.260526 8.51677e-09
-8.4 0.260526 4.82499e-09
-7.2 0.260526 -2.55876e-08
-6 0.260526 -2.85307e-08
-4.8 0.260526 9.01206e-08
-3.6 0.260526 2.05421e-07
-2.4 0.260526 -1.41324e-07
-1.2 0.260526 -1.09654e-06
0 0.260526 -1.71817e-06
1.2 0.260526 -1.0965e-06
2.4 0.260526 -1.4129e-07
3.6 0.260526 2.05424e-07
4.8 0.260526 9.01036e-08
6 0.260526 -2.85392e-08
7.2 0.260526 -2.55821e-08
8.4 0.260526 4.83002e-09
9.6 0.260526 8.51528e-09
10.8 0.260526 1.75826e-09
12 0.260526 7.22517e-10
13.2 0.260526 2.52362e-09
14.4 0.260526 2.91205e-09
15.6 0.260526 2.5218e-09
16.8 0.260526 2.38611e-09
18 0.260526 2.32053e-09
19.2 0.260526 2.10036e-09
20.4 0.260526 1.80215e-09
21.6 0.260526 1.49211e-09
22.8 0.260526 1.17067e-09
24 0.260526 8.47618e-10
25.2 0.260526 5.44804e-10
26.4 0.260526 2.85528e-10
27.6 0.260526 1.00759e-10
28.8 0.260526 1.3373e-11
30 0.260526 -1.19819e-40
-30 0.313158 -1.1161e-40
-28.8 0.313158 1.24117e-11
-27.6 0.313158 9.39629e-11
-26.4 0.313158 2.66611e-10
-25.2 0.313158 5.0865e-10
-24 0.313158 7.90814e-10
-22.8 0.313158 1.09247e-09
-21.6 0.313158 1.39378e-09
-20.4 0.313158 1.68112e-09
-19.2 0.313158 1.95523e-09
-18 0.313158 2.1713e-09
-16.8 0.313158 2.24434e-09
-15.6 0.313158 2.32569e-09
-14.4 0.313158 2.65877e-09
-13.2 0.313158 2.46819e-09
-12 0.313158 8.80241e-10
-10.8 0.313158 1.25907e-09
-9.6 0.313158 7.19567e-09
-8.4 0.313158 5.51919e-09
-7.2 0.313158 -2.11767e-08
-6 0.313158 -2.80199e-08
-4.8 0.313158 7.62823e-08
-3.6 0.313158 1.88349e-07
-2.4 0.313158 -1.23519e-07
-1.2 0.313158 -1.0189e-06
0 0.313158 -1.60991e-06
1.2 0.313158 -1.01887e-06
2.4 0.313158 -1.2349e-07
3.6 0.313158 1.8835e-07
4.8 0.313158 7.62676e-08
6 0.313158 -2.80264e-08
7.2 0.313158 -2.11717e-08
8.4 0.313158 5.52297e-09
9.6 0.313158 7.19412e-09
10.8 0.313158 1.25741e-09
12 0.313158 8.80537e-10
13.2 0.313158 2.4686e-09
14.4 0.313158 2.65861e-09
15.6 0.313158 2.32559e-09
16.8 0.313158 2.24446e-09
18 0.313158 2.17144e-09
19.2 0.313158 1.95534e-09
20.4 0.313158 1.68125e-09
21.6 0.313158 1.3939e-09
22.8 0.313158 1.09256e-09
24 0.313158 7.90871e-10
25.2 0.313158 5.08679e-10
26.4 0.313158 2.6662e-10
27.6 0.313158 9.39629e-11
28.8 0.313158 1.24105e-11
30 0.313158 -1.11608e-40
-30 0.365789 -1.03463e-40
-28.8 0.365789 1.14722e-11
-27.6 0.365789 8.71838e-11
-26.4 0.365789 2.47653e-10
-25.2 0.365789 4.72513e-10
-24 0.365789 7.3418e-10
-22.8 0.365789 1.0142e-09
-21.6 0.365789 1.29519e-09
-20.4 0.365789 1.56112e-09
-19.2 0.365789 1.81111e-09
-18 0.365789 2.01843e-09
-16.8 0.365789 2.10102e-09
-15.6 0.365789 2.14299e-09
-14.4 0.365789 2.40798e-09
-13.2 0.365789 2.36989e-09
-12 0.365789 1.03049e-09
-10.8 0.365789 8.82981e-10
-9.6 0.365789 5.92527e-09
-8.4 0.365789 5.91012e-09
-7.2 0.365789 -1.70404e-08
-6 0.365789 -2.7041e-08
-4.8 0.365789 6.33297e-08
-3.6 0.365789 1.71421e-07
-2.4 0.365789 -1.06382e-07
-1.2 0.365789 -9.41668e-07
0 0.365789 -1.50164e-06
1.2 0.365789 -9.41639e-07
2.4 0.365789 -1.06357e-07
3.6 0.365789 1.71421e-07
4.8 0.365789 6.33173e-08
6 0.365789 -2.70458e-08
7.2 0.365789 -1.7036e-08
8.4 0.365789 5.91285e-09
9.6 0.365789 5.92374e-09
10.8 0.365789 8.81757e-10
12 0.365789 1.03081e-09
13.2 0.365789 2.37014e-09
14.4 0.365789 2.40781e-09
15.6 0.365789 2.14294e-09
16.8 0.365789 2.10114e-09
18 0.365789 2.01856e-09
19.2 0.365789 1.81124e-09
20.4 0.365789 1.56126e-09
21.6 0.365789 1.29531e-09
22.8 0.365789 1.01429e-09
24 0.365789 7.34241e-10
25.2 0.365789 4.72545e-10
26.4 0.365789 2.47664e-10
27.6 0.365789 8.71842e-11
28.8 0.365789 1.1471e-11
30 0.365789 -1.0346e-40
-30 0.418421 -9.53769e-41
-28.8 0.418421 1.05505e-11
-27.6 0.418421 8.04258e-11
-26.4 0.418421 2.28659e-10
-25.2 0.418421 4.36342e-10
-24 0.418421 6.77655e-10
-22.8 0.418421 9.35869e-10
-21.6 0.418421 1.19618e-09
-20.4 0.418421 1.4417e-09
-19.2 0.418421 1.66829e-09
-18 0.418421 1.86266e-09
-16.8 0.418421 1.95442e-09
-15.6 0.418421 1.9719e-09
-14.4 0.418421 2.1648e-09
-13.2 0.418421 2.23198e-09
-12 0.418421 1.16055e-09
-10.8 0.418421 6.24644e-10
-9.6 0.418421 4.73017e-09
-8.4 0.418421 6.01188e-09
-7.2 0.418421 -1.32146e-08
-6 0.418421 -2.56105e-08
-4.8 0.418421 5.1308e-08
-3.6 0.418421 1.54645e-07
-2.4 0.418421 -8.99737e-08
-1.2 0.418421 -8.64836e-07
0 0.418421 -1.39327e-06
1.2 0.418421 -8.6481e-07
2.4 0.418421 -8.99523e-08
3.6 0.418421 1.54645e-07
4.8 0.418421 5.12978e-08
6 0.418421 -2.56138e-08
7.2 0.418421 -1.32108e-08
8.4 0.418421 6.01372e-09
9.6 0.418421 4.72876e-09
10.8 0.418421 6.23789e-10
12 0.418421 1.16084e-09
13.2 0.418421 2.2321e-09
14.4 0.418421 2.16464e-09
15.6 0.418421 1.97189e-09
16.8 0.418421 1.95454e-09
18 0.418421 1.86278e-09
19.2 0.418421 1.66842e-09
20.4 0.418421 1.44184e-09
21.6 0.418421 1.1963e-09
22.8 0.418421 9.35965e-10
24 0.418421 6.77718e-10
25.2 0.418421 4.36375e-10
26.4 0.418421 2.28671e-10
27.6 0.418421 8.04265e-11
28.8 0.418421 1.05494e-11
30 0.418421 -9.5375e-41
-30 0.471053 -8.73438e-41
-28.8 0.471053 9.642e-12
-27.6 0.471053 7.36886e-11
-26.4 0.471053 2.09641e-10
-25.2 0.471053 4.00122e-10
-24 0.471053 6.21209e-10
-22.8 0.471053 8.57583e-10
-21.6 0.471053 1.09677e-09
-20.4 0.471053 1.32248e-09
-19.2 0.471053 1.52693e-09
-18 0.471053 1.70507e-09
-16.8 0.471053 1.80341e-09
-15.6 0.471053 1.80975e-09
-14.4 0.471053 1.93352e-09
-13.2 0.471053 2.06024e-09
-12 0.471053 1.25848e-09
-10.8 0.471053 4.72797e-10
-9.6 0.471053 3.63563e-09
-8.4 0.471053 5.84418e-09
-7.2 0.471053 -9.73852e-09
-6 0.471053 -2.37515e-08
-4.8 0.471053 4.02696e-08
-3.6 0.471053 1.38035e-07
-2.4 0.471053 -7.4365e-08
-1.2 0.471053 -7.88409e-07
0 0.471053 -1.28472e-06
1.2 0.471053 -7.88387e-07
2.4 0.471053 -7.43472e-08
3.6 0.471053 1.38035e-07
4.8 0.471053 4.02613e-08
6 0.471053 -2.37537e-08
7.2 0.471053 -9.73537e-09
8.4 0.471053 5.8453e-09
9.6 0.471053 3.63438e-09
10.8 0.471053 4.72237e-10
12 0.471053 1.25872e-09
13.2 0.471053 2.06026e-09
14.4 0.471053 1.93339e-09
15.6 0.471053 1.80976e-09
16.8 0.471053 1.80352e-09
18 0.471053 1.70519e-09
19.2 0.471053 1.52707e-09
20.4 0.471053 1.32262e-09
21.6 0.471053 1.0969e-09
22.8 0.471053 8.57681e-10
24 0.471053 6.21274e-10
25.2 0.471053 4.00156e-10
26.4 0.471053 2.09653e-10
27.6 0.471053 7.36896e-11
28.8 0.471053 9.64095e-12
30 0.471053 -8.73423e-41
-30 0.523684 -7.93501e-41
-28.8 0.523684 8.74295e-12
-27.6 0.523684 6.69691e-11
-26.4 0.523684 1.90612e-10
-25.2 0.523684 3.6385e-10
-24 0.523684 5.64802e-10
-22.8 0.523684 7.79398e-10
-21.6 0.523684 9.97077e-10
-20.4 0.523684 1.20316e-09
-19.2 0.523684 1.38694e-09
-18 0.523684 1.54681e-09
-16.8 0.523684 1.6475e-09
-15.6 0.523684 1.65326e-09
-14.4 0.523684 1.71727e-09
-13.2 0.523684 1.86235e-09
-12 0.523684 1.31375e-09
-10.8 0.523684 4.11831e-10
-9.6 0.523684 2.66657e-09
-8.4 0.523684 5.43398e-09
-7.2 0.523684 -6.65468e-09
-6 0.523684 -2.14962e-08
-4.8 0.523684 3.02753e-08
-3.6 0.523684 1.21612e-07
-2.4 0.523684 -5.96405e-08
-1.2 0.523684 -7.12393e-07
0 0.523684 -1.1759e-06
1.2 0.523684 -7.12374e-07
2.4 0.523684 -5.96259e-08
3.6 0.523684 1.21611e-07
4.8 0.523684 3.02687e-08
6 0.523684 -2.14975e-08
7.2 0.523684 -6.65216e-09
8.4 0.523684 5.43456e-09
9.6 0.523684 2.66553e-09
10.8 0.523684 4.11493e-10
12 0.523684 1.31391e-09
13.2 0.523684 1.8623e-09
14.4 0.523684 1.71716e-09
15.6 0.523684 1.65329e-09
16.8 0.523684 1.6476e-09
18 0.523684 1.54693e-09
19.2 0.523684 1.38708e-09
20.4 0.523684 1.2033e-09
21.6 0.523684 9.97202e-10
22.8 0.523684 7.79495e-10
24 0.523684 5.64866e-10
25.2 0.523684 3.63884e-10
26.4 0.523684 1.90625e-10
27.6 0.523684 6.69703e-11
28.8 0.523684 8.74195e-12
30 0.523684 -7.93488e-41
-30 0.576316 -7.1383e-41
-28.8 0.576316 7.85132e-12
-27.6 0.576316 6.02627e-11
-26.4 0.576316 1.7158e-10
-25.2 0.576316 3.27535e-10
-24 0.576316 5.08396e-10
-22.8 0.576316 7.0133e-10
-21.6 0.576316 8.9722e-10
-20.4 0.576316 1.08352e-09
-19.2 0.576316 1.24802e-09
-18 0.576316 1.38891e-09
-16.8 0.576316 1.48692e-09
-15.6 0.576316 1.49892e-09
-14.4 0.576316 1.51751e-09
-13.2 0.576316 1.64772e-09
-12 0.576316 1.31832e-09
-10.8 0.576316 4.21299e-10
-9.6 0.576316 1.84609e-09
-8.4 0.576316 4.81744e-09
-7.2 0.576316 -4.00756e-09
-6 0.576316 -1.88893e-08
-4.8 0.576316 2.13953e-08
-3.6 0.576316 1.05406e-07
-2.4 0.576316 -4.59016e-08
-1.2 0.576316 -6.36796e-07
0 0.576316 -1.06668e-06
1.2 0.576316 -6.3678e-07
2.4 0.576316 -4.589e-08
3.6 0.576316 1.05405e-07
4.8 0.576316 2.13902e-08
6 0.576316 -1.88899e-08
7.2 0.576316 -4.00563e-09
8.4 0.576316 4.81762e-09
9.6 0.576316 1.84526e-09
10.8 0.576316 4.21114e-10
12 0.576316 1.3184e-09
13.2 0.576316 1.64763e-09
14.4 0.576316 1.51744e-09
15.6 0.576316 1.49896e-09
16.8 0.576316 1.48701e-09
18 0.576316 1.38902e-09
19.2 0.576316 1.24816e-09
20.4 0.576316 1.08366e-09
21.6 0.576316 8.97342e-10
22.8 0.576316 7.01425e-10
24 0.576316 5.08459e-10
25.2 0.576316 3.27569e-10
26.4 0.576316 1.71593e-10
27.6 0.576316 6.0264e-11
28.8 0.576316 7.85038e-12
30 0.576316 -7.13821e-41
-30 0.628947 -6.3434e-41
-28.8 0.628947 6.96632e-12
-27.6 0.628947 5.35653e-11
-26.4 0.628947 1.52548e-10
-25.2 0.628947 2.9119e-10
-24 0.628947 4.51967e-10
-22.8 0.628947 6.23359e-10
-21.6 0.628947 7.97336e-10
-20.4 0.628947 9.63501e-10
-19.2 0.628947 1.10971e-09
-18 0.628947 1.23208e-09
-16.8 0.628947 1.32262e-09
-15.6 0.628947 1.34341e-09
-14.4 0.628947 1.33364e-09
-13.2 0.628947 1.42685e-09
-12 0.628947 1.26807e-09
-10.8 0.628947 4.75809e-10
-9.6 0.628947 1.19302e-09
-8.4 0.628947 4.04209e-09
-7.2 0.628947 -1.84186e-09
-6 0.628947 -1.59927e-08
-4.8 0.628947 1.37103e-08
-3.6 0.628947 8.94681e-08
-2.4 0.628947 -3.32722e-08
-1.2 0.628947 -5.61637e-07
0 0.628947 -9.56922e-07
1.2 0.628947 -5.61624e-07
2.4 0.628947 -3.32632e-08
3.6 0.628947 8.94671e-08
4.8 0.628947 1.37065e-08
6 0.628947 -1.59928e-08
7.2 0.628947 -1.84048e-09
8.4 0.628947 4.04202e-09
9.6 0.628947 1.19241e-09
10.8 0.628947 4.75715e-10
12 0.628947 1.26809e-09
13.2 0.628947 1.42675e-09
14.4 0.628947 1.33359e-09
15.6 0.628947 1.34344e-09
16.8 0.628947 1.3227e-09
18 0.628947 1.23219e-09
19.2 0.628947 1.10984e-09
20.4 0.628947 9.63633e-10
21.6 0.628947 7.97452e-10
22.8 0.628947 6.2345e-10
24 0.628947 4.52028e-10
25.2 0.628947 2.91223e-10
26.4 0.628947 1.5256e-10
27.6 0.628947 5.35668e-11
28.8 0.628947 6.96545e-12
30 0.628947 -6.34333e-41
-30 0.681579 -5.54993e-41
-28.8 0.681579 6.0877e-12
-27.6 0.681579 4.68743e-11
-26.4 0.681579 1.33514e-10
-25.2 0.681579 2.5483e-10
-24 0.681579 3.95507e-10
-22.8 0.681579 5.45441e-10
-21.6 0.681579 6.97516e-10
-20.4 0.681579 8.43159e-10
-19.2 0.681579 9.71546e-10
-18 0.681579 1.07663e-09
-16.8 0.681579 1.1561e-09
-15.6 0.681579 1.18418e-09
-14.4 0.681579 1.16277e-09
-13.2 0.681579 1.21022e-09
-12 0.681579 1.16442e-09
-10.8 0.681579 5.45728e-10
-9.6 0.681579 7.1831e-10
-8.4 0.681579 3.16904e-09
-7.2 0.681579 -1.98612e-10
-6 0.681579 -1.28921e-08
-4.8 0.681579 7.31197e-09
-3.6 0.681579 7.38717e-08
-2.4 0.681579 -2.19058e-08
-1.2 0.681579 -4.86943e-07
0 0.681579 -8.46441e-07
1.2 0.681579 -4.86932e-07
2.4 0.681579 -2.18991e-08
3.6 0.681579 7.38706e-08
4.8 0.681579 7.30934e-09
6 0.681579 -1.2892e-08
7.2 0.681579 -1.97709e-10
8.4 0.681579 3.16883e-09
9.6 0.681579 7.17892e-10
10.8 0.681579 5.45676e-10
12 0.681579 1.16438e-09
13.2 0.681579 1.21012e-09
14.4 0.681579 1.16274e-09
15.6 0.681579 1.18421e-09
16.8 0.681579 1.15617e-09
18 0.681579 1.07674e-09
19.2 0.681579 9.71668e-10
20.4 0.681579 8.43283e-10
21.6 0.681579 6.97626e-10
22.8 0.681579 5.45527e-10
24 0.681579 3.95565e-10
25.2 0.681579 2.54861e-10
26.4 0.681579 1.33526e-10
27.6 0.681579 4.68757e-11
28.8 0.681579 6.08691e-12
30 0.681579 -5.54988e-41
-30 0.734211 -4.75782e-41
-28.8 0.734211 5.21509e-12
-27.6 0.734211 4.01885e-11
-26.4 0.734211 1.14477e-10
-25.2 0.734211 2.18461e-10
-24 0.734211 3.39025e-10
-22.8 0.734211 4.67536e-10
-21.6 0.734211 5.97791e-10
-20.4 0.734211 7.22645e-10
-19.2 0.734211 8.33183e-10
-18 0.734211 9.22363e-10
-16.8 0.734211 9.89012e-10
-15.6 0.734211 1.02011e-09
-14.4 0.734211 1.00001e-09
-13.2 0.734211 1.00644e-09
-12 0.734211 1.01565e-09
-10.8 0.734211 5.99425e-10
-9.6 0.734211 4.19911e-10
-8.4 0.734211 2.27424e-09
-7.2 0.734211 8.92172e-10
-6 0.734211 -9.70651e-09
-4.8 0.734211 2.30115e-09
-3.6 0.734211 5.87305e-08
-2.4 0.734211 -1.19961e-08
-1.2 0.734211 -4.1276e-07
0 0.734211 -7.34994e-07
1.2 0.734211 -4.12753e-07
2.4 0.734211 -1.19914e-08
3.6 0.734211 5.87296e-08
4.8 0.734211 2.29943e-09
6 0.734211 -9.70627e-09
7.2 0.734211 8.92687e-10
8.4 0.734211 2.27399e-09
9.6 0.734211 4.19648e-10
10.8 0.734211 5.99382e-10
12 0.734211 1.01558e-09
13.2 0.734211 1.00636e-09
14.4 0.734211 9.99991e-10
15.6 0.734211 1.02013e-09
16.8 0.734211 9.89075e-10
18 0.734211 9.22457e-10
19.2 0.734211 8.33295e-10
20.4 0.734211 7.22757e-10
21.6 0.734211 5.97891e-10
22.8 0.734211 4.67615e-10
24 0.734211 3.39078e-10
25.2 0.734211 2.1849e-10
26.4 0.734211 1.14488e-10
27.6 0.734211 4.01899e-11
28.8 0.734211 5.21439e-12
30 0.734211 -4.75779e-41
-30 0.786842 -3.96705e-41
-28.8 0.786842 4.34775e-12
-27.6 0.786842 3.35075e-11
-26.4 0.786842 9.54345e-11
-25.2 0.786842 1.82086e-10
-24 0.786842 2.82533e-10
-22.8 0.786842 3.89621e-10
-21.6 0.786842 4.98134e-10
-20.4 0.786842 6.02106e-10
-19.2 0.786842 6.94508e-10
-18 0.786842 7.68741e-10
-16.8 0.786842 8.22612e-10
-15.6 0.786842 8.51736e-10
-14.4 0.786842 8.39599e-10
-13.2 0.786842 8.20059e-10
-12 0.786842 8.37244e-10
-10.8 0.786842 6.08056e-10
-9.6 0.786842 2.76347e-10
-8.4 0.786842 1.44687e-09
-7.2 0.786842 1.42477e-09
-6 0.786842 -6.60037e-09
-4.8 0.786842 -1.21922e-09
-3.6 0.786842 4.42219e-08
-2.4 0.786842 -3.79261e-09
-1.2 0.786842 -3.39168e-07
0 0.786842 -6.22255e-07
1.2 0.786842 -3.39162e-07
2.4 0.786842 -3.7895e-09
3.6 0.786842 4.42211e-08
4.8 0.786842 -1.22023e-09
6 0.786842 -6.60012e-09
7.2 0.786842 1.42499e-09
8.4 0.786842 1.44665e-09
9.6 0.786842 2.76193e-10
10.8 0.786842 6.08003e-10
12 0.786842 8.37162e-10
13.2 0.786842 8.19993e-10
14.4 0.786842 8.39581e-10
15.6 0.786842 8.51757e-10
16.8 0.786842 8.22667e-10
18 0.786842 7.68825e-10
19.2 0.786842 6.94606e-10
20.4 0.786842 6.02205e-10
21.6 0.786842 4.98223e-10
22.8 0.786842 3.89691e-10
24 0.786842 2.82579e-10
25.2 0.786842 1.82111e-10
26.4 0.786842 9.54443e-11
27.6 0.786842 3.35089e-11
28.8 0.786842 4.34715e-12
30 0.786842 -3.96703e-41
-30 0.839474 -3.17747e-41
-28.8 0.839474 3.48469e-12
-27.6 0.839474 2.6831e-11
-26.4 0.839474 7.6388e-11
-25.2 0.839474 1.45704e-10
-24 0.839474 2.26038e-10
-22.8 0.839474 3.11696e-10
-21.6 0.839474 3.98503e-10
-20.4 0.839474 4.8162e-10
-19.2 0.839474 5.55611e-10
-18 0.839474 6.15215e-10
-16.8 0.839474 6.57352e-10
-15.6 0.839474 6.80975e-10
-14.4 0.839474 6.76761e-10
-13.2 0.839474 6.49611e-10
-12 0.839474 6.49432e-10
-10.8 0.839474 5.53662e-10
-9.6 0.839474 2.40992e-10
-8.4 0.839474 7.80166e-10
-7.2 0.839474 1.44075e-09
-6 0.839474 -3.7966e-09
-4.8 0.839474 -3.16444e-09
-3.6 0.839474 3.06306e-08
-2.4 0.839474 2.37627e-09
-1.2 0.839474 -2.66302e-07
0 0.839474 -5.0776e-07
1.2 0.839474 -2.66298e-07
2.4 0.839474 2.37809e-09
3.6 0.839474 3.063e-08
4.8 0.839474 -3.16493e-09
6 0.839474 -3.79641e-09
7.2 0.839474 1.4408e-09
8.4 0.839474 7.80007e-10
9.6 0.839474 2.40901e-10
10.8 0.839474 5.53599e-10
12 0.839474 6.49357e-10
13.2 0.839474 6.49561e-10
14.4 0.839474 6.76746e-10
15.6 0.839474 6.80992e-10
16.8 0.839474 6.57399e-10
18 0.839474 6.15285e-10
19.2 0.839474 5.55695e-10
20.4 0.839474 4.81704e-10
21.6 0.839474 3.98578e-10
22.8 0.839474 3.11755e-10
24 0.839474 2.26077e-10
25.2 0.839474 1.45726e-10
26.4 0.839474 7.63964e-11
27.6 0.839474 2.68322e-11
28.8 0.839474 3.4842e-12
30 0.839474 -3.17746e-41
-30 0.892105 -2.38883e-41
-28.8 0.892105 2.62496e-12
-27.6 0.892105 2.01582e-11
-26.4 0.892105 5.73381e-11
-25.2 0.892105 1.09315e-10
-24 0.892105 1.69542e-10
-22.8 0.892105 2.33768e-10
-21.6 0.892105 2.9887e-10
-20.4 0.892105 3.61184e-10
-19.2 0.892105 4.16652e-10
-18 0.892105 4.61504e-10
-16.8 0.892105 4.92878e-10
-15.6 0.892105 5.09914e-10
-14.4 0.892105 5.09739e-10
-13.2 0.892105 4.88101e-10
-12 0.892105 4.70435e-10
-10.8 0.892105 4.39053e-10
-9.6 0.892105 2.43514e-10
-8.4 0.892105 3.46163e-10
-7.2 0.892105 1.06428e-09
-6 0.892105 -1.58038e-09
-4.8 0.892105 -3.52397e-09
-3.6 0.892105 1.84311e-08
-2.4 0.892105 6.07243e-09
-1.2 0.892105 -1.94424e-07
0 0.892105 -3.90787e-07
1.2 0.892105 -1.94421e-07
2.4 0.892105 6.0733e-09
3.6 0.892105 1.84308e-08
4.8 0.892105 -3.52415e-09
6 0.892105 -1.58029e-09
7.2 0.892105 1.06424e-09
8.4 0.892105 3.46071e-10
9.6 0.892105 2.43454e-10
10.8 0.892105 4.38992e-10
12 0.892105 4.70376e-10
13.2 0.892105 4.88063e-10
14.4 0.892105 5.09726e-10
15.6 0.892105 5.09927e-10
16.8 0.892105 4.92916e-10
18 0.892105 4.61559e-10
19.2 0.892105 4.16717e-10
20.4 0.892105 3.61251e-10
21.6 0.892105 2.9893e-10
22.8 0.892105 2.33815e-10
24 0.892105 1.69574e-10
25.2 0.892105 1.09332e-10
26.4 0.892105 5.73449e-11
27.6 0.892105 2.01592e-11
28.8 0.892105 2.62458e-12
30 0.892105 -2.38883e-41
-30 0.944737 -1.60088e-41
-28.8 0.944737 1.7677e-12
-27.6 0.944737 1.34882e-11
-26.4 0.944737 3.82861e-11
-25.2 0.944737 7.29207e-11
-24 0.944737 1.13046e-10
-22.8 0.944737 1.55843e-10
-21.6 0.944737 1.99234e-10
-20.4 0.944737 2.40765e-10
-19.2 0.944737 2.77713e-10
-18 0.944737 3.07639e-10
-16.8 0.944737 3.28596e-10
-15.6 0.944737 3.39545e-10
-14.4 0.944737 3.39993e-10
-13.2 0.944737 3.27451e-10
-12 0.944737 3.07165e-10
-10.8 0.944737 2.90746e-10
-9.6 0.944737 2.12258e-10
-8.4 0.944737 1.46677e-10
-7.2 0.944737 5.35295e-10
-6 0.944737 -2.49714e-10
-4.8 0.944737 -2.50986e-09
-3.6 0.944737 8.44381e-09
-2.4 0.944737 6.73287e-09
-1.2 0.944737 -1.24107e-07
0 0.944737 -2.70081e-07
1.2 0.944737 -1.24106e-07
2.4 0.944737 6.73313e-09
3.6 0.944737 8.44368e-09
4.8 0.944737 -2.5099e-09
6 0.944737 -2.49703e-10
7.2 0.944737 5.35258e-10
8.4 0.944737 1.4663e-10
9.6 0.944737 2.12214e-10
10.8 0.944737 2.907e-10
12 0.944737 3.07125e-10
13.2 0.944737 3.27425e-10
14.4 0.944737 3.39984e-10
15.6 0.944737 3.39554e-10
16.8 0.944737 3.28623e-10
18 0.944737 3.07678e-10
19.2 0.944737 2.7776e-10
20.4 0.944737 2.40812e-10
21.6 0.944737 1.99276e-10
22.8 0.944737 1.55876e-10
24 0.944737 1.13068e-10
25.2 0.944737 7.29329e-11
26.4 0.944737 3.82909e-11
27.6 0.944737 1.34889e-11
28.8 0.944737 1.76744e-12
30 0.944737 -1.60088e-41
-30 0.997368 -8.13383e-42
-28.8 0.997368 9.12091e-13
-27.6 0.997368 6.81992e-12
-26.4 0.997368 1.92327e-11
-25.2 0.997368 3.65231e-11
-24 0.997368 5.65485e-11
-22.8 0.997368 7.79211e-11
-21.6 0.997368 9.95985e-11
-20.4 0.997368 1.20345e-10
-19.2 0.997368 1.38797e-10
-18 0.997368 1.53741e-10
-16.8 0.997368 1.64236e-10
-15.6 0.997368 1.6965e-10
-14.4 0.997368 1.6977e-10
-13.2 0.997368 1.64264e-10
-12 0.997368 1.53104e-10
-10.8 0.997368 1.40903e-10
-9.6 0.997368 1.20445e-10
-8.4 0.997368 7.53905e-11
-7.2 0.997368 1.48565e-10
-6 0.997368 1.19367e-10
-4.8 0.997368 -8.99373e-10
-3.6 0.997368 2.03256e-09
-2.4 0.997368 3.90772e-09
-1.2 0.997368 -5.6978e-08
0 0.997368 -1.42879e-07
1.2 0.997368 -5.6978e-08
2.4 0.997368 3.90772e-09
3.6 0.997368 2.03256e-09
4.8 0.997368 -8.99379e-10
6 0.997368 1.19355e-10
7.2 0.997368 1.48548e-10
8.4 0.997368 7.5369e-11
9.6 0.997368 1.20421e-10
10.8 0.997368 1.40879e-10
12 0.997368 1.53084e-10
13.2 0.997368 1.64251e-10
14.4 0.997368 1.69765e-10
15.6 0.997368 1.69655e-10
16.8 0.997368 1.6425e-10
18 0.997368 1.53761e-10
19.2 0.997368 1.38821e-10
20.4 0.997368 1.2037e-10
21.6 0.997368 9.962e-11
22.8 0.997368 7.7938e-11
24 0.997368 5.656e-11
25.2 0.997368 3.65295e-11
26.4 0.997368 1.92352e-11
27.6 0.997368 6.82031e-12
28.8 0.997368 9.1197e-13
30 0.997368 -8.13388e-42
-30 1.05 0
-28.8 1.05 0
-27.6 1.05 0
-26.4 1.05 0
-25.2 1.05 0
-24 1.05 0
-22.8 1.05 0
-21.6 1.05 0
-20.4 1.05 0
-19.2 1.05 0
-18 1.05 0
-16.8 1.05 0
-15.6 1.05 0
-14.4 1.05 0
-13.2 1.05 0
-12 1.05 0
-10.8 1.05 0
-9.6 1.05 0
-8.4 1.05 0
-7.2 1.05 0
-6 1.05 0
-4.8 1.05 0
-3.6 1.05 0
-2.4 1.05 0
-1.2 1.05 0
0 1.05 0
1.2 1.05 0
2.4 1.05 0
3.6 1.05 0
4.8 1.05 0
6 1.05 0
7.2 1.05 0
8.4 1.05 0
9.6 1.05 0
10.8 1.05 0
12 1.05 0
13.2 1.05 0
14.4 1.05 0
15.6 1.05 0
16.8 1.05 0
18 1.05 0
19.2 1.05 0
20.4 1.05 0
21.6 1.05 0
22.8 1.05 0
24 1.05 0
25.2 1.05 0
26.4 1.05 0
27.6 1.05 0
28.8 1.05 0
30 1.05 0
