-30 0.05 -8.46907e-35
-28.8 0.05 1.4683e-05
-27.6 0.05 6.08239e-05
-26.4 0.05 0.000134764
-25.2 0.05 0.000231495
-24 0.05 0.000345104
-22.8 0.05 0.000468457
-21.6 0.05 0.000593802
-20.4 0.05 0.000713249
-19.2 0.05 0.000819239
-18 0.05 0.000905114
-16.8 0.05 0.000965632
-15.6 0.05 0.000997123
-14.4 0.05 0.000997349
-13.2 0.05 0.000965668
-12 0.05 0.000904042
-10.8 0.05 0.000817885
-9.6 0.05 0.000714547
-8.4 0.05 0.000599218
-7.2 0.05 0.00047287
-6 0.05 0.000337955
-4.8 0.05 0.000209255
-3.6 0.05 0.00011581
-2.4 0.05 8.14319e-05
-1.2 0.05 9.47071e-05
0 0.05 0.000108851
1.2 0.05 9.45951e-05
2.4 0.05 8.13074e-05
3.6 0.05 0.000115758
4.8 0.05 0.000209273
6 0.05 0.000337988
7.2 0.05 0.000472879
8.4 0.05 0.000599203
9.6 0.05 0.000714529
10.8 0.05 0.000817876
12 0.05 0.00090404
13.2 0.05 0.000965667
14.4 0.05 0.000997348
15.6 0.05 0.000997124
16.8 0.05 0.000965635
18 0.05 0.00090512
19.2 0.05 0.000819245
20.4 0.05 0.000713256
21.6 0.05 0.000593808
22.8 0.05 0.000468461
24 0.05 0.000345108
25.2 0.05 0.000231497
26.4 0.05 0.000134765
27.6 0.05 6.08241e-05
28.8 0.05 1.46831e-05
30 0.05 -8.4691e-35
-30 0.100847 -8.25174e-35
-28.8 0.100847 1.38753e-05
-27.6 0.100847 5.971e-05
-26.4 0.100847 0.000133993
-25.2 0.100847 0.000230925
-24 0.100847 0.000344713
-22.8 0.100847 0.000468308
-21.6 0.100847 0.000593917
-20.4 0.100847 0.000713612
-19.2 0.100847 0.000819768
-18 0.100847 0.000905724
-16.8 0.100847 0.000966381
-15.6 0.100847 0.000998195
-14.4 0.100847 0.000998646
-13.2 0.100847 0.000966451
-12 0.100847 0.000903576
-10.8 0.100847 0.000817063
-9.6 0.100847 0.000716214
-8.4 0.100847 0.000604755
-7.2 0.100847 0.000477142
-6 0.100847 0.0003304
-4.8 0.100847 0.000186376
-3.6 0.100847 9.61733e-05
-2.4 0.100847 0.000101075
-1.2 0.100847 0.000172708
0 0.100847 0.000215653
1.2 0.100847 0.000172485
2.4 0.100847 0.000100827
3.6 0.100847 9.60699e-05
4.8 0.100847 0.000186411
6 0.100847 0.000330465
7.2 0.100847 0.000477158
8.4 0.100847 0.000604726
9.6 0.100847 0.000716179
10.8 0.100847 0.000817044
12 0.100847 0.000903572
13.2 0.100847 0.000966449
14.4 0.100847 0.000998643
15.6 0.100847 0.000998196
16.8 0.100847 0.000966388
18 0.100847 0.000905736
19.2 0.100847 0.000819782
20.4 0.100847 0.000713625
21.6 0.100847 0.000593929
22.8 0.100847 0.000468318
24 0.100847 0.00034472
25.2 0.100847 0.000230929
26.4 0.100847 0.000133995
27.6 0.100847 5.97105e-05
28.8 0.100847 1.38754e-05
30 0.100847 -8.2518e-35
-30 0.151695 -8.03535e-35
-28.8 0.151695 1.31812e-05
-27.6 0.151695 5.85868e-05
-26.4 0.151695 0.000133171
-25.2 0.151695 0.000230372
-24 0.151695 0.000344327
-22.8 0.151695 0.000468155
-21.6 0.151695 0.000594034
-20.4 0.151695 0.000713977
-19.2 0.151695 0.0008203
-18 0.151695 0.000906338
-16.8 0.151695 0.000967136
-15.6 0.151695 0.000999274
-14.4 0.151695 0.000999947
-13.2 0.151695 0.000967233
-12 0.151695 0.00090311
-10.8 0.151695 0.000816245
-9.6 0.151695 0.000717894
-8.4 0.151695 0.000610309
-7.2 0.151695 0.00048142
-6 0.151695 0.000322805
-4.8 0.151695 0.000163443
-3.6 0.151695 7.66589e-05
-2.4 0.151695 0.000120731
-1.2 0.151695 0.000249642
0 0.151695 0.000320559
1.2 0.151695 0.000249311
2.4 0.151695 0.000120362
3.6 0.151695 7.65045e-05
4.8 0.151695 0.000163495
6 0.151695 0.0003229
7.2 0.151695 0.000481444
8.4 0.151695 0.000610266
9.6 0.151695 0.000717841
10.8 0.151695 0.000816218
12 0.151695 0.000903103
13.2 0.151695 0.00096723
14.4 0.151695 0.000999943
15.6 0.151695 0.000999275
16.8 0.151695 0.000967146
18 0.151695 0.000906356
19.2 0.151695 0.000820321
20.4 0.151695 0.000713998
21.6 0.151695 0.000594052
22.8 0.151695 0.00046817
24 0.151695 0.000344337
25.2 0.151695 0.000230378
26.4 0.151695 0.000133174
27.6 0.151695 5.85876e-05
28.8 0.151695 1.31813e-05
30 0.151695 -8.03542e-35
-30 0.202542 -7.8243e-35
-28.8 0.202542 1.25587e-05
-27.6 0.202542 5.74755e-05
-26.4 0.202542 0.000132305
-25.2 0.202542 0.000229823
-24 0.202542 0.000343953
-22.8 0.202542 0.000467999
-21.6 0.202542 0.000594153
-20.4 0.202542 0.000714347
-19.2 0.202542 0.000820835
-18 0.202542 0.000906955
-16.8 0.202542 0.000967897
-15.6 0.202542 0.00100036
-14.4 0.202542 0.00100125
-13.2 0.202542 0.000968014
-12 0.202542 0.000902642
-10.8 0.202542 0.000815434
-9.6 0.202542 0.000719591
-8.4 0.202542 0.000615886
-7.2 0.202542 0.000485703
-6 0.202542 0.000315145
-4.8 0.202542 0.000140463
-3.6 0.202542 5.73011e-05
-2.4 0.202542 0.000140354
-1.2 0.202542 0.000325488
0 0.202542 0.000423654
1.2 0.202542 0.000325052
2.4 0.202542 0.000139865
3.6 0.202542 5.7096e-05
4.8 0.202542 0.000140533
6 0.202542 0.000315271
7.2 0.202542 0.000485734
8.4 0.202542 0.000615829
9.6 0.202542 0.000719522
10.8 0.202542 0.000815398
12 0.202542 0.000902632
13.2 0.202542 0.00096801
14.4 0.202542 0.00100125
15.6 0.202542 0.00100036
16.8 0.202542 0.00096791
18 0.202542 0.000906979
19.2 0.202542 0.000820863
20.4 0.202542 0.000714374
21.6 0.202542 0.000594177
22.8 0.202542 0.000468019
24 0.202542 0.000343966
25.2 0.202542 0.000229831
26.4 0.202542 0.000132309
27.6 0.202542 5.74765e-05
28.8 0.202542 1.25588e-05
30 0.202542 -7.8244e-35
-30 0.25339 -7.61926e-35
-28.8 0.25339 1.19866e-05
-27.6 0.25339 5.63817e-05
-26.4 0.25339 0.000131403
-25.2 0.25339 0.000229267
-24 0.25339 0.000343591
-22.8 0.25339 0.000467844
-21.6 0.25339 0.000594271
-20.4 0.25339 0.00071472
-19.2 0.25339 0.000821372
-18 0.25339 0.000907576
-16.8 0.25339 0.000968665
-15.6 0.25339 0.00100146
-14.4 0.25339 0.00100256
-13.2 0.25339 0.000968792
-12 0.25339 0.00090217
-10.8 0.25339 0.000814629
-9.6 0.25339 0.00072131
-8.4 0.25339 0.000621496
-7.2 0.25339 0.000489984
-6 0.25339 0.000307403
-4.8 0.25339 0.00011745
-3.6 0.25339 3.81188e-05
-2.4 0.25339 0.000159903
-1.2 0.25339 0.00040024
0 0.25339 0.000524998
1.2 0.25339 0.000399701
2.4 0.25339 0.000159297
3.6 0.25339 3.78634e-05
4.8 0.25339 0.000117536
6 0.25339 0.000307559
7.2 0.25339 0.000490022
8.4 0.25339 0.000621425
9.6 0.25339 0.000721225
10.8 0.25339 0.000814584
12 0.25339 0.000902157
13.2 0.25339 0.000968786
14.4 0.25339 0.00100256
15.6 0.25339 0.00100146
16.8 0.25339 0.000968682
18 0.25339 0.000907605
19.2 0.25339 0.000821407
20.4 0.25339 0.000714754
21.6 0.25339 0.000594301
22.8 0.25339 0.000467868
24 0.25339 0.000343609
25.2 0.25339 0.000229277
26.4 0.25339 0.000131408
27.6 0.25339 5.63829e-05
28.8 0.25339 1.19866e-05
30 0.25339 -7.61938e-35
-30 0.304237 -7.41997e-35
-28.8 0.304237 1.14524e-05
-27.6 0.304237 5.53064e-05
-26.4 0.304237 0.000130473
-25.2 0.304237 0.0002287
-24 0.304237 0.000343241
-22.8 0.304237 0.000467691
-21.6 0.304237 0.000594388
-20.4 0.304237 0.000715095
-19.2 0.304237 0.000821912
-18 0.304237 0.000908199
-16.8 0.304237 0.00096944
-15.6 0.304237 0.00100256
-14.4 0.304237 0.00100388
-13.2 0.304237 0.000969566
-12 0.304237 0.000901692
-10.8 0.304237 0.000813831
-9.6 0.304237 0.000723058
-8.4 0.304237 0.000627146
-7.2 0.304237 0.000494255
-6 0.304237 0.000299563
-4.8 0.304237 9.44174e-05
-3.6 0.304237 1.91219e-05
-2.4 0.304237 0.000179346
-1.2 0.304237 0.000473894
0 0.304237 0.000624634
1.2 0.304237 0.000473256
2.4 0.304237 0.000178626
3.6 0.304237 1.88165e-05
4.8 0.304237 9.45199e-05
6 0.304237 0.000299748
7.2 0.304237 0.000494299
8.4 0.304237 0.000627061
9.6 0.304237 0.000722956
10.8 0.304237 0.000813777
12 0.304237 0.000901676
13.2 0.304237 0.000969558
14.4 0.304237 0.00100387
15.6 0.304237 0.00100256
16.8 0.304237 0.000969461
18 0.304237 0.000908235
19.2 0.304237 0.000821954
20.4 0.304237 0.000715137
21.6 0.304237 0.000594424
22.8 0.304237 0.000467721
24 0.304237 0.000343262
25.2 0.304237 0.000228712
26.4 0.304237 0.000130478
27.6 0.304237 5.53078e-05
28.8 0.304237 1.14524e-05
30 0.304237 -7.4201e-35
-30 0.355085 -7.22592e-35
-28.8 0.355085 1.09482e-05
-27.6 0.355085 5.42491e-05
-26.4 0.355085 0.00012952
-25.2 0.355085 0.000228119
-24 0.355085 0.000342901
-22.8 0.355085 0.000467544
-21.6 0.355085 0.000594504
-20.4 0.355085 0.000715473
-19.2 0.355085 0.000822454
-18 0.355085 0.000908826
-16.8 0.355085 0.000970224
-15.6 0.355085 0.00100367
-14.4 0.355085 0.00100519
-13.2 0.355085 0.000970332
-12 0.355085 0.000901205
-10.8 0.355085 0.00081304
-9.6 0.355085 0.000724842
-8.4 0.355085 0.000632842
-7.2 0.355085 0.000498505
-6 0.355085 0.000291614
-4.8 0.355085 7.13784e-05
-3.6 0.355085 3.14878e-07
-2.4 0.355085 0.000198657
-1.2 0.355085 0.000546452
0 0.355085 0.0007226
1.2 0.355085 0.00054572
2.4 0.355085 0.000197826
3.6 0.355085 -4.01349e-08
4.8 0.355085 7.14963e-05
6 0.355085 0.000291828
7.2 0.355085 0.000498555
8.4 0.355085 0.000632743
9.6 0.355085 0.000724724
10.8 0.355085 0.000812977
12 0.355085 0.000901186
13.2 0.355085 0.000970322
14.4 0.355085 0.00100518
15.6 0.355085 0.00100368
16.8 0.355085 0.000970247
18 0.355085 0.000908868
19.2 0.355085 0.000822504
20.4 0.355085 0.000715522
21.6 0.355085 0.000594547
22.8 0.355085 0.000467579
24 0.355085 0.000342925
25.2 0.355085 0.000228133
26.4 0.355085 0.000129526
27.6 0.355085 5.42506e-05
28.8 0.355085 1.09482e-05
30 0.355085 -7.22606e-35
-30 0.405932 -7.0366e-35
-28.8 0.405932 1.04684e-05
-27.6 0.405932 5.32085e-05
-26.4 0.405932 0.000128549
-25.2 0.405932 0.000227523
-24 0.405932 0.000342567
-22.8 0.405932 0.000467404
-21.6 0.405932 0.00059462
-20.4 0.405932 0.000715852
-19.2 0.405932 0.000822999
-18 0.405932 0.000909456
-16.8 0.405932 0.000971015
-15.6 0.405932 0.0010048
-14.4 0.405932 0.00100652
-13.2 0.405932 0.000971091
-12 0.405932 0.000900708
-10.8 0.405932 0.000812256
-9.6 0.405932 0.000726668
-8.4 0.405932 0.000638589
-7.2 0.405932 0.000502724
-6 0.405932 0.00028355
-4.8 0.405932 4.83441e-05
-3.6 0.405932 -1.8301e-05
-2.4 0.405932 0.000217814
-1.2 0.405932 0.000617915
0 0.405932 0.000818927
1.2 0.405932 0.000617093
2.4 0.405932 0.000216875
3.6 0.405932 -1.87052e-05
4.8 0.405932 4.84768e-05
6 0.405932 0.000283792
7.2 0.405932 0.00050278
8.4 0.405932 0.000638476
9.6 0.405932 0.000726536
10.8 0.405932 0.000812185
12 0.405932 0.000900685
13.2 0.405932 0.000971079
14.4 0.405932 0.0010065
15.6 0.405932 0.0010048
16.8 0.405932 0.000971042
18 0.405932 0.000909504
19.2 0.405932 0.000823056
20.4 0.405932 0.000715907
21.6 0.405932 0.000594669
22.8 0.405932 0.000467443
24 0.405932 0.000342594
25.2 0.405932 0.000227539
26.4 0.405932 0.000128556
27.6 0.405932 5.32102e-05
28.8 0.405932 1.04684e-05
30 0.405932 -7.03675e-35
-30 0.45678 -6.85154e-35
-28.8 0.45678 1.00091e-05
-27.6 0.45678 5.21835e-05
-26.4 0.45678 0.000127562
-25.2 0.45678 0.000226912
-24 0.45678 0.000342237
-22.8 0.45678 0.000467271
-21.6 0.45678 0.000594737
-20.4 0.45678 0.000716231
-19.2 0.45678 0.000823546
-18 0.45678 0.00091009
-16.8 0.45678 0.000971815
-15.6 0.45678 0.00100594
-14.4 0.45678 0.00100784
-13.2 0.45678 0.000971839
-12 0.45678 0.000900197
-10.8 0.45678 0.00081148
-9.6 0.45678 0.000728546
-8.4 0.45678 0.00064439
-7.2 0.45678 0.000506904
-6 0.45678 0.000275363
-4.8 0.45678 2.53242e-05
-3.6 0.45678 -3.67265e-05
-2.4 0.45678 0.000236798
-1.2 0.45678 0.000688286
0 0.45678 0.00091364
1.2 0.45678 0.000687381
2.4 0.45678 0.000235757
3.6 0.45678 -3.71794e-05
4.8 0.45678 2.54707e-05
6 0.45678 0.000275634
7.2 0.45678 0.000506965
8.4 0.45678 0.000644264
9.6 0.45678 0.000728398
10.8 0.45678 0.000811401
12 0.45678 0.00090017
13.2 0.45678 0.000971825
14.4 0.45678 0.00100783
15.6 0.45678 0.00100594
16.8 0.45678 0.000971846
18 0.45678 0.000910144
19.2 0.45678 0.00082361
20.4 0.45678 0.000716294
21.6 0.45678 0.000594792
22.8 0.45678 0.000467316
24 0.45678 0.000342268
25.2 0.45678 0.00022693
26.4 0.45678 0.00012757
27.6 0.45678 5.21854e-05
28.8 0.45678 1.00091e-05
30 0.45678 -6.85169e-35
-30 0.507627 -6.67032e-35
-28.8 0.507627 9.56726e-06
-27.6 0.507627 5.11728e-05
-26.4 0.507627 0.000126563
-25.2 0.507627 0.000226285
-24 0.507627 0.000341911
-22.8 0.507627 0.000467147
-21.6 0.507627 0.000594855
-20.4 0.507627 0.00071661
-19.2 0.507627 0.000824094
-18 0.507627 0.000910728
-16.8 0.507627 0.000972624
-15.6 0.507627 0.00100709
-14.4 0.507627 0.00100917
-13.2 0.507627 0.000972576
-12 0.507627 0.00089967
-10.8 0.507627 0.000810716
-9.6 0.507627 0.000730482
-8.4 0.507627 0.000650247
-7.2 0.507627 0.000511034
-6 0.507627 0.000267051
-4.8 0.507627 2.32667e-06
-3.6 0.507627 -5.49638e-05
-2.4 0.507627 0.000255594
-1.2 0.507627 0.00075757
0 0.507627 0.00100676
1.2 0.507627 0.000756585
2.4 0.507627 0.000254453
3.6 0.507627 -5.54648e-05
4.8 0.507627 2.48624e-06
6 0.507627 0.000267349
7.2 0.507627 0.000511101
8.4 0.507627 0.000650108
9.6 0.507627 0.00073032
10.8 0.507627 0.000810628
12 0.507627 0.000899639
13.2 0.507627 0.000972559
14.4 0.507627 0.00100916
15.6 0.507627 0.00100709
16.8 0.507627 0.000972659
18 0.507627 0.000910787
19.2 0.507627 0.000824165
20.4 0.507627 0.00071668
21.6 0.507627 0.000594917
22.8 0.507627 0.000467196
24 0.507627 0.000341946
25.2 0.507627 0.000226305
26.4 0.507627 0.000126572
27.6 0.507627 5.11748e-05
28.8 0.507627 9.56719e-06
30 0.507627 -6.67048e-35
-30 0.558475 -6.49259e-35
-28.8 0.558475 9.14046e-06
-27.6 0.558475 5.01752e-05
-26.4 0.558475 0.000125552
-25.2 0.558475 0.000225644
-24 0.558475 0.000341587
-22.8 0.558475 0.000467031
-21.6 0.558475 0.000594977
-20.4 0.558475 0.000716989
-19.2 0.558475 0.000824643
-18 0.558475 0.000911369
-16.8 0.558475 0.000973444
-15.6 0.558475 0.00100825
-14.4 0.558475 0.0010105
-13.2 0.558475 0.000973298
-12 0.558475 0.000899123
-10.8 0.558475 0.000809963
-9.6 0.558475 0.000732484
-8.4 0.558475 0.000656163
-7.2 0.558475 0.000515107
-6 0.558475 0.000258609
-4.8 0.558475 -2.06416e-05
-3.6 0.558475 -7.30161e-05
-2.4 0.558475 0.000274188
-1.2 0.558475 0.00082577
0 0.558475 0.00109832
1.2 0.558475 0.000824712
2.4 0.558475 0.000272953
3.6 0.558475 -7.35646e-05
4.8 0.558475 -2.047e-05
6 0.558475 0.000258933
7.2 0.558475 0.000515179
8.4 0.558475 0.000656011
9.6 0.558475 0.000732307
10.8 0.558475 0.000809867
12 0.558475 0.000899089
13.2 0.558475 0.000973279
14.4 0.558475 0.00101049
15.6 0.558475 0.00100825
16.8 0.558475 0.000973482
18 0.558475 0.000911435
19.2 0.558475 0.000824721
20.4 0.558475 0.000717066
21.6 0.558475 0.000595045
22.8 0.558475 0.000467085
24 0.558475 0.000341625
25.2 0.558475 0.000225666
26.4 0.558475 0.000125562
27.6 0.558475 5.01774e-05
28.8 0.558475 9.14036e-06
30 0.558475 -6.49274e-35
-30 0.609322 -6.31801e-35
-28.8 0.609322 8.7269e-06
-27.6 0.609322 4.91898e-05
-26.4 0.609322 0.000124532
-25.2 0.609322 0.000224988
-24 0.609322 0.000341263
-22.8 0.609322 0.000466923
-21.6 0.609322 0.000595101
-20.4 0.609322 0.000717367
-19.2 0.609322 0.000825192
-18 0.609322 0.000912014
-16.8 0.609322 0.000974273
-15.6 0.609322 0.00100942
-14.4 0.609322 0.00101184
-13.2 0.609322 0.000974005
-12 0.609322 0.000898555
-10.8 0.609322 0.000809226
-9.6 0.609322 0.000734559
-8.4 0.609322 0.000662138
-7.2 0.609322 0.000519115
-6 0.609322 0.000250035
-4.8 0.609322 -4.35752e-05
-3.6 0.609322 -9.08869e-05
-2.4 0.609322 0.000292567
-1.2 0.609322 0.000892891
0 0.609322 0.00118833
1.2 0.609322 0.000891764
2.4 0.609322 0.000291242
3.6 0.609322 -9.14822e-05
4.8 0.609322 -4.33927e-05
6 0.609322 0.000250385
7.2 0.609322 0.000519193
8.4 0.609322 0.000661973
9.6 0.609322 0.000734368
10.8 0.609322 0.000809121
12 0.609322 0.000898517
13.2 0.609322 0.000973983
14.4 0.609322 0.00101182
15.6 0.609322 0.00100943
16.8 0.609322 0.000974316
18 0.609322 0.000912086
19.2 0.609322 0.000825278
20.4 0.609322 0.000717451
21.6 0.609322 0.000595176
22.8 0.609322 0.000466982
24 0.609322 0.000341305
25.2 0.609322 0.000225011
26.4 0.609322 0.000124542
27.6 0.609322 4.91921e-05
28.8 0.609322 8.72674e-06
30 0.609322 -6.31817e-35
-30 0.660169 -6.14632e-35
-28.8 0.660169 8.32504e-06
-27.6 0.660169 4.82156e-05
-26.4 0.660169 0.000123503
-25.2 0.660169 0.000224317
-24 0.660169 0.000340939
-22.8 0.660169 0.000466823
-21.6 0.660169 0.00059523
-20.4 0.660169 0.000717744
-19.2 0.660169 0.000825741
-18 0.660169 0.000912663
-16.8 0.660169 0.000975114
-15.6 0.660169 0.00101062
-14.4 0.660169 0.00101318
-13.2 0.660169 0.000974693
-12 0.660169 0.000897963
-10.8 0.660169 0.000808507
-9.6 0.660169 0.000736713
-8.4 0.660169 0.000668172
-7.2 0.660169 0.000523051
-6 0.660169 0.000241327
-4.8 0.660169 -6.64695e-05
-3.6 0.660169 -0.00010858
-2.4 0.660169 0.000310721
-1.2 0.660169 0.000958935
0 0.660169 0.0012768
1.2 0.660169 0.000957748
2.4 0.660169 0.000309312
3.6 0.660169 -0.000109222
4.8 0.660169 -6.62772e-05
6 0.660169 0.000241703
7.2 0.660169 0.000523135
8.4 0.660169 0.000667995
9.6 0.660169 0.000736507
10.8 0.660169 0.000808394
12 0.660169 0.000897921
13.2 0.660169 0.000974668
14.4 0.660169 0.00101316
15.6 0.660169 0.00101062
16.8 0.660169 0.00097516
18 0.660169 0.000912741
19.2 0.660169 0.000825834
20.4 0.660169 0.000717836
21.6 0.660169 0.000595312
22.8 0.660169 0.000466887
24 0.660169 0.000340984
25.2 0.660169 0.000224343
26.4 0.660169 0.000123514
27.6 0.660169 4.82179e-05
28.8 0.660169 8.32484e-06
30 0.660169 -6.14647e-35
-30 0.711017 -5.97728e-35
-28.8 0.711017 7.93365e-06
-27.6 0.711017 4.72518e-05
-26.4 0.711017 0.000122466
-25.2 0.711017 0.000223633
-24 0.711017 0.000340613
-22.8 0.711017 0.000466731
-21.6 0.711017 0.000595364
-20.4 0.711017 0.000718121
-19.2 0.711017 0.000826289
-18 0.711017 0.000913315
-16.8 0.711017 0.000975966
-15.6 0.711017 0.00101182
-14.4 0.711017 0.00101453
-13.2 0.711017 0.000975359
-12 0.711017 0.000897345
-10.8 0.711017 0.000807808
-9.6 0.711017 0.000738953
-8.4 0.711017 0.000674267
-7.2 0.711017 0.00052691
-6 0.711017 0.000232484
-4.8 0.711017 -8.9321e-05
-3.6 0.711017 -0.000126101
-2.4 0.711017 0.00032864
-1.2 0.711017 0.00102391
0 0.711017 0.00136376
1.2 0.711017 0.00102267
2.4 0.711017 0.000327152
3.6 0.711017 -0.000126787
4.8 0.711017 -8.91201e-05
6 0.711017 0.000232885
7.2 0.711017 0.000527
8.4 0.711017 0.000674078
9.6 0.711017 0.000738733
10.8 0.711017 0.000807687
12 0.711017 0.000897298
13.2 0.711017 0.000975332
14.4 0.711017 0.00101451
15.6 0.711017 0.00101183
16.8 0.711017 0.000976017
18 0.711017 0.000913399
19.2 0.711017 0.000826389
20.4 0.711017 0.000718221
21.6 0.711017 0.000595452
22.8 0.711017 0.000466801
24 0.711017 0.000340662
25.2 0.711017 0.000223661
26.4 0.711017 0.000122478
27.6 0.711017 4.72541e-05
28.8 0.711017 7.93339e-06
30 0.711017 -5.97742e-35
-30 0.761864 -5.81066e-35
-28.8 0.761864 7.55167e-06
-27.6 0.761864 4.62974e-05
-26.4 0.761864 0.000121423
-25.2 0.761864 0.000222935
-24 0.761864 0.000340286
-22.8 0.761864 0.000466647
-21.6 0.761864 0.000595503
-20.4 0.761864 0.000718498
-19.2 0.761864 0.000826835
-18 0.761864 0.00091397
-16.8 0.761864 0.000976831
-15.6 0.761864 0.00101305
-14.4 0.761864 0.00101588
-13.2 0.761864 0.000976003
-12 0.761864 0.000896698
-10.8 0.761864 0.000807133
-9.6 0.761864 0.000741284
-8.4 0.761864 0.000680421
-7.2 0.761864 0.000530684
-6 0.761864 0.000223504
-4.8 0.761864 -0.000112127
-3.6 0.761864 -0.000143453
-2.4 0.761864 0.000346316
-1.2 0.761864 0.00108782
0 0.761864 0.00144921
1.2 0.761864 0.00108652
2.4 0.761864 0.000344756
3.6 0.761864 -0.000144183
4.8 0.761864 -0.000111919
6 0.761864 0.00022393
7.2 0.761864 0.00053078
8.4 0.761864 0.00068022
9.6 0.761864 0.00074105
10.8 0.761864 0.000807003
12 0.761864 0.000896646
13.2 0.761864 0.000975972
14.4 0.761864 0.00101585
15.6 0.761864 0.00101306
16.8 0.761864 0.000976885
18 0.761864 0.000914061
19.2 0.761864 0.000826942
20.4 0.761864 0.000718605
21.6 0.761864 0.000595597
22.8 0.761864 0.000466722
24 0.761864 0.000340338
25.2 0.761864 0.000222965
26.4 0.761864 0.000121435
27.6 0.761864 4.62998e-05
28.8 0.761864 7.55135e-06
30 0.761864 -5.81079e-35
-30 0.812712 -5.64628e-35
-28.8 0.812712 7.17823e-06
-27.6 0.812712 4.53519e-05
-26.4 0.812712 0.000120372
-25.2 0.812712 0.000222225
-24 0.812712 0.000339956
-22.8 0.812712 0.00046657
-21.6 0.812712 0.000595648
-20.4 0.812712 0.000718875
-19.2 0.812712 0.000827379
-18 0.812712 0.000914629
-16.8 0.812712 0.000977709
-15.6 0.812712 0.00101429
-14.4 0.812712 0.00101723
-13.2 0.812712 0.00097662
-12 0.812712 0.00089602
-10.8 0.812712 0.000806485
-9.6 0.812712 0.000743711
-8.4 0.812712 0.000686636
-7.2 0.812712 0.000534371
-6 0.812712 0.000214387
-4.8 0.812712 -0.000134885
-3.6 0.812712 -0.000160641
-2.4 0.812712 0.000363741
-1.2 0.812712 0.00115066
0 0.812712 0.00153318
1.2 0.812712 0.00114933
2.4 0.812712 0.000362114
3.6 0.812712 -0.000161414
4.8 0.812712 -0.000134671
6 0.812712 0.000214836
7.2 0.812712 0.000534473
8.4 0.812712 0.000686423
9.6 0.812712 0.000743464
10.8 0.812712 0.000806347
12 0.812712 0.000895965
13.2 0.812712 0.000976586
14.4 0.812712 0.0010172
15.6 0.812712 0.0010143
16.8 0.812712 0.000977767
18 0.812712 0.000914726
19.2 0.812712 0.000827494
20.4 0.812712 0.000718989
21.6 0.812712 0.000595749
22.8 0.812712 0.00046665
24 0.812712 0.000340011
25.2 0.812712 0.000222256
26.4 0.812712 0.000120385
27.6 0.812712 4.53544e-05
28.8 0.812712 7.17784e-06
30 0.812712 -5.64639e-35
-30 0.863559 -5.48397e-35
-28.8 0.863559 6.81257e-06
-27.6 0.863559 4.44146e-05
-26.4 0.863559 0.000119316
-25.2 0.863559 0.000221502
-24 0.863559 0.000339623
-22.8 0.863559 0.000466501
-21.6 0.863559 0.000595799
-20.4 0.863559 0.000719251
-19.2 0.863559 0.000827921
-18 0.863559 0.000915291
-16.8 0.863559 0.0009786
-15.6 0.863559 0.00101555
-14.4 0.863559 0.00101858
-13.2 0.863559 0.000977208
-12 0.863559 0.000895311
-10.8 0.863559 0.000805867
-9.6 0.863559 0.00074624
-8.4 0.863559 0.000692909
-7.2 0.863559 0.000537964
-6 0.863559 0.00020513
-4.8 0.863559 -0.000157594
-3.6 0.863559 -0.000177669
-2.4 0.863559 0.000380909
-1.2 0.863559 0.00121245
0 0.863559 0.00161567
1.2 0.863559 0.00121108
2.4 0.863559 0.000379221
3.6 0.863559 -0.000178484
4.8 0.863559 -0.000157375
6 0.863559 0.000205602
7.2 0.863559 0.000538072
8.4 0.863559 0.000692686
9.6 0.863559 0.000745979
10.8 0.863559 0.00080572
12 0.863559 0.000895251
13.2 0.863559 0.000977171
14.4 0.863559 0.00101856
15.6 0.863559 0.00101556
16.8 0.863559 0.000978662
18 0.863559 0.000915394
19.2 0.863559 0.000828043
20.4 0.863559 0.000719373
21.6 0.863559 0.000595906
22.8 0.863559 0.000466586
24 0.863559 0.000339682
25.2 0.863559 0.000221535
26.4 0.863559 0.00011933
27.6 0.863559 4.44171e-05
28.8 0.863559 6.8121e-06
30 0.863559 -5.48407e-35
-30 0.914407 -5.32358e-35
-28.8 0.914407 6.45402e-06
-27.6 0.914407 4.34849e-05
-26.4 0.914407 0.000118255
-25.2 0.914407 0.000220766
-24 0.914407 0.000339287
-22.8 0.914407 0.000466438
-21.6 0.914407 0.000595956
-20.4 0.914407 0.000719628
-19.2 0.914407 0.00082846
-18 0.914407 0.000915955
-16.8 0.914407 0.000979506
-15.6 0.914407 0.00101683
-14.4 0.914407 0.00101994
-13.2 0.914407 0.000977765
-12 0.914407 0.000894568
-10.8 0.914407 0.000805282
-9.6 0.914407 0.000748876
-8.4 0.914407 0.000699242
-7.2 0.914407 0.00054146
-6 0.914407 0.000195735
-4.8 0.914407 -0.000180253
-3.6 0.914407 -0.000194543
-2.4 0.914407 0.000397814
-1.2 0.914407 0.00127318
0 0.914407 0.0016967
1.2 0.914407 0.00127178
2.4 0.914407 0.000396071
3.6 0.914407 -0.000195398
4.8 0.914407 -0.00018003
6 0.914407 0.000196228
7.2 0.914407 0.000541575
8.4 0.914407 0.000699008
9.6 0.914407 0.000748601
10.8 0.914407 0.000805127
12 0.914407 0.000894503
13.2 0.914407 0.000977724
14.4 0.914407 0.00101991
15.6 0.914407 0.00101684
16.8 0.914407 0.000979572
18 0.914407 0.000916064
19.2 0.914407 0.00082859
20.4 0.914407 0.000719757
21.6 0.914407 0.00059607
22.8 0.914407 0.000466528
24 0.914407 0.000339349
25.2 0.914407 0.000220801
26.4 0.914407 0.000118269
27.6 0.914407 4.34874e-05
28.8 0.914407 6.45348e-06
30 0.914407 -5.32366e-35
-30 0.965254 -5.16497e-35
-28.8 0.965254 6.10202e-06
-27.6 0.965254 4.25624e-05
-26.4 0.965254 0.000117188
-25.2 0.965254 0.000220019
-24 0.965254 0.000338948
-22.8 0.965254 0.000466382
-21.6 0.965254 0.00059612
-20.4 0.965254 0.000720004
-19.2 0.965254 0.000828996
-18 0.965254 0.000916621
-16.8 0.965254 0.000980426
-15.6 0.965254 0.00101813
-14.4 0.965254 0.0010213
-13.2 0.965254 0.000978287
-12 0.965254 0.000893791
-10.8 0.965254 0.000804734
-9.6 0.965254 0.000751622
-8.4 0.965254 0.000705635
-7.2 0.965254 0.000544855
-6 0.965254 0.000186199
-4.8 0.965254 -0.000202861
-3.6 0.965254 -0.000211266
-2.4 0.965254 0.000414449
-1.2 0.965254 0.00133286
0 0.965254 0.00177628
1.2 0.965254 0.00133144
2.4 0.965254 0.000412659
3.6 0.965254 -0.000212161
4.8 0.965254 -0.000202637
6 0.965254 0.000186713
7.2 0.965254 0.000544977
8.4 0.965254 0.00070539
9.6 0.965254 0.000751335
10.8 0.965254 0.00080457
12 0.965254 0.00089372
13.2 0.965254 0.000978244
14.4 0.965254 0.00102127
15.6 0.965254 0.00101814
16.8 0.965254 0.000980497
18 0.965254 0.000916737
19.2 0.965254 0.000829134
20.4 0.965254 0.000720141
21.6 0.965254 0.000596241
22.8 0.965254 0.000466477
24 0.965254 0.000339013
25.2 0.965254 0.000220056
26.4 0.965254 0.000117203
27.6 0.965254 4.25648e-05
28.8 0.965254 6.1014e-06
30 0.965254 -5.16503e-35
-30 1.0161 -5.00802e-35
-28.8 1.0161 5.75607e-06
-27.6 1.0161 4.16463e-05
-26.4 1.0161 0.000116116
-25.2 1.0161 0.00021926
-24 1.0161 0.000338604
-22.8 1.0161 0.000466333
-21.6 1.0161 0.000596291
-20.4 1.0161 0.000720381
-19.2 1.0161 0.000829529
-18 1.0161 0.00091729
-16.8 1.0161 0.000981362
-15.6 1.0161 0.00101945
-14.4 1.0161 0.00102266
-13.2 1.0161 0.000978774
-12 1.0161 0.000892977
-10.8 1.0161 0.000804226
-9.6 1.0161 0.000754484
-8.4 1.0161 0.000712085
-7.2 1.0161 0.000548146
-6 1.0161 0.000176521
-4.8 1.0161 -0.000225418
-3.6 1.0161 -0.000227843
-2.4 1.0161 0.000430811
-1.2 1.0161 0.0013915
0 1.0161 0.00185441
1.2 1.0161 0.00139007
2.4 1.0161 0.00042898
3.6 1.0161 -0.000228776
4.8 1.0161 -0.000225193
6 1.0161 0.000177056
7.2 1.0161 0.000548275
8.4 1.0161 0.000711831
9.6 1.0161 0.000754183
10.8 1.0161 0.000804053
12 1.0161 0.000892902
13.2 1.0161 0.000978726
14.4 1.0161 0.00102263
15.6 1.0161 0.00101947
16.8 1.0161 0.000981437
18 1.0161 0.000917412
19.2 1.0161 0.000829674
20.4 1.0161 0.000720526
21.6 1.0161 0.000596419
22.8 1.0161 0.000466433
24 1.0161 0.000338673
25.2 1.0161 0.000219299
26.4 1.0161 0.000116132
27.6 1.0161 4.16488e-05
28.8 1.0161 5.75536e-06
30 1.0161 -5.00806e-35
-30 1.06695 -4.85262e-35
-28.8 1.06695 5.41572e-06
-27.6 1.06695 4.07365e-05
-26.4 1.06695 0.00011504
-25.2 1.06695 0.00021849
-24 1.06695 0.000338257
-22.8 1.06695 0.00046629
-21.6 1.06695 0.000596469
-20.4 1.06695 0.000720758
-19.2 1.06695 0.000830057
-18 1.06695 0.000917961
-16.8 1.06695 0.000982315
-15.6 1.06695 0.0010208
-14.4 1.06695 0.00102402
-13.2 1.06695 0.000979221
-12 1.06695 0.000892127
-10.8 1.06695 0.000803759
-9.6 1.06695 0.000757464
-8.4 1.06695 0.000718595
-7.2 1.06695 0.00055133
-6 1.06695 0.000166702
-4.8 1.06695 -0.000247924
-3.6 1.06695 -0.000244279
-2.4 1.06695 0.000446894
-1.2 1.06695 0.00144909
0 1.06695 0.00193112
1.2 1.06695 0.00144766
2.4 1.06695 0.000445029
3.6 1.06695 -0.000245248
4.8 1.06695 -0.000247701
6 1.06695 0.000167256
7.2 1.06695 0.000551466
8.4 1.06695 0.000718331
9.6 1.06695 0.00075715
10.8 1.06695 0.000803578
12 1.06695 0.000892046
13.2 1.06695 0.00097917
14.4 1.06695 0.00102399
15.6 1.06695 0.00102081
16.8 1.06695 0.000982394
18 1.06695 0.000918089
19.2 1.06695 0.00083021
20.4 1.06695 0.000720911
21.6 1.06695 0.000596603
22.8 1.06695 0.000466395
24 1.06695 0.000338329
25.2 1.06695 0.00021853
26.4 1.06695 0.000115056
27.6 1.06695 4.07389e-05
28.8 1.06695 5.41492e-06
30 1.06695 -4.85264e-35
-30 1.1178 -4.69867e-35
-28.8 1.1178 5.08057e-06
-27.6 1.1178 3.98323e-05
-26.4 1.1178 0.000113959
-25.2 1.1178 0.000217709
-24 1.1178 0.000337905
-22.8 1.1178 0.000466252
-21.6 1.1178 0.000596654
-20.4 1.1178 0.000721136
-19.2 1.1178 0.000830582
-18 1.1178 0.000918633
-16.8 1.1178 0.000983284
-15.6 1.1178 0.00102217
-14.4 1.1178 0.00102538
-13.2 1.1178 0.000979627
-12 1.1178 0.000891239
-10.8 1.1178 0.000803339
-9.6 1.1178 0.000760567
-8.4 1.1178 0.000725162
-7.2 1.1178 0.000554404
-6 1.1178 0.000156739
-4.8 1.1178 -0.000270381
-3.6 1.1178 -0.000260578
-2.4 1.1178 0.000462695
-1.2 1.1178 0.00150565
0 1.1178 0.00200641
1.2 1.1178 0.00150422
2.4 1.1178 0.000460802
3.6 1.1178 -0.000261581
4.8 1.1178 -0.000270161
6 1.1178 0.000157311
7.2 1.1178 0.000554548
8.4 1.1178 0.000724889
9.6 1.1178 0.000760241
10.8 1.1178 0.000803149
12 1.1178 0.000891152
13.2 1.1178 0.000979572
14.4 1.1178 0.00102535
15.6 1.1178 0.00102219
16.8 1.1178 0.000983368
18 1.1178 0.000918768
19.2 1.1178 0.000830743
20.4 1.1178 0.000721296
21.6 1.1178 0.000596796
22.8 1.1178 0.000466363
24 1.1178 0.000337981
25.2 1.1178 0.000217751
26.4 1.1178 0.000113975
27.6 1.1178 3.98347e-05
28.8 1.1178 5.07967e-06
30 1.1178 -4.69866e-35
-30 1.16864 -4.54608e-35
-28.8 1.16864 4.75028e-06
-27.6 1.16864 3.89335e-05
-26.4 1.16864 0.000112873
-25.2 1.16864 0.000216917
-24 1.16864 0.00033755
-22.8 1.16864 0.000466221
-21.6 1.16864 0.000596847
-20.4 1.16864 0.000721514
-19.2 1.16864 0.000831102
-18 1.16864 0.000919307
-16.8 1.16864 0.000984272
-15.6 1.16864 0.00102356
-14.4 1.16864 0.00102674
-13.2 1.16864 0.000979989
-12 1.16864 0.000890312
-10.8 1.16864 0.000802967
-9.6 1.16864 0.000763796
-8.4 1.16864 0.000731788
-7.2 1.16864 0.000557366
-6 1.16864 0.000146633
-4.8 1.16864 -0.000292789
-3.6 1.16864 -0.000276744
-2.4 1.16864 0.000478209
-1.2 1.16864 0.00156118
0 1.16864 0.00208028
1.2 1.16864 0.00155976
2.4 1.16864 0.000476297
3.6 1.16864 -0.000277779
4.8 1.16864 -0.000292573
6 1.16864 0.000147222
7.2 1.16864 0.000557517
8.4 1.16864 0.000731507
9.6 1.16864 0.000763457
10.8 1.16864 0.000802768
12 1.16864 0.00089022
13.2 1.16864 0.00097993
14.4 1.16864 0.0010267
15.6 1.16864 0.00102358
16.8 1.16864 0.000984359
18 1.16864 0.000919449
19.2 1.16864 0.000831271
20.4 1.16864 0.000721682
21.6 1.16864 0.000596995
22.8 1.16864 0.000466337
24 1.16864 0.000337629
25.2 1.16864 0.000216961
26.4 1.16864 0.00011289
27.6 1.16864 3.89358e-05
28.8 1.16864 4.74928e-06
30 1.16864 -4.54604e-35
-30 1.21949 -4.39475e-35
-28.8 1.21949 4.42452e-06
-27.6 1.21949 3.80397e-05
-26.4 1.21949 0.000111783
-25.2 1.21949 0.000216114
-24 1.21949 0.000337189
-22.8 1.21949 0.000466195
-21.6 1.21949 0.000597047
-20.4 1.21949 0.000721893
-19.2 1.21949 0.000831618
-18 1.21949 0.000919983
-16.8 1.21949 0.000985278
-15.6 1.21949 0.00102498
-14.4 1.21949 0.0010281
-13.2 1.21949 0.000980305
-12 1.21949 0.000889346
-10.8 1.21949 0.000802646
-9.6 1.21949 0.000767154
-8.4 1.21949 0.000738472
-7.2 1.21949 0.000560214
-6 1.21949 0.000136381
-4.8 1.21949 -0.000315149
-3.6 1.21949 -0.000292781
-2.4 1.21949 0.000493435
-1.2 1.21949 0.00161568
0 1.21949 0.00215275
1.2 1.21949 0.00161427
2.4 1.21949 0.00049151
3.6 1.21949 -0.000293847
4.8 1.21949 -0.000314938
6 1.21949 0.000136986
7.2 1.21949 0.000560373
8.4 1.21949 0.000738183
9.6 1.21949 0.000766803
10.8 1.21949 0.000802437
12 1.21949 0.000889248
13.2 1.21949 0.000980243
14.4 1.21949 0.00102806
15.6 1.21949 0.001025
16.8 1.21949 0.00098537
18 1.21949 0.000920132
19.2 1.21949 0.000831794
20.4 1.21949 0.000722069
21.6 1.21949 0.000597202
22.8 1.21949 0.000466317
24 1.21949 0.000337272
25.2 1.21949 0.00021616
26.4 1.21949 0.000111801
27.6 1.21949 3.80419e-05
28.8 1.21949 4.42341e-06
30 1.21949 -4.39468e-35
-30 1.27034 -4.24462e-35
-28.8 1.27034 4.103e-06
-27.6 1.27034 3.71505e-05
-26.4 1.27034 0.000110689
-25.2 1.27034 0.000215301
-24 1.27034 0.000336825
-22.8 1.27034 0.000466175
-21.6 1.27034 0.000597255
-20.4 1.27034 0.000722273
-19.2 1.27034 0.000832128
-18 1.27034 0.000920661
-16.8 1.27034 0.000986303
-15.6 1.27034 0.00102643
-14.4 1.27034 0.00102945
-13.2 1.27034 0.000980573
-12 1.27034 0.000888341
-10.8 1.27034 0.000802378
-9.6 1.27034 0.000770645
-8.4 1.27034 0.000745214
-7.2 1.27034 0.000562945
-6 1.27034 0.000125984
-4.8 1.27034 -0.000337463
-3.6 1.27034 -0.000308694
-2.4 1.27034 0.000508368
-1.2 1.27034 0.00166915
0 1.27034 0.00222382
1.2 1.27034 0.00166777
2.4 1.27034 0.000506437
3.6 1.27034 -0.000309789
4.8 1.27034 -0.000337259
6 1.27034 0.000126604
7.2 1.27034 0.000563112
8.4 1.27034 0.000744918
9.6 1.27034 0.000770281
10.8 1.27034 0.000802161
12 1.27034 0.000888237
13.2 1.27034 0.000980507
14.4 1.27034 0.00102941
15.6 1.27034 0.00102645
16.8 1.27034 0.000986399
18 1.27034 0.000920816
19.2 1.27034 0.000832312
20.4 1.27034 0.000722457
21.6 1.27034 0.000597417
22.8 1.27034 0.000466302
24 1.27034 0.000336911
25.2 1.27034 0.000215349
26.4 1.27034 0.000110707
27.6 1.27034 3.71526e-05
28.8 1.27034 4.10178e-06
30 1.27034 -4.24451e-35
-30 1.32119 -4.09559e-35
-28.8 1.32119 3.78547e-06
-27.6 1.32119 3.62656e-05
-26.4 1.32119 0.00010959
-25.2 1.32119 0.000214478
-24 1.32119 0.000336455
-22.8 1.32119 0.000466161
-21.6 1.32119 0.00059747
-20.4 1.32119 0.000722653
-19.2 1.32119 0.000832634
-18 1.32119 0.00092134
-16.8 1.32119 0.000987348
-15.6 1.32119 0.0010279
-14.4 1.32119 0.0010308
-13.2 1.32119 0.000980791
-12 1.32119 0.000887295
-10.8 1.32119 0.000802167
-9.6 1.32119 0.000774271
-8.4 1.32119 0.000752015
-7.2 1.32119 0.000565559
-6 1.32119 0.000115439
-4.8 1.32119 -0.000359732
-3.6 1.32119 -0.000324486
-2.4 1.32119 0.000523006
-1.2 1.32119 0.0017216
0 1.32119 0.00229351
1.2 1.32119 0.00172025
2.4 1.32119 0.000521078
3.6 1.32119 -0.000325608
4.8 1.32119 -0.000359537
6 1.32119 0.000116073
7.2 1.32119 0.000565734
8.4 1.32119 0.000751712
9.6 1.32119 0.000773895
10.8 1.32119 0.000801941
12 1.32119 0.000887185
13.2 1.32119 0.00098072
14.4 1.32119 0.00103076
15.6 1.32119 0.00102792
16.8 1.32119 0.000987449
18 1.32119 0.000921502
19.2 1.32119 0.000832826
20.4 1.32119 0.000722845
21.6 1.32119 0.000597639
22.8 1.32119 0.000466293
24 1.32119 0.000336545
25.2 1.32119 0.000214528
26.4 1.32119 0.000109609
27.6 1.32119 3.62676e-05
28.8 1.32119 3.78414e-06
30 1.32119 -4.09545e-35
-30 1.37203 -3.94762e-35
-28.8 1.37203 3.47168e-06
-27.6 1.37203 3.53848e-05
-26.4 1.37203 0.000108488
-25.2 1.37203 0.000213645
-24 1.37203 0.000336081
-22.8 1.37203 0.000466151
-21.6 1.37203 0.000597693
-20.4 1.37203 0.000723034
-19.2 1.37203 0.000833134
-18 1.37203 0.000922021
-16.8 1.37203 0.000988414
-15.6 1.37203 0.0010294
-14.4 1.37203 0.00103215
-13.2 1.37203 0.000980957
-12 1.37203 0.000886208
-10.8 1.37203 0.000802015
-9.6 1.37203 0.000778035
-8.4 1.37203 0.000758874
-7.2 1.37203 0.000568053
-6 1.37203 0.000104746
-4.8 1.37203 -0.000381958
-3.6 1.37203 -0.000340161
-2.4 1.37203 0.000537346
-1.2 1.37203 0.00177304
0 1.37203 0.00236182
1.2 1.37203 0.00177172
2.4 1.37203 0.000535428
3.6 1.37203 -0.000341308
4.8 1.37203 -0.000381773
6 1.37203 0.000105392
7.2 1.37203 0.000568236
8.4 1.37203 0.000758565
9.6 1.37203 0.000777647
10.8 1.37203 0.00080178
12 1.37203 0.000886093
13.2 1.37203 0.000980882
14.4 1.37203 0.00103211
15.6 1.37203 0.00102943
16.8 1.37203 0.00098852
18 1.37203 0.000922189
19.2 1.37203 0.000833333
20.4 1.37203 0.000723234
21.6 1.37203 0.000597869
22.8 1.37203 0.000466288
24 1.37203 0.000336174
25.2 1.37203 0.000213696
26.4 1.37203 0.000108506
27.6 1.37203 3.53866e-05
28.8 1.37203 3.47023e-06
30 1.37203 -3.94744e-35
-30 1.42288 -3.80064e-35
-28.8 1.42288 3.16142e-06
-27.6 1.42288 3.45077e-05
-26.4 1.42288 0.000107381
-25.2 1.42288 0.000212802
-24 1.42288 0.000335703
-22.8 1.42288 0.000466147
-21.6 1.42288 0.000597924
-20.4 1.42288 0.000723416
-19.2 1.42288 0.000833628
-18 1.42288 0.000922703
-16.8 1.42288 0.000989502
-15.6 1.42288 0.00103093
-14.4 1.42288 0.00103349
-13.2 1.42288 0.000981068
-12 1.42288 0.000885081
-10.8 1.42288 0.000801925
-9.6 1.42288 0.000781939
-8.4 1.42288 0.000765793
-7.2 1.42288 0.000570426
-6 1.42288 9.39039e-05
-4.8 1.42288 -0.000404144
-3.6 1.42288 -0.000355723
-2.4 1.42288 0.000551388
-1.2 1.42288 0.00182346
0 1.42288 0.00242875
1.2 1.42288 0.00182219
2.4 1.42288 0.000549487
3.6 1.42288 -0.000356893
4.8 1.42288 -0.000403971
6 1.42288 9.45609e-05
7.2 1.42288 0.000570618
8.4 1.42288 0.000765477
9.6 1.42288 0.00078154
10.8 1.42288 0.000801679
12 1.42288 0.000884959
13.2 1.42288 0.000980989
14.4 1.42288 0.00103345
15.6 1.42288 0.00103096
16.8 1.42288 0.000989612
18 1.42288 0.000922879
19.2 1.42288 0.000833836
20.4 1.42288 0.000723624
21.6 1.42288 0.000598107
22.8 1.42288 0.00046629
24 1.42288 0.000335799
25.2 1.42288 0.000212855
26.4 1.42288 0.0001074
27.6 1.42288 3.45094e-05
28.8 1.42288 3.15984e-06
30 1.42288 -3.80041e-35
-30 1.47373 -3.65458e-35
-28.8 1.47373 2.85449e-06
-27.6 1.47373 3.36341e-05
-26.4 1.47373 0.00010627
-25.2 1.47373 0.00021195
-24 1.47373 0.00033532
-22.8 1.47373 0.000466148
-21.6 1.47373 0.000598162
-20.4 1.47373 0.000723798
-19.2 1.47373 0.000834116
-18 1.47373 0.000923388
-16.8 1.47373 0.000990612
-15.6 1.47373 0.00103249
-14.4 1.47373 0.00103483
-13.2 1.47373 0.000981124
-12 1.47373 0.000883913
-10.8 1.47373 0.000801897
-9.6 1.47373 0.000785987
-8.4 1.47373 0.00077277
-7.2 1.47373 0.000572677
-6 1.47373 8.29106e-05
-4.8 1.47373 -0.000426291
-3.6 1.47373 -0.000371176
-2.4 1.47373 0.000565128
-1.2 1.47373 0.00187287
0 1.47373 0.00249432
1.2 1.47373 0.00187166
2.4 1.47373 0.000563252
3.6 1.47373 -0.000372366
4.8 1.47373 -0.000426131
6 1.47373 8.35775e-05
7.2 1.47373 0.000572878
8.4 1.47373 0.00077245
9.6 1.47373 0.000785576
10.8 1.47373 0.000801642
12 1.47373 0.000883784
13.2 1.47373 0.000981041
14.4 1.47373 0.00103478
15.6 1.47373 0.00103251
16.8 1.47373 0.000990727
18 1.47373 0.00092357
19.2 1.47373 0.000834332
20.4 1.47373 0.000724014
21.6 1.47373 0.000598352
22.8 1.47373 0.000466296
24 1.47373 0.00033542
25.2 1.47373 0.000212004
26.4 1.47373 0.000106289
27.6 1.47373 3.36356e-05
28.8 1.47373 2.85278e-06
30 1.47373 -3.65431e-35
-30 1.52458 -3.5094e-35
-28.8 1.52458 2.5507e-06
-27.6 1.52458 3.27637e-05
-26.4 1.52458 0.000105154
-25.2 1.52458 0.000211088
-24 1.52458 0.000334932
-22.8 1.52458 0.000466154
-21.6 1.52458 0.000598408
-20.4 1.52458 0.000724181
-19.2 1.52458 0.000834599
-18 1.52458 0.000924074
-16.8 1.52458 0.000991744
-15.6 1.52458 0.00103407
-14.4 1.52458 0.00103615
-13.2 1.52458 0.000981122
-12 1.52458 0.000882703
-10.8 1.52458 0.000801935
-9.6 1.52458 0.00079018
-8.4 1.52458 0.000779808
-7.2 1.52458 0.000574806
-6 1.52458 7.17651e-05
-4.8 1.52458 -0.000448402
-3.6 1.52458 -0.000386523
-2.4 1.52458 0.000578566
-1.2 1.52458 0.00192128
0 1.52458 0.00255854
1.2 1.52458 0.00192013
2.4 1.52458 0.000576722
3.6 1.52458 -0.000387732
4.8 1.52458 -0.000448257
6 1.52458 7.24404e-05
7.2 1.52458 0.000575015
8.4 1.52458 0.000779483
9.6 1.52458 0.000789758
10.8 1.52458 0.00080167
12 1.52458 0.000882568
13.2 1.52458 0.000981035
14.4 1.52458 0.00103611
15.6 1.52458 0.0010341
16.8 1.52458 0.000991864
18 1.52458 0.000924264
19.2 1.52458 0.000834823
20.4 1.52458 0.000724405
21.6 1.52458 0.000598605
22.8 1.52458 0.000466307
24 1.52458 0.000335035
25.2 1.52458 0.000211144
26.4 1.52458 0.000105174
27.6 1.52458 3.27651e-05
28.8 1.52458 2.54886e-06
30 1.52458 -3.50907e-35
-30 1.57542 -3.36503e-35
-28.8 1.57542 2.24989e-06
-27.6 1.57542 3.18964e-05
-26.4 1.57542 0.000104035
-25.2 1.57542 0.000210217
-24 1.57542 0.00033454
-22.8 1.57542 0.000466165
-21.6 1.57542 0.000598662
-20.4 1.57542 0.000724564
-19.2 1.57542 0.000835075
-18 1.57542 0.000924763
-16.8 1.57542 0.000992901
-15.6 1.57542 0.00103568
-14.4 1.57542 0.00103747
-13.2 1.57542 0.000981062
-12 1.57542 0.000881452
-10.8 1.57542 0.00080204
-9.6 1.57542 0.000794521
-8.4 1.57542 0.000786906
-7.2 1.57542 0.000576811
-6 1.57542 6.0466e-05
-4.8 1.57542 -0.00047048
-3.6 1.57542 -0.000401768
-2.4 1.57542 0.000591699
-1.2 1.57542 0.00196868
0 1.57542 0.0026214
1.2 1.57542 0.0019676
2.4 1.57542 0.000589896
3.6 1.57542 -0.000402992
4.8 1.57542 -0.00047035
6 1.57542 6.11484e-05
7.2 1.57542 0.000577029
8.4 1.57542 0.000786577
9.6 1.57542 0.000794088
10.8 1.57542 0.000801766
12 1.57542 0.000881311
13.2 1.57542 0.00098097
14.4 1.57542 0.00103743
15.6 1.57542 0.00103572
16.8 1.57542 0.000993026
18 1.57542 0.00092496
19.2 1.57542 0.000835307
20.4 1.57542 0.000724796
21.6 1.57542 0.000598866
22.8 1.57542 0.000466323
24 1.57542 0.000334646
25.2 1.57542 0.000210274
26.4 1.57542 0.000104055
27.6 1.57542 3.18975e-05
28.8 1.57542 2.24791e-06
30 1.57542 -3.36466e-35
-30 1.62627 -3.22144e-35
-28.8 1.62627 1.95189e-06
-27.6 1.62627 3.10319e-05
-26.4 1.62627 0.000102912
-25.2 1.62627 0.000209336
-24 1.62627 0.000334143
-22.8 1.62627 0.00046618
-21.6 1.62627 0.000598923
-20.4 1.62627 0.000724947
-19.2 1.62627 0.000835545
-18 1.62627 0.000925455
-16.8 1.62627 0.000994082
-15.6 1.62627 0.00103733
-14.4 1.62627 0.00103878
-13.2 1.62627 0.00098094
-12 1.62627 0.000880159
-10.8 1.62627 0.000802215
-9.6 1.62627 0.000799012
-8.4 1.62627 0.000794065
-7.2 1.62627 0.000578693
-6 1.62627 4.90117e-05
-4.8 1.62627 -0.000492526
-3.6 1.62627 -0.000416915
-2.4 1.62627 0.000604528
-1.2 1.62627 0.00201508
0 1.62627 0.00268291
1.2 1.62627 0.00201408
2.4 1.62627 0.000602772
3.6 1.62627 -0.000418152
4.8 1.62627 -0.000492415
6 1.62627 4.96998e-05
7.2 1.62627 0.000578919
8.4 1.62627 0.000793734
9.6 1.62627 0.000798568
10.8 1.62627 0.000801931
12 1.62627 0.000880011
13.2 1.62627 0.000980844
14.4 1.62627 0.00103873
15.6 1.62627 0.00103736
16.8 1.62627 0.000994211
18 1.62627 0.000925658
19.2 1.62627 0.000835785
20.4 1.62627 0.000725187
21.6 1.62627 0.000599134
22.8 1.62627 0.000466345
24 1.62627 0.000334253
25.2 1.62627 0.000209395
26.4 1.62627 0.000102932
27.6 1.62627 3.10328e-05
28.8 1.62627 1.94977e-06
30 1.62627 -3.22102e-35
-30 1.67712 -3.07858e-35
-28.8 1.67712 1.65656e-06
-27.6 1.67712 3.01699e-05
-26.4 1.67712 0.000101784
-25.2 1.67712 0.000208446
-24 1.67712 0.000333741
-22.8 1.67712 0.000466201
-21.6 1.67712 0.000599192
-20.4 1.67712 0.000725331
-19.2 1.67712 0.000836008
-18 1.67712 0.000926149
-16.8 1.67712 0.000995288
-15.6 1.67712 0.001039
-14.4 1.67712 0.00104008
-13.2 1.67712 0.000980757
-12 1.67712 0.000878826
-10.8 1.67712 0.000802461
-9.6 1.67712 0.000803655
-8.4 1.67712 0.000801287
-7.2 1.67712 0.000580449
-6 1.67712 3.74006e-05
-4.8 1.67712 -0.000514545
-3.6 1.67712 -0.000431966
-2.4 1.67712 0.00061705
-1.2 1.67712 0.00206049
0 1.67712 0.00274308
1.2 1.67712 0.00205958
2.4 1.67712 0.00061535
3.6 1.67712 -0.000433213
4.8 1.67712 -0.000514453
6 1.67712 3.8093e-05
7.2 1.67712 0.000580685
8.4 1.67712 0.000800952
9.6 1.67712 0.000803201
10.8 1.67712 0.000802167
12 1.67712 0.000878671
13.2 1.67712 0.000980656
14.4 1.67712 0.00104003
15.6 1.67712 0.00103903
16.8 1.67712 0.000995422
18 1.67712 0.00092636
19.2 1.67712 0.000836257
20.4 1.67712 0.000725579
21.6 1.67712 0.00059941
22.8 1.67712 0.000466371
24 1.67712 0.000333855
25.2 1.67712 0.000208507
26.4 1.67712 0.000101805
27.6 1.67712 3.01706e-05
28.8 1.67712 1.65429e-06
30 1.67712 -3.0781e-35
-30 1.72797 -2.9364e-35
-28.8 1.72797 1.36377e-06
-27.6 1.72797 2.93103e-05
-26.4 1.72797 0.000100652
-25.2 1.72797 0.000207547
-24 1.72797 0.000333335
-22.8 1.72797 0.000466227
-21.6 1.72797 0.000599468
-20.4 1.72797 0.000725714
-19.2 1.72797 0.000836465
-18 1.72797 0.000926847
-16.8 1.72797 0.000996519
-15.6 1.72797 0.0010407
-14.4 1.72797 0.00104137
-13.2 1.72797 0.000980511
-12 1.72797 0.000877451
-10.8 1.72797 0.000802779
-9.6 1.72797 0.000808451
-8.4 1.72797 0.000808571
-7.2 1.72797 0.00058208
-6 1.72797 2.56313e-05
-4.8 1.72797 -0.000536539
-3.6 1.72797 -0.000446924
-2.4 1.72797 0.000629266
-1.2 1.72797 0.00210491
0 1.72797 0.00280192
1.2 1.72797 0.00210408
2.4 1.72797 0.000627629
3.6 1.72797 -0.00044818
4.8 1.72797 -0.000536467
6 1.72797 2.63263e-05
7.2 1.72797 0.000582325
8.4 1.72797 0.000808235
9.6 1.72797 0.000807987
10.8 1.72797 0.000802475
12 1.72797 0.000877288
13.2 1.72797 0.000980405
14.4 1.72797 0.00104132
15.6 1.72797 0.00104074
16.8 1.72797 0.000996659
18 1.72797 0.000927065
19.2 1.72797 0.000836722
20.4 1.72797 0.00072597
21.6 1.72797 0.000599694
22.8 1.72797 0.000466402
24 1.72797 0.000333452
25.2 1.72797 0.00020761
26.4 1.72797 0.000100673
27.6 1.72797 2.93107e-05
28.8 1.72797 1.36135e-06
30 1.72797 -2.93586e-35
-30 1.77881 -2.79486e-35
-28.8 1.77881 1.07339e-06
-27.6 1.77881 2.84529e-05
-26.4 1.77881 9.95156e-05
-25.2 1.77881 0.000206639
-24 1.77881 0.000332925
-22.8 1.77881 0.000466257
-21.6 1.77881 0.000599752
-20.4 1.77881 0.000726097
-19.2 1.77881 0.000836915
-18 1.77881 0.000927548
-16.8 1.77881 0.000997778
-15.6 1.77881 0.00104243
-14.4 1.77881 0.00104264
-13.2 1.77881 0.0009802
-12 1.77881 0.000876034
-10.8 1.77881 0.000803172
-9.6 1.77881 0.000813403
-8.4 1.77881 0.00081592
-7.2 1.77881 0.000583587
-6 1.77881 1.37018e-05
-4.8 1.77881 -0.000558512
-3.6 1.77881 -0.000461793
-2.4 1.77881 0.000641174
-1.2 1.77881 0.00214834
0 1.77881 0.00285942
1.2 1.77881 0.00214761
2.4 1.77881 0.000639609
3.6 1.77881 -0.000463055
4.8 1.77881 -0.000558461
6 1.77881 1.43981e-05
7.2 1.77881 0.00058384
8.4 1.77881 0.000815582
9.6 1.77881 0.000812929
10.8 1.77881 0.000802857
12 1.77881 0.000875865
13.2 1.77881 0.000980089
14.4 1.77881 0.00104259
15.6 1.77881 0.00104247
16.8 1.77881 0.000997922
18 1.77881 0.000927774
19.2 1.77881 0.00083718
20.4 1.77881 0.000726361
21.6 1.77881 0.000599985
22.8 1.77881 0.000466438
24 1.77881 0.000333045
25.2 1.77881 0.000206703
26.4 1.77881 9.9537e-05
27.6 1.77881 2.84531e-05
28.8 1.77881 1.07081e-06
30 1.77881 -2.79426e-35
-30 1.82966 -2.65393e-35
-28.8 1.82966 7.85294e-07
-27.6 1.82966 2.75975e-05
-26.4 1.82966 9.8375e-05
-25.2 1.82966 0.000205722
-24 1.82966 0.00033251
-22.8 1.82966 0.000466292
-21.6 1.82966 0.000600043
-20.4 1.82966 0.000726479
-19.2 1.82966 0.000837359
-18 1.82966 0.000928254
-16.8 1.82966 0.000999063
-15.6 1.82966 0.00104419
-14.4 1.82966 0.00104391
-13.2 1.82966 0.000979823
-12 1.82966 0.000874577
-10.8 1.82966 0.00080364
-9.6 1.82966 0.000818512
-8.4 1.82966 0.000823333
-7.2 1.82966 0.000584968
-6 1.82966 1.61053e-06
-4.8 1.82966 -0.000580466
-3.6 1.82966 -0.000476576
-2.4 1.82966 0.000652775
-1.2 1.82966 0.00219078
0 1.82966 0.0029156
1.2 1.82966 0.00219016
2.4 1.82966 0.000651289
3.6 1.82966 -0.000477841
4.8 1.82966 -0.000580438
6 1.82966 2.30652e-06
7.2 1.82966 0.00058523
8.4 1.82966 0.000822995
9.6 1.82966 0.000818029
10.8 1.82966 0.000803316
12 1.82966 0.0008744
13.2 1.82966 0.000979708
14.4 1.82966 0.00104385
15.6 1.82966 0.00104423
16.8 1.82966 0.000999213
18 1.82966 0.000928487
19.2 1.82966 0.000837632
20.4 1.82966 0.000726752
21.6 1.82966 0.000600283
22.8 1.82966 0.000466479
24 1.82966 0.000332634
25.2 1.82966 0.000205788
26.4 1.82966 9.83966e-05
27.6 1.82966 2.75974e-05
28.8 1.82966 7.82557e-07
30 1.82966 -2.65327e-35
-30 1.88051 -2.51356e-35
-28.8 1.88051 4.99379e-07
-27.6 1.88051 2.67439e-05
-26.4 1.88051 9.723e-05
-25.2 1.88051 0.000204797
-24 1.88051 0.000332091
-22.8 1.88051 0.000466333
-21.6 1.88051 0.000600341
-20.4 1.88051 0.00072686
-19.2 1.88051 0.000837796
-18 1.88051 0.000928964
-16.8 1.88051 0.00100038
-15.6 1.88051 0.00104598
-14.4 1.88051 0.00104515
-13.2 1.88051 0.00097938
-12 1.88051 0.000873078
-10.8 1.88051 0.000804185
-9.6 1.88051 0.00082378
-8.4 1.88051 0.000830813
-7.2 1.88051 0.000586224
-6 1.88051 -1.06444e-05
-4.8 1.88051 -0.000602405
-3.6 1.88051 -0.000491276
-2.4 1.88051 0.000664069
-1.2 1.88051 0.00223224
0 1.88051 0.00297046
1.2 1.88051 0.00223173
2.4 1.88051 0.000662669
3.6 1.88051 -0.000492541
4.8 1.88051 -0.000602402
6 1.88051 -9.9503e-06
7.2 1.88051 0.000586494
8.4 1.88051 0.000830475
9.6 1.88051 0.000823288
10.8 1.88051 0.000803851
12 1.88051 0.000872894
13.2 1.88051 0.000979259
14.4 1.88051 0.00104509
15.6 1.88051 0.00104603
16.8 1.88051 0.00100053
18 1.88051 0.000929205
19.2 1.88051 0.000838078
20.4 1.88051 0.000727141
21.6 1.88051 0.000600588
22.8 1.88051 0.000466524
24 1.88051 0.000332219
25.2 1.88051 0.000204864
26.4 1.88051 9.72518e-05
27.6 1.88051 2.67435e-05
28.8 1.88051 4.96477e-07
30 1.88051 -2.51284e-35
-30 1.93136 -2.37373e-35
-28.8 1.93136 2.15537e-07
-27.6 1.93136 2.58919e-05
-26.4 1.93136 9.60806e-05
-25.2 1.93136 0.000203862
-24 1.93136 0.000331668
-22.8 1.93136 0.000466378
-21.6 1.93136 0.000600646
-20.4 1.93136 0.000727241
-19.2 1.93136 0.000838226
-18 1.93136 0.00092968
-16.8 1.93136 0.00100172
-15.6 1.93136 0.0010478
-14.4 1.93136 0.00104638
-13.2 1.93136 0.000978869
-12 1.93136 0.000871539
-10.8 1.93136 0.000804808
-9.6 1.93136 0.000829208
-8.4 1.93136 0.000838361
-7.2 1.93136 0.000587355
-6 1.93136 -2.30649e-05
-4.8 1.93136 -0.000624333
-3.6 1.93136 -0.000505895
-2.4 1.93136 0.000675056
-1.2 1.93136 0.00227272
0 1.93136 0.00302401
1.2 1.93136 0.00227234
2.4 1.93136 0.000673749
3.6 1.93136 -0.000507157
4.8 1.93136 -0.000624356
6 1.93136 -2.23743e-05
7.2 1.93136 0.000587634
8.4 1.93136 0.000838022
9.6 1.93136 0.000828707
10.8 1.93136 0.000804464
12 1.93136 0.000871347
13.2 1.93136 0.000978744
14.4 1.93136 0.00104632
15.6 1.93136 0.00104785
16.8 1.93136 0.00100188
18 1.93136 0.000929928
19.2 1.93136 0.000838516
20.4 1.93136 0.00072753
21.6 1.93136 0.0006009
22.8 1.93136 0.000466575
24 1.93136 0.000331799
25.2 1.93136 0.000203931
26.4 1.93136 9.61025e-05
27.6 1.93136 2.58912e-05
28.8 1.93136 2.12465e-07
30 1.93136 -2.37293e-35
-30 1.9822 -2.23439e-35
-28.8 1.9822 -6.63309e-08
-27.6 1.9822 2.50414e-05
-26.4 1.9822 9.49267e-05
-25.2 1.9822 0.000202919
-24 1.9822 0.00033124
-22.8 1.9822 0.000466428
-21.6 1.9822 0.000600957
-20.4 1.9822 0.00072762
-19.2 1.9822 0.000838649
-18 1.9822 0.000930401
-16.8 1.9822 0.00100309
-15.6 1.9822 0.00104965
-14.4 1.9822 0.00104759
-13.2 1.9822 0.00097829
-12 1.9822 0.00086996
-10.8 1.9822 0.000805511
-9.6 1.9822 0.000834798
-8.4 1.9822 0.000845978
-7.2 1.9822 0.000588362
-6 1.9822 -3.56529e-05
-4.8 1.9822 -0.000646253
-3.6 1.9822 -0.000520437
-2.4 1.9822 0.000685736
-1.2 1.9822 0.00231223
0 1.9822 0.00307624
1.2 1.9822 0.00231197
2.4 1.9822 0.000684531
3.6 1.9822 -0.000521693
4.8 1.9822 -0.000646303
6 1.9822 -3.49673e-05
7.2 1.9822 0.000588649
8.4 1.9822 0.00084564
9.6 1.9822 0.000834289
10.8 1.9822 0.000805156
12 1.9822 0.00086976
13.2 1.9822 0.000978159
14.4 1.9822 0.00104753
15.6 1.9822 0.0010497
16.8 1.9822 0.00100325
18 1.9822 0.000930657
19.2 1.9822 0.000838948
20.4 1.9822 0.000727918
21.6 1.9822 0.000601219
22.8 1.9822 0.000466631
24 1.9822 0.000331375
25.2 1.9822 0.000202989
26.4 1.9822 9.49487e-05
27.6 1.9822 2.50404e-05
28.8 1.9822 -6.95766e-08
30 1.9822 -2.23353e-35
-30 2.03305 -2.09552e-35
-28.8 2.03305 -3.46319e-07
-27.6 2.03305 2.41923e-05
-26.4 2.03305 9.37682e-05
-25.2 2.03305 0.000201967
-24 2.03305 0.000330809
-22.8 2.03305 0.000466482
-21.6 2.03305 0.000601276
-20.4 2.03305 0.000727997
-19.2 2.03305 0.000839066
-18 2.03305 0.000931129
-16.8 2.03305 0.00100449
-15.6 2.03305 0.00105153
-14.4 2.03305 0.00104879
-13.2 2.03305 0.000977642
-12 2.03305 0.000868341
-10.8 2.03305 0.000806294
-9.6 2.03305 0.00084055
-8.4 2.03305 0.000853664
-7.2 2.03305 0.000589245
-6 2.03305 -4.84104e-05
-4.8 2.03305 -0.00066817
-3.6 2.03305 -0.000534904
-2.4 2.03305 0.00069611
-1.2 2.03305 0.00235076
0 2.03305 0.00312716
1.2 2.03305 0.00235063
2.4 2.03305 0.000695014
3.6 2.03305 -0.000536152
4.8 2.03305 -0.000668248
6 2.03305 -4.77316e-05
7.2 2.03305 0.000589539
8.4 2.03305 0.000853328
9.6 2.03305 0.000840033
10.8 2.03305 0.000805929
12 2.03305 0.000868133
13.2 2.03305 0.000977506
14.4 2.03305 0.00104872
15.6 2.03305 0.00105157
16.8 2.03305 0.00100466
18 2.03305 0.000931393
19.2 2.03305 0.000839374
20.4 2.03305 0.000728303
21.6 2.03305 0.000601545
22.8 2.03305 0.000466691
24 2.03305 0.000330947
25.2 2.03305 0.000202039
26.4 2.03305 9.37903e-05
27.6 2.03305 2.41909e-05
28.8 2.03305 -3.49743e-07
30 2.03305 -2.09458e-35
-30 2.0839 -1.95708e-35
-28.8 2.0839 -6.24518e-07
-27.6 2.0839 2.33443e-05
-26.4 2.0839 9.2605e-05
-25.2 2.0839 0.000201007
-24 2.0839 0.000330374
-22.8 2.0839 0.000466542
-21.6 2.0839 0.000601601
-20.4 2.0839 0.000728372
-19.2 2.0839 0.000839476
-18 2.0839 0.000931864
-16.8 2.0839 0.00100592
-15.6 2.0839 0.00105343
-14.4 2.0839 0.00104996
-13.2 2.0839 0.000976924
-12 2.0839 0.000866682
-10.8 2.0839 0.000807158
-9.6 2.0839 0.000846467
-8.4 2.0839 0.000861423
-7.2 2.0839 0.000590005
-6 2.0839 -6.13395e-05
-4.8 2.0839 -0.000690088
-3.6 2.0839 -0.000549298
-2.4 2.0839 0.000706179
-1.2 2.0839 0.00238832
0 2.0839 0.00317677
1.2 2.0839 0.00238834
2.4 2.0839 0.000705199
3.6 2.0839 -0.000550535
4.8 2.0839 -0.000690195
6 2.0839 -6.0669e-05
7.2 2.0839 0.000590307
8.4 2.0839 0.000861089
9.6 2.0839 0.000845943
10.8 2.0839 0.000806783
12 2.0839 0.000866466
13.2 2.0839 0.000976782
14.4 2.0839 0.00104989
15.6 2.0839 0.00105348
16.8 2.0839 0.0010061
18 2.0839 0.000932135
19.2 2.0839 0.000839792
20.4 2.0839 0.000728687
21.6 2.0839 0.000601877
22.8 2.0839 0.000466757
24 2.0839 0.000330516
25.2 2.0839 0.00020108
26.4 2.0839 9.26272e-05
27.6 2.0839 2.33425e-05
28.8 2.0839 -6.28125e-07
30 2.0839 -1.95606e-35
-30 2.13475 -1.81904e-35
-28.8 2.13475 -9.01012e-07
-27.6 2.13475 2.24972e-05
-26.4 2.13475 9.14371e-05
-25.2 2.13475 0.000200038
-24 2.13475 0.000329935
-22.8 2.13475 0.000466607
-21.6 2.13475 0.000601932
-20.4 2.13475 0.000728746
-19.2 2.13475 0.000839879
-18 2.13475 0.000932606
-16.8 2.13475 0.00100738
-15.6 2.13475 0.00105537
-14.4 2.13475 0.00105111
-13.2 2.13475 0.000976135
-12 2.13475 0.000864984
-10.8 2.13475 0.000808104
-9.6 2.13475 0.000852548
-8.4 2.13475 0.000869256
-7.2 2.13475 0.000590643
-6 2.13475 -7.44422e-05
-4.8 2.13475 -0.000712011
-3.6 2.13475 -0.000563622
-2.4 2.13475 0.000715944
-1.2 2.13475 0.00242492
0 2.13475 0.00322508
1.2 2.13475 0.00242508
2.4 2.13475 0.000715087
3.6 2.13475 -0.000564845
4.8 2.13475 -0.000712148
6 2.13475 -7.37818e-05
7.2 2.13475 0.000590952
8.4 2.13475 0.000868924
9.6 2.13475 0.000852017
10.8 2.13475 0.00080772
12 2.13475 0.00086476
13.2 2.13475 0.000975987
14.4 2.13475 0.00105104
15.6 2.13475 0.00105541
16.8 2.13475 0.00100756
18 2.13475 0.000932885
19.2 2.13475 0.000840204
20.4 2.13475 0.000729069
21.6 2.13475 0.000602216
22.8 2.13475 0.000466827
24 2.13475 0.00033008
25.2 2.13475 0.000200112
26.4 2.13475 9.14594e-05
27.6 2.13475 2.24951e-05
28.8 2.13475 -9.04807e-07
30 2.13475 -1.81794e-35
-30 2.18559 -1.68137e-35
-28.8 2.18559 -1.17588e-06
-27.6 2.18559 2.16511e-05
-26.4 2.18559 9.02645e-05
-25.2 2.18559 0.000199061
-24 2.18559 0.000329492
-22.8 2.18559 0.000466677
-21.6 2.18559 0.000602269
-20.4 2.18559 0.000729116
-19.2 2.18559 0.000840275
-18 2.18559 0.000933356
-16.8 2.18559 0.00100887
-15.6 2.18559 0.00105733
-14.4 2.18559 0.00105224
-13.2 2.18559 0.000975275
-12 2.18559 0.000863248
-10.8 2.18559 0.000809133
-9.6 2.18559 0.000858796
-8.4 2.18559 0.000877163
-7.2 2.18559 0.00059116
-6 2.18559 -8.77206e-05
-4.8 2.18559 -0.000733943
-3.6 2.18559 -0.000577879
-2.4 2.18559 0.000725407
-1.2 2.18559 0.00246055
0 2.18559 0.00327209
1.2 2.18559 0.00246086
2.4 2.18559 0.000724681
3.6 2.18559 -0.000579084
4.8 2.18559 -0.000734111
6 2.18559 -8.7072e-05
7.2 2.18559 0.000591475
8.4 2.18559 0.000876835
9.6 2.18559 0.000858258
10.8 2.18559 0.000808739
12 2.18559 0.000863015
13.2 2.18559 0.000975122
14.4 2.18559 0.00105217
15.6 2.18559 0.00105738
16.8 2.18559 0.00100906
18 2.18559 0.000933644
19.2 2.18559 0.000840609
20.4 2.18559 0.000729449
21.6 2.18559 0.000602561
22.8 2.18559 0.000466903
24 2.18559 0.000329641
25.2 2.18559 0.000199136
26.4 2.18559 9.02867e-05
27.6 2.18559 2.16485e-05
28.8 2.18559 -1.17987e-06
30 2.18559 -1.68019e-35
-30 2.23644 -1.54404e-35
-28.8 2.23644 -1.44921e-06
-27.6 2.23644 2.08056e-05
-26.4 2.23644 8.90869e-05
-25.2 2.23644 0.000198075
-24 2.23644 0.000329046
-22.8 2.23644 0.000466752
-21.6 2.23644 0.000602612
-20.4 2.23644 0.000729484
-19.2 2.23644 0.000840665
-18 2.23644 0.000934116
-16.8 2.23644 0.0010104
-15.6 2.23644 0.00105931
-14.4 2.23644 0.00105335
-13.2 2.23644 0.000974343
-12 2.23644 0.000861474
-10.8 2.23644 0.000810246
-9.6 2.23644 0.000865209
-8.4 2.23644 0.000885148
-7.2 2.23644 0.000591557
-6 2.23644 -0.000101177
-4.8 2.23644 -0.000755889
-3.6 2.23644 -0.00059207
-2.4 2.23644 0.000734569
-1.2 2.23644 0.00249522
0 2.23644 0.0033178
1.2 2.23644 0.00249569
2.4 2.23644 0.00073398
3.6 2.23644 -0.000593256
4.8 2.23644 -0.00075609
6 2.23644 -0.000100542
7.2 2.23644 0.000591879
8.4 2.23644 0.000884823
9.6 2.23644 0.000864666
10.8 2.23644 0.000809842
12 2.23644 0.000861233
13.2 2.23644 0.000974184
14.4 2.23644 0.00105327
15.6 2.23644 0.00105936
16.8 2.23644 0.00101059
18 2.23644 0.000934412
19.2 2.23644 0.000841008
20.4 2.23644 0.000729825
21.6 2.23644 0.000602912
22.8 2.23644 0.000466983
24 2.23644 0.000329198
25.2 2.23644 0.000198152
26.4 2.23644 8.91091e-05
27.6 2.23644 2.08026e-05
28.8 2.23644 -1.4534e-06
30 2.23644 -1.54278e-35
-30 2.28729 -1.40703e-35
-28.8 2.28729 -1.72108e-06
-27.6 2.28729 1.99607e-05
-26.4 2.28729 8.79044e-05
-25.2 2.28729 0.000197081
-24 2.28729 0.000328597
-22.8 2.28729 0.000466831
-21.6 2.28729 0.000602961
-20.4 2.28729 0.000729849
-19.2 2.28729 0.000841048
-18 2.28729 0.000934885
-16.8 2.28729 0.00101196
-15.6 2.28729 0.00106132
-14.4 2.28729 0.00105443
-13.2 2.28729 0.000973339
-12 2.28729 0.000859663
-10.8 2.28729 0.000811443
-9.6 2.28729 0.00087179
-8.4 2.28729 0.000893211
-7.2 2.28729 0.000591836
-6 2.28729 -0.000114814
-4.8 2.28729 -0.000777854
-3.6 2.28729 -0.000606199
-2.4 2.28729 0.000743432
-1.2 2.28729 0.00252893
0 2.28729 0.00336222
1.2 2.28729 0.00252957
2.4 2.28729 0.000742988
3.6 2.28729 -0.000607362
4.8 2.28729 -0.000778088
6 2.28729 -0.000114194
7.2 2.28729 0.000592164
8.4 2.28729 0.00089289
9.6 2.28729 0.000871242
10.8 2.28729 0.00081103
12 2.28729 0.000859413
13.2 2.28729 0.000973174
14.4 2.28729 0.00105435
15.6 2.28729 0.00106138
16.8 2.28729 0.00101216
18 2.28729 0.000935189
19.2 2.28729 0.0008414
20.4 2.28729 0.000730198
21.6 2.28729 0.000603268
22.8 2.28729 0.000467069
24 2.28729 0.000328752
25.2 2.28729 0.000197159
26.4 2.28729 8.79266e-05
27.6 2.28729 1.99573e-05
28.8 2.28729 -1.72547e-06
30 2.28729 -1.40568e-35
-30 2.33814 -1.2703e-35
-28.8 2.33814 -1.99155e-06
-27.6 2.33814 1.91161e-05
-26.4 2.33814 8.67169e-05
-25.2 2.33814 0.000196079
-24 2.33814 0.000328144
-22.8 2.33814 0.000466916
-21.6 2.33814 0.000603315
-20.4 2.33814 0.00073021
-19.2 2.33814 0.000841425
-18 2.33814 0.000935665
-16.8 2.33814 0.00101355
-15.6 2.33814 0.00106336
-14.4 2.33814 0.00105549
-13.2 2.33814 0.000972263
-12 2.33814 0.000857816
-10.8 2.33814 0.000812726
-9.6 2.33814 0.000878539
-8.4 2.33814 0.000901354
-7.2 2.33814 0.000591998
-6 2.33814 -0.000128632
-4.8 2.33814 -0.000799844
-3.6 2.33814 -0.000620267
-2.4 2.33814 0.000752
-1.2 2.33814 0.00256168
0 2.33814 0.00340534
1.2 2.33814 0.0025625
2.4 2.33814 0.000751707
3.6 2.33814 -0.000621404
4.8 2.33814 -0.000800112
6 2.33814 -0.000128029
7.2 2.33814 0.000592331
8.4 2.33814 0.000901037
9.6 2.33814 0.000877985
10.8 2.33814 0.000812302
12 2.33814 0.000857557
13.2 2.33814 0.000972091
14.4 2.33814 0.0010554
15.6 2.33814 0.00106342
16.8 2.33814 0.00101376
18 2.33814 0.000935977
19.2 2.33814 0.000841786
20.4 2.33814 0.000730568
21.6 2.33814 0.00060363
22.8 2.33814 0.000467159
24 2.33814 0.000328303
25.2 2.33814 0.000196158
26.4 2.33814 8.6739e-05
27.6 2.33814 1.91123e-05
28.8 2.33814 -1.99615e-06
30 2.33814 -1.26886e-35
-30 2.38898 -1.13383e-35
-28.8 2.38898 -2.2607e-06
-27.6 2.38898 1.82719e-05
-26.4 2.38898 8.55242e-05
-25.2 2.38898 0.000195068
-24 2.38898 0.000327688
-22.8 2.38898 0.000467006
-21.6 2.38898 0.000603675
-20.4 2.38898 0.000730568
-19.2 2.38898 0.000841795
-18 2.38898 0.000936456
-16.8 2.38898 0.00101518
-15.6 2.38898 0.00106543
-14.4 2.38898 0.00105651
-13.2 2.38898 0.000971113
-12 2.38898 0.000855933
-10.8 2.38898 0.000814093
-9.6 2.38898 0.000885455
-8.4 2.38898 0.000909579
-7.2 2.38898 0.000592046
-6 2.38898 -0.000142635
-4.8 2.38898 -0.000821863
-3.6 2.38898 -0.000634277
-2.4 2.38898 0.000760274
-1.2 2.38898 0.00259349
0 2.38898 0.00344717
1.2 2.38898 0.00259448
2.4 2.38898 0.00076014
3.6 2.38898 -0.000635385
4.8 2.38898 -0.000822167
6 2.38898 -0.000142051
7.2 2.38898 0.000592384
8.4 2.38898 0.000909268
9.6 2.38898 0.000884897
10.8 2.38898 0.000813661
12 2.38898 0.000855665
13.2 2.38898 0.000970934
14.4 2.38898 0.00105643
15.6 2.38898 0.00106548
16.8 2.38898 0.00101539
18 2.38898 0.000936777
19.2 2.38898 0.000842166
20.4 2.38898 0.000730934
21.6 2.38898 0.000603997
22.8 2.38898 0.000467255
24 2.38898 0.00032785
25.2 2.38898 0.000195149
26.4 2.38898 8.55462e-05
27.6 2.38898 1.82675e-05
28.8 2.38898 -2.26551e-06
30 2.38898 -1.1323e-35
-30 2.43983 -9.97581e-36
-28.8 2.43983 -2.52861e-06
-27.6 2.43983 1.74277e-05
-26.4 2.43983 8.43263e-05
-25.2 2.43983 0.00019405
-24 2.43983 0.000327229
-22.8 2.43983 0.000467101
-21.6 2.43983 0.000604039
-20.4 2.43983 0.000730921
-19.2 2.43983 0.00084216
-18 2.43983 0.000937258
-16.8 2.43983 0.00101684
-15.6 2.43983 0.00106752
-14.4 2.43983 0.00105751
-13.2 2.43983 0.00096989
-12 2.43983 0.000854016
-10.8 2.43983 0.000815547
-9.6 2.43983 0.000892539
-8.4 2.43983 0.000917889
-7.2 2.43983 0.000591983
-6 2.43983 -0.000156825
-4.8 2.43983 -0.000843919
-3.6 2.43983 -0.000648231
-2.4 2.43983 0.000768258
-1.2 2.43983 0.00262434
0 2.43983 0.0034877
1.2 2.43983 0.00262551
2.4 2.43983 0.000768289
3.6 2.43983 -0.000649306
4.8 2.43983 -0.000844258
6 2.43983 -0.000156261
7.2 2.43983 0.000592324
8.4 2.43983 0.000917582
9.6 2.43983 0.000891977
10.8 2.43983 0.000815105
12 2.43983 0.000853739
13.2 2.43983 0.000969704
14.4 2.43983 0.00105742
15.6 2.43983 0.00106757
16.8 2.43983 0.00101705
18 2.43983 0.000937588
19.2 2.43983 0.000842539
20.4 2.43983 0.000731296
21.6 2.43983 0.000604369
22.8 2.43983 0.000467356
24 2.43983 0.000327395
25.2 2.43983 0.000194132
26.4 2.43983 8.43482e-05
27.6 2.43983 1.74228e-05
28.8 2.43983 -2.53363e-06
30 2.43983 -9.95954e-36
-30 2.49068 -8.61538e-36
-28.8 2.49068 -2.79533e-06
-27.6 2.49068 1.65835e-05
-26.4 2.49068 8.31232e-05
-25.2 2.49068 0.000193023
-24 2.49068 0.000326767
-22.8 2.49068 0.000467201
-21.6 2.49068 0.000604408
-20.4 2.49068 0.00073127
-19.2 2.49068 0.000842518
-18 2.49068 0.000938074
-16.8 2.49068 0.00101853
-15.6 2.49068 0.00106963
-14.4 2.49068 0.00105848
-13.2 2.49068 0.000968592
-12 2.49068 0.000852065
-10.8 2.49068 0.000817088
-9.6 2.49068 0.00089979
-8.4 2.49068 0.000926283
-7.2 2.49068 0.000591809
-6 2.49068 -0.000171203
-4.8 2.49068 -0.000866016
-3.6 2.49068 -0.000662131
-2.4 2.49068 0.000775956
-1.2 2.49068 0.00265424
0 2.49068 0.00352694
1.2 2.49068 0.00265561
2.4 2.49068 0.000776158
3.6 2.49068 -0.000663172
4.8 2.49068 -0.000866393
6 2.49068 -0.000170661
7.2 2.49068 0.000592154
8.4 2.49068 0.000925983
9.6 2.49068 0.000899226
10.8 2.49068 0.000816637
12 2.49068 0.000851779
13.2 2.49068 0.0009684
14.4 2.49068 0.00105839
15.6 2.49068 0.00106969
16.8 2.49068 0.00101876
18 2.49068 0.000938413
19.2 2.49068 0.000842907
20.4 2.49068 0.000731654
21.6 2.49068 0.000604746
22.8 2.49068 0.000467462
24 2.49068 0.000326937
25.2 2.49068 0.000193106
26.4 2.49068 8.31449e-05
27.6 2.49068 1.65781e-05
28.8 2.49068 -2.80058e-06
30 2.49068 -8.59811e-36
-30 2.54153 -7.25669e-36
-28.8 2.54153 -3.06094e-06
-27.6 2.54153 1.57391e-05
-26.4 2.54153 8.19147e-05
-25.2 2.54153 0.000191988
-24 2.54153 0.000326302
-22.8 2.54153 0.000467307
-21.6 2.54153 0.000604782
-20.4 2.54153 0.000731614
-19.2 2.54153 0.00084287
-18 2.54153 0.000938903
-16.8 2.54153 0.00102027
-15.6 2.54153 0.00107176
-14.4 2.54153 0.00105942
-13.2 2.54153 0.000967221
-12 2.54153 0.000850082
-10.8 2.54153 0.000818716
-9.6 2.54153 0.000907209
-8.4 2.54153 0.000934765
-7.2 2.54153 0.000591529
-6 2.54153 -0.000185772
-4.8 2.54153 -0.000888163
-3.6 2.54153 -0.000675979
-2.4 2.54153 0.000783372
-1.2 2.54153 0.0026832
0 2.54153 0.00356489
1.2 2.54153 0.00268476
2.4 2.54153 0.000783751
3.6 2.54153 -0.000676982
4.8 2.54153 -0.000888577
6 2.54153 -0.000185254
7.2 2.54153 0.000591876
8.4 2.54153 0.00093447
9.6 2.54153 0.000906642
10.8 2.54153 0.000818257
12 2.54153 0.000849787
13.2 2.54153 0.000967021
14.4 2.54153 0.00105932
15.6 2.54153 0.00107183
16.8 2.54153 0.0010205
18 2.54153 0.00093925
19.2 2.54153 0.000843268
20.4 2.54153 0.000732007
21.6 2.54153 0.000605127
22.8 2.54153 0.000467573
24 2.54153 0.000326476
25.2 2.54153 0.000192073
26.4 2.54153 8.19362e-05
27.6 2.54153 1.57332e-05
28.8 2.54153 -3.06642e-06
30 2.54153 -7.2384e-36
-30 2.59237 -5.89946e-36
-28.8 2.59237 -3.3255e-06
-27.6 2.59237 1.48944e-05
-26.4 2.59237 8.07008e-05
-25.2 2.59237 0.000190946
-24 2.59237 0.000325835
-22.8 2.59237 0.000467417
-21.6 2.59237 0.00060516
-20.4 2.59237 0.000731953
-19.2 2.59237 0.000843216
-18 2.59237 0.000939746
-16.8 2.59237 0.00102204
-15.6 2.59237 0.00107392
-14.4 2.59237 0.00106032
-13.2 2.59237 0.000965774
-12 2.59237 0.000848069
-10.8 2.59237 0.000820432
-9.6 2.59237 0.000914794
-8.4 2.59237 0.000943335
-7.2 2.59237 0.000591146
-6 2.59237 -0.000200533
-4.8 2.59237 -0.000910365
-3.6 2.59237 -0.000689779
-2.4 2.59237 0.000790511
-1.2 2.59237 0.00271122
0 2.59237 0.00360153
1.2 2.59237 0.00271297
2.4 2.59237 0.000791074
3.6 2.59237 -0.000690741
4.8 2.59237 -0.000910817
6 2.59237 -0.00020004
7.2 2.59237 0.000591495
8.4 2.59237 0.000943047
9.6 2.59237 0.000914226
10.8 2.59237 0.000819965
12 2.59237 0.000847764
13.2 2.59237 0.000965567
14.4 2.59237 0.00106022
15.6 2.59237 0.00107399
16.8 2.59237 0.00102227
18 2.59237 0.000940103
19.2 2.59237 0.000843624
20.4 2.59237 0.000732355
21.6 2.59237 0.000605513
22.8 2.59237 0.00046769
24 2.59237 0.000326012
25.2 2.59237 0.000191032
26.4 2.59237 8.0722e-05
27.6 2.59237 1.4888e-05
28.8 2.59237 -3.33121e-06
30 2.59237 -5.88012e-36
-30 2.64322 -4.54344e-36
-28.8 2.64322 -3.58909e-06
-27.6 2.64322 1.40493e-05
-26.4 2.64322 7.94813e-05
-25.2 2.64322 0.000189895
-24 2.64322 0.000325366
-22.8 2.64322 0.000467533
-21.6 2.64322 0.000605541
-20.4 2.64322 0.000732286
-19.2 2.64322 0.000843556
-18 2.64322 0.000940604
-16.8 2.64322 0.00102384
-15.6 2.64322 0.0010761
-14.4 2.64322 0.00106119
-13.2 2.64322 0.000964251
-12 2.64322 0.000846026
-10.8 2.64322 0.000822238
-9.6 2.64322 0.000922546
-8.4 2.64322 0.000951995
-7.2 2.64322 0.000590663
-6 2.64322 -0.000215487
-4.8 2.64322 -0.000932631
-3.6 2.64322 -0.000703533
-2.4 2.64322 0.00079738
-1.2 2.64322 0.0027383
0 2.64322 0.00363688
1.2 2.64322 0.00274026
2.4 2.64322 0.000798133
3.6 2.64322 -0.00070445
4.8 2.64322 -0.000933122
6 2.64322 -0.000215022
7.2 2.64322 0.000591013
8.4 2.64322 0.000951714
9.6 2.64322 0.000921976
10.8 2.64322 0.000821763
12 2.64322 0.000845712
13.2 2.64322 0.000964037
14.4 2.64322 0.00106108
15.6 2.64322 0.00107617
16.8 2.64322 0.00102408
18 2.64322 0.00094097
19.2 2.64322 0.000843974
20.4 2.64322 0.000732697
21.6 2.64322 0.000605902
22.8 2.64322 0.000467811
24 2.64322 0.000325546
25.2 2.64322 0.000189983
26.4 2.64322 7.95023e-05
27.6 2.64322 1.40422e-05
28.8 2.64322 -3.59504e-06
30 2.64322 -4.52301e-36
-30 2.69407 -3.18835e-36
-28.8 2.69407 -3.85176e-06
-27.6 2.69407 1.32035e-05
-26.4 2.69407 7.82562e-05
-25.2 2.69407 0.000188837
-24 2.69407 0.000324894
-22.8 2.69407 0.000467653
-21.6 2.69407 0.000605927
-20.4 2.69407 0.000732614
-19.2 2.69407 0.000843891
-18 2.69407 0.000941479
-16.8 2.69407 0.00102569
-15.6 2.69407 0.00107831
-14.4 2.69407 0.00106202
-13.2 2.69407 0.000962653
-12 2.69407 0.000843954
-10.8 2.69407 0.000824133
-9.6 2.69407 0.000930462
-8.4 2.69407 0.000960746
-7.2 2.69407 0.000590084
-6 2.69407 -0.000230635
-4.8 2.69407 -0.000954969
-3.6 2.69407 -0.000717243
-2.4 2.69407 0.000803984
-1.2 2.69407 0.00276444
0 2.69407 0.00367093
1.2 2.69407 0.0027666
2.4 2.69407 0.000804932
3.6 2.69407 -0.000718114
4.8 2.69407 -0.000955499
6 2.69407 -0.000230199
7.2 2.69407 0.000590434
8.4 2.69407 0.000960471
9.6 2.69407 0.000929893
10.8 2.69407 0.000823651
12 2.69407 0.000843631
13.2 2.69407 0.000962431
14.4 2.69407 0.00106191
15.6 2.69407 0.00107837
16.8 2.69407 0.00102593
18 2.69407 0.000941853
19.2 2.69407 0.000844319
20.4 2.69407 0.000733034
21.6 2.69407 0.000606295
22.8 2.69407 0.000467938
24 2.69407 0.000325078
25.2 2.69407 0.000188926
26.4 2.69407 7.82769e-05
27.6 2.69407 1.31959e-05
28.8 2.69407 -3.85795e-06
30 2.69407 -3.1668e-36
-30 2.74492 -1.83393e-36
-28.8 2.74492 -4.11358e-06
-27.6 2.74492 1.2357e-05
-26.4 2.74492 7.70254e-05
-25.2 2.74492 0.000187771
-24 2.74492 0.00032442
-22.8 2.74492 0.000467779
-21.6 2.74492 0.000606315
-20.4 2.74492 0.000732936
-19.2 2.74492 0.000844221
-18 2.74492 0.000942369
-16.8 2.74492 0.00102757
-15.6 2.74492 0.00108053
-14.4 2.74492 0.00106281
-13.2 2.74492 0.000960978
-12 2.74492 0.000841855
-10.8 2.74492 0.00082612
-9.6 2.74492 0.000938544
-8.4 2.74492 0.000969587
-7.2 2.74492 0.000589414
-6 2.74492 -0.000245978
-4.8 2.74492 -0.000977388
-3.6 2.74492 -0.000730914
-2.4 2.74492 0.000810332
-1.2 2.74492 0.00278965
0 2.74492 0.00370367
1.2 2.74492 0.00279202
2.4 2.74492 0.000811482
3.6 2.74492 -0.000731734
4.8 2.74492 -0.000977958
6 2.74492 -0.000245573
7.2 2.74492 0.000589762
8.4 2.74492 0.00096932
9.6 2.74492 0.000937974
10.8 2.74492 0.000825631
12 2.74492 0.000841522
13.2 2.74492 0.000960747
14.4 2.74492 0.0010627
15.6 2.74492 0.0010806
16.8 2.74492 0.00102782
18 2.74492 0.000942753
19.2 2.74492 0.000844658
20.4 2.74492 0.000733365
21.6 2.74492 0.000606691
22.8 2.74492 0.000468069
24 2.74492 0.000324608
25.2 2.74492 0.000187861
26.4 2.74492 7.70458e-05
27.6 2.74492 1.23488e-05
28.8 2.74492 -4.12002e-06
30 2.74492 -1.81122e-36
-30 2.79576 -4.79903e-37
-28.8 2.79576 -4.37461e-06
-27.6 2.79576 1.15096e-05
-26.4 2.79576 7.57888e-05
-25.2 2.79576 0.000186698
-24 2.79576 0.000323944
-22.8 2.79576 0.00046791
-21.6 2.79576 0.000606706
-20.4 2.79576 0.000733251
-19.2 2.79576 0.000844546
-18 2.79576 0.000943277
-16.8 2.79576 0.00102949
-15.6 2.79576 0.00108278
-14.4 2.79576 0.00106357
-13.2 2.79576 0.000959225
-12 2.79576 0.000839731
-10.8 2.79576 0.0008282
-9.6 2.79576 0.000946788
-8.4 2.79576 0.00097852
-7.2 2.79576 0.000588657
-6 2.79576 -0.000261516
-4.8 2.79576 -0.000999898
-3.6 2.79576 -0.000744549
-2.4 2.79576 0.000816434
-1.2 2.79576 0.00281392
0 2.79576 0.0037351
1.2 2.79576 0.00281652
2.4 2.79576 0.00081779
3.6 2.79576 -0.000745317
4.8 2.79576 -0.00100051
6 2.79576 -0.000261143
7.2 2.79576 0.000589003
8.4 2.79576 0.00097826
9.6 2.79576 0.00094622
10.8 2.79576 0.000827704
12 2.79576 0.000839388
13.2 2.79576 0.000958986
14.4 2.79576 0.00106345
15.6 2.79576 0.00108284
16.8 2.79576 0.00102975
18 2.79576 0.000943671
19.2 2.79576 0.000844993
20.4 2.79576 0.000733689
21.6 2.79576 0.00060709
22.8 2.79576 0.000468206
24 2.79576 0.000324136
25.2 2.79576 0.000186789
26.4 2.79576 7.58089e-05
27.6 2.79576 1.15007e-05
28.8 2.79576 -4.38131e-06
30 2.79576 -4.56014e-37
-30 2.84661 8.73988e-37
-28.8 2.84661 -4.63492e-06
-27.6 2.84661 1.06613e-05
-26.4 2.84661 7.45464e-05
-25.2 2.84661 0.000185617
-24 2.84661 0.000323467
-22.8 2.84661 0.000468045
-21.6 2.84661 0.0006071
-20.4 2.84661 0.00073356
-19.2 2.84661 0.000844866
-18 2.84661 0.000944203
-16.8 2.84661 0.00103145
-15.6 2.84661 0.00108504
-14.4 2.84661 0.00106428
-13.2 2.84661 0.000957394
-12 2.84661 0.000837582
-10.8 2.84661 0.000830375
-9.6 2.84661 0.000955195
-8.4 2.84661 0.000987543
-7.2 2.84661 0.000587817
-6 2.84661 -0.000277246
-4.8 2.84661 -0.00102251
-3.6 2.84661 -0.000758155
-2.4 2.84661 0.0008223
-1.2 2.84661 0.00283728
0 2.84661 0.0037652
1.2 2.84661 0.00284009
2.4 2.84661 0.000823867
3.6 2.84661 -0.000758866
4.8 2.84661 -0.00102316
6 2.84661 -0.000276908
7.2 2.84661 0.00058816
8.4 2.84661 0.00098729
9.6 2.84661 0.000954629
10.8 2.84661 0.000829873
12 2.84661 0.000837229
13.2 2.84661 0.000957146
14.4 2.84661 0.00106416
15.6 2.84661 0.00108511
16.8 2.84661 0.00103172
18 2.84661 0.000944607
19.2 2.84661 0.000845323
20.4 2.84661 0.000734007
21.6 2.84661 0.000607492
22.8 2.84661 0.000468348
24 2.84661 0.000323662
25.2 2.84661 0.000185709
26.4 2.84661 7.45661e-05
27.6 2.84661 1.06517e-05
28.8 2.84661 -4.64189e-06
30 2.84661 8.99095e-37
-30 2.89746 2.22801e-36
-28.8 2.89746 -4.89458e-06
-27.6 2.89746 9.8117e-06
-26.4 2.89746 7.3298e-05
-25.2 2.89746 0.000184528
-24 2.89746 0.000322988
-22.8 2.89746 0.000468186
-21.6 2.89746 0.000607497
-20.4 2.89746 0.000733862
-19.2 2.89746 0.000845182
-18 2.89746 0.000945148
-16.8 2.89746 0.00103345
-15.6 2.89746 0.00108732
-14.4 2.89746 0.00106495
-13.2 2.89746 0.000955484
-12 2.89746 0.000835409
-10.8 2.89746 0.000832646
-9.6 2.89746 0.000963764
-8.4 2.89746 0.000996654
-7.2 2.89746 0.0005869
-6 2.89746 -0.000293165
-4.8 2.89746 -0.00104523
-3.6 2.89746 -0.000771738
-2.4 2.89746 0.000827944
-1.2 2.89746 0.00285971
0 2.89746 0.00379396
1.2 2.89746 0.00286274
2.4 2.89746 0.000829728
3.6 2.89746 -0.00077239
4.8 2.89746 -0.00104593
6 2.89746 -0.000292864
7.2 2.89746 0.000587239
8.4 2.89746 0.00099641
9.6 2.89746 0.000963201
10.8 2.89746 0.000832138
12 2.89746 0.000835047
13.2 2.89746 0.000955227
14.4 2.89746 0.00106482
15.6 2.89746 0.00108739
16.8 2.89746 0.00103373
18 2.89746 0.000945561
19.2 2.89746 0.000845648
20.4 2.89746 0.000734318
21.6 2.89746 0.000607896
22.8 2.89746 0.000468494
24 2.89746 0.000323186
25.2 2.89746 0.000184621
26.4 2.89746 7.33173e-05
27.6 2.89746 9.80145e-06
28.8 2.89746 -4.90181e-06
30 2.89746 2.25437e-36
-30 2.94831 3.58244e-36
-28.8 2.94831 -5.15364e-06
-27.6 2.94831 8.96085e-06
-26.4 2.94831 7.20436e-05
-25.2 2.94831 0.000183433
-24 2.94831 0.000322507
-22.8 2.94831 0.000468332
-21.6 2.94831 0.000607895
-20.4 2.94831 0.000734157
-19.2 2.94831 0.000845493
-18 2.94831 0.000946113
-16.8 2.94831 0.00103549
-15.6 2.94831 0.00108963
-14.4 2.94831 0.00106558
-13.2 2.94831 0.000953494
-12 2.94831 0.000833213
-10.8 2.94831 0.000835015
-9.6 2.94831 0.000972496
-8.4 2.94831 0.00100585
-7.2 2.94831 0.000585908
-6 2.94831 -0.000309269
-4.8 2.94831 -0.00106808
-3.6 2.94831 -0.00078531
-2.4 2.94831 0.000833383
-1.2 2.94831 0.00288122
0 2.94831 0.00382137
1.2 2.94831 0.00288448
2.4 2.94831 0.000835389
3.6 2.94831 -0.0007859
4.8 2.94831 -0.00106882
6 2.94831 -0.000309005
7.2 2.94831 0.000586242
8.4 2.94831 0.00100562
9.6 2.94831 0.000971936
10.8 2.94831 0.000834502
12 2.94831 0.000832841
13.2 2.94831 0.000953228
14.4 2.94831 0.00106545
15.6 2.94831 0.0010897
16.8 2.94831 0.00103578
18 2.94831 0.000946536
19.2 2.94831 0.00084597
20.4 2.94831 0.000734622
21.6 2.94831 0.000608302
22.8 2.94831 0.000468646
24 2.94831 0.000322709
25.2 2.94831 0.000183527
26.4 2.94831 7.20625e-05
27.6 2.94831 8.94989e-06
28.8 2.94831 -5.16115e-06
30 2.94831 3.61009e-36
-30 2.99915 4.93754e-36
-28.8 2.99915 -5.41218e-06
-27.6 2.99915 8.10856e-06
-26.4 2.99915 7.07832e-05
-25.2 2.99915 0.00018233
-24 2.99915 0.000322025
-22.8 2.99915 0.000468482
-21.6 2.99915 0.000608294
-20.4 2.99915 0.000734444
-19.2 2.99915 0.000845801
-18 2.99915 0.000947099
-16.8 2.99915 0.00103757
-15.6 2.99915 0.00109195
-14.4 2.99915 0.00106616
-13.2 2.99915 0.000951424
-12 2.99915 0.000830995
-10.8 2.99915 0.000837484
-9.6 2.99915 0.00098139
-8.4 2.99915 0.00101514
-7.2 2.99915 0.000584845
-6 2.99915 -0.000325549
-4.8 2.99915 -0.00109107
-3.6 2.99915 -0.000798886
-2.4 2.99915 0.000838638
-1.2 2.99915 0.00290183
0 2.99915 0.0038474
1.2 2.99915 0.00290533
2.4 2.99915 0.00084087
3.6 2.99915 -0.000799412
4.8 2.99915 -0.00109184
6 2.99915 -0.000325325
7.2 2.99915 0.000585172
8.4 2.99915 0.00101491
9.6 2.99915 0.000980834
10.8 2.99915 0.000836966
12 2.99915 0.000830613
13.2 2.99915 0.000951148
14.4 2.99915 0.00106602
15.6 2.99915 0.00109202
16.8 2.99915 0.00103786
18 2.99915 0.000947532
19.2 2.99915 0.000846287
20.4 2.99915 0.000734918
21.6 2.99915 0.000608709
22.8 2.99915 0.000468803
24 2.99915 0.000322231
25.2 2.99915 0.000182425
26.4 2.99915 7.08016e-05
27.6 2.99915 8.09688e-06
28.8 2.99915 -5.41997e-06
30 2.99915 4.9665e-36
-30 3.05 6.29357e-36
-28.8 3.05 -5.67025e-06
-27.6 3.05 7.25469e-06
-26.4 3.05 6.95166e-05
-25.2 3.05 0.00018122
-24 3.05 0.000321542
-22.8 3.05 0.000468637
-21.6 3.05 0.000608695
-20.4 3.05 0.000734723
-19.2 3.05 0.000846105
-18 3.05 0.000948106
-16.8 3.05 0.0010397
-15.6 3.05 0.00109428
-14.4 3.05 0.0010667
-13.2 3.05 0.000949273
-12 3.05 0.000828755
-10.8 3.05 0.000840054
-9.6 3.05 0.000990448
-8.4 3.05 0.0010245
-7.2 3.05 0.000583709
-6 3.05 -0.000341997
-4.8 3.05 -0.00111419
-3.6 3.05 -0.000812492
-2.4 3.05 0.000843734
-1.2 3.05 0.00292156
0 3.05 0.00387201
1.2 3.05 0.00292528
2.4 3.05 0.000846195
3.6 3.05 -0.00081295
4.8 3.05 -0.00111501
6 3.05 -0.000341815
7.2 3.05 0.000584028
8.4 3.05 0.00102428
9.6 3.05 0.000989897
10.8 3.05 0.000839532
12 3.05 0.000828364
13.2 3.05 0.000948987
14.4 3.05 0.00106655
15.6 3.05 0.00109436
16.8 3.05 0.00104
18 3.05 0.000948549
19.2 3.05 0.000846602
20.4 3.05 0.000735206
21.6 3.05 0.000609118
22.8 3.05 0.000468964
24 3.05 0.000321751
25.2 3.05 0.000181316
26.4 3.05 6.95345e-05
27.6 3.05 7.24226e-06
28.8 3.05 -5.67833e-06
30 3.05 6.32389e-36
