3060	
	-8.469072357e-35	1.468304844e-05	6.082386026e-05	0.0001347644166	0.0002314948799
	0.0003451044613	0.0004684565027	0.0005938020375	0.0007132493698	0.0008192385212
	0.0009051143987	0.0009656321755	0.0009971234754	0.0009973490452	0.0009656682251
	0.000904041876	0.0008178851516	0.0007145474238	0.0005992181066	0.0004728704342
	0.0003379553017	0.0002092548236	0.0001158101765	8.143185171e-05	9.470707626e-05
	0.000108851474	9.459512519e-05	8.130744092e-05	0.0001157581546	0.0002092725434
	0.0003379879555	0.000472879002	0.0005992034777	0.0007145294044	0.0008178758781
	0.0009040397097	0.000965667339	0.0009973476854	0.0009971236217	0.0009656354381
	0.0009051202564	0.0008192454422	0.0007132561636	0.0005938080685	0.0004684613704
	0.0003451079104	0.0002314969217	0.0001347653525	6.082413601e-05	1.468307203e-05
	-8.469101195e-35	-8.251741758e-35	1.387534912e-05	5.97100051e-05	0.0001339930609
	0.0002309248114	0.0003447131095	0.0004683078211	0.0005939165736	0.0007136116682
	0.0008197680994	0.000905724219	0.0009663812056	0.0009981954734	0.0009986455885
	0.0009664505103	0.0009035764218	0.000817062534	0.000716214189	0.0006047554468
	0.0004771417163	0.000330400438	0.0001863758667	9.617328614e-05	0.0001010747609
	0.000172707732	0.0002156528948	0.0001724851176	0.0001008271355	9.606990255e-05
	0.000186411174	0.0003304648298	0.0004771581674	0.0006047263843	0.0007161786764
	0.0008170441373	0.0009035718615	0.0009664485246	0.0009986428541	0.000998195848
	0.0009663877902	0.000905735966	0.0008197819811	0.0007136253058	0.0005939286759
	0.0004683175768	0.0003447200091	0.0002309288837	0.0001339949153	5.971053868e-05
	1.38753878e-05	-8.251796177e-35	-8.035347487e-35	1.318124557e-05	5.858682496e-05
	0.0001331712775	0.0002303723109	0.0003443268749	0.0004681552078	0.0005940341505
	0.0007139771748	0.0008203002547	0.0009063378708	0.0009671359871	0.0009992742565
	0.0009999468492	0.0009672332207	0.000903110381	0.0008162453234	0.0007178939812
	0.0006103088709	0.0004814200471	0.0003228047435	0.0001634427325	7.66588606e-05
	0.0001207314971	0.0002496418014	0.000320558869	0.0002493107508	0.0001203622512
	7.650447771e-05	0.0001634954083	0.0003229002282	0.0004814438954	0.00061026553
	0.0007178413787	0.0008162179117	0.0009031032421	0.0009672299661	0.0009999427305
	0.0009992749269	0.0009671459419	0.0009063555331	0.0008203211307	0.0007139976989
	0.0005940523583	0.0004681698673	0.0003443372244	0.0002303784036	0.000133174035
	5.858759992e-05	1.318129273e-05	-8.03542448e-35	-7.824299192e-35	1.255872988e-05
	5.747549498e-05	0.0001323049335	0.0002298227443	0.0003439526341	0.0004679994737
	0.0005941527979	0.0007143465345	0.0008208348035	0.0009069550588	0.0009678971198
	0.001000360691	0.001001252594	0.0009680144751	0.0009026420823	0.0008154342154
	0.0007195909573	0.0006158863535	0.0004857030434	0.0003151451913	0.0001404630093
	5.730107733e-05	0.0001403539899	0.0003254883126	0.0004236542097	0.0003250516368
	0.0001398651625	5.709602484e-05	0.0001405327356	0.0003152711788	0.0004857338579
	0.0006158288823	0.0007195216508	0.0008153978913	0.000902632181	0.0009680097846
	0.001001247082	0.001000361725	0.0009679104928	0.0009069786615	0.0008208627076
	0.0007143739886	0.0005941771462	0.0004680190526	0.0003439664323	0.0002298308478
	0.0001323085778	5.747649503e-05	1.255877903e-05	-7.824395852e-35	-7.619264249e-35
	1.19865862e-05	5.638170403e-05	0.0001314030159	0.0002292668618	0.0003435913296
	0.0004678438494	0.000594270838	0.000714719552	0.0008213719305	0.0009075755004
	0.0009686651299	0.001001455663	0.001002562561	0.0009687924958	0.0009021697994
	0.0008146294595	0.0007213102463	0.0006214962774	0.0004899842627	0.0003074026343
	0.0001174499311	3.811879593e-05	0.0001599027358	0.0004002397138	0.000524997601
	0.0003997007519	0.0001592967931	3.786340005e-05	0.0001175362847	0.0003075585739
	0.0004900216733	0.0006214248201	0.0007212246011	0.0008145843201	0.0009021569537
	0.0009687862046	0.001002555651	0.00100145713	0.0009686819687	0.0009076050683
	0.0008214068964	0.0007147539809	0.0005943013626	0.0004678683624	0.0003436085757
	0.0002292769666	0.0001314075304	5.638291299e-05	1.198663103e-05	-7.619377717e-35
	-7.419969319e-35	1.145240916e-05	5.530642764e-05	0.0001304729148	0.0002286996898
	0.000343241395	0.0004676913867	0.0005943877334	0.0007150954034	0.0008219118099
	0.0009081990998	0.0009694404661	0.001002560024	0.001003876525	0.0009695656138
	0.0009016915574	0.0008138311676	0.0007230581124	0.000627146159	0.0004942548137
	0.0002995625379	9.441744076e-05	1.912188332e-05	0.0001793457529	0.0004738939114
	0.0006246340682	0.0004732564817	0.0001786255711	1.881648873e-05	9.451989321e-05
	0.0002997479035	0.0004942985137	0.0006270608611	0.0007229564714	0.0008137773036
	0.0009016755889	0.0009695575594	0.001003868209	0.001002561993	0.0009694608183
	0.0009082346571	0.0008219538715	0.0007151368528	0.0005944244702	0.0004677208483
	0.0003432620881	0.0002287117861	0.0001304782824	5.530782941e-05	1.145244348e-05
	-7.420096775e-35	-7.225918747e-35	1.094820174e-05	5.424906424e-05	0.0001295201969
	0.0002281187318	0.0003429005607	0.0004675443077	0.0005945037925	0.0007154731167
	0.0008224543804	0.0009088259405	0.0009702235631	0.001003674548	0.001005194341
	0.0009703322063	0.0009012050603	0.0008130396577	0.0007248416665	0.0006328421147
	0.0004985048129	0.0002916141788	7.137840644e-05	3.148778794e-07	0.0001986567662
	0.0005464515295	0.0007226001732	0.0005457198858	0.0001978256138	-4.01348563e-08
	7.149632599e-05	0.0002918284563	0.0004985545589	0.0006327431276	0.0007247243489
	0.0008129771522	0.0009011857946	0.000970322229	0.001005184615	0.001003677087
	0.0009702474763	0.0009088675112	0.0008225035717	0.0007155216332	0.0005945467778
	0.0004675787323	0.0003429247003	0.0002281328096	0.0001295264001	5.42506428e-05
	1.094821947e-05	-7.226057401e-35	-7.036599628e-35	1.046844512e-05	5.320849343e-05
	0.0001285490098	0.0002275228573	0.0003425665674	0.0004674040502	0.0005946197703
	0.0007158518378	0.0008229993345	0.0009094561934	0.0009710148887	0.001004799946
	0.001006515958	0.0009710906126	0.000900707739	0.0008122556655	0.0007266684705
	0.0006385888267	0.0005027242831	0.0002835496905	4.83441018e-05	-1.83009613e-05
	0.0002178138245	0.0006179147025	0.0008189267076	0.0006170934954	0.0002168753439
	-1.870516169e-05	4.847675752e-05	0.0002837923671	0.0005027798935	0.0006384763123
	0.0007265357717	0.0008121845926	0.000900685007	0.0009710785558	0.001006504814
	0.001004803125	0.0009710424108	0.0009095038013	0.0008230556902	0.0007159074684
	0.0005946690405	0.0004674434522	0.0003425941529	0.0002275389064	0.000128556031
	5.321023282e-05	1.04684403e-05	-7.036746721e-35	-6.851540555e-35	1.000913575e-05
	5.218346799e-05	0.0001275624696	0.000226911685	0.0003422374041	0.000467271461
	0.0005947365954	0.0007162309176	0.000823546193	0.0009100900322	0.0009718149559
	0.001005936908	0.001007841392	0.0009718390634	0.0009001968603	0.0008114804184
	0.0007285462041	0.0006443897196	0.0005069036362	0.0002753632827	2.532415652e-05
	-3.672646058e-05	0.000236798316	0.0006882864593	0.0009136402784	0.0006873807002
	0.0002357565047	-3.717935692e-05	2.547072332e-05	0.0002756338374	0.0005069649876
	0.0006442638545	0.0007283983965	0.0008114008418	0.0009001704981	0.0009718247744
	0.001007828824	0.001005940794	0.0009718461349	0.0009101437019	0.0008236097478
	0.0007162937098	0.0005947921868	0.0004673158552	0.0003422684351	0.0002269296947
	0.0001275702908	5.218535234e-05	1.000910253e-05	-6.851693358e-35	-6.670324624e-35
	9.567256616e-06	5.11727648e-05	0.0001265629478	0.0002262852426	0.0003419113607
	0.0004671469773	0.0005948552152	0.0007166099122	0.0008240943843	0.0009107275829
	0.0009726243143	0.001007086149	0.001009170691	0.0009725756394	0.0008996696428
	0.0008107156213	0.0007304824304	0.0006502471947	0.0005110339025	0.0002670506581
	2.326672026e-06	-5.496380394e-05	0.0002555942636	0.0007575703773	0.00100676432
	0.0007565854066	0.000254453456	-5.546483414e-05	2.486236491e-06	0.0002673485543
	0.0005111009263	0.0006501081737	0.0007303197647	0.0008106275933	0.0008996394922
	0.0009725589696	0.00100915669	0.001007090809	0.0009726591987	0.0009107873392
	0.0008241651737	0.0007166799139	0.0005949171645	0.0004671963788	0.0003419458368
	0.0002263052019	0.0001265715508	5.11747783e-05	9.567189227e-06	-6.670480431e-35
	-6.492587762e-35	9.140464961e-06	5.017524074e-05	0.0001255522736	0.0002256437779
	0.0003415870118	0.0004670307633	0.0005949765198	0.0007169885524	0.0008246433054
	0.0009113688995	0.0009734435391	0.001008248439	0.001010503899	0.0009732982579
	0.0008991233535	0.0008099633977	0.0007324844485	0.0006561628547	0.0005151068208
	0.0002586085907	-2.064161431e-05	-7.301607107e-05	0.0002741878097	0.0008257703761
	0.001098319781	0.0008247118335	0.0002729526586	-7.356459541e-05	-2.04700478e-05
	0.0002589332688	0.0005151794988	0.000656010893	0.0007323071552	0.0008098669578
	0.0008990892614	0.0009732790638	0.001010488457	0.001008253938	0.0009734821776
	0.0009114347682	0.0008247213651	0.0007170658112	0.0005950448637	0.0004670851873
	0.0003416249325	0.0002256656754	0.0001255616398	5.017736765e-05	9.140357725e-06
	-6.492743894e-35	-6.318012802e-35	8.726897096e-06	4.918984936e-05	0.0001245318751
	0.0002249876516	0.00034126318	0.0004669228058	0.0005951013082	0.0007173667045
	0.0008251923597	0.0009120139604	0.0009742732218	0.001009424616	0.001011841027
	0.000974004681	0.0008985553779	0.000809226214	0.00073455921	0.0006621376957
	0.0005191148521	0.0002500346202	-4.357516204e-05	-9.088693465e-05	0.0002925668315
	0.0008928905879	0.001188325605	0.0008917643849	0.0002912422899	-9.148223008e-05
	-4.339266495e-05	0.0002503854927	0.0005191932115	0.0006619730319	0.0007343675017
	0.0008091213887	0.0008985171966	0.0009739828244	0.001011824132	0.001009431018
	0.0009743156638	0.0009120859687	0.000825277726	0.0007174512683	0.0005951760837
	0.0004669822681	0.0003413045452	0.0002250114753	0.0001245419859	4.9192074e-05
	8.72674442e-06	-6.318166601e-35	-6.146322853e-35	8.325040583e-06	4.821564105e-05
	0.0001235028795	0.0002243172753	0.0003409388967	0.0004668229797	0.0005952302801
	0.0007177443369	0.0008257409778	0.0009126626747	0.0009751139661	0.001010615589
	0.001013182026	0.0009746925373	0.0008979632658	0.0008085068034	0.0007367132797
	0.0006681722655	0.0005230511545	0.0002413268319	-6.646947394e-05	-0.0001085804565
	0.0003107206481	0.0009589352726	0.001276799092	0.000957747567	0.0003093119512
	-0.0001092217121	-6.627718713e-05	0.0002417032787	0.0005231352633	0.0006679951625
	0.0007365073532	0.0008083936054	0.0008979208518	0.0009746678855	0.001013163666
	0.001010622955	0.0009751602615	0.0009127408509	0.0008258336874	0.0007178362531
	0.000595311524	0.0004668874965	0.0003409837061	0.0002243430131	0.0001235137158
	4.821794779e-05	8.324836956e-06	-6.146471686e-35	-5.977275191e-35	7.933647356e-06
	4.725175666e-05	0.0001224661842	0.0002236330769	0.0003406133656	0.0004667310918
	0.0005953640383	0.0007181214904	0.0008262886264	0.0009133148938	0.0009759663866
	0.001011822327	0.001014526776	0.0009753593497	0.0008973447556	0.0008078080945
	0.0007389528253	0.0006742667881	0.0005269095388	0.0002324836961	-8.932096057e-05
	-0.0001261009472	0.0003286397922	0.001023908761	0.001363756157	0.001022665933
	0.0003271524404	-0.0001267872611	-8.912008792e-05	0.0002328850607	0.0005269995008
	0.0006740775348	0.0007387328638	0.0008076865227	0.0008972979696	0.0009753317761
	0.001014506938	0.001011830714	0.0009760165858	0.000913399268	0.0008263887165
	0.0007182208063	0.0005954517877	0.0004668006796	0.0003406616189	0.0002236607161
	0.0001224777267	4.725412991e-05	7.933387348e-06	-5.977416445e-35	-5.810655972e-35
	7.551672752e-06	4.629741869e-05	0.0001214225092	0.0002229354803	0.0003402859319
	0.0004666469097	0.0005955030977	0.0007184982554	0.0008268348102	0.0009139704264
	0.00097683111	0.001013045844	0.001015875076	0.000976002567	0.0008966977859
	0.0008071331496	0.0007412836237	0.0006804212623	0.0005306844177	0.0002235039508
	-0.0001121268233	-0.000143452868	0.0003463158314	0.001087815416	0.001449211542
	0.001086524046	0.0003447555725	-0.0001441832447	-0.0001119186254	0.0002239295373
	0.0005307803673	0.0006802201737	0.0007410497994	0.000807003189	0.0008966464918
	0.0009759719507	0.001015853745	0.001013055308	0.0009768852639	0.0009140610305
	0.0008269423186	0.0007186050178	0.0005955973898	0.0004667215858	0.0003403376289
	0.0002229650079	0.0001214347384	4.629984293e-05	7.55135101e-06	-5.810787052e-35
	-5.646275782e-35	7.178231558e-06	4.535192236e-05	0.0001203724354	0.0002222248943
	0.0003399560566	0.0004665701819	0.0005956478957	0.0007188747537	0.0008273790698
	0.0009146290524	0.0009777087764	0.001014287181	0.001017226639	0.0009766195929
	0.0008960204956	0.0008064851121	0.0007437110782	0.0006866355381	0.0005343707527
	0.0002143865145	-0.0001348849543	-0.0001606407608	0.0003637412241	0.001150659605
	0.001533178975	0.001149326453	0.000362114037	-0.0001614141098	-0.0001346707421
	0.0002148355857	0.0005344728504	0.0006864229559	0.0007434635546	0.0008063467343
	0.00089596456	0.0009765858192	0.001017203798	0.001014297775	0.0009777669365
	0.0009147259205	0.0008274940347	0.0007189890091	0.0005957487676	0.0004666499638
	0.0003400111973	0.0002222562967	0.0001203853315	4.535438208e-05	7.177842809e-06
	-5.646394115e-35	-5.483965943e-35	6.812565585e-06	4.441462698e-05	0.0001193164336
	0.0002215017068	0.0003396232958	0.0004665006502	0.0005957988028	0.0007192511245
	0.0008279209781	0.0009152905372	0.0009786000402	0.001015547393	0.001018581091
	0.0009772078139	0.000895311218	0.0008058671632	0.0007462402415	0.0006929093764
	0.0005379640039	0.0002051304229	-0.0001575938507	-0.0001776691984	0.0003809092037
	0.001212445681	0.001615671296	0.001211077666	0.0003792212818	-0.0001784843333
	-0.0001573749799	0.0002056021979	0.0005380724311	0.0006926856686	0.0007459791757
	0.0008057203268	0.0008952505097	0.0009771707739	0.001018556724	0.001015559165
	0.0009786622584	0.0009153937056	0.0008280434385	0.0007193729187	0.0005959062917
	0.0004665855561	0.0003396818802	0.0002215349701	0.0001193299765	4.441710672e-05
	6.812104631e-06	-5.484068972e-35	-5.32357545e-35	6.454019253e-06	4.348494837e-05
	0.0001182548864	0.0002207662821	0.0003392872836	0.0004664380592	0.0005959561323
	0.0007196275128	0.0008284601367	0.0009159546441	0.0009795055711	0.001016827527
	0.001019937977	0.0009777646234	0.0008945684712	0.0008052824858	0.0007488758401
	0.0006992424946	0.0005414600823	0.00019573478	-0.0001802525421	-0.0001945427477
	0.0003978136831	0.001273177969	0.001696700567	0.001271782151	0.0003960714186
	-0.0001953983858	-0.0001800304071	0.0001962284333	0.0005415750371	0.000699008055
	0.0007486013852	0.0008051271373	0.00089450286	0.0009777242137	0.001019912064
	0.001016840524	0.0009795718999	0.0009160641512	0.0008285901322	0.0007197568911
	0.0005960702754	0.0004665281078	0.0003393493118	0.000220801392	0.0001182690556
	4.348743267e-05	6.453480972e-06	-5.323660636e-35	-5.164968436e-35	6.102020898e-06
	4.2562352e-05	0.000117188105	0.0002200189599	0.0003389477186	0.0004663821619
	0.0005961201489	0.0007200040612	0.0008289961719	0.0009166211445	0.0009804260538
	0.001018128613	0.001021296761	0.0009782874419	0.0008937909453	0.0008047342363
	0.0007516222999	0.0007056346023	0.0005448553075	0.0001861987228	-0.0002028605282
	-0.0002112659433	0.0004144491766	0.001332860755	0.00177627815	0.001331444315
	0.0004126591446	-0.0002121607064	-0.0002026365564	0.0001867133834	0.0005449769998
	0.0007053898501	0.0007513346069	0.0008045703109	0.0008937203022	0.0009782435644
	0.001021269283	0.001018142876	0.000980496546	0.0009167370313	0.000829133743
	0.0007201410682	0.0005962409832	0.0004664773724	0.0003390131906	0.0002200559017
	0.00011720288	4.256482544e-05	6.101400241e-06	-5.165033255e-35	-5.008022069e-35
	5.756068229e-06	4.164634715e-05	0.0001161163428	0.0002192600556	0.0003386043526
	0.0004663327235	0.0005962910755	0.000720380903	0.000829528732	0.0009172898279
	0.0009813621874	0.001019451647	0.001022656837	0.0009787737344	0.0008929774899
	0.000804225522	0.0007544837708	0.0007120854288	0.0005481463687	0.0001765213942
	-0.0002254177258	-0.0002278432684	0.0004308107342	0.00139149828	0.001854414782
	0.001390068506	0.0004289796775	-0.0002287756828	-0.0002251933724	0.0001770561452
	0.0005482750161	0.000711830807	0.0007541829909	0.0008040529444	0.0008929016858
	0.0009787262958	0.001022627772	0.001019467216	0.000981436896	0.0009174121378
	0.0008296739198	0.0007205255828	0.000596418638	0.0004664331156	0.0003386732689
	0.0002192988141	0.0001161317024	4.16487943e-05	5.755360221e-06	-5.00806401e-35
	-4.852624799e-35	5.415716882e-06	4.073648176e-05	0.000115039805	0.0002184898609
	0.0003382569822	0.0004662895241	0.0005964690991	0.0007207581571	0.0008300574846
	0.0009179605086	0.0009823146835	0.001020797586	0.001024017528	0.0009792210241
	0.0008921271003	0.0008037593824	0.0007574641493	0.0007185947437	0.0005513302908
	0.0001667019227	-0.0002479244233	-0.0002442791404	0.0004468938868	0.001449094732
	0.001931120631	0.001447659002	0.0004450287014	-0.0002452476387	-0.0002477011662
	0.0001672558011	0.0005514661143	0.0007183307185	0.0007571504359	0.0008035780685
	0.0008920460063	0.0009791699356	0.001023986856	0.001020814496	0.0009823936621
	0.0009180892876	0.0008302103313	0.0007209105531	0.0005966034267	0.0004663951183
	0.0003383293431	0.0002185304205	0.0001150557279	4.073888721e-05	5.414916617e-06
	-4.852641367e-35	-4.698674904e-35	5.080571292e-06	3.983233808e-05	0.0001139586572
	0.0002177086449	0.0003379054415	0.0004662523605	0.0005966543756	0.0007211359243
	0.0008305821158	0.0009186330322	0.0009832842644	0.001022167334	0.0010253781
	0.0009796269037	0.0008912389052	0.0008033387762	0.0007605671004	0.0007251623733
	0.0005544044038	0.0001567394076	-0.0002703812421	-0.0002605779003	0.0004626946
	0.001505654248	0.002006405347	0.001504220012	0.0004608023207	-0.0002615808226
	-0.0002701605767	0.0001573114044	0.0005545476241	0.0007248894324	0.000760240611
	0.000803148634	0.0008911523912	0.0009795720801	0.001025345797	0.001022185617
	0.0009833675669	0.0009187683288	0.0008307426643	0.0007212960792	0.0005967955048
	0.0004663631774	0.0003379812478	0.0002177509898	0.0001139751218	3.983468638e-05
	5.07967393e-06	-4.698663611e-35	-4.546079252e-35	4.75027735e-06	3.893352881e-05
	0.000112873032	0.0002169166555	0.0003375495968	0.0004662210468	0.0005968470331
	0.0007215142843	0.0008311023283	0.0009193072802	0.000984271661	0.001023561738
	0.001026737763	0.0009799890437	0.0008903121537	0.00080296657	0.0007637960768
	0.0007317882128	0.0005573663163	0.000146632907	-0.0002927891029	-0.0002767438058
	0.0004782092354	0.001561180904	0.002080278102	0.001559755673	0.0004762970211
	-0.0002777794013	-0.0002925725375	0.0001472219678	0.0005575171498	0.0007315068638
	0.0007634569745	0.000802767501	0.000890220089	0.0009799304032	0.001026703805
	0.001023581424	0.0009843593416	0.0009194491457	0.0008312706227	0.0007216822401
	0.0005969950004	0.0004663371077	0.0003376288492	0.0002169607694	0.0001128900162
	3.893580449e-05	4.749278119e-06	-4.546037622e-35	-4.394752278e-35	4.424516441e-06
	3.803969382e-05	0.0001117830337	0.0002161141206	0.0003371893418	0.0004661954148
	0.0005970471749	0.0007218932935	0.0008316178419	0.0009199831738	0.0009852776104
	0.001024981583	0.00102809568	0.0009803051993	0.0008893462046	0.0008026455306
	0.000767154336	0.000738472235	0.0005602138923	0.00013638143	-0.0003151491973
	-0.000292781025	0.0004934345167	0.001615678717	0.002152747626	0.001614270048
	0.0004915096374	-0.0002938474546	-0.0003149382488	0.0001369864552	0.0005603725475
	0.000738183004	0.0007668027914	0.0008024374315	0.0008892484571	0.0009802426625
	0.001028060041	0.001025002698	0.0009853697235	0.0009201316618	0.0008317939273
	0.0007220690918	0.0005972020164	0.0004663167415	0.0003372720413	0.0002161599868
	0.0001118005152	3.80418814e-05	4.423410627e-06	-4.39467784e-35	-4.244615096e-35
	4.103000552e-06	3.715049728e-05	0.0001106887427	0.0002153012493	0.0003368245942
	0.000466175314	0.0005972548817	0.0007222729842	0.0008321283926	0.0009206606763
	0.000986302853	0.001026427588	0.00102945097	0.0009805732152	0.0008883405159
	0.0008023783191	0.0007706449563	0.0007452144974	0.0005629452307	0.00012598393
	-0.0003374629637	-0.0003086936333	0.0005083675018	0.001669151645	0.002223822237
	0.001667767126	0.0005064373251	-0.0003097889715	-0.0003372591528	0.0001266037762
	0.0005631119048	0.0007449179269	0.0007702811489	0.000802161083	0.0008882369518
	0.0009805067046	0.001029413625	0.001026450155	0.0009863994535	0.0009208158432
	0.0008323123151	0.0007224566658	0.0005974166333	0.0004663019287	0.000336910742
	0.000215348851	0.0001107066989	3.715258123e-05	4.1017835e-06	-4.244505387e-35
	-4.095594754e-35	3.785468237e-06	3.626562515e-05	0.000109590219	0.0002144782336
	0.0003364552931	0.0004661606115	0.0005974702129	0.0007226533634	0.0008326337333
	0.0009213397953	0.0009873481303	0.001027900403	0.001030802718	0.000980791029
	0.0008872946354	0.0008021674865	0.0007742708505	0.000752015147	0.0005655586477
	0.0001154393005	-0.0003597320658	-0.0003244856108	0.000523005559	0.001721603583
	0.002293509864	0.00172025082	0.0005210775368	-0.0003256078483	-0.0003595369135
	0.0001160727809	0.0005657335235	0.0007517117945	0.0007738949699	0.0008019410046
	0.0008871851195	0.0009807204683	0.001030763639	0.001027924442	0.0009874492736
	0.0009215017	0.0008328255402	0.0007228449685	0.0005976389101	0.0004662925369
	0.0003365448906	0.0002145275534	0.0001096086268	3.626758988e-05	3.784135344e-06
	-4.095447311e-35	-3.947623584e-35	3.471681255e-06	3.538478299e-05	0.0001084875048
	0.0002136452493	0.0003360813961	0.0004661511914	0.0005976932083	0.0007230344126
	0.0008331336341	0.0009220205835	0.0009884141828	0.001029400606	0.001032149976
	0.0009809566735	0.0008862081929	0.0008020154713	0.0007780347774	0.0007588744239
	0.0005680526617	0.0001047463716	-0.0003819583756	-0.00034016084	0.0005373463462
	0.001773038362	0.002361818073	0.00177172497	0.0005354280023	-0.0003413078867
	-0.0003817733987	0.0001053922577	0.0005682359045	0.0007585648595	0.000777647025
	0.0008017796345	0.0008860925879	0.0009808819867	0.001032109133	0.001029426136
	0.0009885199246	0.0009221892874	0.0008333333738	0.0007232339809	0.0005978688863
	0.0004662884504	0.0003361744451	0.0002136962695	0.0001085063408	3.538661283e-05
	3.470227963e-06	-3.947435945e-35	-3.800638644e-35	3.16142174e-06	3.450769394e-05
	0.0001073806267	0.0002128024574	0.0003357028781	0.000466146954	0.0005979238886
	0.0007234160878	0.0008336278824	0.0009227031398	0.0009895017475	0.001030928704
	0.001033491767	0.0009810682779	0.0008850808922	0.0008019245976	0.0007819393531
	0.0007657926633	0.0005704259804	9.390390824e-05	-0.0004041439579	-0.0003557231056
	0.0005513877939	0.001823459754	0.00242875408	0.001822193341	0.0005494867114
	-0.0003568927928	-0.0004039706656	9.456093041e-05	0.000570617735	0.0007654774682
	0.000781539943	0.0008016792979	0.0008849590593	0.0009809893888	0.00103344913
	0.001030955739	0.000989612144	0.0009228787068	0.0008338356045	0.0007236236584
	0.0005981065822	0.00046628957	0.0003357993803	0.0002128551602	0.0001073998673
	3.450937316e-05	3.159843534e-06	-3.800408346e-35	-3.654581226e-35	2.854489811e-06
	3.363409709e-05	0.0001062695977	0.0002119500053	0.0003353197293	0.0004661478152
	0.0005981622562	0.0007237983197	0.0008341162836	0.000923387609	0.0009906115563
	0.00103248513	0.001034827092	0.0009811240687	0.0008839125059	0.0008018970739
	0.0007859870591	0.0007727702973	0.0005726774898	8.291060831e-05	-0.0004262910579
	-0.0003711760935	0.0005651280907	0.001872871466	0.00249432477	0.001871659624
	0.0005632519003	-0.0003723661778	-0.0004261309483	8.357745767e-05	0.0005728778775
	0.0007724500615	0.0007855762191	0.0008016422065	0.0008837843043	0.0009810409001
	0.001034782628	0.001032513685	0.0009907266644	0.0009235701056	0.000834332039
	0.0007240139313	0.0005983519999	0.0004662958119	0.0003354196868	0.0002120043725
	0.0001062892187	3.363560986e-05	2.852782211e-06	-3.6543058e-35	-3.509396426e-35
	2.550701526e-06	3.276374582e-05	0.0001051544187	0.000211088028	0.0003349319542
	0.0004661537055	0.0005984082962	0.0007241810144	0.0008345986617	0.0009240741822
	0.0009917443342	0.001034070245	0.001036154931	0.0009811223695	0.0008827028694
	0.0008019349938	0.0007901802504	0.0007798078554	0.0005748062446	7.176510221e-05
	-0.0004484020909	-0.0003865233913	0.0005785656712	0.001921277142	0.00255853671
	0.001920127435	0.0005767220391	-0.0003877315568	-0.0004482566476	7.244043186e-05
	0.0005750153614	0.0007794831757	0.0007897582231	0.000801670458	0.0008825681566
	0.0009810348425	0.001036108603	0.001034100331	0.0009918642116	0.000924263677
	0.0008348225023	0.0007244047055	0.0005986051239	0.0004663071068	0.0003350353694
	0.0002111440412	0.0001051743958	3.276507622e-05	2.548860077e-06	-3.509073396e-35
	-3.36503276e-35	2.249887114e-06	3.189640648e-05	0.0001040350798	0.000210216649
	0.0003345395704	0.0004661645692	0.0005986619762	0.0007245640543	0.0008350748589
	0.0009247630957	0.0009929007985	0.001035684338	0.001037474244	0.0009810616004
	0.000881451877	0.0008020403356	0.0007945211613	0.0007869059645	0.0005768114616
	6.046595246e-05	-0.0004704796341	-0.0004017684882	0.0005916992064	0.001968680365
	0.002621396156	0.001967600318	0.0005898958232	-0.0004029923503	-0.0004703503229
	6.114837898e-05	0.0005770293751	0.0007865774427	0.0007940882051	0.0008017660369
	0.0008813105092	0.0009809696336	0.001037426015	0.001035715964	0.0009930255033
	0.00092495966	0.000835306838	0.0007247958626	0.0005988659215	0.0004663233994
	0.0003346464458	0.0002102742896	0.0001040553883	3.189753844e-05	2.247907384e-06
	-3.36465964e-35	-3.221441822e-35	1.951889442e-06	3.103185704e-05	0.0001029115617
	0.0002093359819	0.0003341426077	0.0004661803632	0.0005989232473	0.0007249472984
	0.0008355447368	0.0009254546309	0.000994081657	0.001037327627	0.001038783976
	0.0009809402771	0.0008801594787	0.0008022149634	0.0007990119108	0.0007940653491
	0.000578692513	4.901165383e-05	-0.0004925264201	-0.0004169147758	0.0006045275962
	0.002015084654	0.002682909065	0.002014081744	0.0006027721654	-0.0004181518844
	-0.000492414686	4.969975888e-05	0.0005789192604	0.0007937335899	0.0007985683005
	0.0008019308152	0.0008800113104	0.0009808437859	0.001038733806	0.001037360801
	0.0009942112487	0.0009256583383	0.0008357849087	0.0007251872615	0.0005991343436
	0.0004663446466	0.000334252946	0.0002093952311	0.0001029321764	3.103277441e-05
	1.94976701e-06	-3.221016112e-35	-3.078577972e-35	1.656562661e-06	3.016988602e-05
	0.0001017838362	0.0002084461307	0.0003337411072	0.0004662010562	0.0005991920445
	0.0007253305837	0.0008360081756	0.000926149113	0.0009952876083	0.001039000257
	0.001040083056	0.00098075701	0.0008788256771	0.0008024606289	0.0008036545059
	0.0008012868301	0.0005804489227	3.74006338e-05	-0.000514545332	-0.0004319655491
	0.0006170499632	0.002060493467	0.002743081099	0.002059575114	0.0006153501906
	-0.0004332133918	-0.0005144525965	3.809296574e-05	0.0005806845085	0.0008009524388
	0.0008032005336	0.0008021665535	0.0008786705619	0.0009806559059	0.001040030901
	0.001039034986	0.0009954221471	0.0009263600392	0.0008362565961	0.0007255787388
	0.0005994103245	0.0004663708175	0.0003338549114	0.0002085069694	0.0001018047318
	3.017057248e-05	1.654293111e-06	-3.078097158e-35	-2.936398057e-35	1.363771016e-06
	2.931029137e-05	0.0001006518678	0.0002075471915	0.0003333351206	0.0004662266275
	0.0005994682869	0.0007257137262	0.0008364650745	0.00092684691	0.0009965193408
	0.001040702306	0.0010413704	0.0009805105017	0.0008774505263	0.0008027789721
	0.0008084508449	0.0008085713239	0.0005820803628	2.563125337e-05	-0.0005365394009
	-0.0004469240073	0.0006292656495	0.002104910202	0.00280191763	0.002104083757
	0.0006276292323	-0.0004481800131	-0.0005364670593	2.632632891e-05	0.0005823247571
	0.0008082349048	0.0008079868203	0.000802474903	0.0008772883168	0.0009804046918
	0.001041316213	0.001040738595	0.0009966588882	0.0009270651331	0.0008367218004
	0.0007259701103	0.0005996937829	0.0004664018914	0.0003334523938	0.0002076096005
	0.0001006730184	2.931073045e-05	1.361349931e-06	-2.935859605e-35	-2.794861156e-35
	1.073387778e-06	2.845287951e-05	9.951561381e-05	0.0002066392528	0.0003329247093
	0.0004662570661	0.0005997518783	0.0007260965219	0.0008369153516	0.0009275484314
	0.0009977775331	0.001042433784	0.001042644909	0.0009801995459	0.0008760341308
	0.0008031715241	0.000813402718	0.000815919841	0.0005835866525	1.370180814e-05
	-0.0005585118042	-0.0004617932552	0.0006411742144	0.002148338195	0.002859423742
	0.00214761093	0.000639608831	-0.0004630547977	-0.0005584612228	1.439811405e-05
	0.0005838397889	0.0008155819952	0.0008129289694	0.0008028574069	0.000875864679
	0.0009800889322	0.001042588638	0.001042471636	0.0009979221518	0.000927774032
	0.0008371804409	0.0007263611719	0.0005999846223	0.0004664378573	0.000333045455
	0.0002067032128	9.953699351e-05	2.845305458e-05	1.070810727e-06	-2.79426251e-35
	-2.653928339e-35	7.852942847e-07	2.759746443e-05	9.837502551e-05	0.0002057223969
	0.0003325099442	0.0004662923694	0.000600042708	0.0007264787483	0.0008373589428
	0.0009282541273	0.0009990628543	0.001044194633	0.001043905469	0.0009798230251
	0.0008745766455	0.000803639709	0.0008185118086	0.0008233334841	0.0005849677579
	1.610529752e-06	-0.000580465866	-0.0004765763046	0.0006527754339	0.002190780721
	0.002915604235	0.002190159824	0.0006512887338	-0.0004778407058	-0.0005804383799
	2.306524572e-06	0.0005852295318	0.0008229948077	0.0008180286831	0.0008033155032
	0.0008743998032	0.0009797075036	0.001043847059	0.001044234052	0.0009992126083
	0.0009284871877	0.000837632455	0.0007267517008	0.0006002827315	0.0004664787129
	0.0003326341659	0.0002057878885	9.839660795e-05	2.759735871e-05	7.825568207e-07
	-2.653266922e-35	-2.513562456e-35	4.993790798e-07	2.67438669e-05	9.723004875e-05
	0.0002047967008	0.0003320909044	0.0004663325424	0.0006003406509	0.0007268601655
	0.0008377958024	0.0009289644859	0.001000375964	0.001045984732	0.001045150951
	0.0009793799075	0.0008730782763	0.0008041848468	0.000823779692	0.0008308134459
	0.000586223793	-1.064441231e-05	-0.0006024050593	-0.0004912760761	0.0006640693031
	0.002232240996	0.002970463616	0.002231733561	0.000662668897	-0.00049254061
	-0.00060240197	-9.950296549e-06	0.0005864940601	0.000830474528	0.0008232875562
	0.0008038505271	0.0008728938955	0.0009792593681	0.001045090343	0.00104602572
	0.001000530919	0.0009292050912	0.0008380777979	0.000727141457	0.000600587985
	0.0004665244629	0.0003322186058	0.0002048637043	9.725180728e-05	2.674346339e-05
	4.964767273e-07	-2.512835663e-35	-2.373727935e-35	2.155371282e-07	2.589191363e-05
	9.608062448e-05	0.0002038622368	0.000331667677	0.0004663775962	0.0006006455685
	0.0007272405176	0.0008382259014	0.0009296800328	0.001001717515	0.0010478039
	0.001046380212	0.0009788692447	0.0008715392818	0.0008048081564	0.0008292078341
	0.0008383610065	0.0005873550229	-2.306490846e-05	-0.0006243330094	-0.0005058954014
	0.0006750560395	0.002272722179	0.003024006104	0.002272335194	0.0006737494894
	-0.0005071572972	-0.0006243555827	-2.237426448e-05	0.0005876335976	0.0008380224275
	0.0008287070741	0.0008044637144	0.0008713472149	0.0009787435702	0.001046317341
	0.001047846457	0.001001877738	0.0009299282699	0.000838516442	0.0007275301845
	0.0006009002439	0.0004665751186	0.0003317988619	0.0002039307326	9.610253219e-05
	2.589119518e-05	2.124653779e-07	-2.372933133e-35	-2.234390595e-35	-6.633089218e-08
	2.504143661e-05	9.492668941e-05	0.0002029190733	0.0003312403562	0.0004664275472
	0.0006009573092	0.0007276195343	0.0008386492275	0.0009304013283	0.001003088152
	0.001049651893	0.001047592087	0.0009782901678	0.0008699599755	0.0008055107596
	0.0008347975882	0.0008459775297	0.0005883618676	-3.565290617e-05	-0.0006462534999
	-0.0005204370251	0.0006857360886	0.002312227368	0.003076235619	0.002311967714
	0.0006845308988	-0.0005216934714	-0.000646302964	-3.49673497e-05	0.0005886485216
	0.0008456398594	0.0008342886104	0.0008051562048	0.0008697600757	0.0009781592338
	0.001047526883	0.00104969602	0.001003253712	0.0009306572865	0.0008389483763
	0.0007279176131	0.0006012193561	0.0004666306962	0.0003313750287	0.0002029890417
	9.49487191e-05	2.504038586e-05	-6.957659071e-08	-2.233525121e-35	-2.095517479e-35
	-3.463192326e-07	2.419227245e-05	9.376817652e-05	0.0002019672761	0.0003308090431
	0.0004664824159	0.0006012757093	0.0007279969323	0.0008390657839	0.0009311289659
	0.001004488514	0.001051528413	0.001048785393	0.000977641884	0.0008683407283
	0.0008062936855	0.0008405501912	0.0008536644595	0.0005892449077	-4.84104064e-05
	-0.0006681704799	-0.0005349036085	0.0006961101327	0.002350759609	0.003127155774
	0.002350634043	0.0006950137401	-0.0005361517563	-0.0006682480233	-4.773157445e-05
	0.0005895393689	0.0008533282552	0.0008400334222	0.0008059290467	0.0008681328503
	0.0009775055581	0.001048717781	0.001051574109	0.001004659481	0.0009313927367
	0.0008393736052	0.0007283034595	0.0006015451575	0.0004666912162	0.0003309472073
	0.0002020386973	9.379030072e-05	2.419087182e-05	-3.497434783e-07	-2.094578637e-35
	-1.957076695e-35	-6.245176557e-07	2.334426174e-05	9.260501552e-05	0.0002010069085
	0.0003303738448	0.0004665422257	0.000601600593	0.000728372417	0.0008394755889
	0.0009318635697	0.001005919236	0.001053433109	0.001049958924	0.0009769236717
	0.0008666819725	0.0008071578756	0.0008464667586	0.0008614233141	0.0005900048921
	-6.133945913e-05	-0.0006900880741	-0.0005492977328	0.0007061791008	0.00238832189
	0.003176769868	0.002388337045	0.000705198866	-0.0005505346996	-0.0006901948439
	-6.066900825e-05	0.0005903068434	0.0008610891195	0.0008459426458	0.0008067832023
	0.0008664659726	0.0009767818134	0.001049888823	0.001053480371	0.001006095684
	0.0009321352467	0.0008397921481	0.000728687429	0.0006018774718	0.0004667567017
	0.0003305155051	0.0002010797626	9.262720652e-05	2.334249346e-05	-6.281251023e-07
	-1.956061754e-35	-1.819037273e-35	-9.010119595e-07	2.249724851e-05	9.143713334e-05
	0.0002000380326	0.0003299348741	0.0004666070016	0.0006019317737	0.0007287456844
	0.0008398786746	0.0009326057917	0.001007380952	0.001055365578	0.001051111449
	0.0009761348754	0.0008649842056	0.0008081041904	0.0008525482782	0.0008692556805
	0.0005906427472	-7.444215758e-05	-0.0007120105949	-0.0005636219034	0.000715944183
	0.002424917145	0.003225080869	0.002425079519	0.0007150873815	-0.0005648447769
	-0.0007121476949	-7.378176216e-05	0.0005909518251	0.0008689240235	0.0008520172899
	0.0008077195538	0.0008647599423	0.0009759873353	0.001051038771	0.001055414405
	0.001007562954	0.000932885471	0.0008402040387	0.0007290692178	0.000602216112
	0.0004668271778	0.0003300800348	0.0002001122999	9.145936318e-05	2.249509458e-05
	-9.048073215e-07	-1.817943467e-35	-1.681369036e-35	-1.175884449e-06	2.165107974e-05
	9.02644545e-05	0.0001990607099	0.0003294922491	0.0004666767695	0.0006022690539
	0.0007291164226	0.0008402750864	0.0009333563093	0.001008874291	0.001057325374
	0.001052241708	0.0009752748993	0.000863247995	0.0008091334172	0.0008587956034
	0.0008771632055	0.0005911595875	-8.772063092e-05	-0.0007339425571	-0.0005778785564
	0.000725406847	0.00246054826	0.003272091395	0.002460864209	0.0007246806604
	-0.0005790843976	-0.0007341110467	-8.707198146e-05	0.0005914753817	0.0008768345971
	0.0008582582287	0.0008087389114	0.0008630153296	0.0009751215191	0.001052166359
	0.001057375764	0.001009061924	0.0009336440893	0.0008406093236	0.000729448514
	0.0006025608801	0.0004669026699	0.0003296409147	0.0001991363703	9.028669497e-05
	2.164852195e-05	-1.179872508e-06	-1.680193562e-35	-1.544042486e-35	-1.449214361e-06
	2.080560489e-05	8.908690149e-05	0.0001980750015	0.0003290460925	0.0004667515547
	0.0006026122256	0.0007294843138	0.0008406648827	0.0009341158225	0.001010399885
	0.001059312012	0.001053348412	0.0009743432	0.0008614739828	0.000810246279
	0.0008652094442	0.0008851475865	0.0005915567288	-0.0001011770347	-0.0007558886964
	-0.0005920700654	0.0007345688598	0.002495218071	0.003317803695	0.002495693801
	0.0007339803673	-0.0005932559126	-0.0007560895887	-0.0001005418362	0.000591878781
	0.0008848225193	0.0008646661936	0.0008098420222	0.0008612327795	0.0009741838122
	0.001053270289	0.001059363959	0.001010593228	0.0009344118039	0.0008410080626
	0.0007298249998	0.0006029115677	0.0004669832033	0.0003291982676	0.0001981520353
	8.910912417e-05	2.08026248e-05	-1.453399968e-06	-1.542782502e-35	-1.407028697e-35
	-1.72107824e-06	1.996067548e-05	8.790439508e-05	0.0001970809694	0.0003285965317
	0.0004668313811	0.0006029610712	0.000729849036	0.0008410481343	0.0009348850499
	0.001011958365	0.001061324969	0.001054430235	0.000973339278	0.0008596628904
	0.0008114434466	0.0008717903591	0.0008932105578	0.0005918357037	-0.0001148135387
	-0.000777853991	-0.0006061987509	0.0007434323135	0.002528929369	0.003362219622
	0.002529570931	0.0007429884833	-0.0006073616234	-0.0007780882513	-0.000114193509
	0.0005921635069	0.0008928895047	0.0008712417643	0.0008110295817	0.0008594130171
	0.0009731737056	0.001054349232	0.001061378469	0.0010121575	0.0009351893359
	0.0008414003279	0.0007301983537	0.0006032679565	0.0004670688015	0.0003287522209
	0.0001971593566	8.792657134e-05	1.995725442e-05	-1.725466326e-06	-1.405681323e-35
	-1.27029923e-35	-1.991550286e-06	1.911614478e-05	8.671685466e-05	0.0001960786764
	0.0003281436982	0.0004669162698	0.0006033153626	0.0007302102653	0.0008414249242
	0.0009356647259	0.001013550366	0.001063363696	0.001055485822	0.0009722626674
	0.0008578155231	0.0008127255523	0.0008785387448	0.0009013538753	0.0005919982781
	-0.0001286323108	-0.0007998436871	-0.0006202668934	0.000751999657	0.002561684907
	0.003405340594	0.002562498187	0.0007517073382	-0.0006214037947	-0.0008001122319
	-0.0001280291787	0.0005923312761	0.0009010372882	0.000877985359	0.0008123022481
	0.0008575568518	0.0009720907237	0.001055401822	0.001063418742	0.001013755375
	0.0009359774224	0.0008417862042	0.0007305682515	0.0006036298182	0.0004671594854
	0.0003283029063	0.0001961583973	8.673895563e-05	1.911226387e-05	-1.996145861e-06
	-1.268861543e-35	-1.133826051e-35	-2.260702662e-06	1.827186751e-05	8.552419844e-05
	0.0001950681871	0.0003276877278	0.000467006239	0.0006036748622	0.0007305676769
	0.0008417953484	0.0009364555973	0.001015176521	0.001065427621	0.001056513778
	0.0009711129248	0.0008559327739	0.0008140932065	0.0008854548275	0.0009095792946
	0.0005920464714	-0.0001426354956	-0.00082186333	-0.0006342767495	0.0007602737357
	0.002593487403	0.003447167556	0.002594478117	0.0007601396499	-0.000635384671
	-0.0008221670256	-0.000142051	0.0005923840581	0.0009092676036	0.0008848972252
	0.0008136606585	0.0008556651809	0.0009709344134	0.001056426658	0.001065484206
	0.001015387489	0.0009367768127	0.0008421657888	0.0007309343689	0.0006039969143
	0.0004672552727	0.0003278504595	0.0001951492218	8.554619508e-05	1.826750762e-05
	-2.26551082e-06	-1.132295089e-35	-9.97581466e-36	-2.528605779e-06	1.742769955e-05
	8.43263438e-05	0.0001940495678	0.0003272287597	0.0004671013024	0.0006040393218
	0.0007309209473	0.0008421595164	0.0009372584197	0.001016837463	0.001067516157
	0.001057512675	0.0009698896155	0.0008540156251	0.0008155470187	0.0008925386532
	0.0009178885458	0.0005919825772	-0.0001568251872	-0.0008439188005	-0.0006482305743
	0.0007682578396	0.002624339551	0.003487700928	0.002625513239	0.000768288573
	-0.0006493064987	-0.000844258462	-0.0001562610748	0.0005923240963	0.0009175821579
	0.0008919774304	0.0008151054497	0.0008537389919	0.0009697043301	0.001057422303
	0.001067574273	0.001017054479	0.0009375882651	0.000842539193	0.0007312963823
	0.0006043689963	0.0004673561769	0.0003273950199	0.0001941318964	8.434820689e-05
	1.742284133e-05	-2.533631704e-06	-9.959542255e-36	-8.61538062e-36	-2.795328563e-06
	1.658349778e-05	8.312320752e-05	0.000193022887	0.0003267669373	0.0004672014692
	0.0006044084832	0.0007312697549	0.0008425175522	0.0009380739546	0.001018533825
	0.001069628711	0.001058481054	0.0009685922995	0.0008520651475	0.0008170876221
	0.0008997900809	0.0009262832988	0.0005918091861	-0.0001712033914	-0.0008660163577
	-0.0006621306513	0.0007759557635	0.002654244034	0.003526940535	0.002655606047
	0.0007761577584	-0.0006631715562	-0.0008663927476	-0.0001706614156	0.0005921539309
	0.0009259825973	0.0008992258552	0.0008166372827	0.0008517793611	0.0009684000242
	0.001058387288	0.001069688347	0.001018756977	0.0009384125442	0.0008429065425
	0.0007316539704	0.0006047458053	0.000467462207	0.0003269367308	0.0001931064898
	8.314490764e-05	1.657812165e-05	-2.800577529e-06	-8.598114968e-36	-7.256686535e-36
	-3.060938703e-06	1.57391199e-05	8.191470604e-05	0.0001919882157	0.0003263024071
	0.0004673067439	0.0006047820772	0.0007316137812	0.0008428695961	0.0009389029673
	0.001020266232	0.001071764687	0.001059417427	0.0009672205155	0.000850082496
	0.0008187157021	0.0009072087797	0.0009347651209	0.0005915292088	-0.0001857719765
	-0.0008881626899	-0.0006759793346	0.0007833718821	0.002683203536	0.003564885521
	0.002684759037	0.0007837514294	-0.0006769821955	-0.0008885765171	-0.000185253896
	0.0005918764217	0.0009344704648	0.0009066421897	0.0008182568715	0.0008497874494
	0.0009670210245	0.001059320118	0.001071825829	0.001020495613	0.0009392504181
	0.0008432679791	0.0007320068148	0.0006051270715	0.0004675733669	0.0003264757387
	0.0001920730729	8.193621362e-05	1.573320605e-05	-3.066416079e-06	-7.238396753e-36
	-5.899462353e-36	-3.325502882e-06	1.489442427e-05	8.070075581e-05	0.0001909456272
	0.0003258353188	0.0004674171255	0.000605159824	0.0007319527111	0.0008432158057
	0.0009397462253	0.001022035299	0.001073923494	0.001060320289	0.0009657737651
	0.0008480688986	0.0008204320304	0.0009147942311	0.0009433354225	0.0005911458966
	-0.000200532606	-0.0009103649731	-0.0006897791066	0.0007905112453	0.002711220769
	0.003601534246	0.002712974719	0.0007910744761	-0.0006907409002	-0.0009108168919
	-0.0002000401834	0.0005914947694	0.0009430471457	0.0009142259369	0.0008199650166
	0.0008477644917	0.0009655668233	0.00106021928	0.001073986127	0.001022271004
	0.0009401026578	0.0008436236626	0.0007323546005	0.0006055125145	0.0004676896552
	0.0003260121936	0.0001910317192	8.072204112e-05	1.488795267e-05	-3.331214133e-06
	-5.880117136e-36	-4.543439382e-36	-3.589086989e-06	1.404926978e-05	7.948127354e-05
	0.0001898951979	0.0003253658251	0.0004675326078	0.0006055414329	0.0007322862326
	0.0008435563581	0.0009406044983	0.001023841626	0.001076104549	0.001061188131
	0.0009642514993	0.0008460256387	0.0008222375014	0.0009225457435	0.000951995389
	0.000590662856	-0.0002154866477	-0.0009326309387	-0.0007035326612	0.0007973797002
	0.002738298507	0.003636884131	0.00274025566	0.0007981325777	-0.0007044503687
	-0.0009331215479	-0.0002150216481	0.0005910125302	0.0009517138002	0.000921976426
	0.0008217626415	0.0008457117784	0.000964036862	0.001061083252	0.001076168655
	0.001024083751	0.0009409700362	0.0008439737717	0.0007326970157	0.0006059018429
	0.0004678110653	0.0003255462478	0.000189982505	7.95023067e-05	1.404222017e-05
	-3.595037678e-06	-4.523007001e-36	-3.188349879e-36	-3.851756307e-06	1.320351577e-05
	7.825617652e-05	0.0001888370067	0.000324894081	0.0004676531792	0.0006059266026
	0.0007326140365	0.0008438914498	0.0009414785597	0.001025685792	0.001078307275
	0.001062019449	0.0009626531074	0.000843954026	0.0008241331701	0.0009304624824
	0.0009607458973	0.0005900840509	-0.0002306350488	-0.0009549689488	-0.0007172430244
	0.0008039840497	0.002764439636	0.003670931472	0.00276660453	0.000804932361
	-0.000718113634	-0.0009554987908	-0.0002301992386	0.0005904336174	0.0009604712796
	0.0009298928431	0.0008236508306	0.0008436306274	0.0009624305212	0.001061910523
	0.001078372834	0.001025934437	0.0009418533301	0.0008443185052	0.0007330337514
	0.0006062947548	0.000467937585	0.0003250780565	0.0001889255094	7.827692751e-05
	1.319586766e-05	-3.857952099e-06	-3.166798179e-36	-1.83392669e-36	-4.113575681e-06
	1.235702188e-05	7.702538292e-05	0.0001877711357	0.0003244202434	0.0004677788225
	0.0006063150222	0.0007329358159	0.0008442212977	0.0009423691885	0.001027568352
	0.0010805311	0.001062812767	0.0009609779157	0.0008418553578	0.000826120286
	0.000938543526	0.0009695874158	0.0005894137766	-0.0002459781644	-0.0009773880742
	-0.0007309137341	0.0008103322621	0.002789647234	0.003703671158	0.002792024183
	0.0008114816103	-0.000731734244	-0.0009779576339	-0.0002455733103	0.0005897622771
	0.000969320027	0.0009379742864	0.0008256308629	0.0008415223446	0.0009607471183
	0.001062699607	0.001080598087	0.001027823618	0.0009427533224	0.0008446580819
	0.0007333645007	0.0006066909386	0.0004680691969	0.0003246077766	0.0001878608145
	7.704582159e-05	1.234875457e-05	-4.12002234e-06	-1.811223094e-36	-4.799029489e-37
	-4.37460966e-06	1.150964801e-05	7.5788812e-05	0.0001866976703	0.0003239444707
	0.0004679095148	0.0006067063713	0.000733251266	0.0008445461373	0.0009432771729
	0.001029489834	0.001082775446	0.00106356665	0.0009592251973	0.0008397308685
	0.0008282003118	0.0009467879561	0.0009785198956	0.0005886565866	-0.0002615155218
	-0.0009998981625	-0.0007445491165	0.0008164337554	0.002813924698	0.003735096289
	0.00281651778	0.0008177895507	-0.0007453165368	-0.001000507866	-0.0002611433895
	0.0005890030142	0.0009782599678	0.0009462198571	0.0008277042305	0.0008393881739
	0.0009589859178	0.001063449055	0.001082843833	0.001029751825	0.0009436708049
	0.0008449927394	0.0007336889591	0.0006070900731	0.0004682058774	0.0003241355665
	0.0001867885058	7.580890809e-05	1.150074057e-05	-4.381313052e-06	-4.560144596e-37
	8.739881463e-37	-4.634922612e-06	1.066125423e-05	7.454638438e-05	0.000185616699
	0.0003234669225	0.0004680452268	0.0006071003215	0.0007335600843	0.0008448662212
	0.0009442033118	0.001031450743	0.001085039717	0.001064279711	0.0009573941982
	0.0008375816762	0.0008303749109	0.0009551949942	0.0009875426679	0.0005878171302
	-0.0002772455004	-0.001022509862	-0.0007581547244	0.0008222997871	0.002837275957
	0.003765197579	0.002840089008	0.000823867238	-0.000758866079	-0.001023160078
	-0.0002769078539	0.0005881604304	0.0009872904082	0.0009546287951	0.0008298726263
	0.0008372292442	0.0009571461577	0.001064157472	0.001085109473	0.001031719565
	0.0009446065807	0.0008453227328	0.0007340068243	0.000607491829	0.0004683475967
	0.0003236615856	0.0001857086719	7.456610751e-05	1.065168552e-05	-4.641888707e-06
	8.990949442e-37	2.228013505e-36	-4.894578836e-06	9.811700773e-06	7.329802222e-05
	0.0001845283142	0.0003229877592	0.0004681859227	0.0006074965362	0.0007338619718
	0.0008451818172	0.0009451484155	0.001033451565	0.001087323293	0.001064950606
	0.0009554841779	0.0008354087426	0.0008326458819	0.00096376418	0.0009966543968
	0.000586899838	-0.0002931649171	-0.001045234521	-0.0007717380637	0.0008279440004
	0.002859705876	0.003793962409	0.00286274247	0.0008297281052	-0.0007723903915
	-0.001045925555	-0.0002928635175	0.000587238911	0.0009964099871	0.0009632006572
	0.0008321378785	0.0008350465285	0.0009552270898	0.001064823502	0.00108739438
	0.001033727328	0.0009455614641	0.0008456483321	0.0007343177972	0.0006078958691
	0.0004684943183	0.0003231859943	0.0001846214052	7.331734192e-05	9.801449462e-06
	-4.901813707e-06	2.254372441e-36	3.582440267e-36	-5.153642655e-06	8.960848034e-06
	7.204364943e-05	0.0001834326116	0.0003225071418	0.0004683315596	0.0006078946713
	0.0007341566334	0.0008454932069	0.0009461133033	0.001035492777	0.00108962552
	0.00106557802	0.0009534944529	0.0008332128733	0.0008350150213	0.0009724955561
	0.001005853185	0.0005859083734	-0.0003092685654	-0.001068083741	-0.000785309849
	0.0008333831803	0.00288122105	0.003821373157	0.00288448449	0.0008353887169
	-0.0007859002038	-0.001068815838	-0.00030900517	0.0005862420762	0.001005616782
	0.0009719355015	0.0008345018134	0.000832840845	0.0009532280225	0.001065445816
	0.001089697898	0.001035775591	0.0009465362787	0.0008459698215	0.0007346215831
	0.0006083018485	0.0004686459988	0.0003227089535	0.0001835268015	7.206253513e-05
	8.949892558e-06	-5.161152477e-06	3.610085579e-36	4.937535894e-36	-5.412178489e-06
	8.108556545e-06	7.078319185e-05	0.0001823296906	0.0003220252315	0.0004684820875
	0.0006082943754	0.0007344437792	0.0008458006862	0.0009470988004	0.001037574846
	0.001091945725	0.001066160633	0.0009514244138	0.0008309947859	0.0008374839454
	0.0009813897368	0.001015136987	0.0005848448265	-0.0003255489893	-0.001091068059
	-0.000798886236	0.000838638151	0.002901831724	0.003847403809	0.002905325022
	0.0008408696668	-0.0007994116843	-0.001091841406	-0.0003253253505	0.0005851719761
	0.001014908722	0.0009808339565	0.0008369660777	0.0008306129249	0.0009511483394
	0.001066023084	0.001092019346	0.001037864825	0.0009475318543	0.0008462874995
	0.0007349178923	0.0006087094146	0.0004688025876	0.0003222306245	0.0001824249603
	7.08016129e-05	8.096875146e-06	-5.419969542e-06	4.966502227e-36	6.293568171e-36
	-5.670250917e-06	7.254687048e-06	6.951657752e-05	0.0001812196542	0.0003215421898
	0.0004686374491	0.0006086952895	0.0007347231242	0.0008461045657	0.0009481057366
	0.001039698231	0.001094283219	0.001066697113	0.0009492734992	0.0008287552171
	0.0008400539927	0.0009904476753	0.001024504381	0.0005837090604	-0.0003419974666
	-0.00111419362	-0.0008124924213	0.0008437336082	0.002921557714	0.003872011248
	0.002925283565	0.0008461954038	-0.0008129500344	-0.001115008339	-0.0003418153297
	0.000584028437	0.001024284358	0.0009898969877	0.0008395320406	0.0008283635194
	0.0009489874716	0.001066553961	0.001094358032	0.001039995491	0.0009485490252
	0.0008466016793	0.00073520644	0.0006091182077	0.0004689640266	0.0003217511685
	0.0001813159849	6.95345032e-05	7.24225777e-06	-5.678329583e-06	6.323890569e-36
	