-30 0.05 0
-29.4 0.05 0
-28.8 0.05 0
-28.2 0.05 0
-27.6 0.05 0
-27 0.05 0
-26.4 0.05 0
-25.8 0.05 0
-25.2 0.05 0
-24.6 0.05 0
-24 0.05 0
-23.4 0.05 0
-22.8 0.05 0
-22.2 0.05 0
-21.6 0.05 0
-21 0.05 0
-20.4 0.05 0
-19.8 0.05 0
-19.2 0.05 0
-18.6 0.05 0
-18 0.05 0
-17.4 0.05 0
-16.8 0.05 0
-16.2 0.05 0
-15.6 0.05 0
-15 0.05 -5.27115e-05
-14.4 0.05 -5.24953e-05
-13.8 0.05 -5.18504e-05
-13.2 0.05 -5.07866e-05
-12.6 0.05 -4.93204e-05
-12 0.05 -4.74741e-05
-11.4 0.05 -4.52765e-05
-10.8 0.05 -4.27622e-05
-10.2 0.05 -3.99719e-05
-9.6 0.05 -3.69515e-05
-9 0.05 -3.37509e-05
-8.4 0.05 -3.0422e-05
-7.8 0.05 -2.70162e-05
-7.2 0.05 -2.35826e-05
-6.6 0.05 -2.01675e-05
-6 0.05 -1.68166e-05
-5.4 0.05 -1.35785e-05
-4.8 0.05 -1.05087e-05
-4.2 0.05 -7.67046e-06
-3.6 0.05 -5.1326e-06
-3 0.05 -2.96109e-06
-2.4 0.05 -1.20863e-06
-1.8 0.05 9.49981e-08
-1.2 0.05 9.47636e-07
-0.6 0.05 1.3728e-06
0 0.05 1.41313e-06
0.6 0.05 0
1.2 0.05 0
1.8 0.05 0
2.4 0.05 0
3 0.05 0
3.6 0.05 0
4.2 0.05 0
4.8 0.05 0
5.4 0.05 0
6 0.05 0
6.6 0.05 0
7.2 0.05 0
7.8 0.05 0
8.4 0.05 0
9 0.05 0
9.6 0.05 0
10.2 0.05 0
10.8 0.05 0
11.4 0.05 0
12 0.05 0
12.6 0.05 0
13.2 0.05 0
13.8 0.05 0
14.4 0.05 0
15 0.05 0
15.6 0.05 0
16.2 0.05 0
16.8 0.05 0
17.4 0.05 0
18 0.05 0
18.6 0.05 0
19.2 0.05 0
19.8 0.05 0
20.4 0.05 0
21 0.05 0
21.6 0.05 0
22.2 0.05 0
22.8 0.05 0
23.4 0.05 0
24 0.05 0
24.6 0.05 0
25.2 0.05 0
25.8 0.05 0
26.4 0.05 0
27 0.05 0
27.6 0.05 0
28.2 0.05 0
28.8 0.05 0
29.4 0.05 0
30 0.05 0
-30 0.102632 0
-29.4 0.102632 0
-28.8 0.102632 0
-28.2 0.102632 0
-27.6 0.102632 0
-27 0.102632 0
-26.4 0.102632 0
-25.8 0.102632 0
-25.2 0.102632 0
-24.6 0.102632 0
-24 0.102632 0
-23.4 0.102632 0
-22.8 0.102632 0
-22.2 0.102632 0
-21.6 0.102632 0
-21 0.102632 0
-20.4 0.102632 0
-19.8 0.102632 0
-19.2 0.102632 0
-18.6 0.102632 0
-18 0.102632 0
-17.4 0.102632 0
-16.8 0.102632 0
-16.2 0.102632 0
-15.6 0.102632 0
-15 0.102632 -5.26539e-05
-14.4 0.102632 -5.24381e-05
-13.8 0.102632 -5.17945e-05
-13.2 0.102632 -5.0733e-05
-12.6 0.102632 -4.92698e-05
-12 0.102632 -4.74275e-05
-11.4 0.102632 -4.52347e-05
-10.8 0.102632 -4.27259e-05
-10.2 0.102632 -3.99415e-05
-9.6 0.102632 -3.69272e-05
-9 0.102632 -3.37328e-05
-8.4 0.102632 -3.04103e-05
-7.8 0.102632 -2.70111e-05
-7.2 0.102632 -2.35846e-05
-6.6 0.102632 -2.01774e-05
-6 0.102632 -1.6835e-05
-5.4 0.102632 -1.36054e-05
-4.8 0.102632 -1.05434e-05
-4.2 0.102632 -7.71162e-06
-3.6 0.102632 -5.17848e-06
-3 0.102632 -3.01018e-06
-2.4 0.102632 -1.25995e-06
-1.8 0.102632 4.22087e-08
-1.2 0.102632 8.94883e-07
-0.6 0.102632 1.32353e-06
0 0.102632 1.37316e-06
0.6 0.102632 0
1.2 0.102632 0
1.8 0.102632 0
2.4 0.102632 0
3 0.102632 0
3.6 0.102632 0
4.2 0.102632 0
4.8 0.102632 0
5.4 0.102632 0
6 0.102632 0
6.6 0.102632 0
7.2 0.102632 0
7.8 0.102632 0
8.4 0.102632 0
9 0.102632 0
9.6 0.102632 0
10.2 0.102632 0
10.8 0.102632 0
11.4 0.102632 0
12 0.102632 0
12.6 0.102632 0
13.2 0.102632 0
13.8 0.102632 0
14.4 0.102632 0
15 0.102632 0
15.6 0.102632 0
16.2 0.102632 0
16.8 0.102632 0
17.4 0.102632 0
18 0.102632 0
18.6 0.102632 0
19.2 0.102632 0
19.8 0.102632 0
20.4 0.102632 0
21 0.102632 0
21.6 0.102632 0
22.2 0.102632 0
22.8 0.102632 0
23.4 0.102632 0
24 0.102632 0
24.6 0.102632 0
25.2 0.102632 0
25.8 0.102632 0
26.4 0.102632 0
27 0.102632 0
27.6 0.102632 0
28.2 0.102632 0
28.8 0.102632 0
29.4 0.102632 0
30 0.102632 0
-30 0.155263 0
-29.4 0.155263 0
-28.8 0.155263 0
-28.2 0.155263 0
-27.6 0.155263 0
-27 0.155263 0
-26.4 0.155263 0
-25.8 0.155263 0
-25.2 0.155263 0
-24.6 0.155263 0
-24 0.155263 0
-23.4 0.155263 0
-22.8 0.155263 0
-22.2 0.155263 0
-21.6 0.155263 0
-21 0.155263 0
-20.4 0.155263 0
-19.8 0.155263 0
-19.2 0.155263 0
-18.6 0.155263 0
-18 0.155263 0
-17.4 0.155263 0
-16.8 0.155263 0
-16.2 0.155263 0
-15.6 0.155263 0
-15 0.155263 -5.25963e-05
-14.4 0.155263 -5.2381e-05
-13.8 0.155263 -5.17387e-05
-13.2 0.155263 -5.06793e-05
-12.6 0.155263 -4.92192e-05
-12 0.155263 -4.73809e-05
-11.4 0.155263 -4.51929e-05
-10.8 0.155263 -4.26896e-05
-10.2 0.155263 -3.99111e-05
-9.6 0.155263 -3.6903e-05
-9 0.155263 -3.37148e-05
-8.4 0.155263 -3.03986e-05
-7.8 0.155263 -2.7006e-05
-7.2 0.155263 -2.35866e-05
-6.6 0.155263 -2.01872e-05
-6 0.155263 -1.68532e-05
-5.4 0.155263 -1.36322e-05
-4.8 0.155263 -1.05781e-05
-4.2 0.155263 -7.75275e-06
-3.6 0.155263 -5.22428e-06
-3 0.155263 -3.05907e-06
-2.4 0.155263 -1.3109e-06
-1.8 0.155263 -1.00325e-08
-1.2 0.155263 8.42829e-07
-0.6 0.155263 1.27503e-06
0 0.155263 1.33383e-06
0.6 0.155263 0
1.2 0.155263 0
1.8 0.155263 0
2.4 0.155263 0
3 0.155263 0
3.6 0.155263 0
4.2 0.155263 0
4.8 0.155263 0
5.4 0.155263 0
6 0.155263 0
6.6 0.155263 0
7.2 0.155263 0
7.8 0.155263 0
8.4 0.155263 0
9 0.155263 0
9.6 0.155263 0
10.2 0.155263 0
10.8 0.155263 0
11.4 0.155263 0
12 0.155263 0
12.6 0.155263 0
13.2 0.155263 0
13.8 0.155263 0
14.4 0.155263 0
15 0.155263 0
15.6 0.155263 0
16.2 0.155263 0
16.8 0.155263 0
17.4 0.155263 0
18 0.155263 0
18.6 0.155263 0
19.2 0.155263 0
19.8 0.155263 0
20.4 0.155263 0
21 0.155263 0
21.6 0.155263 0
22.2 0.155263 0
22.8 0.155263 0
23.4 0.155263 0
24 0.155263 0
24.6 0.155263 0
25.2 0.155263 0
25.8 0.155263 0
26.4 0.155263 0
27 0.155263 0
27.6 0.155263 0
28.2 0.155263 0
28.8 0.155263 0
29.4 0.155263 0
30 0.155263 0
-30 0.207895 0
-29.4 0.207895 0
-28.8 0.207895 0
-28.2 0.207895 0
-27.6 0.207895 0
-27 0.207895 0
-26.4 0.207895 0
-25.8 0.207895 0
-25.2 0.207895 0
-24.6 0.207895 0
-24 0.207895 0
-23.4 0.207895 0
-22.8 0.207895 0
-22.2 0.207895 0
-21.6 0.207895 0
-21 0.207895 0
-20.4 0.207895 0
-19.8 0.207895 0
-19.2 0.207895 0
-18.6 0.207895 0
-18 0.207895 0
-17.4 0.207895 0
-16.8 0.207895 0
-16.2 0.207895 0
-15.6 0.207895 0
-15 0.207895 -5.25389e-05
-14.4 0.207895 -5.23241e-05
-13.8 0.207895 -5.16831e-05
-13.2 0.207895 -5.06258e-05
-12.6 0.207895 -4.91688e-05
-12 0.207895 -4.73344e-05
-11.4 0.207895 -4.51511e-05
-10.8 0.207895 -4.26533e-05
-10.2 0.207895 -3.98808e-05
-9.6 0.207895 -3.68788e-05
-9 0.207895 -3.36969e-05
-8.4 0.207895 -3.03869e-05
-7.8 0.207895 -2.70009e-05
-7.2 0.207895 -2.35886e-05
-6.6 0.207895 -2.01969e-05
-6 0.207895 -1.68714e-05
-5.4 0.207895 -1.36589e-05
-4.8 0.207895 -1.06127e-05
-4.2 0.207895 -7.79385e-06
-3.6 0.207895 -5.27002e-06
-3 0.207895 -3.1078e-06
-2.4 0.207895 -1.36152e-06
-1.8 0.207895 -6.17375e-08
-1.2 0.207895 7.91515e-07
-0.6 0.207895 1.22739e-06
0 0.207895 1.29522e-06
0.6 0.207895 0
1.2 0.207895 0
1.8 0.207895 0
2.4 0.207895 0
3 0.207895 0
3.6 0.207895 0
4.2 0.207895 0
4.8 0.207895 0
5.4 0.207895 0
6 0.207895 0
6.6 0.207895 0
7.2 0.207895 0
7.8 0.207895 0
8.4 0.207895 0
9 0.207895 0
9.6 0.207895 0
10.2 0.207895 0
10.8 0.207895 0
11.4 0.207895 0
12 0.207895 0
12.6 0.207895 0
13.2 0.207895 0
13.8 0.207895 0
14.4 0.207895 0
15 0.207895 0
15.6 0.207895 0
16.2 0.207895 0
16.8 0.207895 0
17.4 0.207895 0
18 0.207895 0
18.6 0.207895 0
19.2 0.207895 0
19.8 0.207895 0
20.4 0.207895 0
21 0.207895 0
21.6 0.207895 0
22.2 0.207895 0
22.8 0.207895 0
23.4 0.207895 0
24 0.207895 0
24.6 0.207895 0
25.2 0.207895 0
25.8 0.207895 0
26.4 0.207895 0
27 0.207895 0
27.6 0.207895 0
28.2 0.207895 0
28.8 0.207895 0
29.4 0.207895 0
30 0.207895 0
-30 0.260526 0
-29.4 0.260526 0
-28.8 0.260526 0
-28.2 0.260526 0
-27.6 0.260526 0
-27 0.260526 0
-26.4 0.260526 0
-25.8 0.260526 0
-25.2 0.260526 0
-24.6 0.260526 0
-24 0.260526 0
-23.4 0.260526 0
-22.8 0.260526 0
-22.2 0.260526 0
-21.6 0.260526 0
-21 0.260526 0
-20.4 0.260526 0
-19.8 0.260526 0
-19.2 0.260526 0
-18.6 0.260526 0
-18 0.260526 0
-17.4 0.260526 0
-16.8 0.260526 0
-16.2 0.260526 0
-15.6 0.260526 0
-15 0.260526 -5.24816e-05
-14.4 0.260526 -5.22672e-05
-13.8 0.260526 -5.16275e-05
-13.2 0.260526 -5.05724e-05
-12.6 0.260526 -4.91184e-05
-12 0.260526 -4.72879e-05
-11.4 0.260526 -4.51094e-05
-10.8 0.260526 -4.2617e-05
-10.2 0.260526 -3.98505e-05
-9.6 0.260526 -3.68547e-05
-9 0.260526 -3.36791e-05
-8.4 0.260526 -3.03754e-05
-7.8 0.260526 -2.69958e-05
-7.2 0.260526 -2.35905e-05
-6.6 0.260526 -2.02066e-05
-6 0.260526 -1.68894e-05
-5.4 0.260526 -1.36855e-05
-4.8 0.260526 -1.06472e-05
-4.2 0.260526 -7.83491e-06
-3.6 0.260526 -5.31573e-06
-3 0.260526 -3.15641e-06
-2.4 0.260526 -1.41185e-06
-1.8 0.260526 -1.12909e-07
-1.2 0.260526 7.4099e-07
-0.6 0.260526 1.18067e-06
0 0.260526 1.25736e-06
0.6 0.260526 0
1.2 0.260526 0
1.8 0.260526 0
2.4 0.260526 0
3 0.260526 0
3.6 0.260526 0
4.2 0.260526 0
4.8 0.260526 0
5.4 0.260526 0
6 0.260526 0
6.6 0.260526 0
7.2 0.260526 0
7.8 0.260526 0
8.4 0.260526 0
9 0.260526 0
9.6 0.260526 0
10.2 0.260526 0
10.8 0.260526 0
11.4 0.260526 0
12 0.260526 0
12.6 0.260526 0
13.2 0.260526 0
13.8 0.260526 0
14.4 0.260526 0
15 0.260526 0
15.6 0.260526 0
16.2 0.260526 0
16.8 0.260526 0
17.4 0.260526 0
18 0.260526 0
18.6 0.260526 0
19.2 0.260526 0
19.8 0.260526 0
20.4 0.260526 0
21 0.260526 0
21.6 0.260526 0
22.2 0.260526 0
22.8 0.260526 0
23.4 0.260526 0
24 0.260526 0
24.6 0.260526 0
25.2 0.260526 0
25.8 0.260526 0
26.4 0.260526 0
27 0.260526 0
27.6 0.260526 0
28.2 0.260526 0
28.8 0.260526 0
29.4 0.260526 0
30 0.260526 0
-30 0.313158 0
-29.4 0.313158 0
-28.8 0.313158 0
-28.2 0.313158 0
-27.6 0.313158 0
-27 0.313158 0
-26.4 0.313158 0
-25.8 0.313158 0
-25.2 0.313158 0
-24.6 0.313158 0
-24 0.313158 0
-23.4 0.313158 0
-22.8 0.313158 0
-22.2 0.313158 0
-21.6 0.313158 0
-21 0.313158 0
-20.4 0.313158 0
-19.8 0.313158 0
-19.2 0.313158 0
-18.6 0.313158 0
-18 0.313158 0
-17.4 0.313158 0
-16.8 0.313158 0
-16.2 0.313158 0
-15.6 0.313158 0
-15 0.313158 -5.24244e-05
-14.4 0.313158 -5.22104e-05
-13.8 0.313158 -5.1572e-05
-13.2 0.313158 -5.05191e-05
-12.6 0.313158 -4.90681e-05
-12 0.313158 -4.72415e-05
-11.4 0.313158 -4.50678e-05
-10.8 0.313158 -4.25808e-05
-10.2 0.313158 -3.98202e-05
-9.6 0.313158 -3.68307e-05
-9 0.313158 -3.36613e-05
-8.4 0.313158 -3.03639e-05
-7.8 0.313158 -2.69908e-05
-7.2 0.313158 -2.35924e-05
-6.6 0.313158 -2.02161e-05
-6 0.313158 -1.69072e-05
-5.4 0.313158 -1.3712e-05
-4.8 0.313158 -1.06817e-05
-4.2 0.313158 -7.87595e-06
-3.6 0.313158 -5.36142e-06
-3 0.313158 -3.20495e-06
-2.4 0.313158 -1.46192e-06
-1.8 0.313158 -1.63541e-07
-1.2 0.313158 6.91305e-07
-0.6 0.313158 1.13495e-06
0 0.313158 1.22028e-06
0.6 0.313158 0
1.2 0.313158 0
1.8 0.313158 0
2.4 0.313158 0
3 0.313158 0
3.6 0.313158 0
4.2 0.313158 0
4.8 0.313158 0
5.4 0.313158 0
6 0.313158 0
6.6 0.313158 0
7.2 0.313158 0
7.8 0.313158 0
8.4 0.313158 0
9 0.313158 0
9.6 0.313158 0
10.2 0.313158 0
10.8 0.313158 0
11.4 0.313158 0
12 0.313158 0
12.6 0.313158 0
13.2 0.313158 0
13.8 0.313158 0
14.4 0.313158 0
15 0.313158 0
15.6 0.313158 0
16.2 0.313158 0
16.8 0.313158 0
17.4 0.313158 0
18 0.313158 0
18.6 0.313158 0
19.2 0.313158 0
19.8 0.313158 0
20.4 0.313158 0
21 0.313158 0
21.6 0.313158 0
22.2 0.313158 0
22.8 0.313158 0
23.4 0.313158 0
24 0.313158 0
24.6 0.313158 0
25.2 0.313158 0
25.8 0.313158 0
26.4 0.313158 0
27 0.313158 0
27.6 0.313158 0
28.2 0.313158 0
28.8 0.313158 0
29.4 0.313158 0
30 0.313158 0
-30 0.365789 0
-29.4 0.365789 0
-28.8 0.365789 0
-28.2 0.365789 0
-27.6 0.365789 0
-27 0.365789 0
-26.4 0.365789 0
-25.8 0.365789 0
-25.2 0.365789 0
-24.6 0.365789 0
-24 0.365789 0
-23.4 0.365789 0
-22.8 0.365789 0
-22.2 0.365789 0
-21.6 0.365789 0
-21 0.365789 0
-20.4 0.365789 0
-19.8 0.365789 0
-19.2 0.365789 0
-18.6 0.365789 0
-18 0.365789 0
-17.4 0.365789 0
-16.8 0.365789 0
-16.2 0.365789 0
-15.6 0.365789 0
-15 0.365789 -5.23673e-05
-14.4 0.365789 -5.21538e-05
-13.8 0.365789 -5.15166e-05
-13.2 0.365789 -5.04658e-05
-12.6 0.365789 -4.90178e-05
-12 0.365789 -4.71952e-05
-11.4 0.365789 -4.50261e-05
-10.8 0.365789 -4.25446e-05
-10.2 0.365789 -3.979e-05
-9.6 0.365789 -3.68067e-05
-9 0.365789 -3.36436e-05
-8.4 0.365789 -3.03525e-05
-7.8 0.365789 -2.69858e-05
-7.2 0.365789 -2.35943e-05
-6.6 0.365789 -2.02256e-05
-6 0.365789 -1.6925e-05
-5.4 0.365789 -1.37382e-05
-4.8 0.365789 -1.0716e-05
-4.2 0.365789 -7.91696e-06
-3.6 0.365789 -5.40714e-06
-3 0.365789 -3.25345e-06
-2.4 0.365789 -1.51177e-06
-1.8 0.365789 -2.13625e-07
-1.2 0.365789 6.4251e-07
-0.6 0.365789 1.09029e-06
0 0.365789 1.184e-06
0.6 0.365789 0
1.2 0.365789 0
1.8 0.365789 0
2.4 0.365789 0
3 0.365789 0
3.6 0.365789 0
4.2 0.365789 0
4.8 0.365789 0
5.4 0.365789 0
6 0.365789 0
6.6 0.365789 0
7.2 0.365789 0
7.8 0.365789 0
8.4 0.365789 0
9 0.365789 0
9.6 0.365789 0
10.2 0.365789 0
10.8 0.365789 0
11.4 0.365789 0
12 0.365789 0
12.6 0.365789 0
13.2 0.365789 0
13.8 0.365789 0
14.4 0.365789 0
15 0.365789 0
15.6 0.365789 0
16.2 0.365789 0
16.8 0.365789 0
17.4 0.365789 0
18 0.365789 0
18.6 0.365789 0
19.2 0.365789 0
19.8 0.365789 0
20.4 0.365789 0
21 0.365789 0
21.6 0.365789 0
22.2 0.365789 0
22.8 0.365789 0
23.4 0.365789 0
24 0.365789 0
24.6 0.365789 0
25.2 0.365789 0
25.8 0.365789 0
26.4 0.365789 0
27 0.365789 0
27.6 0.365789 0
28.2 0.365789 0
28.8 0.365789 0
29.4 0.365789 0
30 0.365789 0
-30 0.418421 0
-29.4 0.418421 0
-28.8 0.418421 0
-28.2 0.418421 0
-27.6 0.418421 0
-27 0.418421 0
-26.4 0.418421 0
-25.8 0.418421 0
-25.2 0.418421 0
-24.6 0.418421 0
-24 0.418421 0
-23.4 0.418421 0
-22.8 0.418421 0
-22.2 0.418421 0
-21.6 0.418421 0
-21 0.418421 0
-20.4 0.418421 0
-19.8 0.418421 0
-19.2 0.418421 0
-18.6 0.418421 0
-18 0.418421 0
-17.4 0.418421 0
-16.8 0.418421 0
-16.2 0.418421 0
-15.6 0.418421 0
-15 0.418421 -5.23102e-05
-14.4 0.418421 -5.20972e-05
-13.8 0.418421 -5.14613e-05
-13.2 0.418421 -5.04127e-05
-12.6 0.418421 -4.89677e-05
-12 0.418421 -4.71489e-05
-11.4 0.418421 -4.49846e-05
-10.8 0.418421 -4.25085e-05
-10.2 0.418421 -3.97598e-05
-9.6 0.418421 -3.67827e-05
-9 0.418421 -3.36259e-05
-8.4 0.418421 -3.03412e-05
-7.8 0.418421 -2.69809e-05
-7.2 0.418421 -2.35962e-05
-6.6 0.418421 -2.0235e-05
-6 0.418421 -1.69425e-05
-5.4 0.418421 -1.37644e-05
-4.8 0.418421 -1.07502e-05
-4.2 0.418421 -7.95794e-06
-3.6 0.418421 -5.4529e-06
-3 0.418421 -3.30197e-06
-2.4 0.418421 -1.56141e-06
-1.8 0.418421 -2.63148e-07
-1.2 0.418421 5.94658e-07
-0.6 0.418421 1.04673e-06
0 0.418421 1.14852e-06
0.6 0.418421 0
1.2 0.418421 0
1.8 0.418421 0
2.4 0.418421 0
3 0.418421 0
3.6 0.418421 0
4.2 0.418421 0
4.8 0.418421 0
5.4 0.418421 0
6 0.418421 0
6.6 0.418421 0
7.2 0.418421 0
7.8 0.418421 0
8.4 0.418421 0
9 0.418421 0
9.6 0.418421 0
10.2 0.418421 0
10.8 0.418421 0
11.4 0.418421 0
12 0.418421 0
12.6 0.418421 0
13.2 0.418421 0
13.8 0.418421 0
14.4 0.418421 0
15 0.418421 0
15.6 0.418421 0
16.2 0.418421 0
16.8 0.418421 0
17.4 0.418421 0
18 0.418421 0
18.6 0.418421 0
19.2 0.418421 0
19.8 0.418421 0
20.4 0.418421 0
21 0.418421 0
21.6 0.418421 0
22.2 0.418421 0
22.8 0.418421 0
23.4 0.418421 0
24 0.418421 0
24.6 0.418421 0
25.2 0.418421 0
25.8 0.418421 0
26.4 0.418421 0
27 0.418421 0
27.6 0.418421 0
28.2 0.418421 0
28.8 0.418421 0
29.4 0.418421 0
30 0.418421 0
-30 0.471053 0
-29.4 0.471053 0
-28.8 0.471053 0
-28.2 0.471053 0
-27.6 0.471053 0
-27 0.471053 0
-26.4 0.471053 0
-25.8 0.471053 0
-25.2 0.471053 0
-24.6 0.471053 0
-24 0.471053 0
-23.4 0.471053 0
-22.8 0.471053 0
-22.2 0.471053 0
-21.6 0.471053 0
-21 0.471053 0
-20.4 0.471053 0
-19.8 0.471053 0
-19.2 0.471053 0
-18.6 0.471053 0
-18 0.471053 0
-17.4 0.471053 0
-16.8 0.471053 0
-16.2 0.471053 0
-15.6 0.471053 0
-15 0.471053 -5.22533e-05
-14.4 0.471053 -5.20407e-05
-13.8 0.471053 -5.14061e-05
-13.2 0.471053 -5.03596e-05
-12.6 0.471053 -4.89176e-05
-12 0.471053 -4.71027e-05
-11.4 0.471053 -4.4943e-05
-10.8 0.471053 -4.24723e-05
-10.2 0.471053 -3.97296e-05
-9.6 0.471053 -3.67588e-05
-9 0.471053 -3.36084e-05
-8.4 0.471053 -3.03299e-05
-7.8 0.471053 -2.69761e-05
-7.2 0.471053 -2.35981e-05
-6.6 0.471053 -2.02442e-05
-6 0.471053 -1.69599e-05
-5.4 0.471053 -1.37903e-05
-4.8 0.471053 -1.07843e-05
-4.2 0.471053 -7.99891e-06
-3.6 0.471053 -5.49874e-06
-3 0.471053 -3.35053e-06
-2.4 0.471053 -1.61088e-06
-1.8 0.471053 -3.12095e-07
-1.2 0.471053 5.47796e-07
-0.6 0.471053 1.00433e-06
0 0.471053 1.11385e-06
0.6 0.471053 0
1.2 0.471053 0
1.8 0.471053 0
2.4 0.471053 0
3 0.471053 0
3.6 0.471053 0
4.2 0.471053 0
4.8 0.471053 0
5.4 0.471053 0
6 0.471053 0
6.6 0.471053 0
7.2 0.471053 0
7.8 0.471053 0
8.4 0.471053 0
9 0.471053 0
9.6 0.471053 0
10.2 0.471053 0
10.8 0.471053 0
11.4 0.471053 0
12 0.471053 0
12.6 0.471053 0
13.2 0.471053 0
13.8 0.471053 0
14.4 0.471053 0
15 0.471053 0
15.6 0.471053 0
16.2 0.471053 0
16.8 0.471053 0
17.4 0.471053 0
18 0.471053 0
18.6 0.471053 0
19.2 0.471053 0
19.8 0.471053 0
20.4 0.471053 0
21 0.471053 0
21.6 0.471053 0
22.2 0.471053 0
22.8 0.471053 0
23.4 0.471053 0
24 0.471053 0
24.6 0.471053 0
25.2 0.471053 0
25.8 0.471053 0
26.4 0.471053 0
27 0.471053 0
27.6 0.471053 0
28.2 0.471053 0
28.8 0.471053 0
29.4 0.471053 0
30 0.471053 0
-30 0.523684 0
-29.4 0.523684 0
-28.8 0.523684 0
-28.2 0.523684 0
-27.6 0.523684 0
-27 0.523684 0
-26.4 0.523684 0
-25.8 0.523684 0
-25.2 0.523684 0
-24.6 0.523684 0
-24 0.523684 0
-23.4 0.523684 0
-22.8 0.523684 0
-22.2 0.523684 0
-21.6 0.523684 0
-21 0.523684 0
-20.4 0.523684 0
-19.8 0.523684 0
-19.2 0.523684 0
-18.6 0.523684 0
-18 0.523684 0
-17.4 0.523684 0
-16.8 0.523684 0
-16.2 0.523684 0
-15.6 0.523684 0
-15 0.523684 -5.21965e-05
-14.4 0.523684 -5.19843e-05
-13.8 0.523684 -5.1351e-05
-13.2 0.523684 -5.03067e-05
-12.6 0.523684 -4.88676e-05
-12 0.523684 -4.70565e-05
-11.4 0.523684 -4.49015e-05
-10.8 0.523684 -4.24362e-05
-10.2 0.523684 -3.96994e-05
-9.6 0.523684 -3.67349e-05
-9 0.523684 -3.35909e-05
-8.4 0.523684 -3.03188e-05
-7.8 0.523684 -2.69713e-05
-7.2 0.523684 -2.36e-05
-6.6 0.523684 -2.02534e-05
-6 0.523684 -1.69772e-05
-5.4 0.523684 -1.3816e-05
-4.8 0.523684 -1.08183e-05
-4.2 0.523684 -8.03986e-06
-3.6 0.523684 -5.54469e-06
-3 0.523684 -3.39918e-06
-2.4 0.523684 -1.6602e-06
-1.8 0.523684 -3.60452e-07
-1.2 0.523684 5.01968e-07
-0.6 0.523684 9.63133e-07
0 0.523684 1.07999e-06
0.6 0.523684 0
1.2 0.523684 0
1.8 0.523684 0
2.4 0.523684 0
3 0.523684 0
3.6 0.523684 0
4.2 0.523684 0
4.8 0.523684 0
5.4 0.523684 0
6 0.523684 0
6.6 0.523684 0
7.2 0.523684 0
7.8 0.523684 0
8.4 0.523684 0
9 0.523684 0
9.6 0.523684 0
10.2 0.523684 0
10.8 0.523684 0
11.4 0.523684 0
12 0.523684 0
12.6 0.523684 0
13.2 0.523684 0
13.8 0.523684 0
14.4 0.523684 0
15 0.523684 0
15.6 0.523684 0
16.2 0.523684 0
16.8 0.523684 0
17.4 0.523684 0
18 0.523684 0
18.6 0.523684 0
19.2 0.523684 0
19.8 0.523684 0
20.4 0.523684 0
21 0.523684 0
21.6 0.523684 0
22.2 0.523684 0
22.8 0.523684 0
23.4 0.523684 0
24 0.523684 0
24.6 0.523684 0
25.2 0.523684 0
25.8 0.523684 0
26.4 0.523684 0
27 0.523684 0
27.6 0.523684 0
28.2 0.523684 0
28.8 0.523684 0
29.4 0.523684 0
30 0.523684 0
-30 0.576316 0
-29.4 0.576316 0
-28.8 0.576316 0
-28.2 0.576316 0
-27.6 0.576316 0
-27 0.576316 0
-26.4 0.576316 0
-25.8 0.576316 0
-25.2 0.576316 0
-24.6 0.576316 0
-24 0.576316 0
-23.4 0.576316 0
-22.8 0.576316 0
-22.2 0.576316 0
-21.6 0.576316 0
-21 0.576316 0
-20.4 0.576316 0
-19.8 0.576316 0
-19.2 0.576316 0
-18.6 0.576316 0
-18 0.576316 0
-17.4 0.576316 0
-16.8 0.576316 0
-16.2 0.576316 0
-15.6 0.576316 0
-15 0.576316 -5.21397e-05
-14.4 0.576316 -5.1928e-05
-13.8 0.576316 -5.1296e-05
-13.2 0.576316 -5.02538e-05
-12.6 0.576316 -4.88177e-05
-12 0.576316 -4.70104e-05
-11.4 0.576316 -4.48601e-05
-10.8 0.576316 -4.24001e-05
-10.2 0.576316 -3.96693e-05
-9.6 0.576316 -3.6711e-05
-9 0.576316 -3.35734e-05
-8.4 0.576316 -3.03077e-05
-7.8 0.576316 -2.69666e-05
-7.2 0.576316 -2.36019e-05
-6.6 0.576316 -2.02625e-05
-6 0.576316 -1.69942e-05
-5.4 0.576316 -1.38415e-05
-4.8 0.576316 -1.08521e-05
-4.2 0.576316 -8.08079e-06
-3.6 0.576316 -5.59076e-06
-3 0.576316 -3.44794e-06
-2.4 0.576316 -1.70938e-06
-1.8 0.576316 -4.08211e-07
-1.2 0.576316 4.57216e-07
-0.6 0.576316 9.23175e-07
0 0.576316 1.04694e-06
0.6 0.576316 0
1.2 0.576316 0
1.8 0.576316 0
2.4 0.576316 0
3 0.576316 0
3.6 0.576316 0
4.2 0.576316 0
4.8 0.576316 0
5.4 0.576316 0
6 0.576316 0
6.6 0.576316 0
7.2 0.576316 0
7.8 0.576316 0
8.4 0.576316 0
9 0.576316 0
9.6 0.576316 0
10.2 0.576316 0
10.8 0.576316 0
11.4 0.576316 0
12 0.576316 0
12.6 0.576316 0
13.2 0.576316 0
13.8 0.576316 0
14.4 0.576316 0
15 0.576316 0
15.6 0.576316 0
16.2 0.576316 0
16.8 0.576316 0
17.4 0.576316 0
18 0.576316 0
18.6 0.576316 0
19.2 0.576316 0
19.8 0.576316 0
20.4 0.576316 0
21 0.576316 0
21.6 0.576316 0
22.2 0.576316 0
22.8 0.576316 0
23.4 0.576316 0
24 0.576316 0
24.6 0.576316 0
25.2 0.576316 0
25.8 0.576316 0
26.4 0.576316 0
27 0.576316 0
27.6 0.576316 0
28.2 0.576316 0
28.8 0.576316 0
29.4 0.576316 0
30 0.576316 0
-30 0.628947 0
-29.4 0.628947 0
-28.8 0.628947 0
-28.2 0.628947 0
-27.6 0.628947 0
-27 0.628947 0
-26.4 0.628947 0
-25.8 0.628947 0
-25.2 0.628947 0
-24.6 0.628947 0
-24 0.628947 0
-23.4 0.628947 0
-22.8 0.628947 0
-22.2 0.628947 0
-21.6 0.628947 0
-21 0.628947 0
-20.4 0.628947 0
-19.8 0.628947 0
-19.2 0.628947 0
-18.6 0.628947 0
-18 0.628947 0
-17.4 0.628947 0
-16.8 0.628947 0
-16.2 0.628947 0
-15.6 0.628947 0
-15 0.628947 -5.20831e-05
-14.4 0.628947 -5.18718e-05
-13.8 0.628947 -5.12411e-05
-13.2 0.628947 -5.0201e-05
-12.6 0.628947 -4.87679e-05
-12 0.628947 -4.69644e-05
-11.4 0.628947 -4.48187e-05
-10.8 0.628947 -4.23641e-05
-10.2 0.628947 -3.96391e-05
-9.6 0.628947 -3.66872e-05
-9 0.628947 -3.3556e-05
-8.4 0.628947 -3.02967e-05
-7.8 0.628947 -2.6962e-05
-7.2 0.628947 -2.36039e-05
-6.6 0.628947 -2.02716e-05
-6 0.628947 -1.70111e-05
-5.4 0.628947 -1.38668e-05
-4.8 0.628947 -1.08857e-05
-4.2 0.628947 -8.12172e-06
-3.6 0.628947 -5.63698e-06
-3 0.628947 -3.49687e-06
-2.4 0.628947 -1.75845e-06
-1.8 0.628947 -4.55365e-07
-1.2 0.628947 4.13575e-07
-0.6 0.628947 8.84497e-07
0 0.628947 1.01471e-06
0.6 0.628947 0
1.2 0.628947 0
1.8 0.628947 0
2.4 0.628947 0
3 0.628947 0
3.6 0.628947 0
4.2 0.628947 0
4.8 0.628947 0
5.4 0.628947 0
6 0.628947 0
6.6 0.628947 0
7.2 0.628947 0
7.8 0.628947 0
8.4 0.628947 0
9 0.628947 0
9.6 0.628947 0
10.2 0.628947 0
10.8 0.628947 0
11.4 0.628947 0
12 0.628947 0
12.6 0.628947 0
13.2 0.628947 0
13.8 0.628947 0
14.4 0.628947 0
15 0.628947 0
15.6 0.628947 0
16.2 0.628947 0
16.8 0.628947 0
17.4 0.628947 0
18 0.628947 0
18.6 0.628947 0
19.2 0.628947 0
19.8 0.628947 0
20.4 0.628947 0
21 0.628947 0
21.6 0.628947 0
22.2 0.628947 0
22.8 0.628947 0
23.4 0.628947 0
24 0.628947 0
24.6 0.628947 0
25.2 0.628947 0
25.8 0.628947 0
26.4 0.628947 0
27 0.628947 0
27.6 0.628947 0
28.2 0.628947 0
28.8 0.628947 0
29.4 0.628947 0
30 0.628947 0
-30 0.681579 0
-29.4 0.681579 0
-28.8 0.681579 0
-28.2 0.681579 0
-27.6 0.681579 0
-27 0.681579 0
-26.4 0.681579 0
-25.8 0.681579 0
-25.2 0.681579 0
-24.6 0.681579 0
-24 0.681579 0
-23.4 0.681579 0
-22.8 0.681579 0
-22.2 0.681579 0
-21.6 0.681579 0
-21 0.681579 0
-20.4 0.681579 0
-19.8 0.681579 0
-19.2 0.681579 0
-18.6 0.681579 0
-18 0.681579 0
-17.4 0.681579 0
-16.8 0.681579 0
-16.2 0.681579 0
-15.6 0.681579 0
-15 0.681579 -5.20265e-05
-14.4 0.681579 -5.18157e-05
-13.8 0.681579 -5.11863e-05
-13.2 0.681579 -5.01483e-05
-12.6 0.681579 -4.87182e-05
-12 0.681579 -4.69185e-05
-11.4 0.681579 -4.47773e-05
-10.8 0.681579 -4.2328e-05
-10.2 0.681579 -3.9609e-05
-9.6 0.681579 -3.66634e-05
-9 0.681579 -3.35387e-05
-8.4 0.681579 -3.02858e-05
-7.8 0.681579 -2.69575e-05
-7.2 0.681579 -2.36058e-05
-6.6 0.681579 -2.02805e-05
-6 0.681579 -1.70277e-05
-5.4 0.681579 -1.38918e-05
-4.8 0.681579 -1.09191e-05
-4.2 0.681579 -8.16264e-06
-3.6 0.681579 -5.68337e-06
-3 0.681579 -3.54597e-06
-2.4 0.681579 -1.80744e-06
-1.8 0.681579 -5.01913e-07
-1.2 0.681579 3.71075e-07
-0.6 0.681579 8.47138e-07
0 0.681579 9.83295e-07
0.6 0.681579 0
1.2 0.681579 0
1.8 0.681579 0
2.4 0.681579 0
3 0.681579 0
3.6 0.681579 0
4.2 0.681579 0
4.8 0.681579 0
5.4 0.681579 0
6 0.681579 0
6.6 0.681579 0
7.2 0.681579 0
7.8 0.681579 0
8.4 0.681579 0
9 0.681579 0
9.6 0.681579 0
10.2 0.681579 0
10.8 0.681579 0
11.4 0.681579 0
12 0.681579 0
12.6 0.681579 0
13.2 0.681579 0
13.8 0.681579 0
14.4 0.681579 0
15 0.681579 0
15.6 0.681579 0
16.2 0.681579 0
16.8 0.681579 0
17.4 0.681579 0
18 0.681579 0
18.6 0.681579 0
19.2 0.681579 0
19.8 0.681579 0
20.4 0.681579 0
21 0.681579 0
21.6 0.681579 0
22.2 0.681579 0
22.8 0.681579 0
23.4 0.681579 0
24 0.681579 0
24.6 0.681579 0
25.2 0.681579 0
25.8 0.681579 0
26.4 0.681579 0
27 0.681579 0
27.6 0.681579 0
28.2 0.681579 0
28.8 0.681579 0
29.4 0.681579 0
30 0.681579 0
-30 0.734211 0
-29.4 0.734211 0
-28.8 0.734211 0
-28.2 0.734211 0
-27.6 0.734211 0
-27 0.734211 0
-26.4 0.734211 0
-25.8 0.734211 0
-25.2 0.734211 0
-24.6 0.734211 0
-24 0.734211 0
-23.4 0.734211 0
-22.8 0.734211 0
-22.2 0.734211 0
-21.6 0.734211 0
-21 0.734211 0
-20.4 0.734211 0
-19.8 0.734211 0
-19.2 0.734211 0
-18.6 0.734211 0
-18 0.734211 0
-17.4 0.734211 0
-16.8 0.734211 0
-16.2 0.734211 0
-15.6 0.734211 0
-15 0.734211 -5.197e-05
-14.4 0.734211 -5.17596e-05
-13.8 0.734211 -5.11315e-05
-13.2 0.734211 -5.00957e-05
-12.6 0.734211 -4.86686e-05
-12 0.734211 -4.68727e-05
-11.4 0.734211 -4.4736e-05
-10.8 0.734211 -4.2292e-05
-10.2 0.734211 -3.95789e-05
-9.6 0.734211 -3.66396e-05
-9 0.734211 -3.35214e-05
-8.4 0.734211 -3.0275e-05
-7.8 0.734211 -2.6953e-05
-7.2 0.734211 -2.36079e-05
-6.6 0.734211 -2.02894e-05
-6 0.734211 -1.70442e-05
-5.4 0.734211 -1.39165e-05
-4.8 0.734211 -1.09523e-05
-4.2 0.734211 -8.20354e-06
-3.6 0.734211 -5.72993e-06
-3 0.734211 -3.59529e-06
-2.4 0.734211 -1.85638e-06
-1.8 0.734211 -5.47864e-07
-1.2 0.734211 3.29741e-07
-0.6 0.734211 8.11138e-07
0 0.734211 9.52725e-07
0.6 0.734211 0
1.2 0.734211 0
1.8 0.734211 0
2.4 0.734211 0
3 0.734211 0
3.6 0.734211 0
4.2 0.734211 0
4.8 0.734211 0
5.4 0.734211 0
6 0.734211 0
6.6 0.734211 0
7.2 0.734211 0
7.8 0.734211 0
8.4 0.734211 0
9 0.734211 0
9.6 0.734211 0
10.2 0.734211 0
10.8 0.734211 0
11.4 0.734211 0
12 0.734211 0
12.6 0.734211 0
13.2 0.734211 0
13.8 0.734211 0
14.4 0.734211 0
15 0.734211 0
15.6 0.734211 0
16.2 0.734211 0
16.8 0.734211 0
17.4 0.734211 0
18 0.734211 0
18.6 0.734211 0
19.2 0.734211 0
19.8 0.734211 0
20.4 0.734211 0
21 0.734211 0
21.6 0.734211 0
22.2 0.734211 0
22.8 0.734211 0
23.4 0.734211 0
24 0.734211 0
24.6 0.734211 0
25.2 0.734211 0
25.8 0.734211 0
26.4 0.734211 0
27 0.734211 0
27.6 0.734211 0
28.2 0.734211 0
28.8 0.734211 0
29.4 0.734211 0
30 0.734211 0
-30 0.786842 0
-29.4 0.786842 0
-28.8 0.786842 0
-28.2 0.786842 0
-27.6 0.786842 0
-27 0.786842 0
-26.4 0.786842 0
-25.8 0.786842 0
-25.2 0.786842 0
-24.6 0.786842 0
-24 0.786842 0
-23.4 0.786842 0
-22.8 0.786842 0
-22.2 0.786842 0
-21.6 0.786842 0
-21 0.786842 0
-20.4 0.786842 0
-19.8 0.786842 0
-19.2 0.786842 0
-18.6 0.786842 0
-18 0.786842 0
-17.4 0.786842 0
-16.8 0.786842 0
-16.2 0.786842 0
-15.6 0.786842 0
-15 0.786842 -5.19136e-05
-14.4 0.786842 -5.17037e-05
-13.8 0.786842 -5.10769e-05
-13.2 0.786842 -5.00432e-05
-12.6 0.786842 -4.86191e-05
-12 0.786842 -4.68269e-05
-11.4 0.786842 -4.46948e-05
-10.8 0.786842 -4.2256e-05
-10.2 0.786842 -3.95488e-05
-9.6 0.786842 -3.66159e-05
-9 0.786842 -3.35042e-05
-8.4 0.786842 -3.02643e-05
-7.8 0.786842 -2.69487e-05
-7.2 0.786842 -2.36099e-05
-6.6 0.786842 -2.02982e-05
-6 0.786842 -1.70604e-05
-5.4 0.786842 -1.3941e-05
-4.8 0.786842 -1.09853e-05
-4.2 0.786842 -8.24441e-06
-3.6 0.786842 -5.77669e-06
-3 0.786842 -3.64485e-06
-2.4 0.786842 -1.90529e-06
-1.8 0.786842 -5.93232e-07
-1.2 0.786842 2.89587e-07
-0.6 0.786842 7.76535e-07
0 0.786842 9.23024e-07
0.6 0.786842 0
1.2 0.786842 0
1.8 0.786842 0
2.4 0.786842 0
3 0.786842 0
3.6 0.786842 0
4.2 0.786842 0
4.8 0.786842 0
5.4 0.786842 0
6 0.786842 0
6.6 0.786842 0
7.2 0.786842 0
7.8 0.786842 0
8.4 0.786842 0
9 0.786842 0
9.6 0.786842 0
10.2 0.786842 0
10.8 0.786842 0
11.4 0.786842 0
12 0.786842 0
12.6 0.786842 0
13.2 0.786842 0
13.8 0.786842 0
14.4 0.786842 0
15 0.786842 0
15.6 0.786842 0
16.2 0.786842 0
16.8 0.786842 0
17.4 0.786842 0
18 0.786842 0
18.6 0.786842 0
19.2 0.786842 0
19.8 0.786842 0
20.4 0.786842 0
21 0.786842 0
21.6 0.786842 0
22.2 0.786842 0
22.8 0.786842 0
23.4 0.786842 0
24 0.786842 0
24.6 0.786842 0
25.2 0.786842 0
25.8 0.786842 0
26.4 0.786842 0
27 0.786842 0
27.6 0.786842 0
28.2 0.786842 0
28.8 0.786842 0
29.4 0.786842 0
30 0.786842 0
-30 0.839474 0
-29.4 0.839474 0
-28.8 0.839474 0
-28.2 0.839474 0
-27.6 0.839474 0
-27 0.839474 0
-26.4 0.839474 0
-25.8 0.839474 0
-25.2 0.839474 0
-24.6 0.839474 0
-24 0.839474 0
-23.4 0.839474 0
-22.8 0.839474 0
-22.2 0.839474 0
-21.6 0.839474 0
-21 0.839474 0
-20.4 0.839474 0
-19.8 0.839474 0
-19.2 0.839474 0
-18.6 0.839474 0
-18 0.839474 0
-17.4 0.839474 0
-16.8 0.839474 0
-16.2 0.839474 0
-15.6 0.839474 0
-15 0.839474 -5.18573e-05
-14.4 0.839474 -5.16478e-05
-13.8 0.839474 -5.10223e-05
-13.2 0.839474 -4.99908e-05
-12.6 0.839474 -4.85696e-05
-12 0.839474 -4.67812e-05
-11.4 0.839474 -4.46536e-05
-10.8 0.839474 -4.22201e-05
-10.2 0.839474 -3.95187e-05
-9.6 0.839474 -3.65921e-05
-9 0.839474 -3.3487e-05
-8.4 0.839474 -3.02536e-05
-7.8 0.839474 -2.69444e-05
-7.2 0.839474 -2.3612e-05
-6.6 0.839474 -2.0307e-05
-6 0.839474 -1.70765e-05
-5.4 0.839474 -1.39651e-05
-4.8 0.839474 -1.10181e-05
-4.2 0.839474 -8.28525e-06
-3.6 0.839474 -5.82364e-06
-3 0.839474 -3.69467e-06
-2.4 0.839474 -1.95421e-06
-1.8 0.839474 -6.38042e-07
-1.2 0.839474 2.50617e-07
-0.6 0.839474 7.43365e-07
0 0.839474 8.94229e-07
0.6 0.839474 0
1.2 0.839474 0
1.8 0.839474 0
2.4 0.839474 0
3 0.839474 0
3.6 0.839474 0
4.2 0.839474 0
4.8 0.839474 0
5.4 0.839474 0
6 0.839474 0
6.6 0.839474 0
7.2 0.839474 0
7.8 0.839474 0
8.4 0.839474 0
9 0.839474 0
9.6 0.839474 0
10.2 0.839474 0
10.8 0.839474 0
11.4 0.839474 0
12 0.839474 0
12.6 0.839474 0
13.2 0.839474 0
13.8 0.839474 0
14.4 0.839474 0
15 0.839474 0
15.6 0.839474 0
16.2 0.839474 0
16.8 0.839474 0
17.4 0.839474 0
18 0.839474 0
18.6 0.839474 0
19.2 0.839474 0
19.8 0.839474 0
20.4 0.839474 0
21 0.839474 0
21.6 0.839474 0
22.2 0.839474 0
22.8 0.839474 0
23.4 0.839474 0
24 0.839474 0
24.6 0.839474 0
25.2 0.839474 0
25.8 0.839474 0
26.4 0.839474 0
27 0.839474 0
27.6 0.839474 0
28.2 0.839474 0
28.8 0.839474 0
29.4 0.839474 0
30 0.839474 0
-30 0.892105 0
-29.4 0.892105 0
-28.8 0.892105 0
-28.2 0.892105 0
-27.6 0.892105 0
-27 0.892105 0
-26.4 0.892105 0
-25.8 0.892105 0
-25.2 0.892105 0
-24.6 0.892105 0
-24 0.892105 0
-23.4 0.892105 0
-22.8 0.892105 0
-22.2 0.892105 0
-21.6 0.892105 0
-21 0.892105 0
-20.4 0.892105 0
-19.8 0.892105 0
-19.2 0.892105 0
-18.6 0.892105 0
-18 0.892105 0
-17.4 0.892105 0
-16.8 0.892105 0
-16.2 0.892105 0
-15.6 0.892105 0
-15 0.892105 -5.18011e-05
-14.4 0.892105 -5.1592e-05
-13.8 0.892105 -5.09678e-05
-13.2 0.892105 -4.99385e-05
-12.6 0.892105 -4.85202e-05
-12 0.892105 -4.67356e-05
-11.4 0.892105 -4.46124e-05
-10.8 0.892105 -4.21841e-05
-10.2 0.892105 -3.94886e-05
-9.6 0.892105 -3.65684e-05
-9 0.892105 -3.34698e-05
-8.4 0.892105 -3.02431e-05
-7.8 0.892105 -2.69403e-05
-7.2 0.892105 -2.36142e-05
-6.6 0.892105 -2.03157e-05
-6 0.892105 -1.70923e-05
-5.4 0.892105 -1.39891e-05
-4.8 0.892105 -1.10507e-05
-4.2 0.892105 -8.32604e-06
-3.6 0.892105 -5.87077e-06
-3 0.892105 -3.74477e-06
-2.4 0.892105 -2.00317e-06
-1.8 0.892105 -6.82329e-07
-1.2 0.892105 2.12824e-07
-0.6 0.892105 7.11657e-07
0 0.892105 8.66387e-07
0.6 0.892105 0
1.2 0.892105 0
1.8 0.892105 0
2.4 0.892105 0
3 0.892105 0
3.6 0.892105 0
4.2 0.892105 0
4.8 0.892105 0
5.4 0.892105 0
6 0.892105 0
6.6 0.892105 0
7.2 0.892105 0
7.8 0.892105 0
8.4 0.892105 0
9 0.892105 0
9.6 0.892105 0
10.2 0.892105 0
10.8 0.892105 0
11.4 0.892105 0
12 0.892105 0
12.6 0.892105 0
13.2 0.892105 0
13.8 0.892105 0
14.4 0.892105 0
15 0.892105 0
15.6 0.892105 0
16.2 0.892105 0
16.8 0.892105 0
17.4 0.892105 0
18 0.892105 0
18.6 0.892105 0
19.2 0.892105 0
19.8 0.892105 0
20.4 0.892105 0
21 0.892105 0
21.6 0.892105 0
22.2 0.892105 0
22.8 0.892105 0
23.4 0.892105 0
24 0.892105 0
24.6 0.892105 0
25.2 0.892105 0
25.8 0.892105 0
26.4 0.892105 0
27 0.892105 0
27.6 0.892105 0
28.2 0.892105 0
28.8 0.892105 0
29.4 0.892105 0
30 0.892105 0
-30 0.944737 0
-29.4 0.944737 0
-28.8 0.944737 0
-28.2 0.944737 0
-27.6 0.944737 0
-27 0.944737 0
-26.4 0.944737 0
-25.8 0.944737 0
-25.2 0.944737 0
-24.6 0.944737 0
-24 0.944737 0
-23.4 0.944737 0
-22.8 0.944737 0
-22.2 0.944737 0
-21.6 0.944737 0
-21 0.944737 0
-20.4 0.944737 0
-19.8 0.944737 0
-19.2 0.944737 0
-18.6 0.944737 0
-18 0.944737 0
-17.4 0.944737 0
-16.8 0.944737 0
-16.2 0.944737 0
-15.6 0.944737 0
-15 0.944737 -5.17449e-05
-14.4 0.944737 -5.15363e-05
-13.8 0.944737 -5.09134e-05
-13.2 0.944737 -4.98862e-05
-12.6 0.944737 -4.8471e-05
-12 0.944737 -4.669e-05
-11.4 0.944737 -4.45714e-05
-10.8 0.944737 -4.21482e-05
-10.2 0.944737 -3.94586e-05
-9.6 0.944737 -3.65446e-05
-9 0.944737 -3.34527e-05
-8.4 0.944737 -3.02326e-05
-7.8 0.944737 -2.69362e-05
-7.2 0.944737 -2.36165e-05
-6.6 0.944737 -2.03243e-05
-6 0.944737 -1.7108e-05
-5.4 0.944737 -1.40127e-05
-4.8 0.944737 -1.1083e-05
-4.2 0.944737 -8.36676e-06
-3.6 0.944737 -5.91808e-06
-3 0.944737 -3.79515e-06
-2.4 0.944737 -2.05222e-06
-1.8 0.944737 -7.26135e-07
-1.2 0.944737 1.7619e-07
-0.6 0.944737 6.81435e-07
0 0.944737 8.39547e-07
0.6 0.944737 0
1.2 0.944737 0
1.8 0.944737 0
2.4 0.944737 0
3 0.944737 0
3.6 0.944737 0
4.2 0.944737 0
4.8 0.944737 0
5.4 0.944737 0
6 0.944737 0
6.6 0.944737 0
7.2 0.944737 0
7.8 0.944737 0
8.4 0.944737 0
9 0.944737 0
9.6 0.944737 0
10.2 0.944737 0
10.8 0.944737 0
11.4 0.944737 0
12 0.944737 0
12.6 0.944737 0
13.2 0.944737 0
13.8 0.944737 0
14.4 0.944737 0
15 0.944737 0
15.6 0.944737 0
16.2 0.944737 0
16.8 0.944737 0
17.4 0.944737 0
18 0.944737 0
18.6 0.944737 0
19.2 0.944737 0
19.8 0.944737 0
20.4 0.944737 0
21 0.944737 0
21.6 0.944737 0
22.2 0.944737 0
22.8 0.944737 0
23.4 0.944737 0
24 0.944737 0
24.6 0.944737 0
25.2 0.944737 0
25.8 0.944737 0
26.4 0.944737 0
27 0.944737 0
27.6 0.944737 0
28.2 0.944737 0
28.8 0.944737 0
29.4 0.944737 0
30 0.944737 0
-30 0.997368 0
-29.4 0.997368 0
-28.8 0.997368 0
-28.2 0.997368 0
-27.6 0.997368 0
-27 0.997368 0
-26.4 0.997368 0
-25.8 0.997368 0
-25.2 0.997368 0
-24.6 0.997368 0
-24 0.997368 0
-23.4 0.997368 0
-22.8 0.997368 0
-22.2 0.997368 0
-21.6 0.997368 0
-21 0.997368 0
-20.4 0.997368 0
-19.8 0.997368 0
-19.2 0.997368 0
-18.6 0.997368 0
-18 0.997368 0
-17.4 0.997368 0
-16.8 0.997368 0
-16.2 0.997368 0
-15.6 0.997368 0
-15 0.997368 -5.16889e-05
-14.4 0.997368 -5.14807e-05
-13.8 0.997368 -5.08591e-05
-13.2 0.997368 -4.98341e-05
-12.6 0.997368 -4.84218e-05
-12 0.997368 -4.66446e-05
-11.4 0.997368 -4.45304e-05
-10.8 0.997368 -4.21124e-05
-10.2 0.997368 -3.94285e-05
-9.6 0.997368 -3.65209e-05
-9 0.997368 -3.34356e-05
-8.4 0.997368 -3.02221e-05
-7.8 0.997368 -2.69323e-05
-7.2 0.997368 -2.36188e-05
-6.6 0.997368 -2.0333e-05
-6 0.997368 -1.71235e-05
-5.4 0.997368 -1.4036e-05
-4.8 0.997368 -1.1115e-05
-4.2 0.997368 -8.4074e-06
-3.6 0.997368 -5.96554e-06
-3 0.997368 -3.84582e-06
-2.4 0.997368 -2.10138e-06
-1.8 0.997368 -7.69523e-07
-1.2 0.997368 1.40681e-07
-0.6 0.997368 6.52731e-07
0 0.997368 8.13767e-07
0.6 0.997368 0
1.2 0.997368 0
1.8 0.997368 0
2.4 0.997368 0
3 0.997368 0
3.6 0.997368 0
4.2 0.997368 0
4.8 0.997368 0
5.4 0.997368 0
6 0.997368 0
6.6 0.997368 0
7.2 0.997368 0
7.8 0.997368 0
8.4 0.997368 0
9 0.997368 0
9.6 0.997368 0
10.2 0.997368 0
10.8 0.997368 0
11.4 0.997368 0
12 0.997368 0
12.6 0.997368 0
13.2 0.997368 0
13.8 0.997368 0
14.4 0.997368 0
15 0.997368 0
15.6 0.997368 0
16.2 0.997368 0
16.8 0.997368 0
17.4 0.997368 0
18 0.997368 0
18.6 0.997368 0
19.2 0.997368 0
19.8 0.997368 0
20.4 0.997368 0
21 0.997368 0
21.6 0.997368 0
22.2 0.997368 0
22.8 0.997368 0
23.4 0.997368 0
24 0.997368 0
24.6 0.997368 0
25.2 0.997368 0
25.8 0.997368 0
26.4 0.997368 0
27 0.997368 0
27.6 0.997368 0
28.2 0.997368 0
28.8 0.997368 0
29.4 0.997368 0
30 0.997368 0
-30 1.05 0
-29.4 1.05 0
-28.8 1.05 0
-28.2 1.05 0
-27.6 1.05 0
-27 1.05 0
-26.4 1.05 0
-25.8 1.05 0
-25.2 1.05 0
-24.6 1.05 0
-24 1.05 0
-23.4 1.05 0
-22.8 1.05 0
-22.2 1.05 0
-21.6 1.05 0
-21 1.05 0
-20.4 1.05 0
-19.8 1.05 0
-19.2 1.05 0
-18.6 1.05 0
-18 1.05 0
-17.4 1.05 0
-16.8 1.05 0
-16.2 1.05 0
-15.6 1.05 0
-15 1.05 -5.16329e-05
-14.4 1.05 -5.14252e-05
-13.8 1.05 -5.08049e-05
-13.2 1.05 -4.97821e-05
-12.6 1.05 -4.83727e-05
-12 1.05 -4.65992e-05
-11.4 1.05 -4.44894e-05
-10.8 1.05 -4.20766e-05
-10.2 1.05 -3.93984e-05
-9.6 1.05 -3.64971e-05
-9 1.05 -3.34185e-05
-8.4 1.05 -3.02117e-05
-7.8 1.05 -2.69284e-05
-7.2 1.05 -2.36212e-05
-6.6 1.05 -2.03417e-05
-6 1.05 -1.7139e-05
-5.4 1.05 -1.40591e-05
-4.8 1.05 -1.11467e-05
-4.2 1.05 -8.44768e-06
-3.6 1.05 -6.01278e-06
-3 1.05 -3.89649e-06
-2.4 1.05 -2.15071e-06
-1.8 1.05 -8.13091e-07
-1.2 1.05 1.05138e-07
-0.6 1.05 6.24198e-07
0 1.05 7.88081e-07
0.6 1.05 0
1.2 1.05 0
1.8 1.05 0
2.4 1.05 0
3 1.05 0
3.6 1.05 0
4.2 1.05 0
4.8 1.05 0
5.4 1.05 0
6 1.05 0
6.6 1.05 0
7.2 1.05 0
7.8 1.05 0
8.4 1.05 0
9 1.05 0
9.6 1.05 0
10.2 1.05 0
10.8 1.05 0
11.4 1.05 0
12 1.05 0
12.6 1.05 0
13.2 1.05 0
13.8 1.05 0
14.4 1.05 0
15 1.05 0
15.6 1.05 0
16.2 1.05 0
16.8 1.05 0
17.4 1.05 0
18 1.05 0
18.6 1.05 0
19.2 1.05 0
19.8 1.05 0
20.4 1.05 0
21 1.05 0
21.6 1.05 0
22.2 1.05 0
22.8 1.05 0
23.4 1.05 0
24 1.05 0
24.6 1.05 0
25.2 1.05 0
25.8 1.05 0
26.4 1.05 0
27 1.05 0
27.6 1.05 0
28.2 1.05 0
28.8 1.05 0
29.4 1.05 0
30 1.05 0
