-30 0.1 -2.03492e-41
-29.4 0.1 7.80242e-13
-28.8 0.1 8.95399e-12
-28.2 0.1 3.15047e-11
-27.6 0.1 7.22259e-11
-27 0.1 1.31664e-10
-26.4 0.1 2.0797e-10
-25.8 0.1 2.98096e-10
-25.2 0.1 3.98822e-10
-24.6 0.1 5.07353e-10
-24 0.1 6.21445e-10
-23.4 0.1 7.39191e-10
-22.8 0.1 8.58757e-10
-22.2 0.1 9.7835e-10
-21.6 0.1 1.09661e-09
-21 0.1 1.21322e-09
-20.4 0.1 1.32888e-09
-19.8 0.1 1.44359e-09
-19.2 0.1 1.55283e-09
-18.6 0.1 1.64379e-09
-18 0.1 1.69735e-09
-17.4 0.1 1.70219e-09
-16.8 0.1 1.68058e-09
-16.2 0.1 1.70878e-09
-15.6 0.1 1.89651e-09
-15 0.1 2.29269e-09
-14.4 0.1 2.73305e-09
-13.8 0.1 2.74068e-09
-13.2 0.1 1.67545e-09
-12.6 0.1 -7.14437e-10
-12 0.1 -3.46513e-09
-11.4 0.1 -3.899e-09
-10.8 0.1 1.56771e-09
-10.2 0.1 1.46048e-08
-9.6 0.1 3.07586e-08
-9 0.1 3.66218e-08
-8.4 0.1 1.27917e-08
-7.8 0.1 -5.39306e-08
-7.2 0.1 -1.50781e-07
-6.6 0.1 -2.21865e-07
-6 0.1 -1.71098e-07
-5.4 0.1 9.80676e-08
-4.8 0.1 6.04143e-07
-4.2 0.1 1.19597e-06
-3.6 0.1 1.50284e-06
-3 0.1 9.92796e-07
-2.4 0.1 -8.18704e-07
-1.8 0.1 -4.03514e-06
-1.2 0.1 -8.05383e-06
-0.6 0.1 -1.15253e-05
0 0.1 -1.29133e-05
0.6 0.1 -1.15199e-05
1.2 0.1 -8.04551e-06
1.8 0.1 -4.02722e-06
2.4 0.1 -8.13399e-07
3 0.1 9.95058e-07
3.6 0.1 1.50291e-06
4.2 0.1 1.19507e-06
4.8 0.1 6.03196e-07
5.4 0.1 9.75023e-08
6 0.1 -1.71252e-07
6.6 0.1 -2.21772e-07
7.2 0.1 -1.50622e-07
7.8 0.1 -5.38151e-08
8.4 0.1 1.28364e-08
9 0.1 3.66172e-08
9.6 0.1 3.07373e-08
10.2 0.1 1.45885e-08
10.8 0.1 1.56275e-09
11.4 0.1 -3.896e-09
12 0.1 -3.45997e-09
12.6 0.1 -7.10965e-10
13.2 0.1 1.6763e-09
13.8 0.1 2.73977e-09
14.4 0.1 2.73166e-09
15 0.1 2.29166e-09
15.6 0.1 1.8961e-09
16.2 0.1 1.70883e-09
16.8 0.1 1.68084e-09
17.4 0.1 1.70245e-09
18 0.1 1.69752e-09
18.6 0.1 1.64385e-09
19.2 0.1 1.55282e-09
19.8 0.1 1.44355e-09
20.4 0.1 1.32884e-09
21 0.1 1.2132e-09
21.6 0.1 1.09661e-09
22.2 0.1 9.7836e-10
22.8 0.1 8.5877e-10
23.4 0.1 7.39202e-10
24 0.1 6.21452e-10
24.6 0.1 5.07356e-10
25.2 0.1 3.98822e-10
25.8 0.1 2.98095e-10
26.4 0.1 2.07969e-10
27 0.1 1.31663e-10
27.6 0.1 7.22259e-11
28.2 0.1 3.15049e-11
28.8 0.1 8.95417e-12
29.4 0.1 7.80303e-13
30 0.1 -2.03491e-41
-30 0.211111 -1.81839e-41
-29.4 0.211111 6.61925e-13
-28.8 0.211111 7.87648e-12
-28.2 0.211111 2.79098e-11
-27.6 0.211111 6.41615e-11
-27 0.211111 1.17102e-10
-26.4 0.211111 1.85041e-10
-25.8 0.211111 2.65215e-10
-25.2 0.211111 3.5472e-10
-24.6 0.211111 4.5107e-10
-24 0.211111 5.52324e-10
-23.4 0.211111 6.56917e-10
-22.8 0.211111 7.63381e-10
-22.2 0.211111 8.7018e-10
-21.6 0.211111 9.75808e-10
-21 0.211111 1.07919e-09
-20.4 0.211111 1.18002e-09
-19.8 0.211111 1.2784e-09
-19.2 0.211111 1.37286e-09
-18.6 0.211111 1.45728e-09
-18 0.211111 1.51933e-09
-17.4 0.211111 1.54569e-09
-16.8 0.211111 1.53779e-09
-16.2 0.211111 1.53277e-09
-15.6 0.211111 1.60833e-09
-15 0.211111 1.83894e-09
-14.4 0.211111 2.18886e-09
-13.8 0.211111 2.39042e-09
-13.2 0.211111 1.94748e-09
-12.6 0.211111 4.39871e-10
-12 0.211111 -1.83345e-09
-11.4 0.211111 -3.20518e-09
-10.8 0.211111 -7.64137e-10
-10.2 0.211111 7.88016e-09
-9.6 0.211111 2.11303e-08
-9 0.211111 2.99936e-08
-8.4 0.211111 1.85006e-08
-7.8 0.211111 -2.8007e-08
-7.2 0.211111 -1.0618e-07
-6.6 0.211111 -1.76606e-07
-6 0.211111 -1.59842e-07
-5.4 0.211111 3.55468e-08
-4.8 0.211111 4.45679e-07
-4.2 0.211111 9.62798e-07
-3.6 0.211111 1.2747e-06
-3 0.211111 8.99475e-07
-2.4 0.211111 -6.33488e-07
-1.8 0.211111 -3.46741e-06
-1.2 0.211111 -7.08905e-06
-0.6 0.211111 -1.02603e-05
0 0.211111 -1.15366e-05
0.6 0.211111 -1.02554e-05
1.2 0.211111 -7.08164e-06
1.8 0.211111 -3.46053e-06
2.4 0.211111 -6.29074e-07
3 0.211111 9.01202e-07
3.6 0.211111 1.27463e-06
4.2 0.211111 9.62021e-07
4.8 0.211111 4.44953e-07
5.4 0.211111 3.51662e-08
6 0.211111 -1.59906e-07
6.6 0.211111 -1.76507e-07
7.2 0.211111 -1.06059e-07
7.8 0.211111 -2.79332e-08
8.4 0.211111 1.85205e-08
9 0.211111 2.99831e-08
9.6 0.211111 2.11141e-08
10.2 0.211111 7.87119e-09
10.8 0.211111 -7.64512e-10
11.4 0.211111 -3.20113e-09
12 0.211111 -1.82932e-09
12.6 0.211111 4.41939e-10
13.2 0.211111 1.94749e-09
13.8 0.211111 2.38935e-09
14.4 0.211111 2.1877e-09
15 0.211111 1.83821e-09
15.6 0.211111 1.60809e-09
16.2 0.211111 1.53287e-09
16.8 0.211111 1.53801e-09
17.4 0.211111 1.5459e-09
18 0.211111 1.51946e-09
18.6 0.211111 1.45733e-09
19.2 0.211111 1.37286e-09
19.8 0.211111 1.27837e-09
20.4 0.211111 1.18e-09
21 0.211111 1.07917e-09
21.6 0.211111 9.7581e-10
22.2 0.211111 8.70192e-10
22.8 0.211111 7.63395e-10
23.4 0.211111 6.56928e-10
24 0.211111 5.52331e-10
24.6 0.211111 4.51073e-10
25.2 0.211111 3.5472e-10
25.8 0.211111 2.65214e-10
26.4 0.211111 1.85041e-10
27 0.211111 1.17102e-10
27.6 0.211111 6.41617e-11
28.2 0.211111 2.79101e-11
28.8 0.211111 7.87661e-12
29.4 0.211111 6.61961e-13
30 0.211111 -1.81839e-41
-30 0.322222 -1.59787e-41
-29.4 0.322222 5.58359e-13
-28.8 0.322222 6.83889e-12
-28.2 0.322222 2.43644e-11
-27.6 0.322222 5.61273e-11
-27 0.322222 1.02527e-10
-26.4 0.322222 1.62055e-10
-25.8 0.322222 2.32254e-10
-25.2 0.322222 3.10563e-10
-24.6 0.322222 3.94801e-10
-24 0.322222 4.83289e-10
-23.4 0.322222 5.74711e-10
-22.8 0.322222 6.67877e-10
-22.2 0.322222 7.61536e-10
-21.6 0.322222 8.54339e-10
-21 0.322222 9.45001e-10
-20.4 0.322222 1.0326e-09
-19.8 0.322222 1.1167e-09
-19.2 0.322222 1.19667e-09
-18.6 0.322222 1.27005e-09
-18 0.322222 1.3305e-09
-17.4 0.322222 1.3683e-09
-16.8 0.322222 1.37729e-09
-16.2 0.322222 1.36925e-09
-15.6 0.322222 1.38709e-09
-15 0.322222 1.49473e-09
-14.4 0.322222 1.71946e-09
-13.8 0.322222 1.95183e-09
-13.2 0.322222 1.87749e-09
-12.6 0.322222 1.08611e-09
-12 0.322222 -5.20487e-10
-11.4 0.322222 -2.12115e-09
-10.8 0.322222 -1.67503e-09
-10.2 0.322222 3.25211e-09
-9.6 0.322222 1.30078e-08
-9 0.322222 2.25025e-08
-8.4 0.322222 1.97956e-08
-7.8 0.322222 -9.32153e-09
-7.2 0.322222 -6.84261e-08
-6.6 0.322222 -1.33053e-07
-6 0.322222 -1.41316e-07
-5.4 0.322222 -1.05086e-08
-4.8 0.322222 3.08304e-07
-4.2 0.322222 7.47553e-07
-3.6 0.322222 1.05418e-06
-3 0.322222 8.00885e-07
-2.4 0.322222 -4.62923e-07
-1.8 0.322222 -2.91634e-06
-1.2 0.322222 -6.13633e-06
-0.6 0.322222 -9.0008e-06
0 0.322222 -1.01625e-05
0.6 0.322222 -8.99655e-06
1.2 0.322222 -6.13e-06
1.8 0.322222 -2.91063e-06
2.4 0.322222 -4.59425e-07
3 0.322222 8.02122e-07
3.6 0.322222 1.05402e-06
4.2 0.322222 7.46921e-07
4.8 0.322222 3.07785e-07
5.4 0.322222 -1.07393e-08
6 0.322222 -1.41321e-07
6.6 0.322222 -1.32965e-07
7.2 0.322222 -6.83423e-08
7.8 0.322222 -9.28038e-09
8.4 0.322222 1.98001e-08
9 0.322222 2.24912e-08
9.6 0.322222 1.29972e-08
10.2 0.322222 3.24842e-09
10.8 0.322222 -1.67307e-09
11.4 0.322222 -2.11728e-09
12 0.322222 -5.17543e-10
12.6 0.322222 1.08719e-09
13.2 0.322222 1.87712e-09
13.8 0.322222 1.95086e-09
14.4 0.322222 1.71855e-09
15 0.322222 1.49419e-09
15.6 0.322222 1.38693e-09
16.2 0.322222 1.36934e-09
16.8 0.322222 1.37747e-09
17.4 0.322222 1.36847e-09
18 0.322222 1.3306e-09
18.6 0.322222 1.27008e-09
19.2 0.322222 1.19666e-09
19.8 0.322222 1.11667e-09
20.4 0.322222 1.03258e-09
21 0.322222 9.44993e-10
21.6 0.322222 8.54344e-10
22.2 0.322222 7.61549e-10
22.8 0.322222 6.6789e-10
23.4 0.322222 5.74721e-10
24 0.322222 4.83295e-10
24.6 0.322222 3.94804e-10
25.2 0.322222 3.10564e-10
25.8 0.322222 2.32254e-10
26.4 0.322222 1.62055e-10
27 0.322222 1.02528e-10
27.6 0.322222 5.61276e-11
28.2 0.322222 2.43646e-11
28.8 0.322222 6.83897e-12
29.4 0.322222 5.58373e-13
30 0.322222 -1.59788e-41
-30 0.433333 -1.37439e-41
-29.4 0.433333 4.66078e-13
-28.8 0.433333 5.83214e-12
-28.2 0.433333 2.08581e-11
-27.6 0.433333 4.81192e-11
-27 0.433333 8.79481e-11
-26.4 0.433333 1.39027e-10
-25.8 0.433333 1.99229e-10
-25.2 0.433333 2.66344e-10
-24.6 0.433333 3.38507e-10
-24 0.433333 4.14288e-10
-23.4 0.433333 4.92579e-10
-22.8 0.433333 5.72396e-10
-22.2 0.433333 6.5272e-10
-21.6 0.433333 7.32434e-10
-21 0.433333 8.10367e-10
-20.4 0.433333 8.85435e-10
-19.8 0.433333 9.56778e-10
-19.2 0.433333 1.02369e-09
-18.6 0.433333 1.08503e-09
-18 0.433333 1.13803e-09
-17.4 0.433333 1.1775e-09
-16.8 0.433333 1.19759e-09
-16.2 0.433333 1.19864e-09
-15.6 0.433333 1.19795e-09
-15 0.433333 1.2344e-09
-14.4 0.433333 1.34809e-09
-13.8 0.433333 1.52091e-09
-13.2 0.433333 1.60022e-09
-12.6 0.433333 1.29153e-09
-12 0.433333 3.47749e-10
-11.4 0.433333 -9.97174e-10
-10.8 0.433333 -1.5771e-09
-10.2 0.433333 5.72671e-10
-9.6 0.433333 6.79072e-09
-9 0.433333 1.50593e-08
-8.4 0.433333 1.76217e-08
-7.8 0.433333 2.41432e-09
-7.2 0.433333 -3.82887e-08
-6.6 0.433333 -9.27254e-08
-6 0.433333 -1.16815e-07
-5.4 0.433333 -4.01835e-08
-4.8 0.433333 1.93343e-07
-4.2 0.433333 5.52059e-07
-3.6 0.433333 8.42141e-07
-3 0.433333 6.96034e-07
-2.4 0.433333 -3.09382e-07
-1.8 0.433333 -2.38404e-06
-1.2 0.433333 -5.19583e-06
-0.6 0.433333 -7.7448e-06
0 0.433333 -8.78801e-06
0.6 0.433333 -7.74129e-06
1.2 0.433333 -5.19069e-06
1.8 0.433333 -2.37954e-06
2.4 0.433333 -3.06772e-07
3 0.433333 6.96844e-07
3.6 0.433333 8.41929e-07
4.2 0.433333 5.5158e-07
4.8 0.433333 1.93002e-07
5.4 0.433333 -4.03018e-08
6 0.433333 -1.16789e-07
6.6 0.433333 -9.26566e-08
7.2 0.433333 -3.8238e-08
7.8 0.433333 2.43251e-09
8.4 0.433333 1.76187e-08
9 0.433333 1.50506e-08
9.6 0.433333 6.78545e-09
10.2 0.433333 5.72451e-10
10.8 0.433333 -1.57441e-09
11.4 0.433333 -9.94157e-10
12 0.433333 3.4964e-10
12.6 0.433333 1.29205e-09
13.2 0.433333 1.59981e-09
13.8 0.433333 1.52014e-09
14.4 0.433333 1.34739e-09
15 0.433333 1.23399e-09
15.6 0.433333 1.19783e-09
16.2 0.433333 1.19872e-09
16.8 0.433333 1.19774e-09
17.4 0.433333 1.17765e-09
18 0.433333 1.13812e-09
18.6 0.433333 1.08506e-09
19.2 0.433333 1.02368e-09
19.8 0.433333 9.56756e-10
20.4 0.433333 8.85418e-10
21 0.433333 8.10364e-10
21.6 0.433333 7.32442e-10
22.2 0.433333 6.52733e-10
22.8 0.433333 5.72409e-10
23.4 0.433333 4.92589e-10
24 0.433333 4.14294e-10
24.6 0.433333 3.3851e-10
25.2 0.433333 2.66345e-10
25.8 0.433333 1.99229e-10
26.4 0.433333 1.39028e-10
27 0.433333 8.79486e-11
27.6 0.433333 4.81195e-11
28.2 0.433333 2.08582e-11
28.8 0.433333 5.83218e-12
29.4 0.433333 4.66073e-13
30 0.433333 -1.37441e-41
-30 0.544444 -1.14863e-41
-29.4 0.544444 3.82639e-13
-28.8 0.544444 4.84963e-12
-28.2 0.544444 1.73826e-11
-27.6 0.544444 4.0132e-11
-27 0.544444 7.33661e-11
-26.4 0.544444 1.1597e-10
-25.8 0.544444 1.66154e-10
-25.2 0.544444 2.22073e-10
-24.6 0.544444 2.82177e-10
-24 0.544444 3.45286e-10
-23.4 0.544444 4.10487e-10
-22.8 0.544444 4.76967e-10
-22.2 0.544444 5.43892e-10
-21.6 0.544444 6.10354e-10
-21 0.544444 6.75395e-10
-20.4 0.544444 7.38043e-10
-19.8 0.544444 7.97374e-10
-19.2 0.544444 8.52518e-10
-18.6 0.544444 9.02547e-10
-18 0.544444 9.46122e-10
-17.4 0.544444 9.8099e-10
-16.8 0.544444 1.00405e-09
-16.2 0.544444 1.01343e-09
-15.6 0.544444 1.01364e-09
-15 0.544444 1.0216e-09
-14.4 0.544444 1.06459e-09
-13.8 0.544444 1.15663e-09
-13.2 0.544444 1.2491e-09
-12.6 0.544444 1.18656e-09
-12 0.544444 7.49636e-10
-11.4 0.544444 -1.22227e-10
-10.8 0.544444 -9.53074e-10
-10.2 0.544444 -5.06132e-10
-9.6 0.544444 2.68864e-09
-9 0.544444 8.58657e-09
-8.4 0.544444 1.32062e-08
-7.8 0.544444 7.86358e-09
-7.2 0.544444 -1.64033e-08
-6.6 0.544444 -5.74457e-08
-6 0.544444 -8.8214e-08
-5.4 0.544444 -5.39403e-08
-4.8 0.544444 1.02338e-07
-4.2 0.544444 3.78872e-07
-3.6 0.544444 6.40113e-07
-3 0.544444 5.83941e-07
-2.4 0.544444 -1.75969e-07
-1.8 0.544444 -1.8735e-06
-1.2 0.544444 -4.26803e-06
-0.6 0.544444 -6.48954e-06
0 0.544444 -7.40888e-06
0.6 0.544444 -6.48682e-06
1.2 0.544444 -4.26411e-06
1.8 0.544444 -1.8702e-06
2.4 0.544444 -1.74175e-07
3 0.544444 5.84405e-07
3.6 0.544444 6.39901e-07
4.2 0.544444 3.78543e-07
4.8 0.544444 1.02143e-07
5.4 0.544444 -5.39838e-08
6 0.544444 -8.81794e-08
6.6 0.544444 -5.74007e-08
7.2 0.544444 -1.63782e-08
7.8 0.544444 7.86833e-09
8.4 0.544444 1.32015e-08
9 0.544444 8.58161e-09
9.6 0.544444 2.68702e-09
10.2 0.544444 -5.04853e-10
10.8 0.544444 -9.5068e-10
11.4 0.544444 -1.20134e-10
12 0.544444 7.50818e-10
12.6 0.544444 1.18683e-09
13.2 0.544444 1.24877e-09
13.8 0.544444 1.15605e-09
14.4 0.544444 1.06404e-09
15 0.544444 1.02126e-09
15.6 0.544444 1.01353e-09
16.2 0.544444 1.01349e-09
16.8 0.544444 1.00419e-09
17.4 0.544444 9.81118e-10
18 0.544444 9.462e-10
18.6 0.544444 9.02572e-10
19.2 0.544444 8.52509e-10
19.8 0.544444 7.97355e-10
20.4 0.544444 7.38031e-10
21 0.544444 6.75395e-10
21.6 0.544444 6.10364e-10
22.2 0.544444 5.43905e-10
22.8 0.544444 4.76979e-10
23.4 0.544444 4.10496e-10
24 0.544444 3.45291e-10
24.6 0.544444 2.82179e-10
25.2 0.544444 2.22074e-10
25.8 0.544444 1.66155e-10
26.4 0.544444 1.1597e-10
27 0.544444 7.33666e-11
27.6 0.544444 4.01323e-11
28.2 0.544444 1.73827e-11
28.8 0.544444 4.84962e-12
29.4 0.544444 3.82621e-13
30 0.544444 -1.14865e-41
-30 0.655556 -9.21073e-42
-29.4 0.655556 3.06166e-13
-28.8 0.655556 3.88623e-12
-28.2 0.655556 1.39315e-11
-27.6 0.655556 3.21613e-11
-27 0.655556 5.87817e-11
-26.4 0.655556 9.28887e-11
-25.8 0.655556 1.33042e-10
-25.2 0.655556 1.77762e-10
-24.6 0.655556 2.25815e-10
-24 0.655556 2.7627e-10
-23.4 0.655556 3.28404e-10
-22.8 0.655556 3.81569e-10
-22.2 0.655556 4.35093e-10
-21.6 0.655556 4.88251e-10
-21 0.655556 5.40288e-10
-20.4 0.655556 5.90439e-10
-19.8 0.655556 6.37927e-10
-19.2 0.655556 6.81936e-10
-18.6 0.655556 7.21573e-10
-18 0.655556 7.5586e-10
-17.4 0.655556 7.83725e-10
-16.8 0.655556 8.04049e-10
-16.2 0.655556 8.16077e-10
-15.6 0.655556 8.20816e-10
-15 0.655556 8.23636e-10
-14.4 0.655556 8.36024e-10
-13.8 0.655556 8.70502e-10
-13.2 0.655556 9.21064e-10
-12.6 0.655556 9.31222e-10
-12 0.655556 7.79828e-10
-11.4 0.655556 3.48467e-10
-10.8 0.655556 -2.76311e-10
-10.2 0.655556 -5.38678e-10
-9.6 0.655556 5.91641e-10
-9 0.655556 3.86438e-09
-8.4 0.655556 8.04682e-09
-7.8 0.655556 8.26111e-09
-7.2 0.655556 -3.01352e-09
-6.6 0.655556 -2.92901e-08
-6 0.655556 -5.82316e-08
-5.4 0.655556 -5.30026e-08
-4.8 0.655556 3.6928e-08
-4.2 0.655556 2.3161e-07
-3.6 0.655556 4.50822e-07
-3 0.655556 4.63821e-07
-2.4 0.655556 -6.68652e-08
-1.8 0.655556 -1.38921e-06
-1.2 0.655556 -3.354e-06
-0.6 0.655556 -5.23146e-06
0 0.655556 -6.01936e-06
0.6 0.655556 -5.22951e-06
1.2 0.655556 -3.35128e-06
1.8 0.655556 -1.38702e-06
2.4 0.655556 -6.57742e-08
3 0.655556 4.64028e-07
3.6 0.655556 4.50647e-07
4.2 0.655556 2.31416e-07
4.8 0.655556 3.68389e-08
5.4 0.655556 -5.3006e-08
6 0.655556 -5.82041e-08
6.6 0.655556 -2.92673e-08
7.2 0.655556 -3.0048e-09
7.8 0.655556 8.26037e-09
8.4 0.655556 8.04354e-09
9 0.655556 3.86247e-09
9.6 0.655556 5.91813e-10
10.2 0.655556 -5.37233e-10
10.8 0.655556 -2.74576e-10
11.4 0.655556 3.49856e-10
12 0.655556 7.80617e-10
12.6 0.655556 9.31419e-10
13.2 0.655556 9.20832e-10
13.8 0.655556 8.70069e-10
14.4 0.655556 8.35601e-10
15 0.655556 8.2336e-10
15.6 0.655556 8.20724e-10
16.2 0.655556 8.16126e-10
16.8 0.655556 8.04161e-10
17.4 0.655556 7.83831e-10
18 0.655556 7.55923e-10
18.6 0.655556 7.21591e-10
19.2 0.655556 6.81927e-10
19.8 0.655556 6.37912e-10
20.4 0.655556 5.9043e-10
21 0.655556 5.4029e-10
21.6 0.655556 4.88261e-10
22.2 0.655556 4.35105e-10
22.8 0.655556 3.8158e-10
23.4 0.655556 3.28411e-10
24 0.655556 2.76274e-10
24.6 0.655556 2.25817e-10
25.2 0.655556 1.77763e-10
25.8 0.655556 1.33043e-10
26.4 0.655556 9.28895e-11
27 0.655556 5.87823e-11
27.6 0.655556 3.21616e-11
28.2 0.655556 1.39316e-11
28.8 0.655556 3.8862e-12
29.4 0.655556 3.06141e-13
30 0.655556 -9.21091e-42
-30 0.766667 -6.92154e-42
-29.4 0.766667 2.35071e-13
-28.8 0.766667 2.93762e-12
-28.2 0.766667 1.04993e-11
-27.6 0.766667 2.42033e-11
-27 0.766667 4.41953e-11
-26.4 0.766667 6.9789e-11
-25.8 0.766667 9.98997e-11
-25.2 0.766667 1.3342e-10
-24.6 0.766667 1.6943e-10
-24 0.766667 2.07242e-10
-23.4 0.766667 2.4632e-10
-22.8 0.766667 2.86179e-10
-22.2 0.766667 3.26311e-10
-21.6 0.766667 3.66164e-10
-21 0.766667 4.05169e-10
-20.4 0.766667 4.42762e-10
-19.8 0.766667 4.78378e-10
-19.2 0.766667 5.11393e-10
-18.6 0.766667 5.41078e-10
-18 0.766667 5.66622e-10
-17.4 0.766667 5.87286e-10
-16.8 0.766667 6.02659e-10
-16.2 0.766667 6.12917e-10
-15.6 0.766667 6.19008e-10
-15 0.766667 6.2286e-10
-14.4 0.766667 6.27629e-10
-13.8 0.766667 6.37075e-10
-13.2 0.766667 6.5136e-10
-12.6 0.766667 6.56247e-10
-12 0.766667 6.09298e-10
-11.4 0.766667 4.44049e-10
-10.8 0.766667 1.31303e-10
-10.2 0.766667 -1.80862e-10
-9.6 0.766667 -2.97581e-11
-9 0.766667 1.23394e-09
-8.4 0.766667 3.70626e-09
-7.8 0.766667 5.61135e-09
-7.2 0.766667 2.54454e-09
-6.6 0.766667 -1.02817e-08
-6 0.766667 -3.07552e-08
-5.4 0.766667 -4.00805e-08
-4.8 0.766667 -1.5662e-09
-4.2 0.766667 1.15329e-07
-3.6 0.766667 2.79135e-07
-3 0.766667 3.35724e-07
-2.4 0.766667 1.21181e-08
-1.8 0.766667 -9.38398e-07
-1.2 0.766667 -2.45592e-06
-0.6 0.766667 -3.96538e-06
0 0.766667 -4.61101e-06
0.6 0.766667 -3.96417e-06
1.2 0.766667 -2.45428e-06
1.8 0.766667 -9.37164e-07
2.4 0.766667 1.26519e-08
3 0.766667 3.35771e-07
3.6 0.766667 2.79022e-07
4.2 0.766667 1.15242e-07
4.8 0.766667 -1.59177e-09
5.4 0.766667 -4.0072e-08
6 0.766667 -3.07412e-08
6.6 0.766667 -1.0274e-08
7.2 0.766667 2.54599e-09
7.8 0.766667 5.61006e-09
8.4 0.766667 3.70495e-09
9 0.766667 1.2336e-09
9.6 0.766667 -2.91881e-11
10.2 0.766667 -1.79799e-10
10.8 0.766667 1.3245e-10
11.4 0.766667 4.44984e-10
12 0.766667 6.09859e-10
12.6 0.766667 6.56405e-10
13.2 0.766667 6.51202e-10
13.8 0.766667 6.36758e-10
14.4 0.766667 6.27313e-10
15 0.766667 6.22651e-10
15.6 0.766667 6.18938e-10
16.2 0.766667 6.12955e-10
16.8 0.766667 6.02745e-10
17.4 0.766667 5.87367e-10
18 0.766667 5.6667e-10
18.6 0.766667 5.41092e-10
19.2 0.766667 5.11386e-10
19.8 0.766667 4.78366e-10
20.4 0.766667 4.42757e-10
21 0.766667 4.05172e-10
21.6 0.766667 3.66173e-10
22.2 0.766667 3.26321e-10
22.8 0.766667 2.86188e-10
23.4 0.766667 2.46325e-10
24 0.766667 2.07245e-10
24.6 0.766667 1.69432e-10
25.2 0.766667 1.33421e-10
25.8 0.766667 9.99007e-11
26.4 0.766667 6.97898e-11
27 0.766667 4.41958e-11
27.6 0.766667 2.42035e-11
28.2 0.766667 1.04993e-11
28.8 0.766667 2.93758e-12
29.4 0.766667 2.35046e-13
30 0.766667 -6.92169e-42
-30 0.877778 -4.62244e-42
-29.4 0.877778 1.67933e-13
-28.8 0.877778 1.99993e-12
-28.2 0.877778 7.08107e-12
-27.6 0.877778 1.62547e-11
-27 0.877778 2.96072e-11
-26.4 0.877778 4.66753e-11
-25.8 0.877778 6.67358e-11
-25.2 0.877778 8.90553e-11
-24.6 0.877778 1.13029e-10
-24 0.877778 1.38206e-10
-23.4 0.877778 1.64233e-10
-22.8 0.877778 1.9079e-10
-22.2 0.877778 2.17532e-10
-21.6 0.877778 2.44085e-10
-21 0.877778 2.70065e-10
-20.4 0.877778 2.95096e-10
-19.8 0.877778 3.18811e-10
-19.2 0.877778 3.40809e-10
-18.6 0.877778 3.6061e-10
-18 0.877778 3.77648e-10
-17.4 0.877778 3.91388e-10
-16.8 0.877778 4.01567e-10
-16.2 0.877778 4.08478e-10
-15.6 0.877778 4.1306e-10
-15 0.877778 4.16603e-10
-14.4 0.877778 4.20052e-10
-13.8 0.877778 4.2317e-10
-13.2 0.877778 4.23778e-10
-12.6 0.877778 4.16655e-10
-12 0.877778 3.91327e-10
-11.4 0.877778 3.30355e-10
-10.8 0.877778 2.17197e-10
-10.2 0.877778 7.03572e-11
-9.6 0.877778 8.8016e-12
-9 0.877778 2.939e-10
-8.4 0.877778 1.19076e-09
-7.8 0.877778 2.46302e-09
-7.2 0.877778 2.61433e-09
-6.6 0.877778 -1.19895e-09
-6 0.877778 -1.07863e-08
-5.4 0.877778 -2.09931e-08
-4.8 0.877778 -1.36655e-08
-4.2 0.877778 3.71564e-08
-3.6 0.877778 1.34167e-07
-3 0.877778 2.01747e-07
-2.4 0.877778 5.29662e-08
-1.8 0.877778 -5.3313e-07
-1.2 0.877778 -1.5793e-06
-0.6 0.877778 -2.68364e-06
0 0.877778 -3.16892e-06
0.6 0.877778 -2.68306e-06
1.2 0.877778 -1.57858e-06
1.8 0.877778 -5.32659e-07
2.4 0.877778 5.31212e-08
3 0.877778 2.01734e-07
3.6 0.877778 1.34125e-07
4.2 0.877778 3.71356e-08
4.8 0.877778 -1.36673e-08
5.4 0.877778 -2.09886e-08
6 0.877778 -1.07827e-08
6.6 0.877778 -1.19751e-09
7.2 0.877778 2.61434e-09
7.8 0.877778 2.46259e-09
8.4 0.877778 1.19046e-09
9 0.877778 2.93949e-10
9.6 0.877778 9.21155e-12
10.2 0.877778 7.10116e-11
10.8 0.877778 2.17917e-10
11.4 0.877778 3.30962e-10
12 0.877778 3.91699e-10
12.6 0.877778 4.16762e-10
13.2 0.877778 4.23673e-10
13.8 0.877778 4.22959e-10
14.4 0.877778 4.19842e-10
15 0.877778 4.16465e-10
15.6 0.877778 4.13015e-10
16.2 0.877778 4.08505e-10
16.8 0.877778 4.01626e-10
17.4 0.877778 3.91442e-10
18 0.877778 3.7768e-10
18.6 0.877778 3.60618e-10
19.2 0.877778 3.40804e-10
19.8 0.877778 3.18803e-10
20.4 0.877778 2.95093e-10
21 0.877778 2.70068e-10
21.6 0.877778 2.44092e-10
22.2 0.877778 2.17539e-10
22.8 0.877778 1.90796e-10
23.4 0.877778 1.64237e-10
24 0.877778 1.38208e-10
24.6 0.877778 1.13031e-10
25.2 0.877778 8.90564e-11
25.8 0.877778 6.67367e-11
26.4 0.877778 4.6676e-11
27 0.877778 2.96076e-11
27.6 0.877778 1.62548e-11
28.2 0.877778 7.08108e-12
28.8 0.877778 1.99989e-12
29.4 0.877778 1.67913e-13
30 0.877778 -4.62255e-42
-30 0.988889 -2.31675e-42
-29.4 0.988889 1.03446e-13
-28.8 0.988889 1.06957e-12
-28.2 0.988889 3.67224e-12
-27.6 0.988889 8.31244e-12
-27 0.988889 1.50182e-11
-26.4 0.988889 2.35522e-11
-25.8 0.988889 3.3557e-11
-25.2 0.988889 4.4676e-11
-24.6 0.988889 5.66181e-11
-24 0.988889 6.91656e-11
-23.4 0.988889 8.21467e-11
-22.8 0.988889 9.53999e-11
-22.2 0.988889 1.0875e-10
-21.6 0.988889 1.22006e-10
-21 0.988889 1.3497e-10
-20.4 0.988889 1.47451e-10
-19.8 0.988889 1.59266e-10
-19.2 0.988889 1.70227e-10
-18.6 0.988889 1.8011e-10
-18 0.988889 1.88645e-10
-17.4 0.988889 1.95563e-10
-16.8 0.988889 2.00699e-10
-16.2 0.988889 2.04158e-10
-15.6 0.988889 2.06396e-10
-15 0.988889 2.08109e-10
-14.4 0.988889 2.0979e-10
-13.8 0.988889 2.1108e-10
-13.2 0.988889 2.10243e-10
-12.6 0.988889 2.04285e-10
-12 0.988889 1.89907e-10
-11.4 0.988889 1.64981e-10
-10.8 0.988889 1.30127e-10
-10.2 0.988889 9.15549e-11
-9.6 0.988889 6.86291e-11
-9 0.988889 1.0687e-10
-8.4 0.988889 2.78571e-10
-7.8 0.988889 6.18306e-10
-7.2 0.988889 9.3175e-10
-6.6 0.988889 5.43462e-10
-6 0.988889 -1.5843e-09
-5.4 0.988889 -5.5135e-09
-4.8 0.988889 -7.36027e-09
-4.2 0.988889 2.91552e-09
-3.6 0.988889 3.5208e-08
-3 0.988889 7.44292e-08
-2.4 0.988889 4.27607e-08
-1.8 0.988889 -2.00077e-07
-1.2 0.988889 -7.34502e-07
-0.6 0.988889 -1.37145e-06
0 0.988889 -1.66853e-06
0.6 0.988889 -1.37144e-06
1.2 0.988889 -7.345e-07
1.8 0.988889 -2.00074e-07
2.4 0.988889 4.27616e-08
3 0.988889 7.44289e-08
3.6 0.988889 3.52072e-08
4.2 0.988889 2.91497e-09
4.8 0.988889 -7.36031e-09
5.4 0.988889 -5.51314e-09
6 0.988889 -1.58384e-09
6.6 0.988889 5.43763e-10
7.2 0.988889 9.31822e-10
7.8 0.988889 6.18231e-10
8.4 0.988889 2.78495e-10
9 0.988889 1.06912e-10
9.6 0.988889 6.88308e-11
10.2 0.988889 9.18781e-11
10.8 0.988889 1.30485e-10
11.4 0.988889 1.65282e-10
12 0.988889 1.9009e-10
12.6 0.988889 2.04334e-10
13.2 0.988889 2.10188e-10
13.8 0.988889 2.10974e-10
14.4 0.988889 2.09688e-10
15 0.988889 2.08043e-10
15.6 0.988889 2.06377e-10
16.2 0.988889 2.04173e-10
16.8 0.988889 2.00729e-10
17.4 0.988889 1.95589e-10
18 0.988889 1.88659e-10
18.6 0.988889 1.80112e-10
19.2 0.988889 1.70224e-10
19.8 0.988889 1.59263e-10
20.4 0.988889 1.4745e-10
21 0.988889 1.34972e-10
21.6 0.988889 1.2201e-10
22.2 0.988889 1.08754e-10
22.8 0.988889 9.54028e-11
23.4 0.988889 8.21486e-11
24 0.988889 6.91668e-11
24.6 0.988889 5.66189e-11
25.2 0.988889 4.46767e-11
25.8 0.988889 3.35575e-11
26.4 0.988889 2.35526e-11
27 0.988889 1.50184e-11
27.6 0.988889 8.31252e-12
28.2 0.988889 3.67224e-12
28.8 0.988889 1.06955e-12
29.4 0.988889 1.03436e-13
30 0.988889 -2.3168e-42
-30 1.1 0
-29.4 1.1 0
-28.8 1.1 0
-28.2 1.1 0
-27.6 1.1 0
-27 1.1 0
-26.4 1.1 0
-25.8 1.1 0
-25.2 1.1 0
-24.6 1.1 0
-24 1.1 0
-23.4 1.1 0
-22.8 1.1 0
-22.2 1.1 0
-21.6 1.1 0
-21 1.1 0
-20.4 1.1 0
-19.8 1.1 0
-19.2 1.1 0
-18.6 1.1 0
-18 1.1 0
-17.4 1.1 0
-16.8 1.1 0
-16.2 1.1 0
-15.6 1.1 0
-15 1.1 0
-14.4 1.1 0
-13.8 1.1 0
-13.2 1.1 0
-12.6 1.1 0
-12 1.1 0
-11.4 1.1 0
-10.8 1.1 0
-10.2 1.1 0
-9.6 1.1 0
-9 1.1 0
-8.4 1.1 0
-7.8 1.1 0
-7.2 1.1 0
-6.6 1.1 0
-6 1.1 0
-5.4 1.1 0
-4.8 1.1 0
-4.2 1.1 0
-3.6 1.1 0
-3 1.1 0
-2.4 1.1 0
-1.8 1.1 0
-1.2 1.1 0
-0.6 1.1 0
0 1.1 0
0.6 1.1 0
1.2 1.1 0
1.8 1.1 0
2.4 1.1 0
3 1.1 0
3.6 1.1 0
4.2 1.1 0
4.8 1.1 0
5.4 1.1 0
6 1.1 0
6.6 1.1 0
7.2 1.1 0
7.8 1.1 0
8.4 1.1 0
9 1.1 0
9.6 1.1 0
10.2 1.1 0
10.8 1.1 0
11.4 1.1 0
12 1.1 0
12.6 1.1 0
13.2 1.1 0
13.8 1.1 0
14.4 1.1 0
15 1.1 0
15.6 1.1 0
16.2 1.1 0
16.8 1.1 0
17.4 1.1 0
18 1.1 0
18.6 1.1 0
19.2 1.1 0
19.8 1.1 0
20.4 1.1 0
21 1.1 0
21.6 1.1 0
22.2 1.1 0
22.8 1.1 0
23.4 1.1 0
24 1.1 0
24.6 1.1 0
25.2 1.1 0
25.8 1.1 0
26.4 1.1 0
27 1.1 0
27.6 1.1 0
28.2 1.1 0
28.8 1.1 0
29.4 1.1 0
30 1.1 0
